Temperature (K)	Pressure (bar)	Density (kg/m3)	Volume (m3/kg)	Internal Energy (kJ/kg)	Enthalpy (kJ/kg)	Entropy (J/g*K)	Cv (J/g*K)	Cp (J/g*K)	Sound Spd. (m/s)	Joule-Thomson (K/bar)	Viscosity (Pa*s)	Therm. Cond. (W/m*K)	Phase
102.00	337.00	457.93	0.0021837	-52.830	20.762	-0.51770	2.1797	3.2537	1657.2	-0.050739	0.00021483	0.22688	liquid
103.00	337.00	456.83	0.0021890	-49.752	24.016	-0.48595	2.1750	3.2545	1650.3	-0.050638	0.00020866	0.22580	liquid
104.00	337.00	455.74	0.0021942	-46.675	27.271	-0.45450	2.1704	3.2553	1643.5	-0.050535	0.00020283	0.22471	liquid
105.00	337.00	454.64	0.0021995	-43.598	30.527	-0.42335	2.1659	3.2561	1636.6	-0.050429	0.00019731	0.22361	liquid
106.00	337.00	453.54	0.0022049	-40.521	33.783	-0.39248	2.1614	3.2570	1629.7	-0.050321	0.00019208	0.22251	liquid
107.00	337.00	452.44	0.0022102	-37.444	37.041	-0.36189	2.1570	3.2579	1622.8	-0.050210	0.00018712	0.22140	liquid
108.00	337.00	451.34	0.0022156	-34.367	40.299	-0.33158	2.1526	3.2587	1615.9	-0.050097	0.00018240	0.22028	liquid
109.00	337.00	450.24	0.0022210	-31.290	43.558	-0.30154	2.1483	3.2597	1609.1	-0.049981	0.00017791	0.21915	liquid
110.00	337.00	449.14	0.0022265	-28.213	46.818	-0.27177	2.1439	3.2606	1602.2	-0.049863	0.00017364	0.21803	liquid
111.00	337.00	448.04	0.0022319	-25.137	50.079	-0.24226	2.1397	3.2615	1595.3	-0.049743	0.00016956	0.21689	liquid
112.00	337.00	446.94	0.0022374	-22.061	53.341	-0.21300	2.1354	3.2625	1588.4	-0.049620	0.00016567	0.21575	liquid
113.00	337.00	445.83	0.0022430	-18.984	56.604	-0.18400	2.1312	3.2634	1581.5	-0.049495	0.00016195	0.21461	liquid
114.00	337.00	444.73	0.0022486	-15.908	59.868	-0.15524	2.1270	3.2644	1574.6	-0.049367	0.00015839	0.21347	liquid
115.00	337.00	443.62	0.0022542	-12.832	63.133	-0.12673	2.1228	3.2653	1567.7	-0.049237	0.00015498	0.21232	liquid
116.00	337.00	442.52	0.0022598	-9.7564	66.399	-0.098452	2.1187	3.2663	1560.8	-0.049105	0.00015171	0.21117	liquid
117.00	337.00	441.41	0.0022655	-6.6808	69.666	-0.070411	2.1146	3.2673	1553.9	-0.048970	0.00014857	0.21002	liquid
118.00	337.00	440.30	0.0022712	-3.6053	72.933	-0.042601	2.1105	3.2682	1547.0	-0.048832	0.00014555	0.20886	liquid
119.00	337.00	439.19	0.0022769	-0.53000	76.202	-0.015016	2.1065	3.2692	1540.2	-0.048692	0.00014265	0.20771	liquid
120.00	337.00	438.08	0.0022827	2.5451	79.472	0.012345	2.1024	3.2702	1533.3	-0.048549	0.00013987	0.20655	liquid
121.00	337.00	436.97	0.0022885	5.6200	82.742	0.039488	2.0984	3.2712	1526.4	-0.048403	0.00013718	0.20539	liquid
122.00	337.00	435.85	0.0022943	8.6947	86.014	0.066416	2.0944	3.2722	1519.6	-0.048255	0.00013459	0.20424	liquid
123.00	337.00	434.74	0.0023002	11.769	89.287	0.093132	2.0905	3.2732	1512.7	-0.048103	0.00013209	0.20308	liquid
124.00	337.00	433.62	0.0023061	14.843	92.561	0.11964	2.0866	3.2742	1505.9	-0.047949	0.00012968	0.20192	liquid
125.00	337.00	432.51	0.0023121	17.917	95.835	0.14594	2.0827	3.2752	1499.1	-0.047793	0.00012735	0.20077	liquid
126.00	337.00	431.39	0.0023181	20.991	99.111	0.17204	2.0788	3.2763	1492.2	-0.047633	0.00012510	0.19961	liquid
127.00	337.00	430.27	0.0023241	24.065	102.39	0.19795	2.0749	3.2773	1485.4	-0.047470	0.00012292	0.19845	liquid
128.00	337.00	429.15	0.0023302	27.138	105.67	0.22366	2.0711	3.2783	1478.6	-0.047304	0.00012081	0.19730	liquid
129.00	337.00	428.03	0.0023363	30.211	108.94	0.24917	2.0673	3.2794	1471.8	-0.047135	0.00011876	0.19615	liquid
130.00	337.00	426.90	0.0023425	33.284	112.22	0.27450	2.0636	3.2805	1465.0	-0.046963	0.00011678	0.19500	liquid
131.00	337.00	425.78	0.0023486	36.356	115.51	0.29964	2.0598	3.2816	1458.3	-0.046788	0.00011486	0.19385	liquid
132.00	337.00	424.65	0.0023549	39.428	118.79	0.32460	2.0561	3.2827	1451.5	-0.046609	0.00011300	0.19270	liquid
133.00	337.00	423.52	0.0023611	42.500	122.07	0.34938	2.0524	3.2838	1444.7	-0.046427	0.00011119	0.19156	liquid
134.00	337.00	422.40	0.0023674	45.572	125.36	0.37398	2.0488	3.2849	1438.0	-0.046242	0.00010944	0.19042	liquid
135.00	337.00	421.27	0.0023738	48.643	128.64	0.39841	2.0451	3.2861	1431.3	-0.046053	0.00010773	0.18928	liquid
136.00	337.00	420.13	0.0023802	51.715	131.93	0.42267	2.0415	3.2872	1424.6	-0.045861	0.00010607	0.18814	liquid
137.00	337.00	419.00	0.0023866	54.785	135.22	0.44675	2.0380	3.2884	1417.9	-0.045665	0.00010446	0.18701	liquid
138.00	337.00	417.87	0.0023931	57.856	138.50	0.47067	2.0344	3.2896	1411.2	-0.045466	0.00010289	0.18588	liquid
139.00	337.00	416.73	0.0023996	60.926	141.79	0.49443	2.0309	3.2908	1404.5	-0.045263	0.00010136	0.18476	liquid
140.00	337.00	415.59	0.0024062	63.996	145.09	0.51802	2.0274	3.2920	1397.8	-0.045056	9.9871e-05	0.18363	liquid
141.00	337.00	414.45	0.0024128	67.066	148.38	0.54146	2.0240	3.2933	1391.2	-0.044846	9.8421e-05	0.18251	liquid
142.00	337.00	413.31	0.0024195	70.136	151.67	0.56474	2.0206	3.2946	1384.6	-0.044631	9.7008e-05	0.18140	liquid
143.00	337.00	412.17	0.0024262	73.205	154.97	0.58786	2.0172	3.2959	1378.0	-0.044413	9.5630e-05	0.18029	liquid
144.00	337.00	411.02	0.0024329	76.274	158.26	0.61083	2.0138	3.2972	1371.3	-0.044191	9.4286e-05	0.17918	liquid
145.00	337.00	409.88	0.0024397	79.342	161.56	0.63366	2.0105	3.2985	1364.8	-0.043964	9.2975e-05	0.17808	liquid
146.00	337.00	408.73	0.0024466	82.411	164.86	0.65633	2.0072	3.2999	1358.2	-0.043734	9.1696e-05	0.17698	liquid
147.00	337.00	407.58	0.0024535	85.479	168.16	0.67886	2.0039	3.3013	1351.6	-0.043500	9.0447e-05	0.17588	liquid
148.00	337.00	406.43	0.0024604	88.547	171.46	0.70125	2.0007	3.3027	1345.1	-0.043261	8.9227e-05	0.17479	liquid
149.00	337.00	405.28	0.0024674	91.614	174.77	0.72349	1.9974	3.3041	1338.6	-0.043018	8.8036e-05	0.17371	liquid
150.00	337.00	404.12	0.0024745	94.682	178.07	0.74560	1.9943	3.3055	1332.1	-0.042771	8.6872e-05	0.17263	liquid
151.00	337.00	402.97	0.0024816	97.749	181.38	0.76757	1.9911	3.3070	1325.6	-0.042519	8.5734e-05	0.17155	liquid
152.00	337.00	401.81	0.0024887	100.82	184.69	0.78940	1.9880	3.3085	1319.1	-0.042263	8.4622e-05	0.17048	liquid
153.00	337.00	400.65	0.0024959	103.88	188.00	0.81110	1.9849	3.3101	1312.6	-0.042002	8.3534e-05	0.16942	liquid
154.00	337.00	399.49	0.0025032	106.95	191.31	0.83267	1.9819	3.3116	1306.2	-0.041737	8.2470e-05	0.16836	liquid
155.00	337.00	398.33	0.0025105	110.01	194.62	0.85411	1.9789	3.3132	1299.8	-0.041467	8.1429e-05	0.16730	liquid
156.00	337.00	397.16	0.0025178	113.08	197.93	0.87542	1.9759	3.3148	1293.4	-0.041193	8.0411e-05	0.16625	liquid
157.00	337.00	396.00	0.0025253	116.15	201.25	0.89661	1.9729	3.3164	1287.0	-0.040914	7.9414e-05	0.16520	liquid
158.00	337.00	394.83	0.0025327	119.21	204.57	0.91767	1.9700	3.3181	1280.6	-0.040630	7.8438e-05	0.16416	liquid
159.00	337.00	393.66	0.0025403	122.28	207.88	0.93861	1.9671	3.3197	1274.3	-0.040341	7.7482e-05	0.16313	liquid
160.00	337.00	392.49	0.0025478	125.34	211.20	0.95943	1.9642	3.3215	1267.9	-0.040048	7.6546e-05	0.16210	liquid
161.00	337.00	391.32	0.0025555	128.41	214.53	0.98013	1.9614	3.3232	1261.6	-0.039749	7.5629e-05	0.16108	liquid
162.00	337.00	390.14	0.0025632	131.47	217.85	1.0007	1.9586	3.3249	1255.3	-0.039446	7.4730e-05	0.16006	liquid
163.00	337.00	388.96	0.0025709	134.54	221.18	1.0212	1.9559	3.3267	1249.0	-0.039137	7.3850e-05	0.15905	liquid
164.00	337.00	387.79	0.0025787	137.60	224.50	1.0415	1.9532	3.3285	1242.8	-0.038823	7.2986e-05	0.15804	liquid
165.00	337.00	386.61	0.0025866	140.66	227.83	1.0618	1.9505	3.3304	1236.6	-0.038505	7.2140e-05	0.15704	liquid
166.00	337.00	385.42	0.0025946	143.73	231.17	1.0819	1.9478	3.3323	1230.3	-0.038181	7.1311e-05	0.15604	liquid
167.00	337.00	384.24	0.0026025	146.79	234.50	1.1019	1.9452	3.3341	1224.2	-0.037851	7.0497e-05	0.15505	liquid
168.00	337.00	383.05	0.0026106	149.86	237.83	1.1218	1.9426	3.3361	1218.0	-0.037517	6.9699e-05	0.15407	liquid
169.00	337.00	381.86	0.0026187	152.92	241.17	1.1416	1.9400	3.3380	1211.8	-0.037177	6.8916e-05	0.15309	liquid
170.00	337.00	380.68	0.0026269	155.98	244.51	1.1613	1.9375	3.3400	1205.7	-0.036831	6.8148e-05	0.15212	liquid
171.00	337.00	379.48	0.0026352	159.05	247.85	1.1809	1.9350	3.3420	1199.6	-0.036480	6.7394e-05	0.15116	liquid
172.00	337.00	378.29	0.0026435	162.11	251.19	1.2004	1.9326	3.3440	1193.5	-0.036124	6.6654e-05	0.15020	liquid
173.00	337.00	377.09	0.0026519	165.17	254.54	1.2198	1.9301	3.3460	1187.5	-0.035762	6.5928e-05	0.14925	liquid
174.00	337.00	375.90	0.0026603	168.23	257.89	1.2391	1.9278	3.3481	1181.4	-0.035395	6.5215e-05	0.14830	liquid
175.00	337.00	374.70	0.0026688	171.30	261.23	1.2583	1.9254	3.3502	1175.4	-0.035021	6.4514e-05	0.14736	liquid
176.00	337.00	373.50	0.0026774	174.36	264.59	1.2774	1.9231	3.3523	1169.4	-0.034643	6.3827e-05	0.14642	liquid
177.00	337.00	372.30	0.0026860	177.42	267.94	1.2964	1.9208	3.3544	1163.4	-0.034258	6.3152e-05	0.14550	liquid
178.00	337.00	371.09	0.0026948	180.48	271.29	1.3153	1.9185	3.3566	1157.5	-0.033868	6.2488e-05	0.14457	liquid
179.00	337.00	369.88	0.0027035	183.54	274.65	1.3341	1.9163	3.3588	1151.6	-0.033471	6.1837e-05	0.14366	liquid
180.00	337.00	368.68	0.0027124	186.60	278.01	1.3528	1.9141	3.3610	1145.7	-0.033069	6.1196e-05	0.14275	liquid
181.00	337.00	367.47	0.0027213	189.67	281.37	1.3714	1.9120	3.3632	1139.8	-0.032662	6.0567e-05	0.14185	liquid
182.00	337.00	366.26	0.0027303	192.73	284.74	1.3900	1.9099	3.3654	1134.0	-0.032248	5.9949e-05	0.14095	liquid
183.00	337.00	365.04	0.0027394	195.79	288.11	1.4084	1.9078	3.3677	1128.2	-0.031828	5.9341e-05	0.14007	liquid
184.00	337.00	363.83	0.0027486	198.85	291.47	1.4268	1.9057	3.3700	1122.4	-0.031402	5.8744e-05	0.13918	liquid
185.00	337.00	362.61	0.0027578	201.91	294.85	1.4451	1.9037	3.3723	1116.6	-0.030971	5.8156e-05	0.13831	liquid
186.00	337.00	361.39	0.0027671	204.97	298.22	1.4632	1.9017	3.3746	1110.9	-0.030533	5.7579e-05	0.13744	liquid
187.00	337.00	360.17	0.0027765	208.03	301.59	1.4813	1.8998	3.3769	1105.2	-0.030089	5.7011e-05	0.13658	liquid
188.00	337.00	358.95	0.0027859	211.09	304.97	1.4994	1.8979	3.3793	1099.5	-0.029639	5.6453e-05	0.13573	liquid
189.00	337.00	357.73	0.0027954	214.15	308.35	1.5173	1.8960	3.3816	1093.8	-0.029183	5.5904e-05	0.13489	liquid
190.00	337.00	356.50	0.0028050	217.21	311.74	1.5352	1.8942	3.3840	1088.2	-0.028721	5.5364e-05	0.13405	liquid
191.00	337.00	355.27	0.0028147	220.26	315.12	1.5529	1.8924	3.3864	1082.6	-0.028253	5.4832e-05	0.13322	supercritical
192.00	337.00	354.04	0.0028245	223.32	318.51	1.5706	1.8906	3.3888	1077.0	-0.027778	5.4309e-05	0.13238	supercritical
193.00	337.00	352.81	0.0028344	226.38	321.90	1.5882	1.8888	3.3912	1071.5	-0.027298	5.3795e-05	0.13155	supercritical
194.00	337.00	351.58	0.0028443	229.44	325.29	1.6058	1.8871	3.3936	1066.0	-0.026811	5.3289e-05	0.13073	supercritical
195.00	337.00	350.35	0.0028543	232.50	328.69	1.6232	1.8855	3.3961	1060.5	-0.026318	5.2791e-05	0.12991	supercritical
196.00	337.00	349.11	0.0028644	235.55	332.08	1.6406	1.8838	3.3985	1055.0	-0.025819	5.2301e-05	0.12911	supercritical
197.00	337.00	347.88	0.0028746	238.61	335.48	1.6579	1.8822	3.4010	1049.6	-0.025314	5.1818e-05	0.12831	supercritical
198.00	337.00	346.64	0.0028848	241.67	338.89	1.6751	1.8807	3.4034	1044.2	-0.024802	5.1343e-05	0.12751	supercritical
199.00	337.00	345.40	0.0028952	244.72	342.29	1.6923	1.8791	3.4059	1038.8	-0.024285	5.0876e-05	0.12673	supercritical
200.00	337.00	344.16	0.0029056	247.78	345.70	1.7093	1.8776	3.4083	1033.5	-0.023761	5.0416e-05	0.12595	supercritical
201.00	337.00	342.92	0.0029161	250.83	349.11	1.7263	1.8762	3.4108	1028.2	-0.023231	4.9963e-05	0.12517	supercritical
202.00	337.00	341.68	0.0029268	253.89	352.52	1.7433	1.8747	3.4132	1023.0	-0.022695	4.9517e-05	0.12441	supercritical
203.00	337.00	340.43	0.0029375	256.94	355.93	1.7601	1.8733	3.4157	1017.7	-0.022153	4.9077e-05	0.12365	supercritical
204.00	337.00	339.19	0.0029482	259.99	359.35	1.7769	1.8720	3.4181	1012.5	-0.021605	4.8645e-05	0.12290	supercritical
205.00	337.00	337.94	0.0029591	263.05	362.77	1.7937	1.8706	3.4206	1007.4	-0.021050	4.8219e-05	0.12215	supercritical
206.00	337.00	336.69	0.0029701	266.10	366.19	1.8103	1.8693	3.4230	1002.2	-0.020490	4.7799e-05	0.12141	supercritical
207.00	337.00	335.44	0.0029811	269.15	369.62	1.8269	1.8681	3.4254	997.14	-0.019924	4.7386e-05	0.12068	supercritical
208.00	337.00	334.19	0.0029923	272.20	373.04	1.8434	1.8668	3.4279	992.08	-0.019352	4.6979e-05	0.11995	supercritical
209.00	337.00	332.94	0.0030035	275.25	376.47	1.8598	1.8656	3.4303	987.05	-0.018774	4.6578e-05	0.11923	supercritical
210.00	337.00	331.69	0.0030149	278.30	379.90	1.8762	1.8645	3.4327	982.06	-0.018190	4.6183e-05	0.11852	supercritical
211.00	337.00	330.44	0.0030263	281.35	383.34	1.8925	1.8633	3.4351	977.10	-0.017601	4.5794e-05	0.11782	supercritical
212.00	337.00	329.18	0.0030378	284.40	386.77	1.9088	1.8622	3.4374	972.18	-0.017005	4.5410e-05	0.11712	supercritical
213.00	337.00	327.93	0.0030494	287.44	390.21	1.9250	1.8612	3.4398	967.30	-0.016404	4.5033e-05	0.11642	supercritical
214.00	337.00	326.67	0.0030612	290.49	393.65	1.9411	1.8602	3.4421	962.45	-0.015798	4.4660e-05	0.11574	supercritical
215.00	337.00	325.42	0.0030730	293.54	397.10	1.9571	1.8592	3.4444	957.64	-0.015186	4.4294e-05	0.11506	supercritical
216.00	337.00	324.16	0.0030849	296.58	400.54	1.9731	1.8582	3.4467	952.87	-0.014568	4.3932e-05	0.11439	supercritical
217.00	337.00	322.90	0.0030969	299.62	403.99	1.9891	1.8573	3.4490	948.14	-0.013945	4.3576e-05	0.11372	supercritical
218.00	337.00	321.65	0.0031090	302.67	407.44	2.0049	1.8564	3.4512	943.44	-0.013317	4.3225e-05	0.11307	supercritical
219.00	337.00	320.39	0.0031212	305.71	410.89	2.0207	1.8555	3.4534	938.78	-0.012684	4.2879e-05	0.11242	supercritical
220.00	337.00	319.13	0.0031335	308.75	414.35	2.0365	1.8547	3.4556	934.16	-0.012046	4.2538e-05	0.11177	supercritical
221.00	337.00	317.87	0.0031459	311.79	417.80	2.0521	1.8539	3.4577	929.58	-0.011402	4.2202e-05	0.11113	supercritical
222.00	337.00	316.62	0.0031584	314.82	421.26	2.0677	1.8531	3.4598	925.04	-0.010754	4.1871e-05	0.11050	supercritical
223.00	337.00	315.36	0.0031710	317.86	424.72	2.0833	1.8524	3.4619	920.54	-0.010101	4.1545e-05	0.10988	supercritical
224.00	337.00	314.10	0.0031837	320.89	428.18	2.0988	1.8517	3.4639	916.07	-0.0094433	4.1223e-05	0.10926	supercritical
225.00	337.00	312.84	0.0031965	323.93	431.65	2.1142	1.8510	3.4659	911.65	-0.0087812	4.0906e-05	0.10865	supercritical
226.00	337.00	311.58	0.0032094	326.96	435.12	2.1296	1.8504	3.4679	907.27	-0.0081146	4.0593e-05	0.10804	supercritical
227.00	337.00	310.33	0.0032224	329.99	438.59	2.1449	1.8497	3.4698	902.93	-0.0074438	4.0285e-05	0.10745	supercritical
228.00	337.00	309.07	0.0032355	333.02	442.06	2.1602	1.8492	3.4716	898.63	-0.0067688	3.9981e-05	0.10686	supercritical
229.00	337.00	307.81	0.0032487	336.05	445.53	2.1754	1.8486	3.4735	894.37	-0.0060899	3.9681e-05	0.10627	supercritical
230.00	337.00	306.56	0.0032621	339.07	449.00	2.1905	1.8481	3.4752	890.16	-0.0054071	3.9386e-05	0.10570	supercritical
231.00	337.00	305.30	0.0032755	342.10	452.48	2.2056	1.8476	3.4769	885.98	-0.0047206	3.9095e-05	0.10513	supercritical
232.00	337.00	304.04	0.0032890	345.12	455.96	2.2206	1.8472	3.4786	881.85	-0.0040306	3.8808e-05	0.10456	supercritical
233.00	337.00	302.79	0.0033026	348.14	459.44	2.2356	1.8468	3.4802	877.76	-0.0033371	3.8525e-05	0.10400	supercritical
234.00	337.00	301.54	0.0033163	351.16	462.92	2.2505	1.8464	3.4818	873.71	-0.0026405	3.8246e-05	0.10345	supercritical
235.00	337.00	300.28	0.0033302	354.17	466.40	2.2653	1.8460	3.4832	869.70	-0.0019407	3.7972e-05	0.10291	supercritical
236.00	337.00	299.03	0.0033441	357.19	469.88	2.2801	1.8457	3.4847	865.74	-0.0012381	3.7701e-05	0.10237	supercritical
237.00	337.00	297.78	0.0033581	360.20	473.37	2.2949	1.8454	3.4861	861.82	-0.00053283	3.7433e-05	0.10184	supercritical
238.00	337.00	296.53	0.0033723	363.21	476.86	2.3095	1.8451	3.4874	857.94	0.00017502	3.7170e-05	0.10132	supercritical
239.00	337.00	295.29	0.0033865	366.22	480.34	2.3242	1.8449	3.4886	854.10	0.00088522	3.6910e-05	0.10080	supercritical
240.00	337.00	294.04	0.0034009	369.22	483.83	2.3387	1.8447	3.4898	850.31	0.0015976	3.6654e-05	0.10029	supercritical
241.00	337.00	292.80	0.0034153	372.23	487.32	2.3533	1.8445	3.4909	846.56	0.0023119	3.6402e-05	0.099784	supercritical
242.00	337.00	291.55	0.0034299	375.23	490.81	2.3677	1.8444	3.4919	842.86	0.0030280	3.6153e-05	0.099286	supercritical
243.00	337.00	290.31	0.0034446	378.23	494.31	2.3821	1.8442	3.4929	839.20	0.0037457	3.5908e-05	0.098795	supercritical
244.00	337.00	289.07	0.0034593	381.22	497.80	2.3965	1.8442	3.4938	835.58	0.0044648	3.5666e-05	0.098310	supercritical
245.00	337.00	287.84	0.0034742	384.21	501.29	2.4108	1.8441	3.4946	832.01	0.0051850	3.5428e-05	0.097831	supercritical
246.00	337.00	286.60	0.0034892	387.20	504.79	2.4250	1.8441	3.4954	828.48	0.0059063	3.5193e-05	0.097359	supercritical
247.00	337.00	285.37	0.0035042	390.19	508.29	2.4392	1.8441	3.4961	824.99	0.0066282	3.4961e-05	0.096894	supercritical
248.00	337.00	284.14	0.0035194	393.18	511.78	2.4533	1.8441	3.4967	821.55	0.0073507	3.4733e-05	0.096434	supercritical
249.00	337.00	282.91	0.0035347	396.16	515.28	2.4674	1.8441	3.4972	818.15	0.0080736	3.4508e-05	0.095981	supercritical
250.00	337.00	281.68	0.0035501	399.14	518.78	2.4814	1.8442	3.4977	814.79	0.0087966	3.4286e-05	0.095534	supercritical
251.00	337.00	280.46	0.0035656	402.11	522.27	2.4953	1.8443	3.4980	811.48	0.0095194	3.4067e-05	0.095094	supercritical
252.00	337.00	279.24	0.0035811	405.09	525.77	2.5093	1.8445	3.4983	808.21	0.010242	3.3852e-05	0.094660	supercritical
253.00	337.00	278.02	0.0035968	408.06	529.27	2.5231	1.8447	3.4985	804.99	0.010964	3.3639e-05	0.094232	supercritical
254.00	337.00	276.81	0.0036126	411.02	532.77	2.5369	1.8449	3.4987	801.81	0.011685	3.3430e-05	0.093810	supercritical
255.00	337.00	275.60	0.0036285	413.99	536.27	2.5507	1.8451	3.4987	798.67	0.012405	3.3224e-05	0.093394	supercritical
256.00	337.00	274.39	0.0036445	416.95	539.77	2.5644	1.8453	3.4987	795.58	0.013124	3.3020e-05	0.092985	supercritical
257.00	337.00	273.18	0.0036605	419.91	543.27	2.5780	1.8456	3.4986	792.53	0.013842	3.2820e-05	0.092581	supercritical
258.00	337.00	271.98	0.0036767	422.86	546.76	2.5916	1.8459	3.4984	789.53	0.014558	3.2623e-05	0.092184	supercritical
259.00	337.00	270.78	0.0036930	425.81	550.26	2.6051	1.8463	3.4981	786.56	0.015272	3.2428e-05	0.091792	supercritical
260.00	337.00	269.59	0.0037094	428.75	553.76	2.6186	1.8466	3.4978	783.64	0.015984	3.2236e-05	0.091406	supercritical
261.00	337.00	268.40	0.0037258	431.70	557.26	2.6320	1.8470	3.4973	780.77	0.016693	3.2047e-05	0.091027	supercritical
262.00	337.00	267.21	0.0037424	434.64	560.75	2.6454	1.8474	3.4968	777.93	0.017400	3.1861e-05	0.090653	supercritical
263.00	337.00	266.03	0.0037590	437.57	564.25	2.6587	1.8479	3.4962	775.14	0.018104	3.1678e-05	0.090285	supercritical
264.00	337.00	264.85	0.0037758	440.50	567.75	2.6720	1.8483	3.4955	772.39	0.018805	3.1497e-05	0.089923	supercritical
265.00	337.00	263.67	0.0037926	443.43	571.24	2.6852	1.8488	3.4948	769.69	0.019503	3.1319e-05	0.089566	supercritical
266.00	337.00	262.50	0.0038096	446.35	574.74	2.6984	1.8494	3.4939	767.02	0.020197	3.1144e-05	0.089216	supercritical
267.00	337.00	261.33	0.0038266	449.27	578.23	2.7115	1.8499	3.4930	764.40	0.020888	3.0971e-05	0.088870	supercritical
268.00	337.00	260.17	0.0038437	452.19	581.72	2.7245	1.8505	3.4920	761.82	0.021575	3.0801e-05	0.088531	supercritical
269.00	337.00	259.01	0.0038609	455.10	585.21	2.7375	1.8511	3.4909	759.28	0.022257	3.0633e-05	0.088197	supercritical
270.00	337.00	257.85	0.0038782	458.01	588.70	2.7505	1.8517	3.4897	756.78	0.022936	3.0468e-05	0.087869	supercritical
271.00	337.00	256.70	0.0038955	460.91	592.19	2.7634	1.8523	3.4885	754.33	0.023610	3.0305e-05	0.087546	supercritical
272.00	337.00	255.56	0.0039130	463.81	595.68	2.7762	1.8530	3.4872	751.91	0.024279	3.0145e-05	0.087228	supercritical
273.00	337.00	254.42	0.0039305	466.71	599.17	2.7890	1.8537	3.4858	749.53	0.024943	2.9987e-05	0.086916	supercritical
274.00	337.00	253.28	0.0039482	469.60	602.65	2.8018	1.8544	3.4843	747.20	0.025601	2.9832e-05	0.086609	supercritical
275.00	337.00	252.15	0.0039659	472.49	606.14	2.8145	1.8552	3.4828	744.90	0.026255	2.9679e-05	0.086307	supercritical
276.00	337.00	251.03	0.0039837	475.37	609.62	2.8271	1.8560	3.4812	742.65	0.026903	2.9529e-05	0.086011	supercritical
277.00	337.00	249.91	0.0040015	478.25	613.10	2.8397	1.8568	3.4795	740.43	0.027545	2.9380e-05	0.085719	supercritical
278.00	337.00	248.79	0.0040195	481.12	616.58	2.8522	1.8576	3.4777	738.25	0.028182	2.9234e-05	0.085433	supercritical
279.00	337.00	247.68	0.0040375	483.99	620.05	2.8647	1.8584	3.4759	736.12	0.028812	2.9091e-05	0.085152	supercritical
280.00	337.00	246.57	0.0040556	486.86	623.53	2.8771	1.8593	3.4740	734.02	0.029436	2.8949e-05	0.084876	supercritical
281.00	337.00	245.47	0.0040738	489.72	627.00	2.8895	1.8602	3.4720	731.95	0.030054	2.8810e-05	0.084605	supercritical
282.00	337.00	244.38	0.0040920	492.57	630.47	2.9018	1.8611	3.4700	729.93	0.030665	2.8673e-05	0.084339	supercritical
283.00	337.00	243.29	0.0041103	495.42	633.94	2.9141	1.8621	3.4679	727.94	0.031270	2.8538e-05	0.084077	supercritical
284.00	337.00	242.21	0.0041287	498.27	637.41	2.9263	1.8630	3.4658	725.99	0.031867	2.8405e-05	0.083821	supercritical
285.00	337.00	241.13	0.0041472	501.11	640.87	2.9385	1.8640	3.4636	724.08	0.032458	2.8274e-05	0.083569	supercritical
286.00	337.00	240.06	0.0041657	503.95	644.34	2.9507	1.8650	3.4613	722.20	0.033042	2.8145e-05	0.083322	supercritical
287.00	337.00	238.99	0.0041843	506.79	647.80	2.9627	1.8661	3.4590	720.36	0.033618	2.8019e-05	0.083079	supercritical
288.00	337.00	237.93	0.0042030	509.61	651.25	2.9748	1.8671	3.4566	718.55	0.034187	2.7894e-05	0.082842	supercritical
289.00	337.00	236.87	0.0042217	512.44	654.71	2.9867	1.8682	3.4542	716.78	0.034748	2.7771e-05	0.082608	supercritical
290.00	337.00	235.82	0.0042405	515.26	658.16	2.9987	1.8693	3.4517	715.05	0.035302	2.7651e-05	0.082379	supercritical
291.00	337.00	234.78	0.0042593	518.07	661.61	3.0105	1.8705	3.4492	713.35	0.035848	2.7532e-05	0.082155	supercritical
292.00	337.00	233.74	0.0042783	520.88	665.06	3.0224	1.8716	3.4467	711.68	0.036386	2.7415e-05	0.081935	supercritical
293.00	337.00	232.71	0.0042972	523.69	668.51	3.0341	1.8728	3.4441	710.04	0.036916	2.7300e-05	0.081719	supercritical
294.00	337.00	231.68	0.0043163	526.49	671.95	3.0459	1.8740	3.4414	708.44	0.037438	2.7187e-05	0.081508	supercritical
295.00	337.00	230.66	0.0043354	529.29	675.39	3.0576	1.8752	3.4387	706.88	0.037952	2.7076e-05	0.081301	supercritical
296.00	337.00	229.65	0.0043545	532.08	678.83	3.0692	1.8765	3.4360	705.34	0.038458	2.6967e-05	0.081098	supercritical
297.00	337.00	228.64	0.0043737	534.87	682.26	3.0808	1.8777	3.4332	703.84	0.038956	2.6859e-05	0.080899	supercritical
298.00	337.00	227.64	0.0043930	537.65	685.69	3.0923	1.8790	3.4304	702.36	0.039445	2.6753e-05	0.080704	supercritical
299.00	337.00	226.64	0.0044123	540.43	689.12	3.1038	1.8803	3.4276	700.92	0.039926	2.6649e-05	0.080514	supercritical
300.00	337.00	225.65	0.0044316	543.20	692.55	3.1152	1.8817	3.4247	699.51	0.040398	2.6547e-05	0.080327	supercritical
301.00	337.00	224.67	0.0044510	545.97	695.97	3.1266	1.8830	3.4218	698.13	0.040862	2.6446e-05	0.080144	supercritical
302.00	337.00	223.69	0.0044705	548.74	699.39	3.1380	1.8844	3.4189	696.78	0.041317	2.6347e-05	0.079966	supercritical
303.00	337.00	222.72	0.0044900	551.50	702.81	3.1493	1.8858	3.4160	695.46	0.041764	2.6250e-05	0.079791	supercritical
304.00	337.00	221.75	0.0045096	554.25	706.22	3.1605	1.8872	3.4130	694.16	0.042202	2.6154e-05	0.079620	supercritical
305.00	337.00	220.79	0.0045292	557.00	709.64	3.1717	1.8887	3.4100	692.90	0.042632	2.6060e-05	0.079452	supercritical
306.00	337.00	219.84	0.0045488	559.75	713.04	3.1829	1.8901	3.4070	691.66	0.043053	2.5968e-05	0.079289	supercritical
307.00	337.00	218.89	0.0045685	562.49	716.45	3.1940	1.8916	3.4040	690.46	0.043465	2.5877e-05	0.079129	supercritical
308.00	337.00	217.95	0.0045882	565.23	719.85	3.2051	1.8931	3.4009	689.28	0.043868	2.5787e-05	0.078972	supercritical
309.00	337.00	217.02	0.0046080	567.96	723.25	3.2161	1.8946	3.3979	688.12	0.044263	2.5700e-05	0.078820	supercritical
310.00	337.00	216.09	0.0046278	570.69	726.65	3.2271	1.8962	3.3948	687.00	0.044649	2.5613e-05	0.078670	supercritical
311.00	337.00	215.17	0.0046476	573.42	730.04	3.2380	1.8977	3.3917	685.89	0.045026	2.5528e-05	0.078525	supercritical
312.00	337.00	214.25	0.0046675	576.14	733.43	3.2489	1.8993	3.3887	684.82	0.045395	2.5445e-05	0.078382	supercritical
313.00	337.00	213.34	0.0046874	578.85	736.82	3.2597	1.9009	3.3856	683.77	0.045754	2.5363e-05	0.078244	supercritical
314.00	337.00	212.44	0.0047073	581.57	740.20	3.2705	1.9026	3.3825	682.74	0.046105	2.5282e-05	0.078108	supercritical
315.00	337.00	211.54	0.0047273	584.27	743.58	3.2812	1.9042	3.3794	681.74	0.046448	2.5203e-05	0.077976	supercritical
316.00	337.00	210.65	0.0047473	586.98	746.96	3.2920	1.9059	3.3763	680.77	0.046781	2.5125e-05	0.077847	supercritical
317.00	337.00	209.76	0.0047673	589.68	750.34	3.3026	1.9076	3.3732	679.81	0.047106	2.5049e-05	0.077722	supercritical
318.00	337.00	208.88	0.0047874	592.37	753.71	3.3132	1.9093	3.3701	678.89	0.047423	2.4974e-05	0.077599	supercritical
319.00	337.00	208.01	0.0048075	595.06	757.08	3.3238	1.9110	3.3670	677.98	0.047730	2.4900e-05	0.077480	supercritical
320.00	337.00	207.14	0.0048276	597.75	760.44	3.3343	1.9128	3.3639	677.10	0.048030	2.4827e-05	0.077364	supercritical
321.00	337.00	206.28	0.0048478	600.43	763.80	3.3448	1.9145	3.3608	676.23	0.048320	2.4756e-05	0.077251	supercritical
322.00	337.00	205.43	0.0048679	603.11	767.16	3.3553	1.9163	3.3578	675.40	0.048602	2.4686e-05	0.077141	supercritical
323.00	337.00	204.58	0.0048881	605.79	770.52	3.3657	1.9181	3.3547	674.58	0.048876	2.4617e-05	0.077034	supercritical
324.00	337.00	203.73	0.0049083	608.46	773.87	3.3761	1.9200	3.3517	673.78	0.049141	2.4550e-05	0.076930	supercritical
325.00	337.00	202.90	0.0049286	611.13	777.22	3.3864	1.9218	3.3486	673.01	0.049398	2.4484e-05	0.076830	supercritical
326.00	337.00	202.07	0.0049489	613.79	780.57	3.3967	1.9237	3.3456	672.25	0.049646	2.4419e-05	0.076732	supercritical
327.00	337.00	201.24	0.0049691	616.45	783.91	3.4069	1.9256	3.3426	671.52	0.049887	2.4355e-05	0.076637	supercritical
328.00	337.00	200.42	0.0049894	619.11	787.25	3.4171	1.9275	3.3396	670.80	0.050119	2.4292e-05	0.076544	supercritical
329.00	337.00	199.61	0.0050098	621.76	790.59	3.4273	1.9294	3.3366	670.11	0.050343	2.4230e-05	0.076455	supercritical
330.00	337.00	198.80	0.0050301	624.41	793.93	3.4374	1.9313	3.3336	669.43	0.050559	2.4170e-05	0.076368	supercritical
331.00	337.00	198.00	0.0050505	627.06	797.26	3.4475	1.9333	3.3307	668.77	0.050766	2.4110e-05	0.076285	supercritical
332.00	337.00	197.21	0.0050708	629.70	800.59	3.4575	1.9353	3.3278	668.13	0.050966	2.4052e-05	0.076203	supercritical
333.00	337.00	196.42	0.0050912	632.34	803.92	3.4675	1.9373	3.3249	667.51	0.051158	2.3995e-05	0.076125	supercritical
334.00	337.00	195.63	0.0051116	634.98	807.24	3.4775	1.9393	3.3220	666.91	0.051343	2.3938e-05	0.076049	supercritical
335.00	337.00	194.85	0.0051321	637.61	810.56	3.4874	1.9413	3.3192	666.32	0.051519	2.3883e-05	0.075976	supercritical
336.00	337.00	194.08	0.0051525	640.24	813.88	3.4973	1.9434	3.3163	665.75	0.051688	2.3829e-05	0.075906	supercritical
337.00	337.00	193.31	0.0051729	642.86	817.19	3.5072	1.9455	3.3135	665.20	0.051849	2.3776e-05	0.075838	supercritical
338.00	337.00	192.55	0.0051934	645.49	820.50	3.5170	1.9476	3.3107	664.67	0.052003	2.3724e-05	0.075773	supercritical
339.00	337.00	191.80	0.0052138	648.11	823.81	3.5267	1.9497	3.3080	664.15	0.052150	2.3672e-05	0.075710	supercritical
340.00	337.00	191.05	0.0052343	650.72	827.12	3.5365	1.9518	3.3053	663.65	0.052289	2.3622e-05	0.075649	supercritical
341.00	337.00	190.30	0.0052548	653.34	830.42	3.5462	1.9540	3.3026	663.16	0.052420	2.3573e-05	0.075591	supercritical
342.00	337.00	189.56	0.0052753	655.95	833.73	3.5559	1.9561	3.2999	662.69	0.052545	2.3524e-05	0.075536	supercritical
343.00	337.00	188.83	0.0052958	658.56	837.02	3.5655	1.9583	3.2973	662.24	0.052663	2.3477e-05	0.075483	supercritical
344.00	337.00	188.10	0.0053163	661.16	840.32	3.5751	1.9605	3.2947	661.80	0.052773	2.3431e-05	0.075432	supercritical
345.00	337.00	187.38	0.0053368	663.76	843.61	3.5846	1.9627	3.2921	661.37	0.052877	2.3385e-05	0.075384	supercritical
346.00	337.00	186.66	0.0053573	666.36	846.90	3.5942	1.9649	3.2896	660.96	0.052974	2.3340e-05	0.075338	supercritical
347.00	337.00	185.95	0.0053779	668.96	850.19	3.6037	1.9672	3.2871	660.56	0.053064	2.3296e-05	0.075295	supercritical
348.00	337.00	185.24	0.0053984	671.55	853.48	3.6131	1.9695	3.2846	660.18	0.053147	2.3253e-05	0.075253	supercritical
349.00	337.00	184.54	0.0054189	674.14	856.76	3.6225	1.9717	3.2822	659.81	0.053224	2.3211e-05	0.075214	supercritical
350.00	337.00	183.84	0.0054394	676.73	860.04	3.6319	1.9740	3.2798	659.45	0.053295	2.3170e-05	0.075177	supercritical
351.00	337.00	183.15	0.0054600	679.32	863.32	3.6413	1.9764	3.2774	659.11	0.053359	2.3129e-05	0.075143	supercritical
352.00	337.00	182.46	0.0054805	681.90	866.60	3.6506	1.9787	3.2751	658.78	0.053417	2.3089e-05	0.075110	supercritical
353.00	337.00	181.78	0.0055011	684.49	869.87	3.6599	1.9810	3.2728	658.46	0.053468	2.3050e-05	0.075080	supercritical
354.00	337.00	181.11	0.0055216	687.07	873.14	3.6691	1.9834	3.2705	658.16	0.053514	2.3012e-05	0.075052	supercritical
355.00	337.00	180.44	0.0055421	689.64	876.41	3.6784	1.9858	3.2683	657.87	0.053554	2.2975e-05	0.075026	supercritical
356.00	337.00	179.77	0.0055627	692.22	879.68	3.6876	1.9882	3.2661	657.59	0.053587	2.2938e-05	0.075002	supercritical
357.00	337.00	179.11	0.0055832	694.79	882.95	3.6967	1.9906	3.2639	657.32	0.053615	2.2902e-05	0.074980	supercritical
358.00	337.00	178.45	0.0056038	697.36	886.21	3.7058	1.9930	3.2618	657.06	0.053637	2.2867e-05	0.074960	supercritical
359.00	337.00	177.80	0.0056243	699.93	889.47	3.7149	1.9955	3.2597	656.81	0.053654	2.2832e-05	0.074943	supercritical
360.00	337.00	177.15	0.0056448	702.50	892.73	3.7240	1.9979	3.2577	656.58	0.053665	2.2799e-05	0.074927	supercritical
361.00	337.00	176.51	0.0056654	705.06	895.98	3.7330	2.0004	3.2557	656.36	0.053670	2.2765e-05	0.074913	supercritical
362.00	337.00	175.87	0.0056859	707.62	899.24	3.7420	2.0029	3.2538	656.14	0.053670	2.2733e-05	0.074901	supercritical
363.00	337.00	175.24	0.0057064	710.18	902.49	3.7510	2.0054	3.2518	655.94	0.053665	2.2701e-05	0.074891	supercritical
364.00	337.00	174.61	0.0057270	712.74	905.74	3.7599	2.0079	3.2499	655.75	0.053655	2.2670e-05	0.074884	supercritical
365.00	337.00	173.99	0.0057475	715.30	908.99	3.7689	2.0105	3.2481	655.57	0.053640	2.2640e-05	0.074878	supercritical
366.00	337.00	173.37	0.0057680	717.86	912.24	3.7777	2.0130	3.2463	655.40	0.053620	2.2610e-05	0.074873	supercritical
367.00	337.00	172.76	0.0057885	720.41	915.48	3.7866	2.0156	3.2445	655.24	0.053595	2.2581e-05	0.074871	supercritical
368.00	337.00	172.15	0.0058090	722.96	918.73	3.7954	2.0182	3.2428	655.09	0.053565	2.2553e-05	0.074871	supercritical
369.00	337.00	171.54	0.0058295	725.51	921.97	3.8042	2.0208	3.2411	654.94	0.053530	2.2525e-05	0.074872	supercritical
370.00	337.00	170.94	0.0058500	728.06	925.21	3.8130	2.0234	3.2395	654.81	0.053491	2.2498e-05	0.074876	supercritical
371.00	337.00	170.34	0.0058705	730.61	928.45	3.8217	2.0260	3.2379	654.69	0.053447	2.2471e-05	0.074881	supercritical
372.00	337.00	169.75	0.0058910	733.16	931.69	3.8305	2.0286	3.2363	654.57	0.053398	2.2445e-05	0.074888	supercritical
373.00	337.00	169.16	0.0059115	735.70	934.92	3.8391	2.0313	3.2348	654.47	0.053346	2.2419e-05	0.074896	supercritical
374.00	337.00	168.58	0.0059320	738.25	938.16	3.8478	2.0339	3.2333	654.37	0.053289	2.2395e-05	0.074907	supercritical
375.00	337.00	168.00	0.0059524	740.79	941.39	3.8564	2.0366	3.2318	654.28	0.053228	2.2370e-05	0.074919	supercritical
376.00	337.00	167.42	0.0059729	743.33	944.62	3.8650	2.0393	3.2304	654.20	0.053163	2.2346e-05	0.074932	supercritical
377.00	337.00	166.85	0.0059933	745.87	947.85	3.8736	2.0420	3.2291	654.13	0.053093	2.2323e-05	0.074948	supercritical
378.00	337.00	166.29	0.0060138	748.41	951.08	3.8822	2.0447	3.2277	654.07	0.053020	2.2301e-05	0.074965	supercritical
379.00	337.00	165.72	0.0060342	750.95	954.30	3.8907	2.0474	3.2265	654.01	0.052943	2.2278e-05	0.074984	supercritical
380.00	337.00	165.16	0.0060546	753.49	957.53	3.8992	2.0502	3.2252	653.96	0.052862	2.2257e-05	0.075004	supercritical
381.00	337.00	164.61	0.0060750	756.03	960.75	3.9077	2.0529	3.2240	653.92	0.052778	2.2236e-05	0.075026	supercritical
382.00	337.00	164.06	0.0060954	758.56	963.98	3.9161	2.0557	3.2228	653.89	0.052689	2.2215e-05	0.075050	supercritical
383.00	337.00	163.51	0.0061158	761.10	967.20	3.9245	2.0585	3.2217	653.86	0.052598	2.2195e-05	0.075076	supercritical
384.00	337.00	162.97	0.0061362	763.63	970.42	3.9329	2.0612	3.2206	653.84	0.052503	2.2175e-05	0.075102	supercritical
385.00	337.00	162.43	0.0061566	766.16	973.64	3.9413	2.0640	3.2195	653.83	0.052404	2.2156e-05	0.075131	supercritical
386.00	337.00	161.89	0.0061770	768.70	976.86	3.9497	2.0669	3.2185	653.83	0.052302	2.2138e-05	0.075161	supercritical
387.00	337.00	161.36	0.0061973	771.23	980.08	3.9580	2.0697	3.2175	653.83	0.052197	2.2120e-05	0.075192	supercritical
388.00	337.00	160.83	0.0062177	773.76	983.30	3.9663	2.0725	3.2166	653.84	0.052089	2.2102e-05	0.075225	supercritical
389.00	337.00	160.31	0.0062380	776.29	986.51	3.9746	2.0754	3.2157	653.85	0.051977	2.2085e-05	0.075260	supercritical
390.00	337.00	159.79	0.0062583	778.82	989.73	3.9828	2.0782	3.2148	653.88	0.051863	2.2068e-05	0.075296	supercritical
391.00	337.00	159.27	0.0062787	781.35	992.94	3.9911	2.0811	3.2140	653.90	0.051745	2.2051e-05	0.075334	supercritical
392.00	337.00	158.76	0.0062990	783.88	996.16	3.9993	2.0840	3.2132	653.94	0.051625	2.2036e-05	0.075373	supercritical
393.00	337.00	158.25	0.0063193	786.41	999.37	4.0074	2.0869	3.2125	653.98	0.051502	2.2020e-05	0.075413	supercritical
394.00	337.00	157.74	0.0063395	788.94	1002.6	4.0156	2.0898	3.2118	654.03	0.051376	2.2005e-05	0.075455	supercritical
395.00	337.00	157.24	0.0063598	791.47	1005.8	4.0238	2.0927	3.2111	654.08	0.051248	2.1990e-05	0.075498	supercritical
396.00	337.00	156.74	0.0063801	793.99	1009.0	4.0319	2.0956	3.2104	654.14	0.051116	2.1976e-05	0.075543	supercritical
397.00	337.00	156.24	0.0064003	796.52	1012.2	4.0400	2.0986	3.2098	654.20	0.050983	2.1962e-05	0.075589	supercritical
398.00	337.00	155.75	0.0064206	799.05	1015.4	4.0480	2.1015	3.2093	654.27	0.050846	2.1949e-05	0.075636	supercritical
399.00	337.00	155.26	0.0064408	801.58	1018.6	4.0561	2.1045	3.2088	654.35	0.050708	2.1936e-05	0.075685	supercritical
400.00	337.00	154.77	0.0064610	804.10	1021.8	4.0641	2.1074	3.2083	654.43	0.050567	2.1923e-05	0.075735	supercritical
401.00	337.00	154.29	0.0064812	806.63	1025.0	4.0721	2.1104	3.2078	654.51	0.050424	2.1911e-05	0.075787	supercritical
402.00	337.00	153.81	0.0065014	809.16	1028.3	4.0801	2.1134	3.2074	654.60	0.050278	2.1899e-05	0.075840	supercritical
403.00	337.00	153.34	0.0065216	811.69	1031.5	4.0881	2.1164	3.2070	654.70	0.050130	2.1888e-05	0.075894	supercritical
404.00	337.00	152.86	0.0065417	814.21	1034.7	4.0960	2.1194	3.2066	654.80	0.049980	2.1877e-05	0.075949	supercritical
405.00	337.00	152.39	0.0065619	816.74	1037.9	4.1040	2.1224	3.2063	654.91	0.049829	2.1866e-05	0.076006	supercritical
406.00	337.00	151.93	0.0065820	819.27	1041.1	4.1119	2.1254	3.2060	655.02	0.049675	2.1856e-05	0.076064	supercritical
407.00	337.00	151.47	0.0066022	821.79	1044.3	4.1198	2.1285	3.2058	655.13	0.049519	2.1846e-05	0.076123	supercritical
408.00	337.00	151.01	0.0066223	824.32	1047.5	4.1276	2.1315	3.2056	655.25	0.049361	2.1836e-05	0.076184	supercritical
409.00	337.00	150.55	0.0066424	826.85	1050.7	4.1355	2.1345	3.2054	655.38	0.049201	2.1827e-05	0.076246	supercritical
410.00	337.00	150.09	0.0066625	829.38	1053.9	4.1433	2.1376	3.2052	655.51	0.049040	2.1818e-05	0.076309	supercritical
411.00	337.00	149.64	0.0066826	831.91	1057.1	4.1511	2.1407	3.2051	655.64	0.048876	2.1809e-05	0.076373	supercritical
412.00	337.00	149.20	0.0067026	834.44	1060.3	4.1589	2.1438	3.2051	655.78	0.048712	2.1801e-05	0.076438	supercritical
413.00	337.00	148.75	0.0067227	836.97	1063.5	4.1667	2.1468	3.2050	655.92	0.048545	2.1793e-05	0.076505	supercritical
414.00	337.00	148.31	0.0067427	839.50	1066.7	4.1744	2.1499	3.2050	656.07	0.048377	2.1785e-05	0.076573	supercritical
415.00	337.00	147.87	0.0067627	842.03	1069.9	4.1822	2.1530	3.2050	656.22	0.048207	2.1778e-05	0.076642	supercritical
416.00	337.00	147.43	0.0067827	844.56	1073.1	4.1899	2.1562	3.2051	656.37	0.048036	2.1771e-05	0.076712	supercritical
417.00	337.00	147.00	0.0068027	847.09	1076.3	4.1976	2.1593	3.2051	656.53	0.047863	2.1764e-05	0.076783	supercritical
418.00	337.00	146.57	0.0068227	849.62	1079.5	4.2052	2.1624	3.2052	656.70	0.047689	2.1757e-05	0.076856	supercritical
419.00	337.00	146.14	0.0068427	852.15	1082.8	4.2129	2.1655	3.2054	656.86	0.047514	2.1751e-05	0.076930	supercritical
420.00	337.00	145.72	0.0068627	854.68	1086.0	4.2205	2.1687	3.2056	657.03	0.047337	2.1745e-05	0.077004	supercritical
421.00	337.00	145.29	0.0068826	857.22	1089.2	4.2282	2.1718	3.2058	657.21	0.047159	2.1740e-05	0.077080	supercritical
422.00	337.00	144.87	0.0069025	859.75	1092.4	4.2358	2.1750	3.2060	657.38	0.046979	2.1734e-05	0.077157	supercritical
423.00	337.00	144.46	0.0069225	862.29	1095.6	4.2434	2.1782	3.2063	657.56	0.046799	2.1729e-05	0.077235	supercritical
424.00	337.00	144.04	0.0069424	864.82	1098.8	4.2509	2.1813	3.2066	657.75	0.046617	2.1725e-05	0.077314	supercritical
425.00	337.00	143.63	0.0069623	867.36	1102.0	4.2585	2.1845	3.2069	657.94	0.046435	2.1720e-05	0.077394	supercritical
426.00	337.00	143.22	0.0069821	869.90	1105.2	4.2660	2.1877	3.2072	658.13	0.046251	2.1716e-05	0.077476	supercritical
427.00	337.00	142.82	0.0070020	872.43	1108.4	4.2735	2.1909	3.2076	658.32	0.046066	2.1712e-05	0.077558	supercritical
428.00	337.00	142.41	0.0070219	874.97	1111.6	4.2810	2.1941	3.2080	658.52	0.045880	2.1708e-05	0.077641	supercritical
429.00	337.00	142.01	0.0070417	877.51	1114.8	4.2885	2.1973	3.2085	658.72	0.045693	2.1705e-05	0.077726	supercritical
430.00	337.00	141.61	0.0070615	880.05	1118.0	4.2960	2.2005	3.2089	658.93	0.045505	2.1702e-05	0.077811	supercritical
431.00	337.00	141.22	0.0070813	882.59	1121.2	4.3035	2.2038	3.2094	659.14	0.045317	2.1699e-05	0.077898	supercritical
432.00	337.00	140.82	0.0071011	885.14	1124.4	4.3109	2.2070	3.2100	659.35	0.045127	2.1696e-05	0.077985	supercritical
433.00	337.00	140.43	0.0071209	887.68	1127.7	4.3183	2.2102	3.2105	659.56	0.044937	2.1694e-05	0.078073	supercritical
434.00	337.00	140.04	0.0071407	890.22	1130.9	4.3257	2.2135	3.2111	659.78	0.044745	2.1692e-05	0.078163	supercritical
435.00	337.00	139.66	0.0071604	892.77	1134.1	4.3331	2.2167	3.2117	660.00	0.044554	2.1690e-05	0.078253	supercritical
436.00	337.00	139.27	0.0071802	895.32	1137.3	4.3405	2.2200	3.2123	660.22	0.044361	2.1688e-05	0.078345	supercritical
437.00	337.00	138.89	0.0071999	897.86	1140.5	4.3478	2.2232	3.2130	660.44	0.044168	2.1686e-05	0.078437	supercritical
438.00	337.00	138.51	0.0072196	900.41	1143.7	4.3552	2.2265	3.2137	660.67	0.043974	2.1685e-05	0.078530	supercritical
439.00	337.00	138.13	0.0072393	902.96	1146.9	4.3625	2.2298	3.2144	660.90	0.043779	2.1684e-05	0.078624	supercritical
440.00	337.00	137.76	0.0072590	905.51	1150.1	4.3698	2.2331	3.2151	661.13	0.043584	2.1683e-05	0.078720	supercritical
441.00	337.00	137.39	0.0072787	908.07	1153.4	4.3771	2.2363	3.2159	661.37	0.043388	2.1683e-05	0.078816	supercritical
442.00	337.00	137.02	0.0072984	910.62	1156.6	4.3844	2.2396	3.2167	661.61	0.043192	2.1683e-05	0.078913	supercritical
443.00	337.00	136.65	0.0073180	913.18	1159.8	4.3917	2.2429	3.2175	661.85	0.042995	2.1682e-05	0.079011	supercritical
444.00	337.00	136.28	0.0073376	915.73	1163.0	4.3989	2.2462	3.2183	662.09	0.042797	2.1682e-05	0.079109	supercritical
445.00	337.00	135.92	0.0073573	918.29	1166.2	4.4062	2.2495	3.2192	662.34	0.042600	2.1683e-05	0.079209	supercritical
446.00	337.00	135.56	0.0073769	920.85	1169.4	4.4134	2.2529	3.2201	662.59	0.042401	2.1683e-05	0.079310	supercritical
447.00	337.00	135.20	0.0073965	923.41	1172.7	4.4206	2.2562	3.2210	662.84	0.042203	2.1684e-05	0.079411	supercritical
448.00	337.00	134.84	0.0074160	925.97	1175.9	4.4278	2.2595	3.2219	663.09	0.042004	2.1685e-05	0.079514	supercritical
449.00	337.00	134.49	0.0074356	928.53	1179.1	4.4350	2.2628	3.2228	663.34	0.041804	2.1686e-05	0.079617	supercritical
450.00	337.00	134.14	0.0074552	931.10	1182.3	4.4422	2.2662	3.2238	663.60	0.041604	2.1687e-05	0.079721	supercritical
451.00	337.00	133.78	0.0074747	933.66	1185.6	4.4493	2.2695	3.2248	663.86	0.041404	2.1689e-05	0.079826	supercritical
452.00	337.00	133.44	0.0074942	936.23	1188.8	4.4565	2.2728	3.2259	664.12	0.041204	2.1690e-05	0.079932	supercritical
453.00	337.00	133.09	0.0075138	938.80	1192.0	4.4636	2.2762	3.2269	664.39	0.041003	2.1692e-05	0.080038	supercritical
454.00	337.00	132.74	0.0075333	941.37	1195.2	4.4707	2.2795	3.2280	664.65	0.040803	2.1694e-05	0.080146	supercritical
455.00	337.00	132.40	0.0075527	943.94	1198.5	4.4778	2.2829	3.2291	664.92	0.040602	2.1696e-05	0.080254	supercritical
456.00	337.00	132.06	0.0075722	946.51	1201.7	4.4849	2.2863	3.2302	665.19	0.040400	2.1699e-05	0.080363	supercritical
457.00	337.00	131.72	0.0075917	949.09	1204.9	4.4920	2.2896	3.2313	665.46	0.040199	2.1701e-05	0.080473	supercritical
458.00	337.00	131.39	0.0076111	951.67	1208.2	4.4991	2.2930	3.2325	665.73	0.039997	2.1704e-05	0.080584	supercritical
459.00	337.00	131.05	0.0076306	954.24	1211.4	4.5061	2.2964	3.2336	666.01	0.039795	2.1707e-05	0.080695	supercritical
460.00	337.00	130.72	0.0076500	956.82	1214.6	4.5132	2.2998	3.2348	666.29	0.039594	2.1710e-05	0.080808	supercritical
461.00	337.00	130.39	0.0076694	959.41	1217.9	4.5202	2.3031	3.2361	666.57	0.039392	2.1713e-05	0.080921	supercritical
462.00	337.00	130.06	0.0076888	961.99	1221.1	4.5272	2.3065	3.2373	666.85	0.039190	2.1717e-05	0.081035	supercritical
463.00	337.00	129.73	0.0077082	964.57	1224.3	4.5342	2.3099	3.2386	667.13	0.038987	2.1720e-05	0.081149	supercritical
464.00	337.00	129.41	0.0077275	967.16	1227.6	4.5412	2.3133	3.2398	667.42	0.038785	2.1724e-05	0.081265	supercritical
465.00	337.00	129.08	0.0077469	969.75	1230.8	4.5482	2.3167	3.2411	667.70	0.038583	2.1728e-05	0.081381	supercritical
466.00	337.00	128.76	0.0077662	972.34	1234.1	4.5551	2.3201	3.2425	667.99	0.038381	2.1732e-05	0.081498	supercritical
467.00	337.00	128.44	0.0077856	974.93	1237.3	4.5621	2.3235	3.2438	668.28	0.038179	2.1736e-05	0.081616	supercritical
468.00	337.00	128.13	0.0078049	977.52	1240.5	4.5690	2.3269	3.2452	668.57	0.037976	2.1741e-05	0.081734	supercritical
469.00	337.00	127.81	0.0078242	980.12	1243.8	4.5759	2.3304	3.2465	668.87	0.037774	2.1745e-05	0.081853	supercritical
470.00	337.00	127.49	0.0078435	982.72	1247.0	4.5829	2.3338	3.2479	669.16	0.037572	2.1750e-05	0.081973	supercritical
471.00	337.00	127.18	0.0078627	985.31	1250.3	4.5898	2.3372	3.2493	669.46	0.037370	2.1755e-05	0.082093	supercritical
472.00	337.00	126.87	0.0078820	987.91	1253.5	4.5967	2.3406	3.2508	669.75	0.037168	2.1760e-05	0.082215	supercritical
473.00	337.00	126.56	0.0079013	990.52	1256.8	4.6035	2.3441	3.2522	670.05	0.036966	2.1765e-05	0.082337	supercritical
474.00	337.00	126.25	0.0079205	993.12	1260.0	4.6104	2.3475	3.2537	670.35	0.036765	2.1770e-05	0.082459	supercritical
475.00	337.00	125.95	0.0079397	995.73	1263.3	4.6173	2.3509	3.2552	670.66	0.036563	2.1775e-05	0.082583	supercritical
476.00	337.00	125.64	0.0079589	998.34	1266.6	4.6241	2.3544	3.2567	670.96	0.036361	2.1781e-05	0.082707	supercritical
477.00	337.00	125.34	0.0079782	1000.9	1269.8	4.6310	2.3578	3.2582	671.26	0.036160	2.1787e-05	0.082832	supercritical
478.00	337.00	125.04	0.0079973	1003.6	1273.1	4.6378	2.3612	3.2597	671.57	0.035959	2.1792e-05	0.082957	supercritical
479.00	337.00	124.74	0.0080165	1006.2	1276.3	4.6446	2.3647	3.2613	671.88	0.035758	2.1798e-05	0.083083	supercritical
480.00	337.00	124.44	0.0080357	1008.8	1279.6	4.6514	2.3681	3.2629	672.19	0.035557	2.1804e-05	0.083210	supercritical
481.00	337.00	124.15	0.0080548	1011.4	1282.9	4.6582	2.3716	3.2645	672.50	0.035357	2.1811e-05	0.083337	supercritical
482.00	337.00	123.85	0.0080740	1014.0	1286.1	4.6650	2.3751	3.2661	672.81	0.035156	2.1817e-05	0.083466	supercritical
483.00	337.00	123.56	0.0080931	1016.7	1289.4	4.6717	2.3785	3.2677	673.12	0.034956	2.1823e-05	0.083594	supercritical
484.00	337.00	123.27	0.0081122	1019.3	1292.7	4.6785	2.3820	3.2693	673.44	0.034756	2.1830e-05	0.083724	supercritical
485.00	337.00	122.98	0.0081313	1021.9	1295.9	4.6852	2.3854	3.2710	673.75	0.034556	2.1837e-05	0.083854	supercritical
486.00	337.00	122.69	0.0081504	1024.5	1299.2	4.6920	2.3889	3.2727	674.07	0.034357	2.1843e-05	0.083984	supercritical
487.00	337.00	122.41	0.0081695	1027.2	1302.5	4.6987	2.3924	3.2743	674.39	0.034158	2.1850e-05	0.084116	supercritical
488.00	337.00	122.12	0.0081886	1029.8	1305.7	4.7054	2.3959	3.2760	674.70	0.033959	2.1857e-05	0.084248	supercritical
489.00	337.00	121.84	0.0082076	1032.4	1309.0	4.7121	2.3993	3.2778	675.02	0.033760	2.1865e-05	0.084380	supercritical
490.00	337.00	121.56	0.0082266	1035.1	1312.3	4.7188	2.4028	3.2795	675.35	0.033562	2.1872e-05	0.084514	supercritical
491.00	337.00	121.28	0.0082457	1037.7	1315.6	4.7255	2.4063	3.2812	675.67	0.033364	2.1879e-05	0.084647	supercritical
492.00	337.00	121.00	0.0082647	1040.3	1318.9	4.7322	2.4098	3.2830	675.99	0.033166	2.1887e-05	0.084782	supercritical
493.00	337.00	120.72	0.0082837	1043.0	1322.1	4.7389	2.4133	3.2848	676.32	0.032969	2.1895e-05	0.084917	supercritical
494.00	337.00	120.44	0.0083027	1045.6	1325.4	4.7455	2.4167	3.2866	676.64	0.032772	2.1902e-05	0.085052	supercritical
495.00	337.00	120.17	0.0083217	1048.3	1328.7	4.7522	2.4202	3.2884	676.97	0.032575	2.1910e-05	0.085189	supercritical
496.00	337.00	119.89	0.0083406	1050.9	1332.0	4.7588	2.4237	3.2902	677.30	0.032379	2.1918e-05	0.085325	supercritical
497.00	337.00	119.62	0.0083596	1053.6	1335.3	4.7654	2.4272	3.2920	677.62	0.032183	2.1926e-05	0.085463	supercritical
498.00	337.00	119.35	0.0083785	1056.2	1338.6	4.7721	2.4307	3.2939	677.95	0.031987	2.1934e-05	0.085601	supercritical
499.00	337.00	119.08	0.0083975	1058.9	1341.9	4.7787	2.4342	3.2957	678.28	0.031792	2.1943e-05	0.085739	supercritical
500.00	337.00	118.82	0.0084164	1061.6	1345.2	4.7853	2.4377	3.2976	678.62	0.031597	2.1951e-05	0.085879	supercritical
501.00	337.00	118.55	0.0084353	1064.2	1348.5	4.7919	2.4412	3.2995	678.95	0.031403	2.1960e-05	0.086018	supercritical
502.00	337.00	118.28	0.0084542	1066.9	1351.8	4.7984	2.4447	3.3014	679.28	0.031209	2.1968e-05	0.086158	supercritical
503.00	337.00	118.02	0.0084731	1069.5	1355.1	4.8050	2.4482	3.3033	679.62	0.031015	2.1977e-05	0.086299	supercritical
504.00	337.00	117.76	0.0084920	1072.2	1358.4	4.8116	2.4517	3.3052	679.95	0.030822	2.1986e-05	0.086441	supercritical
505.00	337.00	117.50	0.0085108	1074.9	1361.7	4.8181	2.4552	3.3072	680.29	0.030629	2.1995e-05	0.086583	supercritical
506.00	337.00	117.24	0.0085297	1077.6	1365.0	4.8247	2.4587	3.3091	680.62	0.030436	2.2004e-05	0.086725	supercritical
507.00	337.00	116.98	0.0085485	1080.2	1368.3	4.8312	2.4622	3.3111	680.96	0.030244	2.2013e-05	0.086868	supercritical
508.00	337.00	116.72	0.0085674	1082.9	1371.6	4.8377	2.4658	3.3130	681.30	0.030053	2.2022e-05	0.087012	supercritical
509.00	337.00	116.47	0.0085862	1085.6	1374.9	4.8443	2.4693	3.3150	681.64	0.029862	2.2031e-05	0.087156	supercritical
510.00	337.00	116.21	0.0086050	1088.3	1378.3	4.8508	2.4728	3.3170	681.98	0.029671	2.2041e-05	0.087300	supercritical
511.00	337.00	115.96	0.0086238	1091.0	1381.6	4.8573	2.4763	3.3190	682.32	0.029481	2.2050e-05	0.087445	supercritical
512.00	337.00	115.71	0.0086426	1093.6	1384.9	4.8638	2.4798	3.3211	682.66	0.029291	2.2060e-05	0.087591	supercritical
513.00	337.00	115.46	0.0086614	1096.3	1388.2	4.8702	2.4833	3.3231	683.00	0.029101	2.2069e-05	0.087737	supercritical
514.00	337.00	115.21	0.0086801	1099.0	1391.5	4.8767	2.4869	3.3252	683.35	0.028913	2.2079e-05	0.087884	supercritical
515.00	337.00	114.96	0.0086989	1101.7	1394.9	4.8832	2.4904	3.3272	683.69	0.028724	2.2089e-05	0.088031	supercritical
516.00	337.00	114.71	0.0087176	1104.4	1398.2	4.8896	2.4939	3.3293	684.03	0.028536	2.2099e-05	0.088179	supercritical
517.00	337.00	114.46	0.0087363	1107.1	1401.5	4.8961	2.4974	3.3314	684.38	0.028349	2.2109e-05	0.088327	supercritical
518.00	337.00	114.22	0.0087551	1109.8	1404.9	4.9025	2.5010	3.3335	684.72	0.028162	2.2119e-05	0.088476	supercritical
519.00	337.00	113.98	0.0087738	1112.5	1408.2	4.9090	2.5045	3.3356	685.07	0.027975	2.2129e-05	0.088625	supercritical
520.00	337.00	113.73	0.0087925	1115.2	1411.5	4.9154	2.5080	3.3377	685.42	0.027789	2.2139e-05	0.088775	supercritical
521.00	337.00	113.49	0.0088111	1117.9	1414.9	4.9218	2.5115	3.3398	685.77	0.027603	2.2149e-05	0.088925	supercritical
522.00	337.00	113.25	0.0088298	1120.6	1418.2	4.9282	2.5151	3.3419	686.11	0.027418	2.2160e-05	0.089076	supercritical
523.00	337.00	113.01	0.0088485	1123.4	1421.6	4.9346	2.5186	3.3441	686.46	0.027234	2.2170e-05	0.089227	supercritical
524.00	337.00	112.78	0.0088671	1126.1	1424.9	4.9410	2.5221	3.3462	686.81	0.027050	2.2181e-05	0.089378	supercritical
525.00	337.00	112.54	0.0088858	1128.8	1428.2	4.9474	2.5257	3.3484	687.16	0.026866	2.2191e-05	0.089530	supercritical
526.00	337.00	112.30	0.0089044	1131.5	1431.6	4.9537	2.5292	3.3506	687.51	0.026683	2.2202e-05	0.089683	supercritical
527.00	337.00	112.07	0.0089230	1134.2	1434.9	4.9601	2.5327	3.3528	687.87	0.026501	2.2213e-05	0.089836	supercritical
528.00	337.00	111.84	0.0089417	1137.0	1438.3	4.9665	2.5363	3.3550	688.22	0.026319	2.2224e-05	0.089990	supercritical
529.00	337.00	111.60	0.0089603	1139.7	1441.7	4.9728	2.5398	3.3572	688.57	0.026137	2.2234e-05	0.090144	supercritical
530.00	337.00	111.37	0.0089789	1142.4	1445.0	4.9792	2.5433	3.3594	688.92	0.025956	2.2245e-05	0.090298	supercritical
531.00	337.00	111.14	0.0089974	1145.2	1448.4	4.9855	2.5469	3.3616	689.28	0.025776	2.2256e-05	0.090453	supercritical
532.00	337.00	110.91	0.0090160	1147.9	1451.7	4.9918	2.5504	3.3638	689.63	0.025596	2.2268e-05	0.090608	supercritical
533.00	337.00	110.69	0.0090346	1150.6	1455.1	4.9981	2.5539	3.3661	689.99	0.025416	2.2279e-05	0.090764	supercritical
534.00	337.00	110.46	0.0090531	1153.4	1458.5	5.0044	2.5575	3.3683	690.34	0.025237	2.2290e-05	0.090920	supercritical
535.00	337.00	110.23	0.0090717	1156.1	1461.8	5.0108	2.5610	3.3706	690.70	0.025059	2.2301e-05	0.091077	supercritical
536.00	337.00	110.01	0.0090902	1158.9	1465.2	5.0170	2.5645	3.3728	691.05	0.024881	2.2313e-05	0.091234	supercritical
537.00	337.00	109.79	0.0091087	1161.6	1468.6	5.0233	2.5681	3.3751	691.41	0.024704	2.2324e-05	0.091392	supercritical
538.00	337.00	109.56	0.0091272	1164.4	1472.0	5.0296	2.5716	3.3774	691.77	0.024527	2.2336e-05	0.091550	supercritical
539.00	337.00	109.34	0.0091457	1167.1	1475.3	5.0359	2.5752	3.3797	692.13	0.024351	2.2347e-05	0.091708	supercritical
540.00	337.00	109.12	0.0091642	1169.9	1478.7	5.0422	2.5787	3.3820	692.48	0.024175	2.2359e-05	0.091867	supercritical
541.00	337.00	108.90	0.0091827	1172.6	1482.1	5.0484	2.5822	3.3843	692.84	0.024000	2.2371e-05	0.092026	supercritical
542.00	337.00	108.68	0.0092012	1175.4	1485.5	5.0547	2.5858	3.3866	693.20	0.023826	2.2383e-05	0.092186	supercritical
543.00	337.00	108.46	0.0092196	1178.2	1488.9	5.0609	2.5893	3.3890	693.56	0.023652	2.2394e-05	0.092346	supercritical
544.00	337.00	108.25	0.0092381	1180.9	1492.3	5.0672	2.5929	3.3913	693.92	0.023478	2.2406e-05	0.092507	supercritical
545.00	337.00	108.03	0.0092565	1183.7	1495.7	5.0734	2.5964	3.3937	694.28	0.023305	2.2418e-05	0.092667	supercritical
546.00	337.00	107.82	0.0092749	1186.5	1499.1	5.0796	2.5999	3.3960	694.64	0.023133	2.2430e-05	0.092829	supercritical
547.00	337.00	107.60	0.0092934	1189.3	1502.5	5.0858	2.6035	3.3984	695.00	0.022961	2.2442e-05	0.092991	supercritical
548.00	337.00	107.39	0.0093118	1192.0	1505.9	5.0920	2.6070	3.4007	695.36	0.022790	2.2454e-05	0.093153	supercritical
549.00	337.00	107.18	0.0093302	1194.8	1509.3	5.0982	2.6106	3.4031	695.73	0.022619	2.2467e-05	0.093315	supercritical
550.00	337.00	106.97	0.0093486	1197.6	1512.7	5.1044	2.6141	3.4055	696.09	0.022449	2.2479e-05	0.093478	supercritical
551.00	337.00	106.76	0.0093669	1200.4	1516.1	5.1106	2.6177	3.4079	696.45	0.022279	2.2491e-05	0.093642	supercritical
552.00	337.00	106.55	0.0093853	1203.2	1519.5	5.1168	2.6212	3.4103	696.81	0.022110	2.2504e-05	0.093805	supercritical
553.00	337.00	106.34	0.0094037	1206.0	1522.9	5.1230	2.6247	3.4127	697.18	0.021942	2.2516e-05	0.093969	supercritical
554.00	337.00	106.13	0.0094220	1208.8	1526.3	5.1291	2.6283	3.4151	697.54	0.021774	2.2529e-05	0.094134	supercritical
555.00	337.00	105.93	0.0094404	1211.6	1529.7	5.1353	2.6318	3.4175	697.91	0.021606	2.2541e-05	0.094299	supercritical
556.00	337.00	105.72	0.0094587	1214.4	1533.1	5.1415	2.6354	3.4200	698.27	0.021440	2.2554e-05	0.094464	supercritical
557.00	337.00	105.52	0.0094770	1217.2	1536.6	5.1476	2.6389	3.4224	698.63	0.021273	2.2566e-05	0.094630	supercritical
558.00	337.00	105.31	0.0094954	1220.0	1540.0	5.1537	2.6424	3.4248	699.00	0.021108	2.2579e-05	0.094796	supercritical
559.00	337.00	105.11	0.0095137	1222.8	1543.4	5.1599	2.6460	3.4273	699.37	0.020943	2.2592e-05	0.094962	supercritical
560.00	337.00	104.91	0.0095320	1225.6	1546.8	5.1660	2.6495	3.4297	699.73	0.020778	2.2605e-05	0.095129	supercritical
561.00	337.00	104.71	0.0095503	1228.4	1550.3	5.1721	2.6531	3.4322	700.10	0.020614	2.2617e-05	0.095296	supercritical
562.00	337.00	104.51	0.0095685	1231.2	1553.7	5.1782	2.6566	3.4347	700.46	0.020451	2.2630e-05	0.095464	supercritical
563.00	337.00	104.31	0.0095868	1234.1	1557.1	5.1844	2.6601	3.4371	700.83	0.020288	2.2643e-05	0.095632	supercritical
564.00	337.00	104.11	0.0096051	1236.9	1560.6	5.1905	2.6637	3.4396	701.20	0.020125	2.2656e-05	0.095800	supercritical
565.00	337.00	103.91	0.0096233	1239.7	1564.0	5.1965	2.6672	3.4421	701.56	0.019963	2.2669e-05	0.095969	supercritical
566.00	337.00	103.72	0.0096416	1242.5	1567.5	5.2026	2.6708	3.4446	701.93	0.019802	2.2682e-05	0.096138	supercritical
567.00	337.00	103.52	0.0096598	1245.4	1570.9	5.2087	2.6743	3.4471	702.30	0.019642	2.2696e-05	0.096307	supercritical
568.00	337.00	103.33	0.0096780	1248.2	1574.4	5.2148	2.6778	3.4496	702.67	0.019482	2.2709e-05	0.096477	supercritical
569.00	337.00	103.13	0.0096962	1251.0	1577.8	5.2209	2.6814	3.4521	703.03	0.019322	2.2722e-05	0.096647	supercritical
570.00	337.00	102.94	0.0097145	1253.9	1581.3	5.2269	2.6849	3.4546	703.40	0.019163	2.2735e-05	0.096817	supercritical
571.00	337.00	102.75	0.0097327	1256.7	1584.7	5.2330	2.6884	3.4571	703.77	0.019005	2.2749e-05	0.096988	supercritical
572.00	337.00	102.56	0.0097508	1259.6	1588.2	5.2390	2.6920	3.4597	704.14	0.018847	2.2762e-05	0.097159	supercritical
573.00	337.00	102.36	0.0097690	1262.4	1591.6	5.2451	2.6955	3.4622	704.51	0.018689	2.2775e-05	0.097330	supercritical
574.00	337.00	102.17	0.0097872	1265.3	1595.1	5.2511	2.6990	3.4647	704.88	0.018533	2.2789e-05	0.097502	supercritical
575.00	337.00	101.98	0.0098054	1268.1	1598.6	5.2572	2.7026	3.4673	705.25	0.018377	2.2802e-05	0.097674	supercritical
576.00	337.00	101.80	0.0098235	1271.0	1602.0	5.2632	2.7061	3.4698	705.62	0.018221	2.2816e-05	0.097847	supercritical
577.00	337.00	101.61	0.0098417	1273.8	1605.5	5.2692	2.7096	3.4724	705.99	0.018066	2.2830e-05	0.098019	supercritical
578.00	337.00	101.42	0.0098598	1276.7	1609.0	5.2752	2.7132	3.4749	706.36	0.017911	2.2843e-05	0.098192	supercritical
579.00	337.00	101.24	0.0098779	1279.6	1612.5	5.2812	2.7167	3.4775	706.73	0.017757	2.2857e-05	0.098366	supercritical
580.00	337.00	101.05	0.0098961	1282.4	1615.9	5.2872	2.7202	3.4801	707.10	0.017604	2.2871e-05	0.098540	supercritical
581.00	337.00	100.87	0.0099142	1285.3	1619.4	5.2932	2.7238	3.4827	707.47	0.017451	2.2884e-05	0.098714	supercritical
582.00	337.00	100.68	0.0099323	1288.2	1622.9	5.2992	2.7273	3.4852	707.84	0.017299	2.2898e-05	0.098888	supercritical
583.00	337.00	100.50	0.0099504	1291.1	1626.4	5.3052	2.7308	3.4878	708.21	0.017147	2.2912e-05	0.099063	supercritical
584.00	337.00	100.32	0.0099685	1293.9	1629.9	5.3112	2.7344	3.4904	708.58	0.016996	2.2926e-05	0.099238	supercritical
585.00	337.00	100.13	0.0099866	1296.8	1633.4	5.3172	2.7379	3.4930	708.95	0.016846	2.2940e-05	0.099413	supercritical
586.00	337.00	99.954	0.010005	1299.7	1636.9	5.3231	2.7414	3.4956	709.33	0.016695	2.2954e-05	0.099589	supercritical
587.00	337.00	99.774	0.010023	1302.6	1640.4	5.3291	2.7449	3.4982	709.70	0.016546	2.2968e-05	0.099765	supercritical
588.00	337.00	99.594	0.010041	1305.5	1643.9	5.3350	2.7485	3.5008	710.07	0.016397	2.2982e-05	0.099941	supercritical
589.00	337.00	99.415	0.010059	1308.4	1647.4	5.3410	2.7520	3.5034	710.44	0.016249	2.2996e-05	0.10012	supercritical
590.00	337.00	99.237	0.010077	1311.3	1650.9	5.3469	2.7555	3.5061	710.81	0.016101	2.3010e-05	0.10029	supercritical
591.00	337.00	99.060	0.010095	1314.2	1654.4	5.3529	2.7590	3.5087	711.19	0.015953	2.3024e-05	0.10047	supercritical
592.00	337.00	98.884	0.010113	1317.1	1657.9	5.3588	2.7625	3.5113	711.56	0.015807	2.3038e-05	0.10065	supercritical
593.00	337.00	98.708	0.010131	1320.0	1661.4	5.3647	2.7661	3.5139	711.93	0.015660	2.3052e-05	0.10083	supercritical
594.00	337.00	98.533	0.010149	1322.9	1664.9	5.3707	2.7696	3.5166	712.30	0.015515	2.3067e-05	0.10101	supercritical
595.00	337.00	98.358	0.010167	1325.8	1668.4	5.3766	2.7731	3.5192	712.68	0.015370	2.3081e-05	0.10118	supercritical
596.00	337.00	98.184	0.010185	1328.7	1671.9	5.3825	2.7766	3.5219	713.05	0.015225	2.3095e-05	0.10136	supercritical
597.00	337.00	98.011	0.010203	1331.6	1675.5	5.3884	2.7801	3.5245	713.42	0.015081	2.3110e-05	0.10154	supercritical
598.00	337.00	97.839	0.010221	1334.5	1679.0	5.3943	2.7837	3.5272	713.80	0.014938	2.3124e-05	0.10172	supercritical
599.00	337.00	97.667	0.010239	1337.5	1682.5	5.4002	2.7872	3.5298	714.17	0.014795	2.3138e-05	0.10190	supercritical
600.00	337.00	97.496	0.010257	1340.4	1686.1	5.4061	2.7907	3.5325	714.54	0.014652	2.3153e-05	0.10208	supercritical
601.00	337.00	97.326	0.010275	1343.3	1689.6	5.4120	2.7942	3.5352	714.92	0.014510	2.3167e-05	0.10226	supercritical
602.00	337.00	97.156	0.010293	1346.3	1693.1	5.4179	2.7977	3.5378	715.29	0.014369	2.3182e-05	0.10244	supercritical
603.00	337.00	96.987	0.010311	1349.2	1696.7	5.4237	2.8012	3.5405	715.66	0.014228	2.3196e-05	0.10262	supercritical
604.00	337.00	96.819	0.010329	1352.1	1700.2	5.4296	2.8047	3.5432	716.04	0.014088	2.3211e-05	0.10280	supercritical
605.00	337.00	96.651	0.010346	1355.1	1703.7	5.4355	2.8082	3.5459	716.41	0.013948	2.3226e-05	0.10298	supercritical
606.00	337.00	96.484	0.010364	1358.0	1707.3	5.4413	2.8117	3.5485	716.78	0.013809	2.3240e-05	0.10317	supercritical
607.00	337.00	96.318	0.010382	1361.0	1710.8	5.4472	2.8152	3.5512	717.16	0.013670	2.3255e-05	0.10335	supercritical
608.00	337.00	96.152	0.010400	1363.9	1714.4	5.4530	2.8187	3.5539	717.53	0.013532	2.3270e-05	0.10353	supercritical
609.00	337.00	95.987	0.010418	1366.9	1718.0	5.4589	2.8222	3.5566	717.91	0.013394	2.3284e-05	0.10371	supercritical
610.00	337.00	95.822	0.010436	1369.8	1721.5	5.4647	2.8257	3.5593	718.28	0.013257	2.3299e-05	0.10389	supercritical
611.00	337.00	95.658	0.010454	1372.8	1725.1	5.4705	2.8292	3.5620	718.66	0.013121	2.3314e-05	0.10408	supercritical
612.00	337.00	95.495	0.010472	1375.7	1728.6	5.4764	2.8327	3.5647	719.03	0.012985	2.3329e-05	0.10426	supercritical
613.00	337.00	95.332	0.010490	1378.7	1732.2	5.4822	2.8362	3.5674	719.40	0.012849	2.3343e-05	0.10444	supercritical
614.00	337.00	95.170	0.010507	1381.7	1735.8	5.4880	2.8397	3.5701	719.78	0.012714	2.3358e-05	0.10463	supercritical
615.00	337.00	95.009	0.010525	1384.6	1739.3	5.4938	2.8432	3.5729	720.15	0.012580	2.3373e-05	0.10481	supercritical
616.00	337.00	94.848	0.010543	1387.6	1742.9	5.4996	2.8467	3.5756	720.53	0.012446	2.3388e-05	0.10500	supercritical
617.00	337.00	94.688	0.010561	1390.6	1746.5	5.5054	2.8502	3.5783	720.90	0.012312	2.3403e-05	0.10518	supercritical
618.00	337.00	94.529	0.010579	1393.6	1750.1	5.5112	2.8537	3.5810	721.28	0.012179	2.3418e-05	0.10537	supercritical
619.00	337.00	94.370	0.010597	1396.5	1753.7	5.5170	2.8572	3.5837	721.65	0.012047	2.3433e-05	0.10555	supercritical
620.00	337.00	94.211	0.010614	1399.5	1757.2	5.5228	2.8607	3.5865	722.03	0.011915	2.3448e-05	0.10574	supercritical
621.00	337.00	94.053	0.010632	1402.5	1760.8	5.5286	2.8642	3.5892	722.40	0.011783	2.3463e-05	0.10592	supercritical
622.00	337.00	93.896	0.010650	1405.5	1764.4	5.5344	2.8677	3.5919	722.78	0.011653	2.3478e-05	0.10611	supercritical
623.00	337.00	93.740	0.010668	1408.5	1768.0	5.5401	2.8712	3.5947	723.15	0.011522	2.3493e-05	0.10629	supercritical
624.00	337.00	93.584	0.010686	1411.5	1771.6	5.5459	2.8746	3.5974	723.53	0.011392	2.3509e-05	0.10648	supercritical
625.00	337.00	93.428	0.010703	1414.5	1775.2	5.5517	2.8781	3.6002	723.90	0.011263	2.3524e-05	0.10667	supercritical
