Temperature (K)	Pressure (bar)	Density (kg/m3)	Volume (m3/kg)	Internal Energy (kJ/kg)	Enthalpy (kJ/kg)	Entropy (J/g*K)	Cv (J/g*K)	Cp (J/g*K)	Sound Spd. (m/s)	Joule-Thomson (K/bar)	Viscosity (Pa*s)	Therm. Cond. (W/m*K)	Phase
103.00	488.00	464.64	0.0021522	-55.977	49.050	-0.56105	2.2026	3.2181	1730.5	-0.051771	0.00023727	0.23768	liquid
104.00	488.00	463.62	0.0021569	-52.990	52.268	-0.52996	2.1982	3.2180	1724.3	-0.051709	0.00023015	0.23666	liquid
105.00	488.00	462.60	0.0021617	-50.004	55.486	-0.49916	2.1939	3.2180	1718.1	-0.051646	0.00022344	0.23563	liquid
106.00	488.00	461.59	0.0021664	-47.018	58.704	-0.46866	2.1896	3.2180	1711.9	-0.051581	0.00021711	0.23460	liquid
107.00	488.00	460.57	0.0021712	-44.034	61.922	-0.43844	2.1853	3.2180	1705.8	-0.051515	0.00021112	0.23356	liquid
108.00	488.00	459.55	0.0021760	-41.051	65.140	-0.40851	2.1811	3.2180	1699.6	-0.051447	0.00020545	0.23251	liquid
109.00	488.00	458.53	0.0021809	-38.068	68.358	-0.37885	2.1769	3.2181	1693.4	-0.051377	0.00020008	0.23146	liquid
110.00	488.00	457.51	0.0021857	-35.087	71.576	-0.34946	2.1727	3.2181	1687.2	-0.051306	0.00019499	0.23040	liquid
111.00	488.00	456.50	0.0021906	-32.107	74.794	-0.32033	2.1686	3.2181	1681.0	-0.051233	0.00019015	0.22934	liquid
112.00	488.00	455.48	0.0021955	-29.127	78.012	-0.29147	2.1644	3.2181	1674.8	-0.051159	0.00018554	0.22827	liquid
113.00	488.00	454.46	0.0022004	-26.149	81.231	-0.26287	2.1604	3.2182	1668.6	-0.051084	0.00018116	0.22719	liquid
114.00	488.00	453.45	0.0022053	-23.172	84.449	-0.23451	2.1563	3.2182	1662.5	-0.051007	0.00017699	0.22612	liquid
115.00	488.00	452.43	0.0022103	-20.195	87.667	-0.20641	2.1523	3.2182	1656.3	-0.050929	0.00017300	0.22504	liquid
116.00	488.00	451.41	0.0022153	-17.220	90.885	-0.17854	2.1483	3.2182	1650.1	-0.050849	0.00016920	0.22395	liquid
117.00	488.00	450.40	0.0022203	-14.246	94.103	-0.15092	2.1443	3.2182	1644.0	-0.050768	0.00016556	0.22287	liquid
118.00	488.00	449.38	0.0022253	-11.273	97.321	-0.12353	2.1404	3.2182	1637.8	-0.050685	0.00016208	0.22178	liquid
119.00	488.00	448.36	0.0022303	-8.3009	100.54	-0.096371	2.1364	3.2182	1631.7	-0.050601	0.00015875	0.22069	liquid
120.00	488.00	447.35	0.0022354	-5.3301	103.76	-0.069441	2.1325	3.2182	1625.5	-0.050515	0.00015556	0.21960	liquid
121.00	488.00	446.33	0.0022405	-2.3605	106.98	-0.042734	2.1286	3.2181	1619.4	-0.050428	0.00015249	0.21850	liquid
122.00	488.00	445.31	0.0022456	0.60794	110.19	-0.016247	2.1248	3.2181	1613.3	-0.050340	0.00014955	0.21741	liquid
123.00	488.00	444.29	0.0022508	3.5752	113.41	0.010023	2.1209	3.2181	1607.2	-0.050250	0.00014672	0.21632	liquid
124.00	488.00	443.28	0.0022559	6.5413	116.63	0.036081	2.1171	3.2180	1601.1	-0.050158	0.00014400	0.21522	liquid
125.00	488.00	442.26	0.0022611	9.5061	119.85	0.061929	2.1133	3.2180	1595.0	-0.050065	0.00014138	0.21413	liquid
126.00	488.00	441.24	0.0022663	12.470	123.07	0.087570	2.1096	3.2180	1589.0	-0.049970	0.00013885	0.21303	liquid
127.00	488.00	440.23	0.0022716	15.432	126.28	0.11301	2.1058	3.2179	1582.9	-0.049874	0.00013642	0.21194	liquid
128.00	488.00	439.21	0.0022768	18.393	129.50	0.13825	2.1021	3.2178	1576.9	-0.049776	0.00013407	0.21085	liquid
129.00	488.00	438.19	0.0022821	21.353	132.72	0.16329	2.0984	3.2178	1570.8	-0.049676	0.00013181	0.20976	liquid
130.00	488.00	437.17	0.0022874	24.312	135.94	0.18814	2.0947	3.2177	1564.8	-0.049575	0.00012962	0.20867	liquid
131.00	488.00	436.16	0.0022928	27.269	139.16	0.21279	2.0911	3.2177	1558.8	-0.049472	0.00012750	0.20758	liquid
132.00	488.00	435.14	0.0022981	30.225	142.37	0.23726	2.0875	3.2176	1552.8	-0.049367	0.00012545	0.20649	liquid
133.00	488.00	434.12	0.0023035	33.179	145.59	0.26155	2.0838	3.2175	1546.9	-0.049261	0.00012347	0.20541	liquid
134.00	488.00	433.10	0.0023089	36.132	148.81	0.28565	2.0803	3.2175	1540.9	-0.049153	0.00012155	0.20433	liquid
135.00	488.00	432.08	0.0023144	39.084	152.03	0.30957	2.0767	3.2174	1535.0	-0.049043	0.00011969	0.20325	liquid
136.00	488.00	431.06	0.0023198	42.035	155.24	0.33331	2.0732	3.2173	1529.0	-0.048931	0.00011788	0.20217	liquid
137.00	488.00	430.05	0.0023253	44.984	158.46	0.35688	2.0697	3.2173	1523.1	-0.048817	0.00011613	0.20110	liquid
138.00	488.00	429.03	0.0023309	47.932	161.68	0.38028	2.0662	3.2172	1517.2	-0.048702	0.00011443	0.20002	liquid
139.00	488.00	428.01	0.0023364	50.878	164.89	0.40351	2.0628	3.2172	1511.3	-0.048585	0.00011278	0.19895	liquid
140.00	488.00	426.99	0.0023420	53.823	168.11	0.42657	2.0594	3.2171	1505.5	-0.048465	0.00011117	0.19789	liquid
141.00	488.00	425.97	0.0023476	56.767	171.33	0.44947	2.0560	3.2171	1499.6	-0.048344	0.00010961	0.19683	liquid
142.00	488.00	424.95	0.0023532	59.709	174.55	0.47220	2.0526	3.2170	1493.8	-0.048221	0.00010809	0.19577	liquid
143.00	488.00	423.93	0.0023589	62.649	177.76	0.49478	2.0493	3.2170	1488.0	-0.048096	0.00010662	0.19471	liquid
144.00	488.00	422.91	0.0023646	65.589	180.98	0.51720	2.0459	3.2169	1482.2	-0.047969	0.00010518	0.19366	liquid
145.00	488.00	421.89	0.0023703	68.526	184.20	0.53946	2.0427	3.2169	1476.4	-0.047840	0.00010378	0.19261	liquid
146.00	488.00	420.87	0.0023760	71.463	187.41	0.56157	2.0394	3.2169	1470.6	-0.047708	0.00010242	0.19157	liquid
147.00	488.00	419.85	0.0023818	74.398	190.63	0.58353	2.0362	3.2168	1464.9	-0.047575	0.00010109	0.19053	liquid
148.00	488.00	418.83	0.0023876	77.331	193.85	0.60534	2.0330	3.2168	1459.2	-0.047440	9.9790e-05	0.18949	liquid
149.00	488.00	417.80	0.0023935	80.263	197.06	0.62700	2.0298	3.2168	1453.5	-0.047302	9.8525e-05	0.18846	liquid
150.00	488.00	416.78	0.0023993	83.194	200.28	0.64852	2.0267	3.2168	1447.8	-0.047163	9.7291e-05	0.18744	liquid
151.00	488.00	415.76	0.0024052	86.123	203.50	0.66989	2.0235	3.2168	1442.1	-0.047021	9.6087e-05	0.18641	liquid
152.00	488.00	414.74	0.0024112	89.050	206.71	0.69112	2.0204	3.2168	1436.4	-0.046877	9.4910e-05	0.18539	liquid
153.00	488.00	413.72	0.0024171	91.976	209.93	0.71222	2.0174	3.2168	1430.8	-0.046731	9.3762e-05	0.18438	liquid
154.00	488.00	412.70	0.0024231	94.901	213.15	0.73317	2.0144	3.2169	1425.2	-0.046583	9.2639e-05	0.18337	liquid
155.00	488.00	411.67	0.0024291	97.824	216.37	0.75400	2.0114	3.2169	1419.6	-0.046432	9.1542e-05	0.18237	liquid
156.00	488.00	410.65	0.0024352	100.75	219.58	0.77468	2.0084	3.2170	1414.0	-0.046279	9.0469e-05	0.18137	liquid
157.00	488.00	409.63	0.0024412	103.67	222.80	0.79524	2.0055	3.2170	1408.5	-0.046124	8.9420e-05	0.18038	liquid
158.00	488.00	408.60	0.0024474	106.58	226.02	0.81567	2.0026	3.2171	1402.9	-0.045967	8.8394e-05	0.17939	liquid
159.00	488.00	407.58	0.0024535	109.50	229.23	0.83596	1.9997	3.2171	1397.4	-0.045807	8.7390e-05	0.17840	liquid
160.00	488.00	406.56	0.0024597	112.42	232.45	0.85613	1.9968	3.2172	1391.9	-0.045645	8.6408e-05	0.17742	liquid
161.00	488.00	405.53	0.0024659	115.33	235.67	0.87618	1.9940	3.2173	1386.4	-0.045481	8.5446e-05	0.17645	liquid
162.00	488.00	404.51	0.0024721	118.24	238.89	0.89610	1.9912	3.2174	1381.0	-0.045315	8.4504e-05	0.17548	liquid
163.00	488.00	403.48	0.0024784	121.16	242.10	0.91590	1.9885	3.2175	1375.5	-0.045146	8.3582e-05	0.17452	liquid
164.00	488.00	402.46	0.0024847	124.07	245.32	0.93558	1.9857	3.2176	1370.1	-0.044975	8.2678e-05	0.17356	liquid
165.00	488.00	401.43	0.0024911	126.97	248.54	0.95514	1.9830	3.2178	1364.7	-0.044801	8.1792e-05	0.17261	liquid
166.00	488.00	400.41	0.0024975	129.88	251.76	0.97458	1.9804	3.2179	1359.4	-0.044625	8.0924e-05	0.17166	liquid
167.00	488.00	399.38	0.0025039	132.79	254.97	0.99391	1.9777	3.2181	1354.0	-0.044447	8.0074e-05	0.17072	liquid
168.00	488.00	398.36	0.0025103	135.69	258.19	1.0131	1.9751	3.2182	1348.7	-0.044266	7.9239e-05	0.16979	liquid
169.00	488.00	397.33	0.0025168	138.59	261.41	1.0322	1.9726	3.2184	1343.4	-0.044083	7.8421e-05	0.16885	liquid
170.00	488.00	396.31	0.0025233	141.49	264.63	1.0512	1.9700	3.2186	1338.1	-0.043897	7.7619e-05	0.16793	liquid
171.00	488.00	395.28	0.0025299	144.39	267.85	1.0701	1.9675	3.2187	1332.8	-0.043709	7.6832e-05	0.16701	liquid
172.00	488.00	394.25	0.0025364	147.29	271.07	1.0889	1.9650	3.2189	1327.6	-0.043518	7.6059e-05	0.16610	liquid
173.00	488.00	393.23	0.0025431	150.18	274.28	1.1075	1.9626	3.2191	1322.4	-0.043326	7.5301e-05	0.16519	liquid
174.00	488.00	392.20	0.0025497	153.08	277.50	1.1261	1.9602	3.2194	1317.2	-0.043130	7.4557e-05	0.16429	liquid
175.00	488.00	391.17	0.0025564	155.97	280.72	1.1445	1.9578	3.2196	1312.0	-0.042932	7.3827e-05	0.16339	liquid
176.00	488.00	390.15	0.0025631	158.86	283.94	1.1629	1.9554	3.2198	1306.8	-0.042732	7.3110e-05	0.16250	liquid
177.00	488.00	389.12	0.0025699	161.75	287.16	1.1811	1.9531	3.2201	1301.7	-0.042529	7.2405e-05	0.16162	liquid
178.00	488.00	388.09	0.0025767	164.64	290.38	1.1993	1.9508	3.2203	1296.6	-0.042324	7.1714e-05	0.16074	liquid
179.00	488.00	387.07	0.0025835	167.53	293.60	1.2173	1.9486	3.2206	1291.5	-0.042116	7.1034e-05	0.15987	liquid
180.00	488.00	386.04	0.0025904	170.41	296.82	1.2352	1.9463	3.2208	1286.4	-0.041906	7.0366e-05	0.15900	liquid
181.00	488.00	385.01	0.0025973	173.30	300.05	1.2531	1.9442	3.2211	1281.4	-0.041693	6.9710e-05	0.15814	liquid
182.00	488.00	383.99	0.0026043	176.18	303.27	1.2708	1.9420	3.2214	1276.4	-0.041478	6.9066e-05	0.15729	liquid
183.00	488.00	382.96	0.0026113	179.06	306.49	1.2885	1.9399	3.2217	1271.4	-0.041261	6.8432e-05	0.15644	liquid
184.00	488.00	381.93	0.0026183	181.94	309.71	1.3060	1.9378	3.2220	1266.4	-0.041040	6.7809e-05	0.15560	liquid
185.00	488.00	380.90	0.0026253	184.82	312.93	1.3235	1.9357	3.2223	1261.5	-0.040818	6.7196e-05	0.15476	liquid
186.00	488.00	379.88	0.0026324	187.69	316.15	1.3409	1.9337	3.2226	1256.5	-0.040593	6.6594e-05	0.15393	liquid
187.00	488.00	378.85	0.0026396	190.57	319.38	1.3582	1.9317	3.2230	1251.6	-0.040365	6.6002e-05	0.15311	liquid
188.00	488.00	377.82	0.0026468	193.44	322.60	1.3753	1.9297	3.2233	1246.8	-0.040135	6.5420e-05	0.15229	liquid
189.00	488.00	376.79	0.0026540	196.31	325.82	1.3924	1.9277	3.2237	1241.9	-0.039903	6.4847e-05	0.15148	liquid
190.00	488.00	375.77	0.0026612	199.18	329.05	1.4095	1.9258	3.2240	1237.1	-0.039668	6.4283e-05	0.15068	liquid
191.00	488.00	374.74	0.0026685	202.05	332.27	1.4264	1.9240	3.2244	1232.3	-0.039430	6.3729e-05	0.14988	supercritical
192.00	488.00	373.71	0.0026759	204.91	335.50	1.4432	1.9221	3.2247	1227.5	-0.039191	6.3183e-05	0.14908	supercritical
193.00	488.00	372.68	0.0026832	207.78	338.72	1.4600	1.9203	3.2251	1222.8	-0.038948	6.2646e-05	0.14829	supercritical
194.00	488.00	371.66	0.0026906	210.64	341.95	1.4766	1.9185	3.2255	1218.0	-0.038704	6.2118e-05	0.14751	supercritical
195.00	488.00	370.63	0.0026981	213.51	345.17	1.4932	1.9168	3.2259	1213.3	-0.038457	6.1598e-05	0.14673	supercritical
196.00	488.00	369.60	0.0027056	216.37	348.40	1.5097	1.9151	3.2263	1208.6	-0.038207	6.1086e-05	0.14596	supercritical
197.00	488.00	368.58	0.0027131	219.22	351.63	1.5262	1.9134	3.2267	1204.0	-0.037955	6.0582e-05	0.14519	supercritical
198.00	488.00	367.55	0.0027207	222.08	354.85	1.5425	1.9118	3.2271	1199.4	-0.037701	6.0086e-05	0.14443	supercritical
199.00	488.00	366.53	0.0027283	224.94	358.08	1.5587	1.9101	3.2275	1194.8	-0.037444	5.9598e-05	0.14368	supercritical
200.00	488.00	365.50	0.0027360	227.79	361.31	1.5749	1.9086	3.2279	1190.2	-0.037186	5.9117e-05	0.14293	supercritical
201.00	488.00	364.47	0.0027437	230.64	364.54	1.5910	1.9070	3.2283	1185.6	-0.036924	5.8643e-05	0.14219	supercritical
202.00	488.00	363.45	0.0027514	233.49	367.76	1.6071	1.9055	3.2287	1181.1	-0.036661	5.8177e-05	0.14146	supercritical
203.00	488.00	362.42	0.0027592	236.34	370.99	1.6230	1.9040	3.2291	1176.6	-0.036395	5.7717e-05	0.14073	supercritical
204.00	488.00	361.40	0.0027670	239.19	374.22	1.6389	1.9026	3.2296	1172.1	-0.036126	5.7265e-05	0.14000	supercritical
205.00	488.00	360.37	0.0027749	242.04	377.45	1.6547	1.9011	3.2300	1167.7	-0.035856	5.6819e-05	0.13929	supercritical
206.00	488.00	359.35	0.0027828	244.88	380.68	1.6704	1.8997	3.2304	1163.2	-0.035583	5.6380e-05	0.13858	supercritical
207.00	488.00	358.33	0.0027908	247.72	383.91	1.6860	1.8984	3.2309	1158.8	-0.035308	5.5947e-05	0.13787	supercritical
208.00	488.00	357.30	0.0027987	250.57	387.14	1.7016	1.8971	3.2313	1154.5	-0.035031	5.5520e-05	0.13717	supercritical
209.00	488.00	356.28	0.0028068	253.40	390.38	1.7171	1.8958	3.2317	1150.1	-0.034752	5.5100e-05	0.13648	supercritical
210.00	488.00	355.26	0.0028149	256.24	393.61	1.7325	1.8945	3.2322	1145.8	-0.034471	5.4686e-05	0.13579	supercritical
211.00	488.00	354.24	0.0028230	259.08	396.84	1.7479	1.8933	3.2326	1141.5	-0.034187	5.4278e-05	0.13511	supercritical
212.00	488.00	353.21	0.0028311	261.91	400.07	1.7632	1.8921	3.2331	1137.2	-0.033901	5.3876e-05	0.13444	supercritical
213.00	488.00	352.19	0.0028393	264.75	403.31	1.7784	1.8909	3.2335	1133.0	-0.033614	5.3479e-05	0.13377	supercritical
214.00	488.00	351.17	0.0028476	267.58	406.54	1.7935	1.8898	3.2339	1128.8	-0.033324	5.3088e-05	0.13311	supercritical
215.00	488.00	350.15	0.0028559	270.41	409.77	1.8086	1.8887	3.2344	1124.6	-0.033032	5.2703e-05	0.13245	supercritical
216.00	488.00	349.13	0.0028642	273.23	413.01	1.8236	1.8876	3.2348	1120.4	-0.032739	5.2323e-05	0.13180	supercritical
217.00	488.00	348.12	0.0028726	276.06	416.24	1.8386	1.8866	3.2353	1116.3	-0.032443	5.1949e-05	0.13116	supercritical
218.00	488.00	347.10	0.0028810	278.88	419.48	1.8534	1.8856	3.2357	1112.2	-0.032145	5.1579e-05	0.13052	supercritical
219.00	488.00	346.08	0.0028895	281.71	422.71	1.8682	1.8846	3.2361	1108.1	-0.031846	5.1215e-05	0.12988	supercritical
220.00	488.00	345.07	0.0028980	284.53	425.95	1.8830	1.8837	3.2366	1104.1	-0.031545	5.0856e-05	0.12926	supercritical
221.00	488.00	344.05	0.0029066	287.35	429.19	1.8977	1.8828	3.2370	1100.1	-0.031242	5.0502e-05	0.12864	supercritical
222.00	488.00	343.04	0.0029152	290.17	432.43	1.9123	1.8819	3.2374	1096.1	-0.030937	5.0153e-05	0.12802	supercritical
223.00	488.00	342.02	0.0029238	292.98	435.66	1.9268	1.8811	3.2379	1092.1	-0.030630	4.9809e-05	0.12741	supercritical
224.00	488.00	341.01	0.0029325	295.80	438.90	1.9413	1.8803	3.2383	1088.2	-0.030322	4.9469e-05	0.12681	supercritical
225.00	488.00	340.00	0.0029412	298.61	442.14	1.9557	1.8795	3.2387	1084.2	-0.030012	4.9134e-05	0.12621	supercritical
226.00	488.00	338.98	0.0029500	301.42	445.38	1.9701	1.8788	3.2391	1080.4	-0.029700	4.8804e-05	0.12562	supercritical
227.00	488.00	337.97	0.0029588	304.23	448.62	1.9844	1.8781	3.2395	1076.5	-0.029387	4.8478e-05	0.12503	supercritical
228.00	488.00	336.97	0.0029677	307.04	451.86	1.9986	1.8774	3.2399	1072.7	-0.029072	4.8156e-05	0.12445	supercritical
229.00	488.00	335.96	0.0029766	309.84	455.10	2.0128	1.8767	3.2403	1068.9	-0.028756	4.7839e-05	0.12388	supercritical
230.00	488.00	334.95	0.0029855	312.64	458.34	2.0269	1.8761	3.2407	1065.1	-0.028439	4.7526e-05	0.12331	supercritical
231.00	488.00	333.94	0.0029945	315.45	461.58	2.0410	1.8755	3.2411	1061.3	-0.028120	4.7217e-05	0.12274	supercritical
232.00	488.00	332.94	0.0030036	318.25	464.82	2.0550	1.8750	3.2415	1057.6	-0.027799	4.6912e-05	0.12219	supercritical
233.00	488.00	331.93	0.0030126	321.04	468.06	2.0690	1.8745	3.2419	1053.9	-0.027478	4.6612e-05	0.12163	supercritical
234.00	488.00	330.93	0.0030218	323.84	471.30	2.0828	1.8740	3.2422	1050.3	-0.027155	4.6315e-05	0.12109	supercritical
235.00	488.00	329.93	0.0030309	326.64	474.55	2.0967	1.8735	3.2426	1046.6	-0.026831	4.6022e-05	0.12055	supercritical
236.00	488.00	328.93	0.0030402	329.43	477.79	2.1104	1.8731	3.2429	1043.0	-0.026505	4.5733e-05	0.12001	supercritical
237.00	488.00	327.93	0.0030494	332.22	481.03	2.1241	1.8727	3.2433	1039.5	-0.026179	4.5448e-05	0.11948	supercritical
238.00	488.00	326.93	0.0030587	335.01	484.28	2.1378	1.8723	3.2436	1035.9	-0.025851	4.5167e-05	0.11896	supercritical
239.00	488.00	325.94	0.0030681	337.80	487.52	2.1514	1.8720	3.2439	1032.4	-0.025523	4.4889e-05	0.11844	supercritical
240.00	488.00	324.94	0.0030775	340.58	490.76	2.1649	1.8717	3.2443	1028.9	-0.025194	4.4615e-05	0.11793	supercritical
241.00	488.00	323.95	0.0030869	343.37	494.01	2.1784	1.8714	3.2446	1025.4	-0.024863	4.4345e-05	0.11742	supercritical
242.00	488.00	322.96	0.0030964	346.15	497.25	2.1919	1.8712	3.2449	1022.0	-0.024532	4.4078e-05	0.11692	supercritical
243.00	488.00	321.96	0.0031059	348.93	500.50	2.2053	1.8710	3.2452	1018.6	-0.024200	4.3815e-05	0.11642	supercritical
244.00	488.00	320.98	0.0031155	351.71	503.74	2.2186	1.8708	3.2454	1015.2	-0.023867	4.3555e-05	0.11593	supercritical
245.00	488.00	319.99	0.0031251	354.48	506.99	2.2319	1.8706	3.2457	1011.9	-0.023534	4.3298e-05	0.11545	supercritical
246.00	488.00	319.00	0.0031348	357.26	510.23	2.2451	1.8705	3.2460	1008.5	-0.023200	4.3045e-05	0.11497	supercritical
247.00	488.00	318.02	0.0031445	360.03	513.48	2.2582	1.8704	3.2462	1005.3	-0.022865	4.2794e-05	0.11449	supercritical
248.00	488.00	317.03	0.0031542	362.80	516.73	2.2714	1.8704	3.2464	1002.0	-0.022530	4.2548e-05	0.11402	supercritical
249.00	488.00	316.05	0.0031640	365.57	519.97	2.2844	1.8703	3.2467	998.75	-0.022194	4.2304e-05	0.11356	supercritical
250.00	488.00	315.07	0.0031739	368.34	523.22	2.2974	1.8703	3.2469	995.54	-0.021858	4.2063e-05	0.11310	supercritical
251.00	488.00	314.10	0.0031837	371.10	526.47	2.3104	1.8704	3.2471	992.36	-0.021522	4.1826e-05	0.11265	supercritical
252.00	488.00	313.12	0.0031937	373.86	529.71	2.3233	1.8704	3.2473	989.21	-0.021185	4.1591e-05	0.11220	supercritical
253.00	488.00	312.15	0.0032036	376.63	532.96	2.3362	1.8705	3.2475	986.09	-0.020848	4.1360e-05	0.11176	supercritical
254.00	488.00	311.17	0.0032136	379.38	536.21	2.3490	1.8706	3.2476	982.99	-0.020511	4.1131e-05	0.11132	supercritical
255.00	488.00	310.20	0.0032237	382.14	539.46	2.3617	1.8708	3.2478	979.92	-0.020174	4.0906e-05	0.11089	supercritical
256.00	488.00	309.24	0.0032338	384.90	542.70	2.3745	1.8710	3.2479	976.89	-0.019836	4.0683e-05	0.11046	supercritical
257.00	488.00	308.27	0.0032439	387.65	545.95	2.3871	1.8712	3.2481	973.87	-0.019499	4.0463e-05	0.11004	supercritical
258.00	488.00	307.31	0.0032541	390.40	549.20	2.3997	1.8714	3.2482	970.89	-0.019162	4.0246e-05	0.10962	supercritical
259.00	488.00	306.34	0.0032643	393.15	552.45	2.4123	1.8717	3.2483	967.94	-0.018825	4.0031e-05	0.10921	supercritical
260.00	488.00	305.38	0.0032746	395.90	555.70	2.4248	1.8720	3.2484	965.01	-0.018488	3.9820e-05	0.10880	supercritical
261.00	488.00	304.43	0.0032849	398.64	558.95	2.4373	1.8723	3.2485	962.11	-0.018151	3.9611e-05	0.10840	supercritical
262.00	488.00	303.47	0.0032952	401.39	562.19	2.4497	1.8727	3.2485	959.24	-0.017814	3.9404e-05	0.10800	supercritical
263.00	488.00	302.52	0.0033056	404.13	565.44	2.4621	1.8730	3.2486	956.39	-0.017478	3.9201e-05	0.10761	supercritical
264.00	488.00	301.56	0.0033160	406.87	568.69	2.4744	1.8734	3.2486	953.58	-0.017142	3.8999e-05	0.10723	supercritical
265.00	488.00	300.61	0.0033265	409.61	571.94	2.4867	1.8739	3.2487	950.79	-0.016807	3.8801e-05	0.10684	supercritical
266.00	488.00	299.67	0.0033370	412.34	575.19	2.4989	1.8744	3.2487	948.03	-0.016472	3.8605e-05	0.10647	supercritical
267.00	488.00	298.72	0.0033476	415.08	578.44	2.5111	1.8748	3.2487	945.30	-0.016138	3.8411e-05	0.10609	supercritical
268.00	488.00	297.78	0.0033582	417.81	581.69	2.5233	1.8754	3.2487	942.59	-0.015805	3.8220e-05	0.10573	supercritical
269.00	488.00	296.84	0.0033688	420.54	584.93	2.5354	1.8759	3.2486	939.91	-0.015472	3.8031e-05	0.10536	supercritical
270.00	488.00	295.90	0.0033795	423.26	588.18	2.5474	1.8765	3.2486	937.26	-0.015140	3.7844e-05	0.10501	supercritical
271.00	488.00	294.97	0.0033902	425.99	591.43	2.5594	1.8771	3.2486	934.64	-0.014809	3.7660e-05	0.10465	supercritical
272.00	488.00	294.03	0.0034010	428.71	594.68	2.5714	1.8777	3.2485	932.04	-0.014478	3.7478e-05	0.10430	supercritical
273.00	488.00	293.10	0.0034118	431.44	597.93	2.5833	1.8784	3.2484	929.47	-0.014149	3.7299e-05	0.10396	supercritical
274.00	488.00	292.18	0.0034226	434.16	601.18	2.5952	1.8791	3.2484	926.93	-0.013820	3.7121e-05	0.10362	supercritical
275.00	488.00	291.25	0.0034335	436.87	604.43	2.6070	1.8798	3.2483	924.41	-0.013493	3.6946e-05	0.10329	supercritical
276.00	488.00	290.33	0.0034444	439.59	607.67	2.6188	1.8805	3.2481	921.92	-0.013167	3.6773e-05	0.10296	supercritical
277.00	488.00	289.41	0.0034553	442.30	610.92	2.6306	1.8813	3.2480	919.46	-0.012842	3.6603e-05	0.10263	supercritical
278.00	488.00	288.49	0.0034663	445.01	614.17	2.6423	1.8821	3.2479	917.02	-0.012518	3.6434e-05	0.10231	supercritical
279.00	488.00	287.58	0.0034773	447.72	617.42	2.6539	1.8829	3.2477	914.61	-0.012195	3.6268e-05	0.10199	supercritical
280.00	488.00	286.67	0.0034884	450.43	620.67	2.6656	1.8837	3.2476	912.22	-0.011874	3.6103e-05	0.10168	supercritical
281.00	488.00	285.76	0.0034995	453.14	623.91	2.6771	1.8846	3.2474	909.87	-0.011554	3.5941e-05	0.10137	supercritical
282.00	488.00	284.85	0.0035106	455.84	627.16	2.6887	1.8855	3.2472	907.53	-0.011235	3.5781e-05	0.10107	supercritical
283.00	488.00	283.95	0.0035218	458.54	630.41	2.7002	1.8864	3.2470	905.23	-0.010918	3.5623e-05	0.10077	supercritical
284.00	488.00	283.04	0.0035330	461.24	633.65	2.7116	1.8874	3.2468	902.95	-0.010602	3.5466e-05	0.10047	supercritical
285.00	488.00	282.15	0.0035443	463.94	636.90	2.7230	1.8884	3.2466	900.69	-0.010288	3.5312e-05	0.10018	supercritical
286.00	488.00	281.25	0.0035555	466.64	640.15	2.7344	1.8894	3.2464	898.46	-0.0099757	3.5160e-05	0.099898	supercritical
287.00	488.00	280.36	0.0035669	469.33	643.39	2.7457	1.8904	3.2462	896.26	-0.0096650	3.5009e-05	0.099616	supercritical
288.00	488.00	279.47	0.0035782	472.02	646.64	2.7570	1.8914	3.2459	894.08	-0.0093560	3.4861e-05	0.099338	supercritical
289.00	488.00	278.58	0.0035896	474.71	649.89	2.7683	1.8925	3.2457	891.92	-0.0090487	3.4714e-05	0.099064	supercritical
290.00	488.00	277.70	0.0036010	477.40	653.13	2.7795	1.8936	3.2454	889.79	-0.0087433	3.4569e-05	0.098795	supercritical
291.00	488.00	276.82	0.0036125	480.09	656.38	2.7907	1.8947	3.2451	887.69	-0.0084397	3.4426e-05	0.098529	supercritical
292.00	488.00	275.94	0.0036240	482.77	659.62	2.8018	1.8959	3.2448	885.61	-0.0081381	3.4285e-05	0.098267	supercritical
293.00	488.00	275.07	0.0036355	485.45	662.87	2.8129	1.8971	3.2445	883.55	-0.0078384	3.4145e-05	0.098010	supercritical
294.00	488.00	274.19	0.0036470	488.13	666.11	2.8239	1.8982	3.2442	881.52	-0.0075406	3.4007e-05	0.097757	supercritical
295.00	488.00	273.33	0.0036586	490.81	669.35	2.8349	1.8995	3.2439	879.51	-0.0072450	3.3872e-05	0.097507	supercritical
296.00	488.00	272.46	0.0036703	493.49	672.60	2.8459	1.9007	3.2436	877.53	-0.0069514	3.3737e-05	0.097261	supercritical
297.00	488.00	271.60	0.0036819	496.16	675.84	2.8569	1.9020	3.2433	875.57	-0.0066599	3.3605e-05	0.097020	supercritical
298.00	488.00	270.74	0.0036936	498.84	679.09	2.8678	1.9033	3.2430	873.63	-0.0063705	3.3474e-05	0.096782	supercritical
299.00	488.00	269.88	0.0037053	501.51	682.33	2.8786	1.9046	3.2426	871.72	-0.0060834	3.3345e-05	0.096548	supercritical
300.00	488.00	269.03	0.0037171	504.18	685.57	2.8895	1.9059	3.2423	869.83	-0.0057985	3.3217e-05	0.096317	supercritical
301.00	488.00	268.18	0.0037288	506.85	688.81	2.9002	1.9073	3.2419	867.96	-0.0055159	3.3091e-05	0.096091	supercritical
302.00	488.00	267.33	0.0037406	509.51	692.05	2.9110	1.9087	3.2416	866.12	-0.0052356	3.2967e-05	0.095868	supercritical
303.00	488.00	266.49	0.0037525	512.17	695.30	2.9217	1.9101	3.2412	864.30	-0.0049576	3.2844e-05	0.095649	supercritical
304.00	488.00	265.65	0.0037644	514.84	698.54	2.9324	1.9115	3.2408	862.50	-0.0046821	3.2723e-05	0.095434	supercritical
305.00	488.00	264.81	0.0037763	517.50	701.78	2.9430	1.9130	3.2404	860.73	-0.0044089	3.2603e-05	0.095222	supercritical
306.00	488.00	263.98	0.0037882	520.15	705.02	2.9536	1.9144	3.2401	858.97	-0.0041382	3.2485e-05	0.095014	supercritical
307.00	488.00	263.15	0.0038001	522.81	708.26	2.9642	1.9159	3.2397	857.24	-0.0038699	3.2368e-05	0.094809	supercritical
308.00	488.00	262.32	0.0038121	525.47	711.50	2.9747	1.9174	3.2393	855.53	-0.0036042	3.2253e-05	0.094608	supercritical
309.00	488.00	261.50	0.0038241	528.12	714.74	2.9852	1.9190	3.2389	853.85	-0.0033410	3.2139e-05	0.094410	supercritical
310.00	488.00	260.68	0.0038362	530.77	717.97	2.9957	1.9205	3.2385	852.18	-0.0030803	3.2027e-05	0.094216	supercritical
311.00	488.00	259.86	0.0038482	533.42	721.21	3.0061	1.9221	3.2381	850.54	-0.0028222	3.1916e-05	0.094026	supercritical
312.00	488.00	259.05	0.0038603	536.07	724.45	3.0165	1.9237	3.2377	848.92	-0.0025668	3.1806e-05	0.093838	supercritical
313.00	488.00	258.23	0.0038725	538.71	727.69	3.0269	1.9254	3.2373	847.32	-0.0023140	3.1698e-05	0.093654	supercritical
314.00	488.00	257.43	0.0038846	541.36	730.93	3.0372	1.9270	3.2369	845.74	-0.0020639	3.1592e-05	0.093474	supercritical
315.00	488.00	256.62	0.0038968	544.00	734.16	3.0475	1.9287	3.2365	844.18	-0.0018164	3.1486e-05	0.093297	supercritical
316.00	488.00	255.82	0.0039090	546.64	737.40	3.0578	1.9304	3.2361	842.64	-0.0015717	3.1382e-05	0.093123	supercritical
317.00	488.00	255.02	0.0039212	549.28	740.63	3.0680	1.9321	3.2356	841.12	-0.0013297	3.1280e-05	0.092952	supercritical
318.00	488.00	254.23	0.0039334	551.92	743.87	3.0782	1.9338	3.2352	839.62	-0.0010904	3.1179e-05	0.092785	supercritical
319.00	488.00	253.44	0.0039457	554.55	747.10	3.0883	1.9355	3.2348	838.14	-0.00085391	3.1079e-05	0.092620	supercritical
320.00	488.00	252.65	0.0039580	557.19	750.34	3.0985	1.9373	3.2344	836.69	-0.00062020	3.0980e-05	0.092459	supercritical
321.00	488.00	251.87	0.0039703	559.82	753.57	3.1086	1.9391	3.2340	835.25	-0.00038929	3.0882e-05	0.092301	supercritical
322.00	488.00	251.09	0.0039827	562.45	756.81	3.1186	1.9409	3.2336	833.83	-0.00016121	3.0786e-05	0.092146	supercritical
323.00	488.00	250.31	0.0039950	565.08	760.04	3.1286	1.9427	3.2332	832.43	6.4048e-05	3.0691e-05	0.091995	supercritical
324.00	488.00	249.54	0.0040074	567.71	763.27	3.1386	1.9446	3.2328	831.05	0.00028646	3.0598e-05	0.091846	supercritical
325.00	488.00	248.77	0.0040198	570.34	766.51	3.1486	1.9465	3.2324	829.69	0.00050601	3.0505e-05	0.091700	supercritical
326.00	488.00	248.00	0.0040322	572.96	769.74	3.1585	1.9483	3.2319	828.35	0.00072269	3.0414e-05	0.091557	supercritical
327.00	488.00	247.24	0.0040447	575.59	772.97	3.1684	1.9503	3.2315	827.03	0.00093648	3.0324e-05	0.091418	supercritical
328.00	488.00	246.48	0.0040572	578.21	776.20	3.1783	1.9522	3.2311	825.72	0.0011474	3.0235e-05	0.091281	supercritical
329.00	488.00	245.72	0.0040697	580.83	779.43	3.1881	1.9541	3.2308	824.44	0.0013554	3.0147e-05	0.091147	supercritical
330.00	488.00	244.97	0.0040822	583.45	782.66	3.1979	1.9561	3.2304	823.17	0.0015605	3.0061e-05	0.091016	supercritical
331.00	488.00	244.22	0.0040947	586.07	785.89	3.2077	1.9581	3.2300	821.92	0.0017627	2.9975e-05	0.090887	supercritical
332.00	488.00	243.47	0.0041073	588.69	789.12	3.2174	1.9601	3.2296	820.69	0.0019620	2.9891e-05	0.090762	supercritical
333.00	488.00	242.73	0.0041198	591.30	792.35	3.2272	1.9621	3.2292	819.47	0.0021583	2.9807e-05	0.090639	supercritical
334.00	488.00	241.99	0.0041324	593.92	795.58	3.2368	1.9641	3.2288	818.28	0.0023517	2.9725e-05	0.090520	supercritical
335.00	488.00	241.25	0.0041450	596.53	798.81	3.2465	1.9662	3.2285	817.10	0.0025422	2.9644e-05	0.090402	supercritical
336.00	488.00	240.52	0.0041577	599.14	802.04	3.2561	1.9683	3.2281	815.93	0.0027298	2.9564e-05	0.090288	supercritical
337.00	488.00	239.79	0.0041703	601.76	805.27	3.2657	1.9703	3.2278	814.79	0.0029144	2.9485e-05	0.090176	supercritical
338.00	488.00	239.06	0.0041830	604.37	808.49	3.2753	1.9725	3.2274	813.66	0.0030961	2.9407e-05	0.090067	supercritical
339.00	488.00	238.34	0.0041956	606.97	811.72	3.2848	1.9746	3.2271	812.55	0.0032748	2.9331e-05	0.089961	supercritical
340.00	488.00	237.62	0.0042083	609.58	814.95	3.2943	1.9767	3.2267	811.45	0.0034507	2.9255e-05	0.089857	supercritical
341.00	488.00	236.91	0.0042211	612.19	818.17	3.3038	1.9789	3.2264	810.38	0.0036236	2.9180e-05	0.089756	supercritical
342.00	488.00	236.20	0.0042338	614.79	821.40	3.3132	1.9811	3.2261	809.31	0.0037935	2.9106e-05	0.089657	supercritical
343.00	488.00	235.49	0.0042465	617.40	824.63	3.3226	1.9832	3.2258	808.27	0.0039606	2.9033e-05	0.089561	supercritical
344.00	488.00	234.78	0.0042593	620.00	827.85	3.3320	1.9855	3.2255	807.24	0.0041247	2.8961e-05	0.089467	supercritical
345.00	488.00	234.08	0.0042721	622.60	831.08	3.3414	1.9877	3.2252	806.22	0.0042859	2.8890e-05	0.089376	supercritical
346.00	488.00	233.38	0.0042849	625.20	834.30	3.3507	1.9899	3.2249	805.22	0.0044442	2.8820e-05	0.089287	supercritical
347.00	488.00	232.68	0.0042977	627.80	837.53	3.3600	1.9922	3.2246	804.24	0.0045996	2.8751e-05	0.089201	supercritical
348.00	488.00	231.99	0.0043105	630.40	840.75	3.3693	1.9945	3.2243	803.27	0.0047521	2.8683e-05	0.089117	supercritical
349.00	488.00	231.30	0.0043233	633.00	843.98	3.3786	1.9967	3.2241	802.31	0.0049017	2.8616e-05	0.089036	supercritical
350.00	488.00	230.62	0.0043362	635.60	847.20	3.3878	1.9991	3.2238	801.37	0.0050485	2.8550e-05	0.088956	supercritical
351.00	488.00	229.94	0.0043490	638.19	850.42	3.3970	2.0014	3.2236	800.45	0.0051923	2.8484e-05	0.088880	supercritical
352.00	488.00	229.26	0.0043619	640.79	853.65	3.4062	2.0037	3.2234	799.54	0.0053333	2.8420e-05	0.088805	supercritical
353.00	488.00	228.58	0.0043748	643.38	856.87	3.4153	2.0061	3.2232	798.64	0.0054715	2.8356e-05	0.088733	supercritical
354.00	488.00	227.91	0.0043877	645.97	860.09	3.4244	2.0084	3.2229	797.76	0.0056069	2.8293e-05	0.088663	supercritical
355.00	488.00	227.24	0.0044006	648.57	863.32	3.4335	2.0108	3.2228	796.90	0.0057394	2.8231e-05	0.088595	supercritical
356.00	488.00	226.58	0.0044135	651.16	866.54	3.4426	2.0132	3.2226	796.04	0.0058691	2.8170e-05	0.088530	supercritical
357.00	488.00	225.91	0.0044264	653.75	869.76	3.4516	2.0156	3.2224	795.20	0.0059960	2.8110e-05	0.088467	supercritical
358.00	488.00	225.26	0.0044394	656.34	872.98	3.4606	2.0181	3.2222	794.38	0.0061201	2.8051e-05	0.088406	supercritical
359.00	488.00	224.60	0.0044524	658.93	876.21	3.4696	2.0205	3.2221	793.56	0.0062414	2.7992e-05	0.088347	supercritical
360.00	488.00	223.95	0.0044653	661.52	879.43	3.4786	2.0230	3.2220	792.77	0.0063600	2.7934e-05	0.088290	supercritical
361.00	488.00	223.30	0.0044783	664.11	882.65	3.4875	2.0254	3.2218	791.98	0.0064759	2.7877e-05	0.088236	supercritical
362.00	488.00	222.65	0.0044913	666.70	885.87	3.4964	2.0279	3.2217	791.21	0.0065890	2.7821e-05	0.088183	supercritical
363.00	488.00	222.01	0.0045043	669.28	889.09	3.5053	2.0304	3.2216	790.45	0.0066995	2.7766e-05	0.088133	supercritical
364.00	488.00	221.37	0.0045173	671.87	892.31	3.5142	2.0329	3.2216	789.70	0.0068072	2.7711e-05	0.088084	supercritical
365.00	488.00	220.74	0.0045303	674.46	895.54	3.5230	2.0354	3.2215	788.96	0.0069122	2.7657e-05	0.088038	supercritical
366.00	488.00	220.10	0.0045433	677.04	898.76	3.5318	2.0380	3.2214	788.24	0.0070146	2.7604e-05	0.087994	supercritical
367.00	488.00	219.47	0.0045564	679.63	901.98	3.5406	2.0405	3.2214	787.53	0.0071144	2.7552e-05	0.087951	supercritical
368.00	488.00	218.85	0.0045694	682.21	905.20	3.5494	2.0431	3.2214	786.83	0.0072115	2.7500e-05	0.087911	supercritical
369.00	488.00	218.22	0.0045825	684.80	908.42	3.5581	2.0457	3.2214	786.15	0.0073061	2.7449e-05	0.087873	supercritical
370.00	488.00	217.60	0.0045955	687.38	911.64	3.5669	2.0483	3.2214	785.48	0.0073980	2.7399e-05	0.087836	supercritical
371.00	488.00	216.99	0.0046086	689.97	914.86	3.5755	2.0509	3.2214	784.81	0.0074874	2.7349e-05	0.087802	supercritical
372.00	488.00	216.37	0.0046217	692.55	918.09	3.5842	2.0535	3.2214	784.16	0.0075743	2.7300e-05	0.087769	supercritical
373.00	488.00	215.76	0.0046348	695.13	921.31	3.5929	2.0561	3.2215	783.52	0.0076586	2.7252e-05	0.087738	supercritical
374.00	488.00	215.15	0.0046478	697.71	924.53	3.6015	2.0588	3.2215	782.90	0.0077404	2.7205e-05	0.087710	supercritical
375.00	488.00	214.55	0.0046609	700.30	927.75	3.6101	2.0614	3.2216	782.28	0.0078197	2.7158e-05	0.087683	supercritical
376.00	488.00	213.95	0.0046740	702.88	930.97	3.6187	2.0641	3.2217	781.67	0.0078966	2.7112e-05	0.087657	supercritical
377.00	488.00	213.35	0.0046872	705.46	934.19	3.6272	2.0668	3.2218	781.08	0.0079710	2.7067e-05	0.087634	supercritical
378.00	488.00	212.75	0.0047003	708.04	937.42	3.6358	2.0695	3.2219	780.50	0.0080430	2.7022e-05	0.087613	supercritical
379.00	488.00	212.16	0.0047134	710.62	940.64	3.6443	2.0722	3.2221	779.92	0.0081126	2.6978e-05	0.087593	supercritical
380.00	488.00	211.57	0.0047265	713.21	943.86	3.6528	2.0749	3.2222	779.36	0.0081799	2.6934e-05	0.087575	supercritical
381.00	488.00	210.99	0.0047397	715.79	947.08	3.6612	2.0776	3.2224	778.81	0.0082447	2.6891e-05	0.087559	supercritical
382.00	488.00	210.40	0.0047528	718.37	950.30	3.6697	2.0804	3.2226	778.27	0.0083073	2.6849e-05	0.087544	supercritical
383.00	488.00	209.82	0.0047659	720.95	953.53	3.6781	2.0831	3.2228	777.74	0.0083675	2.6807e-05	0.087532	supercritical
384.00	488.00	209.24	0.0047791	723.53	956.75	3.6865	2.0859	3.2230	777.22	0.0084254	2.6766e-05	0.087521	supercritical
385.00	488.00	208.67	0.0047923	726.11	959.97	3.6949	2.0887	3.2232	776.71	0.0084811	2.6726e-05	0.087511	supercritical
386.00	488.00	208.10	0.0048054	728.69	963.20	3.7033	2.0915	3.2235	776.21	0.0085345	2.6686e-05	0.087504	supercritical
387.00	488.00	207.53	0.0048186	731.27	966.42	3.7116	2.0943	3.2237	775.71	0.0085857	2.6647e-05	0.087498	supercritical
388.00	488.00	206.96	0.0048317	733.85	969.64	3.7199	2.0971	3.2240	775.23	0.0086347	2.6608e-05	0.087493	supercritical
389.00	488.00	206.40	0.0048449	736.44	972.87	3.7282	2.0999	3.2243	774.76	0.0086815	2.6570e-05	0.087490	supercritical
390.00	488.00	205.84	0.0048581	739.02	976.09	3.7365	2.1027	3.2246	774.30	0.0087262	2.6533e-05	0.087489	supercritical
391.00	488.00	205.29	0.0048713	741.60	979.32	3.7448	2.1056	3.2250	773.85	0.0087687	2.6496e-05	0.087490	supercritical
392.00	488.00	204.73	0.0048845	744.18	982.54	3.7530	2.1084	3.2253	773.40	0.0088092	2.6459e-05	0.087492	supercritical
393.00	488.00	204.18	0.0048976	746.76	985.77	3.7612	2.1113	3.2257	772.97	0.0088475	2.6423e-05	0.087495	supercritical
394.00	488.00	203.63	0.0049108	749.35	988.99	3.7694	2.1141	3.2261	772.54	0.0088838	2.6388e-05	0.087501	supercritical
395.00	488.00	203.09	0.0049240	751.93	992.22	3.7776	2.1170	3.2265	772.12	0.0089181	2.6353e-05	0.087507	supercritical
396.00	488.00	202.54	0.0049372	754.51	995.45	3.7857	2.1199	3.2269	771.71	0.0089503	2.6319e-05	0.087516	supercritical
397.00	488.00	202.00	0.0049504	757.09	998.67	3.7939	2.1228	3.2273	771.31	0.0089805	2.6285e-05	0.087525	supercritical
398.00	488.00	201.47	0.0049636	759.68	1001.9	3.8020	2.1257	3.2278	770.92	0.0090088	2.6252e-05	0.087537	supercritical
399.00	488.00	200.93	0.0049768	762.26	1005.1	3.8101	2.1286	3.2282	770.54	0.0090352	2.6220e-05	0.087549	supercritical
400.00	488.00	200.40	0.0049900	764.84	1008.4	3.8182	2.1316	3.2287	770.17	0.0090596	2.6187e-05	0.087564	supercritical
401.00	488.00	199.87	0.0050032	767.43	1011.6	3.8262	2.1345	3.2292	769.80	0.0090821	2.6156e-05	0.087579	supercritical
402.00	488.00	199.34	0.0050164	770.01	1014.8	3.8343	2.1375	3.2297	769.44	0.0091028	2.6124e-05	0.087596	supercritical
403.00	488.00	198.82	0.0050297	772.60	1018.0	3.8423	2.1404	3.2303	769.09	0.0091216	2.6094e-05	0.087615	supercritical
404.00	488.00	198.30	0.0050429	775.18	1021.3	3.8503	2.1434	3.2308	768.75	0.0091386	2.6064e-05	0.087635	supercritical
405.00	488.00	197.78	0.0050561	777.77	1024.5	3.8583	2.1464	3.2314	768.42	0.0091538	2.6034e-05	0.087656	supercritical
406.00	488.00	197.27	0.0050693	780.36	1027.7	3.8663	2.1493	3.2320	768.09	0.0091672	2.6005e-05	0.087679	supercritical
407.00	488.00	196.75	0.0050825	782.95	1031.0	3.8742	2.1523	3.2326	767.77	0.0091788	2.5976e-05	0.087703	supercritical
408.00	488.00	196.24	0.0050957	785.53	1034.2	3.8822	2.1553	3.2332	767.46	0.0091887	2.5947e-05	0.087729	supercritical
409.00	488.00	195.73	0.0051090	788.12	1037.4	3.8901	2.1583	3.2338	767.16	0.0091969	2.5920e-05	0.087756	supercritical
410.00	488.00	195.23	0.0051222	790.71	1040.7	3.8980	2.1614	3.2345	766.86	0.0092034	2.5892e-05	0.087784	supercritical
411.00	488.00	194.73	0.0051354	793.30	1043.9	3.9059	2.1644	3.2351	766.57	0.0092083	2.5865e-05	0.087814	supercritical
412.00	488.00	194.23	0.0051486	795.89	1047.1	3.9137	2.1674	3.2358	766.29	0.0092115	2.5839e-05	0.087845	supercritical
413.00	488.00	193.73	0.0051618	798.48	1050.4	3.9216	2.1705	3.2365	766.01	0.0092131	2.5812e-05	0.087877	supercritical
414.00	488.00	193.23	0.0051751	801.07	1053.6	3.9294	2.1735	3.2372	765.75	0.0092131	2.5787e-05	0.087911	supercritical
415.00	488.00	192.74	0.0051883	803.67	1056.9	3.9372	2.1766	3.2380	765.49	0.0092115	2.5762e-05	0.087945	supercritical
416.00	488.00	192.25	0.0052015	806.26	1060.1	3.9450	2.1797	3.2387	765.23	0.0092084	2.5737e-05	0.087982	supercritical
417.00	488.00	191.77	0.0052147	808.85	1063.3	3.9528	2.1827	3.2395	764.98	0.0092037	2.5712e-05	0.088019	supercritical
418.00	488.00	191.28	0.0052279	811.45	1066.6	3.9605	2.1858	3.2403	764.74	0.0091975	2.5688e-05	0.088058	supercritical
419.00	488.00	190.80	0.0052412	814.04	1069.8	3.9683	2.1889	3.2411	764.51	0.0091899	2.5665e-05	0.088098	supercritical
420.00	488.00	190.32	0.0052544	816.64	1073.1	3.9760	2.1920	3.2419	764.28	0.0091808	2.5642e-05	0.088139	supercritical
421.00	488.00	189.84	0.0052676	819.24	1076.3	3.9837	2.1951	3.2428	764.06	0.0091702	2.5619e-05	0.088181	supercritical
422.00	488.00	189.36	0.0052808	821.84	1079.5	3.9914	2.1982	3.2436	763.85	0.0091583	2.5596e-05	0.088225	supercritical
423.00	488.00	188.89	0.0052940	824.43	1082.8	3.9991	2.2013	3.2445	763.64	0.0091449	2.5574e-05	0.088270	supercritical
424.00	488.00	188.42	0.0053072	827.03	1086.0	4.0068	2.2045	3.2454	763.44	0.0091301	2.5553e-05	0.088316	supercritical
425.00	488.00	187.95	0.0053205	829.64	1089.3	4.0144	2.2076	3.2463	763.24	0.0091140	2.5531e-05	0.088363	supercritical
426.00	488.00	187.49	0.0053337	832.24	1092.5	4.0220	2.2107	3.2472	763.05	0.0090966	2.5511e-05	0.088411	supercritical
427.00	488.00	187.02	0.0053469	834.84	1095.8	4.0296	2.2139	3.2481	762.87	0.0090778	2.5490e-05	0.088461	supercritical
428.00	488.00	186.56	0.0053601	837.44	1099.0	4.0372	2.2171	3.2491	762.69	0.0090578	2.5470e-05	0.088512	supercritical
429.00	488.00	186.11	0.0053733	840.05	1102.3	4.0448	2.2202	3.2501	762.52	0.0090365	2.5450e-05	0.088564	supercritical
430.00	488.00	185.65	0.0053865	842.65	1105.5	4.0524	2.2234	3.2510	762.36	0.0090139	2.5431e-05	0.088617	supercritical
431.00	488.00	185.19	0.0053997	845.26	1108.8	4.0599	2.2266	3.2521	762.20	0.0089901	2.5412e-05	0.088671	supercritical
432.00	488.00	184.74	0.0054129	847.87	1112.0	4.0675	2.2297	3.2531	762.04	0.0089651	2.5393e-05	0.088726	supercritical
433.00	488.00	184.29	0.0054261	850.48	1115.3	4.0750	2.2329	3.2541	761.89	0.0089389	2.5375e-05	0.088783	supercritical
434.00	488.00	183.85	0.0054393	853.09	1118.5	4.0825	2.2361	3.2552	761.75	0.0089115	2.5357e-05	0.088840	supercritical
435.00	488.00	183.40	0.0054525	855.70	1121.8	4.0900	2.2393	3.2562	761.61	0.0088830	2.5339e-05	0.088899	supercritical
436.00	488.00	182.96	0.0054657	858.31	1125.0	4.0975	2.2425	3.2573	761.48	0.0088533	2.5322e-05	0.088958	supercritical
437.00	488.00	182.52	0.0054789	860.93	1128.3	4.1050	2.2457	3.2584	761.35	0.0088225	2.5305e-05	0.089019	supercritical
438.00	488.00	182.08	0.0054921	863.54	1131.6	4.1124	2.2490	3.2595	761.23	0.0087907	2.5288e-05	0.089081	supercritical
439.00	488.00	181.64	0.0055053	866.16	1134.8	4.1198	2.2522	3.2606	761.12	0.0087577	2.5272e-05	0.089144	supercritical
440.00	488.00	181.21	0.0055185	868.78	1138.1	4.1273	2.2554	3.2618	761.00	0.0087237	2.5256e-05	0.089208	supercritical
441.00	488.00	180.78	0.0055317	871.39	1141.3	4.1347	2.2586	3.2629	760.90	0.0086886	2.5240e-05	0.089273	supercritical
442.00	488.00	180.35	0.0055449	874.02	1144.6	4.1421	2.2619	3.2641	760.80	0.0086526	2.5224e-05	0.089339	supercritical
443.00	488.00	179.92	0.0055581	876.64	1147.9	4.1494	2.2651	3.2653	760.70	0.0086155	2.5209e-05	0.089406	supercritical
444.00	488.00	179.49	0.0055712	879.26	1151.1	4.1568	2.2684	3.2665	760.61	0.0085774	2.5195e-05	0.089474	supercritical
445.00	488.00	179.07	0.0055844	881.88	1154.4	4.1641	2.2716	3.2677	760.52	0.0085384	2.5180e-05	0.089543	supercritical
446.00	488.00	178.65	0.0055976	884.51	1157.7	4.1715	2.2749	3.2690	760.44	0.0084984	2.5166e-05	0.089614	supercritical
447.00	488.00	178.23	0.0056108	887.14	1160.9	4.1788	2.2782	3.2702	760.36	0.0084575	2.5152e-05	0.089685	supercritical
448.00	488.00	177.81	0.0056239	889.76	1164.2	4.1861	2.2814	3.2715	760.29	0.0084157	2.5138e-05	0.089757	supercritical
449.00	488.00	177.40	0.0056371	892.39	1167.5	4.1934	2.2847	3.2728	760.22	0.0083730	2.5125e-05	0.089830	supercritical
450.00	488.00	176.98	0.0056503	895.02	1170.8	4.2007	2.2880	3.2741	760.16	0.0083294	2.5112e-05	0.089904	supercritical
451.00	488.00	176.57	0.0056634	897.66	1174.0	4.2080	2.2913	3.2754	760.10	0.0082849	2.5099e-05	0.089979	supercritical
452.00	488.00	176.16	0.0056766	900.29	1177.3	4.2152	2.2946	3.2767	760.05	0.0082396	2.5087e-05	0.090055	supercritical
453.00	488.00	175.75	0.0056897	902.93	1180.6	4.2225	2.2979	3.2780	759.99	0.0081934	2.5075e-05	0.090132	supercritical
454.00	488.00	175.35	0.0057029	905.56	1183.9	4.2297	2.3012	3.2794	759.95	0.0081464	2.5063e-05	0.090210	supercritical
455.00	488.00	174.95	0.0057160	908.20	1187.1	4.2369	2.3045	3.2807	759.91	0.0080987	2.5051e-05	0.090289	supercritical
456.00	488.00	174.54	0.0057292	910.84	1190.4	4.2441	2.3078	3.2821	759.87	0.0080501	2.5040e-05	0.090369	supercritical
457.00	488.00	174.15	0.0057423	913.48	1193.7	4.2513	2.3111	3.2835	759.84	0.0080008	2.5029e-05	0.090449	supercritical
458.00	488.00	173.75	0.0057555	916.13	1197.0	4.2585	2.3144	3.2849	759.81	0.0079507	2.5018e-05	0.090531	supercritical
459.00	488.00	173.35	0.0057686	918.77	1200.3	4.2656	2.3177	3.2864	759.78	0.0078999	2.5007e-05	0.090613	supercritical
460.00	488.00	172.96	0.0057817	921.42	1203.6	4.2728	2.3211	3.2878	759.76	0.0078483	2.4997e-05	0.090697	supercritical
461.00	488.00	172.57	0.0057949	924.06	1206.9	4.2799	2.3244	3.2892	759.75	0.0077961	2.4987e-05	0.090781	supercritical
462.00	488.00	172.18	0.0058080	926.71	1210.1	4.2871	2.3277	3.2907	759.73	0.0077431	2.4977e-05	0.090866	supercritical
463.00	488.00	171.79	0.0058211	929.37	1213.4	4.2942	2.3311	3.2922	759.72	0.0076895	2.4968e-05	0.090952	supercritical
464.00	488.00	171.40	0.0058342	932.02	1216.7	4.3013	2.3344	3.2937	759.72	0.0076352	2.4958e-05	0.091039	supercritical
465.00	488.00	171.02	0.0058473	934.67	1220.0	4.3084	2.3378	3.2952	759.72	0.0075803	2.4949e-05	0.091127	supercritical
466.00	488.00	170.64	0.0058604	937.33	1223.3	4.3155	2.3411	3.2967	759.72	0.0075247	2.4941e-05	0.091216	supercritical
467.00	488.00	170.25	0.0058736	939.99	1226.6	4.3225	2.3445	3.2982	759.73	0.0074685	2.4932e-05	0.091305	supercritical
468.00	488.00	169.88	0.0058867	942.65	1229.9	4.3296	2.3478	3.2998	759.74	0.0074116	2.4924e-05	0.091396	supercritical
469.00	488.00	169.50	0.0058998	945.31	1233.2	4.3366	2.3512	3.3013	759.75	0.0073542	2.4916e-05	0.091487	supercritical
470.00	488.00	169.12	0.0059129	947.97	1236.5	4.3437	2.3546	3.3029	759.77	0.0072962	2.4908e-05	0.091579	supercritical
471.00	488.00	168.75	0.0059259	950.64	1239.8	4.3507	2.3579	3.3045	759.79	0.0072376	2.4900e-05	0.091672	supercritical
472.00	488.00	168.38	0.0059390	953.30	1243.1	4.3577	2.3613	3.3061	759.81	0.0071785	2.4893e-05	0.091766	supercritical
473.00	488.00	168.01	0.0059521	955.97	1246.4	4.3647	2.3647	3.3077	759.84	0.0071188	2.4885e-05	0.091860	supercritical
474.00	488.00	167.64	0.0059652	958.64	1249.7	4.3717	2.3680	3.3093	759.87	0.0070586	2.4878e-05	0.091956	supercritical
475.00	488.00	167.27	0.0059783	961.31	1253.1	4.3787	2.3714	3.3110	759.90	0.0069978	2.4872e-05	0.092052	supercritical
476.00	488.00	166.91	0.0059913	963.99	1256.4	4.3856	2.3748	3.3126	759.94	0.0069366	2.4865e-05	0.092149	supercritical
477.00	488.00	166.54	0.0060044	966.66	1259.7	4.3926	2.3782	3.3143	759.98	0.0068749	2.4859e-05	0.092247	supercritical
478.00	488.00	166.18	0.0060175	969.34	1263.0	4.3995	2.3816	3.3159	760.02	0.0068126	2.4853e-05	0.092345	supercritical
479.00	488.00	165.82	0.0060305	972.02	1266.3	4.4065	2.3850	3.3176	760.07	0.0067499	2.4847e-05	0.092445	supercritical
480.00	488.00	165.46	0.0060436	974.70	1269.6	4.4134	2.3884	3.3193	760.12	0.0066867	2.4841e-05	0.092545	supercritical
481.00	488.00	165.11	0.0060566	977.38	1272.9	4.4203	2.3918	3.3210	760.17	0.0066231	2.4836e-05	0.092646	supercritical
482.00	488.00	164.75	0.0060697	980.07	1276.3	4.4272	2.3952	3.3227	760.23	0.0065591	2.4830e-05	0.092747	supercritical
483.00	488.00	164.40	0.0060827	982.76	1279.6	4.4341	2.3986	3.3245	760.29	0.0064946	2.4825e-05	0.092850	supercritical
484.00	488.00	164.05	0.0060958	985.45	1282.9	4.4409	2.4020	3.3262	760.35	0.0064297	2.4820e-05	0.092953	supercritical
485.00	488.00	163.70	0.0061088	988.14	1286.2	4.4478	2.4054	3.3280	760.42	0.0063644	2.4816e-05	0.093057	supercritical
486.00	488.00	163.35	0.0061218	990.83	1289.6	4.4547	2.4088	3.3297	760.49	0.0062986	2.4811e-05	0.093162	supercritical
487.00	488.00	163.00	0.0061349	993.52	1292.9	4.4615	2.4123	3.3315	760.56	0.0062325	2.4807e-05	0.093267	supercritical
488.00	488.00	162.66	0.0061479	996.22	1296.2	4.4684	2.4157	3.3333	760.63	0.0061661	2.4803e-05	0.093373	supercritical
489.00	488.00	162.31	0.0061609	998.92	1299.6	4.4752	2.4191	3.3351	760.71	0.0060992	2.4799e-05	0.093480	supercritical
490.00	488.00	161.97	0.0061739	1001.6	1302.9	4.4820	2.4225	3.3369	760.79	0.0060320	2.4795e-05	0.093588	supercritical
491.00	488.00	161.63	0.0061869	1004.3	1306.2	4.4888	2.4259	3.3387	760.87	0.0059645	2.4792e-05	0.093696	supercritical
492.00	488.00	161.29	0.0061999	1007.0	1309.6	4.4956	2.4294	3.3406	760.96	0.0058966	2.4788e-05	0.093805	supercritical
493.00	488.00	160.95	0.0062129	1009.7	1312.9	4.5024	2.4328	3.3424	761.05	0.0058284	2.4785e-05	0.093915	supercritical
494.00	488.00	160.62	0.0062259	1012.4	1316.3	4.5092	2.4362	3.3442	761.14	0.0057599	2.4782e-05	0.094025	supercritical
495.00	488.00	160.28	0.0062389	1015.2	1319.6	4.5159	2.4397	3.3461	761.23	0.0056910	2.4779e-05	0.094137	supercritical
496.00	488.00	159.95	0.0062519	1017.9	1323.0	4.5227	2.4431	3.3480	761.33	0.0056219	2.4777e-05	0.094248	supercritical
497.00	488.00	159.62	0.0062649	1020.6	1326.3	4.5294	2.4466	3.3499	761.43	0.0055525	2.4774e-05	0.094361	supercritical
498.00	488.00	159.29	0.0062779	1023.3	1329.7	4.5362	2.4500	3.3518	761.53	0.0054828	2.4772e-05	0.094474	supercritical
499.00	488.00	158.96	0.0062908	1026.0	1333.0	4.5429	2.4534	3.3537	761.63	0.0054128	2.4770e-05	0.094588	supercritical
500.00	488.00	158.63	0.0063038	1028.7	1336.4	4.5496	2.4569	3.3556	761.74	0.0053425	2.4768e-05	0.094703	supercritical
501.00	488.00	158.31	0.0063168	1031.5	1339.7	4.5563	2.4603	3.3575	761.85	0.0052720	2.4766e-05	0.094818	supercritical
502.00	488.00	157.98	0.0063297	1034.2	1343.1	4.5630	2.4638	3.3595	761.96	0.0052013	2.4764e-05	0.094934	supercritical
503.00	488.00	157.66	0.0063427	1036.9	1346.4	4.5697	2.4672	3.3614	762.07	0.0051303	2.4763e-05	0.095050	supercritical
504.00	488.00	157.34	0.0063556	1039.7	1349.8	4.5764	2.4707	3.3634	762.19	0.0050591	2.4761e-05	0.095168	supercritical
505.00	488.00	157.02	0.0063686	1042.4	1353.2	4.5830	2.4742	3.3653	762.31	0.0049876	2.4760e-05	0.095286	supercritical
506.00	488.00	156.70	0.0063815	1045.1	1356.5	4.5897	2.4776	3.3673	762.43	0.0049160	2.4759e-05	0.095404	supercritical
507.00	488.00	156.39	0.0063944	1047.9	1359.9	4.5963	2.4811	3.3693	762.55	0.0048441	2.4758e-05	0.095523	supercritical
508.00	488.00	156.07	0.0064074	1050.6	1363.3	4.6030	2.4845	3.3713	762.68	0.0047720	2.4758e-05	0.095643	supercritical
509.00	488.00	155.76	0.0064203	1053.3	1366.6	4.6096	2.4880	3.3733	762.80	0.0046998	2.4757e-05	0.095764	supercritical
510.00	488.00	155.44	0.0064332	1056.1	1370.0	4.6162	2.4915	3.3753	762.93	0.0046273	2.4757e-05	0.095885	supercritical
511.00	488.00	155.13	0.0064461	1058.8	1373.4	4.6229	2.4949	3.3773	763.06	0.0045547	2.4757e-05	0.096006	supercritical
512.00	488.00	154.82	0.0064591	1061.6	1376.8	4.6295	2.4984	3.3794	763.20	0.0044819	2.4757e-05	0.096129	supercritical
513.00	488.00	154.51	0.0064720	1064.3	1380.2	4.6361	2.5018	3.3814	763.34	0.0044090	2.4757e-05	0.096252	supercritical
514.00	488.00	154.21	0.0064849	1067.1	1383.5	4.6426	2.5053	3.3834	763.47	0.0043358	2.4757e-05	0.096375	supercritical
515.00	488.00	153.90	0.0064978	1069.8	1386.9	4.6492	2.5088	3.3855	763.61	0.0042626	2.4757e-05	0.096499	supercritical
516.00	488.00	153.59	0.0065107	1072.6	1390.3	4.6558	2.5123	3.3876	763.76	0.0041891	2.4758e-05	0.096624	supercritical
517.00	488.00	153.29	0.0065236	1075.4	1393.7	4.6623	2.5157	3.3897	763.90	0.0041156	2.4758e-05	0.096749	supercritical
518.00	488.00	152.99	0.0065364	1078.1	1397.1	4.6689	2.5192	3.3917	764.05	0.0040419	2.4759e-05	0.096875	supercritical
519.00	488.00	152.69	0.0065493	1080.9	1400.5	4.6754	2.5227	3.3938	764.20	0.0039681	2.4760e-05	0.097002	supercritical
520.00	488.00	152.39	0.0065622	1083.6	1403.9	4.6820	2.5262	3.3959	764.35	0.0038942	2.4761e-05	0.097129	supercritical
521.00	488.00	152.09	0.0065751	1086.4	1407.3	4.6885	2.5296	3.3980	764.50	0.0038201	2.4762e-05	0.097257	supercritical
522.00	488.00	151.79	0.0065879	1089.2	1410.7	4.6950	2.5331	3.4002	764.65	0.0037460	2.4764e-05	0.097385	supercritical
523.00	488.00	151.50	0.0066008	1092.0	1414.1	4.7015	2.5366	3.4023	764.81	0.0036717	2.4765e-05	0.097514	supercritical
524.00	488.00	151.20	0.0066137	1094.7	1417.5	4.7080	2.5401	3.4044	764.97	0.0035974	2.4767e-05	0.097644	supercritical
525.00	488.00	150.91	0.0066265	1097.5	1420.9	4.7145	2.5436	3.4066	765.13	0.0035230	2.4769e-05	0.097774	supercritical
526.00	488.00	150.62	0.0066394	1100.3	1424.3	4.7210	2.5470	3.4087	765.29	0.0034484	2.4770e-05	0.097904	supercritical
527.00	488.00	150.33	0.0066522	1103.1	1427.7	4.7275	2.5505	3.4109	765.45	0.0033738	2.4772e-05	0.098035	supercritical
528.00	488.00	150.04	0.0066650	1105.9	1431.1	4.7340	2.5540	3.4131	765.62	0.0032992	2.4774e-05	0.098167	supercritical
529.00	488.00	149.75	0.0066779	1108.6	1434.5	4.7404	2.5575	3.4152	765.79	0.0032244	2.4777e-05	0.098299	supercritical
530.00	488.00	149.46	0.0066907	1111.4	1437.9	4.7469	2.5610	3.4174	765.96	0.0031496	2.4779e-05	0.098432	supercritical
531.00	488.00	149.18	0.0067035	1114.2	1441.4	4.7533	2.5645	3.4196	766.13	0.0030748	2.4782e-05	0.098566	supercritical
532.00	488.00	148.89	0.0067163	1117.0	1444.8	4.7597	2.5679	3.4218	766.30	0.0029999	2.4784e-05	0.098699	supercritical
533.00	488.00	148.61	0.0067292	1119.8	1448.2	4.7662	2.5714	3.4240	766.47	0.0029249	2.4787e-05	0.098834	supercritical
534.00	488.00	148.32	0.0067420	1122.6	1451.6	4.7726	2.5749	3.4262	766.65	0.0028499	2.4790e-05	0.098969	supercritical
535.00	488.00	148.04	0.0067548	1125.4	1455.1	4.7790	2.5784	3.4285	766.83	0.0027749	2.4793e-05	0.099104	supercritical
536.00	488.00	147.76	0.0067676	1128.2	1458.5	4.7854	2.5819	3.4307	767.01	0.0026998	2.4796e-05	0.099240	supercritical
537.00	488.00	147.48	0.0067804	1131.0	1461.9	4.7918	2.5854	3.4329	767.19	0.0026247	2.4799e-05	0.099377	supercritical
538.00	488.00	147.21	0.0067932	1133.8	1465.4	4.7982	2.5889	3.4352	767.37	0.0025496	2.4802e-05	0.099514	supercritical
539.00	488.00	146.93	0.0068060	1136.7	1468.8	4.8046	2.5924	3.4374	767.56	0.0024745	2.4806e-05	0.099652	supercritical
540.00	488.00	146.65	0.0068187	1139.5	1472.2	4.8110	2.5959	3.4397	767.74	0.0023993	2.4809e-05	0.099790	supercritical
541.00	488.00	146.38	0.0068315	1142.3	1475.7	4.8173	2.5994	3.4419	767.93	0.0023242	2.4813e-05	0.099929	supercritical
542.00	488.00	146.11	0.0068443	1145.1	1479.1	4.8237	2.6028	3.4442	768.12	0.0022490	2.4817e-05	0.10007	supercritical
543.00	488.00	145.84	0.0068571	1147.9	1482.6	4.8300	2.6063	3.4465	768.31	0.0021738	2.4821e-05	0.10021	supercritical
544.00	488.00	145.56	0.0068698	1150.8	1486.0	4.8364	2.6098	3.4488	768.50	0.0020987	2.4825e-05	0.10035	supercritical
545.00	488.00	145.29	0.0068826	1153.6	1489.5	4.8427	2.6133	3.4511	768.69	0.0020235	2.4829e-05	0.10049	supercritical
546.00	488.00	145.03	0.0068953	1156.4	1492.9	4.8490	2.6168	3.4534	768.89	0.0019483	2.4833e-05	0.10063	supercritical
547.00	488.00	144.76	0.0069081	1159.2	1496.4	4.8554	2.6203	3.4557	769.08	0.0018732	2.4837e-05	0.10077	supercritical
548.00	488.00	144.49	0.0069208	1162.1	1499.8	4.8617	2.6238	3.4580	769.28	0.0017981	2.4842e-05	0.10091	supercritical
549.00	488.00	144.23	0.0069336	1164.9	1503.3	4.8680	2.6273	3.4603	769.48	0.0017230	2.4846e-05	0.10106	supercritical
550.00	488.00	143.96	0.0069463	1167.8	1506.7	4.8743	2.6308	3.4626	769.68	0.0016479	2.4851e-05	0.10120	supercritical
551.00	488.00	143.70	0.0069590	1170.6	1510.2	4.8806	2.6343	3.4650	769.88	0.0015729	2.4855e-05	0.10134	supercritical
552.00	488.00	143.44	0.0069718	1173.4	1513.7	4.8869	2.6378	3.4673	770.09	0.0014979	2.4860e-05	0.10149	supercritical
553.00	488.00	143.17	0.0069845	1176.3	1517.1	4.8931	2.6413	3.4696	770.29	0.0014229	2.4865e-05	0.10163	supercritical
554.00	488.00	142.91	0.0069972	1179.1	1520.6	4.8994	2.6448	3.4720	770.50	0.0013480	2.4870e-05	0.10178	supercritical
555.00	488.00	142.66	0.0070099	1182.0	1524.1	4.9057	2.6483	3.4744	770.70	0.0012731	2.4875e-05	0.10192	supercritical
556.00	488.00	142.40	0.0070226	1184.9	1527.6	4.9119	2.6518	3.4767	770.91	0.0011982	2.4880e-05	0.10207	supercritical
557.00	488.00	142.14	0.0070353	1187.7	1531.0	4.9182	2.6552	3.4791	771.12	0.0011234	2.4886e-05	0.10221	supercritical
558.00	488.00	141.88	0.0070480	1190.6	1534.5	4.9244	2.6587	3.4815	771.33	0.0010487	2.4891e-05	0.10236	supercritical
559.00	488.00	141.63	0.0070607	1193.4	1538.0	4.9306	2.6622	3.4838	771.54	0.00097401	2.4897e-05	0.10251	supercritical
560.00	488.00	141.37	0.0070734	1196.3	1541.5	4.9369	2.6657	3.4862	771.76	0.00089938	2.4902e-05	0.10266	supercritical
561.00	488.00	141.12	0.0070861	1199.2	1545.0	4.9431	2.6692	3.4886	771.97	0.00082481	2.4908e-05	0.10280	supercritical
562.00	488.00	140.87	0.0070988	1202.0	1548.5	4.9493	2.6727	3.4910	772.19	0.00075030	2.4914e-05	0.10295	supercritical
563.00	488.00	140.62	0.0071114	1204.9	1552.0	4.9555	2.6762	3.4934	772.41	0.00067587	2.4919e-05	0.10310	supercritical
564.00	488.00	140.37	0.0071241	1207.8	1555.4	4.9617	2.6797	3.4958	772.62	0.00060150	2.4925e-05	0.10325	supercritical
565.00	488.00	140.12	0.0071368	1210.7	1558.9	4.9679	2.6832	3.4982	772.84	0.00052721	2.4931e-05	0.10340	supercritical
566.00	488.00	139.87	0.0071494	1213.6	1562.4	4.9741	2.6867	3.5007	773.07	0.00045299	2.4937e-05	0.10355	supercritical
567.00	488.00	139.62	0.0071621	1216.4	1565.9	4.9803	2.6902	3.5031	773.29	0.00037885	2.4944e-05	0.10370	supercritical
568.00	488.00	139.38	0.0071748	1219.3	1569.5	4.9865	2.6937	3.5055	773.51	0.00030479	2.4950e-05	0.10385	supercritical
569.00	488.00	139.13	0.0071874	1222.2	1573.0	4.9926	2.6972	3.5079	773.73	0.00023081	2.4956e-05	0.10401	supercritical
570.00	488.00	138.89	0.0072001	1225.1	1576.5	4.9988	2.7007	3.5104	773.96	0.00015692	2.4963e-05	0.10416	supercritical
571.00	488.00	138.64	0.0072127	1228.0	1580.0	5.0050	2.7041	3.5128	774.19	8.3119e-05	2.4969e-05	0.10431	supercritical
572.00	488.00	138.40	0.0072253	1230.9	1583.5	5.0111	2.7076	3.5153	774.41	9.4073e-06	2.4976e-05	0.10446	supercritical
573.00	488.00	138.16	0.0072380	1233.8	1587.0	5.0172	2.7111	3.5177	774.64	-6.4212e-05	2.4983e-05	0.10462	supercritical
574.00	488.00	137.92	0.0072506	1236.7	1590.5	5.0234	2.7146	3.5202	774.87	-0.00013774	2.4989e-05	0.10477	supercritical
575.00	488.00	137.68	0.0072632	1239.6	1594.0	5.0295	2.7181	3.5227	775.10	-0.00021116	2.4996e-05	0.10492	supercritical
576.00	488.00	137.44	0.0072758	1242.5	1597.6	5.0356	2.7216	3.5251	775.33	-0.00028449	2.5003e-05	0.10508	supercritical
577.00	488.00	137.20	0.0072884	1245.4	1601.1	5.0417	2.7251	3.5276	775.57	-0.00035772	2.5010e-05	0.10523	supercritical
578.00	488.00	136.97	0.0073010	1248.3	1604.6	5.0479	2.7286	3.5301	775.80	-0.00043084	2.5017e-05	0.10539	supercritical
579.00	488.00	136.73	0.0073136	1251.3	1608.2	5.0540	2.7321	3.5326	776.04	-0.00050385	2.5024e-05	0.10555	supercritical
580.00	488.00	136.50	0.0073262	1254.2	1611.7	5.0601	2.7355	3.5351	776.27	-0.00057676	2.5032e-05	0.10570	supercritical
581.00	488.00	136.26	0.0073388	1257.1	1615.2	5.0662	2.7390	3.5375	776.51	-0.00064956	2.5039e-05	0.10586	supercritical
582.00	488.00	136.03	0.0073514	1260.0	1618.8	5.0722	2.7425	3.5400	776.75	-0.00072225	2.5046e-05	0.10602	supercritical
583.00	488.00	135.80	0.0073640	1262.9	1622.3	5.0783	2.7460	3.5425	776.98	-0.00079482	2.5054e-05	0.10617	supercritical
584.00	488.00	135.56	0.0073766	1265.9	1625.9	5.0844	2.7495	3.5451	777.22	-0.00086728	2.5062e-05	0.10633	supercritical
585.00	488.00	135.33	0.0073892	1268.8	1629.4	5.0905	2.7530	3.5476	777.46	-0.00093961	2.5069e-05	0.10649	supercritical
586.00	488.00	135.10	0.0074017	1271.7	1632.9	5.0965	2.7564	3.5501	777.71	-0.0010118	2.5077e-05	0.10665	supercritical
587.00	488.00	134.87	0.0074143	1274.7	1636.5	5.1026	2.7599	3.5526	777.95	-0.0010839	2.5085e-05	0.10681	supercritical
588.00	488.00	134.65	0.0074269	1277.6	1640.1	5.1086	2.7634	3.5551	778.19	-0.0011559	2.5092e-05	0.10697	supercritical
589.00	488.00	134.42	0.0074394	1280.6	1643.6	5.1147	2.7669	3.5577	778.44	-0.0012278	2.5100e-05	0.10713	supercritical
590.00	488.00	134.19	0.0074520	1283.5	1647.2	5.1207	2.7704	3.5602	778.68	-0.0012995	2.5108e-05	0.10729	supercritical
591.00	488.00	133.97	0.0074645	1286.5	1650.7	5.1267	2.7738	3.5627	778.93	-0.0013711	2.5116e-05	0.10745	supercritical
592.00	488.00	133.74	0.0074771	1289.4	1654.3	5.1328	2.7773	3.5653	779.17	-0.0014426	2.5125e-05	0.10761	supercritical
593.00	488.00	133.52	0.0074896	1292.4	1657.9	5.1388	2.7808	3.5678	779.42	-0.0015139	2.5133e-05	0.10777	supercritical
594.00	488.00	133.30	0.0075022	1295.3	1661.4	5.1448	2.7843	3.5704	779.67	-0.0015851	2.5141e-05	0.10793	supercritical
595.00	488.00	133.07	0.0075147	1298.3	1665.0	5.1508	2.7878	3.5729	779.92	-0.0016562	2.5149e-05	0.10809	supercritical
596.00	488.00	132.85	0.0075272	1301.2	1668.6	5.1568	2.7912	3.5755	780.17	-0.0017271	2.5158e-05	0.10826	supercritical
597.00	488.00	132.63	0.0075397	1304.2	1672.2	5.1628	2.7947	3.5780	780.42	-0.0017979	2.5166e-05	0.10842	supercritical
598.00	488.00	132.41	0.0075523	1307.2	1675.7	5.1688	2.7982	3.5806	780.67	-0.0018686	2.5175e-05	0.10858	supercritical
599.00	488.00	132.19	0.0075648	1310.2	1679.3	5.1748	2.8017	3.5831	780.93	-0.0019391	2.5183e-05	0.10874	supercritical
600.00	488.00	131.97	0.0075773	1313.1	1682.9	5.1808	2.8051	3.5857	781.18	-0.0020095	2.5192e-05	0.10891	supercritical
601.00	488.00	131.76	0.0075898	1316.1	1686.5	5.1867	2.8086	3.5883	781.43	-0.0020798	2.5201e-05	0.10907	supercritical
602.00	488.00	131.54	0.0076023	1319.1	1690.1	5.1927	2.8121	3.5909	781.69	-0.0021499	2.5209e-05	0.10924	supercritical
603.00	488.00	131.32	0.0076148	1322.1	1693.7	5.1987	2.8155	3.5935	781.94	-0.0022198	2.5218e-05	0.10940	supercritical
604.00	488.00	131.11	0.0076273	1325.1	1697.3	5.2046	2.8190	3.5960	782.20	-0.0022897	2.5227e-05	0.10957	supercritical
605.00	488.00	130.89	0.0076398	1328.0	1700.9	5.2106	2.8225	3.5986	782.46	-0.0023593	2.5236e-05	0.10973	supercritical
606.00	488.00	130.68	0.0076523	1331.0	1704.5	5.2165	2.8259	3.6012	782.72	-0.0024289	2.5245e-05	0.10990	supercritical
607.00	488.00	130.47	0.0076647	1334.0	1708.1	5.2224	2.8294	3.6038	782.97	-0.0024982	2.5254e-05	0.11006	supercritical
608.00	488.00	130.26	0.0076772	1337.0	1711.7	5.2284	2.8329	3.6064	783.23	-0.0025675	2.5263e-05	0.11023	supercritical
609.00	488.00	130.04	0.0076897	1340.0	1715.3	5.2343	2.8363	3.6090	783.49	-0.0026365	2.5273e-05	0.11040	supercritical
610.00	488.00	129.83	0.0077022	1343.0	1718.9	5.2402	2.8398	3.6116	783.75	-0.0027055	2.5282e-05	0.11057	supercritical
611.00	488.00	129.62	0.0077146	1346.0	1722.5	5.2462	2.8432	3.6142	784.02	-0.0027742	2.5291e-05	0.11073	supercritical
612.00	488.00	129.41	0.0077271	1349.0	1726.1	5.2521	2.8467	3.6168	784.28	-0.0028429	2.5300e-05	0.11090	supercritical
613.00	488.00	129.21	0.0077395	1352.0	1729.7	5.2580	2.8502	3.6194	784.54	-0.0029113	2.5310e-05	0.11107	supercritical
614.00	488.00	129.00	0.0077520	1355.1	1733.4	5.2639	2.8536	3.6221	784.81	-0.0029796	2.5319e-05	0.11124	supercritical
615.00	488.00	128.79	0.0077644	1358.1	1737.0	5.2698	2.8571	3.6247	785.07	-0.0030478	2.5329e-05	0.11141	supercritical
616.00	488.00	128.59	0.0077769	1361.1	1740.6	5.2757	2.8605	3.6273	785.33	-0.0031158	2.5339e-05	0.11158	supercritical
617.00	488.00	128.38	0.0077893	1364.1	1744.2	5.2815	2.8640	3.6299	785.60	-0.0031837	2.5348e-05	0.11175	supercritical
618.00	488.00	128.18	0.0078018	1367.1	1747.9	5.2874	2.8674	3.6326	785.87	-0.0032513	2.5358e-05	0.11192	supercritical
619.00	488.00	127.97	0.0078142	1370.2	1751.5	5.2933	2.8709	3.6352	786.13	-0.0033189	2.5368e-05	0.11209	supercritical
620.00	488.00	127.77	0.0078266	1373.2	1755.1	5.2992	2.8743	3.6378	786.40	-0.0033862	2.5377e-05	0.11226	supercritical
621.00	488.00	127.57	0.0078390	1376.2	1758.8	5.3050	2.8778	3.6405	786.67	-0.0034535	2.5387e-05	0.11243	supercritical
622.00	488.00	127.36	0.0078515	1379.3	1762.4	5.3109	2.8812	3.6431	786.94	-0.0035205	2.5397e-05	0.11260	supercritical
623.00	488.00	127.16	0.0078639	1382.3	1766.1	5.3168	2.8847	3.6457	787.21	-0.0035874	2.5407e-05	0.11277	supercritical
624.00	488.00	126.96	0.0078763	1385.3	1769.7	5.3226	2.8881	3.6484	787.48	-0.0036541	2.5417e-05	0.11294	supercritical
625.00	488.00	126.76	0.0078887	1388.4	1773.4	5.3284	2.8916	3.6510	787.75	-0.0037207	2.5427e-05	0.11311	supercritical
