Temperature (K)	Pressure (bar)	Density (kg/m3)	Volume (m3/kg)	Internal Energy (kJ/kg)	Enthalpy (kJ/kg)	Entropy (J/g*K)	Cv (J/g*K)	Cp (J/g*K)	Sound Spd. (m/s)	Joule-Thomson (K/bar)	Viscosity (Pa*s)	Therm. Cond. (W/m*K)	Phase
102.00	349.00	458.58	0.0021807	-53.360	22.744	-0.52394	2.1820	3.2503	1663.9	-0.050845	0.00021724	0.22785	liquid
103.00	349.00	457.49	0.0021858	-50.291	25.995	-0.49222	2.1773	3.2510	1657.1	-0.050748	0.00021096	0.22677	liquid
104.00	349.00	456.40	0.0021911	-47.222	29.246	-0.46081	2.1728	3.2517	1650.3	-0.050649	0.00020502	0.22569	liquid
105.00	349.00	455.31	0.0021963	-44.153	32.498	-0.42969	2.1683	3.2525	1643.5	-0.050547	0.00019941	0.22460	liquid
106.00	349.00	454.22	0.0022016	-41.084	35.751	-0.39885	2.1638	3.2533	1636.6	-0.050443	0.00019410	0.22350	liquid
107.00	349.00	453.13	0.0022069	-38.015	39.005	-0.36830	2.1594	3.2541	1629.8	-0.050337	0.00018905	0.22239	liquid
108.00	349.00	452.04	0.0022122	-34.947	42.259	-0.33803	2.1550	3.2549	1623.0	-0.050228	0.00018426	0.22128	liquid
109.00	349.00	450.94	0.0022176	-31.879	45.515	-0.30803	2.1507	3.2557	1616.2	-0.050117	0.00017971	0.22016	liquid
110.00	349.00	449.85	0.0022230	-28.811	48.771	-0.27829	2.1464	3.2565	1609.3	-0.050003	0.00017537	0.21904	liquid
111.00	349.00	448.76	0.0022284	-25.743	52.028	-0.24881	2.1421	3.2574	1602.5	-0.049888	0.00017123	0.21791	liquid
112.00	349.00	447.66	0.0022338	-22.675	55.286	-0.21960	2.1378	3.2582	1595.7	-0.049770	0.00016728	0.21678	liquid
113.00	349.00	446.56	0.0022393	-19.608	58.544	-0.19063	2.1336	3.2591	1588.8	-0.049649	0.00016351	0.21565	liquid
114.00	349.00	445.47	0.0022448	-16.541	61.804	-0.16191	2.1295	3.2600	1582.0	-0.049527	0.00015990	0.21451	liquid
115.00	349.00	444.37	0.0022504	-13.474	65.064	-0.13344	2.1253	3.2608	1575.2	-0.049402	0.00015645	0.21337	liquid
116.00	349.00	443.27	0.0022560	-10.407	68.325	-0.10520	2.1212	3.2617	1568.4	-0.049274	0.00015314	0.21222	liquid
117.00	349.00	442.17	0.0022616	-7.3409	71.588	-0.077199	2.1171	3.2626	1561.5	-0.049145	0.00014996	0.21107	liquid
118.00	349.00	441.07	0.0022672	-4.2748	74.851	-0.049429	2.1130	3.2634	1554.7	-0.049012	0.00014691	0.20993	liquid
119.00	349.00	439.97	0.0022729	-1.2090	78.114	-0.021886	2.1090	3.2643	1547.9	-0.048878	0.00014398	0.20878	liquid
120.00	349.00	438.87	0.0022786	1.8565	81.379	0.0054347	2.1049	3.2652	1541.1	-0.048741	0.00014115	0.20763	liquid
121.00	349.00	437.77	0.0022843	4.9217	84.645	0.032536	2.1009	3.2661	1534.3	-0.048601	0.00013844	0.20648	liquid
122.00	349.00	436.66	0.0022901	7.9866	87.911	0.059421	2.0970	3.2670	1527.5	-0.048458	0.00013582	0.20532	liquid
123.00	349.00	435.56	0.0022959	11.051	91.179	0.086094	2.0930	3.2679	1520.8	-0.048313	0.00013330	0.20417	liquid
124.00	349.00	434.45	0.0023018	14.115	94.447	0.11256	2.0891	3.2688	1514.0	-0.048166	0.00013086	0.20302	liquid
125.00	349.00	433.34	0.0023077	17.179	97.716	0.13882	2.0852	3.2697	1507.2	-0.048015	0.00012851	0.20187	liquid
126.00	349.00	432.23	0.0023136	20.243	100.99	0.16487	2.0814	3.2706	1500.5	-0.047862	0.00012623	0.20072	liquid
127.00	349.00	431.12	0.0023195	23.306	104.26	0.19073	2.0775	3.2715	1493.7	-0.047706	0.00012404	0.19957	liquid
128.00	349.00	430.01	0.0023255	26.369	107.53	0.21640	2.0737	3.2725	1487.0	-0.047547	0.00012191	0.19842	liquid
129.00	349.00	428.90	0.0023316	29.431	110.80	0.24187	2.0699	3.2734	1480.3	-0.047385	0.00011985	0.19728	liquid
130.00	349.00	427.79	0.0023376	32.493	114.08	0.26715	2.0662	3.2744	1473.6	-0.047220	0.00011785	0.19613	liquid
131.00	349.00	426.67	0.0023437	35.555	117.35	0.29224	2.0624	3.2753	1466.9	-0.047053	0.00011592	0.19499	liquid
132.00	349.00	425.55	0.0023499	38.617	120.63	0.31715	2.0587	3.2763	1460.2	-0.046882	0.00011404	0.19385	liquid
133.00	349.00	424.44	0.0023561	41.677	123.90	0.34188	2.0551	3.2773	1453.5	-0.046708	0.00011222	0.19271	liquid
134.00	349.00	423.32	0.0023623	44.738	127.18	0.36644	2.0514	3.2783	1446.9	-0.046530	0.00011045	0.19157	liquid
135.00	349.00	422.20	0.0023686	47.798	130.46	0.39082	2.0478	3.2793	1440.2	-0.046350	0.00010873	0.19044	liquid
136.00	349.00	421.08	0.0023749	50.858	133.74	0.41502	2.0442	3.2804	1433.6	-0.046166	0.00010706	0.18931	liquid
137.00	349.00	419.96	0.0023812	53.917	137.02	0.43906	2.0406	3.2814	1426.9	-0.045979	0.00010544	0.18818	liquid
138.00	349.00	418.83	0.0023876	56.976	140.30	0.46293	2.0371	3.2825	1420.3	-0.045788	0.00010386	0.18706	liquid
139.00	349.00	417.71	0.0023940	60.035	143.59	0.48663	2.0336	3.2835	1413.7	-0.045594	0.00010232	0.18594	liquid
140.00	349.00	416.58	0.0024005	63.093	146.87	0.51017	2.0301	3.2846	1407.1	-0.045396	0.00010082	0.18482	liquid
141.00	349.00	415.45	0.0024070	66.151	150.16	0.53355	2.0267	3.2857	1400.6	-0.045195	9.9361e-05	0.18371	liquid
142.00	349.00	414.32	0.0024136	69.208	153.44	0.55678	2.0232	3.2869	1394.0	-0.044991	9.7940e-05	0.18260	liquid
143.00	349.00	413.19	0.0024202	72.265	156.73	0.57985	2.0198	3.2880	1387.5	-0.044782	9.6555e-05	0.18149	liquid
144.00	349.00	412.06	0.0024268	75.321	160.02	0.60277	2.0165	3.2892	1380.9	-0.044570	9.5204e-05	0.18039	liquid
145.00	349.00	410.93	0.0024335	78.377	163.31	0.62553	2.0132	3.2904	1374.4	-0.044354	9.3886e-05	0.17929	liquid
146.00	349.00	409.79	0.0024403	81.433	166.60	0.64815	2.0099	3.2916	1367.9	-0.044134	9.2600e-05	0.17820	liquid
147.00	349.00	408.65	0.0024471	84.489	169.89	0.67062	2.0066	3.2928	1361.5	-0.043911	9.1345e-05	0.17711	liquid
148.00	349.00	407.52	0.0024539	87.543	173.18	0.69295	2.0034	3.2941	1355.0	-0.043683	9.0119e-05	0.17603	liquid
149.00	349.00	406.38	0.0024608	90.598	176.48	0.71514	2.0001	3.2953	1348.6	-0.043451	8.8922e-05	0.17495	liquid
150.00	349.00	405.24	0.0024677	93.652	179.77	0.73718	1.9970	3.2966	1342.1	-0.043216	8.7753e-05	0.17387	liquid
151.00	349.00	404.09	0.0024747	96.706	183.07	0.75909	1.9938	3.2979	1335.7	-0.042976	8.6610e-05	0.17280	liquid
152.00	349.00	402.95	0.0024817	99.759	186.37	0.78087	1.9907	3.2993	1329.3	-0.042732	8.5492e-05	0.17173	liquid
153.00	349.00	401.80	0.0024888	102.81	189.67	0.80251	1.9876	3.3006	1322.9	-0.042484	8.4400e-05	0.17067	liquid
154.00	349.00	400.66	0.0024959	105.86	192.97	0.82401	1.9846	3.3020	1316.6	-0.042232	8.3332e-05	0.16962	liquid
155.00	349.00	399.51	0.0025031	108.92	196.27	0.84539	1.9816	3.3034	1310.2	-0.041975	8.2286e-05	0.16857	liquid
156.00	349.00	398.36	0.0025103	111.97	199.58	0.86664	1.9786	3.3048	1303.9	-0.041714	8.1264e-05	0.16752	liquid
157.00	349.00	397.20	0.0025176	115.02	202.88	0.88776	1.9756	3.3063	1297.6	-0.041449	8.0263e-05	0.16648	liquid
158.00	349.00	396.05	0.0025249	118.07	206.19	0.90876	1.9727	3.3077	1291.3	-0.041179	7.9283e-05	0.16545	liquid
159.00	349.00	394.90	0.0025323	121.12	209.50	0.92963	1.9698	3.3092	1285.1	-0.040904	7.8323e-05	0.16442	liquid
160.00	349.00	393.74	0.0025398	124.17	212.81	0.95038	1.9670	3.3108	1278.8	-0.040625	7.7384e-05	0.16339	liquid
161.00	349.00	392.58	0.0025473	127.22	216.12	0.97101	1.9641	3.3123	1272.6	-0.040342	7.6463e-05	0.16238	liquid
162.00	349.00	391.42	0.0025548	130.27	219.43	0.99153	1.9613	3.3139	1266.4	-0.040053	7.5561e-05	0.16136	liquid
163.00	349.00	390.26	0.0025624	133.32	222.75	1.0119	1.9586	3.3155	1260.2	-0.039760	7.4678e-05	0.16036	liquid
164.00	349.00	389.09	0.0025701	136.37	226.07	1.0322	1.9559	3.3171	1254.0	-0.039463	7.3811e-05	0.15935	liquid
165.00	349.00	387.93	0.0025778	139.42	229.38	1.0524	1.9532	3.3187	1247.9	-0.039160	7.2962e-05	0.15836	liquid
166.00	349.00	386.76	0.0025856	142.47	232.70	1.0724	1.9505	3.3204	1241.7	-0.038853	7.2130e-05	0.15737	liquid
167.00	349.00	385.60	0.0025934	145.51	236.02	1.0924	1.9479	3.3221	1235.6	-0.038541	7.1313e-05	0.15638	liquid
168.00	349.00	384.43	0.0026013	148.56	239.35	1.1122	1.9453	3.3238	1229.5	-0.038224	7.0512e-05	0.15541	liquid
169.00	349.00	383.25	0.0026092	151.61	242.67	1.1320	1.9427	3.3255	1223.5	-0.037901	6.9727e-05	0.15443	liquid
170.00	349.00	382.08	0.0026172	154.66	246.00	1.1516	1.9402	3.3272	1217.4	-0.037574	6.8956e-05	0.15347	liquid
171.00	349.00	380.91	0.0026253	157.70	249.33	1.1711	1.9377	3.3290	1211.4	-0.037242	6.8200e-05	0.15251	liquid
172.00	349.00	379.73	0.0026335	160.75	252.66	1.1905	1.9352	3.3308	1205.4	-0.036905	6.7457e-05	0.15155	liquid
173.00	349.00	378.55	0.0026416	163.79	255.99	1.2098	1.9328	3.3326	1199.4	-0.036562	6.6729e-05	0.15060	liquid
174.00	349.00	377.37	0.0026499	166.84	259.32	1.2290	1.9304	3.3345	1193.5	-0.036215	6.6013e-05	0.14966	liquid
175.00	349.00	376.19	0.0026582	169.88	262.66	1.2482	1.9281	3.3364	1187.6	-0.035862	6.5311e-05	0.14873	liquid
176.00	349.00	375.01	0.0026666	172.93	265.99	1.2672	1.9257	3.3382	1181.7	-0.035504	6.4621e-05	0.14780	liquid
177.00	349.00	373.82	0.0026751	175.97	269.33	1.2861	1.9235	3.3401	1175.8	-0.035140	6.3944e-05	0.14687	liquid
178.00	349.00	372.64	0.0026836	179.02	272.67	1.3049	1.9212	3.3421	1169.9	-0.034772	6.3278e-05	0.14596	liquid
179.00	349.00	371.45	0.0026922	182.06	276.02	1.3236	1.9190	3.3440	1164.1	-0.034398	6.2625e-05	0.14505	liquid
180.00	349.00	370.26	0.0027008	185.10	279.36	1.3423	1.9168	3.3460	1158.3	-0.034018	6.1982e-05	0.14414	liquid
181.00	349.00	369.07	0.0027095	188.15	282.71	1.3608	1.9146	3.3480	1152.5	-0.033633	6.1351e-05	0.14325	liquid
182.00	349.00	367.88	0.0027183	191.19	286.06	1.3793	1.9125	3.3500	1146.7	-0.033243	6.0731e-05	0.14236	liquid
183.00	349.00	366.68	0.0027272	194.23	289.41	1.3976	1.9104	3.3520	1141.0	-0.032847	6.0121e-05	0.14147	liquid
184.00	349.00	365.49	0.0027361	197.27	292.76	1.4159	1.9084	3.3540	1135.3	-0.032446	5.9522e-05	0.14060	liquid
185.00	349.00	364.29	0.0027451	200.31	296.12	1.4341	1.9063	3.3561	1129.6	-0.032039	5.8933e-05	0.13972	liquid
186.00	349.00	363.09	0.0027541	203.36	299.47	1.4522	1.9043	3.3581	1124.0	-0.031627	5.8354e-05	0.13886	liquid
187.00	349.00	361.89	0.0027633	206.40	302.83	1.4702	1.9024	3.3602	1118.3	-0.031209	5.7784e-05	0.13801	liquid
188.00	349.00	360.69	0.0027725	209.44	306.19	1.4881	1.9005	3.3623	1112.7	-0.030785	5.7224e-05	0.13716	liquid
189.00	349.00	359.49	0.0027817	212.48	309.56	1.5060	1.8986	3.3644	1107.2	-0.030356	5.6673e-05	0.13632	liquid
190.00	349.00	358.28	0.0027911	215.51	312.92	1.5237	1.8967	3.3665	1101.6	-0.029922	5.6131e-05	0.13549	liquid
191.00	349.00	357.08	0.0028005	218.55	316.29	1.5414	1.8949	3.3687	1096.1	-0.029481	5.5598e-05	0.13466	supercritical
192.00	349.00	355.87	0.0028100	221.59	319.66	1.5590	1.8931	3.3708	1090.6	-0.029035	5.5074e-05	0.13382	supercritical
193.00	349.00	354.66	0.0028196	224.63	323.03	1.5765	1.8914	3.3730	1085.1	-0.028584	5.4558e-05	0.13300	supercritical
194.00	349.00	353.45	0.0028292	227.67	326.41	1.5940	1.8897	3.3751	1079.7	-0.028127	5.4051e-05	0.13218	supercritical
195.00	349.00	352.24	0.0028390	230.70	329.78	1.6113	1.8880	3.3773	1074.3	-0.027664	5.3551e-05	0.13137	supercritical
196.00	349.00	351.03	0.0028488	233.74	333.16	1.6286	1.8863	3.3795	1068.9	-0.027196	5.3059e-05	0.13057	supercritical
197.00	349.00	349.81	0.0028587	236.77	336.54	1.6458	1.8847	3.3816	1063.6	-0.026722	5.2575e-05	0.12977	supercritical
198.00	349.00	348.60	0.0028686	239.81	339.92	1.6629	1.8831	3.3838	1058.3	-0.026242	5.2099e-05	0.12898	supercritical
199.00	349.00	347.38	0.0028787	242.84	343.31	1.6800	1.8816	3.3860	1053.0	-0.025757	5.1630e-05	0.12820	supercritical
200.00	349.00	346.16	0.0028888	245.88	346.70	1.6970	1.8801	3.3882	1047.8	-0.025266	5.1169e-05	0.12742	supercritical
201.00	349.00	344.95	0.0028990	248.91	350.09	1.7139	1.8786	3.3904	1042.5	-0.024769	5.0714e-05	0.12666	supercritical
202.00	349.00	343.73	0.0029093	251.94	353.48	1.7307	1.8772	3.3926	1037.4	-0.024267	5.0267e-05	0.12589	supercritical
203.00	349.00	342.51	0.0029197	254.98	356.87	1.7475	1.8758	3.3948	1032.2	-0.023760	4.9826e-05	0.12514	supercritical
204.00	349.00	341.28	0.0029301	258.01	360.27	1.7641	1.8744	3.3970	1027.1	-0.023247	4.9392e-05	0.12439	supercritical
205.00	349.00	340.06	0.0029406	261.04	363.67	1.7808	1.8730	3.3991	1022.0	-0.022728	4.8965e-05	0.12365	supercritical
206.00	349.00	338.84	0.0029513	264.07	367.07	1.7973	1.8717	3.4013	1016.9	-0.022204	4.8544e-05	0.12291	supercritical
207.00	349.00	337.61	0.0029620	267.10	370.47	1.8138	1.8705	3.4035	1011.9	-0.021675	4.8130e-05	0.12218	supercritical
208.00	349.00	336.39	0.0029728	270.12	373.87	1.8302	1.8692	3.4056	1006.9	-0.021140	4.7721e-05	0.12146	supercritical
209.00	349.00	335.16	0.0029836	273.15	377.28	1.8465	1.8680	3.4078	1002.0	-0.020600	4.7319e-05	0.12074	supercritical
210.00	349.00	333.94	0.0029946	276.18	380.69	1.8628	1.8668	3.4099	997.03	-0.020055	4.6923e-05	0.12003	supercritical
211.00	349.00	332.71	0.0030056	279.20	384.10	1.8790	1.8657	3.4120	992.15	-0.019504	4.6532e-05	0.11933	supercritical
212.00	349.00	331.48	0.0030168	282.23	387.51	1.8951	1.8646	3.4142	987.30	-0.018948	4.6148e-05	0.11864	supercritical
213.00	349.00	330.25	0.0030280	285.25	390.93	1.9112	1.8635	3.4163	982.48	-0.018387	4.5769e-05	0.11795	supercritical
214.00	349.00	329.02	0.0030393	288.27	394.34	1.9272	1.8625	3.4183	977.70	-0.017821	4.5395e-05	0.11727	supercritical
215.00	349.00	327.79	0.0030507	291.29	397.76	1.9432	1.8615	3.4204	972.95	-0.017250	4.5027e-05	0.11659	supercritical
216.00	349.00	326.56	0.0030622	294.31	401.19	1.9590	1.8605	3.4224	968.24	-0.016675	4.4665e-05	0.11592	supercritical
217.00	349.00	325.33	0.0030738	297.33	404.61	1.9748	1.8595	3.4244	963.57	-0.016094	4.4307e-05	0.11526	supercritical
218.00	349.00	324.10	0.0030854	300.35	408.03	1.9906	1.8586	3.4264	958.93	-0.015508	4.3955e-05	0.11460	supercritical
219.00	349.00	322.87	0.0030972	303.37	411.46	2.0063	1.8577	3.4284	954.33	-0.014918	4.3608e-05	0.11395	supercritical
220.00	349.00	321.64	0.0031091	306.38	414.89	2.0219	1.8569	3.4303	949.77	-0.014324	4.3266e-05	0.11331	supercritical
221.00	349.00	320.41	0.0031210	309.40	418.32	2.0375	1.8561	3.4323	945.25	-0.013724	4.2929e-05	0.11268	supercritical
222.00	349.00	319.18	0.0031330	312.41	421.76	2.0530	1.8553	3.4341	940.76	-0.013121	4.2596e-05	0.11205	supercritical
223.00	349.00	317.95	0.0031452	315.42	425.19	2.0684	1.8546	3.4360	936.31	-0.012513	4.2269e-05	0.11143	supercritical
224.00	349.00	316.72	0.0031574	318.43	428.63	2.0838	1.8538	3.4378	931.90	-0.011901	4.1946e-05	0.11081	supercritical
225.00	349.00	315.49	0.0031697	321.44	432.07	2.0991	1.8532	3.4396	927.53	-0.011284	4.1627e-05	0.11020	supercritical
226.00	349.00	314.26	0.0031821	324.45	435.51	2.1144	1.8525	3.4413	923.20	-0.010664	4.1314e-05	0.10960	supercritical
227.00	349.00	313.03	0.0031946	327.46	438.95	2.1296	1.8519	3.4430	918.91	-0.010040	4.1004e-05	0.10900	supercritical
228.00	349.00	311.80	0.0032072	330.46	442.39	2.1447	1.8513	3.4447	914.65	-0.0094123	4.0699e-05	0.10841	supercritical
229.00	349.00	310.57	0.0032199	333.46	445.84	2.1598	1.8507	3.4463	910.44	-0.0087809	4.0399e-05	0.10783	supercritical
230.00	349.00	309.34	0.0032327	336.46	449.29	2.1748	1.8502	3.4479	906.27	-0.0081460	4.0102e-05	0.10725	supercritical
231.00	349.00	308.11	0.0032456	339.46	452.73	2.1898	1.8497	3.4495	902.13	-0.0075077	3.9810e-05	0.10669	supercritical
232.00	349.00	306.88	0.0032586	342.46	456.18	2.2047	1.8493	3.4510	898.04	-0.0068662	3.9522e-05	0.10612	supercritical
233.00	349.00	305.66	0.0032716	345.46	459.64	2.2195	1.8488	3.4524	893.98	-0.0062216	3.9238e-05	0.10557	supercritical
234.00	349.00	304.43	0.0032848	348.45	463.09	2.2343	1.8484	3.4538	889.97	-0.0055741	3.8958e-05	0.10502	supercritical
235.00	349.00	303.21	0.0032981	351.44	466.54	2.2490	1.8481	3.4552	886.00	-0.0049238	3.8681e-05	0.10447	supercritical
236.00	349.00	301.99	0.0033114	354.43	470.00	2.2637	1.8477	3.4565	882.07	-0.0042708	3.8409e-05	0.10394	supercritical
237.00	349.00	300.76	0.0033249	357.42	473.46	2.2783	1.8474	3.4577	878.18	-0.0036154	3.8141e-05	0.10341	supercritical
238.00	349.00	299.54	0.0033384	360.40	476.91	2.2929	1.8471	3.4589	874.33	-0.0029576	3.7876e-05	0.10288	supercritical
239.00	349.00	298.32	0.0033521	363.39	480.37	2.3074	1.8469	3.4600	870.52	-0.0022976	3.7615e-05	0.10237	supercritical
240.00	349.00	297.11	0.0033658	366.37	483.83	2.3218	1.8467	3.4611	866.75	-0.0016357	3.7358e-05	0.10186	supercritical
241.00	349.00	295.89	0.0033796	369.35	487.30	2.3362	1.8465	3.4621	863.03	-0.00097186	3.7104e-05	0.10135	supercritical
242.00	349.00	294.68	0.0033936	372.32	490.76	2.3506	1.8463	3.4631	859.34	-0.00030639	3.6854e-05	0.10085	supercritical
243.00	349.00	293.46	0.0034076	375.30	494.22	2.3648	1.8462	3.4640	855.70	0.00036057	3.6607e-05	0.10036	supercritical
244.00	349.00	292.25	0.0034217	378.27	497.69	2.3791	1.8461	3.4648	852.10	0.0010289	3.6364e-05	0.099876	supercritical
245.00	349.00	291.04	0.0034359	381.24	501.15	2.3932	1.8460	3.4656	848.54	0.0016983	3.6125e-05	0.099397	supercritical
246.00	349.00	289.83	0.0034502	384.20	504.62	2.4074	1.8460	3.4663	845.03	0.0023687	3.5888e-05	0.098924	supercritical
247.00	349.00	288.63	0.0034646	387.17	508.08	2.4214	1.8460	3.4669	841.55	0.0030399	3.5655e-05	0.098458	supercritical
248.00	349.00	287.43	0.0034792	390.13	511.55	2.4354	1.8460	3.4675	838.12	0.0037116	3.5425e-05	0.097998	supercritical
249.00	349.00	286.23	0.0034937	393.09	515.02	2.4494	1.8461	3.4680	834.73	0.0043838	3.5199e-05	0.097544	supercritical
250.00	349.00	285.03	0.0035084	396.04	518.49	2.4633	1.8461	3.4685	831.38	0.0050562	3.4976e-05	0.097096	supercritical
251.00	349.00	283.83	0.0035232	399.00	521.96	2.4771	1.8462	3.4689	828.07	0.0057286	3.4755e-05	0.096654	supercritical
252.00	349.00	282.64	0.0035381	401.95	525.43	2.4909	1.8464	3.4692	824.81	0.0064009	3.4538e-05	0.096219	supercritical
253.00	349.00	281.45	0.0035531	404.89	528.89	2.5047	1.8465	3.4694	821.58	0.0070728	3.4325e-05	0.095789	supercritical
254.00	349.00	280.26	0.0035681	407.84	532.36	2.5184	1.8467	3.4696	818.40	0.0077441	3.4114e-05	0.095366	supercritical
255.00	349.00	279.07	0.0035833	410.78	535.83	2.5320	1.8469	3.4697	815.26	0.0084147	3.3906e-05	0.094949	supercritical
256.00	349.00	277.89	0.0035985	413.72	539.30	2.5456	1.8472	3.4697	812.16	0.0090844	3.3701e-05	0.094537	supercritical
257.00	349.00	276.71	0.0036138	416.65	542.77	2.5591	1.8475	3.4697	809.11	0.0097529	3.3499e-05	0.094132	supercritical
258.00	349.00	275.54	0.0036293	419.58	546.24	2.5726	1.8478	3.4696	806.09	0.010420	3.3300e-05	0.093733	supercritical
259.00	349.00	274.36	0.0036448	422.51	549.71	2.5860	1.8481	3.4694	803.12	0.011086	3.3103e-05	0.093339	supercritical
260.00	349.00	273.20	0.0036604	425.43	553.18	2.5994	1.8484	3.4691	800.19	0.011750	3.2910e-05	0.092951	supercritical
261.00	349.00	272.03	0.0036761	428.36	556.65	2.6127	1.8488	3.4688	797.29	0.012412	3.2719e-05	0.092569	supercritical
262.00	349.00	270.87	0.0036919	431.27	560.12	2.6259	1.8492	3.4684	794.44	0.013071	3.2531e-05	0.092193	supercritical
263.00	349.00	269.71	0.0037077	434.19	563.59	2.6392	1.8497	3.4680	791.63	0.013729	3.2346e-05	0.091823	supercritical
264.00	349.00	268.55	0.0037237	437.10	567.06	2.6523	1.8501	3.4674	788.87	0.014384	3.2164e-05	0.091458	supercritical
265.00	349.00	267.40	0.0037397	440.01	570.52	2.6654	1.8506	3.4668	786.14	0.015036	3.1984e-05	0.091099	supercritical
266.00	349.00	266.25	0.0037558	442.91	573.99	2.6785	1.8512	3.4661	783.45	0.015685	3.1806e-05	0.090746	supercritical
267.00	349.00	265.11	0.0037720	445.81	577.45	2.6915	1.8517	3.4654	780.80	0.016332	3.1632e-05	0.090398	supercritical
268.00	349.00	263.97	0.0037883	448.71	580.92	2.7044	1.8523	3.4646	778.19	0.016975	3.1460e-05	0.090055	supercritical
269.00	349.00	262.83	0.0038047	451.60	584.38	2.7173	1.8529	3.4637	775.63	0.017614	3.1290e-05	0.089718	supercritical
270.00	349.00	261.70	0.0038211	454.49	587.85	2.7302	1.8535	3.4627	773.10	0.018250	3.1123e-05	0.089387	supercritical
271.00	349.00	260.57	0.0038377	457.37	591.31	2.7430	1.8541	3.4617	770.61	0.018882	3.0958e-05	0.089061	supercritical
272.00	349.00	259.45	0.0038543	460.26	594.77	2.7557	1.8548	3.4606	768.16	0.019510	3.0796e-05	0.088740	supercritical
273.00	349.00	258.33	0.0038710	463.13	598.23	2.7684	1.8555	3.4594	765.75	0.020133	3.0636e-05	0.088424	supercritical
274.00	349.00	257.22	0.0038877	466.01	601.69	2.7811	1.8562	3.4582	763.38	0.020753	3.0479e-05	0.088114	supercritical
275.00	349.00	256.11	0.0039046	468.88	605.15	2.7937	1.8570	3.4569	761.05	0.021367	3.0324e-05	0.087809	supercritical
276.00	349.00	255.00	0.0039215	471.74	608.60	2.8062	1.8578	3.4555	758.75	0.021977	3.0171e-05	0.087509	supercritical
277.00	349.00	253.90	0.0039385	474.60	612.06	2.8187	1.8586	3.4541	756.49	0.022582	3.0021e-05	0.087214	supercritical
278.00	349.00	252.81	0.0039556	477.46	615.51	2.8312	1.8594	3.4526	754.27	0.023182	2.9872e-05	0.086925	supercritical
279.00	349.00	251.72	0.0039727	480.31	618.96	2.8436	1.8602	3.4511	752.09	0.023777	2.9726e-05	0.086640	supercritical
280.00	349.00	250.63	0.0039899	483.16	622.41	2.8559	1.8611	3.4495	749.95	0.024366	2.9583e-05	0.086360	supercritical
281.00	349.00	249.55	0.0040072	486.01	625.86	2.8682	1.8620	3.4478	747.84	0.024950	2.9441e-05	0.086085	supercritical
282.00	349.00	248.47	0.0040246	488.85	629.31	2.8804	1.8629	3.4461	745.77	0.025528	2.9302e-05	0.085815	supercritical
283.00	349.00	247.40	0.0040420	491.69	632.75	2.8926	1.8639	3.4443	743.73	0.026101	2.9164e-05	0.085550	supercritical
284.00	349.00	246.34	0.0040595	494.52	636.20	2.9048	1.8648	3.4425	741.73	0.026667	2.9029e-05	0.085290	supercritical
285.00	349.00	245.27	0.0040771	497.35	639.64	2.9169	1.8658	3.4406	739.76	0.027228	2.8896e-05	0.085034	supercritical
286.00	349.00	244.22	0.0040947	500.17	643.08	2.9289	1.8668	3.4387	737.83	0.027782	2.8765e-05	0.084783	supercritical
287.00	349.00	243.17	0.0041124	502.99	646.52	2.9409	1.8679	3.4367	735.94	0.028329	2.8636e-05	0.084536	supercritical
288.00	349.00	242.12	0.0041301	505.81	649.95	2.9529	1.8690	3.4347	734.08	0.028871	2.8509e-05	0.084294	supercritical
289.00	349.00	241.08	0.0041479	508.62	653.39	2.9648	1.8700	3.4326	732.25	0.029405	2.8384e-05	0.084057	supercritical
290.00	349.00	240.05	0.0041658	511.43	656.82	2.9766	1.8712	3.4305	730.46	0.029933	2.8261e-05	0.083824	supercritical
291.00	349.00	239.02	0.0041838	514.23	660.25	2.9884	1.8723	3.4283	728.70	0.030455	2.8139e-05	0.083596	supercritical
292.00	349.00	238.00	0.0042018	517.03	663.67	3.0002	1.8734	3.4261	726.98	0.030969	2.8020e-05	0.083371	supercritical
293.00	349.00	236.98	0.0042198	519.83	667.10	3.0119	1.8746	3.4238	725.28	0.031476	2.7903e-05	0.083152	supercritical
294.00	349.00	235.97	0.0042379	522.62	670.52	3.0236	1.8758	3.4215	723.62	0.031977	2.7787e-05	0.082936	supercritical
295.00	349.00	234.96	0.0042561	525.41	673.94	3.0352	1.8771	3.4192	721.99	0.032470	2.7673e-05	0.082725	supercritical
296.00	349.00	233.96	0.0042743	528.19	677.36	3.0467	1.8783	3.4168	720.40	0.032956	2.7561e-05	0.082518	supercritical
297.00	349.00	232.96	0.0042926	530.97	680.78	3.0583	1.8796	3.4144	718.83	0.033434	2.7451e-05	0.082315	supercritical
298.00	349.00	231.97	0.0043109	533.74	684.19	3.0697	1.8809	3.4120	717.30	0.033906	2.7343e-05	0.082116	supercritical
299.00	349.00	230.99	0.0043293	536.51	687.60	3.0812	1.8822	3.4095	715.79	0.034369	2.7236e-05	0.081921	supercritical
300.00	349.00	230.01	0.0043477	539.27	691.01	3.0925	1.8835	3.4071	714.32	0.034826	2.7131e-05	0.081730	supercritical
301.00	349.00	229.03	0.0043662	542.04	694.41	3.1039	1.8849	3.4045	712.87	0.035274	2.7028e-05	0.081543	supercritical
302.00	349.00	228.07	0.0043847	544.79	697.82	3.1152	1.8863	3.4020	711.46	0.035716	2.6926e-05	0.081360	supercritical
303.00	349.00	227.11	0.0044032	547.54	701.22	3.1264	1.8877	3.3994	710.07	0.036149	2.6826e-05	0.081181	supercritical
304.00	349.00	226.15	0.0044219	550.29	704.62	3.1376	1.8891	3.3968	708.71	0.036575	2.6728e-05	0.081005	supercritical
305.00	349.00	225.20	0.0044405	553.04	708.01	3.1488	1.8905	3.3942	707.38	0.036993	2.6631e-05	0.080833	supercritical
306.00	349.00	224.26	0.0044592	555.78	711.40	3.1599	1.8920	3.3916	706.08	0.037403	2.6536e-05	0.080665	supercritical
307.00	349.00	223.32	0.0044779	558.51	714.79	3.1709	1.8935	3.3889	704.80	0.037805	2.6442e-05	0.080501	supercritical
308.00	349.00	222.38	0.0044967	561.25	718.18	3.1819	1.8950	3.3863	703.56	0.038200	2.6350e-05	0.080341	supercritical
309.00	349.00	221.46	0.0045155	563.97	721.57	3.1929	1.8965	3.3836	702.34	0.038587	2.6260e-05	0.080184	supercritical
310.00	349.00	220.54	0.0045344	566.70	724.95	3.2038	1.8981	3.3809	701.14	0.038966	2.6171e-05	0.080030	supercritical
311.00	349.00	219.62	0.0045533	569.42	728.33	3.2147	1.8997	3.3782	699.97	0.039337	2.6083e-05	0.079880	supercritical
312.00	349.00	218.71	0.0045722	572.14	731.71	3.2256	1.9013	3.3755	698.83	0.039700	2.5997e-05	0.079733	supercritical
313.00	349.00	217.81	0.0045912	574.85	735.08	3.2364	1.9029	3.3727	697.71	0.040055	2.5912e-05	0.079590	supercritical
314.00	349.00	216.91	0.0046102	577.56	738.45	3.2471	1.9045	3.3700	696.62	0.040403	2.5829e-05	0.079451	supercritical
315.00	349.00	216.02	0.0046292	580.26	741.82	3.2578	1.9062	3.3673	695.55	0.040742	2.5747e-05	0.079314	supercritical
316.00	349.00	215.13	0.0046483	582.96	745.19	3.2685	1.9079	3.3645	694.51	0.041074	2.5666e-05	0.079181	supercritical
317.00	349.00	214.25	0.0046674	585.66	748.55	3.2791	1.9095	3.3618	693.48	0.041397	2.5587e-05	0.079051	supercritical
318.00	349.00	213.38	0.0046865	588.35	751.91	3.2897	1.9113	3.3591	692.49	0.041713	2.5509e-05	0.078925	supercritical
319.00	349.00	212.51	0.0047057	591.04	755.27	3.3003	1.9130	3.3563	691.51	0.042021	2.5433e-05	0.078801	supercritical
320.00	349.00	211.65	0.0047249	593.72	758.62	3.3108	1.9148	3.3536	690.56	0.042322	2.5358e-05	0.078681	supercritical
321.00	349.00	210.79	0.0047441	596.41	761.97	3.3212	1.9165	3.3508	689.63	0.042614	2.5284e-05	0.078564	supercritical
322.00	349.00	209.94	0.0047633	599.08	765.32	3.3316	1.9183	3.3481	688.72	0.042899	2.5211e-05	0.078449	supercritical
323.00	349.00	209.09	0.0047826	601.76	768.67	3.3420	1.9201	3.3454	687.84	0.043176	2.5140e-05	0.078338	supercritical
324.00	349.00	208.25	0.0048019	604.43	772.01	3.3523	1.9220	3.3427	686.97	0.043445	2.5069e-05	0.078230	supercritical
325.00	349.00	207.42	0.0048212	607.10	775.36	3.3626	1.9238	3.3400	686.13	0.043707	2.5000e-05	0.078125	supercritical
326.00	349.00	206.59	0.0048405	609.76	778.69	3.3729	1.9257	3.3373	685.31	0.043961	2.4933e-05	0.078023	supercritical
327.00	349.00	205.77	0.0048599	612.42	782.03	3.3831	1.9276	3.3346	684.51	0.044207	2.4866e-05	0.077924	supercritical
328.00	349.00	204.95	0.0048793	615.08	785.36	3.3933	1.9295	3.3319	683.72	0.044446	2.4801e-05	0.077827	supercritical
329.00	349.00	204.14	0.0048987	617.73	788.69	3.4034	1.9314	3.3292	682.96	0.044677	2.4736e-05	0.077734	supercritical
330.00	349.00	203.33	0.0049181	620.38	792.02	3.4135	1.9334	3.3266	682.22	0.044901	2.4673e-05	0.077643	supercritical
331.00	349.00	202.53	0.0049375	623.03	795.35	3.4236	1.9354	3.3240	681.49	0.045118	2.4611e-05	0.077555	supercritical
332.00	349.00	201.74	0.0049570	625.67	798.67	3.4336	1.9374	3.3214	680.79	0.045327	2.4550e-05	0.077470	supercritical
333.00	349.00	200.95	0.0049765	628.31	801.99	3.4436	1.9394	3.3188	680.10	0.045529	2.4490e-05	0.077387	supercritical
334.00	349.00	200.16	0.0049960	630.95	805.31	3.4535	1.9414	3.3162	679.43	0.045723	2.4431e-05	0.077307	supercritical
335.00	349.00	199.38	0.0050155	633.58	808.62	3.4635	1.9434	3.3136	678.78	0.045911	2.4373e-05	0.077230	supercritical
336.00	349.00	198.61	0.0050350	636.21	811.93	3.4733	1.9455	3.3111	678.15	0.046091	2.4316e-05	0.077156	supercritical
337.00	349.00	197.84	0.0050545	638.84	815.24	3.4832	1.9476	3.3086	677.53	0.046264	2.4261e-05	0.077084	supercritical
338.00	349.00	197.08	0.0050741	641.47	818.55	3.4930	1.9497	3.3061	676.93	0.046431	2.4206e-05	0.077014	supercritical
339.00	349.00	196.32	0.0050936	644.09	821.86	3.5027	1.9518	3.3036	676.35	0.046590	2.4152e-05	0.076947	supercritical
340.00	349.00	195.57	0.0051132	646.71	825.16	3.5125	1.9539	3.3012	675.78	0.046743	2.4099e-05	0.076883	supercritical
341.00	349.00	194.83	0.0051328	649.33	828.46	3.5221	1.9561	3.2987	675.23	0.046888	2.4047e-05	0.076821	supercritical
342.00	349.00	194.09	0.0051524	651.94	831.76	3.5318	1.9582	3.2963	674.70	0.047027	2.3997e-05	0.076761	supercritical
343.00	349.00	193.35	0.0051720	654.55	835.05	3.5414	1.9604	3.2940	674.18	0.047160	2.3947e-05	0.076704	supercritical
344.00	349.00	192.62	0.0051916	657.16	838.34	3.5510	1.9626	3.2916	673.67	0.047286	2.3897e-05	0.076649	supercritical
345.00	349.00	191.89	0.0052112	659.76	841.63	3.5606	1.9648	3.2893	673.18	0.047405	2.3849e-05	0.076597	supercritical
346.00	349.00	191.17	0.0052308	662.37	844.92	3.5701	1.9671	3.2870	672.71	0.047518	2.3802e-05	0.076547	supercritical
347.00	349.00	190.46	0.0052505	664.97	848.21	3.5796	1.9693	3.2847	672.25	0.047625	2.3756e-05	0.076499	supercritical
348.00	349.00	189.75	0.0052701	667.57	851.49	3.5890	1.9716	3.2825	671.81	0.047725	2.3710e-05	0.076454	supercritical
349.00	349.00	189.04	0.0052898	670.16	854.77	3.5984	1.9739	3.2803	671.38	0.047819	2.3665e-05	0.076411	supercritical
350.00	349.00	188.34	0.0053094	672.75	858.05	3.6078	1.9762	3.2781	670.96	0.047907	2.3622e-05	0.076370	supercritical
351.00	349.00	187.65	0.0053291	675.35	861.33	3.6172	1.9785	3.2760	670.56	0.047989	2.3578e-05	0.076332	supercritical
352.00	349.00	186.96	0.0053487	677.93	864.61	3.6265	1.9808	3.2739	670.16	0.048065	2.3536e-05	0.076295	supercritical
353.00	349.00	186.28	0.0053684	680.52	867.88	3.6358	1.9832	3.2718	669.79	0.048135	2.3495e-05	0.076261	supercritical
354.00	349.00	185.60	0.0053881	683.11	871.15	3.6450	1.9856	3.2697	669.42	0.048200	2.3454e-05	0.076229	supercritical
355.00	349.00	184.92	0.0054077	685.69	874.42	3.6542	1.9879	3.2677	669.07	0.048258	2.3414e-05	0.076199	supercritical
356.00	349.00	184.25	0.0054274	688.27	877.68	3.6634	1.9903	3.2658	668.73	0.048311	2.3375e-05	0.076171	supercritical
357.00	349.00	183.58	0.0054471	690.85	880.95	3.6726	1.9928	3.2638	668.41	0.048359	2.3337e-05	0.076145	supercritical
358.00	349.00	182.92	0.0054668	693.42	884.21	3.6817	1.9952	3.2619	668.09	0.048401	2.3299e-05	0.076121	supercritical
359.00	349.00	182.27	0.0054865	696.00	887.47	3.6908	1.9976	3.2600	667.79	0.048437	2.3263e-05	0.076100	supercritical
360.00	349.00	181.62	0.0055061	698.57	890.73	3.6999	2.0001	3.2582	667.50	0.048469	2.3227e-05	0.076080	supercritical
361.00	349.00	180.97	0.0055258	701.14	893.99	3.7089	2.0026	3.2563	667.22	0.048495	2.3191e-05	0.076062	supercritical
362.00	349.00	180.33	0.0055455	703.71	897.24	3.7179	2.0051	3.2546	666.95	0.048515	2.3156e-05	0.076047	supercritical
363.00	349.00	179.69	0.0055652	706.27	900.50	3.7269	2.0076	3.2528	666.69	0.048531	2.3122e-05	0.076033	supercritical
364.00	349.00	179.06	0.0055849	708.84	903.75	3.7358	2.0101	3.2511	666.45	0.048542	2.3089e-05	0.076021	supercritical
365.00	349.00	178.43	0.0056045	711.40	907.00	3.7448	2.0126	3.2494	666.21	0.048548	2.3056e-05	0.076011	supercritical
366.00	349.00	177.80	0.0056242	713.96	910.25	3.7536	2.0152	3.2478	665.98	0.048549	2.3024e-05	0.076003	supercritical
367.00	349.00	177.18	0.0056439	716.52	913.50	3.7625	2.0177	3.2462	665.77	0.048546	2.2993e-05	0.075997	supercritical
368.00	349.00	176.57	0.0056636	719.08	916.74	3.7713	2.0203	3.2446	665.56	0.048537	2.2962e-05	0.075993	supercritical
369.00	349.00	175.96	0.0056832	721.64	919.99	3.7801	2.0229	3.2431	665.37	0.048525	2.2932e-05	0.075991	supercritical
370.00	349.00	175.35	0.0057029	724.20	923.23	3.7889	2.0255	3.2416	665.18	0.048507	2.2903e-05	0.075990	supercritical
371.00	349.00	174.75	0.0057226	726.75	926.47	3.7977	2.0281	3.2402	665.01	0.048485	2.2874e-05	0.075991	supercritical
372.00	349.00	174.15	0.0057422	729.30	929.71	3.8064	2.0308	3.2387	664.84	0.048459	2.2846e-05	0.075994	supercritical
373.00	349.00	173.55	0.0057619	731.86	932.95	3.8151	2.0334	3.2373	664.68	0.048429	2.2818e-05	0.075999	supercritical
374.00	349.00	172.97	0.0057815	734.41	936.18	3.8237	2.0361	3.2360	664.54	0.048394	2.2791e-05	0.076006	supercritical
375.00	349.00	172.38	0.0058012	736.96	939.42	3.8324	2.0387	3.2347	664.40	0.048356	2.2765e-05	0.076014	supercritical
376.00	349.00	171.80	0.0058208	739.51	942.65	3.8410	2.0414	3.2334	664.27	0.048313	2.2739e-05	0.076024	supercritical
377.00	349.00	171.22	0.0058404	742.05	945.89	3.8496	2.0441	3.2322	664.14	0.048266	2.2714e-05	0.076036	supercritical
378.00	349.00	170.65	0.0058601	744.60	949.12	3.8581	2.0468	3.2310	664.03	0.048216	2.2689e-05	0.076049	supercritical
379.00	349.00	170.08	0.0058797	747.15	952.35	3.8667	2.0496	3.2298	663.93	0.048161	2.2665e-05	0.076064	supercritical
380.00	349.00	169.51	0.0058993	749.69	955.58	3.8752	2.0523	3.2287	663.83	0.048103	2.2641e-05	0.076081	supercritical
381.00	349.00	168.95	0.0059189	752.23	958.80	3.8837	2.0551	3.2276	663.74	0.048041	2.2618e-05	0.076099	supercritical
382.00	349.00	168.39	0.0059385	754.78	962.03	3.8921	2.0578	3.2265	663.66	0.047976	2.2595e-05	0.076119	supercritical
383.00	349.00	167.84	0.0059581	757.32	965.26	3.9006	2.0606	3.2255	663.59	0.047907	2.2573e-05	0.076141	supercritical
384.00	349.00	167.29	0.0059777	759.86	968.48	3.9090	2.0634	3.2245	663.52	0.047835	2.2551e-05	0.076164	supercritical
385.00	349.00	166.74	0.0059973	762.40	971.71	3.9173	2.0662	3.2236	663.46	0.047759	2.2530e-05	0.076189	supercritical
386.00	349.00	166.20	0.0060168	764.94	974.93	3.9257	2.0690	3.2226	663.41	0.047680	2.2510e-05	0.076215	supercritical
387.00	349.00	165.66	0.0060364	767.48	978.15	3.9340	2.0718	3.2218	663.37	0.047598	2.2490e-05	0.076243	supercritical
388.00	349.00	165.13	0.0060560	770.02	981.37	3.9424	2.0746	3.2209	663.33	0.047513	2.2470e-05	0.076273	supercritical
389.00	349.00	164.60	0.0060755	772.56	984.59	3.9506	2.0775	3.2201	663.30	0.047424	2.2451e-05	0.076303	supercritical
390.00	349.00	164.07	0.0060950	775.10	987.81	3.9589	2.0803	3.2193	663.28	0.047332	2.2432e-05	0.076336	supercritical
391.00	349.00	163.54	0.0061146	777.63	991.03	3.9672	2.0832	3.2186	663.26	0.047238	2.2414e-05	0.076370	supercritical
392.00	349.00	163.02	0.0061341	780.17	994.25	3.9754	2.0861	3.2179	663.25	0.047141	2.2396e-05	0.076405	supercritical
393.00	349.00	162.51	0.0061536	782.71	997.47	3.9836	2.0890	3.2172	663.25	0.047040	2.2379e-05	0.076442	supercritical
394.00	349.00	161.99	0.0061731	785.24	1000.7	3.9917	2.0919	3.2166	663.26	0.046937	2.2362e-05	0.076480	supercritical
395.00	349.00	161.48	0.0061926	787.78	1003.9	3.9999	2.0948	3.2160	663.27	0.046832	2.2345e-05	0.076520	supercritical
396.00	349.00	160.98	0.0062121	790.31	1007.1	4.0080	2.0977	3.2155	663.28	0.046723	2.2329e-05	0.076561	supercritical
397.00	349.00	160.47	0.0062316	792.85	1010.3	4.0161	2.1006	3.2149	663.30	0.046612	2.2314e-05	0.076604	supercritical
398.00	349.00	159.97	0.0062510	795.39	1013.5	4.0242	2.1036	3.2144	663.33	0.046499	2.2298e-05	0.076647	supercritical
399.00	349.00	159.48	0.0062705	797.92	1016.8	4.0323	2.1065	3.2140	663.37	0.046383	2.2284e-05	0.076693	supercritical
400.00	349.00	158.98	0.0062899	800.46	1020.0	4.0403	2.1095	3.2135	663.41	0.046264	2.2269e-05	0.076739	supercritical
401.00	349.00	158.49	0.0063094	802.99	1023.2	4.0484	2.1125	3.2132	663.45	0.046144	2.2255e-05	0.076787	supercritical
402.00	349.00	158.01	0.0063288	805.53	1026.4	4.0564	2.1155	3.2128	663.50	0.046020	2.2242e-05	0.076837	supercritical
403.00	349.00	157.52	0.0063482	808.06	1029.6	4.0643	2.1184	3.2125	663.56	0.045895	2.2229e-05	0.076887	supercritical
404.00	349.00	157.04	0.0063676	810.60	1032.8	4.0723	2.1215	3.2122	663.62	0.045768	2.2216e-05	0.076939	supercritical
405.00	349.00	156.57	0.0063870	813.13	1036.0	4.0802	2.1245	3.2119	663.69	0.045638	2.2203e-05	0.076993	supercritical
406.00	349.00	156.09	0.0064064	815.67	1039.2	4.0882	2.1275	3.2117	663.76	0.045506	2.2191e-05	0.077047	supercritical
407.00	349.00	155.62	0.0064258	818.20	1042.5	4.0961	2.1305	3.2115	663.84	0.045373	2.2179e-05	0.077103	supercritical
408.00	349.00	155.16	0.0064451	820.74	1045.7	4.1040	2.1336	3.2114	663.92	0.045237	2.2168e-05	0.077160	supercritical
409.00	349.00	154.69	0.0064645	823.27	1048.9	4.1118	2.1366	3.2112	664.01	0.045099	2.2157e-05	0.077219	supercritical
410.00	349.00	154.23	0.0064838	825.81	1052.1	4.1197	2.1397	3.2111	664.10	0.044960	2.2146e-05	0.077278	supercritical
411.00	349.00	153.77	0.0065032	828.35	1055.3	4.1275	2.1427	3.2111	664.19	0.044819	2.2136e-05	0.077339	supercritical
412.00	349.00	153.32	0.0065225	830.88	1058.5	4.1353	2.1458	3.2110	664.30	0.044675	2.2126e-05	0.077401	supercritical
413.00	349.00	152.86	0.0065418	833.42	1061.7	4.1431	2.1489	3.2110	664.40	0.044531	2.2117e-05	0.077465	supercritical
414.00	349.00	152.41	0.0065611	835.96	1064.9	4.1508	2.1520	3.2111	664.51	0.044384	2.2107e-05	0.077529	supercritical
415.00	349.00	151.97	0.0065804	838.50	1068.2	4.1586	2.1551	3.2111	664.63	0.044236	2.2098e-05	0.077595	supercritical
416.00	349.00	151.52	0.0065996	841.03	1071.4	4.1663	2.1582	3.2112	664.75	0.044086	2.2090e-05	0.077662	supercritical
417.00	349.00	151.08	0.0066189	843.57	1074.6	4.1740	2.1613	3.2113	664.87	0.043935	2.2081e-05	0.077730	supercritical
418.00	349.00	150.64	0.0066382	846.11	1077.8	4.1817	2.1644	3.2115	665.00	0.043782	2.2073e-05	0.077799	supercritical
419.00	349.00	150.21	0.0066574	848.65	1081.0	4.1894	2.1675	3.2117	665.13	0.043628	2.2066e-05	0.077869	supercritical
420.00	349.00	149.78	0.0066766	851.19	1084.2	4.1970	2.1707	3.2119	665.27	0.043472	2.2058e-05	0.077941	supercritical
421.00	349.00	149.35	0.0066958	853.74	1087.4	4.2047	2.1738	3.2121	665.41	0.043315	2.2051e-05	0.078013	supercritical
422.00	349.00	148.92	0.0067150	856.28	1090.6	4.2123	2.1770	3.2124	665.55	0.043157	2.2044e-05	0.078087	supercritical
423.00	349.00	148.49	0.0067342	858.82	1093.8	4.2199	2.1801	3.2127	665.70	0.042997	2.2038e-05	0.078162	supercritical
424.00	349.00	148.07	0.0067534	861.36	1097.1	4.2275	2.1833	3.2130	665.85	0.042837	2.2031e-05	0.078238	supercritical
425.00	349.00	147.65	0.0067726	863.91	1100.3	4.2351	2.1865	3.2134	666.01	0.042674	2.2026e-05	0.078315	supercritical
426.00	349.00	147.24	0.0067917	866.45	1103.5	4.2426	2.1897	3.2137	666.17	0.042511	2.2020e-05	0.078393	supercritical
427.00	349.00	146.82	0.0068109	869.00	1106.7	4.2501	2.1929	3.2141	666.33	0.042347	2.2014e-05	0.078472	supercritical
428.00	349.00	146.41	0.0068300	871.54	1109.9	4.2577	2.1961	3.2146	666.49	0.042181	2.2009e-05	0.078552	supercritical
429.00	349.00	146.00	0.0068491	874.09	1113.1	4.2652	2.1993	3.2150	666.66	0.042015	2.2005e-05	0.078633	supercritical
430.00	349.00	145.60	0.0068682	876.64	1116.3	4.2727	2.2025	3.2155	666.84	0.041847	2.2000e-05	0.078715	supercritical
431.00	349.00	145.19	0.0068873	879.19	1119.6	4.2801	2.2057	3.2161	667.01	0.041678	2.1996e-05	0.078799	supercritical
432.00	349.00	144.79	0.0069064	881.74	1122.8	4.2876	2.2089	3.2166	667.19	0.041509	2.1992e-05	0.078883	supercritical
433.00	349.00	144.39	0.0069255	884.29	1126.0	4.2950	2.2122	3.2172	667.38	0.041338	2.1988e-05	0.078968	supercritical
434.00	349.00	144.00	0.0069446	886.84	1129.2	4.3024	2.2154	3.2178	667.56	0.041167	2.1984e-05	0.079055	supercritical
435.00	349.00	143.60	0.0069636	889.40	1132.4	4.3098	2.2186	3.2184	667.75	0.040995	2.1981e-05	0.079142	supercritical
436.00	349.00	143.21	0.0069826	891.95	1135.6	4.3172	2.2219	3.2191	667.95	0.040822	2.1978e-05	0.079230	supercritical
437.00	349.00	142.82	0.0070017	894.51	1138.9	4.3246	2.2252	3.2197	668.14	0.040648	2.1975e-05	0.079320	supercritical
438.00	349.00	142.44	0.0070207	897.06	1142.1	4.3320	2.2284	3.2204	668.34	0.040473	2.1972e-05	0.079410	supercritical
439.00	349.00	142.05	0.0070397	899.62	1145.3	4.3393	2.2317	3.2212	668.54	0.040298	2.1970e-05	0.079501	supercritical
440.00	349.00	141.67	0.0070587	902.18	1148.5	4.3466	2.2350	3.2219	668.75	0.040122	2.1968e-05	0.079593	supercritical
441.00	349.00	141.29	0.0070776	904.74	1151.7	4.3540	2.2382	3.2227	668.95	0.039945	2.1966e-05	0.079686	supercritical
442.00	349.00	140.91	0.0070966	907.30	1155.0	4.3613	2.2415	3.2235	669.16	0.039768	2.1965e-05	0.079780	supercritical
443.00	349.00	140.54	0.0071155	909.86	1158.2	4.3685	2.2448	3.2243	669.38	0.039590	2.1963e-05	0.079875	supercritical
444.00	349.00	140.16	0.0071345	912.43	1161.4	4.3758	2.2481	3.2252	669.59	0.039411	2.1962e-05	0.079971	supercritical
445.00	349.00	139.79	0.0071534	914.99	1164.6	4.3831	2.2514	3.2260	669.81	0.039232	2.1961e-05	0.080068	supercritical
446.00	349.00	139.42	0.0071723	917.56	1167.9	4.3903	2.2547	3.2269	670.03	0.039052	2.1960e-05	0.080166	supercritical
447.00	349.00	139.06	0.0071912	920.13	1171.1	4.3975	2.2580	3.2278	670.26	0.038872	2.1960e-05	0.080264	supercritical
448.00	349.00	138.69	0.0072101	922.70	1174.3	4.4048	2.2614	3.2288	670.48	0.038692	2.1959e-05	0.080364	supercritical
449.00	349.00	138.33	0.0072290	925.27	1177.6	4.4120	2.2647	3.2298	670.71	0.038510	2.1959e-05	0.080464	supercritical
450.00	349.00	137.97	0.0072478	927.84	1180.8	4.4191	2.2680	3.2307	670.94	0.038329	2.1959e-05	0.080566	supercritical
451.00	349.00	137.61	0.0072667	930.41	1184.0	4.4263	2.2713	3.2317	671.18	0.038147	2.1959e-05	0.080668	supercritical
452.00	349.00	137.26	0.0072855	932.99	1187.3	4.4335	2.2747	3.2328	671.41	0.037964	2.1960e-05	0.080771	supercritical
453.00	349.00	136.90	0.0073044	935.56	1190.5	4.4406	2.2780	3.2338	671.65	0.037782	2.1960e-05	0.080874	supercritical
454.00	349.00	136.55	0.0073232	938.14	1193.7	4.4478	2.2814	3.2349	671.89	0.037598	2.1961e-05	0.080979	supercritical
455.00	349.00	136.20	0.0073420	940.72	1197.0	4.4549	2.2847	3.2360	672.13	0.037415	2.1962e-05	0.081085	supercritical
456.00	349.00	135.86	0.0073608	943.30	1200.2	4.4620	2.2881	3.2371	672.38	0.037231	2.1964e-05	0.081191	supercritical
457.00	349.00	135.51	0.0073796	945.88	1203.4	4.4691	2.2914	3.2383	672.63	0.037047	2.1965e-05	0.081298	supercritical
458.00	349.00	135.17	0.0073983	948.47	1206.7	4.4761	2.2948	3.2394	672.87	0.036863	2.1967e-05	0.081406	supercritical
459.00	349.00	134.82	0.0074171	951.05	1209.9	4.4832	2.2982	3.2406	673.13	0.036678	2.1968e-05	0.081515	supercritical
460.00	349.00	134.48	0.0074358	953.64	1213.1	4.4903	2.3016	3.2418	673.38	0.036494	2.1970e-05	0.081624	supercritical
461.00	349.00	134.15	0.0074546	956.23	1216.4	4.4973	2.3049	3.2430	673.64	0.036309	2.1972e-05	0.081735	supercritical
462.00	349.00	133.81	0.0074733	958.82	1219.6	4.5043	2.3083	3.2443	673.89	0.036123	2.1975e-05	0.081846	supercritical
463.00	349.00	133.48	0.0074920	961.41	1222.9	4.5114	2.3117	3.2455	674.15	0.035938	2.1977e-05	0.081958	supercritical
464.00	349.00	133.14	0.0075107	964.00	1226.1	4.5184	2.3151	3.2468	674.41	0.035753	2.1980e-05	0.082071	supercritical
465.00	349.00	132.81	0.0075294	966.60	1229.4	4.5253	2.3185	3.2481	674.68	0.035567	2.1983e-05	0.082184	supercritical
466.00	349.00	132.49	0.0075480	969.20	1232.6	4.5323	2.3219	3.2494	674.94	0.035381	2.1986e-05	0.082298	supercritical
467.00	349.00	132.16	0.0075667	971.80	1235.9	4.5393	2.3253	3.2508	675.21	0.035195	2.1989e-05	0.082413	supercritical
468.00	349.00	131.83	0.0075853	974.40	1239.1	4.5463	2.3287	3.2521	675.48	0.035010	2.1992e-05	0.082529	supercritical
469.00	349.00	131.51	0.0076040	977.00	1242.4	4.5532	2.3321	3.2535	675.75	0.034824	2.1996e-05	0.082646	supercritical
470.00	349.00	131.19	0.0076226	979.60	1245.6	4.5601	2.3355	3.2549	676.02	0.034638	2.1999e-05	0.082763	supercritical
471.00	349.00	130.87	0.0076412	982.21	1248.9	4.5670	2.3389	3.2563	676.30	0.034451	2.2003e-05	0.082881	supercritical
472.00	349.00	130.55	0.0076598	984.82	1252.1	4.5740	2.3424	3.2577	676.57	0.034265	2.2007e-05	0.083000	supercritical
473.00	349.00	130.24	0.0076784	987.43	1255.4	4.5808	2.3458	3.2592	676.85	0.034079	2.2011e-05	0.083119	supercritical
474.00	349.00	129.92	0.0076970	990.04	1258.7	4.5877	2.3492	3.2606	677.13	0.033893	2.2015e-05	0.083239	supercritical
475.00	349.00	129.61	0.0077155	992.65	1261.9	4.5946	2.3526	3.2621	677.41	0.033707	2.2020e-05	0.083360	supercritical
476.00	349.00	129.30	0.0077341	995.27	1265.2	4.6015	2.3561	3.2636	677.69	0.033521	2.2024e-05	0.083482	supercritical
477.00	349.00	128.99	0.0077526	997.89	1268.5	4.6083	2.3595	3.2651	677.98	0.033335	2.2029e-05	0.083604	supercritical
478.00	349.00	128.68	0.0077711	1000.5	1271.7	4.6152	2.3630	3.2667	678.26	0.033150	2.2034e-05	0.083727	supercritical
479.00	349.00	128.38	0.0077897	1003.1	1275.0	4.6220	2.3664	3.2682	678.55	0.032964	2.2039e-05	0.083850	supercritical
480.00	349.00	128.07	0.0078082	1005.7	1278.3	4.6288	2.3699	3.2698	678.84	0.032778	2.2044e-05	0.083975	supercritical
481.00	349.00	127.77	0.0078267	1008.4	1281.5	4.6356	2.3733	3.2714	679.13	0.032592	2.2049e-05	0.084100	supercritical
482.00	349.00	127.47	0.0078451	1011.0	1284.8	4.6424	2.3768	3.2730	679.42	0.032407	2.2054e-05	0.084225	supercritical
483.00	349.00	127.17	0.0078636	1013.6	1288.1	4.6492	2.3802	3.2746	679.71	0.032222	2.2060e-05	0.084352	supercritical
484.00	349.00	126.87	0.0078821	1016.3	1291.3	4.6560	2.3837	3.2762	680.01	0.032036	2.2065e-05	0.084479	supercritical
485.00	349.00	126.57	0.0079005	1018.9	1294.6	4.6627	2.3871	3.2779	680.30	0.031851	2.2071e-05	0.084606	supercritical
486.00	349.00	126.28	0.0079190	1021.5	1297.9	4.6695	2.3906	3.2795	680.60	0.031667	2.2077e-05	0.084735	supercritical
487.00	349.00	125.99	0.0079374	1024.2	1301.2	4.6762	2.3941	3.2812	680.90	0.031482	2.2083e-05	0.084864	supercritical
488.00	349.00	125.69	0.0079558	1026.8	1304.5	4.6830	2.3975	3.2829	681.20	0.031297	2.2089e-05	0.084993	supercritical
489.00	349.00	125.40	0.0079742	1029.4	1307.7	4.6897	2.4010	3.2846	681.50	0.031113	2.2095e-05	0.085123	supercritical
490.00	349.00	125.12	0.0079926	1032.1	1311.0	4.6964	2.4045	3.2863	681.80	0.030929	2.2102e-05	0.085254	supercritical
491.00	349.00	124.83	0.0080110	1034.7	1314.3	4.7031	2.4079	3.2881	682.11	0.030745	2.2108e-05	0.085386	supercritical
492.00	349.00	124.54	0.0080293	1037.4	1317.6	4.7098	2.4114	3.2898	682.41	0.030561	2.2115e-05	0.085518	supercritical
493.00	349.00	124.26	0.0080477	1040.0	1320.9	4.7165	2.4149	3.2916	682.72	0.030378	2.2122e-05	0.085650	supercritical
494.00	349.00	123.98	0.0080660	1042.7	1324.2	4.7231	2.4184	3.2934	683.03	0.030195	2.2129e-05	0.085784	supercritical
495.00	349.00	123.70	0.0080844	1045.3	1327.5	4.7298	2.4219	3.2952	683.33	0.030012	2.2136e-05	0.085918	supercritical
496.00	349.00	123.42	0.0081027	1048.0	1330.8	4.7365	2.4253	3.2970	683.64	0.029829	2.2143e-05	0.086052	supercritical
497.00	349.00	123.14	0.0081210	1050.7	1334.1	4.7431	2.4288	3.2988	683.95	0.029646	2.2150e-05	0.086187	supercritical
498.00	349.00	122.86	0.0081393	1053.3	1337.4	4.7497	2.4323	3.3006	684.27	0.029464	2.2157e-05	0.086323	supercritical
499.00	349.00	122.58	0.0081576	1056.0	1340.7	4.7564	2.4358	3.3025	684.58	0.029282	2.2165e-05	0.086459	supercritical
500.00	349.00	122.31	0.0081759	1058.6	1344.0	4.7630	2.4393	3.3044	684.89	0.029101	2.2172e-05	0.086596	supercritical
501.00	349.00	122.04	0.0081942	1061.3	1347.3	4.7696	2.4428	3.3062	685.21	0.028920	2.2180e-05	0.086734	supercritical
502.00	349.00	121.77	0.0082124	1064.0	1350.6	4.7762	2.4463	3.3081	685.52	0.028739	2.2188e-05	0.086872	supercritical
503.00	349.00	121.50	0.0082307	1066.7	1353.9	4.7827	2.4498	3.3100	685.84	0.028558	2.2196e-05	0.087010	supercritical
504.00	349.00	121.23	0.0082489	1069.3	1357.2	4.7893	2.4533	3.3119	686.16	0.028378	2.2204e-05	0.087150	supercritical
505.00	349.00	120.96	0.0082671	1072.0	1360.5	4.7959	2.4568	3.3139	686.48	0.028198	2.2212e-05	0.087289	supercritical
506.00	349.00	120.69	0.0082854	1074.7	1363.8	4.8024	2.4603	3.3158	686.80	0.028018	2.2220e-05	0.087430	supercritical
507.00	349.00	120.43	0.0083036	1077.4	1367.2	4.8090	2.4638	3.3178	687.12	0.027839	2.2228e-05	0.087570	supercritical
508.00	349.00	120.17	0.0083217	1080.1	1370.5	4.8155	2.4673	3.3197	687.44	0.027660	2.2236e-05	0.087712	supercritical
509.00	349.00	119.91	0.0083399	1082.7	1373.8	4.8221	2.4708	3.3217	687.77	0.027481	2.2245e-05	0.087854	supercritical
510.00	349.00	119.64	0.0083581	1085.4	1377.1	4.8286	2.4743	3.3237	688.09	0.027303	2.2253e-05	0.087996	supercritical
511.00	349.00	119.38	0.0083763	1088.1	1380.4	4.8351	2.4779	3.3257	688.41	0.027125	2.2262e-05	0.088139	supercritical
512.00	349.00	119.13	0.0083944	1090.8	1383.8	4.8416	2.4814	3.3277	688.74	0.026947	2.2271e-05	0.088283	supercritical
513.00	349.00	118.87	0.0084126	1093.5	1387.1	4.8481	2.4849	3.3297	689.07	0.026770	2.2280e-05	0.088427	supercritical
514.00	349.00	118.61	0.0084307	1096.2	1390.4	4.8546	2.4884	3.3318	689.39	0.026593	2.2289e-05	0.088572	supercritical
515.00	349.00	118.36	0.0084488	1098.9	1393.8	4.8611	2.4919	3.3338	689.72	0.026417	2.2298e-05	0.088717	supercritical
516.00	349.00	118.11	0.0084669	1101.6	1397.1	4.8675	2.4954	3.3359	690.05	0.026241	2.2307e-05	0.088862	supercritical
517.00	349.00	117.85	0.0084850	1104.3	1400.4	4.8740	2.4990	3.3379	690.38	0.026065	2.2316e-05	0.089009	supercritical
518.00	349.00	117.60	0.0085031	1107.0	1403.8	4.8804	2.5025	3.3400	690.71	0.025890	2.2325e-05	0.089155	supercritical
519.00	349.00	117.35	0.0085212	1109.7	1407.1	4.8869	2.5060	3.3421	691.04	0.025715	2.2335e-05	0.089302	supercritical
520.00	349.00	117.11	0.0085393	1112.4	1410.5	4.8933	2.5095	3.3442	691.38	0.025541	2.2344e-05	0.089450	supercritical
521.00	349.00	116.86	0.0085573	1115.2	1413.8	4.8998	2.5130	3.3463	691.71	0.025367	2.2354e-05	0.089598	supercritical
522.00	349.00	116.61	0.0085754	1117.9	1417.2	4.9062	2.5166	3.3484	692.04	0.025194	2.2363e-05	0.089747	supercritical
523.00	349.00	116.37	0.0085934	1120.6	1420.5	4.9126	2.5201	3.3506	692.38	0.025020	2.2373e-05	0.089896	supercritical
524.00	349.00	116.12	0.0086114	1123.3	1423.9	4.9190	2.5236	3.3527	692.71	0.024848	2.2383e-05	0.090046	supercritical
525.00	349.00	115.88	0.0086295	1126.0	1427.2	4.9254	2.5271	3.3549	693.05	0.024676	2.2393e-05	0.090196	supercritical
526.00	349.00	115.64	0.0086475	1128.8	1430.6	4.9318	2.5307	3.3570	693.39	0.024504	2.2403e-05	0.090347	supercritical
527.00	349.00	115.40	0.0086655	1131.5	1433.9	4.9381	2.5342	3.3592	693.72	0.024332	2.2413e-05	0.090498	supercritical
528.00	349.00	115.16	0.0086835	1134.2	1437.3	4.9445	2.5377	3.3614	694.06	0.024161	2.2423e-05	0.090649	supercritical
529.00	349.00	114.92	0.0087014	1137.0	1440.6	4.9509	2.5413	3.3636	694.40	0.023991	2.2433e-05	0.090801	supercritical
530.00	349.00	114.69	0.0087194	1139.7	1444.0	4.9572	2.5448	3.3658	694.74	0.023821	2.2444e-05	0.090954	supercritical
531.00	349.00	114.45	0.0087374	1142.4	1447.4	4.9636	2.5483	3.3680	695.08	0.023651	2.2454e-05	0.091107	supercritical
532.00	349.00	114.22	0.0087553	1145.2	1450.7	4.9699	2.5519	3.3702	695.42	0.023482	2.2464e-05	0.091260	supercritical
533.00	349.00	113.98	0.0087733	1147.9	1454.1	4.9762	2.5554	3.3724	695.76	0.023313	2.2475e-05	0.091414	supercritical
534.00	349.00	113.75	0.0087912	1150.7	1457.5	4.9826	2.5589	3.3747	696.10	0.023145	2.2485e-05	0.091568	supercritical
535.00	349.00	113.52	0.0088091	1153.4	1460.9	4.9889	2.5624	3.3769	696.44	0.022977	2.2496e-05	0.091723	supercritical
536.00	349.00	113.29	0.0088270	1156.2	1464.2	4.9952	2.5660	3.3792	696.79	0.022810	2.2507e-05	0.091879	supercritical
537.00	349.00	113.06	0.0088449	1158.9	1467.6	5.0015	2.5695	3.3814	697.13	0.022643	2.2518e-05	0.092034	supercritical
538.00	349.00	112.83	0.0088628	1161.7	1471.0	5.0078	2.5731	3.3837	697.48	0.022477	2.2528e-05	0.092190	supercritical
539.00	349.00	112.60	0.0088807	1164.5	1474.4	5.0141	2.5766	3.3860	697.82	0.022311	2.2539e-05	0.092347	supercritical
540.00	349.00	112.38	0.0088986	1167.2	1477.8	5.0204	2.5801	3.3883	698.17	0.022146	2.2550e-05	0.092504	supercritical
541.00	349.00	112.15	0.0089164	1170.0	1481.2	5.0266	2.5837	3.3906	698.51	0.021981	2.2561e-05	0.092661	supercritical
542.00	349.00	111.93	0.0089343	1172.8	1484.6	5.0329	2.5872	3.3929	698.86	0.021816	2.2573e-05	0.092819	supercritical
543.00	349.00	111.71	0.0089521	1175.5	1488.0	5.0391	2.5907	3.3952	699.20	0.021652	2.2584e-05	0.092978	supercritical
544.00	349.00	111.48	0.0089700	1178.3	1491.4	5.0454	2.5943	3.3975	699.55	0.021489	2.2595e-05	0.093136	supercritical
545.00	349.00	111.26	0.0089878	1181.1	1494.8	5.0516	2.5978	3.3999	699.90	0.021326	2.2606e-05	0.093296	supercritical
546.00	349.00	111.04	0.0090056	1183.9	1498.2	5.0579	2.6013	3.4022	700.25	0.021163	2.2618e-05	0.093455	supercritical
547.00	349.00	110.82	0.0090234	1186.6	1501.6	5.0641	2.6049	3.4045	700.60	0.021001	2.2629e-05	0.093615	supercritical
548.00	349.00	110.60	0.0090412	1189.4	1505.0	5.0703	2.6084	3.4069	700.95	0.020840	2.2641e-05	0.093776	supercritical
549.00	349.00	110.39	0.0090590	1192.2	1508.4	5.0765	2.6120	3.4093	701.30	0.020679	2.2652e-05	0.093936	supercritical
550.00	349.00	110.17	0.0090768	1195.0	1511.8	5.0827	2.6155	3.4116	701.65	0.020518	2.2664e-05	0.094098	supercritical
551.00	349.00	109.96	0.0090946	1197.8	1515.2	5.0889	2.6190	3.4140	702.00	0.020358	2.2676e-05	0.094259	supercritical
552.00	349.00	109.74	0.0091123	1200.6	1518.6	5.0951	2.6226	3.4164	702.35	0.020199	2.2688e-05	0.094421	supercritical
553.00	349.00	109.53	0.0091301	1203.4	1522.0	5.1013	2.6261	3.4188	702.70	0.020040	2.2699e-05	0.094584	supercritical
554.00	349.00	109.32	0.0091478	1206.2	1525.4	5.1075	2.6296	3.4212	703.05	0.019881	2.2711e-05	0.094746	supercritical
555.00	349.00	109.10	0.0091656	1209.0	1528.9	5.1137	2.6332	3.4236	703.40	0.019723	2.2723e-05	0.094910	supercritical
556.00	349.00	108.89	0.0091833	1211.8	1532.3	5.1198	2.6367	3.4260	703.76	0.019565	2.2735e-05	0.095073	supercritical
557.00	349.00	108.68	0.0092010	1214.6	1535.7	5.1260	2.6402	3.4284	704.11	0.019408	2.2747e-05	0.095237	supercritical
558.00	349.00	108.48	0.0092187	1217.4	1539.2	5.1321	2.6438	3.4309	704.46	0.019252	2.2759e-05	0.095402	supercritical
559.00	349.00	108.27	0.0092364	1220.2	1542.6	5.1383	2.6473	3.4333	704.82	0.019096	2.2772e-05	0.095566	supercritical
560.00	349.00	108.06	0.0092541	1223.0	1546.0	5.1444	2.6509	3.4357	705.17	0.018940	2.2784e-05	0.095732	supercritical
561.00	349.00	107.85	0.0092718	1225.9	1549.5	5.1506	2.6544	3.4382	705.53	0.018785	2.2796e-05	0.095897	supercritical
562.00	349.00	107.65	0.0092895	1228.7	1552.9	5.1567	2.6579	3.4406	705.88	0.018630	2.2808e-05	0.096063	supercritical
563.00	349.00	107.44	0.0093071	1231.5	1556.3	5.1628	2.6615	3.4431	706.24	0.018476	2.2821e-05	0.096229	supercritical
564.00	349.00	107.24	0.0093248	1234.3	1559.8	5.1689	2.6650	3.4455	706.59	0.018323	2.2833e-05	0.096396	supercritical
565.00	349.00	107.04	0.0093424	1237.2	1563.2	5.1750	2.6685	3.4480	706.95	0.018170	2.2846e-05	0.096563	supercritical
566.00	349.00	106.84	0.0093601	1240.0	1566.7	5.1811	2.6721	3.4505	707.31	0.018017	2.2858e-05	0.096730	supercritical
567.00	349.00	106.64	0.0093777	1242.8	1570.1	5.1872	2.6756	3.4530	707.66	0.017865	2.2871e-05	0.096898	supercritical
568.00	349.00	106.44	0.0093953	1245.7	1573.6	5.1933	2.6791	3.4555	708.02	0.017714	2.2884e-05	0.097066	supercritical
569.00	349.00	106.24	0.0094129	1248.5	1577.0	5.1994	2.6827	3.4580	708.38	0.017563	2.2896e-05	0.097235	supercritical
570.00	349.00	106.04	0.0094305	1251.4	1580.5	5.2055	2.6862	3.4605	708.74	0.017412	2.2909e-05	0.097403	supercritical
571.00	349.00	105.84	0.0094481	1254.2	1584.0	5.2115	2.6897	3.4630	709.09	0.017262	2.2922e-05	0.097573	supercritical
572.00	349.00	105.64	0.0094657	1257.1	1587.4	5.2176	2.6933	3.4655	709.45	0.017113	2.2935e-05	0.097742	supercritical
573.00	349.00	105.45	0.0094833	1259.9	1590.9	5.2236	2.6968	3.4680	709.81	0.016964	2.2947e-05	0.097912	supercritical
574.00	349.00	105.25	0.0095009	1262.8	1594.4	5.2297	2.7003	3.4705	710.17	0.016815	2.2960e-05	0.098082	supercritical
575.00	349.00	105.06	0.0095184	1265.6	1597.8	5.2357	2.7039	3.4731	710.53	0.016667	2.2973e-05	0.098253	supercritical
576.00	349.00	104.87	0.0095360	1268.5	1601.3	5.2418	2.7074	3.4756	710.89	0.016520	2.2986e-05	0.098424	supercritical
577.00	349.00	104.67	0.0095535	1271.4	1604.8	5.2478	2.7109	3.4781	711.25	0.016373	2.2999e-05	0.098595	supercritical
578.00	349.00	104.48	0.0095711	1274.2	1608.3	5.2538	2.7144	3.4807	711.61	0.016226	2.3013e-05	0.098767	supercritical
579.00	349.00	104.29	0.0095886	1277.1	1611.7	5.2598	2.7180	3.4832	711.97	0.016080	2.3026e-05	0.098938	supercritical
580.00	349.00	104.10	0.0096061	1280.0	1615.2	5.2659	2.7215	3.4858	712.33	0.015935	2.3039e-05	0.099111	supercritical
581.00	349.00	103.91	0.0096237	1282.8	1618.7	5.2719	2.7250	3.4884	712.69	0.015790	2.3052e-05	0.099283	supercritical
582.00	349.00	103.72	0.0096412	1285.7	1622.2	5.2779	2.7285	3.4909	713.05	0.015646	2.3066e-05	0.099456	supercritical
583.00	349.00	103.53	0.0096587	1288.6	1625.7	5.2839	2.7321	3.4935	713.41	0.015502	2.3079e-05	0.099630	supercritical
584.00	349.00	103.35	0.0096762	1291.5	1629.2	5.2898	2.7356	3.4961	713.78	0.015358	2.3092e-05	0.099803	supercritical
585.00	349.00	103.16	0.0096936	1294.4	1632.7	5.2958	2.7391	3.4987	714.14	0.015215	2.3106e-05	0.099977	supercritical
586.00	349.00	102.97	0.0097111	1297.3	1636.2	5.3018	2.7426	3.5012	714.50	0.015073	2.3119e-05	0.10015	supercritical
587.00	349.00	102.79	0.0097286	1300.2	1639.7	5.3078	2.7462	3.5038	714.86	0.014931	2.3133e-05	0.10033	supercritical
588.00	349.00	102.61	0.0097461	1303.1	1643.2	5.3137	2.7497	3.5064	715.23	0.014790	2.3146e-05	0.10050	supercritical
589.00	349.00	102.42	0.0097635	1306.0	1646.7	5.3197	2.7532	3.5090	715.59	0.014649	2.3160e-05	0.10068	supercritical
590.00	349.00	102.24	0.0097810	1308.9	1650.2	5.3257	2.7567	3.5116	715.95	0.014508	2.3173e-05	0.10085	supercritical
591.00	349.00	102.06	0.0097984	1311.8	1653.7	5.3316	2.7602	3.5143	716.31	0.014368	2.3187e-05	0.10103	supercritical
592.00	349.00	101.88	0.0098158	1314.7	1657.2	5.3376	2.7638	3.5169	716.68	0.014229	2.3201e-05	0.10120	supercritical
593.00	349.00	101.70	0.0098332	1317.6	1660.8	5.3435	2.7673	3.5195	717.04	0.014090	2.3214e-05	0.10138	supercritical
594.00	349.00	101.52	0.0098507	1320.5	1664.3	5.3494	2.7708	3.5221	717.40	0.013952	2.3228e-05	0.10156	supercritical
595.00	349.00	101.34	0.0098681	1323.4	1667.8	5.3554	2.7743	3.5247	717.77	0.013814	2.3242e-05	0.10173	supercritical
596.00	349.00	101.16	0.0098855	1326.3	1671.3	5.3613	2.7778	3.5274	718.13	0.013677	2.3256e-05	0.10191	supercritical
597.00	349.00	100.98	0.0099029	1329.3	1674.9	5.3672	2.7813	3.5300	718.50	0.013540	2.3270e-05	0.10209	supercritical
598.00	349.00	100.80	0.0099202	1332.2	1678.4	5.3731	2.7848	3.5326	718.86	0.013403	2.3284e-05	0.10227	supercritical
599.00	349.00	100.63	0.0099376	1335.1	1681.9	5.3790	2.7883	3.5353	719.23	0.013267	2.3298e-05	0.10244	supercritical
600.00	349.00	100.45	0.0099550	1338.0	1685.5	5.3849	2.7919	3.5379	719.59	0.013132	2.3312e-05	0.10262	supercritical
601.00	349.00	100.28	0.0099723	1341.0	1689.0	5.3908	2.7954	3.5406	719.96	0.012997	2.3326e-05	0.10280	supercritical
602.00	349.00	100.10	0.0099897	1343.9	1692.5	5.3967	2.7989	3.5432	720.32	0.012863	2.3340e-05	0.10298	supercritical
603.00	349.00	99.930	0.010007	1346.8	1696.1	5.4026	2.8024	3.5459	720.69	0.012729	2.3354e-05	0.10316	supercritical
604.00	349.00	99.757	0.010024	1349.8	1699.6	5.4084	2.8059	3.5486	721.05	0.012595	2.3368e-05	0.10334	supercritical
605.00	349.00	99.585	0.010042	1352.7	1703.2	5.4143	2.8094	3.5512	721.42	0.012462	2.3382e-05	0.10352	supercritical
606.00	349.00	99.413	0.010059	1355.7	1706.7	5.4202	2.8129	3.5539	721.78	0.012330	2.3396e-05	0.10370	supercritical
607.00	349.00	99.242	0.010076	1358.6	1710.3	5.4260	2.8164	3.5566	722.15	0.012198	2.3410e-05	0.10388	supercritical
608.00	349.00	99.072	0.010094	1361.6	1713.9	5.4319	2.8199	3.5592	722.51	0.012066	2.3425e-05	0.10406	supercritical
609.00	349.00	98.902	0.010111	1364.5	1717.4	5.4378	2.8234	3.5619	722.88	0.011935	2.3439e-05	0.10424	supercritical
610.00	349.00	98.733	0.010128	1367.5	1721.0	5.4436	2.8269	3.5646	723.25	0.011805	2.3453e-05	0.10442	supercritical
611.00	349.00	98.565	0.010146	1370.5	1724.5	5.4494	2.8304	3.5673	723.61	0.011675	2.3468e-05	0.10461	supercritical
612.00	349.00	98.398	0.010163	1373.4	1728.1	5.4553	2.8339	3.5700	723.98	0.011545	2.3482e-05	0.10479	supercritical
613.00	349.00	98.231	0.010180	1376.4	1731.7	5.4611	2.8374	3.5727	724.34	0.011416	2.3496e-05	0.10497	supercritical
614.00	349.00	98.064	0.010197	1379.4	1735.3	5.4669	2.8409	3.5754	724.71	0.011288	2.3511e-05	0.10515	supercritical
615.00	349.00	97.899	0.010215	1382.3	1738.8	5.4728	2.8444	3.5781	725.08	0.011160	2.3525e-05	0.10533	supercritical
616.00	349.00	97.733	0.010232	1385.3	1742.4	5.4786	2.8478	3.5808	725.44	0.011032	2.3540e-05	0.10552	supercritical
617.00	349.00	97.569	0.010249	1388.3	1746.0	5.4844	2.8513	3.5835	725.81	0.010905	2.3554e-05	0.10570	supercritical
618.00	349.00	97.405	0.010266	1391.3	1749.6	5.4902	2.8548	3.5862	726.18	0.010778	2.3569e-05	0.10588	supercritical
619.00	349.00	97.242	0.010284	1394.3	1753.2	5.4960	2.8583	3.5889	726.55	0.010652	2.3584e-05	0.10607	supercritical
620.00	349.00	97.079	0.010301	1397.3	1756.8	5.5018	2.8618	3.5916	726.91	0.010526	2.3598e-05	0.10625	supercritical
621.00	349.00	96.917	0.010318	1400.2	1760.3	5.5076	2.8653	3.5944	727.28	0.010401	2.3613e-05	0.10644	supercritical
622.00	349.00	96.756	0.010335	1403.2	1763.9	5.5134	2.8688	3.5971	727.65	0.010276	2.3628e-05	0.10662	supercritical
623.00	349.00	96.595	0.010353	1406.2	1767.5	5.5191	2.8722	3.5998	728.01	0.010152	2.3642e-05	0.10681	supercritical
624.00	349.00	96.435	0.010370	1409.2	1771.1	5.5249	2.8757	3.6025	728.38	0.010028	2.3657e-05	0.10699	supercritical
625.00	349.00	96.275	0.010387	1412.2	1774.7	5.5307	2.8792	3.6053	728.75	0.0099050	2.3672e-05	0.10718	supercritical
