Temperature (K)	Pressure (bar)	Density (kg/m3)	Volume (m3/kg)	Internal Energy (kJ/kg)	Enthalpy (kJ/kg)	Entropy (J/g*K)	Cv (J/g*K)	Cp (J/g*K)	Sound Spd. (m/s)	Joule-Thomson (K/bar)	Viscosity (Pa*s)	Therm. Cond. (W/m*K)	Phase
102.00	437.00	463.15	0.0021591	-57.017	37.337	-0.56807	2.1982	3.2287	1710.8	-0.051515	0.00023475	0.23478	liquid
103.00	437.00	462.11	0.0021640	-54.002	40.565	-0.53657	2.1937	3.2288	1704.5	-0.051444	0.00022767	0.23375	liquid
104.00	437.00	461.06	0.0021689	-50.986	43.794	-0.50537	2.1892	3.2290	1698.1	-0.051370	0.00022099	0.23271	liquid
105.00	437.00	460.02	0.0021738	-47.972	47.024	-0.47447	2.1848	3.2293	1691.7	-0.051295	0.00021469	0.23166	liquid
106.00	437.00	458.98	0.0021788	-44.959	50.253	-0.44386	2.1804	3.2295	1685.3	-0.051217	0.00020873	0.23060	liquid
107.00	437.00	457.94	0.0021837	-41.946	53.483	-0.41353	2.1761	3.2298	1678.9	-0.051138	0.00020309	0.22954	liquid
108.00	437.00	456.89	0.0021887	-38.934	56.712	-0.38349	2.1718	3.2300	1672.5	-0.051057	0.00019775	0.22847	liquid
109.00	437.00	455.85	0.0021937	-35.922	59.943	-0.35371	2.1675	3.2303	1666.1	-0.050974	0.00019268	0.22740	liquid
110.00	437.00	454.81	0.0021987	-32.912	63.173	-0.32421	2.1633	3.2306	1659.7	-0.050889	0.00018787	0.22631	liquid
111.00	437.00	453.76	0.0022038	-29.902	66.404	-0.29497	2.1591	3.2309	1653.3	-0.050803	0.00018329	0.22523	liquid
112.00	437.00	452.72	0.0022089	-26.893	69.635	-0.26600	2.1550	3.2312	1646.9	-0.050715	0.00017893	0.22414	liquid
113.00	437.00	451.68	0.0022140	-23.884	72.866	-0.23727	2.1509	3.2315	1640.5	-0.050625	0.00017477	0.22304	liquid
114.00	437.00	450.63	0.0022191	-20.877	76.098	-0.20880	2.1468	3.2317	1634.1	-0.050533	0.00017081	0.22194	liquid
115.00	437.00	449.59	0.0022243	-17.870	79.330	-0.18057	2.1427	3.2320	1627.7	-0.050440	0.00016702	0.22084	liquid
116.00	437.00	448.54	0.0022294	-14.864	82.562	-0.15259	2.1387	3.2323	1621.3	-0.050345	0.00016340	0.21974	liquid
117.00	437.00	447.50	0.0022346	-11.859	85.794	-0.12484	2.1346	3.2326	1614.9	-0.050249	0.00015994	0.21863	liquid
118.00	437.00	446.46	0.0022399	-8.8550	89.027	-0.097331	2.1306	3.2329	1608.6	-0.050150	0.00015661	0.21752	liquid
119.00	437.00	445.41	0.0022451	-5.8517	92.260	-0.070048	2.1267	3.2331	1602.2	-0.050050	0.00015343	0.21641	liquid
120.00	437.00	444.37	0.0022504	-2.8493	95.493	-0.042992	2.1227	3.2334	1595.8	-0.049948	0.00015038	0.21530	liquid
121.00	437.00	443.32	0.0022557	0.15229	98.727	-0.016157	2.1188	3.2336	1589.5	-0.049845	0.00014744	0.21419	liquid
122.00	437.00	442.27	0.0022610	3.1529	101.96	0.010458	2.1149	3.2339	1583.2	-0.049739	0.00014462	0.21308	liquid
123.00	437.00	441.23	0.0022664	6.1526	105.19	0.036859	2.1110	3.2342	1576.8	-0.049632	0.00014190	0.21196	liquid
124.00	437.00	440.18	0.0022718	9.1514	108.43	0.063047	2.1072	3.2344	1570.5	-0.049523	0.00013929	0.21085	liquid
125.00	437.00	439.13	0.0022772	12.149	111.66	0.089028	2.1034	3.2347	1564.2	-0.049412	0.00013677	0.20974	liquid
126.00	437.00	438.09	0.0022827	15.146	114.90	0.11480	2.0996	3.2349	1557.9	-0.049299	0.00013434	0.20862	liquid
127.00	437.00	437.04	0.0022881	18.142	118.13	0.14038	2.0958	3.2352	1551.6	-0.049184	0.00013199	0.20751	liquid
128.00	437.00	435.99	0.0022936	21.137	121.37	0.16575	2.0920	3.2354	1545.4	-0.049067	0.00012972	0.20640	liquid
129.00	437.00	434.94	0.0022992	24.130	124.60	0.19093	2.0883	3.2356	1539.1	-0.048948	0.00012753	0.20529	liquid
130.00	437.00	433.89	0.0023047	27.123	127.84	0.21592	2.0846	3.2359	1532.9	-0.048827	0.00012542	0.20418	liquid
131.00	437.00	432.84	0.0023103	30.115	131.08	0.24071	2.0809	3.2361	1526.6	-0.048704	0.00012337	0.20308	liquid
132.00	437.00	431.79	0.0023159	33.106	134.31	0.26533	2.0773	3.2364	1520.4	-0.048579	0.00012138	0.20197	liquid
133.00	437.00	430.74	0.0023216	36.095	137.55	0.28975	2.0736	3.2366	1514.2	-0.048452	0.00011946	0.20087	liquid
134.00	437.00	429.69	0.0023273	39.084	140.79	0.31400	2.0700	3.2369	1508.0	-0.048323	0.00011760	0.19977	liquid
135.00	437.00	428.64	0.0023330	42.071	144.02	0.33806	2.0664	3.2372	1501.8	-0.048191	0.00011579	0.19867	liquid
136.00	437.00	427.59	0.0023387	45.058	147.26	0.36196	2.0629	3.2374	1495.7	-0.048057	0.00011403	0.19758	liquid
137.00	437.00	426.53	0.0023445	48.043	150.50	0.38567	2.0594	3.2377	1489.5	-0.047921	0.00011233	0.19649	liquid
138.00	437.00	425.48	0.0023503	51.027	153.74	0.40922	2.0559	3.2380	1483.4	-0.047783	0.00011067	0.19540	liquid
139.00	437.00	424.43	0.0023561	54.011	156.97	0.43260	2.0524	3.2383	1477.3	-0.047642	0.00010906	0.19431	liquid
140.00	437.00	423.37	0.0023620	56.992	160.21	0.45582	2.0490	3.2385	1471.2	-0.047499	0.00010750	0.19323	liquid
141.00	437.00	422.32	0.0023679	59.973	163.45	0.47887	2.0456	3.2388	1465.1	-0.047354	0.00010598	0.19215	liquid
142.00	437.00	421.26	0.0023738	62.953	166.69	0.50176	2.0422	3.2391	1459.0	-0.047206	0.00010449	0.19108	liquid
143.00	437.00	420.20	0.0023798	65.932	169.93	0.52449	2.0388	3.2394	1453.0	-0.047056	0.00010305	0.19000	liquid
144.00	437.00	419.15	0.0023858	68.909	173.17	0.54707	2.0355	3.2398	1447.0	-0.046903	0.00010165	0.18894	liquid
145.00	437.00	418.09	0.0023918	71.885	176.41	0.56949	2.0322	3.2401	1440.9	-0.046748	0.00010028	0.18787	liquid
146.00	437.00	417.03	0.0023979	74.861	179.65	0.59176	2.0289	3.2404	1434.9	-0.046590	9.8942e-05	0.18681	liquid
147.00	437.00	415.97	0.0024040	77.835	182.89	0.61388	2.0257	3.2408	1429.0	-0.046429	9.7640e-05	0.18576	liquid
148.00	437.00	414.92	0.0024101	80.807	186.13	0.63585	2.0224	3.2411	1423.0	-0.046266	9.6370e-05	0.18471	liquid
149.00	437.00	413.86	0.0024163	83.779	189.37	0.65768	2.0193	3.2415	1417.0	-0.046101	9.5130e-05	0.18366	liquid
150.00	437.00	412.80	0.0024225	86.749	192.61	0.67936	2.0161	3.2418	1411.1	-0.045933	9.3920e-05	0.18262	liquid
151.00	437.00	411.74	0.0024287	89.719	195.85	0.70090	2.0130	3.2422	1405.2	-0.045762	9.2739e-05	0.18158	liquid
152.00	437.00	410.67	0.0024350	92.687	199.10	0.72230	2.0099	3.2426	1399.3	-0.045588	9.1584e-05	0.18055	liquid
153.00	437.00	409.61	0.0024413	95.654	202.34	0.74357	2.0068	3.2430	1393.4	-0.045412	9.0456e-05	0.17952	liquid
154.00	437.00	408.55	0.0024477	98.620	205.58	0.76470	2.0038	3.2434	1387.6	-0.045233	8.9354e-05	0.17849	liquid
155.00	437.00	407.49	0.0024541	101.58	208.83	0.78569	2.0008	3.2439	1381.8	-0.045051	8.8276e-05	0.17748	liquid
156.00	437.00	406.42	0.0024605	104.55	212.07	0.80655	1.9978	3.2443	1375.9	-0.044866	8.7222e-05	0.17646	liquid
157.00	437.00	405.36	0.0024669	107.51	215.32	0.82729	1.9948	3.2448	1370.1	-0.044679	8.6191e-05	0.17545	liquid
158.00	437.00	404.29	0.0024734	110.47	218.56	0.84789	1.9919	3.2452	1364.4	-0.044488	8.5182e-05	0.17445	liquid
159.00	437.00	403.23	0.0024800	113.43	221.81	0.86837	1.9890	3.2457	1358.6	-0.044295	8.4195e-05	0.17345	liquid
160.00	437.00	402.16	0.0024866	116.39	225.05	0.88872	1.9862	3.2462	1352.9	-0.044099	8.3228e-05	0.17246	liquid
161.00	437.00	401.10	0.0024932	119.35	228.30	0.90894	1.9834	3.2467	1347.2	-0.043900	8.2282e-05	0.17147	liquid
162.00	437.00	400.03	0.0024998	122.30	231.55	0.92905	1.9806	3.2472	1341.5	-0.043698	8.1355e-05	0.17049	liquid
163.00	437.00	398.96	0.0025065	125.26	234.79	0.94903	1.9778	3.2477	1335.8	-0.043493	8.0447e-05	0.16951	liquid
164.00	437.00	397.89	0.0025132	128.21	238.04	0.96890	1.9751	3.2483	1330.1	-0.043285	7.9557e-05	0.16854	liquid
165.00	437.00	396.82	0.0025200	131.16	241.29	0.98865	1.9724	3.2488	1324.5	-0.043075	7.8685e-05	0.16758	liquid
166.00	437.00	395.75	0.0025268	134.12	244.54	1.0083	1.9697	3.2494	1318.9	-0.042861	7.7830e-05	0.16662	liquid
167.00	437.00	394.68	0.0025337	137.07	247.79	1.0278	1.9671	3.2500	1313.3	-0.042644	7.6992e-05	0.16566	liquid
168.00	437.00	393.61	0.0025406	140.02	251.04	1.0472	1.9645	3.2505	1307.7	-0.042424	7.6170e-05	0.16471	liquid
169.00	437.00	392.54	0.0025475	142.96	254.29	1.0665	1.9619	3.2511	1302.2	-0.042201	7.5364e-05	0.16377	liquid
170.00	437.00	391.47	0.0025545	145.91	257.54	1.0857	1.9594	3.2518	1296.7	-0.041975	7.4574e-05	0.16283	liquid
171.00	437.00	390.40	0.0025615	148.85	260.79	1.1048	1.9569	3.2524	1291.2	-0.041746	7.3798e-05	0.16190	liquid
172.00	437.00	389.32	0.0025686	151.80	264.05	1.1237	1.9544	3.2530	1285.7	-0.041513	7.3037e-05	0.16098	liquid
173.00	437.00	388.25	0.0025757	154.74	267.30	1.1426	1.9520	3.2537	1280.2	-0.041278	7.2290e-05	0.16006	liquid
174.00	437.00	387.17	0.0025828	157.68	270.55	1.1613	1.9495	3.2543	1274.8	-0.041039	7.1557e-05	0.15914	liquid
175.00	437.00	386.10	0.0025900	160.62	273.81	1.1800	1.9472	3.2550	1269.4	-0.040798	7.0837e-05	0.15823	liquid
176.00	437.00	385.02	0.0025972	163.56	277.06	1.1985	1.9448	3.2557	1264.0	-0.040553	7.0130e-05	0.15733	liquid
177.00	437.00	383.95	0.0026045	166.50	280.32	1.2170	1.9425	3.2564	1258.6	-0.040305	6.9436e-05	0.15644	liquid
178.00	437.00	382.87	0.0026118	169.44	283.58	1.2353	1.9402	3.2571	1253.3	-0.040053	6.8754e-05	0.15555	liquid
179.00	437.00	381.79	0.0026192	172.37	286.83	1.2536	1.9380	3.2578	1248.0	-0.039799	6.8084e-05	0.15466	liquid
180.00	437.00	380.72	0.0026266	175.31	290.09	1.2717	1.9358	3.2585	1242.7	-0.039541	6.7426e-05	0.15379	liquid
181.00	437.00	379.64	0.0026341	178.24	293.35	1.2898	1.9336	3.2593	1237.4	-0.039281	6.6779e-05	0.15292	liquid
182.00	437.00	378.56	0.0026416	181.17	296.61	1.3077	1.9314	3.2600	1232.2	-0.039017	6.6144e-05	0.15205	liquid
183.00	437.00	377.48	0.0026491	184.10	299.87	1.3256	1.9293	3.2608	1226.9	-0.038749	6.5519e-05	0.15119	liquid
184.00	437.00	376.40	0.0026567	187.03	303.13	1.3434	1.9272	3.2615	1221.7	-0.038479	6.4905e-05	0.15034	liquid
185.00	437.00	375.32	0.0026644	189.96	306.39	1.3611	1.9252	3.2623	1216.6	-0.038205	6.4301e-05	0.14949	liquid
186.00	437.00	374.24	0.0026721	192.89	309.66	1.3786	1.9231	3.2631	1211.4	-0.037929	6.3708e-05	0.14865	liquid
187.00	437.00	373.16	0.0026798	195.81	312.92	1.3961	1.9211	3.2639	1206.3	-0.037649	6.3124e-05	0.14782	liquid
188.00	437.00	372.08	0.0026876	198.74	316.18	1.4136	1.9192	3.2647	1201.2	-0.037365	6.2550e-05	0.14700	liquid
189.00	437.00	371.00	0.0026954	201.66	319.45	1.4309	1.9173	3.2655	1196.1	-0.037079	6.1986e-05	0.14618	liquid
190.00	437.00	369.92	0.0027033	204.58	322.71	1.4481	1.9154	3.2663	1191.1	-0.036789	6.1431e-05	0.14537	liquid
191.00	437.00	368.84	0.0027112	207.50	325.98	1.4653	1.9135	3.2671	1186.0	-0.036496	6.0884e-05	0.14456	supercritical
192.00	437.00	367.76	0.0027192	210.42	329.25	1.4823	1.9117	3.2680	1181.0	-0.036200	6.0347e-05	0.14375	supercritical
193.00	437.00	366.68	0.0027272	213.34	332.52	1.4993	1.9099	3.2688	1176.1	-0.035901	5.9818e-05	0.14295	supercritical
194.00	437.00	365.59	0.0027353	216.25	335.79	1.5162	1.9081	3.2697	1171.1	-0.035599	5.9298e-05	0.14216	supercritical
195.00	437.00	364.51	0.0027434	219.17	339.06	1.5330	1.9064	3.2705	1166.2	-0.035293	5.8786e-05	0.14137	supercritical
196.00	437.00	363.43	0.0027516	222.08	342.33	1.5497	1.9047	3.2714	1161.3	-0.034984	5.8282e-05	0.14059	supercritical
197.00	437.00	362.34	0.0027598	225.00	345.60	1.5664	1.9030	3.2722	1156.4	-0.034672	5.7785e-05	0.13982	supercritical
198.00	437.00	361.26	0.0027681	227.91	348.87	1.5830	1.9014	3.2731	1151.6	-0.034357	5.7297e-05	0.13905	supercritical
199.00	437.00	360.18	0.0027764	230.82	352.15	1.5995	1.8998	3.2740	1146.8	-0.034039	5.6816e-05	0.13829	supercritical
200.00	437.00	359.09	0.0027848	233.72	355.42	1.6159	1.8982	3.2748	1142.0	-0.033718	5.6343e-05	0.13753	supercritical
201.00	437.00	358.01	0.0027932	236.63	358.70	1.6322	1.8967	3.2757	1137.2	-0.033394	5.5876e-05	0.13678	supercritical
202.00	437.00	356.93	0.0028017	239.54	361.97	1.6485	1.8952	3.2766	1132.5	-0.033066	5.5417e-05	0.13604	supercritical
203.00	437.00	355.84	0.0028102	242.44	365.25	1.6646	1.8937	3.2774	1127.8	-0.032736	5.4965e-05	0.13531	supercritical
204.00	437.00	354.76	0.0028188	245.34	368.53	1.6808	1.8923	3.2783	1123.1	-0.032403	5.4520e-05	0.13458	supercritical
205.00	437.00	353.68	0.0028274	248.25	371.81	1.6968	1.8909	3.2792	1118.5	-0.032066	5.4081e-05	0.13385	supercritical
206.00	437.00	352.59	0.0028361	251.15	375.08	1.7127	1.8895	3.2801	1113.9	-0.031727	5.3649e-05	0.13314	supercritical
207.00	437.00	351.51	0.0028449	254.04	378.37	1.7286	1.8882	3.2809	1109.3	-0.031384	5.3223e-05	0.13242	supercritical
208.00	437.00	350.43	0.0028537	256.94	381.65	1.7444	1.8869	3.2818	1104.7	-0.031039	5.2804e-05	0.13172	supercritical
209.00	437.00	349.34	0.0028625	259.84	384.93	1.7602	1.8856	3.2827	1100.2	-0.030691	5.2391e-05	0.13102	supercritical
210.00	437.00	348.26	0.0028714	262.73	388.21	1.7759	1.8844	3.2836	1095.7	-0.030340	5.1984e-05	0.13033	supercritical
211.00	437.00	347.18	0.0028804	265.62	391.50	1.7915	1.8832	3.2844	1091.2	-0.029986	5.1583e-05	0.12964	supercritical
212.00	437.00	346.09	0.0028894	268.51	394.78	1.8070	1.8820	3.2853	1086.7	-0.029629	5.1187e-05	0.12896	supercritical
213.00	437.00	345.01	0.0028985	271.40	398.07	1.8225	1.8809	3.2862	1082.3	-0.029270	5.0798e-05	0.12829	supercritical
214.00	437.00	343.93	0.0029076	274.29	401.35	1.8378	1.8798	3.2870	1077.9	-0.028908	5.0413e-05	0.12762	supercritical
215.00	437.00	342.85	0.0029168	277.18	404.64	1.8532	1.8787	3.2879	1073.6	-0.028543	5.0035e-05	0.12696	supercritical
216.00	437.00	341.77	0.0029260	280.06	407.93	1.8684	1.8777	3.2887	1069.2	-0.028176	4.9662e-05	0.12630	supercritical
217.00	437.00	340.68	0.0029353	282.95	411.22	1.8836	1.8767	3.2895	1064.9	-0.027806	4.9294e-05	0.12566	supercritical
218.00	437.00	339.60	0.0029446	285.83	414.51	1.8987	1.8757	3.2904	1060.7	-0.027433	4.8932e-05	0.12501	supercritical
219.00	437.00	338.52	0.0029540	288.71	417.80	1.9138	1.8747	3.2912	1056.4	-0.027058	4.8574e-05	0.12438	supercritical
220.00	437.00	337.44	0.0029634	291.59	421.09	1.9288	1.8738	3.2920	1052.2	-0.026681	4.8222e-05	0.12375	supercritical
221.00	437.00	336.37	0.0029730	294.46	424.38	1.9437	1.8730	3.2928	1048.0	-0.026301	4.7874e-05	0.12312	supercritical
222.00	437.00	335.29	0.0029825	297.34	427.68	1.9586	1.8721	3.2936	1043.9	-0.025919	4.7532e-05	0.12250	supercritical
223.00	437.00	334.21	0.0029921	300.21	430.97	1.9734	1.8713	3.2944	1039.8	-0.025534	4.7194e-05	0.12189	supercritical
224.00	437.00	333.13	0.0030018	303.09	434.26	1.9882	1.8705	3.2952	1035.7	-0.025147	4.6861e-05	0.12128	supercritical
225.00	437.00	332.06	0.0030115	305.96	437.56	2.0028	1.8698	3.2959	1031.6	-0.024758	4.6532e-05	0.12068	supercritical
226.00	437.00	330.98	0.0030213	308.82	440.86	2.0174	1.8690	3.2967	1027.6	-0.024367	4.6208e-05	0.12009	supercritical
227.00	437.00	329.91	0.0030312	311.69	444.15	2.0320	1.8684	3.2974	1023.6	-0.023974	4.5889e-05	0.11950	supercritical
228.00	437.00	328.83	0.0030411	314.56	447.45	2.0465	1.8677	3.2981	1019.6	-0.023579	4.5574e-05	0.11892	supercritical
229.00	437.00	327.76	0.0030510	317.42	450.75	2.0609	1.8671	3.2989	1015.7	-0.023182	4.5263e-05	0.11834	supercritical
230.00	437.00	326.69	0.0030610	320.28	454.05	2.0753	1.8665	3.2996	1011.8	-0.022782	4.4956e-05	0.11777	supercritical
231.00	437.00	325.62	0.0030711	323.14	457.35	2.0896	1.8659	3.3002	1007.9	-0.022381	4.4654e-05	0.11721	supercritical
232.00	437.00	324.55	0.0030812	326.00	460.65	2.1039	1.8654	3.3009	1004.1	-0.021979	4.4356e-05	0.11665	supercritical
233.00	437.00	323.48	0.0030914	328.86	463.95	2.1181	1.8649	3.3016	1000.3	-0.021574	4.4061e-05	0.11610	supercritical
234.00	437.00	322.41	0.0031016	331.71	467.25	2.1322	1.8644	3.3022	996.50	-0.021168	4.3771e-05	0.11555	supercritical
235.00	437.00	321.34	0.0031119	334.56	470.56	2.1463	1.8640	3.3028	992.76	-0.020761	4.3485e-05	0.11501	supercritical
236.00	437.00	320.28	0.0031223	337.41	473.86	2.1603	1.8636	3.3034	989.04	-0.020351	4.3202e-05	0.11448	supercritical
237.00	437.00	319.21	0.0031327	340.26	477.16	2.1743	1.8632	3.3040	985.36	-0.019941	4.2923e-05	0.11395	supercritical
238.00	437.00	318.15	0.0031432	343.11	480.47	2.1882	1.8629	3.3045	981.71	-0.019529	4.2649e-05	0.11343	supercritical
239.00	437.00	317.09	0.0031537	345.95	483.77	2.2021	1.8626	3.3051	978.09	-0.019115	4.2377e-05	0.11291	supercritical
240.00	437.00	316.03	0.0031643	348.80	487.08	2.2159	1.8623	3.3056	974.50	-0.018701	4.2110e-05	0.11240	supercritical
241.00	437.00	314.97	0.0031749	351.64	490.38	2.2296	1.8621	3.3061	970.95	-0.018285	4.1846e-05	0.11189	supercritical
242.00	437.00	313.91	0.0031856	354.48	493.69	2.2433	1.8619	3.3066	967.42	-0.017869	4.1585e-05	0.11139	supercritical
243.00	437.00	312.86	0.0031964	357.31	497.00	2.2569	1.8617	3.3071	963.93	-0.017451	4.1328e-05	0.11090	supercritical
244.00	437.00	311.80	0.0032072	360.15	500.30	2.2705	1.8615	3.3075	960.47	-0.017032	4.1074e-05	0.11041	supercritical
245.00	437.00	310.75	0.0032180	362.98	503.61	2.2841	1.8614	3.3079	957.05	-0.016613	4.0824e-05	0.10993	supercritical
246.00	437.00	309.70	0.0032289	365.81	506.92	2.2975	1.8613	3.3083	953.65	-0.016193	4.0577e-05	0.10945	supercritical
247.00	437.00	308.65	0.0032399	368.64	510.23	2.3110	1.8612	3.3087	950.29	-0.015772	4.0333e-05	0.10898	supercritical
248.00	437.00	307.60	0.0032510	371.47	513.54	2.3243	1.8612	3.3090	946.96	-0.015351	4.0093e-05	0.10851	supercritical
249.00	437.00	306.56	0.0032620	374.29	516.85	2.3376	1.8612	3.3094	943.66	-0.014929	3.9855e-05	0.10805	supercritical
250.00	437.00	305.51	0.0032732	377.12	520.15	2.3509	1.8612	3.3097	940.39	-0.014506	3.9621e-05	0.10760	supercritical
251.00	437.00	304.47	0.0032844	379.94	523.46	2.3641	1.8613	3.3100	937.16	-0.014084	3.9390e-05	0.10715	supercritical
252.00	437.00	303.43	0.0032956	382.75	526.77	2.3773	1.8614	3.3102	933.95	-0.013661	3.9162e-05	0.10671	supercritical
253.00	437.00	302.39	0.0033070	385.57	530.09	2.3904	1.8615	3.3105	930.78	-0.013238	3.8937e-05	0.10627	supercritical
254.00	437.00	301.36	0.0033183	388.38	533.40	2.4035	1.8616	3.3107	927.64	-0.012815	3.8714e-05	0.10584	supercritical
255.00	437.00	300.32	0.0033297	391.20	536.71	2.4165	1.8618	3.3108	924.53	-0.012391	3.8495e-05	0.10541	supercritical
256.00	437.00	299.29	0.0033412	394.01	540.02	2.4294	1.8620	3.3110	921.46	-0.011968	3.8279e-05	0.10499	supercritical
257.00	437.00	298.26	0.0033528	396.81	543.33	2.4423	1.8622	3.3111	918.41	-0.011545	3.8065e-05	0.10457	supercritical
258.00	437.00	297.24	0.0033643	399.62	546.64	2.4552	1.8625	3.3112	915.40	-0.011123	3.7855e-05	0.10416	supercritical
259.00	437.00	296.21	0.0033760	402.42	549.95	2.4680	1.8628	3.3113	912.42	-0.010700	3.7647e-05	0.10375	supercritical
260.00	437.00	295.19	0.0033877	405.22	553.26	2.4808	1.8631	3.3114	909.47	-0.010279	3.7441e-05	0.10335	supercritical
261.00	437.00	294.17	0.0033994	408.02	556.57	2.4935	1.8634	3.3114	906.56	-0.0098572	3.7239e-05	0.10296	supercritical
262.00	437.00	293.15	0.0034112	410.81	559.88	2.5061	1.8638	3.3114	903.67	-0.0094365	3.7039e-05	0.10257	supercritical
263.00	437.00	292.14	0.0034231	413.61	563.20	2.5187	1.8642	3.3114	900.82	-0.0090164	3.6842e-05	0.10218	supercritical
264.00	437.00	291.12	0.0034350	416.40	566.51	2.5313	1.8646	3.3113	897.99	-0.0085971	3.6647e-05	0.10180	supercritical
265.00	437.00	290.11	0.0034469	419.19	569.82	2.5438	1.8651	3.3113	895.20	-0.0081787	3.6455e-05	0.10143	supercritical
266.00	437.00	289.11	0.0034589	421.97	573.13	2.5563	1.8656	3.3112	892.44	-0.0077612	3.6265e-05	0.10106	supercritical
267.00	437.00	288.10	0.0034710	424.76	576.44	2.5687	1.8661	3.3111	889.71	-0.0073448	3.6078e-05	0.10069	supercritical
268.00	437.00	287.10	0.0034831	427.54	579.75	2.5811	1.8666	3.3109	887.01	-0.0069295	3.5894e-05	0.10033	supercritical
269.00	437.00	286.10	0.0034953	430.32	583.06	2.5934	1.8672	3.3107	884.34	-0.0065154	3.5711e-05	0.099979	supercritical
270.00	437.00	285.10	0.0035075	433.10	586.37	2.6057	1.8678	3.3105	881.71	-0.0061025	3.5531e-05	0.099629	supercritical
271.00	437.00	284.11	0.0035198	435.87	589.68	2.6180	1.8684	3.3103	879.10	-0.0056911	3.5354e-05	0.099284	supercritical
272.00	437.00	283.12	0.0035321	438.64	592.99	2.6302	1.8691	3.3100	876.52	-0.0052810	3.5179e-05	0.098944	supercritical
273.00	437.00	282.13	0.0035445	441.41	596.30	2.6423	1.8697	3.3098	873.98	-0.0048726	3.5006e-05	0.098609	supercritical
274.00	437.00	281.15	0.0035569	444.18	599.61	2.6544	1.8704	3.3095	871.46	-0.0044657	3.4835e-05	0.098279	supercritical
275.00	437.00	280.16	0.0035693	446.94	602.92	2.6665	1.8712	3.3091	868.98	-0.0040606	3.4667e-05	0.097954	supercritical
276.00	437.00	279.18	0.0035819	449.70	606.23	2.6785	1.8719	3.3088	866.52	-0.0036572	3.4501e-05	0.097633	supercritical
277.00	437.00	278.21	0.0035944	452.46	609.54	2.6904	1.8727	3.3084	864.10	-0.0032557	3.4337e-05	0.097317	supercritical
278.00	437.00	277.24	0.0036070	455.22	612.85	2.7024	1.8735	3.3080	861.70	-0.0028561	3.4175e-05	0.097006	supercritical
279.00	437.00	276.27	0.0036197	457.98	616.16	2.7142	1.8743	3.3076	859.33	-0.0024585	3.4015e-05	0.096699	supercritical
280.00	437.00	275.30	0.0036324	460.73	619.46	2.7261	1.8752	3.3071	857.00	-0.0020631	3.3858e-05	0.096397	supercritical
281.00	437.00	274.34	0.0036452	463.48	622.77	2.7379	1.8761	3.3067	854.69	-0.0016698	3.3702e-05	0.096100	supercritical
282.00	437.00	273.38	0.0036580	466.22	626.08	2.7496	1.8770	3.3062	852.41	-0.0012787	3.3549e-05	0.095807	supercritical
283.00	437.00	272.42	0.0036708	468.97	629.38	2.7613	1.8779	3.3057	850.16	-0.00088996	3.3397e-05	0.095518	supercritical
284.00	437.00	271.47	0.0036837	471.71	632.69	2.7730	1.8789	3.3051	847.94	-0.00050361	3.3248e-05	0.095234	supercritical
285.00	437.00	270.52	0.0036966	474.45	635.99	2.7846	1.8799	3.3046	845.74	-0.00011972	3.3101e-05	0.094955	supercritical
286.00	437.00	269.57	0.0037096	477.19	639.30	2.7961	1.8809	3.3040	843.58	0.00026164	3.2955e-05	0.094679	supercritical
287.00	437.00	268.63	0.0037226	479.92	642.60	2.8077	1.8819	3.3034	841.44	0.00064040	3.2812e-05	0.094409	supercritical
288.00	437.00	267.69	0.0037357	482.66	645.90	2.8192	1.8830	3.3028	839.33	0.0010165	3.2670e-05	0.094142	supercritical
289.00	437.00	266.75	0.0037488	485.38	649.21	2.8306	1.8841	3.3021	837.25	0.0013898	3.2530e-05	0.093880	supercritical
290.00	437.00	265.82	0.0037620	488.11	652.51	2.8420	1.8852	3.3015	835.20	0.0017604	3.2392e-05	0.093622	supercritical
291.00	437.00	264.89	0.0037751	490.84	655.81	2.8534	1.8863	3.3008	833.18	0.0021281	3.2256e-05	0.093368	supercritical
292.00	437.00	263.97	0.0037884	493.56	659.11	2.8647	1.8875	3.3001	831.18	0.0024929	3.2122e-05	0.093118	supercritical
293.00	437.00	263.04	0.0038017	496.28	662.41	2.8760	1.8887	3.2994	829.21	0.0028546	3.1990e-05	0.092873	supercritical
294.00	437.00	262.13	0.0038150	499.00	665.71	2.8872	1.8899	3.2986	827.26	0.0032134	3.1859e-05	0.092631	supercritical
295.00	437.00	261.21	0.0038283	501.71	669.01	2.8984	1.8911	3.2979	825.34	0.0035690	3.1730e-05	0.092394	supercritical
296.00	437.00	260.30	0.0038417	504.42	672.31	2.9096	1.8924	3.2971	823.45	0.0039215	3.1603e-05	0.092161	supercritical
297.00	437.00	259.39	0.0038552	507.13	675.60	2.9207	1.8936	3.2963	821.59	0.0042708	3.1478e-05	0.091931	supercritical
298.00	437.00	258.49	0.0038686	509.84	678.90	2.9318	1.8949	3.2955	819.75	0.0046168	3.1354e-05	0.091706	supercritical
299.00	437.00	257.59	0.0038821	512.54	682.19	2.9428	1.8963	3.2947	817.93	0.0049594	3.1232e-05	0.091484	supercritical
300.00	437.00	256.69	0.0038957	515.25	685.49	2.9538	1.8976	3.2939	816.15	0.0052988	3.1111e-05	0.091267	supercritical
301.00	437.00	255.80	0.0039093	517.95	688.78	2.9648	1.8990	3.2931	814.38	0.0056347	3.0993e-05	0.091053	supercritical
302.00	437.00	254.91	0.0039229	520.64	692.07	2.9757	1.9004	3.2922	812.65	0.0059671	3.0875e-05	0.090843	supercritical
303.00	437.00	254.03	0.0039366	523.34	695.37	2.9866	1.9018	3.2913	810.93	0.0062961	3.0760e-05	0.090636	supercritical
304.00	437.00	253.15	0.0039503	526.03	698.66	2.9974	1.9032	3.2904	809.25	0.0066215	3.0646e-05	0.090434	supercritical
305.00	437.00	252.27	0.0039640	528.72	701.95	3.0082	1.9047	3.2896	807.58	0.0069433	3.0533e-05	0.090235	supercritical
306.00	437.00	251.40	0.0039777	531.41	705.24	3.0190	1.9061	3.2887	805.94	0.0072614	3.0422e-05	0.090040	supercritical
307.00	437.00	250.53	0.0039915	534.09	708.52	3.0297	1.9076	3.2877	804.33	0.0075760	3.0313e-05	0.089848	supercritical
308.00	437.00	249.66	0.0040054	536.78	711.81	3.0404	1.9092	3.2868	802.74	0.0078868	3.0205e-05	0.089660	supercritical
309.00	437.00	248.80	0.0040192	539.46	715.10	3.0511	1.9107	3.2859	801.17	0.0081939	3.0098e-05	0.089476	supercritical
310.00	437.00	247.95	0.0040331	542.13	718.38	3.0617	1.9123	3.2850	799.63	0.0084972	2.9993e-05	0.089295	supercritical
311.00	437.00	247.09	0.0040471	544.81	721.67	3.0723	1.9139	3.2840	798.11	0.0087967	2.9890e-05	0.089117	supercritical
312.00	437.00	246.24	0.0040610	547.48	724.95	3.0828	1.9155	3.2831	796.61	0.0090924	2.9788e-05	0.088943	supercritical
313.00	437.00	245.40	0.0040750	550.16	728.23	3.0933	1.9171	3.2821	795.14	0.0093842	2.9687e-05	0.088773	supercritical
314.00	437.00	244.56	0.0040890	552.82	731.51	3.1038	1.9188	3.2811	793.69	0.0096722	2.9588e-05	0.088606	supercritical
315.00	437.00	243.72	0.0041031	555.49	734.80	3.1142	1.9204	3.2802	792.26	0.0099562	2.9490e-05	0.088442	supercritical
316.00	437.00	242.89	0.0041171	558.16	738.07	3.1246	1.9221	3.2792	790.85	0.010236	2.9393e-05	0.088281	supercritical
317.00	437.00	242.06	0.0041312	560.82	741.35	3.1350	1.9238	3.2782	789.46	0.010512	2.9298e-05	0.088124	supercritical
318.00	437.00	241.23	0.0041454	563.48	744.63	3.1453	1.9256	3.2772	788.10	0.010785	2.9204e-05	0.087970	supercritical
319.00	437.00	240.41	0.0041595	566.14	747.91	3.1556	1.9273	3.2762	786.76	0.011053	2.9111e-05	0.087819	supercritical
320.00	437.00	239.59	0.0041737	568.79	751.18	3.1658	1.9291	3.2752	785.44	0.011317	2.9020e-05	0.087671	supercritical
321.00	437.00	238.78	0.0041879	571.45	754.46	3.1760	1.9309	3.2742	784.14	0.011577	2.8930e-05	0.087527	supercritical
322.00	437.00	237.97	0.0042022	574.10	757.73	3.1862	1.9327	3.2733	782.86	0.011834	2.8841e-05	0.087385	supercritical
323.00	437.00	237.17	0.0042164	576.75	761.00	3.1964	1.9345	3.2723	781.60	0.012086	2.8753e-05	0.087247	supercritical
324.00	437.00	236.37	0.0042307	579.39	764.28	3.2065	1.9364	3.2713	780.36	0.012334	2.8667e-05	0.087111	supercritical
325.00	437.00	235.57	0.0042451	582.04	767.55	3.2166	1.9383	3.2703	779.14	0.012578	2.8582e-05	0.086979	supercritical
326.00	437.00	234.78	0.0042594	584.68	770.82	3.2266	1.9402	3.2693	777.94	0.012818	2.8498e-05	0.086850	supercritical
327.00	437.00	233.99	0.0042738	587.32	774.09	3.2366	1.9421	3.2683	776.76	0.013054	2.8415e-05	0.086723	supercritical
328.00	437.00	233.20	0.0042881	589.96	777.35	3.2466	1.9440	3.2673	775.60	0.013286	2.8334e-05	0.086600	supercritical
329.00	437.00	232.42	0.0043026	592.60	780.62	3.2565	1.9460	3.2663	774.46	0.013513	2.8253e-05	0.086479	supercritical
330.00	437.00	231.64	0.0043170	595.23	783.89	3.2665	1.9479	3.2654	773.34	0.013737	2.8174e-05	0.086362	supercritical
331.00	437.00	230.87	0.0043314	597.87	787.15	3.2763	1.9499	3.2644	772.24	0.013957	2.8096e-05	0.086247	supercritical
332.00	437.00	230.10	0.0043459	600.50	790.42	3.2862	1.9519	3.2634	771.16	0.014172	2.8019e-05	0.086135	supercritical
333.00	437.00	229.34	0.0043604	603.13	793.68	3.2960	1.9539	3.2625	770.09	0.014384	2.7943e-05	0.086025	supercritical
334.00	437.00	228.58	0.0043749	605.76	796.94	3.3058	1.9560	3.2615	769.05	0.014591	2.7868e-05	0.085919	supercritical
335.00	437.00	227.82	0.0043894	608.38	800.20	3.3155	1.9580	3.2606	768.02	0.014795	2.7794e-05	0.085815	supercritical
336.00	437.00	227.07	0.0044040	611.01	803.46	3.3252	1.9601	3.2596	767.01	0.014994	2.7722e-05	0.085714	supercritical
337.00	437.00	226.32	0.0044186	613.63	806.72	3.3349	1.9622	3.2587	766.01	0.015189	2.7650e-05	0.085615	supercritical
338.00	437.00	225.57	0.0044332	616.25	809.98	3.3446	1.9643	3.2578	765.04	0.015381	2.7579e-05	0.085519	supercritical
339.00	437.00	224.83	0.0044478	618.87	813.24	3.3542	1.9664	3.2568	764.08	0.015568	2.7510e-05	0.085426	supercritical
340.00	437.00	224.10	0.0044624	621.49	816.49	3.3638	1.9686	3.2559	763.14	0.015751	2.7441e-05	0.085336	supercritical
341.00	437.00	223.36	0.0044770	624.10	819.75	3.3734	1.9707	3.2550	762.21	0.015930	2.7374e-05	0.085247	supercritical
342.00	437.00	222.63	0.0044917	626.72	823.00	3.3829	1.9729	3.2541	761.30	0.016106	2.7307e-05	0.085162	supercritical
343.00	437.00	221.91	0.0045064	629.33	826.26	3.3924	1.9751	3.2532	760.41	0.016277	2.7241e-05	0.085079	supercritical
344.00	437.00	221.19	0.0045211	631.94	829.51	3.4019	1.9773	3.2524	759.53	0.016444	2.7177e-05	0.084998	supercritical
345.00	437.00	220.47	0.0045358	634.55	832.76	3.4113	1.9796	3.2515	758.67	0.016608	2.7113e-05	0.084920	supercritical
346.00	437.00	219.76	0.0045505	637.16	836.01	3.4207	1.9818	3.2507	757.83	0.016768	2.7050e-05	0.084844	supercritical
347.00	437.00	219.05	0.0045652	639.76	839.26	3.4301	1.9841	3.2498	757.00	0.016923	2.6988e-05	0.084771	supercritical
348.00	437.00	218.34	0.0045800	642.37	842.51	3.4394	1.9863	3.2490	756.19	0.017075	2.6928e-05	0.084700	supercritical
349.00	437.00	217.64	0.0045947	644.97	845.76	3.4488	1.9886	3.2482	755.39	0.017223	2.6867e-05	0.084631	supercritical
350.00	437.00	216.94	0.0046095	647.57	849.01	3.4581	1.9909	3.2474	754.60	0.017367	2.6808e-05	0.084565	supercritical
351.00	437.00	216.25	0.0046243	650.17	852.26	3.4673	1.9933	3.2466	753.83	0.017507	2.6750e-05	0.084500	supercritical
352.00	437.00	215.56	0.0046391	652.77	855.50	3.4766	1.9956	3.2459	753.08	0.017644	2.6693e-05	0.084439	supercritical
353.00	437.00	214.87	0.0046539	655.37	858.75	3.4858	1.9980	3.2451	752.34	0.017777	2.6636e-05	0.084379	supercritical
354.00	437.00	214.19	0.0046687	657.97	861.99	3.4949	2.0003	3.2444	751.61	0.017906	2.6580e-05	0.084322	supercritical
355.00	437.00	213.51	0.0046836	660.56	865.24	3.5041	2.0027	3.2436	750.90	0.018031	2.6526e-05	0.084267	supercritical
356.00	437.00	212.84	0.0046984	663.16	868.48	3.5132	2.0051	3.2429	750.21	0.018153	2.6472e-05	0.084214	supercritical
357.00	437.00	212.17	0.0047133	665.75	871.72	3.5223	2.0075	3.2422	749.52	0.018271	2.6418e-05	0.084163	supercritical
358.00	437.00	211.50	0.0047281	668.34	874.96	3.5314	2.0100	3.2415	748.85	0.018385	2.6366e-05	0.084115	supercritical
359.00	437.00	210.84	0.0047430	670.94	878.20	3.5404	2.0124	3.2409	748.19	0.018496	2.6314e-05	0.084068	supercritical
360.00	437.00	210.18	0.0047579	673.53	881.45	3.5494	2.0149	3.2402	747.55	0.018603	2.6263e-05	0.084024	supercritical
361.00	437.00	209.52	0.0047728	676.11	884.69	3.5584	2.0174	3.2396	746.92	0.018707	2.6213e-05	0.083981	supercritical
362.00	437.00	208.87	0.0047877	678.70	887.92	3.5674	2.0199	3.2390	746.30	0.018807	2.6164e-05	0.083941	supercritical
363.00	437.00	208.22	0.0048026	681.29	891.16	3.5763	2.0224	3.2384	745.70	0.018903	2.6116e-05	0.083903	supercritical
364.00	437.00	207.58	0.0048175	683.88	894.40	3.5852	2.0249	3.2378	745.10	0.018997	2.6068e-05	0.083867	supercritical
365.00	437.00	206.93	0.0048324	686.46	897.64	3.5941	2.0274	3.2373	744.52	0.019086	2.6021e-05	0.083832	supercritical
366.00	437.00	206.30	0.0048474	689.04	900.88	3.6030	2.0300	3.2367	743.96	0.019173	2.5974e-05	0.083800	supercritical
367.00	437.00	205.66	0.0048623	691.63	904.11	3.6118	2.0325	3.2362	743.40	0.019256	2.5929e-05	0.083770	supercritical
368.00	437.00	205.03	0.0048773	694.21	907.35	3.6206	2.0351	3.2357	742.86	0.019335	2.5884e-05	0.083742	supercritical
369.00	437.00	204.41	0.0048922	696.79	910.58	3.6294	2.0377	3.2352	742.32	0.019412	2.5840e-05	0.083715	supercritical
370.00	437.00	203.78	0.0049072	699.37	913.82	3.6381	2.0403	3.2348	741.80	0.019485	2.5796e-05	0.083691	supercritical
371.00	437.00	203.16	0.0049222	701.95	917.05	3.6469	2.0429	3.2343	741.29	0.019555	2.5754e-05	0.083668	supercritical
372.00	437.00	202.55	0.0049371	704.53	920.29	3.6556	2.0455	3.2339	740.79	0.019622	2.5711e-05	0.083647	supercritical
373.00	437.00	201.93	0.0049521	707.11	923.52	3.6643	2.0482	3.2335	740.31	0.019685	2.5670e-05	0.083628	supercritical
374.00	437.00	201.32	0.0049671	709.69	926.75	3.6729	2.0508	3.2331	739.83	0.019746	2.5629e-05	0.083611	supercritical
375.00	437.00	200.72	0.0049821	712.27	929.99	3.6815	2.0535	3.2327	739.37	0.019803	2.5589e-05	0.083596	supercritical
376.00	437.00	200.12	0.0049971	714.85	933.22	3.6901	2.0561	3.2324	738.91	0.019858	2.5549e-05	0.083582	supercritical
377.00	437.00	199.52	0.0050121	717.42	936.45	3.6987	2.0588	3.2320	738.47	0.019909	2.5511e-05	0.083571	supercritical
378.00	437.00	198.92	0.0050271	720.00	939.68	3.7073	2.0615	3.2317	738.03	0.019957	2.5472e-05	0.083561	supercritical
379.00	437.00	198.33	0.0050421	722.58	942.92	3.7158	2.0642	3.2315	737.61	0.020003	2.5435e-05	0.083552	supercritical
380.00	437.00	197.74	0.0050571	725.15	946.15	3.7243	2.0670	3.2312	737.20	0.020045	2.5398e-05	0.083546	supercritical
381.00	437.00	197.16	0.0050721	727.73	949.38	3.7328	2.0697	3.2309	736.79	0.020085	2.5361e-05	0.083541	supercritical
382.00	437.00	196.57	0.0050871	730.30	952.61	3.7413	2.0725	3.2307	736.40	0.020121	2.5326e-05	0.083538	supercritical
383.00	437.00	196.00	0.0051022	732.87	955.84	3.7498	2.0752	3.2305	736.02	0.020155	2.5290e-05	0.083537	supercritical
384.00	437.00	195.42	0.0051172	735.45	959.07	3.7582	2.0780	3.2303	735.64	0.020187	2.5256e-05	0.083537	supercritical
385.00	437.00	194.85	0.0051322	738.02	962.30	3.7666	2.0808	3.2302	735.28	0.020215	2.5222e-05	0.083539	supercritical
386.00	437.00	194.28	0.0051472	740.60	965.53	3.7750	2.0836	3.2300	734.92	0.020241	2.5188e-05	0.083542	supercritical
387.00	437.00	193.71	0.0051623	743.17	968.76	3.7833	2.0864	3.2299	734.58	0.020264	2.5155e-05	0.083547	supercritical
388.00	437.00	193.15	0.0051773	745.74	971.99	3.7917	2.0892	3.2298	734.24	0.020284	2.5123e-05	0.083554	supercritical
389.00	437.00	192.59	0.0051923	748.31	975.22	3.8000	2.0920	3.2297	733.91	0.020302	2.5091e-05	0.083562	supercritical
390.00	437.00	192.04	0.0052074	750.89	978.45	3.8083	2.0949	3.2297	733.59	0.020317	2.5060e-05	0.083572	supercritical
391.00	437.00	191.48	0.0052224	753.46	981.68	3.8165	2.0977	3.2296	733.28	0.020330	2.5029e-05	0.083584	supercritical
392.00	437.00	190.93	0.0052374	756.03	984.91	3.8248	2.1006	3.2296	732.98	0.020340	2.4999e-05	0.083597	supercritical
393.00	437.00	190.39	0.0052525	758.60	988.14	3.8330	2.1034	3.2296	732.68	0.020348	2.4969e-05	0.083611	supercritical
394.00	437.00	189.84	0.0052675	761.18	991.37	3.8412	2.1063	3.2297	732.40	0.020354	2.4940e-05	0.083627	supercritical
395.00	437.00	189.30	0.0052826	763.75	994.60	3.8494	2.1092	3.2297	732.12	0.020356	2.4911e-05	0.083645	supercritical
396.00	437.00	188.76	0.0052976	766.32	997.83	3.8576	2.1121	3.2298	731.85	0.020357	2.4883e-05	0.083664	supercritical
397.00	437.00	188.23	0.0053126	768.90	1001.1	3.8657	2.1150	3.2299	731.59	0.020355	2.4855e-05	0.083684	supercritical
398.00	437.00	187.70	0.0053277	771.47	1004.3	3.8738	2.1180	3.2300	731.34	0.020351	2.4828e-05	0.083706	supercritical
399.00	437.00	187.17	0.0053427	774.04	1007.5	3.8819	2.1209	3.2301	731.10	0.020345	2.4801e-05	0.083729	supercritical
400.00	437.00	186.65	0.0053577	776.61	1010.7	3.8900	2.1238	3.2303	730.86	0.020337	2.4775e-05	0.083754	supercritical
401.00	437.00	186.12	0.0053728	779.19	1014.0	3.8981	2.1268	3.2305	730.63	0.020326	2.4749e-05	0.083781	supercritical
402.00	437.00	185.60	0.0053878	781.76	1017.2	3.9061	2.1297	3.2307	730.41	0.020313	2.4724e-05	0.083808	supercritical
403.00	437.00	185.09	0.0054028	784.33	1020.4	3.9142	2.1327	3.2309	730.19	0.020299	2.4699e-05	0.083837	supercritical
404.00	437.00	184.57	0.0054179	786.91	1023.7	3.9222	2.1357	3.2312	729.98	0.020282	2.4675e-05	0.083868	supercritical
405.00	437.00	184.06	0.0054329	789.48	1026.9	3.9302	2.1387	3.2314	729.78	0.020263	2.4651e-05	0.083900	supercritical
406.00	437.00	183.56	0.0054479	792.06	1030.1	3.9381	2.1417	3.2317	729.59	0.020242	2.4627e-05	0.083933	supercritical
407.00	437.00	183.05	0.0054630	794.63	1033.4	3.9461	2.1447	3.2320	729.40	0.020219	2.4604e-05	0.083967	supercritical
408.00	437.00	182.55	0.0054780	797.21	1036.6	3.9540	2.1477	3.2324	729.23	0.020194	2.4582e-05	0.084003	supercritical
409.00	437.00	182.05	0.0054930	799.78	1039.8	3.9619	2.1507	3.2327	729.05	0.020167	2.4559e-05	0.084040	supercritical
410.00	437.00	181.55	0.0055081	802.36	1043.1	3.9698	2.1537	3.2331	728.89	0.020138	2.4538e-05	0.084079	supercritical
411.00	437.00	181.06	0.0055231	804.94	1046.3	3.9777	2.1568	3.2335	728.73	0.020108	2.4516e-05	0.084119	supercritical
412.00	437.00	180.57	0.0055381	807.51	1049.5	3.9856	2.1598	3.2339	728.58	0.020075	2.4495e-05	0.084160	supercritical
413.00	437.00	180.08	0.0055531	810.09	1052.8	3.9934	2.1629	3.2343	728.43	0.020041	2.4475e-05	0.084202	supercritical
414.00	437.00	179.59	0.0055681	812.67	1056.0	4.0012	2.1660	3.2348	728.29	0.020005	2.4455e-05	0.084246	supercritical
415.00	437.00	179.11	0.0055831	815.25	1059.2	4.0090	2.1690	3.2353	728.16	0.019967	2.4435e-05	0.084291	supercritical
416.00	437.00	178.63	0.0055981	817.83	1062.5	4.0168	2.1721	3.2358	728.03	0.019928	2.4416e-05	0.084337	supercritical
417.00	437.00	178.15	0.0056131	820.41	1065.7	4.0246	2.1752	3.2363	727.91	0.019887	2.4397e-05	0.084384	supercritical
418.00	437.00	177.68	0.0056281	822.99	1068.9	4.0323	2.1783	3.2368	727.79	0.019844	2.4378e-05	0.084433	supercritical
419.00	437.00	177.21	0.0056431	825.57	1072.2	4.0401	2.1814	3.2374	727.69	0.019800	2.4360e-05	0.084483	supercritical
420.00	437.00	176.74	0.0056581	828.15	1075.4	4.0478	2.1845	3.2380	727.58	0.019754	2.4342e-05	0.084534	supercritical
421.00	437.00	176.27	0.0056731	830.74	1078.7	4.0555	2.1876	3.2386	727.48	0.019707	2.4325e-05	0.084586	supercritical
422.00	437.00	175.80	0.0056881	833.32	1081.9	4.0632	2.1908	3.2392	727.39	0.019658	2.4308e-05	0.084639	supercritical
423.00	437.00	175.34	0.0057031	835.91	1085.1	4.0708	2.1939	3.2398	727.31	0.019607	2.4291e-05	0.084694	supercritical
424.00	437.00	174.88	0.0057181	838.49	1088.4	4.0785	2.1970	3.2405	727.23	0.019555	2.4274e-05	0.084750	supercritical
425.00	437.00	174.43	0.0057331	841.08	1091.6	4.0861	2.2002	3.2412	727.15	0.019502	2.4258e-05	0.084807	supercritical
426.00	437.00	173.97	0.0057480	843.67	1094.9	4.0937	2.2033	3.2419	727.08	0.019447	2.4243e-05	0.084865	supercritical
427.00	437.00	173.52	0.0057630	846.25	1098.1	4.1013	2.2065	3.2426	727.02	0.019391	2.4227e-05	0.084924	supercritical
428.00	437.00	173.07	0.0057780	848.84	1101.3	4.1089	2.2097	3.2434	726.96	0.019333	2.4212e-05	0.084984	supercritical
429.00	437.00	172.62	0.0057930	851.43	1104.6	4.1165	2.2128	3.2441	726.91	0.019275	2.4198e-05	0.085046	supercritical
430.00	437.00	172.18	0.0058079	854.02	1107.8	4.1241	2.2160	3.2449	726.86	0.019214	2.4183e-05	0.085108	supercritical
431.00	437.00	171.74	0.0058229	856.61	1111.1	4.1316	2.2192	3.2457	726.81	0.019153	2.4169e-05	0.085172	supercritical
432.00	437.00	171.30	0.0058378	859.21	1114.3	4.1391	2.2224	3.2465	726.77	0.019090	2.4156e-05	0.085237	supercritical
433.00	437.00	170.86	0.0058528	861.80	1117.6	4.1466	2.2256	3.2474	726.74	0.019026	2.4142e-05	0.085302	supercritical
434.00	437.00	170.42	0.0058677	864.40	1120.8	4.1541	2.2288	3.2482	726.71	0.018961	2.4129e-05	0.085369	supercritical
435.00	437.00	169.99	0.0058826	866.99	1124.1	4.1616	2.2320	3.2491	726.69	0.018895	2.4117e-05	0.085437	supercritical
436.00	437.00	169.56	0.0058976	869.59	1127.3	4.1691	2.2352	3.2500	726.67	0.018828	2.4104e-05	0.085506	supercritical
437.00	437.00	169.13	0.0059125	872.19	1130.6	4.1765	2.2385	3.2509	726.65	0.018759	2.4092e-05	0.085576	supercritical
438.00	437.00	168.71	0.0059274	874.79	1133.8	4.1839	2.2417	3.2519	726.64	0.018689	2.4080e-05	0.085647	supercritical
439.00	437.00	168.28	0.0059423	877.39	1137.1	4.1913	2.2449	3.2528	726.64	0.018619	2.4069e-05	0.085720	supercritical
440.00	437.00	167.86	0.0059573	879.99	1140.3	4.1988	2.2482	3.2538	726.64	0.018547	2.4057e-05	0.085793	supercritical
441.00	437.00	167.44	0.0059722	882.59	1143.6	4.2061	2.2514	3.2548	726.64	0.018474	2.4047e-05	0.085867	supercritical
442.00	437.00	167.03	0.0059871	885.20	1146.8	4.2135	2.2547	3.2558	726.65	0.018400	2.4036e-05	0.085942	supercritical
443.00	437.00	166.61	0.0060020	887.80	1150.1	4.2209	2.2580	3.2568	726.66	0.018325	2.4025e-05	0.086018	supercritical
444.00	437.00	166.20	0.0060169	890.41	1153.3	4.2282	2.2612	3.2579	726.68	0.018250	2.4015e-05	0.086096	supercritical
445.00	437.00	165.79	0.0060317	893.02	1156.6	4.2355	2.2645	3.2590	726.70	0.018173	2.4006e-05	0.086174	supercritical
446.00	437.00	165.38	0.0060466	895.62	1159.9	4.2429	2.2678	3.2600	726.72	0.018095	2.3996e-05	0.086253	supercritical
447.00	437.00	164.98	0.0060615	898.23	1163.1	4.2502	2.2711	3.2611	726.75	0.018017	2.3987e-05	0.086333	supercritical
448.00	437.00	164.57	0.0060764	900.85	1166.4	4.2575	2.2743	3.2623	726.78	0.017937	2.3978e-05	0.086414	supercritical
449.00	437.00	164.17	0.0060912	903.46	1169.6	4.2647	2.2776	3.2634	726.82	0.017857	2.3969e-05	0.086496	supercritical
450.00	437.00	163.77	0.0061061	906.07	1172.9	4.2720	2.2809	3.2646	726.86	0.017776	2.3961e-05	0.086579	supercritical
451.00	437.00	163.37	0.0061210	908.69	1176.2	4.2792	2.2842	3.2657	726.90	0.017694	2.3952e-05	0.086663	supercritical
452.00	437.00	162.98	0.0061358	911.31	1179.4	4.2865	2.2875	3.2669	726.95	0.017611	2.3944e-05	0.086748	supercritical
453.00	437.00	162.58	0.0061507	913.93	1182.7	4.2937	2.2909	3.2681	727.00	0.017527	2.3937e-05	0.086833	supercritical
454.00	437.00	162.19	0.0061655	916.55	1186.0	4.3009	2.2942	3.2693	727.06	0.017443	2.3929e-05	0.086920	supercritical
455.00	437.00	161.80	0.0061803	919.17	1189.2	4.3081	2.2975	3.2706	727.12	0.017358	2.3922e-05	0.087008	supercritical
456.00	437.00	161.42	0.0061952	921.79	1192.5	4.3153	2.3008	3.2718	727.18	0.017272	2.3915e-05	0.087096	supercritical
457.00	437.00	161.03	0.0062100	924.42	1195.8	4.3224	2.3041	3.2731	727.25	0.017186	2.3908e-05	0.087185	supercritical
458.00	437.00	160.65	0.0062248	927.04	1199.1	4.3296	2.3075	3.2744	727.32	0.017098	2.3902e-05	0.087276	supercritical
459.00	437.00	160.27	0.0062396	929.67	1202.3	4.3367	2.3108	3.2757	727.39	0.017011	2.3896e-05	0.087367	supercritical
460.00	437.00	159.89	0.0062544	932.30	1205.6	4.3439	2.3142	3.2770	727.47	0.016922	2.3890e-05	0.087459	supercritical
461.00	437.00	159.51	0.0062692	934.93	1208.9	4.3510	2.3175	3.2784	727.55	0.016833	2.3884e-05	0.087552	supercritical
462.00	437.00	159.13	0.0062840	937.56	1212.2	4.3581	2.3209	3.2797	727.63	0.016743	2.3878e-05	0.087645	supercritical
463.00	437.00	158.76	0.0062988	940.20	1215.5	4.3652	2.3242	3.2811	727.72	0.016653	2.3873e-05	0.087740	supercritical
464.00	437.00	158.39	0.0063136	942.83	1218.7	4.3723	2.3276	3.2825	727.81	0.016562	2.3868e-05	0.087835	supercritical
465.00	437.00	158.02	0.0063283	945.47	1222.0	4.3793	2.3309	3.2839	727.90	0.016470	2.3863e-05	0.087932	supercritical
466.00	437.00	157.65	0.0063431	948.11	1225.3	4.3864	2.3343	3.2853	728.00	0.016378	2.3858e-05	0.088029	supercritical
467.00	437.00	157.29	0.0063579	950.75	1228.6	4.3934	2.3377	3.2867	728.10	0.016286	2.3854e-05	0.088127	supercritical
468.00	437.00	156.92	0.0063726	953.39	1231.9	4.4005	2.3410	3.2882	728.20	0.016193	2.3850e-05	0.088226	supercritical
469.00	437.00	156.56	0.0063874	956.04	1235.2	4.4075	2.3444	3.2896	728.31	0.016099	2.3846e-05	0.088325	supercritical
470.00	437.00	156.20	0.0064021	958.68	1238.5	4.4145	2.3478	3.2911	728.42	0.016005	2.3842e-05	0.088425	supercritical
471.00	437.00	155.84	0.0064169	961.33	1241.7	4.4215	2.3512	3.2926	728.53	0.015910	2.3838e-05	0.088527	supercritical
472.00	437.00	155.48	0.0064316	963.98	1245.0	4.4285	2.3546	3.2941	728.64	0.015815	2.3835e-05	0.088629	supercritical
473.00	437.00	155.13	0.0064463	966.63	1248.3	4.4355	2.3580	3.2956	728.76	0.015720	2.3831e-05	0.088731	supercritical
474.00	437.00	154.77	0.0064611	969.29	1251.6	4.4424	2.3614	3.2972	728.88	0.015624	2.3828e-05	0.088835	supercritical
475.00	437.00	154.42	0.0064758	971.94	1254.9	4.4494	2.3648	3.2987	729.00	0.015527	2.3826e-05	0.088939	supercritical
476.00	437.00	154.07	0.0064905	974.60	1258.2	4.4563	2.3682	3.3003	729.13	0.015431	2.3823e-05	0.089044	supercritical
477.00	437.00	153.72	0.0065052	977.26	1261.5	4.4632	2.3716	3.3019	729.26	0.015333	2.3820e-05	0.089150	supercritical
478.00	437.00	153.38	0.0065199	979.92	1264.8	4.4702	2.3750	3.3035	729.39	0.015236	2.3818e-05	0.089257	supercritical
479.00	437.00	153.03	0.0065346	982.58	1268.1	4.4771	2.3784	3.3051	729.52	0.015138	2.3816e-05	0.089364	supercritical
480.00	437.00	152.69	0.0065493	985.24	1271.4	4.4840	2.3818	3.3067	729.66	0.015040	2.3814e-05	0.089472	supercritical
481.00	437.00	152.35	0.0065639	987.91	1274.8	4.4908	2.3852	3.3083	729.80	0.014941	2.3813e-05	0.089581	supercritical
482.00	437.00	152.01	0.0065786	990.58	1278.1	4.4977	2.3886	3.3100	729.94	0.014842	2.3811e-05	0.089691	supercritical
483.00	437.00	151.67	0.0065933	993.25	1281.4	4.5046	2.3921	3.3116	730.08	0.014743	2.3810e-05	0.089801	supercritical
484.00	437.00	151.33	0.0066079	995.92	1284.7	4.5114	2.3955	3.3133	730.23	0.014643	2.3809e-05	0.089912	supercritical
485.00	437.00	151.00	0.0066226	998.59	1288.0	4.5183	2.3989	3.3150	730.38	0.014544	2.3808e-05	0.090024	supercritical
486.00	437.00	150.67	0.0066372	1001.3	1291.3	4.5251	2.4023	3.3167	730.53	0.014443	2.3807e-05	0.090137	supercritical
487.00	437.00	150.33	0.0066519	1003.9	1294.6	4.5319	2.4058	3.3184	730.68	0.014343	2.3806e-05	0.090250	supercritical
488.00	437.00	150.00	0.0066665	1006.6	1298.0	4.5387	2.4092	3.3201	730.84	0.014242	2.3806e-05	0.090364	supercritical
489.00	437.00	149.68	0.0066811	1009.3	1301.3	4.5455	2.4127	3.3219	731.00	0.014142	2.3805e-05	0.090478	supercritical
490.00	437.00	149.35	0.0066957	1012.0	1304.6	4.5523	2.4161	3.3236	731.16	0.014040	2.3805e-05	0.090594	supercritical
491.00	437.00	149.02	0.0067104	1014.7	1307.9	4.5591	2.4195	3.3254	731.32	0.013939	2.3805e-05	0.090710	supercritical
492.00	437.00	148.70	0.0067250	1017.4	1311.2	4.5658	2.4230	3.3271	731.49	0.013838	2.3805e-05	0.090826	supercritical
493.00	437.00	148.38	0.0067396	1020.1	1314.6	4.5726	2.4264	3.3289	731.66	0.013736	2.3806e-05	0.090944	supercritical
494.00	437.00	148.06	0.0067542	1022.7	1317.9	4.5794	2.4299	3.3307	731.83	0.013634	2.3806e-05	0.091062	supercritical
495.00	437.00	147.74	0.0067687	1025.4	1321.2	4.5861	2.4333	3.3325	732.00	0.013532	2.3807e-05	0.091181	supercritical
496.00	437.00	147.42	0.0067833	1028.1	1324.6	4.5928	2.4368	3.3344	732.17	0.013429	2.3808e-05	0.091300	supercritical
497.00	437.00	147.10	0.0067979	1030.8	1327.9	4.5995	2.4402	3.3362	732.35	0.013327	2.3809e-05	0.091420	supercritical
498.00	437.00	146.79	0.0068125	1033.5	1331.2	4.6062	2.4437	3.3381	732.53	0.013224	2.3810e-05	0.091541	supercritical
499.00	437.00	146.48	0.0068270	1036.2	1334.6	4.6129	2.4472	3.3399	732.71	0.013121	2.3811e-05	0.091662	supercritical
500.00	437.00	146.16	0.0068416	1038.9	1337.9	4.6196	2.4506	3.3418	732.89	0.013018	2.3813e-05	0.091784	supercritical
501.00	437.00	145.85	0.0068561	1041.7	1341.3	4.6263	2.4541	3.3437	733.08	0.012915	2.3814e-05	0.091907	supercritical
502.00	437.00	145.55	0.0068707	1044.4	1344.6	4.6330	2.4576	3.3456	733.26	0.012812	2.3816e-05	0.092030	supercritical
503.00	437.00	145.24	0.0068852	1047.1	1348.0	4.6396	2.4610	3.3475	733.45	0.012709	2.3818e-05	0.092154	supercritical
504.00	437.00	144.93	0.0068998	1049.8	1351.3	4.6463	2.4645	3.3494	733.64	0.012606	2.3820e-05	0.092279	supercritical
505.00	437.00	144.63	0.0069143	1052.5	1354.7	4.6529	2.4680	3.3513	733.83	0.012502	2.3822e-05	0.092404	supercritical
506.00	437.00	144.33	0.0069288	1055.2	1358.0	4.6596	2.4714	3.3532	734.03	0.012398	2.3824e-05	0.092530	supercritical
507.00	437.00	144.02	0.0069433	1057.9	1361.4	4.6662	2.4749	3.3552	734.22	0.012295	2.3827e-05	0.092656	supercritical
508.00	437.00	143.72	0.0069578	1060.7	1364.7	4.6728	2.4784	3.3571	734.42	0.012191	2.3829e-05	0.092783	supercritical
509.00	437.00	143.42	0.0069723	1063.4	1368.1	4.6794	2.4819	3.3591	734.62	0.012087	2.3832e-05	0.092911	supercritical
510.00	437.00	143.13	0.0069868	1066.1	1371.4	4.6860	2.4853	3.3611	734.82	0.011983	2.3835e-05	0.093039	supercritical
511.00	437.00	142.83	0.0070013	1068.8	1374.8	4.6926	2.4888	3.3631	735.02	0.011880	2.3838e-05	0.093168	supercritical
512.00	437.00	142.54	0.0070158	1071.6	1378.2	4.6992	2.4923	3.3651	735.23	0.011776	2.3841e-05	0.093298	supercritical
513.00	437.00	142.24	0.0070302	1074.3	1381.5	4.7057	2.4958	3.3671	735.44	0.011672	2.3844e-05	0.093428	supercritical
514.00	437.00	141.95	0.0070447	1077.0	1384.9	4.7123	2.4993	3.3691	735.64	0.011568	2.3847e-05	0.093558	supercritical
515.00	437.00	141.66	0.0070592	1079.8	1388.3	4.7188	2.5028	3.3711	735.85	0.011464	2.3851e-05	0.093689	supercritical
516.00	437.00	141.37	0.0070736	1082.5	1391.6	4.7254	2.5062	3.3732	736.06	0.011360	2.3854e-05	0.093821	supercritical
517.00	437.00	141.08	0.0070881	1085.3	1395.0	4.7319	2.5097	3.3752	736.28	0.011256	2.3858e-05	0.093954	supercritical
518.00	437.00	140.80	0.0071025	1088.0	1398.4	4.7384	2.5132	3.3773	736.49	0.011151	2.3862e-05	0.094087	supercritical
519.00	437.00	140.51	0.0071170	1090.8	1401.8	4.7449	2.5167	3.3794	736.71	0.011047	2.3866e-05	0.094220	supercritical
520.00	437.00	140.23	0.0071314	1093.5	1405.1	4.7515	2.5202	3.3814	736.93	0.010943	2.3870e-05	0.094354	supercritical
521.00	437.00	139.94	0.0071458	1096.3	1408.5	4.7580	2.5237	3.3835	737.15	0.010839	2.3874e-05	0.094489	supercritical
522.00	437.00	139.66	0.0071602	1099.0	1411.9	4.7644	2.5272	3.3856	737.37	0.010735	2.3879e-05	0.094624	supercritical
523.00	437.00	139.38	0.0071746	1101.8	1415.3	4.7709	2.5307	3.3877	737.59	0.010631	2.3883e-05	0.094760	supercritical
524.00	437.00	139.10	0.0071890	1104.5	1418.7	4.7774	2.5342	3.3898	737.81	0.010528	2.3888e-05	0.094896	supercritical
525.00	437.00	138.82	0.0072034	1107.3	1422.1	4.7839	2.5377	3.3920	738.04	0.010424	2.3892e-05	0.095033	supercritical
526.00	437.00	138.55	0.0072178	1110.1	1425.5	4.7903	2.5412	3.3941	738.27	0.010320	2.3897e-05	0.095170	supercritical
527.00	437.00	138.27	0.0072322	1112.8	1428.9	4.7968	2.5447	3.3962	738.49	0.010216	2.3902e-05	0.095308	supercritical
528.00	437.00	138.00	0.0072466	1115.6	1432.3	4.8032	2.5482	3.3984	738.72	0.010112	2.3907e-05	0.095447	supercritical
529.00	437.00	137.72	0.0072610	1118.4	1435.7	4.8096	2.5517	3.4006	738.95	0.010009	2.3912e-05	0.095586	supercritical
530.00	437.00	137.45	0.0072753	1121.1	1439.1	4.8161	2.5552	3.4027	739.19	0.0099052	2.3917e-05	0.095725	supercritical
531.00	437.00	137.18	0.0072897	1123.9	1442.5	4.8225	2.5587	3.4049	739.42	0.0098016	2.3923e-05	0.095865	supercritical
532.00	437.00	136.91	0.0073040	1126.7	1445.9	4.8289	2.5622	3.4071	739.66	0.0096982	2.3928e-05	0.096006	supercritical
533.00	437.00	136.64	0.0073184	1129.5	1449.3	4.8353	2.5657	3.4093	739.89	0.0095949	2.3934e-05	0.096147	supercritical
534.00	437.00	136.37	0.0073327	1132.3	1452.7	4.8417	2.5692	3.4115	740.13	0.0094916	2.3939e-05	0.096288	supercritical
535.00	437.00	136.11	0.0073471	1135.0	1456.1	4.8481	2.5727	3.4137	740.37	0.0093884	2.3945e-05	0.096430	supercritical
536.00	437.00	135.84	0.0073614	1137.8	1459.5	4.8544	2.5762	3.4159	740.61	0.0092853	2.3951e-05	0.096573	supercritical
537.00	437.00	135.58	0.0073757	1140.6	1462.9	4.8608	2.5797	3.4181	740.85	0.0091824	2.3957e-05	0.096716	supercritical
538.00	437.00	135.32	0.0073900	1143.4	1466.4	4.8672	2.5832	3.4204	741.09	0.0090795	2.3963e-05	0.096860	supercritical
539.00	437.00	135.06	0.0074043	1146.2	1469.8	4.8735	2.5867	3.4226	741.34	0.0089767	2.3969e-05	0.097004	supercritical
540.00	437.00	134.80	0.0074186	1149.0	1473.2	4.8799	2.5902	3.4248	741.58	0.0088741	2.3975e-05	0.097148	supercritical
541.00	437.00	134.54	0.0074329	1151.8	1476.6	4.8862	2.5937	3.4271	741.83	0.0087716	2.3981e-05	0.097293	supercritical
542.00	437.00	134.28	0.0074472	1154.6	1480.1	4.8925	2.5972	3.4294	742.08	0.0086691	2.3988e-05	0.097439	supercritical
543.00	437.00	134.02	0.0074615	1157.4	1483.5	4.8989	2.6007	3.4316	742.33	0.0085669	2.3994e-05	0.097585	supercritical
544.00	437.00	133.77	0.0074758	1160.2	1486.9	4.9052	2.6042	3.4339	742.58	0.0084647	2.4001e-05	0.097731	supercritical
545.00	437.00	133.51	0.0074901	1163.0	1490.4	4.9115	2.6077	3.4362	742.83	0.0083627	2.4008e-05	0.097878	supercritical
546.00	437.00	133.26	0.0075043	1165.9	1493.8	4.9178	2.6113	3.4385	743.08	0.0082608	2.4015e-05	0.098026	supercritical
547.00	437.00	133.00	0.0075186	1168.7	1497.2	4.9241	2.6148	3.4408	743.33	0.0081591	2.4021e-05	0.098174	supercritical
548.00	437.00	132.75	0.0075329	1171.5	1500.7	4.9304	2.6183	3.4431	743.59	0.0080575	2.4028e-05	0.098322	supercritical
549.00	437.00	132.50	0.0075471	1174.3	1504.1	4.9367	2.6218	3.4454	743.84	0.0079560	2.4035e-05	0.098471	supercritical
550.00	437.00	132.25	0.0075613	1177.1	1507.6	4.9429	2.6253	3.4477	744.10	0.0078547	2.4043e-05	0.098620	supercritical
551.00	437.00	132.00	0.0075756	1180.0	1511.0	4.9492	2.6288	3.4501	744.36	0.0077535	2.4050e-05	0.098770	supercritical
552.00	437.00	131.76	0.0075898	1182.8	1514.5	4.9555	2.6323	3.4524	744.62	0.0076526	2.4057e-05	0.098920	supercritical
553.00	437.00	131.51	0.0076040	1185.6	1517.9	4.9617	2.6358	3.4547	744.88	0.0075517	2.4065e-05	0.099071	supercritical
554.00	437.00	131.26	0.0076183	1188.5	1521.4	4.9679	2.6393	3.4571	745.14	0.0074510	2.4072e-05	0.099222	supercritical
555.00	437.00	131.02	0.0076325	1191.3	1524.8	4.9742	2.6428	3.4594	745.40	0.0073505	2.4080e-05	0.099374	supercritical
556.00	437.00	130.78	0.0076467	1194.1	1528.3	4.9804	2.6463	3.4618	745.66	0.0072502	2.4087e-05	0.099526	supercritical
557.00	437.00	130.53	0.0076609	1197.0	1531.8	4.9866	2.6499	3.4642	745.93	0.0071500	2.4095e-05	0.099678	supercritical
558.00	437.00	130.29	0.0076751	1199.8	1535.2	4.9929	2.6534	3.4665	746.19	0.0070500	2.4103e-05	0.099831	supercritical
559.00	437.00	130.05	0.0076893	1202.7	1538.7	4.9991	2.6569	3.4689	746.46	0.0069502	2.4111e-05	0.099984	supercritical
560.00	437.00	129.81	0.0077035	1205.5	1542.2	5.0053	2.6604	3.4713	746.72	0.0068506	2.4119e-05	0.10014	supercritical
561.00	437.00	129.57	0.0077176	1208.4	1545.6	5.0115	2.6639	3.4737	746.99	0.0067511	2.4127e-05	0.10029	supercritical
562.00	437.00	129.34	0.0077318	1211.2	1549.1	5.0176	2.6674	3.4761	747.26	0.0066519	2.4135e-05	0.10045	supercritical
563.00	437.00	129.10	0.0077460	1214.1	1552.6	5.0238	2.6709	3.4785	747.53	0.0065528	2.4143e-05	0.10060	supercritical
564.00	437.00	128.86	0.0077601	1216.9	1556.1	5.0300	2.6744	3.4809	747.80	0.0064539	2.4152e-05	0.10076	supercritical
565.00	437.00	128.63	0.0077743	1219.8	1559.5	5.0362	2.6779	3.4833	748.07	0.0063552	2.4160e-05	0.10091	supercritical
566.00	437.00	128.40	0.0077884	1222.7	1563.0	5.0423	2.6814	3.4858	748.34	0.0062567	2.4168e-05	0.10107	supercritical
567.00	437.00	128.16	0.0078026	1225.5	1566.5	5.0485	2.6849	3.4882	748.61	0.0061583	2.4177e-05	0.10123	supercritical
568.00	437.00	127.93	0.0078167	1228.4	1570.0	5.0546	2.6884	3.4906	748.89	0.0060602	2.4186e-05	0.10138	supercritical
569.00	437.00	127.70	0.0078308	1231.3	1573.5	5.0608	2.6919	3.4931	749.16	0.0059623	2.4194e-05	0.10154	supercritical
570.00	437.00	127.47	0.0078450	1234.2	1577.0	5.0669	2.6954	3.4955	749.44	0.0058646	2.4203e-05	0.10170	supercritical
571.00	437.00	127.24	0.0078591	1237.0	1580.5	5.0730	2.6989	3.4980	749.71	0.0057671	2.4212e-05	0.10186	supercritical
572.00	437.00	127.01	0.0078732	1239.9	1584.0	5.0792	2.7025	3.5004	749.99	0.0056698	2.4221e-05	0.10202	supercritical
573.00	437.00	126.79	0.0078873	1242.8	1587.5	5.0853	2.7060	3.5029	750.27	0.0055727	2.4230e-05	0.10217	supercritical
574.00	437.00	126.56	0.0079014	1245.7	1591.0	5.0914	2.7095	3.5053	750.55	0.0054758	2.4239e-05	0.10233	supercritical
575.00	437.00	126.33	0.0079155	1248.6	1594.5	5.0975	2.7130	3.5078	750.83	0.0053791	2.4248e-05	0.10249	supercritical
576.00	437.00	126.11	0.0079296	1251.5	1598.0	5.1036	2.7165	3.5103	751.11	0.0052827	2.4257e-05	0.10265	supercritical
577.00	437.00	125.89	0.0079437	1254.4	1601.5	5.1097	2.7200	3.5128	751.39	0.0051864	2.4266e-05	0.10281	supercritical
578.00	437.00	125.66	0.0079578	1257.3	1605.0	5.1158	2.7235	3.5153	751.67	0.0050904	2.4275e-05	0.10298	supercritical
579.00	437.00	125.44	0.0079718	1260.2	1608.6	5.1218	2.7270	3.5177	751.95	0.0049946	2.4285e-05	0.10314	supercritical
580.00	437.00	125.22	0.0079859	1263.1	1612.1	5.1279	2.7305	3.5202	752.23	0.0048990	2.4294e-05	0.10330	supercritical
581.00	437.00	125.00	0.0080000	1266.0	1615.6	5.1340	2.7340	3.5227	752.52	0.0048036	2.4304e-05	0.10346	supercritical
582.00	437.00	124.78	0.0080140	1268.9	1619.1	5.1400	2.7375	3.5253	752.80	0.0047085	2.4313e-05	0.10362	supercritical
583.00	437.00	124.56	0.0080281	1271.8	1622.6	5.1461	2.7410	3.5278	753.09	0.0046136	2.4323e-05	0.10379	supercritical
584.00	437.00	124.35	0.0080421	1274.7	1626.2	5.1521	2.7445	3.5303	753.37	0.0045189	2.4333e-05	0.10395	supercritical
585.00	437.00	124.13	0.0080562	1277.7	1629.7	5.1582	2.7480	3.5328	753.66	0.0044244	2.4342e-05	0.10411	supercritical
586.00	437.00	123.91	0.0080702	1280.6	1633.2	5.1642	2.7515	3.5353	753.95	0.0043302	2.4352e-05	0.10428	supercritical
587.00	437.00	123.70	0.0080842	1283.5	1636.8	5.1703	2.7550	3.5379	754.24	0.0042361	2.4362e-05	0.10444	supercritical
588.00	437.00	123.48	0.0080983	1286.4	1640.3	5.1763	2.7585	3.5404	754.52	0.0041424	2.4372e-05	0.10461	supercritical
589.00	437.00	123.27	0.0081123	1289.3	1643.9	5.1823	2.7619	3.5429	754.81	0.0040488	2.4382e-05	0.10477	supercritical
590.00	437.00	123.06	0.0081263	1292.3	1647.4	5.1883	2.7654	3.5455	755.10	0.0039555	2.4392e-05	0.10494	supercritical
591.00	437.00	122.85	0.0081403	1295.2	1650.9	5.1943	2.7689	3.5480	755.39	0.0038624	2.4402e-05	0.10510	supercritical
592.00	437.00	122.63	0.0081543	1298.2	1654.5	5.2003	2.7724	3.5506	755.68	0.0037696	2.4412e-05	0.10527	supercritical
593.00	437.00	122.42	0.0081683	1301.1	1658.0	5.2063	2.7759	3.5531	755.98	0.0036769	2.4422e-05	0.10544	supercritical
594.00	437.00	122.22	0.0081823	1304.0	1661.6	5.2123	2.7794	3.5557	756.27	0.0035846	2.4433e-05	0.10560	supercritical
595.00	437.00	122.01	0.0081963	1307.0	1665.2	5.2183	2.7829	3.5582	756.56	0.0034924	2.4443e-05	0.10577	supercritical
596.00	437.00	121.80	0.0082103	1309.9	1668.7	5.2243	2.7864	3.5608	756.86	0.0034005	2.4453e-05	0.10594	supercritical
597.00	437.00	121.59	0.0082242	1312.9	1672.3	5.2302	2.7899	3.5634	757.15	0.0033089	2.4464e-05	0.10611	supercritical
598.00	437.00	121.39	0.0082382	1315.8	1675.8	5.2362	2.7934	3.5660	757.44	0.0032175	2.4474e-05	0.10627	supercritical
599.00	437.00	121.18	0.0082522	1318.8	1679.4	5.2422	2.7968	3.5685	757.74	0.0031263	2.4485e-05	0.10644	supercritical
600.00	437.00	120.98	0.0082661	1321.8	1683.0	5.2481	2.8003	3.5711	758.04	0.0030353	2.4496e-05	0.10661	supercritical
601.00	437.00	120.77	0.0082801	1324.7	1686.6	5.2541	2.8038	3.5737	758.33	0.0029446	2.4506e-05	0.10678	supercritical
602.00	437.00	120.57	0.0082940	1327.7	1690.1	5.2600	2.8073	3.5763	758.63	0.0028542	2.4517e-05	0.10695	supercritical
603.00	437.00	120.37	0.0083080	1330.6	1693.7	5.2659	2.8108	3.5789	758.93	0.0027640	2.4528e-05	0.10712	supercritical
604.00	437.00	120.16	0.0083219	1333.6	1697.3	5.2719	2.8142	3.5815	759.22	0.0026740	2.4538e-05	0.10729	supercritical
605.00	437.00	119.96	0.0083359	1336.6	1700.9	5.2778	2.8177	3.5841	759.52	0.0025843	2.4549e-05	0.10746	supercritical
606.00	437.00	119.76	0.0083498	1339.6	1704.5	5.2837	2.8212	3.5867	759.82	0.0024948	2.4560e-05	0.10763	supercritical
607.00	437.00	119.56	0.0083637	1342.6	1708.0	5.2896	2.8247	3.5893	760.12	0.0024056	2.4571e-05	0.10780	supercritical
608.00	437.00	119.37	0.0083776	1345.5	1711.6	5.2956	2.8282	3.5919	760.42	0.0023167	2.4582e-05	0.10798	supercritical
609.00	437.00	119.17	0.0083915	1348.5	1715.2	5.3015	2.8316	3.5946	760.72	0.0022279	2.4593e-05	0.10815	supercritical
610.00	437.00	118.97	0.0084055	1351.5	1718.8	5.3074	2.8351	3.5972	761.02	0.0021394	2.4604e-05	0.10832	supercritical
611.00	437.00	118.77	0.0084194	1354.5	1722.4	5.3133	2.8386	3.5998	761.32	0.0020512	2.4616e-05	0.10849	supercritical
612.00	437.00	118.58	0.0084333	1357.5	1726.0	5.3191	2.8421	3.6024	761.63	0.0019632	2.4627e-05	0.10866	supercritical
613.00	437.00	118.38	0.0084471	1360.5	1729.6	5.3250	2.8455	3.6051	761.93	0.0018755	2.4638e-05	0.10884	supercritical
614.00	437.00	118.19	0.0084610	1363.5	1733.2	5.3309	2.8490	3.6077	762.23	0.0017880	2.4649e-05	0.10901	supercritical
615.00	437.00	118.00	0.0084749	1366.5	1736.8	5.3368	2.8525	3.6103	762.54	0.0017008	2.4661e-05	0.10918	supercritical
616.00	437.00	117.80	0.0084888	1369.5	1740.5	5.3426	2.8559	3.6130	762.84	0.0016138	2.4672e-05	0.10936	supercritical
617.00	437.00	117.61	0.0085027	1372.5	1744.1	5.3485	2.8594	3.6156	763.14	0.0015271	2.4684e-05	0.10953	supercritical
618.00	437.00	117.42	0.0085165	1375.5	1747.7	5.3544	2.8629	3.6182	763.45	0.0014406	2.4695e-05	0.10971	supercritical
619.00	437.00	117.23	0.0085304	1378.5	1751.3	5.3602	2.8663	3.6209	763.75	0.0013544	2.4707e-05	0.10988	supercritical
620.00	437.00	117.04	0.0085443	1381.5	1754.9	5.3661	2.8698	3.6235	764.06	0.0012684	2.4718e-05	0.11006	supercritical
621.00	437.00	116.85	0.0085581	1384.6	1758.6	5.3719	2.8732	3.6262	764.37	0.0011827	2.4730e-05	0.11023	supercritical
622.00	437.00	116.66	0.0085720	1387.6	1762.2	5.3777	2.8767	3.6289	764.67	0.0010972	2.4741e-05	0.11041	supercritical
623.00	437.00	116.47	0.0085858	1390.6	1765.8	5.3836	2.8802	3.6315	764.98	0.0010120	2.4753e-05	0.11059	supercritical
624.00	437.00	116.28	0.0085996	1393.6	1769.4	5.3894	2.8836	3.6342	765.29	0.00092705	2.4765e-05	0.11076	supercritical
625.00	437.00	116.10	0.0086135	1396.7	1773.1	5.3952	2.8871	3.6368	765.59	0.00084233	2.4777e-05	0.11094	supercritical
