Temperature (K)	Pressure (bar)	Density (kg/m3)	Volume (m3/kg)	Internal Energy (kJ/kg)	Enthalpy (kJ/kg)	Entropy (J/g*K)	Cv (J/g*K)	Cp (J/g*K)	Sound Spd. (m/s)	Joule-Thomson (K/bar)	Viscosity (Pa*s)	Therm. Cond. (W/m*K)	Phase
104.00	541.00	466.18	0.0021451	-54.949	61.100	-0.55465	2.2073	3.2080	1750.6	-0.052011	0.00023962	0.24069	liquid
105.00	541.00	465.19	0.0021497	-51.990	64.307	-0.52395	2.2030	3.2078	1744.6	-0.051959	0.00023248	0.23968	liquid
106.00	541.00	464.19	0.0021543	-49.031	67.515	-0.49355	2.1988	3.2075	1738.6	-0.051906	0.00022575	0.23867	liquid
107.00	541.00	463.20	0.0021589	-46.074	70.723	-0.46343	2.1945	3.2073	1732.6	-0.051851	0.00021940	0.23766	liquid
108.00	541.00	462.20	0.0021635	-43.118	73.930	-0.43360	2.1903	3.2071	1726.6	-0.051795	0.00021339	0.23663	liquid
109.00	541.00	461.21	0.0021682	-40.163	77.137	-0.40404	2.1862	3.2069	1720.7	-0.051737	0.00020770	0.23560	liquid
110.00	541.00	460.22	0.0021729	-37.210	80.343	-0.37476	2.1821	3.2067	1714.7	-0.051679	0.00020231	0.23456	liquid
111.00	541.00	459.22	0.0021776	-34.257	83.550	-0.34574	2.1780	3.2065	1708.7	-0.051618	0.00019719	0.23352	liquid
112.00	541.00	458.23	0.0021823	-31.306	86.756	-0.31698	2.1739	3.2062	1702.7	-0.051557	0.00019234	0.23247	liquid
113.00	541.00	457.24	0.0021870	-28.356	89.963	-0.28848	2.1699	3.2060	1696.7	-0.051494	0.00018772	0.23141	liquid
114.00	541.00	456.25	0.0021918	-25.407	93.168	-0.26023	2.1659	3.2058	1690.8	-0.051430	0.00018332	0.23036	liquid
115.00	541.00	455.26	0.0021966	-22.460	96.374	-0.23224	2.1619	3.2056	1684.8	-0.051365	0.00017913	0.22930	liquid
116.00	541.00	454.27	0.0022014	-19.514	99.580	-0.20448	2.1580	3.2054	1678.8	-0.051299	0.00017513	0.22823	liquid
117.00	541.00	453.28	0.0022062	-16.569	102.78	-0.17697	2.1540	3.2051	1672.9	-0.051231	0.00017132	0.22717	liquid
118.00	541.00	452.28	0.0022110	-13.625	105.99	-0.14969	2.1501	3.2049	1666.9	-0.051163	0.00016767	0.22610	liquid
119.00	541.00	451.29	0.0022158	-10.683	109.19	-0.12265	2.1462	3.2046	1661.0	-0.051093	0.00016418	0.22503	liquid
120.00	541.00	450.30	0.0022207	-7.7418	112.40	-0.095833	2.1424	3.2044	1655.1	-0.051022	0.00016084	0.22395	liquid
121.00	541.00	449.31	0.0022256	-4.8022	115.60	-0.069242	2.1385	3.2041	1649.2	-0.050949	0.00015764	0.22288	liquid
122.00	541.00	448.33	0.0022305	-1.8640	118.81	-0.042872	2.1347	3.2038	1643.3	-0.050876	0.00015457	0.22181	liquid
123.00	541.00	447.34	0.0022355	1.0727	122.01	-0.016719	2.1309	3.2035	1637.4	-0.050801	0.00015162	0.22073	liquid
124.00	541.00	446.35	0.0022404	4.0081	125.21	0.0092193	2.1271	3.2032	1631.5	-0.050725	0.00014878	0.21965	liquid
125.00	541.00	445.36	0.0022454	6.9421	128.42	0.034947	2.1234	3.2029	1625.6	-0.050647	0.00014606	0.21858	liquid
126.00	541.00	444.37	0.0022504	9.8746	131.62	0.060467	2.1196	3.2026	1619.8	-0.050569	0.00014344	0.21750	liquid
127.00	541.00	443.38	0.0022554	12.806	134.82	0.085783	2.1159	3.2023	1613.9	-0.050489	0.00014091	0.21643	liquid
128.00	541.00	442.39	0.0022604	15.735	138.02	0.11090	2.1122	3.2020	1608.1	-0.050407	0.00013848	0.21535	liquid
129.00	541.00	441.40	0.0022655	18.663	141.23	0.13582	2.1085	3.2017	1602.3	-0.050325	0.00013613	0.21428	liquid
130.00	541.00	440.42	0.0022706	21.590	144.43	0.16054	2.1049	3.2013	1596.5	-0.050241	0.00013386	0.21321	liquid
131.00	541.00	439.43	0.0022757	24.515	147.63	0.18507	2.1013	3.2010	1590.7	-0.050155	0.00013167	0.21214	liquid
132.00	541.00	438.44	0.0022808	27.438	150.83	0.20941	2.0977	3.2007	1584.9	-0.050068	0.00012956	0.21107	liquid
133.00	541.00	437.45	0.0022860	30.360	154.03	0.23356	2.0941	3.2003	1579.1	-0.049980	0.00012751	0.21000	liquid
134.00	541.00	436.46	0.0022911	33.280	157.23	0.25754	2.0906	3.2000	1573.4	-0.049890	0.00012553	0.20893	liquid
135.00	541.00	435.48	0.0022963	36.199	160.43	0.28133	2.0870	3.1997	1567.7	-0.049799	0.00012361	0.20787	liquid
136.00	541.00	434.49	0.0023016	39.116	163.63	0.30494	2.0835	3.1993	1561.9	-0.049706	0.00012175	0.20681	liquid
137.00	541.00	433.50	0.0023068	42.032	166.83	0.32838	2.0800	3.1990	1556.2	-0.049612	0.00011995	0.20575	liquid
138.00	541.00	432.52	0.0023121	44.946	170.03	0.35164	2.0766	3.1986	1550.6	-0.049516	0.00011821	0.20469	liquid
139.00	541.00	431.53	0.0023173	47.858	173.23	0.37473	2.0732	3.1983	1544.9	-0.049419	0.00011651	0.20364	liquid
140.00	541.00	430.54	0.0023227	50.769	176.42	0.39766	2.0698	3.1979	1539.2	-0.049320	0.00011486	0.20259	liquid
141.00	541.00	429.55	0.0023280	53.678	179.62	0.42042	2.0664	3.1976	1533.6	-0.049220	0.00011326	0.20154	liquid
142.00	541.00	428.57	0.0023334	56.585	182.82	0.44302	2.0630	3.1973	1528.0	-0.049118	0.00011171	0.20050	liquid
143.00	541.00	427.58	0.0023387	59.491	186.02	0.46545	2.0597	3.1969	1522.4	-0.049014	0.00011019	0.19946	liquid
144.00	541.00	426.59	0.0023442	62.395	189.21	0.48773	2.0564	3.1966	1516.8	-0.048909	0.00010872	0.19842	liquid
145.00	541.00	425.61	0.0023496	65.298	192.41	0.50985	2.0532	3.1963	1511.3	-0.048802	0.00010729	0.19739	liquid
146.00	541.00	424.62	0.0023550	68.198	195.61	0.53182	2.0499	3.1959	1505.7	-0.048694	0.00010590	0.19636	liquid
147.00	541.00	423.63	0.0023605	71.098	198.80	0.55363	2.0467	3.1956	1500.2	-0.048583	0.00010454	0.19533	liquid
148.00	541.00	422.65	0.0023660	73.995	202.00	0.57529	2.0435	3.1953	1494.7	-0.048471	0.00010321	0.19431	liquid
149.00	541.00	421.66	0.0023716	76.891	205.19	0.59681	2.0404	3.1950	1489.2	-0.048358	0.00010192	0.19329	liquid
150.00	541.00	420.67	0.0023771	79.785	208.39	0.61818	2.0372	3.1946	1483.7	-0.048242	0.00010066	0.19228	liquid
151.00	541.00	419.69	0.0023827	82.677	211.58	0.63941	2.0341	3.1943	1478.2	-0.048125	9.9434e-05	0.19127	liquid
152.00	541.00	418.70	0.0023883	85.567	214.78	0.66049	2.0311	3.1940	1472.8	-0.048006	9.8235e-05	0.19027	liquid
153.00	541.00	417.72	0.0023940	88.456	217.97	0.68143	2.0280	3.1937	1467.4	-0.047886	9.7064e-05	0.18927	liquid
154.00	541.00	416.73	0.0023996	91.343	221.16	0.70224	2.0250	3.1934	1462.0	-0.047763	9.5920e-05	0.18827	liquid
155.00	541.00	415.74	0.0024053	94.229	224.36	0.72291	2.0220	3.1932	1456.6	-0.047639	9.4803e-05	0.18728	liquid
156.00	541.00	414.76	0.0024110	97.113	227.55	0.74344	2.0190	3.1929	1451.3	-0.047513	9.3711e-05	0.18630	liquid
157.00	541.00	413.77	0.0024168	99.995	230.74	0.76384	2.0161	3.1926	1445.9	-0.047385	9.2643e-05	0.18532	liquid
158.00	541.00	412.79	0.0024226	102.87	233.94	0.78411	2.0132	3.1923	1440.6	-0.047255	9.1599e-05	0.18434	liquid
159.00	541.00	411.80	0.0024284	105.75	237.13	0.80425	2.0103	3.1921	1435.3	-0.047124	9.0578e-05	0.18337	liquid
160.00	541.00	410.82	0.0024342	108.63	240.32	0.82427	2.0075	3.1918	1430.0	-0.046990	8.9579e-05	0.18240	liquid
161.00	541.00	409.83	0.0024400	111.51	243.51	0.84415	2.0047	3.1916	1424.8	-0.046855	8.8601e-05	0.18144	liquid
162.00	541.00	408.84	0.0024459	114.38	246.70	0.86391	2.0019	3.1914	1419.5	-0.046718	8.7643e-05	0.18048	liquid
163.00	541.00	407.86	0.0024518	117.25	249.89	0.88355	1.9992	3.1911	1414.3	-0.046579	8.6706e-05	0.17953	liquid
164.00	541.00	406.87	0.0024578	120.12	253.08	0.90307	1.9964	3.1909	1409.1	-0.046438	8.5788e-05	0.17859	liquid
165.00	541.00	405.89	0.0024637	122.99	256.28	0.92247	1.9937	3.1907	1403.9	-0.046295	8.4888e-05	0.17765	liquid
166.00	541.00	404.90	0.0024697	125.85	259.47	0.94174	1.9911	3.1905	1398.8	-0.046150	8.4006e-05	0.17671	liquid
167.00	541.00	403.92	0.0024757	128.72	262.66	0.96091	1.9884	3.1903	1393.6	-0.046003	8.3142e-05	0.17578	liquid
168.00	541.00	402.93	0.0024818	131.58	265.85	0.97995	1.9858	3.1901	1388.5	-0.045855	8.2295e-05	0.17486	liquid
169.00	541.00	401.95	0.0024879	134.44	269.04	0.99888	1.9833	3.1899	1383.4	-0.045704	8.1464e-05	0.17394	liquid
170.00	541.00	400.97	0.0024940	137.30	272.23	1.0177	1.9807	3.1898	1378.3	-0.045552	8.0650e-05	0.17302	liquid
171.00	541.00	399.98	0.0025001	140.16	275.42	1.0364	1.9782	3.1896	1373.3	-0.045397	7.9851e-05	0.17212	liquid
172.00	541.00	399.00	0.0025063	143.02	278.61	1.0550	1.9757	3.1894	1368.3	-0.045241	7.9067e-05	0.17121	liquid
173.00	541.00	398.01	0.0025125	145.87	281.80	1.0735	1.9733	3.1893	1363.2	-0.045083	7.8297e-05	0.17032	liquid
174.00	541.00	397.03	0.0025187	148.72	284.98	1.0919	1.9709	3.1892	1358.3	-0.044922	7.7542e-05	0.16942	liquid
175.00	541.00	396.04	0.0025250	151.57	288.17	1.1102	1.9685	3.1890	1353.3	-0.044760	7.6800e-05	0.16854	liquid
176.00	541.00	395.06	0.0025313	154.42	291.36	1.1283	1.9661	3.1889	1348.3	-0.044596	7.6073e-05	0.16766	liquid
177.00	541.00	394.08	0.0025376	157.27	294.55	1.1464	1.9638	3.1888	1343.4	-0.044430	7.5358e-05	0.16678	liquid
178.00	541.00	393.09	0.0025439	160.11	297.74	1.1644	1.9615	3.1887	1338.5	-0.044262	7.4656e-05	0.16591	liquid
179.00	541.00	392.11	0.0025503	162.96	300.93	1.1822	1.9592	3.1886	1333.6	-0.044091	7.3966e-05	0.16505	liquid
180.00	541.00	391.13	0.0025567	165.80	304.12	1.2000	1.9570	3.1885	1328.8	-0.043919	7.3288e-05	0.16419	liquid
181.00	541.00	390.15	0.0025631	168.64	307.31	1.2177	1.9548	3.1884	1323.9	-0.043745	7.2622e-05	0.16334	liquid
182.00	541.00	389.16	0.0025696	171.48	310.49	1.2352	1.9526	3.1884	1319.1	-0.043569	7.1968e-05	0.16250	liquid
183.00	541.00	388.18	0.0025761	174.31	313.68	1.2527	1.9505	3.1883	1314.3	-0.043392	7.1325e-05	0.16166	liquid
184.00	541.00	387.20	0.0025827	177.15	316.87	1.2701	1.9484	3.1883	1309.6	-0.043212	7.0692e-05	0.16082	liquid
185.00	541.00	386.22	0.0025892	179.98	320.06	1.2873	1.9463	3.1882	1304.8	-0.043030	7.0071e-05	0.16000	liquid
186.00	541.00	385.24	0.0025958	182.81	323.25	1.3045	1.9443	3.1882	1300.1	-0.042846	6.9460e-05	0.15917	liquid
187.00	541.00	384.26	0.0026024	185.64	326.44	1.3216	1.9423	3.1882	1295.4	-0.042660	6.8858e-05	0.15836	liquid
188.00	541.00	383.27	0.0026091	188.47	329.62	1.3386	1.9403	3.1881	1290.7	-0.042473	6.8267e-05	0.15755	liquid
189.00	541.00	382.29	0.0026158	191.30	332.81	1.3555	1.9383	3.1881	1286.1	-0.042283	6.7685e-05	0.15675	liquid
190.00	541.00	381.31	0.0026225	194.12	336.00	1.3724	1.9364	3.1881	1281.4	-0.042091	6.7113e-05	0.15595	liquid
191.00	541.00	380.33	0.0026293	196.94	339.19	1.3891	1.9345	3.1881	1276.8	-0.041898	6.6550e-05	0.15516	supercritical
192.00	541.00	379.35	0.0026361	199.77	342.38	1.4057	1.9327	3.1881	1272.3	-0.041703	6.5996e-05	0.15437	supercritical
193.00	541.00	378.38	0.0026429	202.58	345.56	1.4223	1.9309	3.1882	1267.7	-0.041505	6.5451e-05	0.15358	supercritical
194.00	541.00	377.40	0.0026497	205.40	348.75	1.4388	1.9291	3.1882	1263.2	-0.041306	6.4914e-05	0.15281	supercritical
195.00	541.00	376.42	0.0026566	208.22	351.94	1.4552	1.9273	3.1882	1258.6	-0.041105	6.4386e-05	0.15204	supercritical
196.00	541.00	375.44	0.0026635	211.03	355.13	1.4715	1.9256	3.1882	1254.1	-0.040902	6.3866e-05	0.15127	supercritical
197.00	541.00	374.46	0.0026705	213.84	358.32	1.4877	1.9239	3.1883	1249.7	-0.040697	6.3354e-05	0.15051	supercritical
198.00	541.00	373.49	0.0026775	216.65	361.51	1.5039	1.9222	3.1883	1245.2	-0.040491	6.2850e-05	0.14976	supercritical
199.00	541.00	372.51	0.0026845	219.46	364.69	1.5199	1.9206	3.1884	1240.8	-0.040282	6.2354e-05	0.14901	supercritical
200.00	541.00	371.53	0.0026915	222.27	367.88	1.5359	1.9190	3.1885	1236.4	-0.040072	6.1865e-05	0.14827	supercritical
201.00	541.00	370.56	0.0026986	225.07	371.07	1.5518	1.9175	3.1885	1232.0	-0.039860	6.1383e-05	0.14754	supercritical
202.00	541.00	369.58	0.0027058	227.88	374.26	1.5676	1.9159	3.1886	1227.7	-0.039646	6.0909e-05	0.14681	supercritical
203.00	541.00	368.61	0.0027129	230.68	377.45	1.5834	1.9144	3.1887	1223.4	-0.039430	6.0442e-05	0.14608	supercritical
204.00	541.00	367.63	0.0027201	233.48	380.64	1.5990	1.9130	3.1888	1219.1	-0.039212	5.9982e-05	0.14537	supercritical
205.00	541.00	366.66	0.0027273	236.28	383.83	1.6146	1.9115	3.1889	1214.8	-0.038993	5.9528e-05	0.14465	supercritical
206.00	541.00	365.69	0.0027346	239.07	387.01	1.6302	1.9101	3.1890	1210.5	-0.038772	5.9081e-05	0.14395	supercritical
207.00	541.00	364.72	0.0027419	241.87	390.20	1.6456	1.9087	3.1891	1206.3	-0.038549	5.8641e-05	0.14325	supercritical
208.00	541.00	363.74	0.0027492	244.66	393.39	1.6610	1.9074	3.1892	1202.1	-0.038325	5.8207e-05	0.14255	supercritical
209.00	541.00	362.77	0.0027565	247.45	396.58	1.6763	1.9061	3.1893	1197.9	-0.038099	5.7779e-05	0.14187	supercritical
210.00	541.00	361.80	0.0027639	250.24	399.77	1.6915	1.9048	3.1894	1193.8	-0.037871	5.7358e-05	0.14118	supercritical
211.00	541.00	360.83	0.0027714	253.03	402.96	1.7066	1.9036	3.1896	1189.6	-0.037642	5.6942e-05	0.14051	supercritical
212.00	541.00	359.86	0.0027788	255.82	406.15	1.7217	1.9024	3.1897	1185.5	-0.037410	5.6533e-05	0.13983	supercritical
213.00	541.00	358.90	0.0027863	258.60	409.34	1.7367	1.9012	3.1898	1181.5	-0.037178	5.6129e-05	0.13917	supercritical
214.00	541.00	357.93	0.0027939	261.38	412.53	1.7517	1.9000	3.1899	1177.4	-0.036943	5.5731e-05	0.13851	supercritical
215.00	541.00	356.96	0.0028014	264.16	415.72	1.7665	1.8989	3.1901	1173.4	-0.036708	5.5338e-05	0.13786	supercritical
216.00	541.00	356.00	0.0028090	266.94	418.91	1.7813	1.8978	3.1902	1169.4	-0.036470	5.4951e-05	0.13721	supercritical
217.00	541.00	355.03	0.0028167	269.72	422.10	1.7961	1.8968	3.1904	1165.4	-0.036231	5.4570e-05	0.13657	supercritical
218.00	541.00	354.07	0.0028243	272.49	425.29	1.8108	1.8958	3.1905	1161.4	-0.035991	5.4193e-05	0.13593	supercritical
219.00	541.00	353.10	0.0028320	275.27	428.48	1.8254	1.8948	3.1907	1157.5	-0.035749	5.3822e-05	0.13530	supercritical
220.00	541.00	352.14	0.0028398	278.04	431.67	1.8399	1.8938	3.1908	1153.6	-0.035506	5.3456e-05	0.13467	supercritical
221.00	541.00	351.18	0.0028475	280.81	434.86	1.8544	1.8929	3.1910	1149.7	-0.035261	5.3095e-05	0.13406	supercritical
222.00	541.00	350.22	0.0028554	283.58	438.05	1.8688	1.8920	3.1911	1145.8	-0.035015	5.2739e-05	0.13344	supercritical
223.00	541.00	349.26	0.0028632	286.35	441.25	1.8831	1.8912	3.1913	1142.0	-0.034768	5.2388e-05	0.13283	supercritical
224.00	541.00	348.30	0.0028711	289.11	444.44	1.8974	1.8903	3.1914	1138.2	-0.034519	5.2041e-05	0.13223	supercritical
225.00	541.00	347.34	0.0028790	291.87	447.63	1.9116	1.8895	3.1916	1134.4	-0.034269	5.1699e-05	0.13163	supercritical
226.00	541.00	346.39	0.0028870	294.64	450.82	1.9258	1.8888	3.1918	1130.7	-0.034018	5.1362e-05	0.13104	supercritical
227.00	541.00	345.43	0.0028949	297.40	454.01	1.9399	1.8880	3.1919	1126.9	-0.033765	5.1029e-05	0.13046	supercritical
228.00	541.00	344.48	0.0029030	300.15	457.20	1.9539	1.8873	3.1921	1123.2	-0.033512	5.0700e-05	0.12988	supercritical
229.00	541.00	343.52	0.0029110	302.91	460.40	1.9679	1.8867	3.1923	1119.6	-0.033257	5.0376e-05	0.12930	supercritical
230.00	541.00	342.57	0.0029191	305.66	463.59	1.9818	1.8860	3.1924	1115.9	-0.033001	5.0056e-05	0.12873	supercritical
231.00	541.00	341.62	0.0029272	308.42	466.78	1.9956	1.8854	3.1926	1112.3	-0.032744	4.9741e-05	0.12817	supercritical
232.00	541.00	340.67	0.0029354	311.17	469.97	2.0094	1.8849	3.1928	1108.7	-0.032486	4.9429e-05	0.12761	supercritical
233.00	541.00	339.72	0.0029436	313.92	473.17	2.0231	1.8843	3.1929	1105.1	-0.032226	4.9122e-05	0.12706	supercritical
234.00	541.00	338.77	0.0029518	316.66	476.36	2.0368	1.8838	3.1931	1101.5	-0.031966	4.8819e-05	0.12651	supercritical
235.00	541.00	337.82	0.0029601	319.41	479.55	2.0504	1.8833	3.1933	1098.0	-0.031705	4.8519e-05	0.12597	supercritical
236.00	541.00	336.88	0.0029684	322.15	482.75	2.0640	1.8829	3.1934	1094.5	-0.031443	4.8224e-05	0.12544	supercritical
237.00	541.00	335.94	0.0029768	324.90	485.94	2.0775	1.8824	3.1936	1091.0	-0.031180	4.7932e-05	0.12490	supercritical
238.00	541.00	334.99	0.0029851	327.64	489.13	2.0909	1.8821	3.1937	1087.6	-0.030916	4.7644e-05	0.12438	supercritical
239.00	541.00	334.05	0.0029936	330.38	492.33	2.1043	1.8817	3.1939	1084.1	-0.030651	4.7360e-05	0.12386	supercritical
240.00	541.00	333.11	0.0030020	333.11	495.52	2.1177	1.8814	3.1941	1080.7	-0.030386	4.7079e-05	0.12334	supercritical
241.00	541.00	332.17	0.0030105	335.85	498.72	2.1309	1.8811	3.1942	1077.4	-0.030120	4.6802e-05	0.12284	supercritical
242.00	541.00	331.24	0.0030190	338.58	501.91	2.1442	1.8808	3.1944	1074.0	-0.029853	4.6528e-05	0.12233	supercritical
243.00	541.00	330.30	0.0030276	341.31	505.10	2.1573	1.8806	3.1945	1070.7	-0.029585	4.6258e-05	0.12183	supercritical
244.00	541.00	329.37	0.0030361	344.04	508.30	2.1705	1.8804	3.1947	1067.4	-0.029317	4.5992e-05	0.12134	supercritical
245.00	541.00	328.43	0.0030448	346.77	511.49	2.1835	1.8802	3.1948	1064.1	-0.029048	4.5728e-05	0.12085	supercritical
246.00	541.00	327.50	0.0030534	349.50	514.69	2.1965	1.8801	3.1950	1060.9	-0.028779	4.5468e-05	0.12037	supercritical
247.00	541.00	326.57	0.0030621	352.22	517.88	2.2095	1.8800	3.1951	1057.6	-0.028509	4.5212e-05	0.11989	supercritical
248.00	541.00	325.64	0.0030708	354.95	521.08	2.2224	1.8799	3.1953	1054.4	-0.028238	4.4958e-05	0.11942	supercritical
249.00	541.00	324.72	0.0030796	357.67	524.27	2.2353	1.8798	3.1954	1051.3	-0.027968	4.4708e-05	0.11895	supercritical
250.00	541.00	323.79	0.0030884	360.39	527.47	2.2481	1.8798	3.1955	1048.1	-0.027696	4.4461e-05	0.11849	supercritical
251.00	541.00	322.87	0.0030972	363.10	530.66	2.2608	1.8798	3.1957	1045.0	-0.027425	4.4217e-05	0.11803	supercritical
252.00	541.00	321.95	0.0031061	365.82	533.86	2.2735	1.8799	3.1958	1041.9	-0.027153	4.3976e-05	0.11758	supercritical
253.00	541.00	321.03	0.0031150	368.54	537.06	2.2862	1.8799	3.1959	1038.8	-0.026881	4.3738e-05	0.11713	supercritical
254.00	541.00	320.11	0.0031239	371.25	540.25	2.2988	1.8800	3.1960	1035.8	-0.026609	4.3503e-05	0.11669	supercritical
255.00	541.00	319.19	0.0031329	373.96	543.45	2.3114	1.8802	3.1962	1032.8	-0.026336	4.3271e-05	0.11625	supercritical
256.00	541.00	318.28	0.0031419	376.67	546.64	2.3239	1.8803	3.1963	1029.8	-0.026063	4.3041e-05	0.11582	supercritical
257.00	541.00	317.37	0.0031509	379.38	549.84	2.3363	1.8805	3.1964	1026.8	-0.025790	4.2815e-05	0.11539	supercritical
258.00	541.00	316.46	0.0031600	382.08	553.04	2.3488	1.8807	3.1965	1023.9	-0.025518	4.2591e-05	0.11497	supercritical
259.00	541.00	315.55	0.0031691	384.79	556.23	2.3611	1.8810	3.1966	1020.9	-0.025245	4.2370e-05	0.11455	supercritical
260.00	541.00	314.64	0.0031782	387.49	559.43	2.3734	1.8813	3.1967	1018.0	-0.024972	4.2152e-05	0.11414	supercritical
261.00	541.00	313.73	0.0031874	390.19	562.63	2.3857	1.8816	3.1968	1015.2	-0.024699	4.1936e-05	0.11373	supercritical
262.00	541.00	312.83	0.0031966	392.89	565.82	2.3979	1.8819	3.1969	1012.3	-0.024426	4.1723e-05	0.11333	supercritical
263.00	541.00	311.93	0.0032058	395.58	569.02	2.4101	1.8823	3.1970	1009.5	-0.024154	4.1513e-05	0.11293	supercritical
264.00	541.00	311.03	0.0032151	398.28	572.22	2.4222	1.8826	3.1971	1006.7	-0.023881	4.1305e-05	0.11253	supercritical
265.00	541.00	310.13	0.0032244	400.97	575.42	2.4343	1.8831	3.1971	1003.9	-0.023609	4.1100e-05	0.11214	supercritical
266.00	541.00	309.24	0.0032338	403.67	578.61	2.4464	1.8835	3.1972	1001.2	-0.023337	4.0897e-05	0.11176	supercritical
267.00	541.00	308.34	0.0032431	406.36	581.81	2.4584	1.8840	3.1973	998.47	-0.023066	4.0697e-05	0.11138	supercritical
268.00	541.00	307.45	0.0032525	409.05	585.01	2.4703	1.8845	3.1974	995.78	-0.022795	4.0499e-05	0.11101	supercritical
269.00	541.00	306.56	0.0032620	411.73	588.20	2.4822	1.8850	3.1974	993.10	-0.022524	4.0304e-05	0.11064	supercritical
270.00	541.00	305.68	0.0032714	414.42	591.40	2.4941	1.8856	3.1975	990.45	-0.022253	4.0111e-05	0.11027	supercritical
271.00	541.00	304.79	0.0032809	417.10	594.60	2.5059	1.8862	3.1976	987.83	-0.021984	3.9920e-05	0.10991	supercritical
272.00	541.00	303.91	0.0032905	419.78	597.80	2.5177	1.8868	3.1976	985.23	-0.021714	3.9732e-05	0.10955	supercritical
273.00	541.00	303.03	0.0033000	422.46	600.99	2.5294	1.8874	3.1977	982.66	-0.021445	3.9546e-05	0.10920	supercritical
274.00	541.00	302.15	0.0033096	425.14	604.19	2.5411	1.8881	3.1977	980.10	-0.021177	3.9362e-05	0.10885	supercritical
275.00	541.00	301.28	0.0033192	427.82	607.39	2.5528	1.8888	3.1977	977.58	-0.020909	3.9180e-05	0.10851	supercritical
276.00	541.00	300.40	0.0033289	430.50	610.59	2.5644	1.8895	3.1978	975.07	-0.020643	3.9001e-05	0.10817	supercritical
277.00	541.00	299.53	0.0033386	433.17	613.79	2.5759	1.8903	3.1978	972.59	-0.020376	3.8823e-05	0.10783	supercritical
278.00	541.00	298.66	0.0033483	435.84	616.98	2.5875	1.8910	3.1978	970.14	-0.020111	3.8648e-05	0.10750	supercritical
279.00	541.00	297.79	0.0033580	438.51	620.18	2.5990	1.8918	3.1979	967.71	-0.019846	3.8475e-05	0.10718	supercritical
280.00	541.00	296.93	0.0033678	441.18	623.38	2.6104	1.8927	3.1979	965.30	-0.019583	3.8304e-05	0.10686	supercritical
281.00	541.00	296.07	0.0033776	443.85	626.58	2.6218	1.8935	3.1979	962.91	-0.019320	3.8135e-05	0.10654	supercritical
282.00	541.00	295.21	0.0033874	446.51	629.77	2.6332	1.8944	3.1979	960.55	-0.019058	3.7969e-05	0.10623	supercritical
283.00	541.00	294.35	0.0033973	449.18	632.97	2.6445	1.8953	3.1979	958.21	-0.018797	3.7804e-05	0.10592	supercritical
284.00	541.00	293.50	0.0034072	451.84	636.17	2.6558	1.8962	3.1979	955.90	-0.018536	3.7641e-05	0.10561	supercritical
285.00	541.00	292.64	0.0034171	454.50	639.37	2.6670	1.8972	3.1979	953.60	-0.018277	3.7480e-05	0.10531	supercritical
286.00	541.00	291.79	0.0034271	457.16	642.57	2.6782	1.8982	3.1980	951.34	-0.018019	3.7321e-05	0.10502	supercritical
287.00	541.00	290.95	0.0034371	459.82	645.76	2.6894	1.8992	3.1980	949.09	-0.017763	3.7164e-05	0.10472	supercritical
288.00	541.00	290.10	0.0034471	462.48	648.96	2.7005	1.9002	3.1979	946.86	-0.017507	3.7008e-05	0.10444	supercritical
289.00	541.00	289.26	0.0034571	465.13	652.16	2.7116	1.9013	3.1979	944.66	-0.017252	3.6855e-05	0.10415	supercritical
290.00	541.00	288.42	0.0034672	467.78	655.36	2.7226	1.9024	3.1979	942.49	-0.016999	3.6704e-05	0.10387	supercritical
291.00	541.00	287.58	0.0034773	470.44	658.56	2.7336	1.9035	3.1979	940.33	-0.016747	3.6554e-05	0.10360	supercritical
292.00	541.00	286.75	0.0034874	473.09	661.75	2.7446	1.9046	3.1979	938.20	-0.016496	3.6406e-05	0.10332	supercritical
293.00	541.00	285.91	0.0034976	475.73	664.95	2.7555	1.9058	3.1979	936.08	-0.016246	3.6260e-05	0.10305	supercritical
294.00	541.00	285.08	0.0035077	478.38	668.15	2.7664	1.9070	3.1979	933.99	-0.015998	3.6115e-05	0.10279	supercritical
295.00	541.00	284.26	0.0035179	481.03	671.35	2.7773	1.9082	3.1979	931.93	-0.015751	3.5973e-05	0.10253	supercritical
296.00	541.00	283.43	0.0035282	483.67	674.55	2.7881	1.9094	3.1978	929.88	-0.015505	3.5832e-05	0.10227	supercritical
297.00	541.00	282.61	0.0035384	486.32	677.74	2.7989	1.9107	3.1978	927.86	-0.015261	3.5693e-05	0.10202	supercritical
298.00	541.00	281.79	0.0035487	488.96	680.94	2.8096	1.9119	3.1978	925.85	-0.015019	3.5555e-05	0.10177	supercritical
299.00	541.00	280.98	0.0035590	491.60	684.14	2.8203	1.9132	3.1978	923.87	-0.014777	3.5419e-05	0.10153	supercritical
300.00	541.00	280.16	0.0035694	494.24	687.34	2.8310	1.9146	3.1977	921.91	-0.014538	3.5285e-05	0.10128	supercritical
301.00	541.00	279.35	0.0035797	496.87	690.53	2.8417	1.9159	3.1977	919.97	-0.014300	3.5152e-05	0.10105	supercritical
302.00	541.00	278.54	0.0035901	499.51	693.73	2.8523	1.9173	3.1977	918.06	-0.014063	3.5021e-05	0.10081	supercritical
303.00	541.00	277.74	0.0036005	502.14	696.93	2.8628	1.9187	3.1977	916.16	-0.013828	3.4891e-05	0.10058	supercritical
304.00	541.00	276.94	0.0036109	504.78	700.13	2.8734	1.9201	3.1976	914.28	-0.013595	3.4763e-05	0.10035	supercritical
305.00	541.00	276.14	0.0036214	507.41	703.33	2.8839	1.9215	3.1976	912.43	-0.013363	3.4637e-05	0.10013	supercritical
306.00	541.00	275.34	0.0036319	510.04	706.52	2.8943	1.9230	3.1976	910.60	-0.013133	3.4512e-05	0.099910	supercritical
307.00	541.00	274.54	0.0036424	512.67	709.72	2.9048	1.9245	3.1975	908.78	-0.012905	3.4389e-05	0.099693	supercritical
308.00	541.00	273.75	0.0036529	515.29	712.92	2.9152	1.9260	3.1975	906.99	-0.012678	3.4267e-05	0.099480	supercritical
309.00	541.00	272.96	0.0036635	517.92	716.12	2.9255	1.9275	3.1975	905.21	-0.012454	3.4146e-05	0.099270	supercritical
310.00	541.00	272.18	0.0036741	520.55	719.31	2.9359	1.9291	3.1975	903.46	-0.012230	3.4027e-05	0.099064	supercritical
311.00	541.00	271.39	0.0036847	523.17	722.51	2.9462	1.9307	3.1974	901.73	-0.012009	3.3910e-05	0.098861	supercritical
312.00	541.00	270.61	0.0036953	525.79	725.71	2.9564	1.9322	3.1974	900.01	-0.011790	3.3793e-05	0.098662	supercritical
313.00	541.00	269.84	0.0037059	528.41	728.91	2.9667	1.9339	3.1974	898.32	-0.011572	3.3679e-05	0.098466	supercritical
314.00	541.00	269.06	0.0037166	531.03	732.10	2.9769	1.9355	3.1974	896.64	-0.011356	3.3565e-05	0.098273	supercritical
315.00	541.00	268.29	0.0037273	533.65	735.30	2.9870	1.9372	3.1974	894.99	-0.011142	3.3453e-05	0.098083	supercritical
316.00	541.00	267.52	0.0037380	536.27	738.50	2.9972	1.9388	3.1973	893.35	-0.010930	3.3343e-05	0.097897	supercritical
317.00	541.00	266.76	0.0037487	538.89	741.69	3.0073	1.9405	3.1973	891.73	-0.010720	3.3233e-05	0.097714	supercritical
318.00	541.00	265.99	0.0037595	541.50	744.89	3.0173	1.9423	3.1973	890.13	-0.010512	3.3125e-05	0.097534	supercritical
319.00	541.00	265.23	0.0037703	544.12	748.09	3.0274	1.9440	3.1973	888.56	-0.010306	3.3018e-05	0.097358	supercritical
320.00	541.00	264.48	0.0037811	546.73	751.29	3.0374	1.9458	3.1973	886.99	-0.010102	3.2913e-05	0.097184	supercritical
321.00	541.00	263.72	0.0037919	549.34	754.48	3.0474	1.9475	3.1973	885.45	-0.0098995	3.2809e-05	0.097014	supercritical
322.00	541.00	262.97	0.0038027	551.95	757.68	3.0573	1.9493	3.1973	883.93	-0.0096992	3.2706e-05	0.096846	supercritical
323.00	541.00	262.22	0.0038136	554.56	760.88	3.0672	1.9512	3.1973	882.42	-0.0095009	3.2604e-05	0.096682	supercritical
324.00	541.00	261.48	0.0038245	557.17	764.08	3.0771	1.9530	3.1973	880.93	-0.0093046	3.2504e-05	0.096521	supercritical
325.00	541.00	260.73	0.0038354	559.78	767.27	3.0870	1.9549	3.1973	879.46	-0.0091104	3.2405e-05	0.096363	supercritical
326.00	541.00	259.99	0.0038463	562.39	770.47	3.0968	1.9567	3.1973	878.01	-0.0089182	3.2307e-05	0.096207	supercritical
327.00	541.00	259.26	0.0038572	564.99	773.67	3.1066	1.9586	3.1973	876.58	-0.0087281	3.2210e-05	0.096055	supercritical
328.00	541.00	258.52	0.0038682	567.60	776.87	3.1163	1.9606	3.1974	875.16	-0.0085400	3.2114e-05	0.095906	supercritical
329.00	541.00	257.79	0.0038791	570.20	780.06	3.1261	1.9625	3.1974	873.76	-0.0083540	3.2020e-05	0.095759	supercritical
330.00	541.00	257.06	0.0038901	572.80	783.26	3.1358	1.9645	3.1974	872.38	-0.0081701	3.1927e-05	0.095616	supercritical
331.00	541.00	256.34	0.0039011	575.41	786.46	3.1454	1.9664	3.1975	871.01	-0.0079883	3.1834e-05	0.095475	supercritical
332.00	541.00	255.61	0.0039121	578.01	789.65	3.1551	1.9684	3.1975	869.66	-0.0078086	3.1743e-05	0.095337	supercritical
333.00	541.00	254.90	0.0039232	580.61	792.85	3.1647	1.9704	3.1976	868.33	-0.0076310	3.1653e-05	0.095202	supercritical
334.00	541.00	254.18	0.0039342	583.21	796.05	3.1743	1.9725	3.1976	867.02	-0.0074555	3.1565e-05	0.095069	supercritical
335.00	541.00	253.47	0.0039453	585.81	799.25	3.1839	1.9745	3.1977	865.72	-0.0072821	3.1477e-05	0.094940	supercritical
336.00	541.00	252.76	0.0039564	588.40	802.45	3.1934	1.9766	3.1978	864.44	-0.0071109	3.1390e-05	0.094813	supercritical
337.00	541.00	252.05	0.0039675	591.00	805.64	3.2029	1.9787	3.1978	863.17	-0.0069418	3.1305e-05	0.094689	supercritical
338.00	541.00	251.34	0.0039786	593.60	808.84	3.2124	1.9808	3.1979	861.92	-0.0067748	3.1220e-05	0.094567	supercritical
339.00	541.00	250.64	0.0039898	596.19	812.04	3.2218	1.9829	3.1980	860.69	-0.0066100	3.1137e-05	0.094448	supercritical
340.00	541.00	249.94	0.0040009	598.79	815.24	3.2312	1.9850	3.1981	859.47	-0.0064473	3.1054e-05	0.094332	supercritical
341.00	541.00	249.25	0.0040121	601.38	818.44	3.2406	1.9872	3.1982	858.27	-0.0062868	3.0973e-05	0.094218	supercritical
342.00	541.00	248.55	0.0040233	603.97	821.63	3.2500	1.9893	3.1983	857.08	-0.0061284	3.0892e-05	0.094107	supercritical
343.00	541.00	247.86	0.0040345	606.57	824.83	3.2593	1.9915	3.1984	855.91	-0.0059722	3.0813e-05	0.093999	supercritical
344.00	541.00	247.18	0.0040457	609.16	828.03	3.2686	1.9937	3.1986	854.76	-0.0058181	3.0734e-05	0.093893	supercritical
345.00	541.00	246.49	0.0040569	611.75	831.23	3.2779	1.9959	3.1987	853.61	-0.0056662	3.0657e-05	0.093789	supercritical
346.00	541.00	245.81	0.0040681	614.34	834.43	3.2872	1.9982	3.1988	852.49	-0.0055164	3.0580e-05	0.093688	supercritical
347.00	541.00	245.13	0.0040794	616.93	837.63	3.2964	2.0004	3.1990	851.38	-0.0053688	3.0505e-05	0.093590	supercritical
348.00	541.00	244.46	0.0040907	619.52	840.83	3.3056	2.0027	3.1991	850.28	-0.0052234	3.0430e-05	0.093494	supercritical
349.00	541.00	243.79	0.0041020	622.11	844.02	3.3148	2.0050	3.1993	849.20	-0.0050801	3.0356e-05	0.093400	supercritical
350.00	541.00	243.12	0.0041132	624.70	847.22	3.3240	2.0073	3.1995	848.13	-0.0049389	3.0283e-05	0.093309	supercritical
351.00	541.00	242.45	0.0041246	627.29	850.42	3.3331	2.0096	3.1997	847.08	-0.0047999	3.0211e-05	0.093220	supercritical
352.00	541.00	241.79	0.0041359	629.87	853.62	3.3422	2.0119	3.1999	846.04	-0.0046630	3.0140e-05	0.093133	supercritical
353.00	541.00	241.13	0.0041472	632.46	856.82	3.3513	2.0143	3.2001	845.02	-0.0045283	3.0070e-05	0.093049	supercritical
354.00	541.00	240.47	0.0041585	635.05	860.02	3.3603	2.0166	3.2003	844.01	-0.0043957	3.0001e-05	0.092967	supercritical
355.00	541.00	239.81	0.0041699	637.63	863.22	3.3693	2.0190	3.2005	843.01	-0.0042653	2.9933e-05	0.092887	supercritical
356.00	541.00	239.16	0.0041813	640.22	866.42	3.3784	2.0214	3.2007	842.03	-0.0041369	2.9865e-05	0.092810	supercritical
357.00	541.00	238.51	0.0041926	642.80	869.63	3.3873	2.0238	3.2010	841.06	-0.0040107	2.9799e-05	0.092735	supercritical
358.00	541.00	237.87	0.0042040	645.39	872.83	3.3963	2.0262	3.2012	840.10	-0.0038866	2.9733e-05	0.092662	supercritical
359.00	541.00	237.22	0.0042154	647.97	876.03	3.4052	2.0286	3.2015	839.16	-0.0037647	2.9668e-05	0.092591	supercritical
360.00	541.00	236.58	0.0042269	650.56	879.23	3.4141	2.0311	3.2018	838.23	-0.0036448	2.9604e-05	0.092523	supercritical
361.00	541.00	235.95	0.0042383	653.14	882.43	3.4230	2.0335	3.2021	837.32	-0.0035270	2.9540e-05	0.092456	supercritical
362.00	541.00	235.31	0.0042497	655.72	885.63	3.4319	2.0360	3.2024	836.41	-0.0034113	2.9478e-05	0.092392	supercritical
363.00	541.00	234.68	0.0042612	658.31	888.84	3.4407	2.0385	3.2027	835.52	-0.0032977	2.9416e-05	0.092330	supercritical
364.00	541.00	234.05	0.0042726	660.89	892.04	3.4495	2.0410	3.2030	834.64	-0.0031861	2.9355e-05	0.092270	supercritical
365.00	541.00	233.42	0.0042841	663.47	895.24	3.4583	2.0435	3.2033	833.78	-0.0030766	2.9295e-05	0.092212	supercritical
366.00	541.00	232.80	0.0042955	666.06	898.45	3.4671	2.0461	3.2037	832.92	-0.0029692	2.9235e-05	0.092156	supercritical
367.00	541.00	232.18	0.0043070	668.64	901.65	3.4758	2.0486	3.2040	832.08	-0.0028638	2.9177e-05	0.092102	supercritical
368.00	541.00	231.56	0.0043185	671.22	904.85	3.4845	2.0512	3.2044	831.26	-0.0027605	2.9119e-05	0.092050	supercritical
369.00	541.00	230.95	0.0043300	673.80	908.06	3.4932	2.0537	3.2047	830.44	-0.0026592	2.9062e-05	0.092000	supercritical
370.00	541.00	230.33	0.0043415	676.39	911.26	3.5019	2.0563	3.2051	829.63	-0.0025599	2.9005e-05	0.091953	supercritical
371.00	541.00	229.72	0.0043530	678.97	914.47	3.5105	2.0589	3.2055	828.84	-0.0024626	2.8949e-05	0.091907	supercritical
372.00	541.00	229.12	0.0043646	681.55	917.67	3.5192	2.0615	3.2059	828.06	-0.0023673	2.8894e-05	0.091863	supercritical
373.00	541.00	228.51	0.0043761	684.13	920.88	3.5278	2.0642	3.2064	827.29	-0.0022739	2.8840e-05	0.091821	supercritical
374.00	541.00	227.91	0.0043876	686.72	924.09	3.5364	2.0668	3.2068	826.53	-0.0021826	2.8787e-05	0.091781	supercritical
375.00	541.00	227.32	0.0043992	689.30	927.29	3.5449	2.0694	3.2073	825.79	-0.0020932	2.8734e-05	0.091743	supercritical
376.00	541.00	226.72	0.0044107	691.88	930.50	3.5535	2.0721	3.2077	825.05	-0.0020058	2.8681e-05	0.091706	supercritical
377.00	541.00	226.13	0.0044223	694.46	933.71	3.5620	2.0748	3.2082	824.33	-0.0019203	2.8630e-05	0.091672	supercritical
378.00	541.00	225.54	0.0044339	697.05	936.92	3.5705	2.0775	3.2087	823.61	-0.0018367	2.8579e-05	0.091639	supercritical
379.00	541.00	224.95	0.0044454	699.63	940.13	3.5790	2.0802	3.2092	822.91	-0.0017550	2.8529e-05	0.091609	supercritical
380.00	541.00	224.36	0.0044570	702.21	943.34	3.5874	2.0829	3.2097	822.22	-0.0016752	2.8479e-05	0.091580	supercritical
381.00	541.00	223.78	0.0044686	704.79	946.55	3.5959	2.0856	3.2102	821.54	-0.0015973	2.8431e-05	0.091553	supercritical
382.00	541.00	223.20	0.0044802	707.38	949.76	3.6043	2.0883	3.2107	820.87	-0.0015213	2.8382e-05	0.091527	supercritical
383.00	541.00	222.63	0.0044918	709.96	952.97	3.6127	2.0911	3.2113	820.21	-0.0014472	2.8335e-05	0.091504	supercritical
384.00	541.00	222.05	0.0045034	712.54	956.18	3.6210	2.0938	3.2118	819.56	-0.0013749	2.8288e-05	0.091482	supercritical
385.00	541.00	221.48	0.0045150	715.13	959.39	3.6294	2.0966	3.2124	818.92	-0.0013044	2.8242e-05	0.091462	supercritical
386.00	541.00	220.91	0.0045267	717.71	962.60	3.6377	2.0994	3.2130	818.29	-0.0012357	2.8196e-05	0.091443	supercritical
387.00	541.00	220.35	0.0045383	720.30	965.82	3.6460	2.1021	3.2136	817.67	-0.0011688	2.8151e-05	0.091427	supercritical
388.00	541.00	219.78	0.0045499	722.88	969.03	3.6543	2.1049	3.2142	817.06	-0.0011038	2.8106e-05	0.091412	supercritical
389.00	541.00	219.22	0.0045616	725.47	972.25	3.6626	2.1078	3.2149	816.46	-0.0010405	2.8062e-05	0.091398	supercritical
390.00	541.00	218.66	0.0045732	728.05	975.46	3.6709	2.1106	3.2155	815.87	-0.00097892	2.8019e-05	0.091386	supercritical
391.00	541.00	218.11	0.0045849	730.64	978.68	3.6791	2.1134	3.2161	815.29	-0.00091913	2.7976e-05	0.091376	supercritical
392.00	541.00	217.56	0.0045965	733.22	981.89	3.6873	2.1162	3.2168	814.72	-0.00086106	2.7934e-05	0.091368	supercritical
393.00	541.00	217.01	0.0046082	735.81	985.11	3.6955	2.1191	3.2175	814.16	-0.00080470	2.7893e-05	0.091361	supercritical
394.00	541.00	216.46	0.0046198	738.40	988.33	3.7037	2.1220	3.2182	813.61	-0.00075005	2.7852e-05	0.091356	supercritical
395.00	541.00	215.91	0.0046315	740.98	991.55	3.7119	2.1248	3.2189	813.06	-0.00069708	2.7811e-05	0.091352	supercritical
396.00	541.00	215.37	0.0046432	743.57	994.77	3.7200	2.1277	3.2196	812.53	-0.00064577	2.7771e-05	0.091350	supercritical
397.00	541.00	214.83	0.0046548	746.16	997.99	3.7281	2.1306	3.2204	812.00	-0.00059612	2.7732e-05	0.091350	supercritical
398.00	541.00	214.29	0.0046665	748.75	1001.2	3.7362	2.1335	3.2211	811.49	-0.00054811	2.7693e-05	0.091351	supercritical
399.00	541.00	213.76	0.0046782	751.34	1004.4	3.7443	2.1364	3.2219	810.98	-0.00050173	2.7655e-05	0.091354	supercritical
400.00	541.00	213.22	0.0046899	753.93	1007.7	3.7524	2.1393	3.2226	810.48	-0.00045694	2.7617e-05	0.091358	supercritical
401.00	541.00	212.69	0.0047016	756.52	1010.9	3.7604	2.1422	3.2234	809.99	-0.00041375	2.7580e-05	0.091363	supercritical
402.00	541.00	212.17	0.0047133	759.11	1014.1	3.7684	2.1452	3.2242	809.51	-0.00037214	2.7543e-05	0.091370	supercritical
403.00	541.00	211.64	0.0047250	761.70	1017.3	3.7765	2.1481	3.2251	809.04	-0.00033208	2.7507e-05	0.091379	supercritical
404.00	541.00	211.12	0.0047367	764.29	1020.5	3.7844	2.1511	3.2259	808.58	-0.00029357	2.7471e-05	0.091389	supercritical
405.00	541.00	210.60	0.0047484	766.89	1023.8	3.7924	2.1541	3.2267	808.12	-0.00025659	2.7436e-05	0.091400	supercritical
406.00	541.00	210.08	0.0047601	769.48	1027.0	3.8004	2.1570	3.2276	807.67	-0.00022112	2.7401e-05	0.091413	supercritical
407.00	541.00	209.57	0.0047718	772.08	1030.2	3.8083	2.1600	3.2285	807.23	-0.00018714	2.7367e-05	0.091428	supercritical
408.00	541.00	209.05	0.0047835	774.67	1033.5	3.8162	2.1630	3.2294	806.80	-0.00015465	2.7333e-05	0.091443	supercritical
409.00	541.00	208.54	0.0047952	777.27	1036.7	3.8242	2.1660	3.2303	806.38	-0.00012362	2.7300e-05	0.091461	supercritical
410.00	541.00	208.03	0.0048069	779.86	1039.9	3.8320	2.1690	3.2312	805.96	-9.4034e-05	2.7267e-05	0.091479	supercritical
411.00	541.00	207.53	0.0048186	782.46	1043.2	3.8399	2.1720	3.2321	805.55	-6.5884e-05	2.7235e-05	0.091499	supercritical
412.00	541.00	207.02	0.0048304	785.06	1046.4	3.8478	2.1750	3.2330	805.15	-3.9152e-05	2.7203e-05	0.091520	supercritical
413.00	541.00	206.52	0.0048421	787.66	1049.6	3.8556	2.1781	3.2340	804.76	-1.3820e-05	2.7172e-05	0.091543	supercritical
414.00	541.00	206.02	0.0048538	790.26	1052.9	3.8634	2.1811	3.2350	804.38	1.0126e-05	2.7141e-05	0.091567	supercritical
415.00	541.00	205.53	0.0048655	792.86	1056.1	3.8712	2.1842	3.2360	804.00	3.2704e-05	2.7110e-05	0.091592	supercritical
416.00	541.00	205.03	0.0048773	795.46	1059.3	3.8790	2.1872	3.2370	803.63	5.3929e-05	2.7080e-05	0.091619	supercritical
417.00	541.00	204.54	0.0048890	798.07	1062.6	3.8868	2.1903	3.2380	803.26	7.3816e-05	2.7051e-05	0.091647	supercritical
418.00	541.00	204.05	0.0049007	800.67	1065.8	3.8946	2.1933	3.2390	802.91	9.2382e-05	2.7022e-05	0.091676	supercritical
419.00	541.00	203.56	0.0049124	803.27	1069.0	3.9023	2.1964	3.2400	802.56	0.00010964	2.6993e-05	0.091707	supercritical
420.00	541.00	203.08	0.0049242	805.88	1072.3	3.9100	2.1995	3.2411	802.22	0.00012561	2.6965e-05	0.091739	supercritical
421.00	541.00	202.60	0.0049359	808.49	1075.5	3.9177	2.2026	3.2421	801.88	0.00014031	2.6937e-05	0.091772	supercritical
422.00	541.00	202.12	0.0049477	811.10	1078.8	3.9254	2.2057	3.2432	801.55	0.00015374	2.6909e-05	0.091806	supercritical
423.00	541.00	201.64	0.0049594	813.70	1082.0	3.9331	2.2088	3.2443	801.23	0.00016594	2.6882e-05	0.091842	supercritical
424.00	541.00	201.16	0.0049711	816.31	1085.3	3.9408	2.2119	3.2454	800.92	0.00017690	2.6856e-05	0.091879	supercritical
425.00	541.00	200.69	0.0049829	818.92	1088.5	3.9484	2.2150	3.2465	800.61	0.00018666	2.6829e-05	0.091917	supercritical
426.00	541.00	200.22	0.0049946	821.54	1091.7	3.9560	2.2182	3.2477	800.31	0.00019522	2.6804e-05	0.091956	supercritical
427.00	541.00	199.75	0.0050063	824.15	1095.0	3.9637	2.2213	3.2488	800.01	0.00020259	2.6778e-05	0.091996	supercritical
428.00	541.00	199.28	0.0050181	826.76	1098.2	3.9713	2.2245	3.2500	799.72	0.00020880	2.6753e-05	0.092038	supercritical
429.00	541.00	198.81	0.0050298	829.38	1101.5	3.9788	2.2276	3.2512	799.44	0.00021386	2.6729e-05	0.092081	supercritical
430.00	541.00	198.35	0.0050416	832.00	1104.7	3.9864	2.2308	3.2524	799.17	0.00021778	2.6704e-05	0.092125	supercritical
431.00	541.00	197.89	0.0050533	834.61	1108.0	3.9940	2.2339	3.2536	798.90	0.00022059	2.6680e-05	0.092170	supercritical
432.00	541.00	197.43	0.0050650	837.23	1111.3	4.0015	2.2371	3.2548	798.63	0.00022228	2.6657e-05	0.092217	supercritical
433.00	541.00	196.97	0.0050768	839.85	1114.5	4.0090	2.2403	3.2560	798.38	0.00022289	2.6634e-05	0.092264	supercritical
434.00	541.00	196.52	0.0050885	842.47	1117.8	4.0166	2.2434	3.2572	798.13	0.00022242	2.6611e-05	0.092313	supercritical
435.00	541.00	196.07	0.0051003	845.10	1121.0	4.0240	2.2466	3.2585	797.88	0.00022089	2.6589e-05	0.092363	supercritical
436.00	541.00	195.62	0.0051120	847.72	1124.3	4.0315	2.2498	3.2598	797.64	0.00021831	2.6566e-05	0.092414	supercritical
437.00	541.00	195.17	0.0051238	850.35	1127.5	4.0390	2.2530	3.2610	797.41	0.00021470	2.6545e-05	0.092466	supercritical
438.00	541.00	194.72	0.0051355	852.97	1130.8	4.0465	2.2562	3.2623	797.18	0.00021008	2.6523e-05	0.092519	supercritical
439.00	541.00	194.28	0.0051472	855.60	1134.1	4.0539	2.2594	3.2636	796.96	0.00020445	2.6502e-05	0.092573	supercritical
440.00	541.00	193.84	0.0051590	858.23	1137.3	4.0613	2.2626	3.2650	796.74	0.00019783	2.6482e-05	0.092628	supercritical
441.00	541.00	193.40	0.0051707	860.86	1140.6	4.0687	2.2659	3.2663	796.53	0.00019024	2.6461e-05	0.092685	supercritical
442.00	541.00	192.96	0.0051825	863.49	1143.9	4.0761	2.2691	3.2676	796.32	0.00018168	2.6441e-05	0.092742	supercritical
443.00	541.00	192.52	0.0051942	866.13	1147.1	4.0835	2.2723	3.2690	796.12	0.00017218	2.6422e-05	0.092801	supercritical
444.00	541.00	192.09	0.0052059	868.76	1150.4	4.0909	2.2756	3.2704	795.93	0.00016175	2.6402e-05	0.092860	supercritical
445.00	541.00	191.66	0.0052177	871.40	1153.7	4.0983	2.2788	3.2717	795.74	0.00015039	2.6383e-05	0.092921	supercritical
446.00	541.00	191.23	0.0052294	874.03	1156.9	4.1056	2.2820	3.2731	795.56	0.00013814	2.6365e-05	0.092983	supercritical
447.00	541.00	190.80	0.0052411	876.67	1160.2	4.1129	2.2853	3.2746	795.38	0.00012499	2.6346e-05	0.093045	supercritical
448.00	541.00	190.37	0.0052529	879.31	1163.5	4.1203	2.2886	3.2760	795.21	0.00011096	2.6328e-05	0.093109	supercritical
449.00	541.00	189.95	0.0052646	881.96	1166.8	4.1276	2.2918	3.2774	795.04	9.6067e-05	2.6311e-05	0.093174	supercritical
450.00	541.00	189.53	0.0052763	884.60	1170.0	4.1349	2.2951	3.2789	794.87	8.0322e-05	2.6293e-05	0.093239	supercritical
451.00	541.00	189.11	0.0052881	887.24	1173.3	4.1421	2.2984	3.2803	794.72	6.3739e-05	2.6276e-05	0.093306	supercritical
452.00	541.00	188.69	0.0052998	889.89	1176.6	4.1494	2.3016	3.2818	794.56	4.6330e-05	2.6259e-05	0.093374	supercritical
453.00	541.00	188.27	0.0053115	892.54	1179.9	4.1567	2.3049	3.2833	794.41	2.8109e-05	2.6243e-05	0.093443	supercritical
454.00	541.00	187.86	0.0053232	895.19	1183.2	4.1639	2.3082	3.2848	794.27	9.0876e-06	2.6227e-05	0.093512	supercritical
455.00	541.00	187.44	0.0053350	897.84	1186.5	4.1711	2.3115	3.2863	794.13	-1.0721e-05	2.6211e-05	0.093583	supercritical
456.00	541.00	187.03	0.0053467	900.49	1189.7	4.1783	2.3148	3.2878	794.00	-3.1304e-05	2.6195e-05	0.093654	supercritical
457.00	541.00	186.62	0.0053584	903.15	1193.0	4.1855	2.3181	3.2893	793.87	-5.2649e-05	2.6180e-05	0.093727	supercritical
458.00	541.00	186.21	0.0053701	905.80	1196.3	4.1927	2.3214	3.2909	793.74	-7.4745e-05	2.6165e-05	0.093800	supercritical
459.00	541.00	185.81	0.0053819	908.46	1199.6	4.1999	2.3247	3.2924	793.62	-9.7577e-05	2.6150e-05	0.093875	supercritical
460.00	541.00	185.41	0.0053936	911.12	1202.9	4.2071	2.3280	3.2940	793.51	-0.00012114	2.6136e-05	0.093950	supercritical
461.00	541.00	185.00	0.0054053	913.78	1206.2	4.2142	2.3313	3.2956	793.40	-0.00014541	2.6121e-05	0.094027	supercritical
462.00	541.00	184.60	0.0054170	916.44	1209.5	4.2214	2.3346	3.2971	793.29	-0.00017038	2.6107e-05	0.094104	supercritical
463.00	541.00	184.21	0.0054287	919.11	1212.8	4.2285	2.3380	3.2987	793.19	-0.00019604	2.6094e-05	0.094182	supercritical
464.00	541.00	183.81	0.0054404	921.77	1216.1	4.2356	2.3413	3.3004	793.09	-0.00022239	2.6080e-05	0.094261	supercritical
465.00	541.00	183.41	0.0054521	924.44	1219.4	4.2427	2.3446	3.3020	793.00	-0.00024940	2.6067e-05	0.094341	supercritical
466.00	541.00	183.02	0.0054638	927.11	1222.7	4.2498	2.3480	3.3036	792.91	-0.00027706	2.6054e-05	0.094422	supercritical
467.00	541.00	182.63	0.0054755	929.78	1226.0	4.2569	2.3513	3.3053	792.82	-0.00030537	2.6042e-05	0.094503	supercritical
468.00	541.00	182.24	0.0054872	932.45	1229.3	4.2640	2.3546	3.3069	792.74	-0.00033431	2.6030e-05	0.094586	supercritical
469.00	541.00	181.85	0.0054989	935.13	1232.6	4.2710	2.3580	3.3086	792.66	-0.00036387	2.6017e-05	0.094669	supercritical
470.00	541.00	181.47	0.0055106	937.81	1235.9	4.2781	2.3613	3.3103	792.59	-0.00039405	2.6006e-05	0.094754	supercritical
471.00	541.00	181.08	0.0055223	940.48	1239.2	4.2851	2.3647	3.3120	792.52	-0.00042482	2.5994e-05	0.094839	supercritical
472.00	541.00	180.70	0.0055340	943.16	1242.6	4.2922	2.3681	3.3137	792.46	-0.00045618	2.5983e-05	0.094925	supercritical
473.00	541.00	180.32	0.0055457	945.85	1245.9	4.2992	2.3714	3.3154	792.39	-0.00048812	2.5972e-05	0.095012	supercritical
474.00	541.00	179.94	0.0055574	948.53	1249.2	4.3062	2.3748	3.3171	792.34	-0.00052064	2.5961e-05	0.095099	supercritical
475.00	541.00	179.56	0.0055691	951.22	1252.5	4.3132	2.3781	3.3188	792.28	-0.00055370	2.5950e-05	0.095188	supercritical
476.00	541.00	179.19	0.0055808	953.90	1255.8	4.3202	2.3815	3.3206	792.23	-0.00058732	2.5940e-05	0.095277	supercritical
477.00	541.00	178.81	0.0055925	956.59	1259.1	4.3271	2.3849	3.3223	792.19	-0.00062147	2.5930e-05	0.095368	supercritical
478.00	541.00	178.44	0.0056042	959.28	1262.5	4.3341	2.3883	3.3241	792.15	-0.00065616	2.5920e-05	0.095459	supercritical
479.00	541.00	178.07	0.0056158	961.98	1265.8	4.3410	2.3916	3.3259	792.11	-0.00069136	2.5910e-05	0.095550	supercritical
480.00	541.00	177.70	0.0056275	964.67	1269.1	4.3480	2.3950	3.3277	792.07	-0.00072706	2.5901e-05	0.095643	supercritical
481.00	541.00	177.33	0.0056392	967.37	1272.4	4.3549	2.3984	3.3295	792.04	-0.00076327	2.5891e-05	0.095736	supercritical
482.00	541.00	176.96	0.0056508	970.07	1275.8	4.3618	2.4018	3.3313	792.01	-0.00079996	2.5882e-05	0.095831	supercritical
483.00	541.00	176.60	0.0056625	972.77	1279.1	4.3687	2.4052	3.3331	791.99	-0.00083714	2.5874e-05	0.095926	supercritical
484.00	541.00	176.24	0.0056742	975.47	1282.4	4.3756	2.4086	3.3349	791.97	-0.00087478	2.5865e-05	0.096021	supercritical
485.00	541.00	175.88	0.0056858	978.18	1285.8	4.3825	2.4120	3.3368	791.95	-0.00091288	2.5857e-05	0.096118	supercritical
486.00	541.00	175.52	0.0056975	980.88	1289.1	4.3894	2.4154	3.3386	791.94	-0.00095144	2.5849e-05	0.096215	supercritical
487.00	541.00	175.16	0.0057092	983.59	1292.5	4.3962	2.4188	3.3405	791.93	-0.00099044	2.5841e-05	0.096313	supercritical
488.00	541.00	174.80	0.0057208	986.30	1295.8	4.4031	2.4222	3.3423	791.92	-0.0010299	2.5833e-05	0.096412	supercritical
489.00	541.00	174.45	0.0057325	989.02	1299.1	4.4099	2.4256	3.3442	791.92	-0.0010697	2.5825e-05	0.096512	supercritical
490.00	541.00	174.09	0.0057441	991.73	1302.5	4.4168	2.4290	3.3461	791.92	-0.0011100	2.5818e-05	0.096612	supercritical
491.00	541.00	173.74	0.0057558	994.45	1305.8	4.4236	2.4324	3.3480	791.92	-0.0011507	2.5811e-05	0.096713	supercritical
492.00	541.00	173.39	0.0057674	997.17	1309.2	4.4304	2.4358	3.3499	791.92	-0.0011918	2.5804e-05	0.096815	supercritical
493.00	541.00	173.04	0.0057790	999.89	1312.5	4.4372	2.4393	3.3518	791.93	-0.0012332	2.5797e-05	0.096918	supercritical
494.00	541.00	172.69	0.0057907	1002.6	1315.9	4.4440	2.4427	3.3538	791.94	-0.0012751	2.5791e-05	0.097021	supercritical
495.00	541.00	172.35	0.0058023	1005.3	1319.2	4.4508	2.4461	3.3557	791.96	-0.0013173	2.5785e-05	0.097125	supercritical
496.00	541.00	172.00	0.0058139	1008.1	1322.6	4.4576	2.4495	3.3576	791.98	-0.0013599	2.5779e-05	0.097230	supercritical
497.00	541.00	171.66	0.0058256	1010.8	1326.0	4.4643	2.4529	3.3596	792.00	-0.0014029	2.5773e-05	0.097335	supercritical
498.00	541.00	171.32	0.0058372	1013.5	1329.3	4.4711	2.4564	3.3615	792.02	-0.0014462	2.5767e-05	0.097441	supercritical
499.00	541.00	170.97	0.0058488	1016.3	1332.7	4.4778	2.4598	3.3635	792.05	-0.0014898	2.5761e-05	0.097548	supercritical
500.00	541.00	170.64	0.0058604	1019.0	1336.0	4.4846	2.4632	3.3655	792.08	-0.0015338	2.5756e-05	0.097656	supercritical
501.00	541.00	170.30	0.0058720	1021.7	1339.4	4.4913	2.4667	3.3675	792.11	-0.0015781	2.5751e-05	0.097764	supercritical
502.00	541.00	169.96	0.0058837	1024.5	1342.8	4.4980	2.4701	3.3695	792.15	-0.0016227	2.5746e-05	0.097873	supercritical
503.00	541.00	169.63	0.0058953	1027.2	1346.2	4.5047	2.4735	3.3715	792.19	-0.0016677	2.5741e-05	0.097983	supercritical
504.00	541.00	169.29	0.0059069	1030.0	1349.5	4.5114	2.4770	3.3735	792.23	-0.0017129	2.5737e-05	0.098093	supercritical
505.00	541.00	168.96	0.0059185	1032.7	1352.9	4.5181	2.4804	3.3755	792.27	-0.0017585	2.5732e-05	0.098204	supercritical
506.00	541.00	168.63	0.0059301	1035.5	1356.3	4.5248	2.4839	3.3776	792.32	-0.0018043	2.5728e-05	0.098316	supercritical
507.00	541.00	168.30	0.0059417	1038.2	1359.7	4.5315	2.4873	3.3796	792.37	-0.0018504	2.5724e-05	0.098428	supercritical
508.00	541.00	167.97	0.0059533	1041.0	1363.0	4.5381	2.4907	3.3817	792.42	-0.0018968	2.5720e-05	0.098541	supercritical
509.00	541.00	167.65	0.0059649	1043.7	1366.4	4.5448	2.4942	3.3837	792.48	-0.0019435	2.5716e-05	0.098655	supercritical
510.00	541.00	167.32	0.0059765	1046.5	1369.8	4.5514	2.4976	3.3858	792.54	-0.0019905	2.5713e-05	0.098769	supercritical
511.00	541.00	167.00	0.0059880	1049.2	1373.2	4.5580	2.5011	3.3879	792.60	-0.0020377	2.5709e-05	0.098884	supercritical
512.00	541.00	166.68	0.0059996	1052.0	1376.6	4.5647	2.5045	3.3899	792.66	-0.0020851	2.5706e-05	0.098999	supercritical
513.00	541.00	166.36	0.0060112	1054.8	1380.0	4.5713	2.5080	3.3920	792.72	-0.0021328	2.5703e-05	0.099116	supercritical
514.00	541.00	166.04	0.0060228	1057.5	1383.4	4.5779	2.5114	3.3941	792.79	-0.0021807	2.5700e-05	0.099232	supercritical
515.00	541.00	165.72	0.0060343	1060.3	1386.8	4.5845	2.5149	3.3962	792.86	-0.0022289	2.5697e-05	0.099350	supercritical
516.00	541.00	165.40	0.0060459	1063.1	1390.2	4.5911	2.5184	3.3984	792.93	-0.0022773	2.5695e-05	0.099468	supercritical
517.00	541.00	165.09	0.0060575	1065.8	1393.6	4.5977	2.5218	3.4005	793.01	-0.0023259	2.5692e-05	0.099587	supercritical
518.00	541.00	164.77	0.0060690	1068.6	1397.0	4.6042	2.5253	3.4026	793.09	-0.0023747	2.5690e-05	0.099706	supercritical
519.00	541.00	164.46	0.0060806	1071.4	1400.4	4.6108	2.5287	3.4047	793.17	-0.0024237	2.5688e-05	0.099826	supercritical
520.00	541.00	164.15	0.0060922	1074.2	1403.8	4.6174	2.5322	3.4069	793.25	-0.0024730	2.5686e-05	0.099947	supercritical
521.00	541.00	163.83	0.0061037	1077.0	1407.2	4.6239	2.5357	3.4090	793.33	-0.0025224	2.5684e-05	0.10007	supercritical
522.00	541.00	163.53	0.0061153	1079.7	1410.6	4.6304	2.5391	3.4112	793.42	-0.0025720	2.5682e-05	0.10019	supercritical
523.00	541.00	163.22	0.0061268	1082.5	1414.0	4.6370	2.5426	3.4134	793.51	-0.0026218	2.5681e-05	0.10031	supercritical
524.00	541.00	162.91	0.0061383	1085.3	1417.4	4.6435	2.5460	3.4156	793.60	-0.0026718	2.5679e-05	0.10044	supercritical
525.00	541.00	162.60	0.0061499	1088.1	1420.8	4.6500	2.5495	3.4177	793.70	-0.0027220	2.5678e-05	0.10056	supercritical
526.00	541.00	162.30	0.0061614	1090.9	1424.2	4.6565	2.5530	3.4199	793.79	-0.0027723	2.5677e-05	0.10068	supercritical
527.00	541.00	162.00	0.0061729	1093.7	1427.7	4.6630	2.5565	3.4221	793.89	-0.0028228	2.5676e-05	0.10081	supercritical
528.00	541.00	161.70	0.0061845	1096.5	1431.1	4.6695	2.5599	3.4243	793.99	-0.0028734	2.5675e-05	0.10093	supercritical
529.00	541.00	161.39	0.0061960	1099.3	1434.5	4.6760	2.5634	3.4265	794.09	-0.0029242	2.5675e-05	0.10106	supercritical
530.00	541.00	161.09	0.0062075	1102.1	1437.9	4.6825	2.5669	3.4288	794.20	-0.0029752	2.5674e-05	0.10119	supercritical
531.00	541.00	160.80	0.0062190	1104.9	1441.4	4.6889	2.5703	3.4310	794.30	-0.0030263	2.5674e-05	0.10131	supercritical
532.00	541.00	160.50	0.0062306	1107.7	1444.8	4.6954	2.5738	3.4332	794.41	-0.0030775	2.5674e-05	0.10144	supercritical
533.00	541.00	160.20	0.0062421	1110.5	1448.2	4.7018	2.5773	3.4354	794.52	-0.0031289	2.5674e-05	0.10157	supercritical
534.00	541.00	159.91	0.0062536	1113.4	1451.7	4.7083	2.5807	3.4377	794.64	-0.0031804	2.5674e-05	0.10170	supercritical
535.00	541.00	159.61	0.0062651	1116.2	1455.1	4.7147	2.5842	3.4399	794.75	-0.0032320	2.5674e-05	0.10183	supercritical
536.00	541.00	159.32	0.0062766	1119.0	1458.6	4.7211	2.5877	3.4422	794.87	-0.0032838	2.5674e-05	0.10196	supercritical
537.00	541.00	159.03	0.0062881	1121.8	1462.0	4.7276	2.5912	3.4445	794.99	-0.0033356	2.5674e-05	0.10209	supercritical
538.00	541.00	158.74	0.0062996	1124.6	1465.4	4.7340	2.5946	3.4467	795.11	-0.0033876	2.5675e-05	0.10222	supercritical
539.00	541.00	158.45	0.0063111	1127.5	1468.9	4.7404	2.5981	3.4490	795.23	-0.0034397	2.5676e-05	0.10235	supercritical
540.00	541.00	158.16	0.0063225	1130.3	1472.3	4.7468	2.6016	3.4513	795.35	-0.0034919	2.5677e-05	0.10248	supercritical
541.00	541.00	157.88	0.0063340	1133.1	1475.8	4.7531	2.6051	3.4536	795.48	-0.0035441	2.5677e-05	0.10261	supercritical
542.00	541.00	157.59	0.0063455	1136.0	1479.2	4.7595	2.6086	3.4559	795.61	-0.0035965	2.5679e-05	0.10275	supercritical
543.00	541.00	157.31	0.0063570	1138.8	1482.7	4.7659	2.6120	3.4582	795.74	-0.0036490	2.5680e-05	0.10288	supercritical
544.00	541.00	157.02	0.0063685	1141.6	1486.2	4.7723	2.6155	3.4605	795.87	-0.0037015	2.5681e-05	0.10301	supercritical
545.00	541.00	156.74	0.0063799	1144.5	1489.6	4.7786	2.6190	3.4628	796.00	-0.0037542	2.5682e-05	0.10315	supercritical
546.00	541.00	156.46	0.0063914	1147.3	1493.1	4.7850	2.6225	3.4651	796.14	-0.0038069	2.5684e-05	0.10328	supercritical
547.00	541.00	156.18	0.0064029	1150.2	1496.6	4.7913	2.6259	3.4675	796.28	-0.0038597	2.5686e-05	0.10342	supercritical
548.00	541.00	155.90	0.0064143	1153.0	1500.0	4.7976	2.6294	3.4698	796.42	-0.0039125	2.5688e-05	0.10356	supercritical
549.00	541.00	155.62	0.0064258	1155.9	1503.5	4.8040	2.6329	3.4721	796.56	-0.0039654	2.5689e-05	0.10369	supercritical
550.00	541.00	155.35	0.0064372	1158.7	1507.0	4.8103	2.6364	3.4745	796.70	-0.0040184	2.5691e-05	0.10383	supercritical
551.00	541.00	155.07	0.0064487	1161.6	1510.4	4.8166	2.6399	3.4768	796.84	-0.0040715	2.5694e-05	0.10397	supercritical
552.00	541.00	154.80	0.0064601	1164.4	1513.9	4.8229	2.6433	3.4792	796.99	-0.0041246	2.5696e-05	0.10411	supercritical
553.00	541.00	154.52	0.0064716	1167.3	1517.4	4.8292	2.6468	3.4816	797.14	-0.0041777	2.5698e-05	0.10424	supercritical
554.00	541.00	154.25	0.0064830	1170.2	1520.9	4.8355	2.6503	3.4839	797.29	-0.0042309	2.5701e-05	0.10438	supercritical
555.00	541.00	153.98	0.0064944	1173.0	1524.4	4.8418	2.6538	3.4863	797.44	-0.0042842	2.5703e-05	0.10452	supercritical
556.00	541.00	153.71	0.0065059	1175.9	1527.9	4.8481	2.6573	3.4887	797.59	-0.0043375	2.5706e-05	0.10466	supercritical
557.00	541.00	153.44	0.0065173	1178.8	1531.3	4.8543	2.6607	3.4911	797.74	-0.0043908	2.5709e-05	0.10480	supercritical
558.00	541.00	153.17	0.0065287	1181.6	1534.8	4.8606	2.6642	3.4935	797.90	-0.0044441	2.5712e-05	0.10494	supercritical
559.00	541.00	152.90	0.0065401	1184.5	1538.3	4.8669	2.6677	3.4958	798.06	-0.0044975	2.5715e-05	0.10509	supercritical
560.00	541.00	152.64	0.0065516	1187.4	1541.8	4.8731	2.6712	3.4982	798.21	-0.0045510	2.5718e-05	0.10523	supercritical
561.00	541.00	152.37	0.0065630	1190.3	1545.3	4.8794	2.6747	3.5006	798.38	-0.0046044	2.5721e-05	0.10537	supercritical
562.00	541.00	152.11	0.0065744	1193.2	1548.8	4.8856	2.6781	3.5031	798.54	-0.0046579	2.5724e-05	0.10551	supercritical
563.00	541.00	151.84	0.0065858	1196.0	1552.3	4.8918	2.6816	3.5055	798.70	-0.0047114	2.5728e-05	0.10566	supercritical
564.00	541.00	151.58	0.0065972	1198.9	1555.8	4.8980	2.6851	3.5079	798.86	-0.0047649	2.5731e-05	0.10580	supercritical
565.00	541.00	151.32	0.0066086	1201.8	1559.4	4.9043	2.6886	3.5103	799.03	-0.0048184	2.5735e-05	0.10595	supercritical
566.00	541.00	151.06	0.0066200	1204.7	1562.9	4.9105	2.6921	3.5128	799.20	-0.0048719	2.5739e-05	0.10609	supercritical
567.00	541.00	150.80	0.0066314	1207.6	1566.4	4.9167	2.6955	3.5152	799.37	-0.0049255	2.5742e-05	0.10624	supercritical
568.00	541.00	150.54	0.0066428	1210.5	1569.9	4.9229	2.6990	3.5176	799.54	-0.0049790	2.5746e-05	0.10638	supercritical
569.00	541.00	150.28	0.0066541	1213.4	1573.4	4.9291	2.7025	3.5201	799.71	-0.0050326	2.5750e-05	0.10653	supercritical
570.00	541.00	150.03	0.0066655	1216.3	1576.9	4.9352	2.7060	3.5225	799.88	-0.0050861	2.5755e-05	0.10667	supercritical
571.00	541.00	149.77	0.0066769	1219.2	1580.5	4.9414	2.7094	3.5250	800.06	-0.0051397	2.5759e-05	0.10682	supercritical
572.00	541.00	149.52	0.0066883	1222.2	1584.0	4.9476	2.7129	3.5274	800.23	-0.0051932	2.5763e-05	0.10697	supercritical
573.00	541.00	149.26	0.0066996	1225.1	1587.5	4.9538	2.7164	3.5299	800.41	-0.0052468	2.5768e-05	0.10712	supercritical
574.00	541.00	149.01	0.0067110	1228.0	1591.0	4.9599	2.7199	3.5324	800.59	-0.0053003	2.5772e-05	0.10727	supercritical
575.00	541.00	148.76	0.0067224	1230.9	1594.6	4.9661	2.7234	3.5348	800.77	-0.0053538	2.5777e-05	0.10741	supercritical
576.00	541.00	148.51	0.0067337	1233.8	1598.1	4.9722	2.7268	3.5373	800.95	-0.0054073	2.5781e-05	0.10756	supercritical
577.00	541.00	148.26	0.0067451	1236.7	1601.7	4.9783	2.7303	3.5398	801.13	-0.0054608	2.5786e-05	0.10771	supercritical
578.00	541.00	148.01	0.0067564	1239.7	1605.2	4.9845	2.7338	3.5423	801.32	-0.0055143	2.5791e-05	0.10786	supercritical
579.00	541.00	147.76	0.0067678	1242.6	1608.7	4.9906	2.7372	3.5448	801.50	-0.0055677	2.5796e-05	0.10801	supercritical
580.00	541.00	147.51	0.0067791	1245.5	1612.3	4.9967	2.7407	3.5473	801.69	-0.0056211	2.5801e-05	0.10816	supercritical
581.00	541.00	147.26	0.0067905	1248.5	1615.8	5.0028	2.7442	3.5498	801.88	-0.0056745	2.5806e-05	0.10832	supercritical
582.00	541.00	147.02	0.0068018	1251.4	1619.4	5.0089	2.7477	3.5523	802.06	-0.0057279	2.5811e-05	0.10847	supercritical
583.00	541.00	146.77	0.0068132	1254.3	1622.9	5.0150	2.7511	3.5548	802.25	-0.0057813	2.5817e-05	0.10862	supercritical
584.00	541.00	146.53	0.0068245	1257.3	1626.5	5.0211	2.7546	3.5573	802.45	-0.0058346	2.5822e-05	0.10877	supercritical
585.00	541.00	146.29	0.0068358	1260.2	1630.1	5.0272	2.7581	3.5598	802.64	-0.0058878	2.5827e-05	0.10893	supercritical
586.00	541.00	146.05	0.0068471	1263.2	1633.6	5.0333	2.7615	3.5623	802.83	-0.0059411	2.5833e-05	0.10908	supercritical
587.00	541.00	145.81	0.0068585	1266.1	1637.2	5.0394	2.7650	3.5648	803.03	-0.0059943	2.5839e-05	0.10923	supercritical
588.00	541.00	145.56	0.0068698	1269.1	1640.7	5.0455	2.7685	3.5674	803.22	-0.0060474	2.5844e-05	0.10939	supercritical
589.00	541.00	145.33	0.0068811	1272.0	1644.3	5.0515	2.7720	3.5699	803.42	-0.0061005	2.5850e-05	0.10954	supercritical
590.00	541.00	145.09	0.0068924	1275.0	1647.9	5.0576	2.7754	3.5724	803.62	-0.0061536	2.5856e-05	0.10970	supercritical
591.00	541.00	144.85	0.0069037	1278.0	1651.5	5.0636	2.7789	3.5750	803.82	-0.0062066	2.5862e-05	0.10985	supercritical
592.00	541.00	144.61	0.0069150	1280.9	1655.0	5.0697	2.7824	3.5775	804.02	-0.0062596	2.5868e-05	0.11001	supercritical
593.00	541.00	144.38	0.0069263	1283.9	1658.6	5.0757	2.7858	3.5800	804.22	-0.0063125	2.5874e-05	0.11016	supercritical
594.00	541.00	144.14	0.0069376	1286.9	1662.2	5.0817	2.7893	3.5826	804.42	-0.0063654	2.5880e-05	0.11032	supercritical
595.00	541.00	143.91	0.0069489	1289.8	1665.8	5.0878	2.7927	3.5851	804.63	-0.0064182	2.5887e-05	0.11048	supercritical
596.00	541.00	143.67	0.0069602	1292.8	1669.4	5.0938	2.7962	3.5877	804.83	-0.0064710	2.5893e-05	0.11063	supercritical
597.00	541.00	143.44	0.0069715	1295.8	1673.0	5.0998	2.7997	3.5903	805.04	-0.0065237	2.5899e-05	0.11079	supercritical
598.00	541.00	143.21	0.0069828	1298.8	1676.5	5.1058	2.8031	3.5928	805.24	-0.0065764	2.5906e-05	0.11095	supercritical
599.00	541.00	142.98	0.0069941	1301.8	1680.1	5.1118	2.8066	3.5954	805.45	-0.0066290	2.5912e-05	0.11111	supercritical
600.00	541.00	142.75	0.0070053	1304.7	1683.7	5.1178	2.8100	3.5980	805.66	-0.0066815	2.5919e-05	0.11127	supercritical
601.00	541.00	142.52	0.0070166	1307.7	1687.3	5.1238	2.8135	3.6005	805.87	-0.0067340	2.5926e-05	0.11143	supercritical
602.00	541.00	142.29	0.0070279	1310.7	1690.9	5.1298	2.8170	3.6031	806.08	-0.0067864	2.5933e-05	0.11159	supercritical
603.00	541.00	142.06	0.0070391	1313.7	1694.5	5.1358	2.8204	3.6057	806.29	-0.0068387	2.5939e-05	0.11175	supercritical
604.00	541.00	141.84	0.0070504	1316.7	1698.1	5.1418	2.8239	3.6083	806.50	-0.0068910	2.5946e-05	0.11191	supercritical
605.00	541.00	141.61	0.0070617	1319.7	1701.8	5.1477	2.8273	3.6108	806.72	-0.0069432	2.5953e-05	0.11207	supercritical
606.00	541.00	141.38	0.0070729	1322.7	1705.4	5.1537	2.8308	3.6134	806.93	-0.0069954	2.5960e-05	0.11223	supercritical
607.00	541.00	141.16	0.0070842	1325.7	1709.0	5.1597	2.8342	3.6160	807.15	-0.0070475	2.5968e-05	0.11239	supercritical
608.00	541.00	140.94	0.0070954	1328.7	1712.6	5.1656	2.8377	3.6186	807.37	-0.0070995	2.5975e-05	0.11255	supercritical
609.00	541.00	140.71	0.0071067	1331.8	1716.2	5.1716	2.8411	3.6212	807.58	-0.0071514	2.5982e-05	0.11271	supercritical
610.00	541.00	140.49	0.0071179	1334.8	1719.8	5.1775	2.8446	3.6238	807.80	-0.0072032	2.5989e-05	0.11288	supercritical
611.00	541.00	140.27	0.0071292	1337.8	1723.5	5.1835	2.8480	3.6264	808.02	-0.0072550	2.5997e-05	0.11304	supercritical
612.00	541.00	140.05	0.0071404	1340.8	1727.1	5.1894	2.8515	3.6290	808.24	-0.0073067	2.6004e-05	0.11320	supercritical
613.00	541.00	139.83	0.0071516	1343.8	1730.7	5.1953	2.8549	3.6316	808.46	-0.0073583	2.6012e-05	0.11336	supercritical
614.00	541.00	139.61	0.0071628	1346.8	1734.4	5.2012	2.8584	3.6343	808.68	-0.0074099	2.6019e-05	0.11353	supercritical
615.00	541.00	139.39	0.0071741	1349.9	1738.0	5.2072	2.8618	3.6369	808.91	-0.0074613	2.6027e-05	0.11369	supercritical
616.00	541.00	139.17	0.0071853	1352.9	1741.6	5.2131	2.8652	3.6395	809.13	-0.0075127	2.6035e-05	0.11386	supercritical
617.00	541.00	138.96	0.0071965	1355.9	1745.3	5.2190	2.8687	3.6421	809.36	-0.0075640	2.6043e-05	0.11402	supercritical
618.00	541.00	138.74	0.0072077	1359.0	1748.9	5.2249	2.8721	3.6447	809.58	-0.0076152	2.6051e-05	0.11419	supercritical
619.00	541.00	138.52	0.0072189	1362.0	1752.6	5.2308	2.8756	3.6474	809.81	-0.0076664	2.6058e-05	0.11435	supercritical
620.00	541.00	138.31	0.0072302	1365.1	1756.2	5.2367	2.8790	3.6500	810.04	-0.0077174	2.6066e-05	0.11452	supercritical
621.00	541.00	138.10	0.0072414	1368.1	1759.9	5.2425	2.8824	3.6526	810.26	-0.0077684	2.6074e-05	0.11468	supercritical
622.00	541.00	137.88	0.0072526	1371.2	1763.5	5.2484	2.8859	3.6552	810.49	-0.0078192	2.6083e-05	0.11485	supercritical
623.00	541.00	137.67	0.0072638	1374.2	1767.2	5.2543	2.8893	3.6579	810.72	-0.0078700	2.6091e-05	0.11502	supercritical
624.00	541.00	137.46	0.0072750	1377.3	1770.8	5.2602	2.8927	3.6605	810.95	-0.0079207	2.6099e-05	0.11519	supercritical
625.00	541.00	137.25	0.0072861	1380.3	1774.5	5.2660	2.8962	3.6632	811.18	-0.0079713	2.6107e-05	0.11535	supercritical
