Temperature (K)	Pressure (bar)	Density (kg/m3)	Volume (m3/kg)	Internal Energy (kJ/kg)	Enthalpy (kJ/kg)	Entropy (J/g*K)	Cv (J/g*K)	Cp (J/g*K)	Sound Spd. (m/s)	Joule-Thomson (K/bar)	Viscosity (Pa*s)	Therm. Cond. (W/m*K)	Phase
102.00	399.00	461.21	0.0021682	-55.487	31.024	-0.54935	2.1913	3.2374	1690.9	-0.051247	0.00022721	0.23182	liquid
103.00	399.00	460.15	0.0021732	-52.449	34.262	-0.51776	2.1867	3.2378	1684.4	-0.051166	0.00022048	0.23077	liquid
104.00	399.00	459.09	0.0021782	-49.411	37.500	-0.48648	2.1822	3.2382	1677.8	-0.051082	0.00021413	0.22971	liquid
105.00	399.00	458.03	0.0021833	-46.374	40.738	-0.45549	2.1778	3.2386	1671.3	-0.050996	0.00020812	0.22864	liquid
106.00	399.00	456.97	0.0021883	-43.338	43.977	-0.42479	2.1734	3.2391	1664.7	-0.050908	0.00020244	0.22757	liquid
107.00	399.00	455.90	0.0021934	-40.302	47.216	-0.39437	2.1690	3.2396	1658.1	-0.050818	0.00019706	0.22649	liquid
108.00	399.00	454.84	0.0021986	-37.267	50.456	-0.36423	2.1647	3.2401	1651.6	-0.050725	0.00019196	0.22540	liquid
109.00	399.00	453.78	0.0022037	-34.232	53.696	-0.33437	2.1604	3.2406	1645.0	-0.050631	0.00018712	0.22431	liquid
110.00	399.00	452.71	0.0022089	-31.198	56.937	-0.30477	2.1561	3.2411	1638.4	-0.050535	0.00018251	0.22321	liquid
111.00	399.00	451.65	0.0022141	-28.164	60.179	-0.27544	2.1519	3.2416	1631.8	-0.050437	0.00017812	0.22211	liquid
112.00	399.00	450.58	0.0022193	-25.131	63.420	-0.24636	2.1477	3.2421	1625.2	-0.050337	0.00017394	0.22100	liquid
113.00	399.00	449.52	0.0022246	-22.099	66.663	-0.21754	2.1436	3.2426	1618.7	-0.050235	0.00016995	0.21989	liquid
114.00	399.00	448.45	0.0022299	-19.067	69.906	-0.18897	2.1394	3.2431	1612.1	-0.050131	0.00016614	0.21877	liquid
115.00	399.00	447.39	0.0022352	-16.035	73.149	-0.16064	2.1353	3.2436	1605.5	-0.050025	0.00016250	0.21765	liquid
116.00	399.00	446.32	0.0022405	-13.005	76.393	-0.13256	2.1313	3.2441	1599.0	-0.049918	0.00015901	0.21653	liquid
117.00	399.00	445.25	0.0022459	-9.9744	79.637	-0.10471	2.1272	3.2446	1592.4	-0.049808	0.00015567	0.21541	liquid
118.00	399.00	444.19	0.0022513	-6.9449	82.882	-0.077093	2.1232	3.2451	1585.9	-0.049696	0.00015247	0.21429	liquid
119.00	399.00	443.12	0.0022567	-3.9160	86.128	-0.049705	2.1192	3.2457	1579.3	-0.049582	0.00014939	0.21316	liquid
120.00	399.00	442.05	0.0022622	-0.88776	89.373	-0.022543	2.1152	3.2462	1572.8	-0.049466	0.00014644	0.21203	liquid
121.00	399.00	440.98	0.0022677	2.1398	92.620	0.0043985	2.1112	3.2467	1566.3	-0.049349	0.00014360	0.21090	liquid
122.00	399.00	439.91	0.0022732	5.1667	95.867	0.031122	2.1073	3.2472	1559.7	-0.049229	0.00014087	0.20978	liquid
123.00	399.00	438.84	0.0022787	8.1929	99.114	0.057632	2.1034	3.2477	1553.2	-0.049106	0.00013824	0.20865	liquid
124.00	399.00	437.77	0.0022843	11.218	102.36	0.083931	2.0995	3.2482	1546.7	-0.048982	0.00013570	0.20752	liquid
125.00	399.00	436.70	0.0022899	14.243	105.61	0.11002	2.0957	3.2487	1540.2	-0.048856	0.00013325	0.20639	liquid
126.00	399.00	435.63	0.0022955	17.267	108.86	0.13591	2.0919	3.2492	1533.8	-0.048727	0.00013089	0.20526	liquid
127.00	399.00	434.55	0.0023012	20.290	112.11	0.16160	2.0880	3.2497	1527.3	-0.048596	0.00012861	0.20413	liquid
128.00	399.00	433.48	0.0023069	23.313	115.36	0.18709	2.0843	3.2502	1520.8	-0.048463	0.00012640	0.20301	liquid
129.00	399.00	432.40	0.0023127	26.335	118.61	0.21238	2.0805	3.2507	1514.4	-0.048327	0.00012427	0.20188	liquid
130.00	399.00	431.33	0.0023184	29.356	121.86	0.23749	2.0768	3.2513	1508.0	-0.048189	0.00012220	0.20076	liquid
131.00	399.00	430.25	0.0023242	32.376	125.11	0.26241	2.0731	3.2518	1501.5	-0.048048	0.00012020	0.19964	liquid
132.00	399.00	429.18	0.0023300	35.395	128.36	0.28714	2.0694	3.2523	1495.1	-0.047905	0.00011827	0.19852	liquid
133.00	399.00	428.10	0.0023359	38.414	131.62	0.31168	2.0658	3.2529	1488.7	-0.047760	0.00011639	0.19740	liquid
134.00	399.00	427.02	0.0023418	41.431	134.87	0.33605	2.0621	3.2534	1482.3	-0.047612	0.00011456	0.19629	liquid
135.00	399.00	425.94	0.0023477	44.448	138.12	0.36024	2.0585	3.2540	1476.0	-0.047461	0.00011280	0.19518	liquid
136.00	399.00	424.86	0.0023537	47.464	141.38	0.38426	2.0550	3.2545	1469.6	-0.047308	0.00011108	0.19407	liquid
137.00	399.00	423.78	0.0023597	50.480	144.63	0.40810	2.0514	3.2551	1463.3	-0.047152	0.00010941	0.19296	liquid
138.00	399.00	422.70	0.0023658	53.494	147.89	0.43178	2.0479	3.2557	1457.0	-0.046993	0.00010779	0.19186	liquid
139.00	399.00	421.61	0.0023718	56.508	151.14	0.45529	2.0444	3.2562	1450.7	-0.046832	0.00010621	0.19076	liquid
140.00	399.00	420.53	0.0023779	59.520	154.40	0.47863	2.0410	3.2568	1444.4	-0.046668	0.00010467	0.18966	liquid
141.00	399.00	419.45	0.0023841	62.532	157.66	0.50182	2.0375	3.2574	1438.1	-0.046501	0.00010318	0.18857	liquid
142.00	399.00	418.36	0.0023903	65.543	160.92	0.52484	2.0341	3.2581	1431.8	-0.046331	0.00010172	0.18748	liquid
143.00	399.00	417.28	0.0023965	68.553	164.17	0.54770	2.0308	3.2587	1425.6	-0.046159	0.00010030	0.18639	liquid
144.00	399.00	416.19	0.0024028	71.563	167.43	0.57042	2.0274	3.2593	1419.3	-0.045983	9.8923e-05	0.18531	liquid
145.00	399.00	415.10	0.0024091	74.571	170.69	0.59297	2.0241	3.2600	1413.1	-0.045804	9.7576e-05	0.18424	liquid
146.00	399.00	414.01	0.0024154	77.578	173.95	0.61538	2.0208	3.2606	1406.9	-0.045623	9.6262e-05	0.18316	liquid
147.00	399.00	412.92	0.0024218	80.585	177.21	0.63764	2.0176	3.2613	1400.7	-0.045438	9.4980e-05	0.18209	liquid
148.00	399.00	411.83	0.0024282	83.591	180.48	0.65975	2.0144	3.2620	1394.6	-0.045250	9.3730e-05	0.18103	liquid
149.00	399.00	410.74	0.0024346	86.596	183.74	0.68172	2.0112	3.2627	1388.4	-0.045059	9.2509e-05	0.17997	liquid
150.00	399.00	409.65	0.0024411	89.600	187.00	0.70355	2.0080	3.2634	1382.3	-0.044865	9.1316e-05	0.17891	liquid
151.00	399.00	408.55	0.0024477	92.603	190.26	0.72523	2.0049	3.2642	1376.2	-0.044668	9.0151e-05	0.17786	liquid
152.00	399.00	407.46	0.0024542	95.605	193.53	0.74678	2.0018	3.2649	1370.1	-0.044468	8.9013e-05	0.17682	liquid
153.00	399.00	406.36	0.0024608	98.606	196.79	0.76819	1.9987	3.2657	1364.0	-0.044264	8.7901e-05	0.17578	liquid
154.00	399.00	405.27	0.0024675	101.61	200.06	0.78947	1.9956	3.2664	1358.0	-0.044057	8.6813e-05	0.17474	liquid
155.00	399.00	404.17	0.0024742	104.61	203.33	0.81062	1.9926	3.2672	1351.9	-0.043847	8.5750e-05	0.17371	liquid
156.00	399.00	403.07	0.0024809	107.61	206.59	0.83163	1.9896	3.2680	1345.9	-0.043633	8.4709e-05	0.17268	liquid
157.00	399.00	401.97	0.0024877	110.60	209.86	0.85252	1.9867	3.2689	1339.9	-0.043416	8.3692e-05	0.17166	liquid
158.00	399.00	400.87	0.0024946	113.60	213.13	0.87327	1.9838	3.2697	1334.0	-0.043196	8.2695e-05	0.17065	liquid
159.00	399.00	399.77	0.0025014	116.60	216.40	0.89390	1.9809	3.2706	1328.0	-0.042972	8.1720e-05	0.16963	liquid
160.00	399.00	398.67	0.0025083	119.59	219.67	0.91441	1.9780	3.2714	1322.1	-0.042745	8.0765e-05	0.16863	liquid
161.00	399.00	397.57	0.0025153	122.58	222.95	0.93480	1.9752	3.2723	1316.1	-0.042514	7.9830e-05	0.16763	liquid
162.00	399.00	396.46	0.0025223	125.58	226.22	0.95506	1.9724	3.2732	1310.2	-0.042279	7.8914e-05	0.16664	liquid
163.00	399.00	395.36	0.0025294	128.57	229.49	0.97521	1.9697	3.2741	1304.4	-0.042041	7.8017e-05	0.16565	liquid
164.00	399.00	394.25	0.0025364	131.56	232.77	0.99524	1.9669	3.2751	1298.5	-0.041800	7.7137e-05	0.16466	liquid
165.00	399.00	393.14	0.0025436	134.55	236.04	1.0151	1.9642	3.2760	1292.7	-0.041554	7.6275e-05	0.16369	liquid
166.00	399.00	392.04	0.0025508	137.54	239.32	1.0349	1.9616	3.2770	1286.8	-0.041305	7.5430e-05	0.16272	liquid
167.00	399.00	390.93	0.0025580	140.53	242.60	1.0546	1.9589	3.2780	1281.1	-0.041053	7.4602e-05	0.16175	liquid
168.00	399.00	389.82	0.0025653	143.52	245.87	1.0742	1.9563	3.2790	1275.3	-0.040797	7.3789e-05	0.16079	liquid
169.00	399.00	388.71	0.0025726	146.51	249.15	1.0937	1.9538	3.2800	1269.5	-0.040537	7.2992e-05	0.15984	liquid
170.00	399.00	387.60	0.0025800	149.49	252.43	1.1130	1.9512	3.2810	1263.8	-0.040273	7.2210e-05	0.15889	liquid
171.00	399.00	386.48	0.0025874	152.48	255.72	1.1323	1.9487	3.2821	1258.1	-0.040005	7.1443e-05	0.15794	liquid
172.00	399.00	385.37	0.0025949	155.46	259.00	1.1514	1.9463	3.2831	1252.4	-0.039734	7.0690e-05	0.15701	liquid
173.00	399.00	384.25	0.0026024	158.44	262.28	1.1704	1.9438	3.2842	1246.8	-0.039459	6.9951e-05	0.15608	liquid
174.00	399.00	383.14	0.0026100	161.43	265.57	1.1894	1.9414	3.2853	1241.1	-0.039180	6.9226e-05	0.15515	liquid
175.00	399.00	382.02	0.0026176	164.41	268.85	1.2082	1.9390	3.2864	1235.5	-0.038897	6.8513e-05	0.15423	liquid
176.00	399.00	380.90	0.0026253	167.39	272.14	1.2269	1.9367	3.2875	1229.9	-0.038610	6.7814e-05	0.15332	liquid
177.00	399.00	379.79	0.0026331	170.37	275.43	1.2456	1.9344	3.2886	1224.3	-0.038319	6.7127e-05	0.15242	liquid
178.00	399.00	378.67	0.0026408	173.35	278.72	1.2641	1.9321	3.2898	1218.8	-0.038025	6.6453e-05	0.15152	liquid
179.00	399.00	377.55	0.0026487	176.33	282.01	1.2825	1.9299	3.2909	1213.3	-0.037726	6.5790e-05	0.15062	liquid
180.00	399.00	376.43	0.0026566	179.30	285.30	1.3009	1.9277	3.2921	1207.8	-0.037424	6.5139e-05	0.14974	liquid
181.00	399.00	375.30	0.0026645	182.28	288.59	1.3191	1.9255	3.2933	1202.3	-0.037118	6.4499e-05	0.14885	liquid
182.00	399.00	374.18	0.0026725	185.25	291.89	1.3373	1.9233	3.2945	1196.9	-0.036807	6.3870e-05	0.14798	liquid
183.00	399.00	373.06	0.0026805	188.23	295.18	1.3553	1.9212	3.2957	1191.4	-0.036493	6.3252e-05	0.14711	liquid
184.00	399.00	371.93	0.0026886	191.20	298.48	1.3733	1.9192	3.2969	1186.0	-0.036175	6.2645e-05	0.14625	liquid
185.00	399.00	370.81	0.0026968	194.17	301.77	1.3911	1.9171	3.2982	1180.7	-0.035852	6.2048e-05	0.14539	liquid
186.00	399.00	369.68	0.0027050	197.14	305.07	1.4089	1.9151	3.2994	1175.3	-0.035526	6.1461e-05	0.14455	liquid
187.00	399.00	368.56	0.0027133	200.11	308.37	1.4266	1.9131	3.3007	1170.0	-0.035196	6.0883e-05	0.14370	liquid
188.00	399.00	367.43	0.0027216	203.08	311.67	1.4442	1.9112	3.3019	1164.7	-0.034861	6.0316e-05	0.14287	liquid
189.00	399.00	366.30	0.0027300	206.05	314.98	1.4618	1.9093	3.3032	1159.4	-0.034523	5.9757e-05	0.14204	liquid
190.00	399.00	365.17	0.0027384	209.02	318.28	1.4792	1.9074	3.3045	1154.2	-0.034181	5.9208e-05	0.14122	liquid
191.00	399.00	364.04	0.0027469	211.98	321.59	1.4965	1.9055	3.3058	1149.0	-0.033834	5.8668e-05	0.14041	supercritical
192.00	399.00	362.91	0.0027555	214.95	324.89	1.5138	1.9037	3.3071	1143.8	-0.033484	5.8136e-05	0.13959	supercritical
193.00	399.00	361.78	0.0027641	217.91	328.20	1.5310	1.9020	3.3084	1138.6	-0.033130	5.7613e-05	0.13878	supercritical
194.00	399.00	360.65	0.0027728	220.88	331.51	1.5481	1.9002	3.3097	1133.5	-0.032771	5.7098e-05	0.13798	supercritical
195.00	399.00	359.52	0.0027815	223.84	334.82	1.5651	1.8985	3.3110	1128.4	-0.032409	5.6592e-05	0.13719	supercritical
196.00	399.00	358.38	0.0027903	226.80	338.13	1.5820	1.8968	3.3123	1123.3	-0.032043	5.6093e-05	0.13640	supercritical
197.00	399.00	357.25	0.0027991	229.76	341.44	1.5989	1.8952	3.3136	1118.3	-0.031672	5.5603e-05	0.13562	supercritical
198.00	399.00	356.12	0.0028081	232.72	344.76	1.6157	1.8936	3.3149	1113.2	-0.031298	5.5120e-05	0.13484	supercritical
199.00	399.00	354.98	0.0028170	235.67	348.07	1.6324	1.8920	3.3163	1108.2	-0.030920	5.4644e-05	0.13407	supercritical
200.00	399.00	353.85	0.0028261	238.63	351.39	1.6490	1.8904	3.3176	1103.3	-0.030538	5.4176e-05	0.13331	supercritical
201.00	399.00	352.71	0.0028352	241.59	354.71	1.6656	1.8889	3.3189	1098.3	-0.030152	5.3715e-05	0.13255	supercritical
202.00	399.00	351.58	0.0028443	244.54	358.03	1.6820	1.8874	3.3203	1093.4	-0.029762	5.3262e-05	0.13180	supercritical
203.00	399.00	350.44	0.0028535	247.49	361.35	1.6984	1.8860	3.3216	1088.5	-0.029368	5.2815e-05	0.13106	supercritical
204.00	399.00	349.31	0.0028628	250.45	364.67	1.7148	1.8846	3.3229	1083.7	-0.028971	5.2375e-05	0.13032	supercritical
205.00	399.00	348.17	0.0028722	253.40	368.00	1.7310	1.8832	3.3243	1078.9	-0.028570	5.1941e-05	0.12959	supercritical
206.00	399.00	347.03	0.0028816	256.35	371.32	1.7472	1.8819	3.3256	1074.1	-0.028164	5.1514e-05	0.12887	supercritical
207.00	399.00	345.89	0.0028911	259.29	374.65	1.7633	1.8805	3.3269	1069.3	-0.027756	5.1093e-05	0.12815	supercritical
208.00	399.00	344.76	0.0029006	262.24	377.97	1.7793	1.8793	3.3282	1064.6	-0.027343	5.0679e-05	0.12744	supercritical
209.00	399.00	343.62	0.0029102	265.19	381.30	1.7953	1.8780	3.3296	1059.9	-0.026927	5.0271e-05	0.12674	supercritical
210.00	399.00	342.48	0.0029199	268.13	384.63	1.8112	1.8768	3.3309	1055.2	-0.026507	4.9869e-05	0.12604	supercritical
211.00	399.00	341.34	0.0029296	271.07	387.96	1.8270	1.8756	3.3322	1050.6	-0.026083	4.9473e-05	0.12535	supercritical
212.00	399.00	340.21	0.0029394	274.02	391.30	1.8428	1.8745	3.3335	1046.0	-0.025656	4.9082e-05	0.12466	supercritical
213.00	399.00	339.07	0.0029493	276.96	394.63	1.8585	1.8734	3.3347	1041.4	-0.025225	4.8697e-05	0.12398	supercritical
214.00	399.00	337.93	0.0029592	279.90	397.97	1.8741	1.8723	3.3360	1036.9	-0.024791	4.8318e-05	0.12331	supercritical
215.00	399.00	336.79	0.0029692	282.83	401.30	1.8897	1.8712	3.3373	1032.4	-0.024354	4.7944e-05	0.12264	supercritical
216.00	399.00	335.66	0.0029792	285.77	404.64	1.9051	1.8702	3.3385	1027.9	-0.023913	4.7576e-05	0.12198	supercritical
217.00	399.00	334.52	0.0029894	288.70	407.98	1.9206	1.8692	3.3398	1023.4	-0.023469	4.7213e-05	0.12133	supercritical
218.00	399.00	333.38	0.0029996	291.64	411.32	1.9359	1.8683	3.3410	1019.0	-0.023021	4.6855e-05	0.12068	supercritical
219.00	399.00	332.24	0.0030098	294.57	414.66	1.9512	1.8673	3.3422	1014.6	-0.022571	4.6503e-05	0.12004	supercritical
220.00	399.00	331.11	0.0030202	297.50	418.01	1.9665	1.8665	3.3434	1010.3	-0.022117	4.6155e-05	0.11941	supercritical
221.00	399.00	329.97	0.0030306	300.43	421.35	1.9816	1.8656	3.3446	1006.0	-0.021660	4.5812e-05	0.11878	supercritical
222.00	399.00	328.83	0.0030410	303.36	424.70	1.9967	1.8648	3.3458	1001.7	-0.021200	4.5474e-05	0.11816	supercritical
223.00	399.00	327.70	0.0030516	306.28	428.04	2.0118	1.8640	3.3470	997.45	-0.020737	4.5141e-05	0.11754	supercritical
224.00	399.00	326.56	0.0030622	309.21	431.39	2.0267	1.8632	3.3481	993.24	-0.020271	4.4813e-05	0.11693	supercritical
225.00	399.00	325.43	0.0030729	312.13	434.74	2.0417	1.8625	3.3492	989.05	-0.019803	4.4489e-05	0.11633	supercritical
226.00	399.00	324.30	0.0030836	315.05	438.09	2.0565	1.8618	3.3503	984.91	-0.019332	4.4169e-05	0.11573	supercritical
227.00	399.00	323.16	0.0030944	317.97	441.44	2.0713	1.8612	3.3514	980.79	-0.018858	4.3854e-05	0.11514	supercritical
228.00	399.00	322.03	0.0031053	320.89	444.79	2.0860	1.8605	3.3524	976.71	-0.018381	4.3544e-05	0.11456	supercritical
229.00	399.00	320.90	0.0031162	323.80	448.14	2.1007	1.8599	3.3535	972.67	-0.017902	4.3238e-05	0.11398	supercritical
230.00	399.00	319.77	0.0031273	326.72	451.50	2.1153	1.8594	3.3545	968.65	-0.017421	4.2936e-05	0.11341	supercritical
231.00	399.00	318.64	0.0031384	329.63	454.85	2.1299	1.8588	3.3555	964.68	-0.016937	4.2638e-05	0.11284	supercritical
232.00	399.00	317.51	0.0031495	332.54	458.21	2.1444	1.8583	3.3564	960.73	-0.016451	4.2344e-05	0.11228	supercritical
233.00	399.00	316.38	0.0031608	335.45	461.56	2.1588	1.8578	3.3573	956.83	-0.015962	4.2055e-05	0.11173	supercritical
234.00	399.00	315.25	0.0031721	338.36	464.92	2.1732	1.8574	3.3582	952.95	-0.015472	4.1769e-05	0.11118	supercritical
235.00	399.00	314.13	0.0031834	341.26	468.28	2.1875	1.8570	3.3591	949.11	-0.014980	4.1487e-05	0.11064	supercritical
236.00	399.00	313.00	0.0031949	344.17	471.64	2.2018	1.8566	3.3600	945.31	-0.014486	4.1209e-05	0.11011	supercritical
237.00	399.00	311.88	0.0032064	347.07	475.00	2.2160	1.8563	3.3608	941.54	-0.013990	4.0935e-05	0.10958	supercritical
238.00	399.00	310.76	0.0032180	349.97	478.36	2.2301	1.8560	3.3616	937.81	-0.013492	4.0665e-05	0.10905	supercritical
239.00	399.00	309.64	0.0032296	352.86	481.72	2.2442	1.8557	3.3623	934.11	-0.012993	4.0398e-05	0.10854	supercritical
240.00	399.00	308.52	0.0032413	355.76	485.09	2.2583	1.8554	3.3631	930.45	-0.012492	4.0135e-05	0.10803	supercritical
241.00	399.00	307.40	0.0032531	358.65	488.45	2.2723	1.8552	3.3638	926.82	-0.011990	3.9876e-05	0.10752	supercritical
242.00	399.00	306.28	0.0032650	361.54	491.81	2.2862	1.8550	3.3644	923.23	-0.011487	3.9620e-05	0.10702	supercritical
243.00	399.00	305.17	0.0032769	364.43	495.18	2.3001	1.8548	3.3650	919.67	-0.010982	3.9367e-05	0.10653	supercritical
244.00	399.00	304.05	0.0032889	367.32	498.54	2.3139	1.8547	3.3656	916.15	-0.010477	3.9118e-05	0.10604	supercritical
245.00	399.00	302.94	0.0033010	370.20	501.91	2.3277	1.8546	3.3662	912.66	-0.0099701	3.8872e-05	0.10556	supercritical
246.00	399.00	301.83	0.0033131	373.08	505.28	2.3414	1.8545	3.3667	909.21	-0.0094627	3.8630e-05	0.10509	supercritical
247.00	399.00	300.72	0.0033253	375.96	508.64	2.3550	1.8545	3.3672	905.80	-0.0089545	3.8391e-05	0.10462	supercritical
248.00	399.00	299.62	0.0033376	378.84	512.01	2.3686	1.8545	3.3676	902.42	-0.0084457	3.8155e-05	0.10415	supercritical
249.00	399.00	298.51	0.0033499	381.72	515.38	2.3822	1.8545	3.3681	899.08	-0.0079364	3.7923e-05	0.10370	supercritical
250.00	399.00	297.41	0.0033624	384.59	518.75	2.3957	1.8545	3.3684	895.77	-0.0074268	3.7693e-05	0.10325	supercritical
251.00	399.00	296.31	0.0033748	387.46	522.12	2.4091	1.8546	3.3688	892.50	-0.0069168	3.7467e-05	0.10280	supercritical
252.00	399.00	295.21	0.0033874	390.33	525.49	2.4225	1.8547	3.3691	889.26	-0.0064067	3.7243e-05	0.10236	supercritical
253.00	399.00	294.12	0.0034000	393.19	528.85	2.4359	1.8548	3.3693	886.06	-0.0058965	3.7023e-05	0.10192	supercritical
254.00	399.00	293.02	0.0034127	396.06	532.22	2.4492	1.8550	3.3696	882.89	-0.0053864	3.6806e-05	0.10150	supercritical
255.00	399.00	291.93	0.0034255	398.92	535.59	2.4624	1.8552	3.3697	879.76	-0.0048764	3.6591e-05	0.10107	supercritical
256.00	399.00	290.84	0.0034383	401.78	538.96	2.4756	1.8554	3.3699	876.67	-0.0043668	3.6380e-05	0.10065	supercritical
257.00	399.00	289.76	0.0034512	404.63	542.33	2.4887	1.8557	3.3700	873.61	-0.0038576	3.6171e-05	0.10024	supercritical
258.00	399.00	288.67	0.0034641	407.48	545.70	2.5018	1.8559	3.3701	870.58	-0.0033489	3.5965e-05	0.099836	supercritical
259.00	399.00	287.59	0.0034771	410.34	549.07	2.5149	1.8562	3.3701	867.60	-0.0028409	3.5762e-05	0.099435	supercritical
260.00	399.00	286.51	0.0034902	413.18	552.44	2.5278	1.8566	3.3701	864.64	-0.0023337	3.5562e-05	0.099039	supercritical
261.00	399.00	285.44	0.0035034	416.03	555.81	2.5408	1.8569	3.3700	861.72	-0.0018274	3.5365e-05	0.098649	supercritical
262.00	399.00	284.37	0.0035166	418.87	559.18	2.5537	1.8573	3.3699	858.84	-0.0013221	3.5170e-05	0.098265	supercritical
263.00	399.00	283.30	0.0035299	421.71	562.55	2.5665	1.8577	3.3698	855.99	-0.00081798	3.4977e-05	0.097885	supercritical
264.00	399.00	282.23	0.0035432	424.55	565.92	2.5793	1.8582	3.3696	853.18	-0.00031509	3.4788e-05	0.097511	supercritical
265.00	399.00	281.16	0.0035566	427.38	569.29	2.5920	1.8587	3.3694	850.40	0.00018642	3.4601e-05	0.097143	supercritical
266.00	399.00	280.10	0.0035701	430.21	572.66	2.6047	1.8592	3.3691	847.65	0.00068643	3.4416e-05	0.096780	supercritical
267.00	399.00	279.04	0.0035837	433.04	576.03	2.6174	1.8597	3.3688	844.94	0.0011848	3.4234e-05	0.096421	supercritical
268.00	399.00	277.99	0.0035973	435.87	579.40	2.6300	1.8602	3.3685	842.26	0.0016815	3.4055e-05	0.096069	supercritical
269.00	399.00	276.94	0.0036109	438.69	582.77	2.6425	1.8608	3.3681	839.62	0.0021763	3.3878e-05	0.095721	supercritical
270.00	399.00	275.89	0.0036247	441.51	586.14	2.6550	1.8614	3.3677	837.01	0.0026692	3.3703e-05	0.095378	supercritical
271.00	399.00	274.84	0.0036384	444.33	589.50	2.6674	1.8621	3.3672	834.44	0.0031599	3.3531e-05	0.095041	supercritical
272.00	399.00	273.80	0.0036523	447.14	592.87	2.6799	1.8627	3.3667	831.90	0.0036485	3.3361e-05	0.094709	supercritical
273.00	399.00	272.76	0.0036662	449.95	596.24	2.6922	1.8634	3.3662	829.39	0.0041348	3.3193e-05	0.094381	supercritical
274.00	399.00	271.73	0.0036802	452.76	599.60	2.7045	1.8641	3.3656	826.92	0.0046186	3.3028e-05	0.094059	supercritical
275.00	399.00	270.69	0.0036942	455.57	602.97	2.7168	1.8649	3.3650	824.48	0.0051000	3.2865e-05	0.093741	supercritical
276.00	399.00	269.67	0.0037083	458.37	606.33	2.7290	1.8656	3.3643	822.07	0.0055787	3.2704e-05	0.093429	supercritical
277.00	399.00	268.64	0.0037224	461.17	609.70	2.7412	1.8664	3.3637	819.69	0.0060546	3.2546e-05	0.093121	supercritical
278.00	399.00	267.62	0.0037366	463.97	613.06	2.7533	1.8672	3.3629	817.35	0.0065277	3.2390e-05	0.092818	supercritical
279.00	399.00	266.60	0.0037509	466.76	616.42	2.7653	1.8681	3.3622	815.04	0.0069978	3.2235e-05	0.092520	supercritical
280.00	399.00	265.59	0.0037652	469.55	619.78	2.7774	1.8690	3.3614	812.77	0.0074649	3.2083e-05	0.092227	supercritical
281.00	399.00	264.58	0.0037796	472.34	623.14	2.7894	1.8699	3.3605	810.52	0.0079288	3.1933e-05	0.091938	supercritical
282.00	399.00	263.57	0.0037940	475.12	626.50	2.8013	1.8708	3.3597	808.31	0.0083894	3.1786e-05	0.091654	supercritical
283.00	399.00	262.57	0.0038085	477.91	629.86	2.8132	1.8717	3.3588	806.12	0.0088467	3.1640e-05	0.091375	supercritical
284.00	399.00	261.57	0.0038230	480.68	633.22	2.8250	1.8727	3.3578	803.97	0.0093005	3.1496e-05	0.091100	supercritical
285.00	399.00	260.58	0.0038376	483.46	636.58	2.8368	1.8737	3.3569	801.85	0.0097507	3.1354e-05	0.090830	supercritical
286.00	399.00	259.59	0.0038523	486.23	639.94	2.8486	1.8747	3.3559	799.77	0.010197	3.1215e-05	0.090564	supercritical
287.00	399.00	258.60	0.0038669	489.00	643.29	2.8603	1.8757	3.3548	797.71	0.010640	3.1077e-05	0.090303	supercritical
288.00	399.00	257.62	0.0038817	491.77	646.65	2.8720	1.8768	3.3538	795.68	0.011079	3.0941e-05	0.090046	supercritical
289.00	399.00	256.64	0.0038965	494.53	650.00	2.8836	1.8779	3.3527	793.68	0.011514	3.0807e-05	0.089794	supercritical
290.00	399.00	255.67	0.0039113	497.29	653.35	2.8952	1.8790	3.3516	791.72	0.011946	3.0675e-05	0.089545	supercritical
291.00	399.00	254.70	0.0039262	500.05	656.70	2.9067	1.8801	3.3504	789.78	0.012373	3.0545e-05	0.089302	supercritical
292.00	399.00	253.73	0.0039412	502.80	660.05	2.9182	1.8813	3.3492	787.87	0.012796	3.0416e-05	0.089062	supercritical
293.00	399.00	252.77	0.0039561	505.55	663.40	2.9296	1.8825	3.3480	786.00	0.013214	3.0290e-05	0.088827	supercritical
294.00	399.00	251.81	0.0039712	508.30	666.75	2.9410	1.8837	3.3468	784.15	0.013629	3.0165e-05	0.088595	supercritical
295.00	399.00	250.86	0.0039863	511.04	670.09	2.9524	1.8849	3.3455	782.33	0.014039	3.0042e-05	0.088368	supercritical
296.00	399.00	249.91	0.0040014	513.78	673.44	2.9637	1.8862	3.3443	780.53	0.014444	2.9921e-05	0.088145	supercritical
297.00	399.00	248.97	0.0040166	516.52	676.78	2.9750	1.8875	3.3430	778.77	0.014846	2.9801e-05	0.087926	supercritical
298.00	399.00	248.03	0.0040318	519.26	680.13	2.9862	1.8888	3.3416	777.04	0.015242	2.9684e-05	0.087712	supercritical
299.00	399.00	247.09	0.0040470	521.99	683.47	2.9974	1.8901	3.3403	775.33	0.015634	2.9568e-05	0.087501	supercritical
300.00	399.00	246.16	0.0040623	524.72	686.81	3.0086	1.8915	3.3389	773.65	0.016021	2.9453e-05	0.087294	supercritical
301.00	399.00	245.24	0.0040777	527.44	690.14	3.0197	1.8928	3.3375	772.00	0.016404	2.9340e-05	0.087090	supercritical
302.00	399.00	244.32	0.0040931	530.17	693.48	3.0308	1.8942	3.3361	770.37	0.016781	2.9229e-05	0.086891	supercritical
303.00	399.00	243.40	0.0041085	532.89	696.82	3.0418	1.8956	3.3347	768.77	0.017154	2.9120e-05	0.086696	supercritical
304.00	399.00	242.48	0.0041240	535.60	700.15	3.0528	1.8971	3.3332	767.20	0.017522	2.9012e-05	0.086504	supercritical
305.00	399.00	241.58	0.0041395	538.32	703.48	3.0637	1.8985	3.3318	765.65	0.017885	2.8905e-05	0.086316	supercritical
306.00	399.00	240.67	0.0041550	541.03	706.81	3.0746	1.9000	3.3303	764.13	0.018243	2.8801e-05	0.086132	supercritical
307.00	399.00	239.77	0.0041706	543.74	710.14	3.0855	1.9015	3.3288	762.64	0.018596	2.8697e-05	0.085951	supercritical
308.00	399.00	238.88	0.0041862	546.44	713.47	3.0963	1.9030	3.3273	761.17	0.018944	2.8596e-05	0.085774	supercritical
309.00	399.00	237.99	0.0042019	549.14	716.80	3.1071	1.9046	3.3258	759.72	0.019287	2.8495e-05	0.085601	supercritical
310.00	399.00	237.10	0.0042176	551.84	720.12	3.1178	1.9061	3.3243	758.30	0.019625	2.8397e-05	0.085431	supercritical
311.00	399.00	236.22	0.0042333	554.54	723.45	3.1285	1.9077	3.3227	756.91	0.019957	2.8299e-05	0.085264	supercritical
312.00	399.00	235.35	0.0042491	557.23	726.77	3.1392	1.9093	3.3212	755.54	0.020285	2.8203e-05	0.085101	supercritical
313.00	399.00	234.47	0.0042649	559.92	730.09	3.1498	1.9110	3.3196	754.19	0.020607	2.8109e-05	0.084942	supercritical
314.00	399.00	233.61	0.0042807	562.61	733.41	3.1604	1.9126	3.3180	752.87	0.020924	2.8016e-05	0.084786	supercritical
315.00	399.00	232.75	0.0042965	565.29	736.72	3.1710	1.9143	3.3165	751.57	0.021236	2.7924e-05	0.084633	supercritical
316.00	399.00	231.89	0.0043124	567.97	740.04	3.1815	1.9160	3.3149	750.29	0.021542	2.7834e-05	0.084483	supercritical
317.00	399.00	231.03	0.0043284	570.65	743.35	3.1919	1.9177	3.3133	749.04	0.021843	2.7745e-05	0.084337	supercritical
318.00	399.00	230.19	0.0043443	573.33	746.67	3.2024	1.9194	3.3117	747.81	0.022139	2.7657e-05	0.084194	supercritical
319.00	399.00	229.34	0.0043603	576.00	749.98	3.2128	1.9212	3.3101	746.60	0.022430	2.7571e-05	0.084054	supercritical
320.00	399.00	228.50	0.0043763	578.67	753.29	3.2231	1.9229	3.3085	745.41	0.022715	2.7486e-05	0.083918	supercritical
321.00	399.00	227.67	0.0043923	581.34	756.59	3.2334	1.9247	3.3069	744.25	0.022995	2.7402e-05	0.083784	supercritical
322.00	399.00	226.84	0.0044084	584.01	759.90	3.2437	1.9266	3.3053	743.10	0.023270	2.7319e-05	0.083654	supercritical
323.00	399.00	226.01	0.0044245	586.67	763.21	3.2540	1.9284	3.3037	741.98	0.023539	2.7238e-05	0.083527	supercritical
324.00	399.00	225.19	0.0044406	589.33	766.51	3.2642	1.9302	3.3021	740.88	0.023803	2.7158e-05	0.083402	supercritical
325.00	399.00	224.38	0.0044568	591.99	769.81	3.2744	1.9321	3.3005	739.80	0.024062	2.7079e-05	0.083281	supercritical
326.00	399.00	223.57	0.0044729	594.64	773.11	3.2845	1.9340	3.2989	738.74	0.024315	2.7002e-05	0.083163	supercritical
327.00	399.00	222.76	0.0044891	597.29	776.41	3.2946	1.9359	3.2974	737.70	0.024563	2.6925e-05	0.083048	supercritical
328.00	399.00	221.96	0.0045053	599.94	779.70	3.3047	1.9378	3.2958	736.68	0.024806	2.6850e-05	0.082935	supercritical
329.00	399.00	221.16	0.0045216	602.59	783.00	3.3147	1.9398	3.2942	735.68	0.025043	2.6776e-05	0.082825	supercritical
330.00	399.00	220.37	0.0045378	605.23	786.29	3.3247	1.9417	3.2926	734.70	0.025276	2.6703e-05	0.082719	supercritical
331.00	399.00	219.58	0.0045541	607.87	789.58	3.3346	1.9437	3.2910	733.74	0.025503	2.6631e-05	0.082615	supercritical
332.00	399.00	218.80	0.0045704	610.51	792.87	3.3446	1.9457	3.2895	732.80	0.025724	2.6560e-05	0.082514	supercritical
333.00	399.00	218.02	0.0045868	613.15	796.16	3.3545	1.9477	3.2879	731.87	0.025941	2.6490e-05	0.082415	supercritical
334.00	399.00	217.25	0.0046031	615.79	799.45	3.3643	1.9498	3.2864	730.97	0.026152	2.6422e-05	0.082319	supercritical
335.00	399.00	216.48	0.0046195	618.42	802.74	3.3741	1.9518	3.2849	730.08	0.026358	2.6354e-05	0.082226	supercritical
336.00	399.00	215.71	0.0046358	621.05	806.02	3.3839	1.9539	3.2833	729.21	0.026559	2.6288e-05	0.082136	supercritical
337.00	399.00	214.95	0.0046522	623.68	809.30	3.3937	1.9560	3.2818	728.36	0.026754	2.6223e-05	0.082048	supercritical
338.00	399.00	214.19	0.0046687	626.30	812.58	3.4034	1.9581	3.2803	727.53	0.026945	2.6158e-05	0.081963	supercritical
339.00	399.00	213.44	0.0046851	628.93	815.86	3.4131	1.9602	3.2788	726.71	0.027131	2.6095e-05	0.081881	supercritical
340.00	399.00	212.70	0.0047016	631.55	819.14	3.4228	1.9624	3.2773	725.91	0.027311	2.6032e-05	0.081801	supercritical
341.00	399.00	211.95	0.0047180	634.17	822.42	3.4324	1.9645	3.2759	725.13	0.027486	2.5971e-05	0.081723	supercritical
342.00	399.00	211.22	0.0047345	636.79	825.69	3.4420	1.9667	3.2744	724.36	0.027657	2.5911e-05	0.081648	supercritical
343.00	399.00	210.48	0.0047510	639.40	828.97	3.4515	1.9689	3.2730	723.61	0.027822	2.5851e-05	0.081576	supercritical
344.00	399.00	209.75	0.0047675	642.02	832.24	3.4611	1.9711	3.2716	722.88	0.027983	2.5793e-05	0.081506	supercritical
345.00	399.00	209.03	0.0047840	644.63	835.51	3.4705	1.9733	3.2702	722.16	0.028138	2.5735e-05	0.081438	supercritical
346.00	399.00	208.31	0.0048006	647.24	838.78	3.4800	1.9756	3.2688	721.46	0.028289	2.5678e-05	0.081373	supercritical
347.00	399.00	207.59	0.0048171	649.84	842.05	3.4894	1.9778	3.2674	720.77	0.028435	2.5623e-05	0.081310	supercritical
348.00	399.00	206.88	0.0048337	652.45	845.31	3.4988	1.9801	3.2661	720.10	0.028576	2.5568e-05	0.081249	supercritical
349.00	399.00	206.17	0.0048503	655.05	848.58	3.5082	1.9824	3.2647	719.44	0.028712	2.5514e-05	0.081191	supercritical
350.00	399.00	205.47	0.0048669	657.66	851.84	3.5176	1.9847	3.2634	718.80	0.028844	2.5461e-05	0.081135	supercritical
351.00	399.00	204.77	0.0048835	660.26	855.11	3.5269	1.9871	3.2621	718.17	0.028970	2.5408e-05	0.081081	supercritical
352.00	399.00	204.08	0.0049001	662.85	858.37	3.5361	1.9894	3.2608	717.56	0.029093	2.5357e-05	0.081029	supercritical
353.00	399.00	203.39	0.0049167	665.45	861.63	3.5454	1.9918	3.2595	716.96	0.029210	2.5307e-05	0.080980	supercritical
354.00	399.00	202.70	0.0049333	668.05	864.89	3.5546	1.9941	3.2583	716.38	0.029323	2.5257e-05	0.080933	supercritical
355.00	399.00	202.02	0.0049500	670.64	868.14	3.5638	1.9965	3.2571	715.81	0.029432	2.5208e-05	0.080888	supercritical
356.00	399.00	201.34	0.0049666	673.23	871.40	3.5730	1.9989	3.2559	715.25	0.029536	2.5160e-05	0.080845	supercritical
357.00	399.00	200.67	0.0049833	675.82	874.66	3.5821	2.0013	3.2547	714.70	0.029635	2.5113e-05	0.080805	supercritical
358.00	399.00	200.00	0.0049999	678.41	877.91	3.5912	2.0038	3.2535	714.17	0.029731	2.5066e-05	0.080766	supercritical
359.00	399.00	199.34	0.0050166	681.00	881.16	3.6003	2.0062	3.2524	713.65	0.029822	2.5020e-05	0.080730	supercritical
360.00	399.00	198.68	0.0050333	683.59	884.42	3.6093	2.0087	3.2513	713.15	0.029908	2.4975e-05	0.080695	supercritical
361.00	399.00	198.02	0.0050500	686.17	887.67	3.6183	2.0112	3.2502	712.66	0.029991	2.4931e-05	0.080663	supercritical
362.00	399.00	197.37	0.0050667	688.76	890.92	3.6273	2.0136	3.2491	712.18	0.030069	2.4888e-05	0.080633	supercritical
363.00	399.00	196.72	0.0050834	691.34	894.16	3.6363	2.0162	3.2481	711.71	0.030143	2.4845e-05	0.080604	supercritical
364.00	399.00	196.08	0.0051001	693.92	897.41	3.6452	2.0187	3.2470	711.25	0.030213	2.4803e-05	0.080578	supercritical
365.00	399.00	195.44	0.0051168	696.50	900.66	3.6541	2.0212	3.2460	710.81	0.030278	2.4762e-05	0.080554	supercritical
366.00	399.00	194.80	0.0051335	699.08	903.90	3.6630	2.0238	3.2451	710.37	0.030340	2.4721e-05	0.080531	supercritical
367.00	399.00	194.17	0.0051502	701.66	907.15	3.6719	2.0263	3.2441	709.95	0.030398	2.4681e-05	0.080511	supercritical
368.00	399.00	193.54	0.0051669	704.23	910.39	3.6807	2.0289	3.2432	709.54	0.030452	2.4642e-05	0.080492	supercritical
369.00	399.00	192.91	0.0051837	706.81	913.64	3.6895	2.0315	3.2423	709.15	0.030502	2.4604e-05	0.080475	supercritical
370.00	399.00	192.29	0.0052004	709.38	916.88	3.6983	2.0341	3.2414	708.76	0.030548	2.4566e-05	0.080460	supercritical
371.00	399.00	191.68	0.0052171	711.95	920.12	3.7070	2.0367	3.2405	708.38	0.030591	2.4529e-05	0.080447	supercritical
372.00	399.00	191.06	0.0052339	714.53	923.36	3.7157	2.0393	3.2397	708.01	0.030630	2.4492e-05	0.080436	supercritical
373.00	399.00	190.45	0.0052506	717.10	926.60	3.7244	2.0420	3.2389	707.66	0.030665	2.4456e-05	0.080427	supercritical
374.00	399.00	189.85	0.0052673	719.67	929.84	3.7331	2.0446	3.2381	707.31	0.030696	2.4421e-05	0.080419	supercritical
375.00	399.00	189.25	0.0052841	722.24	933.07	3.7417	2.0473	3.2374	706.98	0.030724	2.4386e-05	0.080413	supercritical
376.00	399.00	188.65	0.0053008	724.81	936.31	3.7504	2.0500	3.2366	706.65	0.030748	2.4352e-05	0.080409	supercritical
377.00	399.00	188.06	0.0053176	727.38	939.55	3.7589	2.0527	3.2359	706.34	0.030769	2.4319e-05	0.080407	supercritical
378.00	399.00	187.47	0.0053343	729.94	942.78	3.7675	2.0554	3.2353	706.03	0.030787	2.4286e-05	0.080406	supercritical
379.00	399.00	186.88	0.0053511	732.51	946.02	3.7761	2.0581	3.2346	705.74	0.030801	2.4254e-05	0.080408	supercritical
380.00	399.00	186.30	0.0053678	735.08	949.25	3.7846	2.0608	3.2340	705.45	0.030812	2.4222e-05	0.080410	supercritical
381.00	399.00	185.72	0.0053846	737.64	952.49	3.7931	2.0636	3.2334	705.18	0.030819	2.4191e-05	0.080415	supercritical
382.00	399.00	185.14	0.0054013	740.21	955.72	3.8016	2.0663	3.2328	704.91	0.030824	2.4161e-05	0.080421	supercritical
383.00	399.00	184.57	0.0054181	742.77	958.95	3.8100	2.0691	3.2323	704.65	0.030825	2.4131e-05	0.080429	supercritical
384.00	399.00	184.00	0.0054348	745.33	962.18	3.8184	2.0719	3.2317	704.40	0.030823	2.4102e-05	0.080438	supercritical
385.00	399.00	183.43	0.0054516	747.90	965.41	3.8268	2.0747	3.2313	704.16	0.030818	2.4073e-05	0.080449	supercritical
386.00	399.00	182.87	0.0054683	750.46	968.65	3.8352	2.0775	3.2308	703.93	0.030810	2.4044e-05	0.080462	supercritical
387.00	399.00	182.31	0.0054850	753.02	971.88	3.8436	2.0803	3.2303	703.71	0.030799	2.4017e-05	0.080476	supercritical
388.00	399.00	181.76	0.0055018	755.59	975.11	3.8519	2.0831	3.2299	703.49	0.030784	2.3990e-05	0.080492	supercritical
389.00	399.00	181.21	0.0055185	758.15	978.34	3.8602	2.0859	3.2295	703.28	0.030768	2.3963e-05	0.080509	supercritical
390.00	399.00	180.66	0.0055353	760.71	981.57	3.8685	2.0888	3.2292	703.09	0.030748	2.3937e-05	0.080528	supercritical
391.00	399.00	180.12	0.0055520	763.27	984.79	3.8768	2.0916	3.2288	702.89	0.030725	2.3911e-05	0.080549	supercritical
392.00	399.00	179.57	0.0055687	765.83	988.02	3.8850	2.0945	3.2285	702.71	0.030700	2.3886e-05	0.080570	supercritical
393.00	399.00	179.04	0.0055855	768.39	991.25	3.8933	2.0974	3.2283	702.54	0.030672	2.3861e-05	0.080594	supercritical
394.00	399.00	178.50	0.0056022	770.95	994.48	3.9015	2.1003	3.2280	702.37	0.030641	2.3837e-05	0.080619	supercritical
395.00	399.00	177.97	0.0056189	773.51	997.71	3.9097	2.1032	3.2278	702.21	0.030608	2.3813e-05	0.080645	supercritical
396.00	399.00	177.44	0.0056357	776.07	1000.9	3.9178	2.1061	3.2276	702.06	0.030572	2.3790e-05	0.080673	supercritical
397.00	399.00	176.92	0.0056524	778.63	1004.2	3.9260	2.1090	3.2274	701.91	0.030534	2.3767e-05	0.080702	supercritical
398.00	399.00	176.39	0.0056691	781.19	1007.4	3.9341	2.1119	3.2272	701.78	0.030493	2.3745e-05	0.080733	supercritical
399.00	399.00	175.88	0.0056858	783.75	1010.6	3.9422	2.1149	3.2271	701.65	0.030450	2.3723e-05	0.080765	supercritical
400.00	399.00	175.36	0.0057025	786.31	1013.8	3.9502	2.1178	3.2270	701.52	0.030405	2.3702e-05	0.080799	supercritical
401.00	399.00	174.85	0.0057192	788.87	1017.1	3.9583	2.1208	3.2269	701.41	0.030357	2.3681e-05	0.080834	supercritical
402.00	399.00	174.34	0.0057359	791.43	1020.3	3.9663	2.1237	3.2269	701.30	0.030306	2.3660e-05	0.080870	supercritical
403.00	399.00	173.83	0.0057526	793.99	1023.5	3.9744	2.1267	3.2269	701.19	0.030254	2.3640e-05	0.080908	supercritical
404.00	399.00	173.33	0.0057693	796.56	1026.8	3.9824	2.1297	3.2269	701.10	0.030199	2.3621e-05	0.080947	supercritical
405.00	399.00	172.83	0.0057860	799.12	1030.0	3.9903	2.1327	3.2269	701.01	0.030142	2.3601e-05	0.080987	supercritical
406.00	399.00	172.33	0.0058027	801.68	1033.2	3.9983	2.1357	3.2270	700.92	0.030083	2.3583e-05	0.081029	supercritical
407.00	399.00	171.84	0.0058194	804.24	1036.4	4.0062	2.1387	3.2271	700.85	0.030022	2.3564e-05	0.081072	supercritical
408.00	399.00	171.35	0.0058361	806.80	1039.7	4.0142	2.1418	3.2272	700.78	0.029959	2.3546e-05	0.081116	supercritical
409.00	399.00	170.86	0.0058527	809.36	1042.9	4.0221	2.1448	3.2273	700.71	0.029894	2.3529e-05	0.081162	supercritical
410.00	399.00	170.38	0.0058694	811.93	1046.1	4.0299	2.1478	3.2275	700.65	0.029827	2.3512e-05	0.081209	supercritical
411.00	399.00	169.89	0.0058861	814.49	1049.3	4.0378	2.1509	3.2276	700.60	0.029758	2.3495e-05	0.081257	supercritical
412.00	399.00	169.41	0.0059027	817.05	1052.6	4.0456	2.1539	3.2279	700.55	0.029687	2.3478e-05	0.081306	supercritical
413.00	399.00	168.94	0.0059194	819.62	1055.8	4.0535	2.1570	3.2281	700.51	0.029614	2.3462e-05	0.081357	supercritical
414.00	399.00	168.46	0.0059360	822.18	1059.0	4.0613	2.1601	3.2284	700.48	0.029540	2.3447e-05	0.081409	supercritical
415.00	399.00	167.99	0.0059526	824.74	1062.3	4.0691	2.1632	3.2286	700.45	0.029464	2.3431e-05	0.081462	supercritical
416.00	399.00	167.52	0.0059693	827.31	1065.5	4.0768	2.1663	3.2289	700.42	0.029386	2.3416e-05	0.081517	supercritical
417.00	399.00	167.06	0.0059859	829.87	1068.7	4.0846	2.1694	3.2293	700.40	0.029306	2.3402e-05	0.081572	supercritical
418.00	399.00	166.60	0.0060025	832.44	1071.9	4.0923	2.1725	3.2296	700.39	0.029224	2.3388e-05	0.081629	supercritical
419.00	399.00	166.14	0.0060191	835.01	1075.2	4.1000	2.1756	3.2300	700.38	0.029141	2.3374e-05	0.081687	supercritical
420.00	399.00	165.68	0.0060358	837.58	1078.4	4.1077	2.1787	3.2304	700.38	0.029057	2.3360e-05	0.081746	supercritical
421.00	399.00	165.22	0.0060524	840.14	1081.6	4.1154	2.1818	3.2309	700.38	0.028971	2.3347e-05	0.081807	supercritical
422.00	399.00	164.77	0.0060690	842.71	1084.9	4.1231	2.1850	3.2313	700.39	0.028883	2.3334e-05	0.081868	supercritical
423.00	399.00	164.32	0.0060855	845.28	1088.1	4.1307	2.1881	3.2318	700.40	0.028794	2.3322e-05	0.081931	supercritical
424.00	399.00	163.88	0.0061021	847.85	1091.3	4.1384	2.1913	3.2323	700.42	0.028703	2.3310e-05	0.081995	supercritical
425.00	399.00	163.43	0.0061187	850.42	1094.6	4.1460	2.1944	3.2328	700.44	0.028611	2.3298e-05	0.082060	supercritical
426.00	399.00	162.99	0.0061353	853.00	1097.8	4.1536	2.1976	3.2334	700.47	0.028517	2.3286e-05	0.082126	supercritical
427.00	399.00	162.55	0.0061518	855.57	1101.0	4.1612	2.2008	3.2340	700.50	0.028423	2.3275e-05	0.082193	supercritical
428.00	399.00	162.12	0.0061684	858.14	1104.3	4.1687	2.2039	3.2345	700.53	0.028327	2.3264e-05	0.082261	supercritical
429.00	399.00	161.68	0.0061849	860.72	1107.5	4.1763	2.2071	3.2352	700.57	0.028229	2.3254e-05	0.082331	supercritical
430.00	399.00	161.25	0.0062015	863.29	1110.7	4.1838	2.2103	3.2358	700.62	0.028130	2.3243e-05	0.082401	supercritical
431.00	399.00	160.82	0.0062180	865.87	1114.0	4.1913	2.2135	3.2365	700.67	0.028030	2.3233e-05	0.082473	supercritical
432.00	399.00	160.40	0.0062345	868.45	1117.2	4.1988	2.2167	3.2372	700.72	0.027929	2.3224e-05	0.082545	supercritical
433.00	399.00	159.97	0.0062511	871.02	1120.4	4.2063	2.2199	3.2379	700.78	0.027827	2.3214e-05	0.082619	supercritical
434.00	399.00	159.55	0.0062676	873.60	1123.7	4.2138	2.2232	3.2386	700.84	0.027724	2.3205e-05	0.082694	supercritical
435.00	399.00	159.13	0.0062841	876.18	1126.9	4.2212	2.2264	3.2394	700.91	0.027619	2.3196e-05	0.082769	supercritical
436.00	399.00	158.72	0.0063006	878.77	1130.2	4.2287	2.2296	3.2401	700.98	0.027513	2.3188e-05	0.082846	supercritical
437.00	399.00	158.30	0.0063171	881.35	1133.4	4.2361	2.2329	3.2409	701.05	0.027407	2.3180e-05	0.082924	supercritical
438.00	399.00	157.89	0.0063336	883.93	1136.6	4.2435	2.2361	3.2417	701.13	0.027299	2.3172e-05	0.083003	supercritical
439.00	399.00	157.48	0.0063500	886.52	1139.9	4.2509	2.2394	3.2426	701.21	0.027190	2.3164e-05	0.083082	supercritical
440.00	399.00	157.07	0.0063665	889.10	1143.1	4.2583	2.2426	3.2434	701.30	0.027080	2.3157e-05	0.083163	supercritical
441.00	399.00	156.67	0.0063830	891.69	1146.4	4.2656	2.2459	3.2443	701.39	0.026970	2.3149e-05	0.083245	supercritical
442.00	399.00	156.26	0.0063994	894.28	1149.6	4.2730	2.2491	3.2452	701.48	0.026858	2.3143e-05	0.083328	supercritical
443.00	399.00	155.86	0.0064159	896.87	1152.9	4.2803	2.2524	3.2462	701.58	0.026746	2.3136e-05	0.083411	supercritical
444.00	399.00	155.47	0.0064323	899.46	1156.1	4.2877	2.2557	3.2471	701.68	0.026632	2.3130e-05	0.083496	supercritical
445.00	399.00	155.07	0.0064487	902.05	1159.4	4.2950	2.2590	3.2481	701.79	0.026518	2.3124e-05	0.083582	supercritical
446.00	399.00	154.68	0.0064652	904.64	1162.6	4.3022	2.2623	3.2490	701.89	0.026403	2.3118e-05	0.083668	supercritical
447.00	399.00	154.28	0.0064816	907.24	1165.9	4.3095	2.2656	3.2501	702.01	0.026287	2.3112e-05	0.083756	supercritical
448.00	399.00	153.89	0.0064980	909.83	1169.1	4.3168	2.2689	3.2511	702.12	0.026171	2.3107e-05	0.083844	supercritical
449.00	399.00	153.51	0.0065144	912.43	1172.4	4.3240	2.2722	3.2521	702.24	0.026053	2.3102e-05	0.083934	supercritical
450.00	399.00	153.12	0.0065308	915.03	1175.6	4.3313	2.2755	3.2532	702.36	0.025935	2.3097e-05	0.084024	supercritical
451.00	399.00	152.74	0.0065472	917.63	1178.9	4.3385	2.2788	3.2543	702.49	0.025816	2.3092e-05	0.084115	supercritical
452.00	399.00	152.36	0.0065635	920.23	1182.1	4.3457	2.2821	3.2554	702.61	0.025697	2.3088e-05	0.084207	supercritical
453.00	399.00	151.98	0.0065799	922.83	1185.4	4.3529	2.2854	3.2565	702.75	0.025577	2.3083e-05	0.084300	supercritical
454.00	399.00	151.60	0.0065963	925.44	1188.6	4.3601	2.2888	3.2576	702.88	0.025456	2.3079e-05	0.084394	supercritical
455.00	399.00	151.23	0.0066126	928.04	1191.9	4.3673	2.2921	3.2588	703.02	0.025334	2.3076e-05	0.084489	supercritical
456.00	399.00	150.85	0.0066290	930.65	1195.1	4.3744	2.2954	3.2600	703.16	0.025212	2.3072e-05	0.084585	supercritical
457.00	399.00	150.48	0.0066453	933.26	1198.4	4.3816	2.2988	3.2612	703.30	0.025090	2.3069e-05	0.084681	supercritical
458.00	399.00	150.11	0.0066616	935.87	1201.7	4.3887	2.3021	3.2624	703.45	0.024966	2.3066e-05	0.084779	supercritical
459.00	399.00	149.75	0.0066779	938.48	1204.9	4.3958	2.3055	3.2636	703.60	0.024843	2.3063e-05	0.084877	supercritical
460.00	399.00	149.38	0.0066943	941.09	1208.2	4.4029	2.3088	3.2649	703.75	0.024718	2.3060e-05	0.084976	supercritical
461.00	399.00	149.02	0.0067106	943.71	1211.5	4.4100	2.3122	3.2661	703.91	0.024593	2.3058e-05	0.085076	supercritical
462.00	399.00	148.66	0.0067269	946.33	1214.7	4.4171	2.3156	3.2674	704.07	0.024468	2.3056e-05	0.085177	supercritical
463.00	399.00	148.30	0.0067431	948.94	1218.0	4.4241	2.3189	3.2687	704.23	0.024342	2.3054e-05	0.085278	supercritical
464.00	399.00	147.94	0.0067594	951.56	1221.3	4.4312	2.3223	3.2701	704.39	0.024216	2.3052e-05	0.085381	supercritical
465.00	399.00	147.59	0.0067757	954.19	1224.5	4.4382	2.3257	3.2714	704.56	0.024090	2.3050e-05	0.085484	supercritical
466.00	399.00	147.23	0.0067920	956.81	1227.8	4.4453	2.3291	3.2728	704.73	0.023962	2.3049e-05	0.085588	supercritical
467.00	399.00	146.88	0.0068082	959.43	1231.1	4.4523	2.3324	3.2741	704.90	0.023835	2.3047e-05	0.085693	supercritical
468.00	399.00	146.53	0.0068245	962.06	1234.4	4.4593	2.3358	3.2755	705.07	0.023707	2.3046e-05	0.085798	supercritical
469.00	399.00	146.18	0.0068407	964.69	1237.6	4.4663	2.3392	3.2769	705.25	0.023579	2.3045e-05	0.085905	supercritical
470.00	399.00	145.84	0.0068569	967.32	1240.9	4.4733	2.3426	3.2784	705.43	0.023450	2.3045e-05	0.086012	supercritical
471.00	399.00	145.49	0.0068731	969.95	1244.2	4.4802	2.3460	3.2798	705.61	0.023321	2.3044e-05	0.086120	supercritical
472.00	399.00	145.15	0.0068894	972.58	1247.5	4.4872	2.3494	3.2812	705.79	0.023192	2.3044e-05	0.086229	supercritical
473.00	399.00	144.81	0.0069056	975.22	1250.8	4.4941	2.3528	3.2827	705.98	0.023063	2.3044e-05	0.086338	supercritical
474.00	399.00	144.47	0.0069218	977.86	1254.0	4.5011	2.3562	3.2842	706.17	0.022933	2.3044e-05	0.086449	supercritical
475.00	399.00	144.14	0.0069379	980.50	1257.3	4.5080	2.3596	3.2857	706.36	0.022803	2.3044e-05	0.086560	supercritical
476.00	399.00	143.80	0.0069541	983.14	1260.6	4.5149	2.3631	3.2872	706.55	0.022672	2.3045e-05	0.086671	supercritical
477.00	399.00	143.47	0.0069703	985.78	1263.9	4.5218	2.3665	3.2888	706.75	0.022541	2.3045e-05	0.086784	supercritical
478.00	399.00	143.13	0.0069865	988.43	1267.2	4.5287	2.3699	3.2903	706.95	0.022411	2.3046e-05	0.086897	supercritical
479.00	399.00	142.80	0.0070026	991.07	1270.5	4.5356	2.3733	3.2919	707.15	0.022280	2.3047e-05	0.087011	supercritical
480.00	399.00	142.48	0.0070188	993.72	1273.8	4.5424	2.3767	3.2935	707.35	0.022148	2.3048e-05	0.087126	supercritical
481.00	399.00	142.15	0.0070349	996.37	1277.1	4.5493	2.3802	3.2951	707.55	0.022017	2.3049e-05	0.087241	supercritical
482.00	399.00	141.82	0.0070510	999.02	1280.4	4.5561	2.3836	3.2967	707.76	0.021885	2.3050e-05	0.087358	supercritical
483.00	399.00	141.50	0.0070671	1001.7	1283.7	4.5630	2.3870	3.2983	707.97	0.021753	2.3052e-05	0.087474	supercritical
484.00	399.00	141.18	0.0070833	1004.3	1287.0	4.5698	2.3905	3.2999	708.18	0.021621	2.3054e-05	0.087592	supercritical
485.00	399.00	140.86	0.0070994	1007.0	1290.3	4.5766	2.3939	3.3016	708.39	0.021489	2.3056e-05	0.087710	supercritical
486.00	399.00	140.54	0.0071155	1009.7	1293.6	4.5834	2.3974	3.3033	708.61	0.021357	2.3058e-05	0.087829	supercritical
487.00	399.00	140.22	0.0071315	1012.3	1296.9	4.5902	2.4008	3.3049	708.82	0.021224	2.3060e-05	0.087949	supercritical
488.00	399.00	139.91	0.0071476	1015.0	1300.2	4.5970	2.4043	3.3066	709.04	0.021092	2.3062e-05	0.088069	supercritical
489.00	399.00	139.59	0.0071637	1017.6	1303.5	4.6038	2.4077	3.3083	709.26	0.020959	2.3065e-05	0.088190	supercritical
490.00	399.00	139.28	0.0071798	1020.3	1306.8	4.6105	2.4112	3.3101	709.49	0.020826	2.3067e-05	0.088312	supercritical
491.00	399.00	138.97	0.0071958	1023.0	1310.1	4.6173	2.4146	3.3118	709.71	0.020694	2.3070e-05	0.088434	supercritical
492.00	399.00	138.66	0.0072119	1025.7	1313.4	4.6240	2.4181	3.3136	709.94	0.020561	2.3073e-05	0.088557	supercritical
493.00	399.00	138.35	0.0072279	1028.3	1316.7	4.6307	2.4215	3.3153	710.16	0.020428	2.3076e-05	0.088681	supercritical
494.00	399.00	138.05	0.0072439	1031.0	1320.0	4.6375	2.4250	3.3171	710.39	0.020295	2.3079e-05	0.088805	supercritical
495.00	399.00	137.74	0.0072600	1033.7	1323.4	4.6442	2.4285	3.3189	710.62	0.020162	2.3083e-05	0.088930	supercritical
496.00	399.00	137.44	0.0072760	1036.4	1326.7	4.6509	2.4319	3.3207	710.86	0.020029	2.3086e-05	0.089056	supercritical
497.00	399.00	137.14	0.0072920	1039.0	1330.0	4.6576	2.4354	3.3225	711.09	0.019896	2.3090e-05	0.089182	supercritical
498.00	399.00	136.84	0.0073080	1041.7	1333.3	4.6642	2.4389	3.3243	711.33	0.019763	2.3094e-05	0.089309	supercritical
499.00	399.00	136.54	0.0073240	1044.4	1336.6	4.6709	2.4424	3.3262	711.57	0.019629	2.3098e-05	0.089436	supercritical
500.00	399.00	136.24	0.0073399	1047.1	1340.0	4.6776	2.4458	3.3280	711.81	0.019496	2.3102e-05	0.089564	supercritical
501.00	399.00	135.94	0.0073559	1049.8	1343.3	4.6842	2.4493	3.3299	712.05	0.019363	2.3106e-05	0.089693	supercritical
502.00	399.00	135.65	0.0073719	1052.5	1346.6	4.6909	2.4528	3.3318	712.29	0.019230	2.3110e-05	0.089822	supercritical
503.00	399.00	135.36	0.0073878	1055.2	1350.0	4.6975	2.4563	3.3337	712.54	0.019097	2.3114e-05	0.089952	supercritical
504.00	399.00	135.07	0.0074038	1057.9	1353.3	4.7041	2.4597	3.3356	712.78	0.018964	2.3119e-05	0.090083	supercritical
505.00	399.00	134.78	0.0074197	1060.6	1356.6	4.7107	2.4632	3.3375	713.03	0.018832	2.3124e-05	0.090214	supercritical
506.00	399.00	134.49	0.0074357	1063.3	1360.0	4.7173	2.4667	3.3394	713.28	0.018699	2.3129e-05	0.090346	supercritical
507.00	399.00	134.20	0.0074516	1066.0	1363.3	4.7239	2.4702	3.3413	713.53	0.018566	2.3133e-05	0.090478	supercritical
508.00	399.00	133.91	0.0074675	1068.7	1366.7	4.7305	2.4737	3.3433	713.78	0.018433	2.3138e-05	0.090611	supercritical
509.00	399.00	133.63	0.0074834	1071.4	1370.0	4.7371	2.4772	3.3452	714.03	0.018301	2.3144e-05	0.090745	supercritical
510.00	399.00	133.35	0.0074993	1074.1	1373.3	4.7437	2.4807	3.3472	714.29	0.018168	2.3149e-05	0.090879	supercritical
511.00	399.00	133.06	0.0075152	1076.8	1376.7	4.7502	2.4842	3.3492	714.55	0.018036	2.3154e-05	0.091013	supercritical
512.00	399.00	132.78	0.0075311	1079.6	1380.0	4.7568	2.4877	3.3512	714.80	0.017903	2.3160e-05	0.091149	supercritical
513.00	399.00	132.50	0.0075470	1082.3	1383.4	4.7633	2.4912	3.3532	715.06	0.017771	2.3165e-05	0.091285	supercritical
514.00	399.00	132.23	0.0075628	1085.0	1386.8	4.7698	2.4947	3.3552	715.32	0.017639	2.3171e-05	0.091421	supercritical
515.00	399.00	131.95	0.0075787	1087.7	1390.1	4.7764	2.4982	3.3572	715.58	0.017507	2.3177e-05	0.091558	supercritical
516.00	399.00	131.67	0.0075946	1090.4	1393.5	4.7829	2.5017	3.3593	715.85	0.017375	2.3183e-05	0.091695	supercritical
517.00	399.00	131.40	0.0076104	1093.2	1396.8	4.7894	2.5052	3.3613	716.11	0.017244	2.3189e-05	0.091833	supercritical
518.00	399.00	131.13	0.0076262	1095.9	1400.2	4.7959	2.5087	3.3634	716.38	0.017112	2.3195e-05	0.091972	supercritical
519.00	399.00	130.85	0.0076421	1098.6	1403.6	4.8024	2.5122	3.3654	716.64	0.016981	2.3202e-05	0.092111	supercritical
520.00	399.00	130.58	0.0076579	1101.4	1406.9	4.8088	2.5157	3.3675	716.91	0.016849	2.3208e-05	0.092251	supercritical
521.00	399.00	130.32	0.0076737	1104.1	1410.3	4.8153	2.5192	3.3696	717.18	0.016718	2.3214e-05	0.092391	supercritical
522.00	399.00	130.05	0.0076895	1106.8	1413.7	4.8218	2.5227	3.3717	717.45	0.016587	2.3221e-05	0.092532	supercritical
523.00	399.00	129.78	0.0077053	1109.6	1417.0	4.8282	2.5262	3.3738	717.72	0.016456	2.3228e-05	0.092673	supercritical
524.00	399.00	129.52	0.0077211	1112.3	1420.4	4.8347	2.5297	3.3759	718.00	0.016326	2.3235e-05	0.092815	supercritical
525.00	399.00	129.25	0.0077369	1115.1	1423.8	4.8411	2.5332	3.3780	718.27	0.016195	2.3241e-05	0.092957	supercritical
526.00	399.00	128.99	0.0077527	1117.8	1427.2	4.8476	2.5367	3.3802	718.54	0.016065	2.3248e-05	0.093100	supercritical
527.00	399.00	128.73	0.0077684	1120.6	1430.5	4.8540	2.5402	3.3823	718.82	0.015935	2.3256e-05	0.093243	supercritical
528.00	399.00	128.47	0.0077842	1123.3	1433.9	4.8604	2.5437	3.3845	719.10	0.015805	2.3263e-05	0.093387	supercritical
529.00	399.00	128.21	0.0077999	1126.1	1437.3	4.8668	2.5472	3.3866	719.38	0.015676	2.3270e-05	0.093532	supercritical
530.00	399.00	127.95	0.0078157	1128.9	1440.7	4.8732	2.5508	3.3888	719.66	0.015546	2.3277e-05	0.093677	supercritical
531.00	399.00	127.69	0.0078314	1131.6	1444.1	4.8796	2.5543	3.3910	719.94	0.015417	2.3285e-05	0.093822	supercritical
532.00	399.00	127.43	0.0078471	1134.4	1447.5	4.8860	2.5578	3.3932	720.22	0.015288	2.3293e-05	0.093968	supercritical
533.00	399.00	127.18	0.0078629	1137.2	1450.9	4.8923	2.5613	3.3953	720.50	0.015159	2.3300e-05	0.094114	supercritical
534.00	399.00	126.93	0.0078786	1139.9	1454.3	4.8987	2.5648	3.3976	720.78	0.015031	2.3308e-05	0.094261	supercritical
535.00	399.00	126.67	0.0078943	1142.7	1457.7	4.9051	2.5683	3.3998	721.07	0.014902	2.3316e-05	0.094408	supercritical
536.00	399.00	126.42	0.0079100	1145.5	1461.1	4.9114	2.5718	3.4020	721.35	0.014774	2.3324e-05	0.094556	supercritical
537.00	399.00	126.17	0.0079257	1148.2	1464.5	4.9178	2.5754	3.4042	721.64	0.014646	2.3332e-05	0.094705	supercritical
538.00	399.00	125.92	0.0079414	1151.0	1467.9	4.9241	2.5789	3.4065	721.93	0.014518	2.3340e-05	0.094853	supercritical
539.00	399.00	125.67	0.0079570	1153.8	1471.3	4.9304	2.5824	3.4087	722.22	0.014391	2.3348e-05	0.095003	supercritical
540.00	399.00	125.43	0.0079727	1156.6	1474.7	4.9367	2.5859	3.4110	722.51	0.014264	2.3356e-05	0.095152	supercritical
541.00	399.00	125.18	0.0079884	1159.4	1478.1	4.9431	2.5894	3.4132	722.80	0.014137	2.3365e-05	0.095303	supercritical
542.00	399.00	124.94	0.0080040	1162.2	1481.5	4.9494	2.5930	3.4155	723.09	0.014010	2.3373e-05	0.095453	supercritical
543.00	399.00	124.69	0.0080197	1165.0	1484.9	4.9557	2.5965	3.4178	723.38	0.013884	2.3382e-05	0.095604	supercritical
544.00	399.00	124.45	0.0080353	1167.8	1488.4	4.9619	2.6000	3.4201	723.67	0.013758	2.3390e-05	0.095756	supercritical
545.00	399.00	124.21	0.0080509	1170.6	1491.8	4.9682	2.6035	3.4224	723.97	0.013632	2.3399e-05	0.095908	supercritical
546.00	399.00	123.97	0.0080666	1173.4	1495.2	4.9745	2.6070	3.4247	724.26	0.013506	2.3408e-05	0.096061	supercritical
547.00	399.00	123.73	0.0080822	1176.2	1498.6	4.9808	2.6106	3.4270	724.56	0.013381	2.3417e-05	0.096213	supercritical
548.00	399.00	123.49	0.0080978	1179.0	1502.1	4.9870	2.6141	3.4293	724.85	0.013256	2.3426e-05	0.096367	supercritical
549.00	399.00	123.25	0.0081134	1181.8	1505.5	4.9933	2.6176	3.4316	725.15	0.013131	2.3435e-05	0.096521	supercritical
550.00	399.00	123.02	0.0081290	1184.6	1508.9	4.9995	2.6211	3.4339	725.45	0.013006	2.3444e-05	0.096675	supercritical
551.00	399.00	122.78	0.0081446	1187.4	1512.4	5.0058	2.6246	3.4363	725.75	0.012882	2.3453e-05	0.096830	supercritical
552.00	399.00	122.55	0.0081602	1190.2	1515.8	5.0120	2.6282	3.4386	726.05	0.012758	2.3462e-05	0.096985	supercritical
553.00	399.00	122.31	0.0081757	1193.0	1519.2	5.0182	2.6317	3.4410	726.35	0.012634	2.3472e-05	0.097140	supercritical
554.00	399.00	122.08	0.0081913	1195.8	1522.7	5.0245	2.6352	3.4433	726.65	0.012511	2.3481e-05	0.097296	supercritical
555.00	399.00	121.85	0.0082069	1198.7	1526.1	5.0307	2.6387	3.4457	726.95	0.012388	2.3490e-05	0.097453	supercritical
556.00	399.00	121.62	0.0082224	1201.5	1529.6	5.0369	2.6422	3.4481	727.25	0.012265	2.3500e-05	0.097610	supercritical
557.00	399.00	121.39	0.0082380	1204.3	1533.0	5.0431	2.6458	3.4505	727.55	0.012142	2.3510e-05	0.097767	supercritical
558.00	399.00	121.16	0.0082535	1207.2	1536.5	5.0493	2.6493	3.4528	727.86	0.012020	2.3519e-05	0.097925	supercritical
559.00	399.00	120.93	0.0082690	1210.0	1539.9	5.0554	2.6528	3.4552	728.16	0.011898	2.3529e-05	0.098083	supercritical
560.00	399.00	120.71	0.0082846	1212.8	1543.4	5.0616	2.6563	3.4576	728.47	0.011777	2.3539e-05	0.098241	supercritical
561.00	399.00	120.48	0.0083001	1215.7	1546.8	5.0678	2.6598	3.4600	728.78	0.011655	2.3549e-05	0.098400	supercritical
562.00	399.00	120.26	0.0083156	1218.5	1550.3	5.0740	2.6634	3.4625	729.08	0.011534	2.3559e-05	0.098559	supercritical
563.00	399.00	120.03	0.0083311	1221.4	1553.8	5.0801	2.6669	3.4649	729.39	0.011413	2.3569e-05	0.098719	supercritical
564.00	399.00	119.81	0.0083466	1224.2	1557.2	5.0863	2.6704	3.4673	729.70	0.011293	2.3579e-05	0.098879	supercritical
565.00	399.00	119.59	0.0083621	1227.1	1560.7	5.0924	2.6739	3.4697	730.01	0.011173	2.3589e-05	0.099040	supercritical
566.00	399.00	119.37	0.0083776	1229.9	1564.2	5.0985	2.6774	3.4722	730.32	0.011053	2.3599e-05	0.099201	supercritical
567.00	399.00	119.15	0.0083930	1232.8	1567.6	5.1047	2.6809	3.4746	730.63	0.010933	2.3609e-05	0.099362	supercritical
568.00	399.00	118.93	0.0084085	1235.6	1571.1	5.1108	2.6845	3.4771	730.94	0.010814	2.3620e-05	0.099524	supercritical
569.00	399.00	118.71	0.0084240	1238.5	1574.6	5.1169	2.6880	3.4795	731.25	0.010695	2.3630e-05	0.099686	supercritical
570.00	399.00	118.49	0.0084394	1241.3	1578.1	5.1230	2.6915	3.4820	731.56	0.010577	2.3641e-05	0.099848	supercritical
571.00	399.00	118.28	0.0084549	1244.2	1581.6	5.1291	2.6950	3.4844	731.87	0.010459	2.3651e-05	0.10001	supercritical
572.00	399.00	118.06	0.0084703	1247.1	1585.0	5.1352	2.6985	3.4869	732.19	0.010341	2.3662e-05	0.10017	supercritical
573.00	399.00	117.84	0.0084857	1250.0	1588.5	5.1413	2.7020	3.4894	732.50	0.010223	2.3672e-05	0.10034	supercritical
574.00	399.00	117.63	0.0085012	1252.8	1592.0	5.1474	2.7056	3.4919	732.81	0.010106	2.3683e-05	0.10050	supercritical
575.00	399.00	117.42	0.0085166	1255.7	1595.5	5.1535	2.7091	3.4944	733.13	0.0099887	2.3694e-05	0.10067	supercritical
576.00	399.00	117.21	0.0085320	1258.6	1599.0	5.1596	2.7126	3.4969	733.44	0.0098720	2.3705e-05	0.10083	supercritical
577.00	399.00	116.99	0.0085474	1261.5	1602.5	5.1656	2.7161	3.4994	733.76	0.0097557	2.3716e-05	0.10100	supercritical
578.00	399.00	116.78	0.0085628	1264.4	1606.0	5.1717	2.7196	3.5019	734.08	0.0096397	2.3727e-05	0.10116	supercritical
579.00	399.00	116.57	0.0085782	1267.2	1609.5	5.1778	2.7231	3.5044	734.39	0.0095240	2.3738e-05	0.10133	supercritical
580.00	399.00	116.37	0.0085936	1270.1	1613.0	5.1838	2.7266	3.5069	734.71	0.0094087	2.3749e-05	0.10149	supercritical
581.00	399.00	116.16	0.0086090	1273.0	1616.5	5.1899	2.7301	3.5094	735.03	0.0092937	2.3760e-05	0.10166	supercritical
582.00	399.00	115.95	0.0086244	1275.9	1620.0	5.1959	2.7337	3.5119	735.35	0.0091790	2.3771e-05	0.10183	supercritical
583.00	399.00	115.74	0.0086397	1278.8	1623.6	5.2019	2.7372	3.5145	735.67	0.0090646	2.3782e-05	0.10199	supercritical
584.00	399.00	115.54	0.0086551	1281.7	1627.1	5.2079	2.7407	3.5170	735.99	0.0089506	2.3793e-05	0.10216	supercritical
585.00	399.00	115.33	0.0086704	1284.6	1630.6	5.2140	2.7442	3.5195	736.31	0.0088369	2.3805e-05	0.10233	supercritical
586.00	399.00	115.13	0.0086858	1287.5	1634.1	5.2200	2.7477	3.5221	736.63	0.0087235	2.3816e-05	0.10250	supercritical
587.00	399.00	114.93	0.0087011	1290.5	1637.6	5.2260	2.7512	3.5246	736.95	0.0086105	2.3827e-05	0.10267	supercritical
588.00	399.00	114.73	0.0087165	1293.4	1641.2	5.2320	2.7547	3.5272	737.27	0.0084978	2.3839e-05	0.10284	supercritical
589.00	399.00	114.52	0.0087318	1296.3	1644.7	5.2380	2.7582	3.5297	737.59	0.0083854	2.3851e-05	0.10301	supercritical
590.00	399.00	114.32	0.0087471	1299.2	1648.2	5.2440	2.7617	3.5323	737.91	0.0082734	2.3862e-05	0.10317	supercritical
591.00	399.00	114.12	0.0087625	1302.1	1651.8	5.2500	2.7652	3.5349	738.24	0.0081617	2.3874e-05	0.10334	supercritical
592.00	399.00	113.92	0.0087778	1305.1	1655.3	5.2559	2.7687	3.5374	738.56	0.0080503	2.3885e-05	0.10352	supercritical
593.00	399.00	113.73	0.0087931	1308.0	1658.8	5.2619	2.7722	3.5400	738.88	0.0079393	2.3897e-05	0.10369	supercritical
594.00	399.00	113.53	0.0088084	1310.9	1662.4	5.2679	2.7757	3.5426	739.21	0.0078286	2.3909e-05	0.10386	supercritical
595.00	399.00	113.33	0.0088237	1313.8	1665.9	5.2738	2.7792	3.5452	739.53	0.0077183	2.3921e-05	0.10403	supercritical
596.00	399.00	113.14	0.0088389	1316.8	1669.5	5.2798	2.7827	3.5478	739.86	0.0076083	2.3933e-05	0.10420	supercritical
597.00	399.00	112.94	0.0088542	1319.7	1673.0	5.2857	2.7862	3.5504	740.18	0.0074986	2.3945e-05	0.10437	supercritical
598.00	399.00	112.75	0.0088695	1322.7	1676.6	5.2917	2.7897	3.5530	740.51	0.0073893	2.3957e-05	0.10454	supercritical
599.00	399.00	112.55	0.0088848	1325.6	1680.1	5.2976	2.7932	3.5556	740.83	0.0072803	2.3969e-05	0.10472	supercritical
600.00	399.00	112.36	0.0089000	1328.6	1683.7	5.3036	2.7967	3.5582	741.16	0.0071716	2.3981e-05	0.10489	supercritical
601.00	399.00	112.17	0.0089153	1331.5	1687.2	5.3095	2.8002	3.5608	741.49	0.0070633	2.3993e-05	0.10506	supercritical
602.00	399.00	111.98	0.0089305	1334.5	1690.8	5.3154	2.8037	3.5634	741.81	0.0069553	2.4005e-05	0.10524	supercritical
603.00	399.00	111.78	0.0089458	1337.4	1694.4	5.3213	2.8072	3.5660	742.14	0.0068477	2.4017e-05	0.10541	supercritical
604.00	399.00	111.59	0.0089610	1340.4	1697.9	5.3272	2.8107	3.5686	742.47	0.0067403	2.4029e-05	0.10559	supercritical
605.00	399.00	111.41	0.0089762	1343.3	1701.5	5.3331	2.8142	3.5712	742.80	0.0066334	2.4042e-05	0.10576	supercritical
606.00	399.00	111.22	0.0089915	1346.3	1705.1	5.3390	2.8176	3.5739	743.13	0.0065268	2.4054e-05	0.10593	supercritical
607.00	399.00	111.03	0.0090067	1349.3	1708.6	5.3449	2.8211	3.5765	743.46	0.0064205	2.4066e-05	0.10611	supercritical
608.00	399.00	110.84	0.0090219	1352.2	1712.2	5.3508	2.8246	3.5791	743.79	0.0063145	2.4079e-05	0.10629	supercritical
609.00	399.00	110.65	0.0090371	1355.2	1715.8	5.3567	2.8281	3.5818	744.12	0.0062089	2.4091e-05	0.10646	supercritical
610.00	399.00	110.47	0.0090523	1358.2	1719.4	5.3626	2.8316	3.5844	744.45	0.0061036	2.4104e-05	0.10664	supercritical
611.00	399.00	110.28	0.0090675	1361.2	1723.0	5.3685	2.8351	3.5870	744.78	0.0059987	2.4116e-05	0.10681	supercritical
612.00	399.00	110.10	0.0090827	1364.2	1726.6	5.3743	2.8385	3.5897	745.11	0.0058941	2.4129e-05	0.10699	supercritical
613.00	399.00	109.92	0.0090979	1367.1	1730.1	5.3802	2.8420	3.5923	745.44	0.0057899	2.4142e-05	0.10717	supercritical
614.00	399.00	109.73	0.0091131	1370.1	1733.7	5.3860	2.8455	3.5950	745.77	0.0056859	2.4154e-05	0.10734	supercritical
615.00	399.00	109.55	0.0091282	1373.1	1737.3	5.3919	2.8490	3.5977	746.10	0.0055824	2.4167e-05	0.10752	supercritical
616.00	399.00	109.37	0.0091434	1376.1	1740.9	5.3977	2.8525	3.6003	746.43	0.0054791	2.4180e-05	0.10770	supercritical
617.00	399.00	109.19	0.0091586	1379.1	1744.5	5.4036	2.8559	3.6030	746.76	0.0053762	2.4192e-05	0.10788	supercritical
618.00	399.00	109.01	0.0091737	1382.1	1748.1	5.4094	2.8594	3.6057	747.10	0.0052737	2.4205e-05	0.10806	supercritical
619.00	399.00	108.83	0.0091889	1385.1	1751.8	5.4153	2.8629	3.6083	747.43	0.0051714	2.4218e-05	0.10823	supercritical
620.00	399.00	108.65	0.0092040	1388.1	1755.4	5.4211	2.8664	3.6110	747.76	0.0050695	2.4231e-05	0.10841	supercritical
621.00	399.00	108.47	0.0092191	1391.1	1759.0	5.4269	2.8698	3.6137	748.10	0.0049680	2.4244e-05	0.10859	supercritical
622.00	399.00	108.29	0.0092343	1394.1	1762.6	5.4327	2.8733	3.6164	748.43	0.0048668	2.4257e-05	0.10877	supercritical
623.00	399.00	108.12	0.0092494	1397.2	1766.2	5.4385	2.8768	3.6190	748.76	0.0047659	2.4270e-05	0.10895	supercritical
624.00	399.00	107.94	0.0092645	1400.2	1769.8	5.4443	2.8802	3.6217	749.10	0.0046654	2.4283e-05	0.10913	supercritical
625.00	399.00	107.76	0.0092796	1403.2	1773.4	5.4501	2.8837	3.6244	749.43	0.0045652	2.4296e-05	0.10931	supercritical
