Temperature (K)	Pressure (bar)	Density (kg/m3)	Volume (m3/kg)	Internal Energy (kJ/kg)	Enthalpy (kJ/kg)	Entropy (J/g*K)	Cv (J/g*K)	Cp (J/g*K)	Sound Spd. (m/s)	Joule-Thomson (K/bar)	Viscosity (Pa*s)	Therm. Cond. (W/m*K)	Phase
106.00	618.00	467.81	0.0021376	-51.746	80.358	-0.52827	2.2116	3.1945	1775.7	-0.052295	0.00023823	0.24446	liquid
107.00	618.00	466.85	0.0021420	-48.825	83.552	-0.49828	2.2074	3.1940	1769.9	-0.052255	0.00023134	0.24347	liquid
108.00	618.00	465.89	0.0021464	-45.905	86.746	-0.46857	2.2033	3.1935	1764.2	-0.052214	0.00022482	0.24247	liquid
109.00	618.00	464.92	0.0021509	-42.986	89.939	-0.43914	2.1992	3.1930	1758.5	-0.052171	0.00021867	0.24147	liquid
110.00	618.00	463.96	0.0021553	-40.069	93.132	-0.40998	2.1952	3.1925	1752.8	-0.052127	0.00021284	0.24046	liquid
111.00	618.00	463.00	0.0021598	-37.153	96.324	-0.38109	2.1912	3.1920	1747.1	-0.052083	0.00020732	0.23944	liquid
112.00	618.00	462.04	0.0021643	-34.238	99.516	-0.35246	2.1872	3.1915	1741.3	-0.052037	0.00020209	0.23842	liquid
113.00	618.00	461.08	0.0021688	-31.326	102.71	-0.32410	2.1832	3.1910	1735.6	-0.051990	0.00019712	0.23740	liquid
114.00	618.00	460.12	0.0021733	-28.414	105.90	-0.29598	2.1793	3.1905	1729.9	-0.051942	0.00019239	0.23637	liquid
115.00	618.00	459.16	0.0021779	-25.504	109.09	-0.26812	2.1753	3.1900	1724.2	-0.051893	0.00018790	0.23533	liquid
116.00	618.00	458.21	0.0021824	-22.596	112.28	-0.24050	2.1714	3.1895	1718.5	-0.051843	0.00018362	0.23429	liquid
117.00	618.00	457.25	0.0021870	-19.689	115.47	-0.21313	2.1676	3.1889	1712.9	-0.051792	0.00017953	0.23325	liquid
118.00	618.00	456.29	0.0021916	-16.783	118.66	-0.18599	2.1637	3.1884	1707.2	-0.051741	0.00017564	0.23221	liquid
119.00	618.00	455.34	0.0021962	-13.880	121.84	-0.15909	2.1599	3.1878	1701.5	-0.051688	0.00017192	0.23117	liquid
120.00	618.00	454.38	0.0022008	-10.977	125.03	-0.13241	2.1561	3.1873	1695.9	-0.051634	0.00016836	0.23012	liquid
121.00	618.00	453.43	0.0022054	-8.0767	128.22	-0.10596	2.1523	3.1867	1690.2	-0.051580	0.00016496	0.22907	liquid
122.00	618.00	452.47	0.0022101	-5.1777	131.40	-0.079738	2.1485	3.1861	1684.6	-0.051524	0.00016169	0.22802	liquid
123.00	618.00	451.52	0.0022147	-2.2803	134.59	-0.053731	2.1447	3.1856	1679.0	-0.051468	0.00015857	0.22697	liquid
124.00	618.00	450.57	0.0022194	0.61540	137.78	-0.027939	2.1410	3.1850	1673.3	-0.051410	0.00015557	0.22592	liquid
125.00	618.00	449.61	0.0022241	3.5094	140.96	-0.0023596	2.1373	3.1844	1667.7	-0.051352	0.00015269	0.22486	liquid
126.00	618.00	448.66	0.0022288	6.4018	144.14	0.023011	2.1336	3.1837	1662.2	-0.051292	0.00014992	0.22381	liquid
127.00	618.00	447.71	0.0022336	9.2924	147.33	0.048177	2.1299	3.1831	1656.6	-0.051232	0.00014726	0.22276	liquid
128.00	618.00	446.76	0.0022383	12.181	150.51	0.073140	2.1263	3.1825	1651.0	-0.051170	0.00014470	0.22171	liquid
129.00	618.00	445.81	0.0022431	15.069	153.69	0.097905	2.1227	3.1819	1645.5	-0.051108	0.00014223	0.22066	liquid
130.00	618.00	444.86	0.0022479	17.954	156.87	0.12247	2.1191	3.1812	1639.9	-0.051044	0.00013985	0.21961	liquid
131.00	618.00	443.91	0.0022527	20.838	160.06	0.14685	2.1155	3.1806	1634.4	-0.050979	0.00013755	0.21856	liquid
132.00	618.00	442.96	0.0022575	23.719	163.24	0.17103	2.1119	3.1799	1628.9	-0.050913	0.00013534	0.21751	liquid
133.00	618.00	442.01	0.0022624	26.600	166.42	0.19503	2.1084	3.1793	1623.4	-0.050847	0.00013320	0.21646	liquid
134.00	618.00	441.06	0.0022673	29.478	169.59	0.21884	2.1049	3.1786	1617.9	-0.050779	0.00013113	0.21542	liquid
135.00	618.00	440.11	0.0022721	32.354	172.77	0.24247	2.1014	3.1780	1612.5	-0.050710	0.00012913	0.21438	liquid
136.00	618.00	439.17	0.0022770	35.229	175.95	0.26592	2.0979	3.1773	1607.0	-0.050639	0.00012719	0.21333	liquid
137.00	618.00	438.22	0.0022820	38.102	179.13	0.28920	2.0945	3.1766	1601.6	-0.050568	0.00012532	0.21230	liquid
138.00	618.00	437.27	0.0022869	40.973	182.30	0.31230	2.0910	3.1759	1596.2	-0.050495	0.00012350	0.21126	liquid
139.00	618.00	436.33	0.0022919	43.842	185.48	0.33523	2.0876	3.1753	1590.8	-0.050422	0.00012174	0.21023	liquid
140.00	618.00	435.38	0.0022968	46.709	188.65	0.35799	2.0843	3.1746	1585.4	-0.050347	0.00012003	0.20920	liquid
141.00	618.00	434.43	0.0023018	49.574	191.83	0.38058	2.0809	3.1739	1580.1	-0.050271	0.00011837	0.20817	liquid
142.00	618.00	433.49	0.0023069	52.438	195.00	0.40301	2.0776	3.1732	1574.7	-0.050193	0.00011676	0.20715	liquid
143.00	618.00	432.54	0.0023119	55.299	198.17	0.42527	2.0743	3.1726	1569.4	-0.050115	0.00011519	0.20612	liquid
144.00	618.00	431.60	0.0023170	58.159	201.35	0.44738	2.0710	3.1719	1564.1	-0.050035	0.00011367	0.20511	liquid
145.00	618.00	430.66	0.0023220	61.016	204.52	0.46933	2.0678	3.1712	1558.8	-0.049954	0.00011219	0.20409	liquid
146.00	618.00	429.71	0.0023271	63.872	207.69	0.49112	2.0646	3.1706	1553.5	-0.049871	0.00011075	0.20308	liquid
147.00	618.00	428.77	0.0023323	66.726	210.86	0.51276	2.0614	3.1699	1548.3	-0.049788	0.00010935	0.20207	liquid
148.00	618.00	427.83	0.0023374	69.578	214.03	0.53425	2.0582	3.1692	1543.0	-0.049703	0.00010798	0.20107	liquid
149.00	618.00	426.88	0.0023426	72.428	217.20	0.55559	2.0551	3.1686	1537.8	-0.049617	0.00010665	0.20007	liquid
150.00	618.00	425.94	0.0023477	75.276	220.37	0.57678	2.0520	3.1679	1532.6	-0.049529	0.00010536	0.19907	liquid
151.00	618.00	425.00	0.0023529	78.122	223.53	0.59783	2.0489	3.1672	1527.4	-0.049440	0.00010409	0.19808	liquid
152.00	618.00	424.06	0.0023582	80.966	226.70	0.61873	2.0458	3.1666	1522.3	-0.049350	0.00010286	0.19709	liquid
153.00	618.00	423.12	0.0023634	83.808	229.87	0.63949	2.0428	3.1659	1517.1	-0.049258	0.00010166	0.19611	liquid
154.00	618.00	422.18	0.0023687	86.649	233.03	0.66012	2.0398	3.1653	1512.0	-0.049165	0.00010048	0.19513	liquid
155.00	618.00	421.24	0.0023740	89.487	236.20	0.68060	2.0368	3.1646	1506.9	-0.049071	9.9336e-05	0.19416	liquid
156.00	618.00	420.30	0.0023793	92.323	239.36	0.70095	2.0339	3.1640	1501.8	-0.048976	9.8215e-05	0.19319	liquid
157.00	618.00	419.36	0.0023846	95.157	242.53	0.72117	2.0310	3.1634	1496.7	-0.048878	9.7121e-05	0.19222	liquid
158.00	618.00	418.42	0.0023900	97.990	245.69	0.74125	2.0281	3.1627	1491.7	-0.048780	9.6050e-05	0.19126	liquid
159.00	618.00	417.48	0.0023953	100.82	248.85	0.76120	2.0252	3.1621	1486.6	-0.048680	9.5004e-05	0.19031	liquid
160.00	618.00	416.54	0.0024007	103.65	252.01	0.78103	2.0224	3.1615	1481.6	-0.048579	9.3980e-05	0.18935	liquid
161.00	618.00	415.60	0.0024061	106.48	255.17	0.80072	2.0196	3.1609	1476.6	-0.048476	9.2979e-05	0.18841	liquid
162.00	618.00	414.67	0.0024116	109.30	258.33	0.82029	2.0168	3.1603	1471.7	-0.048372	9.1999e-05	0.18747	liquid
163.00	618.00	413.73	0.0024170	112.12	261.49	0.83974	2.0140	3.1597	1466.7	-0.048267	9.1039e-05	0.18653	liquid
164.00	618.00	412.79	0.0024225	114.94	264.65	0.85906	2.0113	3.1591	1461.8	-0.048160	9.0100e-05	0.18560	liquid
165.00	618.00	411.86	0.0024280	117.76	267.81	0.87826	2.0086	3.1585	1456.9	-0.048051	8.9180e-05	0.18467	liquid
166.00	618.00	410.92	0.0024336	120.58	270.97	0.89735	2.0060	3.1579	1452.0	-0.047941	8.8278e-05	0.18375	liquid
167.00	618.00	409.99	0.0024391	123.39	274.13	0.91631	2.0034	3.1574	1447.1	-0.047830	8.7395e-05	0.18283	liquid
168.00	618.00	409.05	0.0024447	126.20	277.29	0.93516	2.0008	3.1568	1442.3	-0.047717	8.6529e-05	0.18192	liquid
169.00	618.00	408.12	0.0024503	129.02	280.44	0.95389	1.9982	3.1563	1437.4	-0.047603	8.5680e-05	0.18101	liquid
170.00	618.00	407.18	0.0024559	131.82	283.60	0.97251	1.9957	3.1557	1432.6	-0.047488	8.4848e-05	0.18011	liquid
171.00	618.00	406.25	0.0024615	134.63	286.75	0.99102	1.9931	3.1552	1427.8	-0.047371	8.4032e-05	0.17922	liquid
172.00	618.00	405.32	0.0024672	137.44	289.91	1.0094	1.9907	3.1547	1423.0	-0.047252	8.3231e-05	0.17833	liquid
173.00	618.00	404.39	0.0024729	140.24	293.06	1.0277	1.9882	3.1541	1418.3	-0.047132	8.2445e-05	0.17744	liquid
174.00	618.00	403.45	0.0024786	143.04	296.22	1.0459	1.9858	3.1536	1413.6	-0.047011	8.1673e-05	0.17656	liquid
175.00	618.00	402.52	0.0024843	145.84	299.37	1.0640	1.9834	3.1531	1408.9	-0.046888	8.0916e-05	0.17569	liquid
176.00	618.00	401.59	0.0024901	148.64	302.52	1.0819	1.9810	3.1526	1404.2	-0.046763	8.0173e-05	0.17482	liquid
177.00	618.00	400.66	0.0024959	151.43	305.68	1.0998	1.9787	3.1521	1399.5	-0.046637	7.9443e-05	0.17396	liquid
178.00	618.00	399.73	0.0025017	154.22	308.83	1.1175	1.9764	3.1516	1394.9	-0.046510	7.8726e-05	0.17310	liquid
179.00	618.00	398.80	0.0025075	157.01	311.98	1.1352	1.9742	3.1512	1390.2	-0.046381	7.8022e-05	0.17224	liquid
180.00	618.00	397.87	0.0025134	159.80	315.13	1.1527	1.9719	3.1507	1385.6	-0.046251	7.7330e-05	0.17140	liquid
181.00	618.00	396.94	0.0025193	162.59	318.28	1.1702	1.9697	3.1503	1381.0	-0.046119	7.6650e-05	0.17056	liquid
182.00	618.00	396.01	0.0025252	165.38	321.43	1.1876	1.9675	3.1498	1376.5	-0.045986	7.5982e-05	0.16972	liquid
183.00	618.00	395.09	0.0025311	168.16	324.58	1.2048	1.9654	3.1494	1371.9	-0.045851	7.5325e-05	0.16889	liquid
184.00	618.00	394.16	0.0025370	170.94	327.73	1.2220	1.9633	3.1489	1367.4	-0.045715	7.4679e-05	0.16807	liquid
185.00	618.00	393.23	0.0025430	173.72	330.88	1.2390	1.9612	3.1485	1362.9	-0.045577	7.4044e-05	0.16725	liquid
186.00	618.00	392.31	0.0025490	176.50	334.03	1.2560	1.9591	3.1481	1358.4	-0.045438	7.3420e-05	0.16643	liquid
187.00	618.00	391.38	0.0025550	179.27	337.17	1.2729	1.9571	3.1477	1354.0	-0.045298	7.2806e-05	0.16563	liquid
188.00	618.00	390.46	0.0025611	182.05	340.32	1.2897	1.9551	3.1473	1349.6	-0.045156	7.2202e-05	0.16483	liquid
189.00	618.00	389.53	0.0025672	184.82	343.47	1.3064	1.9532	3.1469	1345.1	-0.045012	7.1607e-05	0.16403	liquid
190.00	618.00	388.61	0.0025733	187.59	346.62	1.3230	1.9513	3.1466	1340.7	-0.044868	7.1023e-05	0.16324	liquid
191.00	618.00	387.69	0.0025794	190.36	349.76	1.3395	1.9494	3.1462	1336.4	-0.044721	7.0447e-05	0.16246	supercritical
192.00	618.00	386.76	0.0025855	193.12	352.91	1.3559	1.9475	3.1458	1332.0	-0.044574	6.9881e-05	0.16167	supercritical
193.00	618.00	385.84	0.0025917	195.88	356.05	1.3723	1.9457	3.1455	1327.7	-0.044425	6.9324e-05	0.16090	supercritical
194.00	618.00	384.92	0.0025979	198.65	359.20	1.3885	1.9439	3.1451	1323.4	-0.044274	6.8775e-05	0.16013	supercritical
195.00	618.00	384.00	0.0026042	201.41	362.34	1.4047	1.9421	3.1448	1319.1	-0.044122	6.8235e-05	0.15937	supercritical
196.00	618.00	383.08	0.0026104	204.17	365.49	1.4208	1.9404	3.1445	1314.8	-0.043969	6.7703e-05	0.15861	supercritical
197.00	618.00	382.16	0.0026167	206.92	368.63	1.4368	1.9386	3.1442	1310.6	-0.043814	6.7180e-05	0.15786	supercritical
198.00	618.00	381.25	0.0026230	209.68	371.78	1.4527	1.9370	3.1439	1306.4	-0.043658	6.6664e-05	0.15711	supercritical
199.00	618.00	380.33	0.0026293	212.43	374.92	1.4685	1.9353	3.1436	1302.2	-0.043501	6.6156e-05	0.15637	supercritical
200.00	618.00	379.41	0.0026357	215.18	378.06	1.4843	1.9337	3.1433	1298.0	-0.043342	6.5656e-05	0.15563	supercritical
201.00	618.00	378.49	0.0026420	217.93	381.21	1.5000	1.9321	3.1430	1293.9	-0.043182	6.5163e-05	0.15490	supercritical
202.00	618.00	377.58	0.0026485	220.68	384.35	1.5156	1.9306	3.1427	1289.7	-0.043021	6.4678e-05	0.15418	supercritical
203.00	618.00	376.66	0.0026549	223.42	387.49	1.5311	1.9291	3.1424	1285.6	-0.042858	6.4199e-05	0.15346	supercritical
204.00	618.00	375.75	0.0026613	226.16	390.63	1.5465	1.9276	3.1422	1281.5	-0.042694	6.3728e-05	0.15275	supercritical
205.00	618.00	374.84	0.0026678	228.91	393.78	1.5619	1.9261	3.1419	1277.5	-0.042529	6.3264e-05	0.15204	supercritical
206.00	618.00	373.93	0.0026743	231.65	396.92	1.5772	1.9247	3.1417	1273.4	-0.042362	6.2806e-05	0.15134	supercritical
207.00	618.00	373.01	0.0026809	234.38	400.06	1.5924	1.9233	3.1415	1269.4	-0.042194	6.2355e-05	0.15064	supercritical
208.00	618.00	372.10	0.0026874	237.12	403.20	1.6075	1.9220	3.1412	1265.4	-0.042025	6.1910e-05	0.14995	supercritical
209.00	618.00	371.19	0.0026940	239.85	406.34	1.6226	1.9206	3.1410	1261.4	-0.041854	6.1471e-05	0.14927	supercritical
210.00	618.00	370.28	0.0027006	242.59	409.48	1.6376	1.9193	3.1408	1257.5	-0.041683	6.1039e-05	0.14859	supercritical
211.00	618.00	369.38	0.0027073	245.32	412.62	1.6525	1.9181	3.1406	1253.5	-0.041510	6.0613e-05	0.14792	supercritical
212.00	618.00	368.47	0.0027139	248.04	415.76	1.6674	1.9168	3.1404	1249.6	-0.041336	6.0193e-05	0.14725	supercritical
213.00	618.00	367.56	0.0027206	250.77	418.91	1.6821	1.9156	3.1403	1245.7	-0.041160	5.9779e-05	0.14659	supercritical
214.00	618.00	366.66	0.0027273	253.50	422.05	1.6968	1.9145	3.1401	1241.9	-0.040984	5.9370e-05	0.14593	supercritical
215.00	618.00	365.75	0.0027341	256.22	425.19	1.7115	1.9133	3.1399	1238.0	-0.040806	5.8967e-05	0.14528	supercritical
216.00	618.00	364.85	0.0027409	258.94	428.33	1.7261	1.9122	3.1397	1234.2	-0.040628	5.8570e-05	0.14463	supercritical
217.00	618.00	363.95	0.0027476	261.66	431.46	1.7406	1.9112	3.1396	1230.4	-0.040448	5.8178e-05	0.14399	supercritical
218.00	618.00	363.05	0.0027545	264.38	434.60	1.7550	1.9101	3.1394	1226.6	-0.040267	5.7791e-05	0.14336	supercritical
219.00	618.00	362.15	0.0027613	267.09	437.74	1.7694	1.9091	3.1393	1222.9	-0.040085	5.7409e-05	0.14273	supercritical
220.00	618.00	361.25	0.0027682	269.81	440.88	1.7837	1.9081	3.1392	1219.2	-0.039902	5.7033e-05	0.14210	supercritical
221.00	618.00	360.35	0.0027751	272.52	444.02	1.7979	1.9072	3.1391	1215.4	-0.039718	5.6662e-05	0.14148	supercritical
222.00	618.00	359.45	0.0027820	275.23	447.16	1.8121	1.9063	3.1389	1211.8	-0.039532	5.6296e-05	0.14087	supercritical
223.00	618.00	358.55	0.0027890	277.94	450.30	1.8262	1.9054	3.1388	1208.1	-0.039346	5.5934e-05	0.14026	supercritical
224.00	618.00	357.66	0.0027960	280.65	453.44	1.8402	1.9045	3.1387	1204.5	-0.039159	5.5577e-05	0.13966	supercritical
225.00	618.00	356.76	0.0028030	283.35	456.58	1.8542	1.9037	3.1386	1200.8	-0.038971	5.5225e-05	0.13906	supercritical
226.00	618.00	355.87	0.0028100	286.06	459.72	1.8681	1.9029	3.1385	1197.2	-0.038782	5.4878e-05	0.13847	supercritical
227.00	618.00	354.98	0.0028171	288.76	462.85	1.8820	1.9022	3.1384	1193.7	-0.038591	5.4535e-05	0.13789	supercritical
228.00	618.00	354.09	0.0028242	291.46	465.99	1.8958	1.9015	3.1384	1190.1	-0.038401	5.4197e-05	0.13731	supercritical
229.00	618.00	353.20	0.0028313	294.16	469.13	1.9095	1.9008	3.1383	1186.6	-0.038209	5.3863e-05	0.13673	supercritical
230.00	618.00	352.31	0.0028384	296.86	472.27	1.9232	1.9001	3.1382	1183.1	-0.038016	5.3533e-05	0.13616	supercritical
231.00	618.00	351.42	0.0028456	299.55	475.41	1.9368	1.8995	3.1382	1179.6	-0.037822	5.3208e-05	0.13559	supercritical
232.00	618.00	350.54	0.0028528	302.24	478.55	1.9503	1.8989	3.1381	1176.1	-0.037628	5.2886e-05	0.13503	supercritical
233.00	618.00	349.65	0.0028600	304.94	481.68	1.9638	1.8983	3.1381	1172.7	-0.037433	5.2569e-05	0.13448	supercritical
234.00	618.00	348.77	0.0028672	307.63	484.82	1.9773	1.8978	3.1380	1169.3	-0.037237	5.2256e-05	0.13393	supercritical
235.00	618.00	347.89	0.0028745	310.32	487.96	1.9907	1.8973	3.1380	1165.9	-0.037040	5.1947e-05	0.13339	supercritical
236.00	618.00	347.00	0.0028818	313.00	491.10	2.0040	1.8968	3.1380	1162.5	-0.036843	5.1642e-05	0.13285	supercritical
237.00	618.00	346.12	0.0028891	315.69	494.24	2.0173	1.8963	3.1380	1159.1	-0.036644	5.1340e-05	0.13231	supercritical
238.00	618.00	345.25	0.0028965	318.37	497.37	2.0305	1.8959	3.1379	1155.8	-0.036446	5.1043e-05	0.13179	supercritical
239.00	618.00	344.37	0.0029039	321.05	500.51	2.0436	1.8956	3.1379	1152.5	-0.036246	5.0749e-05	0.13126	supercritical
240.00	618.00	343.49	0.0029113	323.73	503.65	2.0567	1.8952	3.1379	1149.2	-0.036046	5.0459e-05	0.13074	supercritical
241.00	618.00	342.62	0.0029187	326.41	506.79	2.0698	1.8949	3.1379	1146.0	-0.035845	5.0172e-05	0.13023	supercritical
242.00	618.00	341.75	0.0029262	329.09	509.93	2.0828	1.8946	3.1379	1142.7	-0.035644	4.9889e-05	0.12972	supercritical
243.00	618.00	340.87	0.0029336	331.76	513.06	2.0957	1.8943	3.1379	1139.5	-0.035442	4.9609e-05	0.12922	supercritical
244.00	618.00	340.00	0.0029411	334.44	516.20	2.1086	1.8941	3.1380	1136.3	-0.035240	4.9333e-05	0.12872	supercritical
245.00	618.00	339.13	0.0029487	337.11	519.34	2.1214	1.8939	3.1380	1133.1	-0.035037	4.9060e-05	0.12823	supercritical
246.00	618.00	338.27	0.0029562	339.78	522.48	2.1342	1.8937	3.1380	1130.0	-0.034833	4.8791e-05	0.12774	supercritical
247.00	618.00	337.40	0.0029638	342.45	525.62	2.1469	1.8936	3.1380	1126.9	-0.034630	4.8525e-05	0.12726	supercritical
248.00	618.00	336.54	0.0029714	345.12	528.75	2.1596	1.8935	3.1381	1123.8	-0.034425	4.8262e-05	0.12678	supercritical
249.00	618.00	335.67	0.0029791	347.78	531.89	2.1723	1.8934	3.1381	1120.7	-0.034221	4.8002e-05	0.12630	supercritical
250.00	618.00	334.81	0.0029867	350.45	535.03	2.1848	1.8934	3.1382	1117.6	-0.034016	4.7746e-05	0.12584	supercritical
251.00	618.00	333.95	0.0029944	353.11	538.17	2.1974	1.8934	3.1382	1114.6	-0.033810	4.7492e-05	0.12537	supercritical
252.00	618.00	333.09	0.0030022	355.77	541.31	2.2098	1.8934	3.1383	1111.6	-0.033604	4.7242e-05	0.12491	supercritical
253.00	618.00	332.24	0.0030099	358.43	544.44	2.2223	1.8934	3.1383	1108.6	-0.033398	4.6995e-05	0.12446	supercritical
254.00	618.00	331.38	0.0030177	361.09	547.58	2.2346	1.8935	3.1384	1105.6	-0.033192	4.6750e-05	0.12401	supercritical
255.00	618.00	330.53	0.0030255	363.75	550.72	2.2470	1.8936	3.1385	1102.6	-0.032986	4.6509e-05	0.12356	supercritical
256.00	618.00	329.68	0.0030333	366.40	553.86	2.2593	1.8937	3.1385	1099.7	-0.032779	4.6270e-05	0.12313	supercritical
257.00	618.00	328.83	0.0030411	369.06	557.00	2.2715	1.8939	3.1386	1096.8	-0.032572	4.6034e-05	0.12269	supercritical
258.00	618.00	327.98	0.0030490	371.71	560.14	2.2837	1.8941	3.1387	1093.9	-0.032365	4.5801e-05	0.12226	supercritical
259.00	618.00	327.13	0.0030569	374.36	563.28	2.2958	1.8943	3.1388	1091.1	-0.032158	4.5571e-05	0.12183	supercritical
260.00	618.00	326.29	0.0030648	377.01	566.41	2.3079	1.8946	3.1389	1088.2	-0.031950	4.5344e-05	0.12141	supercritical
261.00	618.00	325.44	0.0030727	379.66	569.55	2.3200	1.8948	3.1390	1085.4	-0.031743	4.5119e-05	0.12100	supercritical
262.00	618.00	324.60	0.0030807	382.31	572.69	2.3320	1.8952	3.1391	1082.6	-0.031536	4.4897e-05	0.12058	supercritical
263.00	618.00	323.76	0.0030887	384.95	575.83	2.3439	1.8955	3.1392	1079.8	-0.031328	4.4677e-05	0.12018	supercritical
264.00	618.00	322.92	0.0030967	387.59	578.97	2.3558	1.8959	3.1393	1077.1	-0.031121	4.4461e-05	0.11977	supercritical
265.00	618.00	322.09	0.0031048	390.24	582.11	2.3677	1.8963	3.1394	1074.3	-0.030913	4.4246e-05	0.11938	supercritical
266.00	618.00	321.25	0.0031128	392.88	585.25	2.3795	1.8967	3.1395	1071.6	-0.030706	4.4034e-05	0.11898	supercritical
267.00	618.00	320.42	0.0031209	395.52	588.39	2.3913	1.8971	3.1396	1068.9	-0.030499	4.3825e-05	0.11859	supercritical
268.00	618.00	319.59	0.0031290	398.16	591.53	2.4031	1.8976	3.1398	1066.3	-0.030292	4.3618e-05	0.11821	supercritical
269.00	618.00	318.76	0.0031372	400.79	594.67	2.4148	1.8981	3.1399	1063.6	-0.030084	4.3413e-05	0.11783	supercritical
270.00	618.00	317.93	0.0031453	403.43	597.81	2.4264	1.8986	3.1400	1061.0	-0.029878	4.3211e-05	0.11745	supercritical
271.00	618.00	317.11	0.0031535	406.06	600.95	2.4380	1.8992	3.1402	1058.4	-0.029671	4.3012e-05	0.11708	supercritical
272.00	618.00	316.28	0.0031617	408.69	604.09	2.4496	1.8998	3.1403	1055.8	-0.029465	4.2814e-05	0.11671	supercritical
273.00	618.00	315.46	0.0031700	411.33	607.23	2.4611	1.9004	3.1405	1053.2	-0.029258	4.2619e-05	0.11635	supercritical
274.00	618.00	314.64	0.0031782	413.96	610.37	2.4726	1.9011	3.1406	1050.7	-0.029052	4.2426e-05	0.11599	supercritical
275.00	618.00	313.82	0.0031865	416.59	613.51	2.4840	1.9017	3.1408	1048.2	-0.028847	4.2235e-05	0.11564	supercritical
276.00	618.00	313.01	0.0031948	419.21	616.65	2.4954	1.9024	3.1409	1045.7	-0.028642	4.2047e-05	0.11529	supercritical
277.00	618.00	312.20	0.0032031	421.84	619.79	2.5068	1.9032	3.1411	1043.2	-0.028437	4.1860e-05	0.11494	supercritical
278.00	618.00	311.38	0.0032115	424.46	622.93	2.5181	1.9039	3.1412	1040.7	-0.028232	4.1676e-05	0.11460	supercritical
279.00	618.00	310.57	0.0032199	427.09	626.08	2.5294	1.9047	3.1414	1038.3	-0.028028	4.1494e-05	0.11426	supercritical
280.00	618.00	309.77	0.0032282	429.71	629.22	2.5406	1.9055	3.1416	1035.9	-0.027824	4.1314e-05	0.11393	supercritical
281.00	618.00	308.96	0.0032367	432.33	632.36	2.5518	1.9063	3.1418	1033.5	-0.027621	4.1136e-05	0.11360	supercritical
282.00	618.00	308.16	0.0032451	434.95	635.50	2.5630	1.9072	3.1419	1031.1	-0.027418	4.0960e-05	0.11327	supercritical
283.00	618.00	307.35	0.0032536	437.57	638.64	2.5741	1.9081	3.1421	1028.7	-0.027216	4.0786e-05	0.11295	supercritical
284.00	618.00	306.56	0.0032621	440.19	641.78	2.5852	1.9090	3.1423	1026.4	-0.027014	4.0614e-05	0.11263	supercritical
285.00	618.00	305.76	0.0032706	442.81	644.93	2.5962	1.9099	3.1425	1024.1	-0.026813	4.0445e-05	0.11232	supercritical
286.00	618.00	304.96	0.0032791	445.42	648.07	2.6072	1.9109	3.1427	1021.8	-0.026612	4.0277e-05	0.11201	supercritical
287.00	618.00	304.17	0.0032876	448.04	651.21	2.6182	1.9119	3.1429	1019.5	-0.026412	4.0110e-05	0.11171	supercritical
288.00	618.00	303.38	0.0032962	450.65	654.36	2.6291	1.9129	3.1431	1017.3	-0.026213	3.9946e-05	0.11141	supercritical
289.00	618.00	302.59	0.0033048	453.26	657.50	2.6400	1.9139	3.1433	1015.0	-0.026014	3.9784e-05	0.11111	supercritical
290.00	618.00	301.80	0.0033134	455.87	660.64	2.6509	1.9150	3.1435	1012.8	-0.025816	3.9624e-05	0.11081	supercritical
291.00	618.00	301.02	0.0033221	458.48	663.79	2.6617	1.9161	3.1438	1010.6	-0.025619	3.9465e-05	0.11052	supercritical
292.00	618.00	300.23	0.0033307	461.09	666.93	2.6725	1.9172	3.1440	1008.4	-0.025422	3.9308e-05	0.11024	supercritical
293.00	618.00	299.45	0.0033394	463.70	670.07	2.6833	1.9183	3.1442	1006.3	-0.025226	3.9153e-05	0.10996	supercritical
294.00	618.00	298.68	0.0033481	466.30	673.22	2.6940	1.9195	3.1445	1004.2	-0.025031	3.9000e-05	0.10968	supercritical
295.00	618.00	297.90	0.0033568	468.91	676.36	2.7046	1.9207	3.1447	1002.0	-0.024837	3.8848e-05	0.10940	supercritical
296.00	618.00	297.13	0.0033656	471.52	679.51	2.7153	1.9219	3.1449	999.94	-0.024643	3.8698e-05	0.10913	supercritical
297.00	618.00	296.35	0.0033743	474.12	682.65	2.7259	1.9231	3.1452	997.86	-0.024451	3.8550e-05	0.10887	supercritical
298.00	618.00	295.59	0.0033831	476.72	685.80	2.7365	1.9244	3.1454	995.80	-0.024259	3.8404e-05	0.10860	supercritical
299.00	618.00	294.82	0.0033919	479.32	688.94	2.7470	1.9257	3.1457	993.76	-0.024068	3.8259e-05	0.10834	supercritical
300.00	618.00	294.05	0.0034007	481.92	692.09	2.7575	1.9270	3.1460	991.74	-0.023878	3.8116e-05	0.10809	supercritical
301.00	618.00	293.29	0.0034096	484.52	695.24	2.7680	1.9283	3.1462	989.73	-0.023689	3.7974e-05	0.10783	supercritical
302.00	618.00	292.53	0.0034184	487.12	698.38	2.7784	1.9297	3.1465	987.75	-0.023500	3.7834e-05	0.10758	supercritical
303.00	618.00	291.77	0.0034273	489.72	701.53	2.7888	1.9310	3.1468	985.78	-0.023313	3.7696e-05	0.10734	supercritical
304.00	618.00	291.02	0.0034362	492.32	704.68	2.7992	1.9324	3.1471	983.84	-0.023127	3.7559e-05	0.10710	supercritical
305.00	618.00	290.26	0.0034451	494.91	707.82	2.8095	1.9339	3.1473	981.91	-0.022941	3.7423e-05	0.10686	supercritical
306.00	618.00	289.51	0.0034541	497.51	710.97	2.8198	1.9353	3.1476	980.00	-0.022757	3.7290e-05	0.10662	supercritical
307.00	618.00	288.76	0.0034630	500.10	714.12	2.8301	1.9368	3.1479	978.10	-0.022574	3.7157e-05	0.10639	supercritical
308.00	618.00	288.02	0.0034720	502.70	717.27	2.8403	1.9383	3.1482	976.23	-0.022391	3.7027e-05	0.10616	supercritical
309.00	618.00	287.27	0.0034810	505.29	720.41	2.8505	1.9398	3.1486	974.37	-0.022210	3.6897e-05	0.10594	supercritical
310.00	618.00	286.53	0.0034900	507.88	723.56	2.8607	1.9413	3.1489	972.54	-0.022030	3.6769e-05	0.10572	supercritical
311.00	618.00	285.79	0.0034990	510.47	726.71	2.8709	1.9429	3.1492	970.72	-0.021851	3.6643e-05	0.10550	supercritical
312.00	618.00	285.06	0.0035081	513.06	729.86	2.8810	1.9444	3.1495	968.91	-0.021673	3.6518e-05	0.10528	supercritical
313.00	618.00	284.32	0.0035172	515.65	733.01	2.8910	1.9460	3.1499	967.13	-0.021496	3.6394e-05	0.10507	supercritical
314.00	618.00	283.59	0.0035262	518.24	736.16	2.9011	1.9477	3.1502	965.36	-0.021320	3.6272e-05	0.10486	supercritical
315.00	618.00	282.86	0.0035353	520.83	739.31	2.9111	1.9493	3.1505	963.61	-0.021146	3.6151e-05	0.10466	supercritical
316.00	618.00	282.13	0.0035445	523.41	742.46	2.9211	1.9510	3.1509	961.88	-0.020972	3.6032e-05	0.10446	supercritical
317.00	618.00	281.41	0.0035536	526.00	745.61	2.9311	1.9526	3.1512	960.16	-0.020800	3.5914e-05	0.10426	supercritical
318.00	618.00	280.68	0.0035627	528.59	748.76	2.9410	1.9543	3.1516	958.47	-0.020629	3.5797e-05	0.10406	supercritical
319.00	618.00	279.96	0.0035719	531.17	751.92	2.9509	1.9561	3.1520	956.79	-0.020459	3.5682e-05	0.10387	supercritical
320.00	618.00	279.24	0.0035811	533.76	755.07	2.9607	1.9578	3.1524	955.12	-0.020291	3.5568e-05	0.10368	supercritical
321.00	618.00	278.53	0.0035903	536.34	758.22	2.9706	1.9596	3.1527	953.47	-0.020123	3.5455e-05	0.10349	supercritical
322.00	618.00	277.82	0.0035995	538.92	761.37	2.9804	1.9614	3.1531	951.84	-0.019957	3.5343e-05	0.10331	supercritical
323.00	618.00	277.10	0.0036087	541.51	764.53	2.9902	1.9632	3.1535	950.23	-0.019792	3.5233e-05	0.10313	supercritical
324.00	618.00	276.40	0.0036180	544.09	767.68	2.9999	1.9650	3.1539	948.63	-0.019629	3.5124e-05	0.10295	supercritical
325.00	618.00	275.69	0.0036273	546.67	770.84	3.0096	1.9668	3.1543	947.05	-0.019466	3.5016e-05	0.10278	supercritical
326.00	618.00	274.99	0.0036365	549.25	773.99	3.0193	1.9687	3.1547	945.49	-0.019305	3.4909e-05	0.10261	supercritical
327.00	618.00	274.29	0.0036458	551.83	777.14	3.0290	1.9706	3.1552	943.94	-0.019146	3.4804e-05	0.10244	supercritical
328.00	618.00	273.59	0.0036551	554.41	780.30	3.0386	1.9725	3.1556	942.40	-0.018987	3.4699e-05	0.10227	supercritical
329.00	618.00	272.89	0.0036645	556.99	783.46	3.0482	1.9744	3.1560	940.89	-0.018830	3.4596e-05	0.10211	supercritical
330.00	618.00	272.20	0.0036738	559.57	786.61	3.0578	1.9764	3.1565	939.39	-0.018674	3.4494e-05	0.10195	supercritical
331.00	618.00	271.51	0.0036832	562.15	789.77	3.0674	1.9783	3.1569	937.90	-0.018520	3.4393e-05	0.10179	supercritical
332.00	618.00	270.82	0.0036925	564.73	792.93	3.0769	1.9803	3.1574	936.43	-0.018367	3.4294e-05	0.10164	supercritical
333.00	618.00	270.13	0.0037019	567.31	796.08	3.0864	1.9823	3.1579	934.98	-0.018215	3.4195e-05	0.10149	supercritical
334.00	618.00	269.45	0.0037113	569.88	799.24	3.0958	1.9843	3.1583	933.54	-0.018065	3.4098e-05	0.10134	supercritical
335.00	618.00	268.77	0.0037207	572.46	802.40	3.1053	1.9863	3.1588	932.12	-0.017916	3.4002e-05	0.10119	supercritical
336.00	618.00	268.09	0.0037301	575.04	805.56	3.1147	1.9884	3.1593	930.71	-0.017768	3.3906e-05	0.10105	supercritical
337.00	618.00	267.41	0.0037396	577.61	808.72	3.1241	1.9904	3.1598	929.32	-0.017622	3.3812e-05	0.10091	supercritical
338.00	618.00	266.74	0.0037490	580.19	811.88	3.1335	1.9925	3.1603	927.94	-0.017477	3.3719e-05	0.10077	supercritical
339.00	618.00	266.06	0.0037585	582.77	815.04	3.1428	1.9946	3.1608	926.58	-0.017333	3.3627e-05	0.10064	supercritical
340.00	618.00	265.40	0.0037680	585.34	818.20	3.1521	1.9968	3.1614	925.23	-0.017191	3.3536e-05	0.10050	supercritical
341.00	618.00	264.73	0.0037775	587.92	821.36	3.1614	1.9989	3.1619	923.89	-0.017050	3.3446e-05	0.10037	supercritical
342.00	618.00	264.06	0.0037870	590.49	824.52	3.1707	2.0010	3.1624	922.58	-0.016911	3.3357e-05	0.10025	supercritical
343.00	618.00	263.40	0.0037965	593.07	827.69	3.1799	2.0032	3.1630	921.27	-0.016773	3.3269e-05	0.10012	supercritical
344.00	618.00	262.74	0.0038060	595.64	830.85	3.1891	2.0054	3.1635	919.98	-0.016637	3.3182e-05	0.10000	supercritical
345.00	618.00	262.09	0.0038155	598.21	834.01	3.1983	2.0076	3.1641	918.71	-0.016502	3.3096e-05	0.099881	supercritical
346.00	618.00	261.43	0.0038251	600.79	837.18	3.2074	2.0098	3.1647	917.44	-0.016368	3.3012e-05	0.099764	supercritical
347.00	618.00	260.78	0.0038347	603.36	840.34	3.2166	2.0121	3.1652	916.20	-0.016236	3.2928e-05	0.099649	supercritical
348.00	618.00	260.13	0.0038442	605.94	843.51	3.2257	2.0143	3.1658	914.96	-0.016105	3.2844e-05	0.099537	supercritical
349.00	618.00	259.48	0.0038538	608.51	846.68	3.2348	2.0166	3.1664	913.74	-0.015976	3.2762e-05	0.099427	supercritical
350.00	618.00	258.84	0.0038634	611.08	849.84	3.2438	2.0189	3.1670	912.54	-0.015848	3.2681e-05	0.099320	supercritical
351.00	618.00	258.20	0.0038730	613.66	853.01	3.2529	2.0212	3.1677	911.34	-0.015722	3.2601e-05	0.099215	supercritical
352.00	618.00	257.56	0.0038826	616.23	856.18	3.2619	2.0235	3.1683	910.16	-0.015596	3.2522e-05	0.099113	supercritical
353.00	618.00	256.92	0.0038923	618.80	859.35	3.2709	2.0258	3.1689	909.00	-0.015473	3.2443e-05	0.099012	supercritical
354.00	618.00	256.28	0.0039019	621.38	862.52	3.2798	2.0282	3.1696	907.85	-0.015351	3.2366e-05	0.098915	supercritical
355.00	618.00	255.65	0.0039116	623.95	865.69	3.2888	2.0305	3.1702	906.71	-0.015230	3.2289e-05	0.098819	supercritical
356.00	618.00	255.02	0.0039212	626.52	868.86	3.2977	2.0329	3.1709	905.58	-0.015111	3.2213e-05	0.098726	supercritical
357.00	618.00	254.39	0.0039309	629.10	872.03	3.3066	2.0353	3.1716	904.47	-0.014993	3.2139e-05	0.098635	supercritical
358.00	618.00	253.77	0.0039406	631.67	875.20	3.3155	2.0377	3.1722	903.37	-0.014876	3.2065e-05	0.098546	supercritical
359.00	618.00	253.15	0.0039503	634.24	878.37	3.3243	2.0401	3.1729	902.28	-0.014761	3.1991e-05	0.098460	supercritical
360.00	618.00	252.53	0.0039600	636.82	881.54	3.3331	2.0425	3.1736	901.21	-0.014648	3.1919e-05	0.098376	supercritical
361.00	618.00	251.91	0.0039697	639.39	884.72	3.3419	2.0450	3.1743	900.14	-0.014536	3.1848e-05	0.098294	supercritical
362.00	618.00	251.29	0.0039794	641.96	887.89	3.3507	2.0475	3.1751	899.09	-0.014425	3.1777e-05	0.098214	supercritical
363.00	618.00	250.68	0.0039892	644.54	891.07	3.3595	2.0499	3.1758	898.06	-0.014316	3.1707e-05	0.098136	supercritical
364.00	618.00	250.07	0.0039989	647.11	894.24	3.3682	2.0524	3.1765	897.03	-0.014208	3.1638e-05	0.098061	supercritical
365.00	618.00	249.46	0.0040087	649.69	897.42	3.3769	2.0549	3.1773	896.02	-0.014102	3.1570e-05	0.097987	supercritical
366.00	618.00	248.85	0.0040184	652.26	900.60	3.3856	2.0574	3.1780	895.02	-0.013997	3.1502e-05	0.097916	supercritical
367.00	618.00	248.25	0.0040282	654.84	903.78	3.3943	2.0600	3.1788	894.03	-0.013893	3.1436e-05	0.097847	supercritical
368.00	618.00	247.65	0.0040380	657.41	906.96	3.4030	2.0625	3.1796	893.05	-0.013791	3.1370e-05	0.097780	supercritical
369.00	618.00	247.05	0.0040477	659.99	910.14	3.4116	2.0651	3.1804	892.08	-0.013690	3.1305e-05	0.097715	supercritical
370.00	618.00	246.45	0.0040575	662.56	913.32	3.4202	2.0676	3.1812	891.13	-0.013591	3.1240e-05	0.097652	supercritical
371.00	618.00	245.86	0.0040673	665.14	916.50	3.4288	2.0702	3.1820	890.19	-0.013493	3.1177e-05	0.097591	supercritical
372.00	618.00	245.27	0.0040772	667.71	919.68	3.4373	2.0728	3.1828	889.26	-0.013396	3.1114e-05	0.097532	supercritical
373.00	618.00	244.68	0.0040870	670.29	922.86	3.4459	2.0754	3.1836	888.34	-0.013301	3.1051e-05	0.097475	supercritical
374.00	618.00	244.09	0.0040968	672.87	926.05	3.4544	2.0781	3.1845	887.43	-0.013208	3.0990e-05	0.097420	supercritical
375.00	618.00	243.51	0.0041066	675.44	929.23	3.4629	2.0807	3.1853	886.53	-0.013115	3.0929e-05	0.097366	supercritical
376.00	618.00	242.93	0.0041165	678.02	932.42	3.4714	2.0833	3.1862	885.65	-0.013024	3.0869e-05	0.097315	supercritical
377.00	618.00	242.35	0.0041263	680.60	935.61	3.4799	2.0860	3.1871	884.77	-0.012935	3.0810e-05	0.097266	supercritical
378.00	618.00	241.77	0.0041362	683.18	938.79	3.4883	2.0887	3.1880	883.91	-0.012846	3.0751e-05	0.097219	supercritical
379.00	618.00	241.19	0.0041460	685.76	941.98	3.4967	2.0913	3.1888	883.06	-0.012760	3.0693e-05	0.097173	supercritical
380.00	618.00	240.62	0.0041559	688.34	945.17	3.5051	2.0940	3.1898	882.21	-0.012674	3.0636e-05	0.097129	supercritical
381.00	618.00	240.05	0.0041658	690.92	948.36	3.5135	2.0967	3.1907	881.38	-0.012590	3.0580e-05	0.097088	supercritical
382.00	618.00	239.48	0.0041757	693.50	951.55	3.5219	2.0995	3.1916	880.56	-0.012507	3.0524e-05	0.097048	supercritical
383.00	618.00	238.92	0.0041856	696.08	954.74	3.5302	2.1022	3.1925	879.75	-0.012426	3.0469e-05	0.097010	supercritical
384.00	618.00	238.35	0.0041954	698.66	957.94	3.5386	2.1049	3.1935	878.95	-0.012346	3.0414e-05	0.096973	supercritical
385.00	618.00	237.79	0.0042054	701.24	961.13	3.5469	2.1077	3.1944	878.16	-0.012267	3.0360e-05	0.096939	supercritical
386.00	618.00	237.23	0.0042153	703.82	964.33	3.5552	2.1104	3.1954	877.38	-0.012190	3.0307e-05	0.096906	supercritical
387.00	618.00	236.68	0.0042252	706.41	967.52	3.5634	2.1132	3.1964	876.61	-0.012113	3.0254e-05	0.096875	supercritical
388.00	618.00	236.12	0.0042351	708.99	970.72	3.5717	2.1160	3.1974	875.85	-0.012039	3.0202e-05	0.096846	supercritical
389.00	618.00	235.57	0.0042450	711.58	973.92	3.5799	2.1188	3.1984	875.10	-0.011965	3.0151e-05	0.096818	supercritical
390.00	618.00	235.02	0.0042550	714.16	977.12	3.5881	2.1216	3.1994	874.36	-0.011893	3.0100e-05	0.096792	supercritical
391.00	618.00	234.47	0.0042649	716.75	980.32	3.5963	2.1244	3.2004	873.63	-0.011822	3.0050e-05	0.096768	supercritical
392.00	618.00	233.93	0.0042748	719.33	983.52	3.6045	2.1272	3.2014	872.91	-0.011752	3.0000e-05	0.096746	supercritical
393.00	618.00	233.38	0.0042848	721.92	986.72	3.6126	2.1300	3.2025	872.19	-0.011684	2.9951e-05	0.096725	supercritical
394.00	618.00	232.84	0.0042947	724.51	989.92	3.6208	2.1329	3.2035	871.49	-0.011617	2.9903e-05	0.096706	supercritical
395.00	618.00	232.30	0.0043047	727.10	993.13	3.6289	2.1357	3.2046	870.80	-0.011551	2.9855e-05	0.096688	supercritical
396.00	618.00	231.77	0.0043147	729.69	996.33	3.6370	2.1386	3.2057	870.12	-0.011486	2.9808e-05	0.096672	supercritical
397.00	618.00	231.23	0.0043246	732.28	999.54	3.6451	2.1415	3.2068	869.44	-0.011423	2.9761e-05	0.096658	supercritical
398.00	618.00	230.70	0.0043346	734.87	1002.7	3.6532	2.1444	3.2079	868.78	-0.011361	2.9715e-05	0.096646	supercritical
399.00	618.00	230.17	0.0043446	737.46	1006.0	3.6612	2.1473	3.2090	868.12	-0.011300	2.9670e-05	0.096634	supercritical
400.00	618.00	229.64	0.0043546	740.05	1009.2	3.6692	2.1502	3.2101	867.47	-0.011240	2.9625e-05	0.096625	supercritical
401.00	618.00	229.12	0.0043645	742.64	1012.4	3.6773	2.1531	3.2112	866.84	-0.011182	2.9580e-05	0.096617	supercritical
402.00	618.00	228.60	0.0043745	745.24	1015.6	3.6853	2.1560	3.2124	866.21	-0.011124	2.9536e-05	0.096611	supercritical
403.00	618.00	228.07	0.0043845	747.83	1018.8	3.6932	2.1589	3.2135	865.59	-0.011068	2.9493e-05	0.096606	supercritical
404.00	618.00	227.56	0.0043945	750.43	1022.0	3.7012	2.1619	3.2147	864.97	-0.011013	2.9450e-05	0.096602	supercritical
405.00	618.00	227.04	0.0044045	753.03	1025.2	3.7092	2.1648	3.2159	864.37	-0.010960	2.9408e-05	0.096601	supercritical
406.00	618.00	226.52	0.0044145	755.63	1028.4	3.7171	2.1678	3.2170	863.77	-0.010907	2.9366e-05	0.096600	supercritical
407.00	618.00	226.01	0.0044245	758.22	1031.7	3.7250	2.1707	3.2182	863.19	-0.010856	2.9325e-05	0.096601	supercritical
408.00	618.00	225.50	0.0044346	760.82	1034.9	3.7329	2.1737	3.2195	862.61	-0.010805	2.9284e-05	0.096604	supercritical
409.00	618.00	224.99	0.0044446	763.43	1038.1	3.7408	2.1767	3.2207	862.04	-0.010756	2.9244e-05	0.096608	supercritical
410.00	618.00	224.49	0.0044546	766.03	1041.3	3.7487	2.1797	3.2219	861.48	-0.010708	2.9204e-05	0.096613	supercritical
411.00	618.00	223.98	0.0044646	768.63	1044.5	3.7565	2.1827	3.2231	860.92	-0.010661	2.9165e-05	0.096620	supercritical
412.00	618.00	223.48	0.0044747	771.23	1047.8	3.7643	2.1857	3.2244	860.38	-0.010615	2.9126e-05	0.096629	supercritical
413.00	618.00	222.98	0.0044847	773.84	1051.0	3.7722	2.1887	3.2257	859.84	-0.010571	2.9088e-05	0.096639	supercritical
414.00	618.00	222.48	0.0044947	776.45	1054.2	3.7800	2.1917	3.2269	859.31	-0.010527	2.9050e-05	0.096650	supercritical
415.00	618.00	221.99	0.0045048	779.05	1057.4	3.7877	2.1947	3.2282	858.79	-0.010484	2.9013e-05	0.096662	supercritical
416.00	618.00	221.49	0.0045148	781.66	1060.7	3.7955	2.1978	3.2295	858.27	-0.010443	2.8976e-05	0.096676	supercritical
417.00	618.00	221.00	0.0045248	784.27	1063.9	3.8033	2.2008	3.2308	857.76	-0.010402	2.8940e-05	0.096691	supercritical
418.00	618.00	220.51	0.0045349	786.88	1067.1	3.8110	2.2039	3.2321	857.26	-0.010363	2.8904e-05	0.096708	supercritical
419.00	618.00	220.02	0.0045449	789.49	1070.4	3.8187	2.2069	3.2335	856.77	-0.010325	2.8869e-05	0.096726	supercritical
420.00	618.00	219.54	0.0045550	792.11	1073.6	3.8265	2.2100	3.2348	856.29	-0.010288	2.8834e-05	0.096745	supercritical
421.00	618.00	219.06	0.0045650	794.72	1076.8	3.8341	2.2131	3.2362	855.81	-0.010251	2.8799e-05	0.096766	supercritical
422.00	618.00	218.57	0.0045751	797.34	1080.1	3.8418	2.2162	3.2375	855.34	-0.010216	2.8765e-05	0.096788	supercritical
423.00	618.00	218.09	0.0045852	799.95	1083.3	3.8495	2.2193	3.2389	854.88	-0.010182	2.8731e-05	0.096811	supercritical
424.00	618.00	217.62	0.0045952	802.57	1086.6	3.8571	2.2224	3.2403	854.42	-0.010148	2.8698e-05	0.096836	supercritical
425.00	618.00	217.14	0.0046053	805.19	1089.8	3.8648	2.2255	3.2417	853.97	-0.010116	2.8665e-05	0.096862	supercritical
426.00	618.00	216.67	0.0046154	807.81	1093.0	3.8724	2.2286	3.2431	853.53	-0.010085	2.8633e-05	0.096889	supercritical
427.00	618.00	216.20	0.0046254	810.43	1096.3	3.8800	2.2317	3.2445	853.10	-0.010055	2.8601e-05	0.096917	supercritical
428.00	618.00	215.73	0.0046355	813.05	1099.5	3.8876	2.2348	3.2459	852.67	-0.010025	2.8570e-05	0.096946	supercritical
429.00	618.00	215.26	0.0046456	815.68	1102.8	3.8952	2.2379	3.2473	852.25	-0.0099967	2.8539e-05	0.096977	supercritical
430.00	618.00	214.79	0.0046556	818.30	1106.0	3.9027	2.2411	3.2488	851.83	-0.0099693	2.8508e-05	0.097009	supercritical
431.00	618.00	214.33	0.0046657	820.93	1109.3	3.9103	2.2442	3.2503	851.43	-0.0099427	2.8478e-05	0.097043	supercritical
432.00	618.00	213.87	0.0046758	823.56	1112.5	3.9178	2.2474	3.2517	851.02	-0.0099170	2.8448e-05	0.097077	supercritical
433.00	618.00	213.41	0.0046859	826.19	1115.8	3.9253	2.2505	3.2532	850.63	-0.0098923	2.8418e-05	0.097113	supercritical
434.00	618.00	212.95	0.0046959	828.82	1119.0	3.9328	2.2537	3.2547	850.24	-0.0098684	2.8389e-05	0.097150	supercritical
435.00	618.00	212.49	0.0047060	831.45	1122.3	3.9403	2.2568	3.2562	849.86	-0.0098455	2.8360e-05	0.097188	supercritical
436.00	618.00	212.04	0.0047161	834.09	1125.5	3.9478	2.2600	3.2577	849.49	-0.0098234	2.8332e-05	0.097227	supercritical
437.00	618.00	211.59	0.0047262	836.72	1128.8	3.9553	2.2632	3.2592	849.12	-0.0098022	2.8304e-05	0.097267	supercritical
438.00	618.00	211.14	0.0047363	839.36	1132.1	3.9627	2.2664	3.2607	848.75	-0.0097818	2.8277e-05	0.097309	supercritical
439.00	618.00	210.69	0.0047464	842.00	1135.3	3.9702	2.2696	3.2623	848.40	-0.0097624	2.8250e-05	0.097351	supercritical
440.00	618.00	210.24	0.0047564	844.64	1138.6	3.9776	2.2728	3.2638	848.05	-0.0097437	2.8223e-05	0.097395	supercritical
441.00	618.00	209.80	0.0047665	847.28	1141.8	3.9850	2.2760	3.2654	847.70	-0.0097259	2.8196e-05	0.097440	supercritical
442.00	618.00	209.35	0.0047766	849.92	1145.1	3.9924	2.2792	3.2670	847.37	-0.0097089	2.8170e-05	0.097486	supercritical
443.00	618.00	208.91	0.0047867	852.56	1148.4	3.9998	2.2824	3.2686	847.03	-0.0096927	2.8145e-05	0.097533	supercritical
444.00	618.00	208.47	0.0047968	855.21	1151.7	4.0072	2.2856	3.2701	846.71	-0.0096773	2.8119e-05	0.097581	supercritical
445.00	618.00	208.03	0.0048069	857.86	1154.9	4.0145	2.2888	3.2717	846.39	-0.0096627	2.8094e-05	0.097631	supercritical
446.00	618.00	207.60	0.0048170	860.51	1158.2	4.0219	2.2921	3.2734	846.07	-0.0096489	2.8070e-05	0.097681	supercritical
447.00	618.00	207.16	0.0048271	863.16	1161.5	4.0292	2.2953	3.2750	845.76	-0.0096359	2.8045e-05	0.097732	supercritical
448.00	618.00	206.73	0.0048372	865.81	1164.7	4.0365	2.2985	3.2766	845.46	-0.0096236	2.8021e-05	0.097785	supercritical
449.00	618.00	206.30	0.0048473	868.46	1168.0	4.0438	2.3018	3.2783	845.16	-0.0096121	2.7998e-05	0.097839	supercritical
450.00	618.00	205.87	0.0048574	871.12	1171.3	4.0511	2.3050	3.2799	844.87	-0.0096014	2.7975e-05	0.097893	supercritical
451.00	618.00	205.45	0.0048675	873.77	1174.6	4.0584	2.3083	3.2816	844.58	-0.0095914	2.7952e-05	0.097949	supercritical
452.00	618.00	205.02	0.0048775	876.43	1177.9	4.0657	2.3115	3.2832	844.30	-0.0095821	2.7929e-05	0.098006	supercritical
453.00	618.00	204.60	0.0048876	879.09	1181.1	4.0729	2.3148	3.2849	844.03	-0.0095736	2.7907e-05	0.098063	supercritical
454.00	618.00	204.18	0.0048977	881.75	1184.4	4.0802	2.3181	3.2866	843.76	-0.0095657	2.7885e-05	0.098122	supercritical
455.00	618.00	203.76	0.0049078	884.42	1187.7	4.0874	2.3213	3.2883	843.49	-0.0095586	2.7863e-05	0.098182	supercritical
456.00	618.00	203.34	0.0049179	887.08	1191.0	4.0946	2.3246	3.2900	843.23	-0.0095522	2.7842e-05	0.098243	supercritical
457.00	618.00	202.92	0.0049280	889.75	1194.3	4.1018	2.3279	3.2917	842.98	-0.0095464	2.7821e-05	0.098304	supercritical
458.00	618.00	202.51	0.0049381	892.42	1197.6	4.1090	2.3312	3.2935	842.73	-0.0095413	2.7800e-05	0.098367	supercritical
459.00	618.00	202.09	0.0049482	895.09	1200.9	4.1162	2.3344	3.2952	842.48	-0.0095369	2.7780e-05	0.098431	supercritical
460.00	618.00	201.68	0.0049583	897.76	1204.2	4.1234	2.3377	3.2970	842.24	-0.0095332	2.7760e-05	0.098495	supercritical
461.00	618.00	201.27	0.0049684	900.44	1207.5	4.1305	2.3410	3.2987	842.01	-0.0095301	2.7740e-05	0.098561	supercritical
462.00	618.00	200.86	0.0049785	903.11	1210.8	4.1377	2.3443	3.3005	841.78	-0.0095277	2.7720e-05	0.098628	supercritical
463.00	618.00	200.46	0.0049886	905.79	1214.1	4.1448	2.3476	3.3023	841.55	-0.0095259	2.7701e-05	0.098695	supercritical
464.00	618.00	200.05	0.0049987	908.47	1217.4	4.1520	2.3510	3.3040	841.33	-0.0095247	2.7682e-05	0.098764	supercritical
465.00	618.00	199.65	0.0050088	911.15	1220.7	4.1591	2.3543	3.3058	841.12	-0.0095241	2.7664e-05	0.098833	supercritical
466.00	618.00	199.25	0.0050189	913.83	1224.0	4.1662	2.3576	3.3076	840.91	-0.0095242	2.7646e-05	0.098904	supercritical
467.00	618.00	198.85	0.0050290	916.52	1227.3	4.1733	2.3609	3.3095	840.70	-0.0095249	2.7628e-05	0.098975	supercritical
468.00	618.00	198.45	0.0050391	919.20	1230.6	4.1804	2.3642	3.3113	840.50	-0.0095261	2.7610e-05	0.099047	supercritical
469.00	618.00	198.05	0.0050492	921.89	1233.9	4.1874	2.3675	3.3131	840.31	-0.0095280	2.7592e-05	0.099120	supercritical
470.00	618.00	197.66	0.0050593	924.58	1237.2	4.1945	2.3709	3.3150	840.12	-0.0095304	2.7575e-05	0.099194	supercritical
471.00	618.00	197.26	0.0050693	927.27	1240.6	4.2015	2.3742	3.3168	839.93	-0.0095334	2.7558e-05	0.099269	supercritical
472.00	618.00	196.87	0.0050794	929.97	1243.9	4.2086	2.3776	3.3187	839.75	-0.0095369	2.7542e-05	0.099345	supercritical
473.00	618.00	196.48	0.0050895	932.66	1247.2	4.2156	2.3809	3.3205	839.57	-0.0095411	2.7525e-05	0.099422	supercritical
474.00	618.00	196.09	0.0050996	935.36	1250.5	4.2226	2.3842	3.3224	839.39	-0.0095457	2.7509e-05	0.099499	supercritical
475.00	618.00	195.71	0.0051097	938.06	1253.8	4.2296	2.3876	3.3243	839.22	-0.0095509	2.7493e-05	0.099578	supercritical
476.00	618.00	195.32	0.0051198	940.76	1257.2	4.2366	2.3909	3.3262	839.06	-0.0095567	2.7478e-05	0.099657	supercritical
477.00	618.00	194.94	0.0051299	943.47	1260.5	4.2436	2.3943	3.3281	838.90	-0.0095629	2.7463e-05	0.099737	supercritical
478.00	618.00	194.55	0.0051400	946.17	1263.8	4.2506	2.3976	3.3300	838.74	-0.0095697	2.7448e-05	0.099818	supercritical
479.00	618.00	194.17	0.0051501	948.88	1267.2	4.2575	2.4010	3.3319	838.59	-0.0095770	2.7433e-05	0.099900	supercritical
480.00	618.00	193.79	0.0051601	951.59	1270.5	4.2645	2.4044	3.3338	838.44	-0.0095848	2.7418e-05	0.099983	supercritical
481.00	618.00	193.42	0.0051702	954.30	1273.8	4.2714	2.4077	3.3358	838.30	-0.0095931	2.7404e-05	0.10007	supercritical
482.00	618.00	193.04	0.0051803	957.02	1277.2	4.2783	2.4111	3.3377	838.16	-0.0096019	2.7390e-05	0.10015	supercritical
483.00	618.00	192.66	0.0051904	959.73	1280.5	4.2853	2.4145	3.3397	838.02	-0.0096111	2.7376e-05	0.10024	supercritical
484.00	618.00	192.29	0.0052005	962.45	1283.8	4.2922	2.4178	3.3416	837.89	-0.0096209	2.7363e-05	0.10032	supercritical
485.00	618.00	191.92	0.0052106	965.17	1287.2	4.2991	2.4212	3.3436	837.76	-0.0096311	2.7349e-05	0.10041	supercritical
486.00	618.00	191.55	0.0052206	967.89	1290.5	4.3060	2.4246	3.3456	837.64	-0.0096417	2.7336e-05	0.10050	supercritical
487.00	618.00	191.18	0.0052307	970.61	1293.9	4.3128	2.4280	3.3476	837.52	-0.0096528	2.7323e-05	0.10058	supercritical
488.00	618.00	190.81	0.0052408	973.34	1297.2	4.3197	2.4314	3.3495	837.40	-0.0096644	2.7311e-05	0.10067	supercritical
489.00	618.00	190.44	0.0052509	976.07	1300.6	4.3266	2.4348	3.3516	837.29	-0.0096764	2.7298e-05	0.10076	supercritical
490.00	618.00	190.08	0.0052609	978.80	1303.9	4.3334	2.4381	3.3536	837.18	-0.0096888	2.7286e-05	0.10085	supercritical
491.00	618.00	189.72	0.0052710	981.53	1307.3	4.3403	2.4415	3.3556	837.07	-0.0097017	2.7274e-05	0.10095	supercritical
492.00	618.00	189.36	0.0052811	984.26	1310.6	4.3471	2.4449	3.3576	836.97	-0.0097150	2.7263e-05	0.10104	supercritical
493.00	618.00	188.99	0.0052911	987.00	1314.0	4.3539	2.4483	3.3596	836.87	-0.0097287	2.7251e-05	0.10113	supercritical
494.00	618.00	188.64	0.0053012	989.74	1317.4	4.3607	2.4517	3.3617	836.78	-0.0097428	2.7240e-05	0.10123	supercritical
495.00	618.00	188.28	0.0053113	992.48	1320.7	4.3675	2.4551	3.3637	836.69	-0.0097573	2.7229e-05	0.10132	supercritical
496.00	618.00	187.92	0.0053214	995.22	1324.1	4.3743	2.4585	3.3658	836.60	-0.0097722	2.7218e-05	0.10142	supercritical
497.00	618.00	187.57	0.0053314	997.97	1327.4	4.3811	2.4619	3.3678	836.52	-0.0097875	2.7208e-05	0.10151	supercritical
498.00	618.00	187.21	0.0053415	1000.7	1330.8	4.3879	2.4653	3.3699	836.44	-0.0098031	2.7197e-05	0.10161	supercritical
499.00	618.00	186.86	0.0053515	1003.5	1334.2	4.3946	2.4687	3.3720	836.36	-0.0098192	2.7187e-05	0.10171	supercritical
500.00	618.00	186.51	0.0053616	1006.2	1337.6	4.4014	2.4722	3.3741	836.29	-0.0098356	2.7177e-05	0.10180	supercritical
501.00	618.00	186.16	0.0053717	1009.0	1340.9	4.4081	2.4756	3.3762	836.22	-0.0098524	2.7167e-05	0.10190	supercritical
502.00	618.00	185.81	0.0053817	1011.7	1344.3	4.4148	2.4790	3.3783	836.15	-0.0098695	2.7158e-05	0.10200	supercritical
503.00	618.00	185.47	0.0053918	1014.5	1347.7	4.4216	2.4824	3.3804	836.09	-0.0098870	2.7148e-05	0.10210	supercritical
504.00	618.00	185.12	0.0054018	1017.2	1351.1	4.4283	2.4858	3.3825	836.03	-0.0099048	2.7139e-05	0.10221	supercritical
505.00	618.00	184.78	0.0054119	1020.0	1354.5	4.4350	2.4892	3.3846	835.97	-0.0099230	2.7130e-05	0.10231	supercritical
506.00	618.00	184.44	0.0054219	1022.8	1357.8	4.4417	2.4927	3.3867	835.92	-0.0099415	2.7122e-05	0.10241	supercritical
507.00	618.00	184.09	0.0054320	1025.5	1361.2	4.4484	2.4961	3.3889	835.87	-0.0099603	2.7113e-05	0.10251	supercritical
508.00	618.00	183.76	0.0054420	1028.3	1364.6	4.4551	2.4995	3.3910	835.82	-0.0099795	2.7105e-05	0.10262	supercritical
509.00	618.00	183.42	0.0054521	1031.1	1368.0	4.4617	2.5029	3.3932	835.78	-0.0099990	2.7097e-05	0.10272	supercritical
510.00	618.00	183.08	0.0054621	1033.8	1371.4	4.4684	2.5064	3.3953	835.73	-0.010019	2.7089e-05	0.10283	supercritical
511.00	618.00	182.74	0.0054722	1036.6	1374.8	4.4750	2.5098	3.3975	835.70	-0.010039	2.7081e-05	0.10293	supercritical
512.00	618.00	182.41	0.0054822	1039.4	1378.2	4.4817	2.5132	3.3997	835.66	-0.010059	2.7073e-05	0.10304	supercritical
513.00	618.00	182.08	0.0054922	1042.2	1381.6	4.4883	2.5167	3.4018	835.63	-0.010080	2.7066e-05	0.10315	supercritical
514.00	618.00	181.74	0.0055023	1045.0	1385.0	4.4950	2.5201	3.4040	835.60	-0.010101	2.7059e-05	0.10326	supercritical
515.00	618.00	181.41	0.0055123	1047.8	1388.4	4.5016	2.5235	3.4062	835.57	-0.010122	2.7052e-05	0.10336	supercritical
516.00	618.00	181.08	0.0055223	1050.5	1391.8	4.5082	2.5270	3.4084	835.55	-0.010144	2.7045e-05	0.10347	supercritical
517.00	618.00	180.75	0.0055324	1053.3	1395.2	4.5148	2.5304	3.4106	835.53	-0.010166	2.7038e-05	0.10358	supercritical
518.00	618.00	180.43	0.0055424	1056.1	1398.6	4.5214	2.5338	3.4128	835.51	-0.010188	2.7032e-05	0.10369	supercritical
519.00	618.00	180.10	0.0055524	1058.9	1402.1	4.5280	2.5373	3.4150	835.50	-0.010210	2.7025e-05	0.10381	supercritical
520.00	618.00	179.78	0.0055625	1061.7	1405.5	4.5345	2.5407	3.4172	835.49	-0.010233	2.7019e-05	0.10392	supercritical
521.00	618.00	179.45	0.0055725	1064.5	1408.9	4.5411	2.5442	3.4195	835.48	-0.010255	2.7013e-05	0.10403	supercritical
522.00	618.00	179.13	0.0055825	1067.3	1412.3	4.5477	2.5476	3.4217	835.47	-0.010279	2.7007e-05	0.10414	supercritical
523.00	618.00	178.81	0.0055925	1070.1	1415.7	4.5542	2.5511	3.4240	835.47	-0.010302	2.7002e-05	0.10426	supercritical
524.00	618.00	178.49	0.0056025	1072.9	1419.2	4.5608	2.5545	3.4262	835.47	-0.010326	2.6996e-05	0.10437	supercritical
525.00	618.00	178.17	0.0056126	1075.7	1422.6	4.5673	2.5579	3.4285	835.47	-0.010349	2.6991e-05	0.10449	supercritical
526.00	618.00	177.85	0.0056226	1078.5	1426.0	4.5738	2.5614	3.4307	835.48	-0.010374	2.6986e-05	0.10460	supercritical
527.00	618.00	177.54	0.0056326	1081.4	1429.4	4.5803	2.5648	3.4330	835.48	-0.010398	2.6981e-05	0.10472	supercritical
528.00	618.00	177.22	0.0056426	1084.2	1432.9	4.5868	2.5683	3.4352	835.49	-0.010422	2.6976e-05	0.10484	supercritical
529.00	618.00	176.91	0.0056526	1087.0	1436.3	4.5933	2.5717	3.4375	835.51	-0.010447	2.6971e-05	0.10495	supercritical
530.00	618.00	176.60	0.0056626	1089.8	1439.8	4.5998	2.5752	3.4398	835.52	-0.010472	2.6967e-05	0.10507	supercritical
531.00	618.00	176.29	0.0056726	1092.6	1443.2	4.6063	2.5786	3.4421	835.54	-0.010497	2.6963e-05	0.10519	supercritical
532.00	618.00	175.98	0.0056826	1095.5	1446.6	4.6128	2.5821	3.4444	835.56	-0.010523	2.6958e-05	0.10531	supercritical
533.00	618.00	175.67	0.0056926	1098.3	1450.1	4.6193	2.5855	3.4467	835.58	-0.010548	2.6954e-05	0.10543	supercritical
534.00	618.00	175.36	0.0057026	1101.1	1453.5	4.6257	2.5890	3.4490	835.61	-0.010574	2.6951e-05	0.10555	supercritical
535.00	618.00	175.05	0.0057126	1103.9	1457.0	4.6322	2.5925	3.4513	835.63	-0.010600	2.6947e-05	0.10567	supercritical
536.00	618.00	174.75	0.0057226	1106.8	1460.4	4.6386	2.5959	3.4536	835.66	-0.010626	2.6943e-05	0.10579	supercritical
537.00	618.00	174.44	0.0057326	1109.6	1463.9	4.6451	2.5994	3.4560	835.70	-0.010653	2.6940e-05	0.10591	supercritical
538.00	618.00	174.14	0.0057426	1112.5	1467.3	4.6515	2.6028	3.4583	835.73	-0.010679	2.6937e-05	0.10604	supercritical
539.00	618.00	173.84	0.0057526	1115.3	1470.8	4.6579	2.6063	3.4606	835.77	-0.010706	2.6933e-05	0.10616	supercritical
540.00	618.00	173.53	0.0057625	1118.1	1474.3	4.6644	2.6097	3.4630	835.81	-0.010733	2.6930e-05	0.10628	supercritical
541.00	618.00	173.23	0.0057725	1121.0	1477.7	4.6708	2.6132	3.4653	835.85	-0.010760	2.6928e-05	0.10641	supercritical
542.00	618.00	172.94	0.0057825	1123.8	1481.2	4.6772	2.6167	3.4676	835.89	-0.010787	2.6925e-05	0.10653	supercritical
543.00	618.00	172.64	0.0057925	1126.7	1484.7	4.6836	2.6201	3.4700	835.94	-0.010814	2.6922e-05	0.10666	supercritical
544.00	618.00	172.34	0.0058025	1129.5	1488.1	4.6899	2.6236	3.4724	835.99	-0.010842	2.6920e-05	0.10679	supercritical
545.00	618.00	172.05	0.0058124	1132.4	1491.6	4.6963	2.6270	3.4747	836.04	-0.010870	2.6918e-05	0.10691	supercritical
546.00	618.00	171.75	0.0058224	1135.3	1495.1	4.7027	2.6305	3.4771	836.09	-0.010897	2.6916e-05	0.10704	supercritical
547.00	618.00	171.46	0.0058324	1138.1	1498.6	4.7091	2.6339	3.4795	836.14	-0.010925	2.6914e-05	0.10717	supercritical
548.00	618.00	171.16	0.0058423	1141.0	1502.0	4.7154	2.6374	3.4819	836.20	-0.010954	2.6912e-05	0.10730	supercritical
549.00	618.00	170.87	0.0058523	1143.9	1505.5	4.7218	2.6409	3.4842	836.26	-0.010982	2.6910e-05	0.10742	supercritical
550.00	618.00	170.58	0.0058623	1146.7	1509.0	4.7281	2.6443	3.4866	836.32	-0.011010	2.6908e-05	0.10755	supercritical
551.00	618.00	170.29	0.0058722	1149.6	1512.5	4.7344	2.6478	3.4890	836.38	-0.011039	2.6907e-05	0.10768	supercritical
552.00	618.00	170.01	0.0058822	1152.5	1516.0	4.7408	2.6513	3.4914	836.45	-0.011068	2.6906e-05	0.10781	supercritical
553.00	618.00	169.72	0.0058921	1155.4	1519.5	4.7471	2.6547	3.4938	836.52	-0.011096	2.6904e-05	0.10795	supercritical
554.00	618.00	169.43	0.0059021	1158.2	1523.0	4.7534	2.6582	3.4962	836.59	-0.011125	2.6903e-05	0.10808	supercritical
555.00	618.00	169.15	0.0059120	1161.1	1526.5	4.7597	2.6616	3.4987	836.66	-0.011154	2.6902e-05	0.10821	supercritical
556.00	618.00	168.86	0.0059220	1164.0	1530.0	4.7660	2.6651	3.5011	836.73	-0.011184	2.6902e-05	0.10834	supercritical
557.00	618.00	168.58	0.0059319	1166.9	1533.5	4.7723	2.6686	3.5035	836.81	-0.011213	2.6901e-05	0.10847	supercritical
558.00	618.00	168.30	0.0059419	1169.8	1537.0	4.7786	2.6720	3.5059	836.88	-0.011242	2.6900e-05	0.10861	supercritical
559.00	618.00	168.02	0.0059518	1172.7	1540.5	4.7849	2.6755	3.5084	836.96	-0.011272	2.6900e-05	0.10874	supercritical
560.00	618.00	167.74	0.0059618	1175.6	1544.0	4.7912	2.6789	3.5108	837.05	-0.011302	2.6900e-05	0.10888	supercritical
561.00	618.00	167.46	0.0059717	1178.5	1547.5	4.7974	2.6824	3.5132	837.13	-0.011331	2.6899e-05	0.10901	supercritical
562.00	618.00	167.18	0.0059816	1181.4	1551.0	4.8037	2.6859	3.5157	837.21	-0.011361	2.6899e-05	0.10915	supercritical
563.00	618.00	166.90	0.0059916	1184.3	1554.5	4.8099	2.6893	3.5181	837.30	-0.011391	2.6899e-05	0.10928	supercritical
564.00	618.00	166.63	0.0060015	1187.2	1558.1	4.8162	2.6928	3.5206	837.39	-0.011421	2.6900e-05	0.10942	supercritical
565.00	618.00	166.35	0.0060114	1190.1	1561.6	4.8224	2.6962	3.5230	837.48	-0.011451	2.6900e-05	0.10956	supercritical
566.00	618.00	166.08	0.0060213	1193.0	1565.1	4.8286	2.6997	3.5255	837.57	-0.011481	2.6900e-05	0.10969	supercritical
567.00	618.00	165.80	0.0060313	1195.9	1568.6	4.8349	2.7032	3.5280	837.67	-0.011512	2.6901e-05	0.10983	supercritical
568.00	618.00	165.53	0.0060412	1198.8	1572.2	4.8411	2.7066	3.5304	837.76	-0.011542	2.6901e-05	0.10997	supercritical
569.00	618.00	165.26	0.0060511	1201.7	1575.7	4.8473	2.7101	3.5329	837.86	-0.011573	2.6902e-05	0.11011	supercritical
570.00	618.00	164.99	0.0060610	1204.7	1579.2	4.8535	2.7135	3.5354	837.96	-0.011603	2.6903e-05	0.11025	supercritical
571.00	618.00	164.72	0.0060709	1207.6	1582.8	4.8597	2.7170	3.5379	838.06	-0.011634	2.6904e-05	0.11039	supercritical
572.00	618.00	164.45	0.0060808	1210.5	1586.3	4.8659	2.7205	3.5404	838.16	-0.011665	2.6905e-05	0.11053	supercritical
573.00	618.00	164.18	0.0060907	1213.4	1589.9	4.8721	2.7239	3.5429	838.27	-0.011695	2.6906e-05	0.11067	supercritical
574.00	618.00	163.92	0.0061006	1216.4	1593.4	4.8783	2.7274	3.5454	838.37	-0.011726	2.6907e-05	0.11081	supercritical
575.00	618.00	163.65	0.0061105	1219.3	1596.9	4.8844	2.7308	3.5479	838.48	-0.011757	2.6909e-05	0.11095	supercritical
576.00	618.00	163.39	0.0061204	1222.2	1600.5	4.8906	2.7343	3.5504	838.59	-0.011788	2.6910e-05	0.11109	supercritical
577.00	618.00	163.12	0.0061303	1225.2	1604.0	4.8968	2.7377	3.5529	838.70	-0.011819	2.6912e-05	0.11124	supercritical
578.00	618.00	162.86	0.0061402	1228.1	1607.6	4.9029	2.7412	3.5554	838.82	-0.011850	2.6914e-05	0.11138	supercritical
579.00	618.00	162.60	0.0061501	1231.1	1611.2	4.9091	2.7447	3.5579	838.93	-0.011881	2.6916e-05	0.11152	supercritical
580.00	618.00	162.34	0.0061600	1234.0	1614.7	4.9152	2.7481	3.5604	839.05	-0.011913	2.6917e-05	0.11167	supercritical
581.00	618.00	162.08	0.0061699	1237.0	1618.3	4.9213	2.7516	3.5629	839.16	-0.011944	2.6919e-05	0.11181	supercritical
582.00	618.00	161.82	0.0061798	1239.9	1621.8	4.9275	2.7550	3.5655	839.28	-0.011975	2.6922e-05	0.11195	supercritical
583.00	618.00	161.56	0.0061897	1242.9	1625.4	4.9336	2.7585	3.5680	839.40	-0.012007	2.6924e-05	0.11210	supercritical
584.00	618.00	161.30	0.0061996	1245.8	1629.0	4.9397	2.7619	3.5705	839.53	-0.012038	2.6926e-05	0.11225	supercritical
585.00	618.00	161.05	0.0062094	1248.8	1632.5	4.9458	2.7654	3.5730	839.65	-0.012069	2.6929e-05	0.11239	supercritical
586.00	618.00	160.79	0.0062193	1251.8	1636.1	4.9519	2.7688	3.5756	839.77	-0.012101	2.6931e-05	0.11254	supercritical
587.00	618.00	160.53	0.0062292	1254.7	1639.7	4.9580	2.7723	3.5781	839.90	-0.012133	2.6934e-05	0.11268	supercritical
588.00	618.00	160.28	0.0062391	1257.7	1643.3	4.9641	2.7757	3.5807	840.03	-0.012164	2.6936e-05	0.11283	supercritical
589.00	618.00	160.03	0.0062489	1260.7	1646.9	4.9702	2.7792	3.5832	840.16	-0.012196	2.6939e-05	0.11298	supercritical
590.00	618.00	159.78	0.0062588	1263.6	1650.4	4.9763	2.7826	3.5858	840.29	-0.012227	2.6942e-05	0.11313	supercritical
591.00	618.00	159.52	0.0062687	1266.6	1654.0	4.9824	2.7861	3.5883	840.42	-0.012259	2.6945e-05	0.11328	supercritical
592.00	618.00	159.27	0.0062785	1269.6	1657.6	4.9884	2.7895	3.5909	840.56	-0.012291	2.6948e-05	0.11343	supercritical
593.00	618.00	159.02	0.0062884	1272.6	1661.2	4.9945	2.7930	3.5934	840.69	-0.012323	2.6951e-05	0.11357	supercritical
594.00	618.00	158.77	0.0062982	1275.6	1664.8	5.0006	2.7964	3.5960	840.83	-0.012354	2.6955e-05	0.11372	supercritical
595.00	618.00	158.53	0.0063081	1278.6	1668.4	5.0066	2.7999	3.5986	840.97	-0.012386	2.6958e-05	0.11387	supercritical
596.00	618.00	158.28	0.0063179	1281.6	1672.0	5.0126	2.8033	3.6012	841.11	-0.012418	2.6961e-05	0.11403	supercritical
597.00	618.00	158.03	0.0063278	1284.5	1675.6	5.0187	2.8067	3.6037	841.25	-0.012450	2.6965e-05	0.11418	supercritical
598.00	618.00	157.79	0.0063376	1287.5	1679.2	5.0247	2.8102	3.6063	841.39	-0.012482	2.6969e-05	0.11433	supercritical
599.00	618.00	157.54	0.0063475	1290.5	1682.8	5.0307	2.8136	3.6089	841.53	-0.012514	2.6972e-05	0.11448	supercritical
600.00	618.00	157.30	0.0063573	1293.5	1686.4	5.0368	2.8171	3.6115	841.68	-0.012546	2.6976e-05	0.11463	supercritical
601.00	618.00	157.06	0.0063672	1296.6	1690.0	5.0428	2.8205	3.6140	841.82	-0.012577	2.6980e-05	0.11478	supercritical
602.00	618.00	156.81	0.0063770	1299.6	1693.7	5.0488	2.8240	3.6166	841.97	-0.012609	2.6984e-05	0.11494	supercritical
603.00	618.00	156.57	0.0063868	1302.6	1697.3	5.0548	2.8274	3.6192	842.12	-0.012641	2.6988e-05	0.11509	supercritical
604.00	618.00	156.33	0.0063967	1305.6	1700.9	5.0608	2.8308	3.6218	842.27	-0.012673	2.6992e-05	0.11524	supercritical
605.00	618.00	156.09	0.0064065	1308.6	1704.5	5.0668	2.8343	3.6244	842.42	-0.012705	2.6996e-05	0.11540	supercritical
606.00	618.00	155.85	0.0064163	1311.6	1708.1	5.0728	2.8377	3.6270	842.57	-0.012737	2.7001e-05	0.11555	supercritical
607.00	618.00	155.61	0.0064261	1314.6	1711.8	5.0788	2.8411	3.6296	842.73	-0.012769	2.7005e-05	0.11571	supercritical
608.00	618.00	155.38	0.0064360	1317.7	1715.4	5.0847	2.8446	3.6322	842.88	-0.012801	2.7010e-05	0.11586	supercritical
609.00	618.00	155.14	0.0064458	1320.7	1719.0	5.0907	2.8480	3.6348	843.04	-0.012833	2.7014e-05	0.11602	supercritical
610.00	618.00	154.90	0.0064556	1323.7	1722.7	5.0967	2.8514	3.6374	843.19	-0.012865	2.7019e-05	0.11617	supercritical
611.00	618.00	154.67	0.0064654	1326.7	1726.3	5.1026	2.8549	3.6401	843.35	-0.012897	2.7024e-05	0.11633	supercritical
612.00	618.00	154.43	0.0064752	1329.8	1730.0	5.1086	2.8583	3.6427	843.51	-0.012929	2.7028e-05	0.11649	supercritical
613.00	618.00	154.20	0.0064850	1332.8	1733.6	5.1145	2.8617	3.6453	843.67	-0.012961	2.7033e-05	0.11664	supercritical
614.00	618.00	153.97	0.0064948	1335.9	1737.2	5.1205	2.8651	3.6479	843.84	-0.012993	2.7038e-05	0.11680	supercritical
615.00	618.00	153.74	0.0065047	1338.9	1740.9	5.1264	2.8686	3.6505	844.00	-0.013025	2.7043e-05	0.11696	supercritical
616.00	618.00	153.50	0.0065145	1342.0	1744.5	5.1324	2.8720	3.6532	844.16	-0.013057	2.7048e-05	0.11712	supercritical
617.00	618.00	153.27	0.0065243	1345.0	1748.2	5.1383	2.8754	3.6558	844.33	-0.013089	2.7053e-05	0.11728	supercritical
618.00	618.00	153.04	0.0065341	1348.1	1751.9	5.1442	2.8788	3.6584	844.50	-0.013121	2.7059e-05	0.11743	supercritical
619.00	618.00	152.82	0.0065438	1351.1	1755.5	5.1501	2.8823	3.6610	844.66	-0.013153	2.7064e-05	0.11759	supercritical
620.00	618.00	152.59	0.0065536	1354.2	1759.2	5.1560	2.8857	3.6637	844.83	-0.013185	2.7069e-05	0.11775	supercritical
621.00	618.00	152.36	0.0065634	1357.2	1762.8	5.1619	2.8891	3.6663	845.00	-0.013217	2.7075e-05	0.11791	supercritical
622.00	618.00	152.13	0.0065732	1360.3	1766.5	5.1678	2.8925	3.6690	845.17	-0.013249	2.7080e-05	0.11807	supercritical
623.00	618.00	151.91	0.0065830	1363.4	1770.2	5.1737	2.8959	3.6716	845.34	-0.013281	2.7086e-05	0.11823	supercritical
624.00	618.00	151.68	0.0065928	1366.4	1773.9	5.1796	2.8994	3.6742	845.52	-0.013313	2.7092e-05	0.11839	supercritical
625.00	618.00	151.46	0.0066026	1369.5	1777.5	5.1855	2.9028	3.6769	845.69	-0.013345	2.7098e-05	0.11856	supercritical
