Temperature (K)	Pressure (bar)	Density (kg/m3)	Volume (m3/kg)	Internal Energy (kJ/kg)	Enthalpy (kJ/kg)	Entropy (J/g*K)	Cv (J/g*K)	Cp (J/g*K)	Sound Spd. (m/s)	Joule-Thomson (K/bar)	Viscosity (Pa*s)	Therm. Cond. (W/m*K)	Phase
102.00	427.00	462.65	0.0021615	-56.621	35.674	-0.56319	2.1964	3.2309	1705.7	-0.051448	0.00023277	0.23400	liquid
103.00	427.00	461.60	0.0021664	-53.600	38.905	-0.53167	2.1919	3.2311	1699.2	-0.051374	0.00022578	0.23297	liquid
104.00	427.00	460.55	0.0021713	-50.579	42.136	-0.50045	2.1874	3.2314	1692.8	-0.051298	0.00021919	0.23192	liquid
105.00	427.00	459.50	0.0021763	-47.559	45.368	-0.46952	2.1829	3.2316	1686.4	-0.051219	0.00021296	0.23087	liquid
106.00	427.00	458.45	0.0021812	-44.539	48.599	-0.43889	2.1786	3.2319	1679.9	-0.051139	0.00020708	0.22981	liquid
107.00	427.00	457.41	0.0021862	-41.521	51.832	-0.40854	2.1742	3.2323	1673.5	-0.051057	0.00020151	0.22874	liquid
108.00	427.00	456.36	0.0021913	-38.503	55.064	-0.37847	2.1699	3.2326	1667.0	-0.050973	0.00019623	0.22767	liquid
109.00	427.00	455.31	0.0021963	-35.485	58.297	-0.34868	2.1657	3.2329	1660.6	-0.050887	0.00019122	0.22659	liquid
110.00	427.00	454.26	0.0022014	-32.469	61.530	-0.31915	2.1615	3.2333	1654.1	-0.050800	0.00018646	0.22550	liquid
111.00	427.00	453.21	0.0022065	-29.453	64.763	-0.28989	2.1573	3.2336	1647.7	-0.050710	0.00018193	0.22441	liquid
112.00	427.00	452.16	0.0022116	-26.438	67.997	-0.26089	2.1531	3.2339	1641.2	-0.050619	0.00017762	0.22332	liquid
113.00	427.00	451.12	0.0022167	-23.423	71.231	-0.23214	2.1490	3.2343	1634.8	-0.050526	0.00017351	0.22222	liquid
114.00	427.00	450.07	0.0022219	-20.409	74.466	-0.20364	2.1449	3.2346	1628.4	-0.050432	0.00016959	0.22112	liquid
115.00	427.00	449.02	0.0022271	-17.396	77.700	-0.17539	2.1408	3.2350	1621.9	-0.050335	0.00016584	0.22001	liquid
116.00	427.00	447.97	0.0022323	-14.384	80.936	-0.14738	2.1367	3.2353	1615.5	-0.050237	0.00016225	0.21890	liquid
117.00	427.00	446.92	0.0022376	-11.372	84.171	-0.11961	2.1327	3.2356	1609.1	-0.050137	0.00015882	0.21779	liquid
118.00	427.00	445.87	0.0022428	-8.3618	87.407	-0.092067	2.1287	3.2360	1602.7	-0.050036	0.00015553	0.21668	liquid
119.00	427.00	444.82	0.0022481	-5.3519	90.643	-0.064758	2.1247	3.2363	1596.2	-0.049932	0.00015238	0.21556	liquid
120.00	427.00	443.76	0.0022534	-2.3429	93.879	-0.037674	2.1208	3.2366	1589.8	-0.049827	0.00014935	0.21445	liquid
121.00	427.00	442.71	0.0022588	0.66534	97.116	-0.010813	2.1168	3.2369	1583.5	-0.049720	0.00014644	0.21333	liquid
122.00	427.00	441.66	0.0022642	3.6727	100.35	0.015830	2.1129	3.2373	1577.1	-0.049611	0.00014364	0.21221	liquid
123.00	427.00	440.61	0.0022696	6.6791	103.59	0.042258	2.1091	3.2376	1570.7	-0.049500	0.00014094	0.21110	liquid
124.00	427.00	439.55	0.0022750	9.6847	106.83	0.068475	2.1052	3.2379	1564.3	-0.049387	0.00013835	0.20998	liquid
125.00	427.00	438.50	0.0022805	12.689	110.07	0.094483	2.1014	3.2382	1558.0	-0.049272	0.00013585	0.20886	liquid
126.00	427.00	437.45	0.0022860	15.693	113.30	0.12029	2.0975	3.2385	1551.6	-0.049155	0.00013344	0.20775	liquid
127.00	427.00	436.39	0.0022915	18.696	116.54	0.14589	2.0938	3.2388	1545.3	-0.049036	0.00013111	0.20663	liquid
128.00	427.00	435.34	0.0022971	21.698	119.78	0.17129	2.0900	3.2391	1539.0	-0.048915	0.00012886	0.20552	liquid
129.00	427.00	434.28	0.0023026	24.699	123.02	0.19650	2.0863	3.2395	1532.7	-0.048792	0.00012668	0.20440	liquid
130.00	427.00	433.23	0.0023083	27.699	126.26	0.22152	2.0826	3.2398	1526.4	-0.048667	0.00012458	0.20329	liquid
131.00	427.00	432.17	0.0023139	30.698	129.50	0.24635	2.0789	3.2401	1520.1	-0.048539	0.00012254	0.20218	liquid
132.00	427.00	431.11	0.0023196	33.696	132.74	0.27099	2.0752	3.2404	1513.9	-0.048410	0.00012057	0.20107	liquid
133.00	427.00	430.06	0.0023253	36.693	135.98	0.29544	2.0716	3.2407	1507.6	-0.048278	0.00011866	0.19997	liquid
134.00	427.00	429.00	0.0023310	39.689	139.22	0.31972	2.0680	3.2411	1501.4	-0.048144	0.00011681	0.19886	liquid
135.00	427.00	427.94	0.0023368	42.684	142.46	0.34382	2.0644	3.2414	1495.1	-0.048008	0.00011501	0.19776	liquid
136.00	427.00	426.88	0.0023426	45.678	145.71	0.36774	2.0608	3.2417	1488.9	-0.047869	0.00011326	0.19666	liquid
137.00	427.00	425.82	0.0023484	48.671	148.95	0.39149	2.0573	3.2421	1482.7	-0.047728	0.00011157	0.19557	liquid
138.00	427.00	424.76	0.0023543	51.663	152.19	0.41507	2.0538	3.2424	1476.6	-0.047585	0.00010992	0.19448	liquid
139.00	427.00	423.70	0.0023602	54.653	155.43	0.43848	2.0503	3.2428	1470.4	-0.047439	0.00010832	0.19339	liquid
140.00	427.00	422.64	0.0023661	57.643	158.68	0.46173	2.0469	3.2431	1464.2	-0.047290	0.00010676	0.19230	liquid
141.00	427.00	421.57	0.0023721	60.632	161.92	0.48482	2.0435	3.2435	1458.1	-0.047140	0.00010525	0.19122	liquid
142.00	427.00	420.51	0.0023781	63.620	165.16	0.50774	2.0401	3.2439	1452.0	-0.046986	0.00010377	0.19014	liquid
143.00	427.00	419.45	0.0023841	66.606	168.41	0.53051	2.0367	3.2443	1445.9	-0.046831	0.00010234	0.18906	liquid
144.00	427.00	418.38	0.0023902	69.592	171.65	0.55311	2.0334	3.2447	1439.8	-0.046672	0.00010094	0.18799	liquid
145.00	427.00	417.32	0.0023963	72.576	174.90	0.57557	2.0301	3.2451	1433.7	-0.046511	9.9574e-05	0.18692	liquid
146.00	427.00	416.25	0.0024024	75.559	178.14	0.59788	2.0268	3.2455	1427.7	-0.046347	9.8245e-05	0.18586	liquid
147.00	427.00	415.19	0.0024086	78.542	181.39	0.62003	2.0236	3.2459	1421.7	-0.046181	9.6948e-05	0.18480	liquid
148.00	427.00	414.12	0.0024148	81.523	184.63	0.64204	2.0203	3.2464	1415.6	-0.046012	9.5683e-05	0.18375	liquid
149.00	427.00	413.05	0.0024210	84.503	187.88	0.66390	2.0171	3.2468	1409.6	-0.045840	9.4448e-05	0.18270	liquid
150.00	427.00	411.98	0.0024273	87.482	191.13	0.68562	2.0140	3.2473	1403.7	-0.045665	9.3243e-05	0.18165	liquid
151.00	427.00	410.91	0.0024336	90.460	194.37	0.70720	2.0109	3.2477	1397.7	-0.045488	9.2066e-05	0.18061	liquid
152.00	427.00	409.84	0.0024399	93.437	197.62	0.72864	2.0078	3.2482	1391.8	-0.045308	9.0916e-05	0.17957	liquid
153.00	427.00	408.77	0.0024463	96.412	200.87	0.74994	2.0047	3.2487	1385.8	-0.045125	8.9792e-05	0.17854	liquid
154.00	427.00	407.70	0.0024528	99.387	204.12	0.77110	2.0017	3.2492	1379.9	-0.044939	8.8694e-05	0.17752	liquid
155.00	427.00	406.63	0.0024592	102.36	207.37	0.79214	1.9986	3.2497	1374.1	-0.044750	8.7620e-05	0.17649	liquid
156.00	427.00	405.56	0.0024657	105.33	210.62	0.81304	1.9957	3.2502	1368.2	-0.044558	8.6569e-05	0.17548	liquid
157.00	427.00	404.49	0.0024723	108.30	213.87	0.83381	1.9927	3.2508	1362.3	-0.044363	8.5541e-05	0.17447	liquid
158.00	427.00	403.41	0.0024789	111.27	217.12	0.85445	1.9898	3.2513	1356.5	-0.044166	8.4536e-05	0.17346	liquid
159.00	427.00	402.34	0.0024855	114.24	220.37	0.87496	1.9869	3.2519	1350.7	-0.043965	8.3552e-05	0.17246	liquid
160.00	427.00	401.26	0.0024921	117.21	223.62	0.89535	1.9841	3.2525	1344.9	-0.043761	8.2588e-05	0.17146	liquid
161.00	427.00	400.19	0.0024988	120.18	226.88	0.91562	1.9812	3.2531	1339.2	-0.043554	8.1645e-05	0.17047	liquid
162.00	427.00	399.11	0.0025056	123.14	230.13	0.93577	1.9785	3.2537	1333.4	-0.043344	8.0721e-05	0.16949	liquid
163.00	427.00	398.03	0.0025124	126.11	233.38	0.95579	1.9757	3.2543	1327.7	-0.043131	7.9815e-05	0.16851	liquid
164.00	427.00	396.95	0.0025192	129.07	236.64	0.97570	1.9730	3.2550	1322.0	-0.042915	7.8928e-05	0.16753	liquid
165.00	427.00	395.88	0.0025260	132.03	239.89	0.99549	1.9703	3.2556	1316.3	-0.042696	7.8059e-05	0.16656	liquid
166.00	427.00	394.80	0.0025329	134.99	243.15	1.0152	1.9676	3.2563	1310.6	-0.042474	7.7207e-05	0.16560	liquid
167.00	427.00	393.72	0.0025399	137.95	246.41	1.0347	1.9650	3.2569	1305.0	-0.042248	7.6371e-05	0.16464	liquid
168.00	427.00	392.64	0.0025469	140.91	249.66	1.0542	1.9624	3.2576	1299.4	-0.042019	7.5552e-05	0.16369	liquid
169.00	427.00	391.55	0.0025539	143.87	252.92	1.0735	1.9598	3.2583	1293.8	-0.041787	7.4748e-05	0.16275	liquid
170.00	427.00	390.47	0.0025610	146.83	256.18	1.0927	1.9573	3.2590	1288.2	-0.041552	7.3960e-05	0.16181	liquid
171.00	427.00	389.39	0.0025681	149.78	259.44	1.1118	1.9547	3.2598	1282.6	-0.041313	7.3187e-05	0.16087	liquid
172.00	427.00	388.31	0.0025753	152.74	262.70	1.1309	1.9523	3.2605	1277.1	-0.041071	7.2428e-05	0.15994	liquid
173.00	427.00	387.22	0.0025825	155.69	265.96	1.1498	1.9498	3.2613	1271.6	-0.040826	7.1683e-05	0.15902	liquid
174.00	427.00	386.14	0.0025897	158.64	269.22	1.1686	1.9474	3.2620	1266.1	-0.040578	7.0952e-05	0.15811	liquid
175.00	427.00	385.05	0.0025970	161.59	272.49	1.1872	1.9450	3.2628	1260.7	-0.040326	7.0234e-05	0.15720	liquid
176.00	427.00	383.97	0.0026044	164.54	275.75	1.2058	1.9427	3.2636	1255.2	-0.040071	6.9529e-05	0.15629	liquid
177.00	427.00	382.88	0.0026118	167.49	279.01	1.2243	1.9404	3.2644	1249.8	-0.039813	6.8837e-05	0.15539	liquid
178.00	427.00	381.79	0.0026192	170.44	282.28	1.2427	1.9381	3.2652	1244.4	-0.039551	6.8157e-05	0.15450	liquid
179.00	427.00	380.71	0.0026267	173.38	285.54	1.2610	1.9359	3.2660	1239.0	-0.039286	6.7489e-05	0.15362	liquid
180.00	427.00	379.62	0.0026342	176.33	288.81	1.2792	1.9336	3.2669	1233.7	-0.039017	6.6832e-05	0.15274	liquid
181.00	427.00	378.53	0.0026418	179.27	292.08	1.2973	1.9315	3.2677	1228.4	-0.038745	6.6188e-05	0.15186	liquid
182.00	427.00	377.44	0.0026494	182.21	295.34	1.3153	1.9293	3.2686	1223.1	-0.038470	6.5554e-05	0.15099	liquid
183.00	427.00	376.35	0.0026571	185.16	298.61	1.3332	1.9272	3.2694	1217.8	-0.038192	6.4931e-05	0.15013	liquid
184.00	427.00	375.26	0.0026648	188.10	301.88	1.3511	1.9251	3.2703	1212.6	-0.037910	6.4319e-05	0.14928	liquid
185.00	427.00	374.17	0.0026726	191.03	305.15	1.3688	1.9231	3.2712	1207.3	-0.037624	6.3717e-05	0.14843	liquid
186.00	427.00	373.08	0.0026804	193.97	308.43	1.3864	1.9210	3.2721	1202.1	-0.037335	6.3125e-05	0.14759	liquid
187.00	427.00	371.99	0.0026883	196.91	311.70	1.4040	1.9190	3.2730	1197.0	-0.037043	6.2543e-05	0.14675	liquid
188.00	427.00	370.89	0.0026962	199.84	314.97	1.4214	1.9171	3.2739	1191.8	-0.036748	6.1971e-05	0.14593	liquid
189.00	427.00	369.80	0.0027042	202.78	318.25	1.4388	1.9152	3.2748	1186.7	-0.036449	6.1408e-05	0.14510	liquid
190.00	427.00	368.71	0.0027122	205.71	321.52	1.4561	1.9133	3.2757	1181.6	-0.036146	6.0854e-05	0.14429	liquid
191.00	427.00	367.61	0.0027202	208.64	324.80	1.4733	1.9114	3.2767	1176.5	-0.035841	6.0310e-05	0.14348	supercritical
192.00	427.00	366.52	0.0027284	211.57	328.08	1.4904	1.9096	3.2776	1171.5	-0.035531	5.9774e-05	0.14267	supercritical
193.00	427.00	365.43	0.0027365	214.50	331.35	1.5074	1.9078	3.2786	1166.4	-0.035219	5.9247e-05	0.14187	supercritical
194.00	427.00	364.33	0.0027448	217.43	334.63	1.5244	1.9061	3.2795	1161.5	-0.034903	5.8728e-05	0.14107	supercritical
195.00	427.00	363.24	0.0027530	220.36	337.91	1.5412	1.9043	3.2805	1156.5	-0.034584	5.8217e-05	0.14029	supercritical
196.00	427.00	362.14	0.0027614	223.28	341.19	1.5580	1.9026	3.2814	1151.5	-0.034261	5.7715e-05	0.13950	supercritical
197.00	427.00	361.04	0.0027697	226.21	344.48	1.5747	1.9010	3.2824	1146.6	-0.033935	5.7220e-05	0.13873	supercritical
198.00	427.00	359.95	0.0027782	229.13	347.76	1.5913	1.8994	3.2834	1141.8	-0.033606	5.6733e-05	0.13796	supercritical
199.00	427.00	358.85	0.0027867	232.05	351.04	1.6079	1.8978	3.2844	1136.9	-0.033273	5.6253e-05	0.13720	supercritical
200.00	427.00	357.76	0.0027952	234.97	354.33	1.6244	1.8962	3.2853	1132.1	-0.032938	5.5781e-05	0.13644	supercritical
201.00	427.00	356.66	0.0028038	237.89	357.61	1.6407	1.8947	3.2863	1127.3	-0.032599	5.5317e-05	0.13569	supercritical
202.00	427.00	355.56	0.0028124	240.81	360.90	1.6571	1.8932	3.2873	1122.5	-0.032256	5.4859e-05	0.13494	supercritical
203.00	427.00	354.47	0.0028211	243.72	364.19	1.6733	1.8917	3.2883	1117.7	-0.031911	5.4408e-05	0.13421	supercritical
204.00	427.00	353.37	0.0028299	246.64	367.48	1.6894	1.8903	3.2893	1113.0	-0.031562	5.3964e-05	0.13348	supercritical
205.00	427.00	352.27	0.0028387	249.55	370.77	1.7055	1.8889	3.2903	1108.3	-0.031210	5.3527e-05	0.13275	supercritical
206.00	427.00	351.18	0.0028476	252.47	374.06	1.7215	1.8875	3.2912	1103.7	-0.030855	5.3096e-05	0.13203	supercritical
207.00	427.00	350.08	0.0028565	255.38	377.35	1.7375	1.8862	3.2922	1099.0	-0.030496	5.2672e-05	0.13132	supercritical
208.00	427.00	348.98	0.0028655	258.29	380.64	1.7534	1.8849	3.2932	1094.4	-0.030135	5.2254e-05	0.13061	supercritical
209.00	427.00	347.89	0.0028745	261.19	383.93	1.7692	1.8836	3.2942	1089.9	-0.029771	5.1842e-05	0.12991	supercritical
210.00	427.00	346.79	0.0028836	264.10	387.23	1.7849	1.8824	3.2952	1085.3	-0.029403	5.1436e-05	0.12922	supercritical
211.00	427.00	345.69	0.0028927	267.01	390.52	1.8005	1.8812	3.2961	1080.8	-0.029033	5.1036e-05	0.12853	supercritical
212.00	427.00	344.60	0.0029019	269.91	393.82	1.8161	1.8800	3.2971	1076.3	-0.028659	5.0642e-05	0.12785	supercritical
213.00	427.00	343.50	0.0029112	272.81	397.12	1.8316	1.8789	3.2980	1071.8	-0.028283	5.0254e-05	0.12718	supercritical
214.00	427.00	342.41	0.0029205	275.71	400.42	1.8471	1.8778	3.2990	1067.4	-0.027904	4.9871e-05	0.12651	supercritical
215.00	427.00	341.31	0.0029299	278.61	403.72	1.8625	1.8767	3.3000	1063.0	-0.027522	4.9494e-05	0.12584	supercritical
216.00	427.00	340.21	0.0029393	281.51	407.02	1.8778	1.8757	3.3009	1058.7	-0.027137	4.9122e-05	0.12519	supercritical
217.00	427.00	339.12	0.0029488	284.40	410.32	1.8930	1.8747	3.3018	1054.3	-0.026749	4.8756e-05	0.12454	supercritical
218.00	427.00	338.03	0.0029584	287.30	413.62	1.9082	1.8737	3.3028	1050.0	-0.026359	4.8395e-05	0.12389	supercritical
219.00	427.00	336.93	0.0029680	290.19	416.92	1.9233	1.8728	3.3037	1045.7	-0.025966	4.8038e-05	0.12326	supercritical
220.00	427.00	335.84	0.0029776	293.08	420.23	1.9384	1.8719	3.3046	1041.5	-0.025570	4.7687e-05	0.12263	supercritical
221.00	427.00	334.74	0.0029874	295.97	423.53	1.9534	1.8710	3.3055	1037.3	-0.025172	4.7341e-05	0.12200	supercritical
222.00	427.00	333.65	0.0029971	298.86	426.84	1.9683	1.8702	3.3064	1033.1	-0.024771	4.7000e-05	0.12138	supercritical
223.00	427.00	332.56	0.0030070	301.75	430.15	1.9832	1.8694	3.3072	1028.9	-0.024368	4.6663e-05	0.12077	supercritical
224.00	427.00	331.47	0.0030169	304.63	433.45	1.9980	1.8686	3.3081	1024.8	-0.023963	4.6331e-05	0.12016	supercritical
225.00	427.00	330.38	0.0030268	307.52	436.76	2.0127	1.8679	3.3089	1020.7	-0.023555	4.6004e-05	0.11956	supercritical
226.00	427.00	329.29	0.0030369	310.40	440.07	2.0274	1.8671	3.3098	1016.7	-0.023145	4.5681e-05	0.11897	supercritical
227.00	427.00	328.20	0.0030469	313.28	443.38	2.0420	1.8665	3.3106	1012.6	-0.022732	4.5363e-05	0.11838	supercritical
228.00	427.00	327.11	0.0030571	316.16	446.69	2.0565	1.8658	3.3114	1008.7	-0.022318	4.5049e-05	0.11779	supercritical
229.00	427.00	326.02	0.0030673	319.03	450.00	2.0710	1.8652	3.3122	1004.7	-0.021901	4.4739e-05	0.11722	supercritical
230.00	427.00	324.94	0.0030775	321.91	453.32	2.0855	1.8646	3.3129	1000.8	-0.021482	4.4434e-05	0.11665	supercritical
231.00	427.00	323.85	0.0030878	324.78	456.63	2.0998	1.8641	3.3137	996.86	-0.021062	4.4133e-05	0.11608	supercritical
232.00	427.00	322.77	0.0030982	327.65	459.94	2.1142	1.8635	3.3144	992.99	-0.020639	4.3836e-05	0.11552	supercritical
233.00	427.00	321.68	0.0031086	330.52	463.26	2.1284	1.8630	3.3151	989.16	-0.020215	4.3543e-05	0.11497	supercritical
234.00	427.00	320.60	0.0031191	333.39	466.57	2.1426	1.8626	3.3158	985.36	-0.019789	4.3254e-05	0.11443	supercritical
235.00	427.00	319.52	0.0031297	336.25	469.89	2.1568	1.8622	3.3165	981.59	-0.019361	4.2969e-05	0.11388	supercritical
236.00	427.00	318.44	0.0031403	339.12	473.21	2.1708	1.8618	3.3172	977.85	-0.018932	4.2687e-05	0.11335	supercritical
237.00	427.00	317.36	0.0031510	341.98	476.53	2.1849	1.8614	3.3178	974.15	-0.018501	4.2410e-05	0.11282	supercritical
238.00	427.00	316.28	0.0031617	344.84	479.84	2.1988	1.8611	3.3184	970.47	-0.018069	4.2136e-05	0.11230	supercritical
239.00	427.00	315.21	0.0031725	347.70	483.16	2.2128	1.8608	3.3190	966.84	-0.017635	4.1866e-05	0.11178	supercritical
240.00	427.00	314.13	0.0031834	350.55	486.48	2.2266	1.8605	3.3196	963.23	-0.017200	4.1600e-05	0.11127	supercritical
241.00	427.00	313.06	0.0031943	353.41	489.80	2.2404	1.8602	3.3202	959.65	-0.016764	4.1337e-05	0.11077	supercritical
242.00	427.00	311.99	0.0032053	356.26	493.12	2.2542	1.8600	3.3207	956.11	-0.016327	4.1078e-05	0.11027	supercritical
243.00	427.00	310.92	0.0032163	359.11	496.44	2.2679	1.8599	3.3212	952.60	-0.015889	4.0822e-05	0.10977	supercritical
244.00	427.00	309.85	0.0032274	361.95	499.76	2.2815	1.8597	3.3217	949.13	-0.015450	4.0569e-05	0.10928	supercritical
245.00	427.00	308.78	0.0032385	364.80	503.09	2.2951	1.8596	3.3221	945.69	-0.015010	4.0320e-05	0.10880	supercritical
246.00	427.00	307.72	0.0032498	367.64	506.41	2.3086	1.8595	3.3225	942.28	-0.014569	4.0074e-05	0.10833	supercritical
247.00	427.00	306.65	0.0032610	370.49	509.73	2.3221	1.8594	3.3229	938.90	-0.014127	3.9832e-05	0.10785	supercritical
248.00	427.00	305.59	0.0032724	373.32	513.05	2.3355	1.8594	3.3233	935.56	-0.013685	3.9593e-05	0.10739	supercritical
249.00	427.00	304.53	0.0032838	376.16	516.38	2.3489	1.8594	3.3237	932.24	-0.013242	3.9356e-05	0.10693	supercritical
250.00	427.00	303.47	0.0032952	379.00	519.70	2.3622	1.8594	3.3240	928.97	-0.012799	3.9124e-05	0.10648	supercritical
251.00	427.00	302.42	0.0033067	381.83	523.03	2.3755	1.8595	3.3243	925.72	-0.012356	3.8894e-05	0.10603	supercritical
252.00	427.00	301.36	0.0033183	384.66	526.35	2.3887	1.8596	3.3246	922.51	-0.011913	3.8667e-05	0.10559	supercritical
253.00	427.00	300.31	0.0033299	387.49	529.67	2.4019	1.8597	3.3248	919.33	-0.011469	3.8443e-05	0.10515	supercritical
254.00	427.00	299.26	0.0033416	390.31	533.00	2.4150	1.8599	3.3250	916.18	-0.011025	3.8222e-05	0.10472	supercritical
255.00	427.00	298.21	0.0033533	393.14	536.32	2.4281	1.8600	3.3252	913.07	-0.010581	3.8004e-05	0.10429	supercritical
256.00	427.00	297.17	0.0033651	395.96	539.65	2.4411	1.8602	3.3254	909.99	-0.010138	3.7789e-05	0.10387	supercritical
257.00	427.00	296.12	0.0033770	398.78	542.98	2.4540	1.8605	3.3255	906.94	-0.0096942	3.7577e-05	0.10345	supercritical
258.00	427.00	295.08	0.0033889	401.60	546.30	2.4670	1.8607	3.3256	903.92	-0.0092511	3.7367e-05	0.10304	supercritical
259.00	427.00	294.04	0.0034009	404.41	549.63	2.4798	1.8610	3.3257	900.94	-0.0088085	3.7161e-05	0.10264	supercritical
260.00	427.00	293.01	0.0034129	407.22	552.95	2.4926	1.8614	3.3257	897.99	-0.0083663	3.6957e-05	0.10224	supercritical
261.00	427.00	291.97	0.0034250	410.03	556.28	2.5054	1.8617	3.3257	895.07	-0.0079248	3.6755e-05	0.10185	supercritical
262.00	427.00	290.94	0.0034371	412.84	559.60	2.5181	1.8621	3.3257	892.18	-0.0074839	3.6557e-05	0.10146	supercritical
263.00	427.00	289.91	0.0034493	415.64	562.93	2.5308	1.8625	3.3257	889.33	-0.0070438	3.6361e-05	0.10107	supercritical
264.00	427.00	288.89	0.0034616	418.45	566.26	2.5434	1.8629	3.3256	886.50	-0.0066046	3.6168e-05	0.10070	supercritical
265.00	427.00	287.86	0.0034739	421.25	569.58	2.5560	1.8634	3.3255	883.71	-0.0061664	3.5977e-05	0.10032	supercritical
266.00	427.00	286.84	0.0034862	424.04	572.91	2.5685	1.8639	3.3253	880.95	-0.0057292	3.5788e-05	0.099954	supercritical
267.00	427.00	285.82	0.0034987	426.84	576.23	2.5810	1.8644	3.3252	878.23	-0.0052932	3.5603e-05	0.099591	supercritical
268.00	427.00	284.81	0.0035111	429.63	579.56	2.5934	1.8649	3.3250	875.53	-0.0048585	3.5419e-05	0.099233	supercritical
269.00	427.00	283.80	0.0035237	432.42	582.88	2.6058	1.8655	3.3248	872.87	-0.0044251	3.5238e-05	0.098880	supercritical
270.00	427.00	282.79	0.0035362	435.21	586.21	2.6181	1.8661	3.3245	870.24	-0.0039931	3.5060e-05	0.098533	supercritical
271.00	427.00	281.78	0.0035489	437.99	589.53	2.6304	1.8667	3.3242	867.64	-0.0035627	3.4884e-05	0.098190	supercritical
272.00	427.00	280.78	0.0035616	440.78	592.85	2.6427	1.8674	3.3239	865.07	-0.0031338	3.4710e-05	0.097852	supercritical
273.00	427.00	279.78	0.0035743	443.56	596.18	2.6549	1.8681	3.3236	862.53	-0.0027067	3.4538e-05	0.097519	supercritical
274.00	427.00	278.78	0.0035871	446.33	599.50	2.6670	1.8688	3.3232	860.03	-0.0022814	3.4369e-05	0.097190	supercritical
275.00	427.00	277.78	0.0035999	449.11	602.82	2.6791	1.8695	3.3229	857.55	-0.0018579	3.4202e-05	0.096867	supercritical
276.00	427.00	276.79	0.0036128	451.88	606.15	2.6912	1.8703	3.3224	855.11	-0.0014364	3.4037e-05	0.096548	supercritical
277.00	427.00	275.80	0.0036258	454.65	609.47	2.7032	1.8710	3.3220	852.69	-0.0010170	3.3875e-05	0.096234	supercritical
278.00	427.00	274.82	0.0036387	457.42	612.79	2.7152	1.8718	3.3215	850.31	-0.00059971	3.3714e-05	0.095925	supercritical
279.00	427.00	273.84	0.0036518	460.18	616.11	2.7271	1.8727	3.3210	847.95	-0.00018464	3.3556e-05	0.095621	supercritical
280.00	427.00	272.86	0.0036649	462.94	619.43	2.7390	1.8735	3.3205	845.63	0.00022813	3.3400e-05	0.095321	supercritical
281.00	427.00	271.89	0.0036780	465.70	622.75	2.7508	1.8744	3.3199	843.33	0.00063851	3.3246e-05	0.095026	supercritical
282.00	427.00	270.91	0.0036912	468.46	626.07	2.7626	1.8753	3.3194	841.07	0.0010464	3.3094e-05	0.094735	supercritical
283.00	427.00	269.95	0.0037044	471.21	629.39	2.7744	1.8763	3.3188	838.83	0.0014518	3.2944e-05	0.094449	supercritical
284.00	427.00	268.98	0.0037177	473.96	632.71	2.7861	1.8772	3.3181	836.63	0.0018545	3.2796e-05	0.094167	supercritical
285.00	427.00	268.02	0.0037311	476.71	636.03	2.7977	1.8782	3.3175	834.45	0.0022546	3.2650e-05	0.093890	supercritical
286.00	427.00	267.06	0.0037444	479.46	639.35	2.8093	1.8793	3.3168	832.31	0.0026518	3.2506e-05	0.093617	supercritical
287.00	427.00	266.11	0.0037579	482.20	642.66	2.8209	1.8803	3.3161	830.19	0.0030462	3.2364e-05	0.093349	supercritical
288.00	427.00	265.16	0.0037713	484.94	645.98	2.8325	1.8814	3.3154	828.10	0.0034377	3.2224e-05	0.093084	supercritical
289.00	427.00	264.21	0.0037848	487.68	649.29	2.8439	1.8824	3.3147	826.04	0.0038262	3.2086e-05	0.092825	supercritical
290.00	427.00	263.27	0.0037984	490.42	652.61	2.8554	1.8836	3.3139	824.00	0.0042116	3.1949e-05	0.092569	supercritical
291.00	427.00	262.33	0.0038120	493.15	655.92	2.8668	1.8847	3.3131	822.00	0.0045939	3.1815e-05	0.092318	supercritical
292.00	427.00	261.39	0.0038256	495.88	659.23	2.8782	1.8858	3.3123	820.02	0.0049730	3.1682e-05	0.092071	supercritical
293.00	427.00	260.46	0.0038393	498.61	662.55	2.8895	1.8870	3.3115	818.07	0.0053488	3.1551e-05	0.091828	supercritical
294.00	427.00	259.53	0.0038531	501.33	665.86	2.9008	1.8882	3.3106	816.15	0.0057214	3.1422e-05	0.091589	supercritical
295.00	427.00	258.61	0.0038668	504.05	669.17	2.9120	1.8895	3.3098	814.25	0.0060905	3.1294e-05	0.091354	supercritical
296.00	427.00	257.69	0.0038806	506.77	672.48	2.9232	1.8907	3.3089	812.38	0.0064562	3.1169e-05	0.091123	supercritical
297.00	427.00	256.77	0.0038945	509.49	675.78	2.9344	1.8920	3.3080	810.54	0.0068183	3.1045e-05	0.090897	supercritical
298.00	427.00	255.86	0.0039084	512.20	679.09	2.9455	1.8933	3.3071	808.73	0.0071769	3.0923e-05	0.090674	supercritical
299.00	427.00	254.95	0.0039223	514.92	682.40	2.9566	1.8946	3.3061	806.94	0.0075320	3.0802e-05	0.090455	supercritical
300.00	427.00	254.05	0.0039363	517.62	685.70	2.9676	1.8960	3.3052	805.18	0.0078833	3.0683e-05	0.090240	supercritical
301.00	427.00	253.15	0.0039503	520.33	689.01	2.9786	1.8973	3.3042	803.44	0.0082309	3.0566e-05	0.090029	supercritical
302.00	427.00	252.25	0.0039643	523.04	692.31	2.9896	1.8987	3.3032	801.73	0.0085748	3.0450e-05	0.089821	supercritical
303.00	427.00	251.36	0.0039784	525.74	695.62	3.0005	1.9001	3.3022	800.04	0.0089149	3.0336e-05	0.089618	supercritical
304.00	427.00	250.47	0.0039925	528.44	698.92	3.0114	1.9016	3.3012	798.38	0.0092511	3.0223e-05	0.089418	supercritical
305.00	427.00	249.58	0.0040067	531.13	702.22	3.0222	1.9030	3.3002	796.75	0.0095834	3.0113e-05	0.089222	supercritical
306.00	427.00	248.70	0.0040209	533.83	705.52	3.0330	1.9045	3.2992	795.14	0.0099118	3.0003e-05	0.089030	supercritical
307.00	427.00	247.82	0.0040351	536.52	708.82	3.0438	1.9060	3.2981	793.55	0.010236	2.9895e-05	0.088841	supercritical
308.00	427.00	246.95	0.0040494	539.21	712.11	3.0545	1.9076	3.2971	791.99	0.010557	2.9789e-05	0.088656	supercritical
309.00	427.00	246.08	0.0040637	541.89	715.41	3.0652	1.9091	3.2960	790.45	0.010873	2.9684e-05	0.088474	supercritical
310.00	427.00	245.22	0.0040780	544.58	718.71	3.0758	1.9107	3.2949	788.94	0.011185	2.9580e-05	0.088296	supercritical
311.00	427.00	244.36	0.0040924	547.26	722.00	3.0864	1.9123	3.2938	787.44	0.011493	2.9478e-05	0.088121	supercritical
312.00	427.00	243.50	0.0041067	549.94	725.29	3.0970	1.9139	3.2927	785.98	0.011797	2.9378e-05	0.087950	supercritical
313.00	427.00	242.65	0.0041212	552.61	728.59	3.1075	1.9155	3.2916	784.53	0.012097	2.9279e-05	0.087782	supercritical
314.00	427.00	241.80	0.0041356	555.29	731.88	3.1180	1.9171	3.2905	783.11	0.012393	2.9181e-05	0.087618	supercritical
315.00	427.00	240.96	0.0041501	557.96	735.17	3.1285	1.9188	3.2894	781.71	0.012684	2.9085e-05	0.087457	supercritical
316.00	427.00	240.12	0.0041646	560.63	738.46	3.1389	1.9205	3.2883	780.34	0.012972	2.8989e-05	0.087299	supercritical
317.00	427.00	239.28	0.0041792	563.29	741.74	3.1493	1.9222	3.2872	778.98	0.013255	2.8896e-05	0.087144	supercritical
318.00	427.00	238.45	0.0041937	565.96	745.03	3.1597	1.9240	3.2861	777.65	0.013533	2.8803e-05	0.086993	supercritical
319.00	427.00	237.62	0.0042083	568.62	748.32	3.1700	1.9257	3.2849	776.34	0.013808	2.8712e-05	0.086845	supercritical
320.00	427.00	236.80	0.0042230	571.28	751.60	3.1802	1.9275	3.2838	775.05	0.014078	2.8623e-05	0.086700	supercritical
321.00	427.00	235.98	0.0042376	573.94	754.88	3.1905	1.9293	3.2827	773.79	0.014343	2.8534e-05	0.086558	supercritical
322.00	427.00	235.17	0.0042523	576.59	758.16	3.2007	1.9311	3.2815	772.54	0.014605	2.8447e-05	0.086420	supercritical
323.00	427.00	234.36	0.0042670	579.24	761.45	3.2109	1.9329	3.2804	771.31	0.014862	2.8361e-05	0.086284	supercritical
324.00	427.00	233.55	0.0042817	581.90	764.73	3.2210	1.9348	3.2793	770.11	0.015115	2.8276e-05	0.086152	supercritical
325.00	427.00	232.75	0.0042965	584.54	768.00	3.2311	1.9367	3.2781	768.92	0.015363	2.8193e-05	0.086022	supercritical
326.00	427.00	231.95	0.0043113	587.19	771.28	3.2412	1.9385	3.2770	767.76	0.015607	2.8110e-05	0.085896	supercritical
327.00	427.00	231.16	0.0043261	589.83	774.56	3.2512	1.9405	3.2759	766.61	0.015847	2.8029e-05	0.085772	supercritical
328.00	427.00	230.37	0.0043409	592.48	777.83	3.2612	1.9424	3.2747	765.49	0.016082	2.7949e-05	0.085651	supercritical
329.00	427.00	229.58	0.0043558	595.12	781.11	3.2712	1.9443	3.2736	764.38	0.016313	2.7870e-05	0.085534	supercritical
330.00	427.00	228.80	0.0043706	597.75	784.38	3.2811	1.9463	3.2725	763.30	0.016540	2.7793e-05	0.085419	supercritical
331.00	427.00	228.02	0.0043855	600.39	787.65	3.2910	1.9483	3.2714	762.23	0.016762	2.7716e-05	0.085307	supercritical
332.00	427.00	227.25	0.0044005	603.02	790.92	3.3009	1.9503	3.2703	761.18	0.016980	2.7641e-05	0.085197	supercritical
333.00	427.00	226.48	0.0044154	605.66	794.19	3.3107	1.9523	3.2692	760.15	0.017194	2.7566e-05	0.085091	supercritical
334.00	427.00	225.72	0.0044304	608.29	797.46	3.3205	1.9543	3.2681	759.14	0.017403	2.7493e-05	0.084987	supercritical
335.00	427.00	224.96	0.0044453	610.91	800.73	3.3303	1.9564	3.2670	758.14	0.017608	2.7421e-05	0.084886	supercritical
336.00	427.00	224.20	0.0044603	613.54	804.00	3.3400	1.9585	3.2659	757.16	0.017808	2.7350e-05	0.084788	supercritical
337.00	427.00	223.45	0.0044753	616.16	807.26	3.3497	1.9606	3.2648	756.21	0.018005	2.7280e-05	0.084692	supercritical
338.00	427.00	222.70	0.0044904	618.79	810.53	3.3594	1.9627	3.2638	755.26	0.018197	2.7211e-05	0.084599	supercritical
339.00	427.00	221.95	0.0045054	621.41	813.79	3.3690	1.9648	3.2627	754.34	0.018385	2.7143e-05	0.084508	supercritical
340.00	427.00	221.21	0.0045205	624.03	817.05	3.3787	1.9670	3.2617	753.43	0.018568	2.7075e-05	0.084420	supercritical
341.00	427.00	220.48	0.0045356	626.64	820.31	3.3882	1.9691	3.2606	752.54	0.018747	2.7009e-05	0.084335	supercritical
342.00	427.00	219.75	0.0045507	629.26	823.57	3.3978	1.9713	3.2596	751.67	0.018922	2.6944e-05	0.084252	supercritical
343.00	427.00	219.02	0.0045658	631.87	826.83	3.4073	1.9735	3.2586	750.81	0.019093	2.6880e-05	0.084172	supercritical
344.00	427.00	218.30	0.0045809	634.48	830.09	3.4168	1.9757	3.2576	749.97	0.019260	2.6817e-05	0.084094	supercritical
345.00	427.00	217.58	0.0045961	637.09	833.35	3.4262	1.9779	3.2566	749.14	0.019422	2.6755e-05	0.084018	supercritical
346.00	427.00	216.86	0.0046112	639.70	836.60	3.4357	1.9802	3.2556	748.34	0.019580	2.6694e-05	0.083945	supercritical
347.00	427.00	216.15	0.0046264	642.31	839.86	3.4451	1.9824	3.2546	747.54	0.019735	2.6633e-05	0.083874	supercritical
348.00	427.00	215.44	0.0046416	644.92	843.11	3.4544	1.9847	3.2537	746.76	0.019885	2.6574e-05	0.083806	supercritical
349.00	427.00	214.74	0.0046568	647.52	846.37	3.4638	1.9870	3.2528	746.00	0.020031	2.6516e-05	0.083740	supercritical
350.00	427.00	214.04	0.0046720	650.12	849.62	3.4731	1.9893	3.2518	745.25	0.020173	2.6458e-05	0.083676	supercritical
351.00	427.00	213.34	0.0046873	652.72	852.87	3.4823	1.9917	3.2509	744.52	0.020311	2.6401e-05	0.083615	supercritical
352.00	427.00	212.65	0.0047025	655.32	856.12	3.4916	1.9940	3.2500	743.80	0.020445	2.6345e-05	0.083556	supercritical
353.00	427.00	211.97	0.0047177	657.92	859.37	3.5008	1.9964	3.2491	743.09	0.020575	2.6290e-05	0.083499	supercritical
354.00	427.00	211.28	0.0047330	660.52	862.62	3.5100	1.9987	3.2483	742.40	0.020701	2.6236e-05	0.083444	supercritical
355.00	427.00	210.60	0.0047483	663.11	865.87	3.5192	2.0011	3.2474	741.73	0.020823	2.6183e-05	0.083391	supercritical
356.00	427.00	209.93	0.0047636	665.71	869.11	3.5283	2.0035	3.2466	741.06	0.020941	2.6130e-05	0.083341	supercritical
357.00	427.00	209.25	0.0047789	668.30	872.36	3.5374	2.0059	3.2458	740.41	0.021055	2.6078e-05	0.083293	supercritical
358.00	427.00	208.59	0.0047942	670.89	875.60	3.5465	2.0084	3.2450	739.78	0.021166	2.6028e-05	0.083247	supercritical
359.00	427.00	207.92	0.0048095	673.48	878.85	3.5555	2.0108	3.2442	739.15	0.021273	2.5977e-05	0.083203	supercritical
360.00	427.00	207.26	0.0048248	676.07	882.09	3.5645	2.0133	3.2435	738.55	0.021376	2.5928e-05	0.083161	supercritical
361.00	427.00	206.61	0.0048401	678.66	885.34	3.5735	2.0157	3.2427	737.95	0.021475	2.5880e-05	0.083121	supercritical
362.00	427.00	205.95	0.0048555	681.25	888.58	3.5825	2.0182	3.2420	737.37	0.021571	2.5832e-05	0.083084	supercritical
363.00	427.00	205.30	0.0048708	683.84	891.82	3.5914	2.0207	3.2413	736.79	0.021663	2.5785e-05	0.083048	supercritical
364.00	427.00	204.66	0.0048862	686.42	895.06	3.6004	2.0233	3.2406	736.24	0.021751	2.5738e-05	0.083014	supercritical
365.00	427.00	204.02	0.0049016	689.00	898.30	3.6093	2.0258	3.2399	735.69	0.021836	2.5693e-05	0.082983	supercritical
366.00	427.00	203.38	0.0049169	691.59	901.54	3.6181	2.0283	3.2393	735.16	0.021917	2.5648e-05	0.082953	supercritical
367.00	427.00	202.75	0.0049323	694.17	904.78	3.6270	2.0309	3.2386	734.63	0.021995	2.5604e-05	0.082925	supercritical
368.00	427.00	202.11	0.0049477	696.75	908.02	3.6358	2.0335	3.2380	734.12	0.022069	2.5560e-05	0.082899	supercritical
369.00	427.00	201.49	0.0049631	699.33	911.26	3.6446	2.0361	3.2374	733.62	0.022140	2.5518e-05	0.082875	supercritical
370.00	427.00	200.86	0.0049785	701.91	914.49	3.6533	2.0387	3.2369	733.14	0.022207	2.5475e-05	0.082853	supercritical
371.00	427.00	200.25	0.0049939	704.49	917.73	3.6621	2.0413	3.2363	732.66	0.022271	2.5434e-05	0.082833	supercritical
372.00	427.00	199.63	0.0050093	707.07	920.97	3.6708	2.0439	3.2358	732.19	0.022332	2.5393e-05	0.082815	supercritical
373.00	427.00	199.02	0.0050247	709.65	924.20	3.6794	2.0465	3.2353	731.74	0.022390	2.5353e-05	0.082798	supercritical
374.00	427.00	198.41	0.0050401	712.22	927.44	3.6881	2.0492	3.2348	731.30	0.022444	2.5314e-05	0.082783	supercritical
375.00	427.00	197.80	0.0050555	714.80	930.67	3.6967	2.0519	3.2343	730.86	0.022495	2.5275e-05	0.082771	supercritical
376.00	427.00	197.20	0.0050709	717.38	933.90	3.7054	2.0545	3.2339	730.44	0.022543	2.5237e-05	0.082760	supercritical
377.00	427.00	196.60	0.0050864	719.95	937.14	3.7139	2.0572	3.2335	730.03	0.022587	2.5200e-05	0.082750	supercritical
378.00	427.00	196.01	0.0051018	722.52	940.37	3.7225	2.0599	3.2331	729.63	0.022629	2.5163e-05	0.082743	supercritical
379.00	427.00	195.42	0.0051172	725.10	943.60	3.7311	2.0627	3.2327	729.24	0.022667	2.5127e-05	0.082737	supercritical
380.00	427.00	194.83	0.0051327	727.67	946.84	3.7396	2.0654	3.2323	728.86	0.022703	2.5091e-05	0.082733	supercritical
381.00	427.00	194.25	0.0051481	730.24	950.07	3.7481	2.0681	3.2320	728.49	0.022735	2.5056e-05	0.082730	supercritical
382.00	427.00	193.66	0.0051636	732.82	953.30	3.7565	2.0709	3.2317	728.12	0.022765	2.5021e-05	0.082729	supercritical
383.00	427.00	193.09	0.0051790	735.39	956.53	3.7650	2.0736	3.2314	727.77	0.022791	2.4988e-05	0.082730	supercritical
384.00	427.00	192.51	0.0051944	737.96	959.76	3.7734	2.0764	3.2311	727.43	0.022815	2.4954e-05	0.082733	supercritical
385.00	427.00	191.94	0.0052099	740.53	962.99	3.7818	2.0792	3.2309	727.10	0.022836	2.4922e-05	0.082737	supercritical
386.00	427.00	191.37	0.0052253	743.10	966.23	3.7902	2.0820	3.2307	726.77	0.022854	2.4889e-05	0.082743	supercritical
387.00	427.00	190.81	0.0052408	745.67	969.46	3.7986	2.0848	3.2305	726.46	0.022870	2.4858e-05	0.082750	supercritical
388.00	427.00	190.25	0.0052562	748.24	972.69	3.8069	2.0876	3.2303	726.15	0.022882	2.4827e-05	0.082759	supercritical
389.00	427.00	189.69	0.0052717	750.82	975.92	3.8152	2.0904	3.2301	725.85	0.022892	2.4796e-05	0.082770	supercritical
390.00	427.00	189.14	0.0052872	753.39	979.15	3.8235	2.0933	3.2300	725.56	0.022900	2.4766e-05	0.082782	supercritical
391.00	427.00	188.59	0.0053026	755.96	982.38	3.8318	2.0961	3.2299	725.28	0.022904	2.4737e-05	0.082796	supercritical
392.00	427.00	188.04	0.0053181	758.53	985.61	3.8400	2.0990	3.2298	725.01	0.022907	2.4708e-05	0.082811	supercritical
393.00	427.00	187.49	0.0053335	761.10	988.84	3.8482	2.1019	3.2297	724.75	0.022906	2.4679e-05	0.082828	supercritical
394.00	427.00	186.95	0.0053490	763.67	992.07	3.8565	2.1048	3.2297	724.49	0.022903	2.4651e-05	0.082846	supercritical
395.00	427.00	186.41	0.0053644	766.23	995.30	3.8646	2.1076	3.2297	724.25	0.022898	2.4624e-05	0.082866	supercritical
396.00	427.00	185.88	0.0053799	768.80	998.53	3.8728	2.1106	3.2297	724.01	0.022890	2.4597e-05	0.082887	supercritical
397.00	427.00	185.35	0.0053953	771.37	1001.8	3.8810	2.1135	3.2297	723.78	0.022880	2.4571e-05	0.082910	supercritical
398.00	427.00	184.82	0.0054108	773.94	1005.0	3.8891	2.1164	3.2297	723.55	0.022868	2.4545e-05	0.082934	supercritical
399.00	427.00	184.29	0.0054262	776.51	1008.2	3.8972	2.1193	3.2298	723.34	0.022853	2.4519e-05	0.082960	supercritical
400.00	427.00	183.77	0.0054417	779.08	1011.4	3.9053	2.1223	3.2299	723.13	0.022836	2.4494e-05	0.082987	supercritical
401.00	427.00	183.25	0.0054571	781.66	1014.7	3.9133	2.1252	3.2300	722.93	0.022817	2.4470e-05	0.083015	supercritical
402.00	427.00	182.73	0.0054726	784.23	1017.9	3.9214	2.1282	3.2301	722.74	0.022796	2.4446e-05	0.083045	supercritical
403.00	427.00	182.22	0.0054880	786.80	1021.1	3.9294	2.1312	3.2303	722.55	0.022772	2.4422e-05	0.083076	supercritical
404.00	427.00	181.70	0.0055035	789.37	1024.4	3.9374	2.1341	3.2305	722.37	0.022746	2.4399e-05	0.083109	supercritical
405.00	427.00	181.20	0.0055189	791.94	1027.6	3.9454	2.1371	3.2307	722.20	0.022719	2.4376e-05	0.083143	supercritical
406.00	427.00	180.69	0.0055343	794.51	1030.8	3.9534	2.1401	3.2309	722.03	0.022689	2.4354e-05	0.083178	supercritical
407.00	427.00	180.19	0.0055498	797.08	1034.1	3.9613	2.1431	3.2312	721.87	0.022657	2.4332e-05	0.083215	supercritical
408.00	427.00	179.69	0.0055652	799.65	1037.3	3.9692	2.1461	3.2314	721.72	0.022623	2.4311e-05	0.083253	supercritical
409.00	427.00	179.19	0.0055806	802.23	1040.5	3.9772	2.1492	3.2317	721.58	0.022587	2.4290e-05	0.083292	supercritical
410.00	427.00	178.70	0.0055961	804.80	1043.8	3.9850	2.1522	3.2321	721.44	0.022550	2.4269e-05	0.083333	supercritical
411.00	427.00	178.21	0.0056115	807.37	1047.0	3.9929	2.1552	3.2324	721.31	0.022510	2.4249e-05	0.083375	supercritical
412.00	427.00	177.72	0.0056269	809.95	1050.2	4.0008	2.1583	3.2328	721.18	0.022469	2.4229e-05	0.083418	supercritical
413.00	427.00	177.23	0.0056423	812.52	1053.4	4.0086	2.1614	3.2331	721.06	0.022426	2.4210e-05	0.083463	supercritical
414.00	427.00	176.75	0.0056577	815.10	1056.7	4.0164	2.1644	3.2335	720.95	0.022381	2.4191e-05	0.083508	supercritical
415.00	427.00	176.27	0.0056732	817.67	1059.9	4.0242	2.1675	3.2340	720.84	0.022334	2.4172e-05	0.083555	supercritical
416.00	427.00	175.79	0.0056886	820.25	1063.2	4.0320	2.1706	3.2344	720.74	0.022285	2.4154e-05	0.083604	supercritical
417.00	427.00	175.32	0.0057040	822.83	1066.4	4.0398	2.1737	3.2349	720.65	0.022235	2.4136e-05	0.083653	supercritical
418.00	427.00	174.84	0.0057194	825.40	1069.6	4.0475	2.1768	3.2354	720.56	0.022184	2.4118e-05	0.083704	supercritical
419.00	427.00	174.37	0.0057348	827.98	1072.9	4.0553	2.1799	3.2359	720.48	0.022130	2.4101e-05	0.083756	supercritical
420.00	427.00	173.91	0.0057502	830.56	1076.1	4.0630	2.1830	3.2364	720.40	0.022075	2.4085e-05	0.083809	supercritical
421.00	427.00	173.44	0.0057656	833.14	1079.3	4.0707	2.1861	3.2370	720.33	0.022019	2.4068e-05	0.083863	supercritical
422.00	427.00	172.98	0.0057809	835.72	1082.6	4.0784	2.1892	3.2376	720.26	0.021960	2.4052e-05	0.083919	supercritical
423.00	427.00	172.52	0.0057963	838.30	1085.8	4.0860	2.1924	3.2382	720.20	0.021901	2.4037e-05	0.083975	supercritical
424.00	427.00	172.07	0.0058117	840.88	1089.0	4.0937	2.1955	3.2388	720.15	0.021840	2.4021e-05	0.084033	supercritical
425.00	427.00	171.61	0.0058271	843.47	1092.3	4.1013	2.1987	3.2394	720.10	0.021777	2.4006e-05	0.084092	supercritical
426.00	427.00	171.16	0.0058424	846.05	1095.5	4.1089	2.2018	3.2401	720.05	0.021713	2.3992e-05	0.084152	supercritical
427.00	427.00	170.71	0.0058578	848.63	1098.8	4.1165	2.2050	3.2408	720.01	0.021648	2.3978e-05	0.084213	supercritical
428.00	427.00	170.27	0.0058732	851.22	1102.0	4.1241	2.2082	3.2415	719.98	0.021581	2.3964e-05	0.084276	supercritical
429.00	427.00	169.82	0.0058885	853.81	1105.2	4.1317	2.2114	3.2422	719.95	0.021513	2.3950e-05	0.084339	supercritical
430.00	427.00	169.38	0.0059039	856.39	1108.5	4.1392	2.2145	3.2430	719.92	0.021444	2.3937e-05	0.084404	supercritical
431.00	427.00	168.94	0.0059192	858.98	1111.7	4.1467	2.2177	3.2437	719.90	0.021373	2.3924e-05	0.084469	supercritical
432.00	427.00	168.50	0.0059345	861.57	1115.0	4.1543	2.2209	3.2445	719.89	0.021302	2.3911e-05	0.084536	supercritical
433.00	427.00	168.07	0.0059499	864.16	1118.2	4.1618	2.2241	3.2453	719.88	0.021229	2.3899e-05	0.084604	supercritical
434.00	427.00	167.64	0.0059652	866.75	1121.5	4.1692	2.2273	3.2461	719.87	0.021154	2.3887e-05	0.084673	supercritical
435.00	427.00	167.21	0.0059805	869.34	1124.7	4.1767	2.2306	3.2470	719.87	0.021079	2.3875e-05	0.084743	supercritical
436.00	427.00	166.78	0.0059959	871.94	1128.0	4.1842	2.2338	3.2478	719.88	0.021002	2.3864e-05	0.084814	supercritical
437.00	427.00	166.36	0.0060112	874.53	1131.2	4.1916	2.2370	3.2487	719.88	0.020925	2.3852e-05	0.084886	supercritical
438.00	427.00	165.93	0.0060265	877.13	1134.5	4.1990	2.2403	3.2496	719.90	0.020846	2.3842e-05	0.084959	supercritical
439.00	427.00	165.51	0.0060418	879.72	1137.7	4.2065	2.2435	3.2506	719.91	0.020766	2.3831e-05	0.085033	supercritical
440.00	427.00	165.10	0.0060571	882.32	1141.0	4.2139	2.2467	3.2515	719.94	0.020685	2.3821e-05	0.085108	supercritical
441.00	427.00	164.68	0.0060724	884.92	1144.2	4.2212	2.2500	3.2525	719.96	0.020603	2.3811e-05	0.085184	supercritical
442.00	427.00	164.27	0.0060877	887.52	1147.5	4.2286	2.2533	3.2534	719.99	0.020521	2.3801e-05	0.085261	supercritical
443.00	427.00	163.86	0.0061029	890.12	1150.7	4.2360	2.2565	3.2545	720.03	0.020437	2.3792e-05	0.085339	supercritical
444.00	427.00	163.45	0.0061182	892.72	1154.0	4.2433	2.2598	3.2555	720.06	0.020352	2.3783e-05	0.085418	supercritical
445.00	427.00	163.04	0.0061335	895.33	1157.2	4.2506	2.2631	3.2565	720.11	0.020266	2.3774e-05	0.085498	supercritical
446.00	427.00	162.63	0.0061487	897.93	1160.5	4.2579	2.2663	3.2576	720.15	0.020180	2.3765e-05	0.085579	supercritical
447.00	427.00	162.23	0.0061640	900.54	1163.7	4.2652	2.2696	3.2586	720.20	0.020092	2.3757e-05	0.085661	supercritical
448.00	427.00	161.83	0.0061793	903.15	1167.0	4.2725	2.2729	3.2597	720.26	0.020004	2.3749e-05	0.085744	supercritical
449.00	427.00	161.43	0.0061945	905.76	1170.3	4.2798	2.2762	3.2608	720.31	0.019914	2.3741e-05	0.085828	supercritical
450.00	427.00	161.04	0.0062097	908.37	1173.5	4.2870	2.2795	3.2620	720.38	0.019824	2.3734e-05	0.085913	supercritical
451.00	427.00	160.64	0.0062250	910.98	1176.8	4.2943	2.2828	3.2631	720.44	0.019733	2.3726e-05	0.085999	supercritical
452.00	427.00	160.25	0.0062402	913.59	1180.1	4.3015	2.2861	3.2643	720.51	0.019642	2.3719e-05	0.086085	supercritical
453.00	427.00	159.86	0.0062554	916.21	1183.3	4.3087	2.2894	3.2655	720.58	0.019549	2.3712e-05	0.086173	supercritical
454.00	427.00	159.47	0.0062706	918.83	1186.6	4.3159	2.2928	3.2667	720.66	0.019456	2.3706e-05	0.086262	supercritical
455.00	427.00	159.09	0.0062858	921.44	1189.8	4.3231	2.2961	3.2679	720.74	0.019362	2.3700e-05	0.086351	supercritical
456.00	427.00	158.70	0.0063010	924.06	1193.1	4.3303	2.2994	3.2691	720.82	0.019268	2.3694e-05	0.086441	supercritical
457.00	427.00	158.32	0.0063162	926.68	1196.4	4.3375	2.3027	3.2704	720.91	0.019173	2.3688e-05	0.086532	supercritical
458.00	427.00	157.94	0.0063314	929.31	1199.7	4.3446	2.3061	3.2716	721.00	0.019077	2.3682e-05	0.086625	supercritical
459.00	427.00	157.56	0.0063466	931.93	1202.9	4.3517	2.3094	3.2729	721.09	0.018980	2.3677e-05	0.086717	supercritical
460.00	427.00	157.19	0.0063618	934.56	1206.2	4.3589	2.3128	3.2742	721.19	0.018883	2.3672e-05	0.086811	supercritical
461.00	427.00	156.81	0.0063770	937.18	1209.5	4.3660	2.3161	3.2755	721.29	0.018785	2.3667e-05	0.086906	supercritical
462.00	427.00	156.44	0.0063921	939.81	1212.8	4.3731	2.3195	3.2769	721.39	0.018687	2.3662e-05	0.087001	supercritical
463.00	427.00	156.07	0.0064073	942.44	1216.0	4.3802	2.3228	3.2782	721.50	0.018588	2.3657e-05	0.087098	supercritical
464.00	427.00	155.70	0.0064224	945.07	1219.3	4.3872	2.3262	3.2796	721.61	0.018488	2.3653e-05	0.087195	supercritical
465.00	427.00	155.34	0.0064376	947.71	1222.6	4.3943	2.3296	3.2810	721.72	0.018388	2.3649e-05	0.087293	supercritical
466.00	427.00	154.97	0.0064527	950.34	1225.9	4.4013	2.3329	3.2824	721.84	0.018288	2.3645e-05	0.087392	supercritical
467.00	427.00	154.61	0.0064679	952.98	1229.2	4.4084	2.3363	3.2838	721.95	0.018187	2.3642e-05	0.087492	supercritical
468.00	427.00	154.25	0.0064830	955.62	1232.4	4.4154	2.3397	3.2852	722.07	0.018085	2.3638e-05	0.087592	supercritical
469.00	427.00	153.89	0.0064981	958.26	1235.7	4.4224	2.3431	3.2867	722.20	0.017983	2.3635e-05	0.087693	supercritical
470.00	427.00	153.53	0.0065132	960.90	1239.0	4.4294	2.3465	3.2881	722.33	0.017881	2.3632e-05	0.087795	supercritical
471.00	427.00	153.18	0.0065283	963.54	1242.3	4.4364	2.3498	3.2896	722.46	0.017778	2.3629e-05	0.087898	supercritical
472.00	427.00	152.83	0.0065434	966.19	1245.6	4.4434	2.3532	3.2911	722.59	0.017674	2.3627e-05	0.088002	supercritical
473.00	427.00	152.47	0.0065585	968.84	1248.9	4.4504	2.3566	3.2926	722.72	0.017570	2.3624e-05	0.088107	supercritical
474.00	427.00	152.12	0.0065736	971.49	1252.2	4.4573	2.3600	3.2941	722.86	0.017466	2.3622e-05	0.088212	supercritical
475.00	427.00	151.78	0.0065887	974.14	1255.5	4.4643	2.3634	3.2957	723.00	0.017362	2.3620e-05	0.088318	supercritical
476.00	427.00	151.43	0.0066037	976.79	1258.8	4.4712	2.3668	3.2972	723.15	0.017257	2.3618e-05	0.088425	supercritical
477.00	427.00	151.08	0.0066188	979.44	1262.1	4.4781	2.3702	3.2988	723.29	0.017151	2.3616e-05	0.088532	supercritical
478.00	427.00	150.74	0.0066339	982.10	1265.4	4.4850	2.3737	3.3004	723.44	0.017046	2.3615e-05	0.088641	supercritical
479.00	427.00	150.40	0.0066489	984.76	1268.7	4.4919	2.3771	3.3019	723.59	0.016940	2.3614e-05	0.088750	supercritical
480.00	427.00	150.06	0.0066640	987.42	1272.0	4.4988	2.3805	3.3036	723.75	0.016833	2.3613e-05	0.088859	supercritical
481.00	427.00	149.72	0.0066790	990.08	1275.3	4.5057	2.3839	3.3052	723.90	0.016727	2.3612e-05	0.088970	supercritical
482.00	427.00	149.39	0.0066940	992.75	1278.6	4.5126	2.3873	3.3068	724.06	0.016620	2.3611e-05	0.089081	supercritical
483.00	427.00	149.05	0.0067091	995.41	1281.9	4.5194	2.3908	3.3085	724.22	0.016513	2.3610e-05	0.089193	supercritical
484.00	427.00	148.72	0.0067241	998.08	1285.2	4.5263	2.3942	3.3101	724.39	0.016405	2.3610e-05	0.089306	supercritical
485.00	427.00	148.39	0.0067391	1000.8	1288.5	4.5331	2.3976	3.3118	724.55	0.016297	2.3610e-05	0.089419	supercritical
486.00	427.00	148.06	0.0067541	1003.4	1291.8	4.5399	2.4010	3.3135	724.72	0.016189	2.3610e-05	0.089534	supercritical
487.00	427.00	147.73	0.0067691	1006.1	1295.1	4.5467	2.4045	3.3152	724.89	0.016081	2.3610e-05	0.089648	supercritical
488.00	427.00	147.40	0.0067841	1008.8	1298.5	4.5535	2.4079	3.3169	725.06	0.015973	2.3610e-05	0.089764	supercritical
489.00	427.00	147.08	0.0067991	1011.5	1301.8	4.5603	2.4114	3.3186	725.24	0.015864	2.3610e-05	0.089880	supercritical
490.00	427.00	146.76	0.0068140	1014.1	1305.1	4.5671	2.4148	3.3204	725.42	0.015755	2.3611e-05	0.089997	supercritical
491.00	427.00	146.43	0.0068290	1016.8	1308.4	4.5739	2.4183	3.3221	725.59	0.015646	2.3612e-05	0.090115	supercritical
492.00	427.00	146.11	0.0068440	1019.5	1311.7	4.5806	2.4217	3.3239	725.78	0.015537	2.3613e-05	0.090233	supercritical
493.00	427.00	145.80	0.0068589	1022.2	1315.1	4.5874	2.4252	3.3257	725.96	0.015427	2.3614e-05	0.090352	supercritical
494.00	427.00	145.48	0.0068739	1024.9	1318.4	4.5941	2.4286	3.3275	726.15	0.015318	2.3615e-05	0.090472	supercritical
495.00	427.00	145.16	0.0068888	1027.6	1321.7	4.6009	2.4321	3.3293	726.33	0.015208	2.3616e-05	0.090592	supercritical
496.00	427.00	144.85	0.0069038	1030.3	1325.0	4.6076	2.4355	3.3311	726.52	0.015098	2.3618e-05	0.090713	supercritical
497.00	427.00	144.54	0.0069187	1032.9	1328.4	4.6143	2.4390	3.3329	726.71	0.014988	2.3619e-05	0.090835	supercritical
498.00	427.00	144.22	0.0069336	1035.6	1331.7	4.6210	2.4424	3.3348	726.91	0.014878	2.3621e-05	0.090957	supercritical
499.00	427.00	143.92	0.0069485	1038.3	1335.0	4.6277	2.4459	3.3366	727.10	0.014768	2.3623e-05	0.091080	supercritical
500.00	427.00	143.61	0.0069634	1041.0	1338.4	4.6344	2.4494	3.3385	727.30	0.014658	2.3625e-05	0.091204	supercritical
501.00	427.00	143.30	0.0069783	1043.7	1341.7	4.6410	2.4528	3.3404	727.50	0.014547	2.3628e-05	0.091328	supercritical
502.00	427.00	143.00	0.0069932	1046.5	1345.1	4.6477	2.4563	3.3422	727.70	0.014437	2.3630e-05	0.091453	supercritical
503.00	427.00	142.69	0.0070081	1049.2	1348.4	4.6543	2.4598	3.3441	727.90	0.014326	2.3632e-05	0.091578	supercritical
504.00	427.00	142.39	0.0070230	1051.9	1351.8	4.6610	2.4633	3.3460	728.11	0.014215	2.3635e-05	0.091704	supercritical
505.00	427.00	142.09	0.0070379	1054.6	1355.1	4.6676	2.4667	3.3480	728.32	0.014105	2.3638e-05	0.091831	supercritical
506.00	427.00	141.79	0.0070528	1057.3	1358.4	4.6742	2.4702	3.3499	728.52	0.013994	2.3641e-05	0.091958	supercritical
507.00	427.00	141.49	0.0070676	1060.0	1361.8	4.6809	2.4737	3.3518	728.74	0.013883	2.3644e-05	0.092086	supercritical
508.00	427.00	141.19	0.0070825	1062.7	1365.2	4.6875	2.4772	3.3538	728.95	0.013772	2.3647e-05	0.092215	supercritical
509.00	427.00	140.90	0.0070973	1065.5	1368.5	4.6941	2.4806	3.3558	729.16	0.013661	2.3651e-05	0.092344	supercritical
510.00	427.00	140.60	0.0071122	1068.2	1371.9	4.7007	2.4841	3.3577	729.38	0.013550	2.3654e-05	0.092474	supercritical
511.00	427.00	140.31	0.0071270	1070.9	1375.2	4.7072	2.4876	3.3597	729.59	0.013439	2.3658e-05	0.092604	supercritical
512.00	427.00	140.02	0.0071418	1073.6	1378.6	4.7138	2.4911	3.3617	729.81	0.013328	2.3661e-05	0.092735	supercritical
513.00	427.00	139.73	0.0071566	1076.4	1381.9	4.7204	2.4946	3.3637	730.03	0.013217	2.3665e-05	0.092867	supercritical
514.00	427.00	139.44	0.0071715	1079.1	1385.3	4.7269	2.4981	3.3657	730.25	0.013106	2.3669e-05	0.092999	supercritical
515.00	427.00	139.15	0.0071863	1081.8	1388.7	4.7335	2.5016	3.3678	730.48	0.012996	2.3673e-05	0.093131	supercritical
516.00	427.00	138.87	0.0072011	1084.6	1392.0	4.7400	2.5050	3.3698	730.70	0.012885	2.3677e-05	0.093265	supercritical
517.00	427.00	138.58	0.0072159	1087.3	1395.4	4.7465	2.5085	3.3719	730.93	0.012774	2.3682e-05	0.093398	supercritical
518.00	427.00	138.30	0.0072306	1090.0	1398.8	4.7530	2.5120	3.3739	731.16	0.012663	2.3686e-05	0.093533	supercritical
519.00	427.00	138.02	0.0072454	1092.8	1402.2	4.7596	2.5155	3.3760	731.39	0.012552	2.3691e-05	0.093668	supercritical
520.00	427.00	137.74	0.0072602	1095.5	1405.5	4.7661	2.5190	3.3781	731.62	0.012441	2.3696e-05	0.093803	supercritical
521.00	427.00	137.46	0.0072750	1098.3	1408.9	4.7725	2.5225	3.3801	731.85	0.012331	2.3700e-05	0.093939	supercritical
522.00	427.00	137.18	0.0072897	1101.0	1412.3	4.7790	2.5260	3.3822	732.08	0.012220	2.3705e-05	0.094076	supercritical
523.00	427.00	136.90	0.0073045	1103.8	1415.7	4.7855	2.5295	3.3843	732.32	0.012109	2.3710e-05	0.094213	supercritical
524.00	427.00	136.63	0.0073192	1106.5	1419.1	4.7920	2.5330	3.3865	732.56	0.011999	2.3715e-05	0.094351	supercritical
525.00	427.00	136.35	0.0073340	1109.3	1422.5	4.7984	2.5365	3.3886	732.80	0.011888	2.3721e-05	0.094489	supercritical
526.00	427.00	136.08	0.0073487	1112.1	1425.8	4.8049	2.5400	3.3907	733.04	0.011778	2.3726e-05	0.094628	supercritical
527.00	427.00	135.81	0.0073634	1114.8	1429.2	4.8113	2.5435	3.3928	733.28	0.011668	2.3731e-05	0.094767	supercritical
528.00	427.00	135.54	0.0073781	1117.6	1432.6	4.8178	2.5470	3.3950	733.52	0.011558	2.3737e-05	0.094907	supercritical
529.00	427.00	135.27	0.0073929	1120.4	1436.0	4.8242	2.5505	3.3972	733.76	0.011447	2.3743e-05	0.095047	supercritical
530.00	427.00	135.00	0.0074076	1123.1	1439.4	4.8306	2.5540	3.3993	734.01	0.011337	2.3749e-05	0.095188	supercritical
531.00	427.00	134.73	0.0074223	1125.9	1442.8	4.8370	2.5575	3.4015	734.25	0.011228	2.3754e-05	0.095330	supercritical
532.00	427.00	134.46	0.0074370	1128.7	1446.2	4.8434	2.5610	3.4037	734.50	0.011118	2.3760e-05	0.095472	supercritical
533.00	427.00	134.20	0.0074516	1131.5	1449.6	4.8498	2.5645	3.4059	734.75	0.011008	2.3767e-05	0.095614	supercritical
534.00	427.00	133.93	0.0074663	1134.2	1453.0	4.8562	2.5680	3.4081	735.00	0.010899	2.3773e-05	0.095757	supercritical
535.00	427.00	133.67	0.0074810	1137.0	1456.5	4.8626	2.5715	3.4103	735.25	0.010789	2.3779e-05	0.095900	supercritical
536.00	427.00	133.41	0.0074957	1139.8	1459.9	4.8689	2.5751	3.4125	735.50	0.010680	2.3785e-05	0.096044	supercritical
537.00	427.00	133.15	0.0075103	1142.6	1463.3	4.8753	2.5786	3.4147	735.76	0.010571	2.3792e-05	0.096189	supercritical
538.00	427.00	132.89	0.0075250	1145.4	1466.7	4.8817	2.5821	3.4170	736.01	0.010462	2.3798e-05	0.096334	supercritical
539.00	427.00	132.63	0.0075396	1148.2	1470.1	4.8880	2.5856	3.4192	736.27	0.010353	2.3805e-05	0.096479	supercritical
540.00	427.00	132.38	0.0075543	1151.0	1473.5	4.8943	2.5891	3.4214	736.52	0.010244	2.3812e-05	0.096625	supercritical
541.00	427.00	132.12	0.0075689	1153.8	1477.0	4.9007	2.5926	3.4237	736.78	0.010135	2.3819e-05	0.096771	supercritical
542.00	427.00	131.86	0.0075835	1156.6	1480.4	4.9070	2.5961	3.4260	737.04	0.010027	2.3826e-05	0.096918	supercritical
543.00	427.00	131.61	0.0075982	1159.4	1483.8	4.9133	2.5996	3.4282	737.30	0.0099186	2.3833e-05	0.097066	supercritical
544.00	427.00	131.36	0.0076128	1162.2	1487.2	4.9196	2.6031	3.4305	737.56	0.0098105	2.3840e-05	0.097213	supercritical
545.00	427.00	131.11	0.0076274	1165.0	1490.7	4.9259	2.6066	3.4328	737.82	0.0097025	2.3847e-05	0.097362	supercritical
546.00	427.00	130.86	0.0076420	1167.8	1494.1	4.9322	2.6102	3.4351	738.09	0.0095947	2.3855e-05	0.097510	supercritical
547.00	427.00	130.61	0.0076566	1170.6	1497.5	4.9385	2.6137	3.4374	738.35	0.0094871	2.3862e-05	0.097660	supercritical
548.00	427.00	130.36	0.0076712	1173.4	1501.0	4.9448	2.6172	3.4397	738.62	0.0093796	2.3869e-05	0.097809	supercritical
549.00	427.00	130.11	0.0076858	1176.2	1504.4	4.9511	2.6207	3.4420	738.88	0.0092724	2.3877e-05	0.097959	supercritical
550.00	427.00	129.86	0.0077003	1179.1	1507.9	4.9573	2.6242	3.4443	739.15	0.0091653	2.3885e-05	0.098110	supercritical
551.00	427.00	129.62	0.0077149	1181.9	1511.3	4.9636	2.6277	3.4467	739.42	0.0090583	2.3892e-05	0.098261	supercritical
552.00	427.00	129.37	0.0077295	1184.7	1514.8	4.9698	2.6312	3.4490	739.69	0.0089516	2.3900e-05	0.098412	supercritical
553.00	427.00	129.13	0.0077440	1187.5	1518.2	4.9761	2.6347	3.4514	739.96	0.0088451	2.3908e-05	0.098564	supercritical
554.00	427.00	128.89	0.0077586	1190.4	1521.7	4.9823	2.6382	3.4537	740.23	0.0087387	2.3916e-05	0.098717	supercritical
555.00	427.00	128.65	0.0077731	1193.2	1525.1	4.9886	2.6418	3.4561	740.50	0.0086326	2.3924e-05	0.098870	supercritical
556.00	427.00	128.41	0.0077877	1196.0	1528.6	4.9948	2.6453	3.4584	740.78	0.0085266	2.3932e-05	0.099023	supercritical
557.00	427.00	128.17	0.0078022	1198.9	1532.0	5.0010	2.6488	3.4608	741.05	0.0084209	2.3941e-05	0.099177	supercritical
558.00	427.00	127.93	0.0078167	1201.7	1535.5	5.0072	2.6523	3.4632	741.33	0.0083153	2.3949e-05	0.099331	supercritical
559.00	427.00	127.69	0.0078313	1204.6	1539.0	5.0134	2.6558	3.4656	741.60	0.0082100	2.3957e-05	0.099485	supercritical
560.00	427.00	127.46	0.0078458	1207.4	1542.4	5.0196	2.6593	3.4679	741.88	0.0081048	2.3966e-05	0.099640	supercritical
561.00	427.00	127.22	0.0078603	1210.3	1545.9	5.0258	2.6628	3.4703	742.16	0.0079999	2.3974e-05	0.099796	supercritical
562.00	427.00	126.99	0.0078748	1213.1	1549.4	5.0320	2.6663	3.4727	742.44	0.0078952	2.3983e-05	0.099951	supercritical
563.00	427.00	126.75	0.0078893	1216.0	1552.8	5.0382	2.6698	3.4751	742.72	0.0077907	2.3992e-05	0.10011	supercritical
564.00	427.00	126.52	0.0079038	1218.8	1556.3	5.0443	2.6734	3.4776	743.00	0.0076864	2.4000e-05	0.10026	supercritical
565.00	427.00	126.29	0.0079183	1221.7	1559.8	5.0505	2.6769	3.4800	743.28	0.0075824	2.4009e-05	0.10042	supercritical
566.00	427.00	126.06	0.0079327	1224.5	1563.3	5.0566	2.6804	3.4824	743.56	0.0074785	2.4018e-05	0.10058	supercritical
567.00	427.00	125.83	0.0079472	1227.4	1566.8	5.0628	2.6839	3.4848	743.84	0.0073749	2.4027e-05	0.10074	supercritical
568.00	427.00	125.60	0.0079617	1230.3	1570.2	5.0689	2.6874	3.4873	744.13	0.0072715	2.4036e-05	0.10089	supercritical
569.00	427.00	125.37	0.0079761	1233.1	1573.7	5.0751	2.6909	3.4897	744.41	0.0071684	2.4045e-05	0.10105	supercritical
570.00	427.00	125.15	0.0079906	1236.0	1577.2	5.0812	2.6944	3.4922	744.70	0.0070654	2.4055e-05	0.10121	supercritical
571.00	427.00	124.92	0.0080050	1238.9	1580.7	5.0873	2.6979	3.4946	744.98	0.0069627	2.4064e-05	0.10137	supercritical
572.00	427.00	124.70	0.0080195	1241.8	1584.2	5.0934	2.7014	3.4971	745.27	0.0068603	2.4073e-05	0.10153	supercritical
573.00	427.00	124.47	0.0080339	1244.7	1587.7	5.0996	2.7049	3.4995	745.55	0.0067580	2.4083e-05	0.10169	supercritical
574.00	427.00	124.25	0.0080483	1247.5	1591.2	5.1057	2.7084	3.5020	745.84	0.0066560	2.4092e-05	0.10185	supercritical
575.00	427.00	124.03	0.0080628	1250.4	1594.7	5.1118	2.7119	3.5045	746.13	0.0065543	2.4102e-05	0.10201	supercritical
576.00	427.00	123.81	0.0080772	1253.3	1598.2	5.1178	2.7155	3.5070	746.42	0.0064528	2.4111e-05	0.10218	supercritical
577.00	427.00	123.58	0.0080916	1256.2	1601.7	5.1239	2.7190	3.5094	746.71	0.0063515	2.4121e-05	0.10234	supercritical
578.00	427.00	123.37	0.0081060	1259.1	1605.2	5.1300	2.7225	3.5119	747.00	0.0062504	2.4131e-05	0.10250	supercritical
579.00	427.00	123.15	0.0081204	1262.0	1608.7	5.1361	2.7260	3.5144	747.29	0.0061497	2.4140e-05	0.10266	supercritical
580.00	427.00	122.93	0.0081348	1264.9	1612.3	5.1421	2.7295	3.5169	747.59	0.0060491	2.4150e-05	0.10283	supercritical
581.00	427.00	122.71	0.0081492	1267.8	1615.8	5.1482	2.7330	3.5194	747.88	0.0059488	2.4160e-05	0.10299	supercritical
582.00	427.00	122.50	0.0081636	1270.7	1619.3	5.1543	2.7365	3.5219	748.17	0.0058488	2.4170e-05	0.10315	supercritical
583.00	427.00	122.28	0.0081780	1273.6	1622.8	5.1603	2.7400	3.5245	748.47	0.0057490	2.4180e-05	0.10332	supercritical
584.00	427.00	122.07	0.0081923	1276.5	1626.4	5.1664	2.7435	3.5270	748.76	0.0056494	2.4190e-05	0.10348	supercritical
585.00	427.00	121.85	0.0082067	1279.5	1629.9	5.1724	2.7470	3.5295	749.06	0.0055501	2.4200e-05	0.10365	supercritical
586.00	427.00	121.64	0.0082211	1282.4	1633.4	5.1784	2.7505	3.5320	749.35	0.0054511	2.4211e-05	0.10381	supercritical
587.00	427.00	121.43	0.0082354	1285.3	1636.9	5.1844	2.7540	3.5346	749.65	0.0053523	2.4221e-05	0.10398	supercritical
588.00	427.00	121.22	0.0082498	1288.2	1640.5	5.1905	2.7575	3.5371	749.95	0.0052538	2.4231e-05	0.10414	supercritical
589.00	427.00	121.01	0.0082641	1291.1	1644.0	5.1965	2.7610	3.5397	750.25	0.0051555	2.4242e-05	0.10431	supercritical
590.00	427.00	120.80	0.0082784	1294.1	1647.6	5.2025	2.7645	3.5422	750.54	0.0050575	2.4252e-05	0.10447	supercritical
591.00	427.00	120.59	0.0082928	1297.0	1651.1	5.2085	2.7680	3.5448	750.84	0.0049597	2.4263e-05	0.10464	supercritical
592.00	427.00	120.38	0.0083071	1299.9	1654.7	5.2145	2.7715	3.5473	751.14	0.0048623	2.4273e-05	0.10481	supercritical
593.00	427.00	120.17	0.0083214	1302.9	1658.2	5.2205	2.7749	3.5499	751.44	0.0047650	2.4284e-05	0.10498	supercritical
594.00	427.00	119.97	0.0083357	1305.8	1661.7	5.2265	2.7784	3.5524	751.74	0.0046680	2.4294e-05	0.10514	supercritical
595.00	427.00	119.76	0.0083500	1308.8	1665.3	5.2324	2.7819	3.5550	752.04	0.0045713	2.4305e-05	0.10531	supercritical
596.00	427.00	119.56	0.0083643	1311.7	1668.9	5.2384	2.7854	3.5576	752.35	0.0044749	2.4316e-05	0.10548	supercritical
597.00	427.00	119.35	0.0083786	1314.7	1672.4	5.2444	2.7889	3.5601	752.65	0.0043787	2.4327e-05	0.10565	supercritical
598.00	427.00	119.15	0.0083929	1317.6	1676.0	5.2503	2.7924	3.5627	752.95	0.0042828	2.4338e-05	0.10582	supercritical
599.00	427.00	118.95	0.0084072	1320.6	1679.5	5.2563	2.7959	3.5653	753.26	0.0041871	2.4349e-05	0.10599	supercritical
600.00	427.00	118.74	0.0084215	1323.5	1683.1	5.2622	2.7994	3.5679	753.56	0.0040917	2.4360e-05	0.10616	supercritical
601.00	427.00	118.54	0.0084358	1326.5	1686.7	5.2682	2.8029	3.5705	753.86	0.0039966	2.4371e-05	0.10633	supercritical
602.00	427.00	118.34	0.0084501	1329.4	1690.3	5.2741	2.8063	3.5731	754.17	0.0039017	2.4382e-05	0.10650	supercritical
603.00	427.00	118.14	0.0084643	1332.4	1693.8	5.2800	2.8098	3.5757	754.47	0.0038071	2.4393e-05	0.10667	supercritical
604.00	427.00	117.94	0.0084786	1335.4	1697.4	5.2860	2.8133	3.5783	754.78	0.0037128	2.4404e-05	0.10684	supercritical
605.00	427.00	117.75	0.0084928	1338.3	1701.0	5.2919	2.8168	3.5809	755.09	0.0036188	2.4415e-05	0.10701	supercritical
606.00	427.00	117.55	0.0085071	1341.3	1704.6	5.2978	2.8203	3.5835	755.39	0.0035250	2.4427e-05	0.10719	supercritical
607.00	427.00	117.35	0.0085213	1344.3	1708.1	5.3037	2.8238	3.5861	755.70	0.0034315	2.4438e-05	0.10736	supercritical
608.00	427.00	117.16	0.0085356	1347.3	1711.7	5.3096	2.8272	3.5887	756.01	0.0033382	2.4449e-05	0.10753	supercritical
609.00	427.00	116.96	0.0085498	1350.3	1715.3	5.3155	2.8307	3.5914	756.32	0.0032452	2.4461e-05	0.10770	supercritical
610.00	427.00	116.77	0.0085640	1353.2	1718.9	5.3214	2.8342	3.5940	756.63	0.0031525	2.4472e-05	0.10788	supercritical
611.00	427.00	116.57	0.0085782	1356.2	1722.5	5.3273	2.8377	3.5966	756.94	0.0030601	2.4484e-05	0.10805	supercritical
612.00	427.00	116.38	0.0085925	1359.2	1726.1	5.3332	2.8411	3.5992	757.25	0.0029679	2.4495e-05	0.10822	supercritical
613.00	427.00	116.19	0.0086067	1362.2	1729.7	5.3391	2.8446	3.6019	757.56	0.0028761	2.4507e-05	0.10840	supercritical
614.00	427.00	116.00	0.0086209	1365.2	1733.3	5.3449	2.8481	3.6045	757.87	0.0027844	2.4519e-05	0.10857	supercritical
615.00	427.00	115.81	0.0086351	1368.2	1736.9	5.3508	2.8515	3.6072	758.18	0.0026931	2.4530e-05	0.10875	supercritical
616.00	427.00	115.62	0.0086493	1371.2	1740.5	5.3567	2.8550	3.6098	758.49	0.0026020	2.4542e-05	0.10892	supercritical
617.00	427.00	115.43	0.0086635	1374.2	1744.1	5.3625	2.8585	3.6125	758.80	0.0025112	2.4554e-05	0.10910	supercritical
618.00	427.00	115.24	0.0086777	1377.2	1747.8	5.3684	2.8620	3.6151	759.11	0.0024207	2.4566e-05	0.10927	supercritical
619.00	427.00	115.05	0.0086918	1380.2	1751.4	5.3742	2.8654	3.6178	759.43	0.0023304	2.4578e-05	0.10945	supercritical
620.00	427.00	114.86	0.0087060	1383.2	1755.0	5.3801	2.8689	3.6204	759.74	0.0022404	2.4590e-05	0.10963	supercritical
621.00	427.00	114.68	0.0087202	1386.3	1758.6	5.3859	2.8723	3.6231	760.05	0.0021507	2.4602e-05	0.10980	supercritical
622.00	427.00	114.49	0.0087344	1389.3	1762.2	5.3917	2.8758	3.6257	760.37	0.0020613	2.4614e-05	0.10998	supercritical
623.00	427.00	114.31	0.0087485	1392.3	1765.9	5.3976	2.8793	3.6284	760.68	0.0019721	2.4626e-05	0.11016	supercritical
624.00	427.00	114.12	0.0087627	1395.3	1769.5	5.4034	2.8827	3.6311	760.99	0.0018832	2.4638e-05	0.11033	supercritical
625.00	427.00	113.94	0.0087768	1398.4	1773.1	5.4092	2.8862	3.6337	761.31	0.0017946	2.4650e-05	0.11051	supercritical
