Temperature (K)	Pressure (bar)	Density (kg/m3)	Volume (m3/kg)	Internal Energy (kJ/kg)	Enthalpy (kJ/kg)	Entropy (J/g*K)	Cv (J/g*K)	Cp (J/g*K)	Sound Spd. (m/s)	Joule-Thomson (K/bar)	Viscosity (Pa*s)	Therm. Cond. (W/m*K)	Phase
105.00	549.00	465.57	0.0021479	-52.279	65.641	-0.52762	2.2044	3.2063	1748.5	-0.052002	0.00023384	0.24029	liquid
106.00	549.00	464.58	0.0021525	-49.324	68.847	-0.49723	2.2001	3.2061	1742.6	-0.051951	0.00022705	0.23928	liquid
107.00	549.00	463.59	0.0021571	-46.371	72.053	-0.46713	2.1959	3.2058	1736.6	-0.051898	0.00022064	0.23827	liquid
108.00	549.00	462.60	0.0021617	-43.419	75.259	-0.43731	2.1917	3.2056	1730.6	-0.051843	0.00021458	0.23724	liquid
109.00	549.00	461.61	0.0021664	-40.468	78.464	-0.40777	2.1876	3.2053	1724.7	-0.051787	0.00020884	0.23621	liquid
110.00	549.00	460.62	0.0021710	-37.519	81.670	-0.37850	2.1835	3.2051	1718.7	-0.051730	0.00020341	0.23518	liquid
111.00	549.00	459.63	0.0021757	-34.570	84.874	-0.34949	2.1794	3.2048	1712.8	-0.051672	0.00019825	0.23414	liquid
112.00	549.00	458.64	0.0021804	-31.623	88.079	-0.32075	2.1753	3.2046	1706.8	-0.051612	0.00019336	0.23309	liquid
113.00	549.00	457.65	0.0021851	-28.677	91.284	-0.29227	2.1713	3.2043	1700.9	-0.051551	0.00018870	0.23204	liquid
114.00	549.00	456.66	0.0021898	-25.732	94.488	-0.26403	2.1673	3.2041	1694.9	-0.051489	0.00018427	0.23099	liquid
115.00	549.00	455.67	0.0021946	-22.789	97.692	-0.23605	2.1633	3.2038	1689.0	-0.051426	0.00018005	0.22993	liquid
116.00	549.00	454.69	0.0021993	-19.847	100.90	-0.20831	2.1594	3.2036	1683.1	-0.051361	0.00017602	0.22887	liquid
117.00	549.00	453.70	0.0022041	-16.906	104.10	-0.18082	2.1555	3.2033	1677.1	-0.051296	0.00017218	0.22781	liquid
118.00	549.00	452.71	0.0022089	-13.967	107.30	-0.15356	2.1516	3.2030	1671.2	-0.051229	0.00016850	0.22674	liquid
119.00	549.00	451.73	0.0022137	-11.029	110.50	-0.12653	2.1477	3.2027	1665.3	-0.051161	0.00016499	0.22567	liquid
120.00	549.00	450.74	0.0022186	-8.0922	113.71	-0.099727	2.1438	3.2024	1659.4	-0.051092	0.00016163	0.22460	liquid
121.00	549.00	449.75	0.0022234	-5.1569	116.91	-0.073152	2.1400	3.2021	1653.6	-0.051021	0.00015841	0.22353	liquid
122.00	549.00	448.77	0.0022283	-2.2230	120.11	-0.046798	2.1362	3.2018	1647.7	-0.050950	0.00015531	0.22246	liquid
123.00	549.00	447.78	0.0022332	0.70942	123.31	-0.020662	2.1324	3.2015	1641.8	-0.050877	0.00015235	0.22139	liquid
124.00	549.00	446.80	0.0022381	3.6404	126.51	0.0052598	2.1286	3.2012	1636.0	-0.050803	0.00014950	0.22031	liquid
125.00	549.00	445.81	0.0022431	6.5700	129.72	0.030971	2.1248	3.2008	1630.1	-0.050728	0.00014676	0.21924	liquid
126.00	549.00	444.83	0.0022481	9.4980	132.92	0.056474	2.1211	3.2005	1624.3	-0.050651	0.00014412	0.21817	liquid
127.00	549.00	443.84	0.0022530	12.425	136.12	0.081773	2.1174	3.2001	1618.5	-0.050574	0.00014158	0.21709	liquid
128.00	549.00	442.86	0.0022581	15.350	139.32	0.10687	2.1137	3.1998	1612.7	-0.050494	0.00013913	0.21602	liquid
129.00	549.00	441.88	0.0022631	18.273	142.52	0.13177	2.1100	3.1994	1606.9	-0.050414	0.00013677	0.21495	liquid
130.00	549.00	440.89	0.0022681	21.195	145.72	0.15648	2.1064	3.1991	1601.1	-0.050332	0.00013449	0.21388	liquid
131.00	549.00	439.91	0.0022732	24.116	148.91	0.18099	2.1028	3.1987	1595.4	-0.050249	0.00013229	0.21281	liquid
132.00	549.00	438.92	0.0022783	27.034	152.11	0.20531	2.0992	3.1983	1589.6	-0.050165	0.00013017	0.21175	liquid
133.00	549.00	437.94	0.0022834	29.952	155.31	0.22945	2.0956	3.1980	1583.9	-0.050079	0.00012811	0.21068	liquid
134.00	549.00	436.96	0.0022886	32.867	158.51	0.25340	2.0921	3.1976	1578.2	-0.049992	0.00012612	0.20962	liquid
135.00	549.00	435.97	0.0022937	35.781	161.71	0.27717	2.0885	3.1972	1572.5	-0.049903	0.00012420	0.20856	liquid
136.00	549.00	434.99	0.0022989	38.694	164.90	0.30077	2.0851	3.1968	1566.8	-0.049813	0.00012233	0.20750	liquid
137.00	549.00	434.01	0.0023041	41.605	168.10	0.32419	2.0816	3.1964	1561.1	-0.049722	0.00012052	0.20644	liquid
138.00	549.00	433.03	0.0023093	44.514	171.30	0.34743	2.0781	3.1961	1555.5	-0.049628	0.00011877	0.20539	liquid
139.00	549.00	432.04	0.0023146	47.421	174.49	0.37051	2.0747	3.1957	1549.8	-0.049534	0.00011706	0.20434	liquid
140.00	549.00	431.06	0.0023199	50.327	177.69	0.39342	2.0713	3.1953	1544.2	-0.049438	0.00011541	0.20329	liquid
141.00	549.00	430.08	0.0023252	53.231	180.88	0.41616	2.0679	3.1949	1538.6	-0.049340	0.00011380	0.20224	liquid
142.00	549.00	429.10	0.0023305	56.134	184.08	0.43873	2.0646	3.1945	1533.0	-0.049241	0.00011224	0.20120	liquid
143.00	549.00	428.11	0.0023358	59.035	187.27	0.46115	2.0613	3.1942	1527.4	-0.049140	0.00011072	0.20016	liquid
144.00	549.00	427.13	0.0023412	61.934	190.47	0.48341	2.0580	3.1938	1521.9	-0.049038	0.00010925	0.19913	liquid
145.00	549.00	426.15	0.0023466	64.831	193.66	0.50551	2.0547	3.1934	1516.4	-0.048934	0.00010781	0.19810	liquid
146.00	549.00	425.17	0.0023520	67.727	196.85	0.52746	2.0515	3.1930	1510.8	-0.048829	0.00010641	0.19707	liquid
147.00	549.00	424.19	0.0023575	70.621	200.05	0.54925	2.0483	3.1927	1505.3	-0.048722	0.00010505	0.19605	liquid
148.00	549.00	423.21	0.0023629	73.513	203.24	0.57089	2.0451	3.1923	1499.9	-0.048613	0.00010372	0.19503	liquid
149.00	549.00	422.22	0.0023684	76.404	206.43	0.59239	2.0419	3.1919	1494.4	-0.048502	0.00010242	0.19401	liquid
150.00	549.00	421.24	0.0023739	79.293	209.62	0.61374	2.0388	3.1916	1489.0	-0.048390	0.00010116	0.19300	liquid
151.00	549.00	420.26	0.0023795	82.180	212.81	0.63494	2.0357	3.1912	1483.5	-0.048276	9.9929e-05	0.19199	liquid
152.00	549.00	419.28	0.0023850	85.065	216.00	0.65601	2.0326	3.1909	1478.1	-0.048161	9.8726e-05	0.19099	liquid
153.00	549.00	418.30	0.0023906	87.949	219.19	0.67693	2.0296	3.1906	1472.7	-0.048044	9.7552e-05	0.18999	liquid
154.00	549.00	417.32	0.0023963	90.831	222.39	0.69772	2.0266	3.1902	1467.4	-0.047925	9.6405e-05	0.18900	liquid
155.00	549.00	416.34	0.0024019	93.711	225.58	0.71836	2.0236	3.1899	1462.0	-0.047804	9.5285e-05	0.18801	liquid
156.00	549.00	415.36	0.0024076	96.589	228.77	0.73888	2.0206	3.1896	1456.7	-0.047681	9.4190e-05	0.18703	liquid
157.00	549.00	414.38	0.0024133	99.466	231.95	0.75926	2.0177	3.1893	1451.4	-0.047557	9.3119e-05	0.18605	liquid
158.00	549.00	413.40	0.0024190	102.34	235.14	0.77950	2.0148	3.1890	1446.1	-0.047431	9.2072e-05	0.18507	liquid
159.00	549.00	412.42	0.0024247	105.21	238.33	0.79962	2.0119	3.1887	1440.8	-0.047303	9.1049e-05	0.18410	liquid
160.00	549.00	411.43	0.0024305	108.09	241.52	0.81961	2.0091	3.1884	1435.6	-0.047174	9.0047e-05	0.18314	liquid
161.00	549.00	410.45	0.0024363	110.96	244.71	0.83948	2.0063	3.1881	1430.3	-0.047042	8.9066e-05	0.18218	liquid
162.00	549.00	409.47	0.0024422	113.82	247.90	0.85922	2.0035	3.1878	1425.1	-0.046909	8.8107e-05	0.18122	liquid
163.00	549.00	408.49	0.0024480	116.69	251.08	0.87883	2.0007	3.1875	1419.9	-0.046774	8.7167e-05	0.18027	liquid
164.00	549.00	407.52	0.0024539	119.55	254.27	0.89833	1.9980	3.1873	1414.8	-0.046637	8.6246e-05	0.17933	liquid
165.00	549.00	406.54	0.0024598	122.42	257.46	0.91770	1.9953	3.1870	1409.6	-0.046498	8.5345e-05	0.17839	liquid
166.00	549.00	405.56	0.0024658	125.28	260.65	0.93696	1.9927	3.1868	1404.5	-0.046357	8.4461e-05	0.17746	liquid
167.00	549.00	404.58	0.0024717	128.14	263.83	0.95610	1.9900	3.1865	1399.4	-0.046215	8.3595e-05	0.17653	liquid
168.00	549.00	403.60	0.0024777	130.99	267.02	0.97512	1.9874	3.1863	1394.3	-0.046071	8.2746e-05	0.17561	liquid
169.00	549.00	402.62	0.0024837	133.85	270.21	0.99403	1.9849	3.1861	1389.2	-0.045924	8.1913e-05	0.17469	liquid
170.00	549.00	401.64	0.0024898	136.70	273.39	1.0128	1.9823	3.1858	1384.2	-0.045776	8.1097e-05	0.17378	liquid
171.00	549.00	400.66	0.0024959	139.55	276.58	1.0315	1.9798	3.1856	1379.2	-0.045626	8.0296e-05	0.17287	liquid
172.00	549.00	399.68	0.0025020	142.40	279.76	1.0501	1.9773	3.1854	1374.2	-0.045474	7.9510e-05	0.17197	liquid
173.00	549.00	398.70	0.0025081	145.25	282.95	1.0686	1.9749	3.1852	1369.2	-0.045321	7.8739e-05	0.17107	liquid
174.00	549.00	397.73	0.0025143	148.10	286.13	1.0869	1.9725	3.1851	1364.2	-0.045165	7.7982e-05	0.17018	liquid
175.00	549.00	396.75	0.0025205	150.94	289.32	1.1052	1.9701	3.1849	1359.3	-0.045007	7.7239e-05	0.16930	liquid
176.00	549.00	395.77	0.0025267	153.79	292.50	1.1233	1.9677	3.1847	1354.4	-0.044848	7.6509e-05	0.16842	liquid
177.00	549.00	394.79	0.0025330	156.63	295.69	1.1414	1.9654	3.1846	1349.5	-0.044687	7.5793e-05	0.16755	liquid
178.00	549.00	393.82	0.0025393	159.47	298.87	1.1593	1.9631	3.1844	1344.6	-0.044523	7.5089e-05	0.16668	liquid
179.00	549.00	392.84	0.0025456	162.30	302.06	1.1771	1.9608	3.1843	1339.8	-0.044358	7.4398e-05	0.16582	liquid
180.00	549.00	391.86	0.0025519	165.14	305.24	1.1949	1.9586	3.1841	1334.9	-0.044191	7.3719e-05	0.16496	liquid
181.00	549.00	390.89	0.0025583	167.97	308.42	1.2125	1.9564	3.1840	1330.1	-0.044022	7.3051e-05	0.16411	liquid
182.00	549.00	389.91	0.0025647	170.81	311.61	1.2301	1.9542	3.1839	1325.3	-0.043851	7.2396e-05	0.16327	liquid
183.00	549.00	388.93	0.0025711	173.64	314.79	1.2475	1.9521	3.1838	1320.6	-0.043679	7.1751e-05	0.16243	liquid
184.00	549.00	387.96	0.0025776	176.47	317.98	1.2649	1.9500	3.1837	1315.8	-0.043504	7.1117e-05	0.16159	liquid
185.00	549.00	386.98	0.0025841	179.29	321.16	1.2821	1.9479	3.1836	1311.1	-0.043328	7.0494e-05	0.16077	liquid
186.00	549.00	386.01	0.0025906	182.12	324.34	1.2993	1.9459	3.1835	1306.4	-0.043149	6.9881e-05	0.15995	liquid
187.00	549.00	385.03	0.0025972	184.94	327.53	1.3163	1.9438	3.1835	1301.8	-0.042969	6.9279e-05	0.15913	liquid
188.00	549.00	384.06	0.0026038	187.76	330.71	1.3333	1.9419	3.1834	1297.1	-0.042787	6.8686e-05	0.15832	liquid
189.00	549.00	383.08	0.0026104	190.58	333.89	1.3502	1.9399	3.1833	1292.5	-0.042603	6.8103e-05	0.15752	liquid
190.00	549.00	382.11	0.0026170	193.40	337.08	1.3670	1.9380	3.1833	1287.9	-0.042417	6.7530e-05	0.15673	liquid
191.00	549.00	381.14	0.0026237	196.22	340.26	1.3837	1.9361	3.1832	1283.3	-0.042229	6.6966e-05	0.15593	supercritical
192.00	549.00	380.16	0.0026304	199.03	343.44	1.4003	1.9343	3.1832	1278.7	-0.042039	6.6410e-05	0.15515	supercritical
193.00	549.00	379.19	0.0026372	201.84	346.63	1.4169	1.9324	3.1832	1274.2	-0.041848	6.5864e-05	0.15436	supercritical
194.00	549.00	378.22	0.0026440	204.66	349.81	1.4333	1.9306	3.1832	1269.7	-0.041655	6.5326e-05	0.15359	supercritical
195.00	549.00	377.25	0.0026508	207.47	352.99	1.4497	1.9289	3.1831	1265.2	-0.041460	6.4796e-05	0.15282	supercritical
196.00	549.00	376.28	0.0026576	210.27	356.18	1.4660	1.9272	3.1831	1260.7	-0.041263	6.4275e-05	0.15205	supercritical
197.00	549.00	375.31	0.0026645	213.08	359.36	1.4822	1.9255	3.1831	1256.3	-0.041064	6.3762e-05	0.15130	supercritical
198.00	549.00	374.34	0.0026714	215.88	362.54	1.4983	1.9238	3.1831	1251.9	-0.040863	6.3257e-05	0.15054	supercritical
199.00	549.00	373.37	0.0026783	218.68	365.73	1.5143	1.9222	3.1832	1247.5	-0.040661	6.2759e-05	0.14980	supercritical
200.00	549.00	372.40	0.0026853	221.49	368.91	1.5303	1.9206	3.1832	1243.1	-0.040457	6.2269e-05	0.14906	supercritical
201.00	549.00	371.43	0.0026923	224.28	372.09	1.5462	1.9190	3.1832	1238.8	-0.040251	6.1786e-05	0.14832	supercritical
202.00	549.00	370.46	0.0026993	227.08	375.27	1.5620	1.9175	3.1832	1234.4	-0.040044	6.1311e-05	0.14759	supercritical
203.00	549.00	369.49	0.0027064	229.88	378.46	1.5777	1.9160	3.1833	1230.1	-0.039834	6.0843e-05	0.14687	supercritical
204.00	549.00	368.53	0.0027135	232.67	381.64	1.5933	1.9145	3.1833	1225.9	-0.039623	6.0381e-05	0.14615	supercritical
205.00	549.00	367.56	0.0027207	235.46	384.82	1.6089	1.9131	3.1834	1221.6	-0.039410	5.9927e-05	0.14544	supercritical
206.00	549.00	366.59	0.0027278	238.25	388.01	1.6244	1.9117	3.1834	1217.4	-0.039196	5.9479e-05	0.14474	supercritical
207.00	549.00	365.63	0.0027350	241.04	391.19	1.6398	1.9103	3.1835	1213.2	-0.038980	5.9037e-05	0.14404	supercritical
208.00	549.00	364.66	0.0027423	243.83	394.38	1.6551	1.9089	3.1836	1209.0	-0.038762	5.8602e-05	0.14334	supercritical
209.00	549.00	363.70	0.0027495	246.61	397.56	1.6704	1.9076	3.1836	1204.8	-0.038543	5.8173e-05	0.14266	supercritical
210.00	549.00	362.74	0.0027568	249.39	400.74	1.6856	1.9064	3.1837	1200.7	-0.038322	5.7751e-05	0.14197	supercritical
211.00	549.00	361.77	0.0027642	252.17	403.93	1.7007	1.9051	3.1838	1196.6	-0.038099	5.7334e-05	0.14130	supercritical
212.00	549.00	360.81	0.0027715	254.95	407.11	1.7158	1.9039	3.1839	1192.5	-0.037875	5.6923e-05	0.14063	supercritical
213.00	549.00	359.85	0.0027789	257.73	410.29	1.7308	1.9027	3.1840	1188.5	-0.037650	5.6518e-05	0.13996	supercritical
214.00	549.00	358.89	0.0027864	260.51	413.48	1.7457	1.9016	3.1841	1184.4	-0.037423	5.6119e-05	0.13930	supercritical
215.00	549.00	357.93	0.0027938	263.28	416.66	1.7605	1.9004	3.1842	1180.4	-0.037194	5.5726e-05	0.13865	supercritical
216.00	549.00	356.97	0.0028013	266.05	419.85	1.7753	1.8994	3.1843	1176.4	-0.036964	5.5338e-05	0.13800	supercritical
217.00	549.00	356.01	0.0028089	268.82	423.03	1.7900	1.8983	3.1844	1172.5	-0.036732	5.4955e-05	0.13736	supercritical
218.00	549.00	355.06	0.0028164	271.59	426.22	1.8046	1.8973	3.1845	1168.5	-0.036499	5.4577e-05	0.13672	supercritical
219.00	549.00	354.10	0.0028241	274.36	429.40	1.8192	1.8963	3.1846	1164.6	-0.036264	5.4205e-05	0.13609	supercritical
220.00	549.00	353.15	0.0028317	277.12	432.58	1.8337	1.8953	3.1847	1160.7	-0.036029	5.3838e-05	0.13547	supercritical
221.00	549.00	352.19	0.0028394	279.89	435.77	1.8482	1.8944	3.1848	1156.9	-0.035791	5.3476e-05	0.13485	supercritical
222.00	549.00	351.24	0.0028471	282.65	438.95	1.8625	1.8935	3.1850	1153.0	-0.035553	5.3119e-05	0.13424	supercritical
223.00	549.00	350.29	0.0028548	285.41	442.14	1.8769	1.8927	3.1851	1149.2	-0.035313	5.2766e-05	0.13363	supercritical
224.00	549.00	349.33	0.0028626	288.17	445.32	1.8911	1.8918	3.1852	1145.4	-0.035072	5.2419e-05	0.13303	supercritical
225.00	549.00	348.38	0.0028704	290.92	448.51	1.9053	1.8910	3.1854	1141.7	-0.034829	5.2076e-05	0.13243	supercritical
226.00	549.00	347.43	0.0028782	293.68	451.70	1.9194	1.8903	3.1855	1137.9	-0.034586	5.1737e-05	0.13184	supercritical
227.00	549.00	346.49	0.0028861	296.43	454.88	1.9335	1.8895	3.1856	1134.2	-0.034341	5.1403e-05	0.13125	supercritical
228.00	549.00	345.54	0.0028940	299.18	458.07	1.9475	1.8888	3.1857	1130.5	-0.034095	5.1074e-05	0.13067	supercritical
229.00	549.00	344.59	0.0029020	301.93	461.25	1.9614	1.8882	3.1859	1126.9	-0.033848	5.0749e-05	0.13010	supercritical
230.00	549.00	343.65	0.0029100	304.68	464.44	1.9753	1.8875	3.1860	1123.2	-0.033600	5.0428e-05	0.12953	supercritical
231.00	549.00	342.70	0.0029180	307.43	467.62	1.9891	1.8869	3.1862	1119.6	-0.033351	5.0111e-05	0.12897	supercritical
232.00	549.00	341.76	0.0029260	310.17	470.81	2.0029	1.8863	3.1863	1116.0	-0.033100	4.9799e-05	0.12841	supercritical
233.00	549.00	340.82	0.0029341	312.91	474.00	2.0166	1.8858	3.1864	1112.4	-0.032849	4.9490e-05	0.12785	supercritical
234.00	549.00	339.88	0.0029422	315.66	477.18	2.0303	1.8853	3.1866	1108.9	-0.032597	4.9186e-05	0.12731	supercritical
235.00	549.00	338.94	0.0029504	318.39	480.37	2.0438	1.8848	3.1867	1105.4	-0.032343	4.8885e-05	0.12677	supercritical
236.00	549.00	338.00	0.0029586	321.13	483.56	2.0574	1.8843	3.1869	1101.9	-0.032089	4.8589e-05	0.12623	supercritical
237.00	549.00	337.07	0.0029668	323.87	486.74	2.0709	1.8839	3.1870	1098.4	-0.031834	4.8296e-05	0.12570	supercritical
238.00	549.00	336.13	0.0029750	326.60	489.93	2.0843	1.8835	3.1871	1095.0	-0.031579	4.8007e-05	0.12517	supercritical
239.00	549.00	335.20	0.0029833	329.33	493.12	2.0976	1.8832	3.1873	1091.6	-0.031322	4.7722e-05	0.12465	supercritical
240.00	549.00	334.26	0.0029916	332.06	496.31	2.1109	1.8828	3.1874	1088.2	-0.031064	4.7440e-05	0.12414	supercritical
241.00	549.00	333.33	0.0030000	334.79	499.49	2.1242	1.8825	3.1876	1084.8	-0.030806	4.7162e-05	0.12363	supercritical
242.00	549.00	332.40	0.0030084	337.52	502.68	2.1374	1.8823	3.1877	1081.5	-0.030548	4.6888e-05	0.12312	supercritical
243.00	549.00	331.48	0.0030168	340.24	505.87	2.1505	1.8820	3.1878	1078.2	-0.030288	4.6617e-05	0.12262	supercritical
244.00	549.00	330.55	0.0030253	342.97	509.06	2.1636	1.8818	3.1880	1074.9	-0.030028	4.6349e-05	0.12213	supercritical
245.00	549.00	329.62	0.0030338	345.69	512.24	2.1767	1.8817	3.1881	1071.6	-0.029767	4.6085e-05	0.12164	supercritical
246.00	549.00	328.70	0.0030423	348.41	515.43	2.1897	1.8815	3.1882	1068.4	-0.029506	4.5824e-05	0.12116	supercritical
247.00	549.00	327.78	0.0030509	351.13	518.62	2.2026	1.8814	3.1884	1065.2	-0.029244	4.5566e-05	0.12068	supercritical
248.00	549.00	326.86	0.0030594	353.85	521.81	2.2155	1.8813	3.1885	1062.0	-0.028982	4.5312e-05	0.12021	supercritical
249.00	549.00	325.94	0.0030681	356.56	525.00	2.2283	1.8813	3.1886	1058.8	-0.028720	4.5060e-05	0.11974	supercritical
250.00	549.00	325.02	0.0030767	359.27	528.19	2.2411	1.8812	3.1887	1055.7	-0.028457	4.4812e-05	0.11927	supercritical
251.00	549.00	324.10	0.0030854	361.98	531.37	2.2538	1.8813	3.1889	1052.6	-0.028193	4.4567e-05	0.11882	supercritical
252.00	549.00	323.19	0.0030942	364.69	534.56	2.2665	1.8813	3.1890	1049.5	-0.027930	4.4325e-05	0.11836	supercritical
253.00	549.00	322.28	0.0031029	367.40	537.75	2.2791	1.8814	3.1891	1046.4	-0.027666	4.4086e-05	0.11792	supercritical
254.00	549.00	321.37	0.0031117	370.11	540.94	2.2917	1.8815	3.1892	1043.4	-0.027401	4.3850e-05	0.11747	supercritical
255.00	549.00	320.46	0.0031205	372.81	544.13	2.3042	1.8816	3.1893	1040.4	-0.027137	4.3617e-05	0.11703	supercritical
256.00	549.00	319.55	0.0031294	375.52	547.32	2.3167	1.8817	3.1894	1037.4	-0.026872	4.3387e-05	0.11660	supercritical
257.00	549.00	318.65	0.0031383	378.22	550.51	2.3292	1.8819	3.1895	1034.4	-0.026608	4.3159e-05	0.11617	supercritical
258.00	549.00	317.74	0.0031472	380.92	553.70	2.3415	1.8821	3.1897	1031.5	-0.026343	4.2935e-05	0.11575	supercritical
259.00	549.00	316.84	0.0031562	383.62	556.89	2.3539	1.8824	3.1898	1028.6	-0.026078	4.2713e-05	0.11533	supercritical
260.00	549.00	315.94	0.0031652	386.31	560.08	2.3662	1.8827	3.1899	1025.7	-0.025814	4.2493e-05	0.11492	supercritical
261.00	549.00	315.04	0.0031742	389.01	563.27	2.3784	1.8830	3.1900	1022.8	-0.025549	4.2277e-05	0.11451	supercritical
262.00	549.00	314.15	0.0031832	391.70	566.46	2.3906	1.8833	3.1901	1020.0	-0.025284	4.2063e-05	0.11410	supercritical
263.00	549.00	313.25	0.0031923	394.39	569.65	2.4028	1.8836	3.1901	1017.2	-0.025020	4.1852e-05	0.11370	supercritical
264.00	549.00	312.36	0.0032014	397.08	572.84	2.4149	1.8840	3.1902	1014.4	-0.024755	4.1643e-05	0.11331	supercritical
265.00	549.00	311.47	0.0032106	399.77	576.03	2.4269	1.8844	3.1903	1011.6	-0.024491	4.1437e-05	0.11292	supercritical
266.00	549.00	310.58	0.0032198	402.45	579.22	2.4390	1.8849	3.1904	1008.9	-0.024227	4.1233e-05	0.11253	supercritical
267.00	549.00	309.69	0.0032290	405.14	582.41	2.4509	1.8854	3.1905	1006.1	-0.023964	4.1032e-05	0.11215	supercritical
268.00	549.00	308.81	0.0032382	407.82	585.60	2.4629	1.8859	3.1906	1003.4	-0.023700	4.0833e-05	0.11178	supercritical
269.00	549.00	307.93	0.0032475	410.50	588.79	2.4747	1.8864	3.1906	1000.8	-0.023437	4.0637e-05	0.11141	supercritical
270.00	549.00	307.05	0.0032568	413.18	591.98	2.4866	1.8870	3.1907	998.13	-0.023175	4.0443e-05	0.11104	supercritical
271.00	549.00	306.17	0.0032662	415.86	595.17	2.4984	1.8875	3.1908	995.51	-0.022913	4.0251e-05	0.11068	supercritical
272.00	549.00	305.29	0.0032755	418.54	598.36	2.5101	1.8881	3.1908	992.91	-0.022651	4.0062e-05	0.11032	supercritical
273.00	549.00	304.42	0.0032849	421.21	601.55	2.5218	1.8888	3.1909	990.33	-0.022390	3.9875e-05	0.10997	supercritical
274.00	549.00	303.55	0.0032944	423.89	604.75	2.5335	1.8895	3.1910	987.78	-0.022129	3.9690e-05	0.10962	supercritical
275.00	549.00	302.68	0.0033038	426.56	607.94	2.5451	1.8901	3.1910	985.25	-0.021870	3.9507e-05	0.10927	supercritical
276.00	549.00	301.81	0.0033133	429.23	611.13	2.5567	1.8909	3.1911	982.75	-0.021610	3.9327e-05	0.10893	supercritical
277.00	549.00	300.95	0.0033228	431.89	614.32	2.5683	1.8916	3.1911	980.27	-0.021352	3.9149e-05	0.10860	supercritical
278.00	549.00	300.08	0.0033324	434.56	617.51	2.5798	1.8924	3.1912	977.81	-0.021094	3.8972e-05	0.10826	supercritical
279.00	549.00	299.22	0.0033420	437.23	620.70	2.5912	1.8932	3.1912	975.38	-0.020836	3.8798e-05	0.10794	supercritical
280.00	549.00	298.37	0.0033516	439.89	623.89	2.6026	1.8940	3.1913	972.97	-0.020580	3.8627e-05	0.10761	supercritical
281.00	549.00	297.51	0.0033612	442.55	627.08	2.6140	1.8949	3.1913	970.58	-0.020324	3.8457e-05	0.10730	supercritical
282.00	549.00	296.66	0.0033709	445.21	630.27	2.6253	1.8957	3.1913	968.22	-0.020070	3.8289e-05	0.10698	supercritical
283.00	549.00	295.81	0.0033806	447.87	633.47	2.6366	1.8967	3.1914	965.87	-0.019816	3.8123e-05	0.10667	supercritical
284.00	549.00	294.96	0.0033903	450.53	636.66	2.6479	1.8976	3.1914	963.56	-0.019563	3.7959e-05	0.10637	supercritical
285.00	549.00	294.11	0.0034001	453.19	639.85	2.6591	1.8985	3.1914	961.26	-0.019311	3.7797e-05	0.10606	supercritical
286.00	549.00	293.27	0.0034098	455.84	643.04	2.6703	1.8995	3.1915	958.99	-0.019060	3.7637e-05	0.10577	supercritical
287.00	549.00	292.43	0.0034197	458.49	646.23	2.6814	1.9005	3.1915	956.74	-0.018810	3.7479e-05	0.10547	supercritical
288.00	549.00	291.59	0.0034295	461.14	649.42	2.6925	1.9016	3.1915	954.51	-0.018561	3.7323e-05	0.10518	supercritical
289.00	549.00	290.75	0.0034394	463.79	652.62	2.7036	1.9026	3.1915	952.30	-0.018313	3.7169e-05	0.10490	supercritical
290.00	549.00	289.92	0.0034492	466.44	655.81	2.7146	1.9037	3.1916	950.12	-0.018066	3.7016e-05	0.10462	supercritical
291.00	549.00	289.09	0.0034592	469.09	659.00	2.7256	1.9048	3.1916	947.96	-0.017821	3.6866e-05	0.10434	supercritical
292.00	549.00	288.26	0.0034691	471.74	662.19	2.7366	1.9059	3.1916	945.82	-0.017577	3.6717e-05	0.10406	supercritical
293.00	549.00	287.43	0.0034791	474.38	665.38	2.7475	1.9071	3.1916	943.70	-0.017334	3.6570e-05	0.10379	supercritical
294.00	549.00	286.61	0.0034891	477.02	668.57	2.7583	1.9083	3.1916	941.60	-0.017092	3.6424e-05	0.10353	supercritical
295.00	549.00	285.79	0.0034991	479.66	671.76	2.7692	1.9095	3.1916	939.53	-0.016851	3.6281e-05	0.10327	supercritical
296.00	549.00	284.97	0.0035092	482.30	674.96	2.7800	1.9107	3.1917	937.47	-0.016612	3.6139e-05	0.10301	supercritical
297.00	549.00	284.15	0.0035192	484.94	678.15	2.7907	1.9120	3.1917	935.44	-0.016374	3.5998e-05	0.10275	supercritical
298.00	549.00	283.34	0.0035293	487.58	681.34	2.8015	1.9132	3.1917	933.43	-0.016137	3.5860e-05	0.10250	supercritical
299.00	549.00	282.53	0.0035395	490.21	684.53	2.8122	1.9145	3.1917	931.44	-0.015902	3.5723e-05	0.10226	supercritical
300.00	549.00	281.72	0.0035496	492.85	687.72	2.8228	1.9159	3.1917	929.47	-0.015669	3.5588e-05	0.10201	supercritical
301.00	549.00	280.91	0.0035598	495.48	690.91	2.8334	1.9172	3.1917	927.53	-0.015436	3.5454e-05	0.10177	supercritical
302.00	549.00	280.11	0.0035700	498.11	694.11	2.8440	1.9186	3.1917	925.60	-0.015206	3.5322e-05	0.10154	supercritical
303.00	549.00	279.31	0.0035802	500.74	697.30	2.8546	1.9200	3.1917	923.69	-0.014976	3.5191e-05	0.10130	supercritical
304.00	549.00	278.51	0.0035905	503.37	700.49	2.8651	1.9214	3.1918	921.81	-0.014749	3.5063e-05	0.10107	supercritical
305.00	549.00	277.72	0.0036008	506.00	703.68	2.8756	1.9228	3.1918	919.94	-0.014523	3.4935e-05	0.10085	supercritical
306.00	549.00	276.93	0.0036110	508.63	706.87	2.8860	1.9243	3.1918	918.10	-0.014298	3.4809e-05	0.10063	supercritical
307.00	549.00	276.14	0.0036214	511.25	710.07	2.8964	1.9258	3.1918	916.28	-0.014075	3.4685e-05	0.10041	supercritical
308.00	549.00	275.35	0.0036317	513.88	713.26	2.9068	1.9273	3.1918	914.47	-0.013854	3.4562e-05	0.10019	supercritical
309.00	549.00	274.57	0.0036421	516.50	716.45	2.9172	1.9288	3.1918	912.69	-0.013634	3.4441e-05	0.099983	supercritical
310.00	549.00	273.79	0.0036525	519.12	719.64	2.9275	1.9304	3.1918	910.92	-0.013416	3.4321e-05	0.099775	supercritical
311.00	549.00	273.01	0.0036629	521.74	722.83	2.9378	1.9319	3.1919	909.18	-0.013200	3.4202e-05	0.099571	supercritical
312.00	549.00	272.23	0.0036733	524.36	726.02	2.9480	1.9335	3.1919	907.45	-0.012985	3.4085e-05	0.099370	supercritical
313.00	549.00	271.46	0.0036838	526.98	729.22	2.9582	1.9351	3.1919	905.75	-0.012772	3.3969e-05	0.099172	supercritical
314.00	549.00	270.69	0.0036942	529.59	732.41	2.9684	1.9368	3.1919	904.06	-0.012561	3.3855e-05	0.098977	supercritical
315.00	549.00	269.92	0.0037047	532.21	735.60	2.9786	1.9384	3.1920	902.39	-0.012352	3.3742e-05	0.098786	supercritical
316.00	549.00	269.16	0.0037153	534.82	738.79	2.9887	1.9401	3.1920	900.74	-0.012145	3.3630e-05	0.098598	supercritical
317.00	549.00	268.40	0.0037258	537.44	741.98	2.9988	1.9418	3.1920	899.11	-0.011939	3.3520e-05	0.098413	supercritical
318.00	549.00	267.64	0.0037364	540.05	745.18	3.0088	1.9435	3.1921	897.50	-0.011735	3.3411e-05	0.098232	supercritical
319.00	549.00	266.88	0.0037470	542.66	748.37	3.0188	1.9453	3.1921	895.91	-0.011533	3.3303e-05	0.098053	supercritical
320.00	549.00	266.13	0.0037576	545.27	751.56	3.0288	1.9470	3.1921	894.34	-0.011333	3.3197e-05	0.097878	supercritical
321.00	549.00	265.38	0.0037682	547.88	754.75	3.0388	1.9488	3.1922	892.78	-0.011135	3.3092e-05	0.097706	supercritical
322.00	549.00	264.63	0.0037788	550.49	757.94	3.0487	1.9506	3.1922	891.24	-0.010938	3.2988e-05	0.097537	supercritical
323.00	549.00	263.89	0.0037895	553.09	761.14	3.0586	1.9524	3.1923	889.72	-0.010744	3.2885e-05	0.097371	supercritical
324.00	549.00	263.15	0.0038002	555.70	764.33	3.0685	1.9543	3.1924	888.22	-0.010551	3.2784e-05	0.097207	supercritical
325.00	549.00	262.41	0.0038109	558.31	767.52	3.0783	1.9561	3.1924	886.74	-0.010361	3.2684e-05	0.097047	supercritical
326.00	549.00	261.67	0.0038216	560.91	770.71	3.0881	1.9580	3.1925	885.27	-0.010172	3.2585e-05	0.096890	supercritical
327.00	549.00	260.94	0.0038323	563.51	773.91	3.0979	1.9599	3.1926	883.82	-0.0099852	3.2487e-05	0.096736	supercritical
328.00	549.00	260.21	0.0038431	566.12	777.10	3.1076	1.9618	3.1926	882.39	-0.0098005	3.2390e-05	0.096585	supercritical
329.00	549.00	259.48	0.0038538	568.72	780.29	3.1174	1.9637	3.1927	880.98	-0.0096177	3.2295e-05	0.096437	supercritical
330.00	549.00	258.76	0.0038646	571.32	783.48	3.1271	1.9657	3.1928	879.58	-0.0094369	3.2201e-05	0.096292	supercritical
331.00	549.00	258.04	0.0038754	573.92	786.68	3.1367	1.9677	3.1929	878.20	-0.0092581	3.2108e-05	0.096149	supercritical
332.00	549.00	257.32	0.0038863	576.52	789.87	3.1463	1.9697	3.1930	876.84	-0.0090813	3.2016e-05	0.096009	supercritical
333.00	549.00	256.60	0.0038971	579.11	793.06	3.1560	1.9717	3.1931	875.49	-0.0089066	3.1925e-05	0.095872	supercritical
334.00	549.00	255.89	0.0039080	581.71	796.26	3.1655	1.9737	3.1932	874.16	-0.0087338	3.1835e-05	0.095738	supercritical
335.00	549.00	255.18	0.0039188	584.31	799.45	3.1751	1.9757	3.1933	872.85	-0.0085631	3.1746e-05	0.095607	supercritical
336.00	549.00	254.47	0.0039297	586.90	802.64	3.1846	1.9778	3.1934	871.55	-0.0083944	3.1659e-05	0.095478	supercritical
337.00	549.00	253.77	0.0039406	589.50	805.84	3.1941	1.9799	3.1936	870.27	-0.0082277	3.1572e-05	0.095352	supercritical
338.00	549.00	253.07	0.0039515	592.09	809.03	3.2035	1.9820	3.1937	869.00	-0.0080631	3.1487e-05	0.095229	supercritical
339.00	549.00	252.37	0.0039625	594.68	812.22	3.2130	1.9841	3.1938	867.75	-0.0079005	3.1402e-05	0.095108	supercritical
340.00	549.00	251.67	0.0039734	597.28	815.42	3.2224	1.9862	3.1940	866.52	-0.0077400	3.1319e-05	0.094990	supercritical
341.00	549.00	250.98	0.0039844	599.87	818.61	3.2318	1.9884	3.1942	865.30	-0.0075815	3.1236e-05	0.094875	supercritical
342.00	549.00	250.29	0.0039954	602.46	821.81	3.2411	1.9906	3.1943	864.10	-0.0074251	3.1155e-05	0.094762	supercritical
343.00	549.00	249.60	0.0040064	605.05	825.00	3.2504	1.9927	3.1945	862.91	-0.0072707	3.1075e-05	0.094652	supercritical
344.00	549.00	248.92	0.0040174	607.64	828.20	3.2597	1.9949	3.1947	861.74	-0.0071184	3.0995e-05	0.094544	supercritical
345.00	549.00	248.24	0.0040284	610.23	831.39	3.2690	1.9972	3.1949	860.58	-0.0069682	3.0917e-05	0.094439	supercritical
346.00	549.00	247.56	0.0040394	612.82	834.59	3.2783	1.9994	3.1951	859.44	-0.0068200	3.0839e-05	0.094336	supercritical
347.00	549.00	246.88	0.0040505	615.41	837.78	3.2875	2.0016	3.1953	858.31	-0.0066739	3.0763e-05	0.094236	supercritical
348.00	549.00	246.21	0.0040616	618.00	840.98	3.2967	2.0039	3.1955	857.20	-0.0065298	3.0687e-05	0.094138	supercritical
349.00	549.00	245.54	0.0040726	620.58	844.17	3.3059	2.0062	3.1957	856.10	-0.0063878	3.0613e-05	0.094042	supercritical
350.00	549.00	244.87	0.0040837	623.17	847.37	3.3150	2.0085	3.1959	855.02	-0.0062479	3.0539e-05	0.093949	supercritical
351.00	549.00	244.21	0.0040948	625.76	850.56	3.3241	2.0108	3.1962	853.95	-0.0061100	3.0466e-05	0.093859	supercritical
352.00	549.00	243.55	0.0041060	628.34	853.76	3.3332	2.0131	3.1964	852.90	-0.0059742	3.0394e-05	0.093770	supercritical
353.00	549.00	242.89	0.0041171	630.93	856.96	3.3423	2.0155	3.1967	851.85	-0.0058404	3.0323e-05	0.093684	supercritical
354.00	549.00	242.24	0.0041282	633.51	860.15	3.3513	2.0178	3.1969	850.83	-0.0057086	3.0253e-05	0.093601	supercritical
355.00	549.00	241.58	0.0041394	636.10	863.35	3.3603	2.0202	3.1972	849.81	-0.0055790	3.0184e-05	0.093519	supercritical
356.00	549.00	240.93	0.0041505	638.68	866.55	3.3693	2.0226	3.1975	848.81	-0.0054513	3.0115e-05	0.093440	supercritical
357.00	549.00	240.29	0.0041617	641.27	869.75	3.3783	2.0250	3.1978	847.83	-0.0053257	3.0048e-05	0.093363	supercritical
358.00	549.00	239.64	0.0041729	643.85	872.94	3.3873	2.0274	3.1981	846.85	-0.0052021	2.9981e-05	0.093289	supercritical
359.00	549.00	239.00	0.0041841	646.43	876.14	3.3962	2.0298	3.1984	845.89	-0.0050806	2.9915e-05	0.093216	supercritical
360.00	549.00	238.36	0.0041953	649.02	879.34	3.4051	2.0323	3.1988	844.95	-0.0049610	2.9850e-05	0.093146	supercritical
361.00	549.00	237.73	0.0042065	651.60	882.54	3.4139	2.0348	3.1991	844.01	-0.0048435	2.9786e-05	0.093078	supercritical
362.00	549.00	237.09	0.0042177	654.18	885.74	3.4228	2.0372	3.1994	843.09	-0.0047280	2.9722e-05	0.093012	supercritical
363.00	549.00	236.46	0.0042290	656.77	888.94	3.4316	2.0397	3.1998	842.18	-0.0046145	2.9660e-05	0.092948	supercritical
364.00	549.00	235.84	0.0042402	659.35	892.14	3.4404	2.0422	3.2002	841.29	-0.0045029	2.9598e-05	0.092886	supercritical
365.00	549.00	235.21	0.0042515	661.93	895.34	3.4492	2.0447	3.2005	840.41	-0.0043934	2.9537e-05	0.092827	supercritical
366.00	549.00	234.59	0.0042628	664.51	898.54	3.4580	2.0473	3.2009	839.54	-0.0042858	2.9476e-05	0.092769	supercritical
367.00	549.00	233.97	0.0042740	667.10	901.74	3.4667	2.0498	3.2013	838.68	-0.0041802	2.9417e-05	0.092714	supercritical
368.00	549.00	233.35	0.0042853	669.68	904.94	3.4754	2.0524	3.2018	837.83	-0.0040766	2.9358e-05	0.092660	supercritical
369.00	549.00	232.74	0.0042966	672.26	908.14	3.4841	2.0549	3.2022	837.00	-0.0039749	2.9300e-05	0.092609	supercritical
370.00	549.00	232.13	0.0043079	674.84	911.35	3.4928	2.0575	3.2026	836.17	-0.0038752	2.9243e-05	0.092559	supercritical
371.00	549.00	231.52	0.0043192	677.42	914.55	3.5014	2.0601	3.2031	835.36	-0.0037774	2.9186e-05	0.092512	supercritical
372.00	549.00	230.92	0.0043306	680.00	917.75	3.5100	2.0627	3.2035	834.57	-0.0036815	2.9130e-05	0.092466	supercritical
373.00	549.00	230.31	0.0043419	682.59	920.96	3.5186	2.0654	3.2040	833.78	-0.0035875	2.9075e-05	0.092422	supercritical
374.00	549.00	229.72	0.0043532	685.17	924.16	3.5272	2.0680	3.2045	833.00	-0.0034954	2.9021e-05	0.092381	supercritical
375.00	549.00	229.12	0.0043646	687.75	927.36	3.5358	2.0706	3.2050	832.24	-0.0034052	2.8967e-05	0.092341	supercritical
376.00	549.00	228.52	0.0043759	690.33	930.57	3.5443	2.0733	3.2055	831.49	-0.0033169	2.8914e-05	0.092303	supercritical
377.00	549.00	227.93	0.0043873	692.91	933.78	3.5528	2.0760	3.2060	830.74	-0.0032305	2.8861e-05	0.092267	supercritical
378.00	549.00	227.34	0.0043986	695.50	936.98	3.5613	2.0786	3.2065	830.01	-0.0031459	2.8810e-05	0.092233	supercritical
379.00	549.00	226.76	0.0044100	698.08	940.19	3.5698	2.0813	3.2071	829.29	-0.0030632	2.8759e-05	0.092201	supercritical
380.00	549.00	226.17	0.0044214	700.66	943.40	3.5782	2.0840	3.2076	828.58	-0.0029823	2.8708e-05	0.092170	supercritical
381.00	549.00	225.59	0.0044328	703.24	946.60	3.5867	2.0868	3.2082	827.88	-0.0029032	2.8659e-05	0.092141	supercritical
382.00	549.00	225.01	0.0044442	705.83	949.81	3.5951	2.0895	3.2088	827.20	-0.0028259	2.8610e-05	0.092114	supercritical
383.00	549.00	224.44	0.0044556	708.41	953.02	3.6035	2.0922	3.2094	826.52	-0.0027504	2.8561e-05	0.092089	supercritical
384.00	549.00	223.87	0.0044670	710.99	956.23	3.6118	2.0950	3.2100	825.85	-0.0026768	2.8513e-05	0.092066	supercritical
385.00	549.00	223.29	0.0044784	713.58	959.44	3.6202	2.0978	3.2106	825.19	-0.0026048	2.8466e-05	0.092044	supercritical
386.00	549.00	222.73	0.0044898	716.16	962.65	3.6285	2.1005	3.2113	824.55	-0.0025347	2.8420e-05	0.092024	supercritical
387.00	549.00	222.16	0.0045012	718.75	965.86	3.6368	2.1033	3.2119	823.91	-0.0024663	2.8374e-05	0.092006	supercritical
388.00	549.00	221.60	0.0045127	721.33	969.08	3.6451	2.1061	3.2126	823.28	-0.0023996	2.8328e-05	0.091989	supercritical
389.00	549.00	221.04	0.0045241	723.92	972.29	3.6534	2.1089	3.2132	822.67	-0.0023346	2.8284e-05	0.091975	supercritical
390.00	549.00	220.48	0.0045355	726.50	975.50	3.6616	2.1117	3.2139	822.06	-0.0022714	2.8239e-05	0.091961	supercritical
391.00	549.00	219.93	0.0045470	729.09	978.72	3.6699	2.1146	3.2146	821.46	-0.0022098	2.8196e-05	0.091950	supercritical
392.00	549.00	219.37	0.0045584	731.67	981.93	3.6781	2.1174	3.2153	820.87	-0.0021499	2.8153e-05	0.091940	supercritical
393.00	549.00	218.82	0.0045699	734.26	985.15	3.6863	2.1203	3.2161	820.30	-0.0020917	2.8111e-05	0.091932	supercritical
394.00	549.00	218.28	0.0045813	736.85	988.36	3.6944	2.1231	3.2168	819.73	-0.0020351	2.8069e-05	0.091925	supercritical
395.00	549.00	217.73	0.0045928	739.44	991.58	3.7026	2.1260	3.2175	819.17	-0.0019801	2.8027e-05	0.091920	supercritical
396.00	549.00	217.19	0.0046043	742.02	994.80	3.7107	2.1289	3.2183	818.61	-0.0019268	2.7987e-05	0.091916	supercritical
397.00	549.00	216.65	0.0046157	744.61	998.02	3.7189	2.1317	3.2191	818.07	-0.0018751	2.7947e-05	0.091914	supercritical
398.00	549.00	216.11	0.0046272	747.20	1001.2	3.7270	2.1346	3.2199	817.54	-0.0018250	2.7907e-05	0.091914	supercritical
399.00	549.00	215.58	0.0046387	749.79	1004.5	3.7350	2.1376	3.2207	817.02	-0.0017764	2.7868e-05	0.091915	supercritical
400.00	549.00	215.05	0.0046502	752.38	1007.7	3.7431	2.1405	3.2215	816.50	-0.0017294	2.7829e-05	0.091917	supercritical
401.00	549.00	214.52	0.0046617	754.97	1010.9	3.7511	2.1434	3.2223	815.99	-0.0016840	2.7791e-05	0.091922	supercritical
402.00	549.00	213.99	0.0046732	757.57	1014.1	3.7592	2.1463	3.2232	815.50	-0.0016401	2.7754e-05	0.091927	supercritical
403.00	549.00	213.46	0.0046847	760.16	1017.3	3.7672	2.1493	3.2240	815.01	-0.0015977	2.7717e-05	0.091934	supercritical
404.00	549.00	212.94	0.0046962	762.75	1020.6	3.7752	2.1522	3.2249	814.53	-0.0015568	2.7680e-05	0.091943	supercritical
405.00	549.00	212.42	0.0047077	765.35	1023.8	3.7831	2.1552	3.2258	814.05	-0.0015174	2.7644e-05	0.091953	supercritical
406.00	549.00	211.90	0.0047192	767.94	1027.0	3.7911	2.1582	3.2267	813.59	-0.0014794	2.7609e-05	0.091965	supercritical
407.00	549.00	211.39	0.0047307	770.54	1030.3	3.7990	2.1611	3.2276	813.13	-0.0014430	2.7574e-05	0.091977	supercritical
408.00	549.00	210.87	0.0047422	773.13	1033.5	3.8070	2.1641	3.2285	812.68	-0.0014079	2.7540e-05	0.091992	supercritical
409.00	549.00	210.36	0.0047537	775.73	1036.7	3.8149	2.1671	3.2294	812.24	-0.0013743	2.7506e-05	0.092008	supercritical
410.00	549.00	209.85	0.0047652	778.33	1039.9	3.8227	2.1701	3.2304	811.81	-0.0013421	2.7472e-05	0.092025	supercritical
411.00	549.00	209.35	0.0047767	780.93	1043.2	3.8306	2.1731	3.2314	811.39	-0.0013114	2.7439e-05	0.092043	supercritical
412.00	549.00	208.84	0.0047883	783.53	1046.4	3.8385	2.1762	3.2323	810.97	-0.0012819	2.7406e-05	0.092063	supercritical
413.00	549.00	208.34	0.0047998	786.13	1049.6	3.8463	2.1792	3.2333	810.56	-0.0012539	2.7374e-05	0.092084	supercritical
414.00	549.00	207.84	0.0048113	788.73	1052.9	3.8541	2.1822	3.2343	810.16	-0.0012272	2.7343e-05	0.092107	supercritical
415.00	549.00	207.35	0.0048228	791.33	1056.1	3.8619	2.1853	3.2354	809.76	-0.0012019	2.7311e-05	0.092131	supercritical
416.00	549.00	206.85	0.0048344	793.93	1059.3	3.8697	2.1883	3.2364	809.38	-0.0011778	2.7281e-05	0.092156	supercritical
417.00	549.00	206.36	0.0048459	796.54	1062.6	3.8775	2.1914	3.2374	809.00	-0.0011551	2.7250e-05	0.092183	supercritical
418.00	549.00	205.87	0.0048574	799.14	1065.8	3.8853	2.1945	3.2385	808.62	-0.0011337	2.7220e-05	0.092211	supercritical
419.00	549.00	205.38	0.0048689	801.75	1069.1	3.8930	2.1975	3.2396	808.26	-0.0011135	2.7191e-05	0.092240	supercritical
420.00	549.00	204.90	0.0048805	804.35	1072.3	3.9007	2.2006	3.2407	807.90	-0.0010947	2.7162e-05	0.092270	supercritical
421.00	549.00	204.41	0.0048920	806.96	1075.5	3.9084	2.2037	3.2417	807.55	-0.0010770	2.7133e-05	0.092302	supercritical
422.00	549.00	203.93	0.0049036	809.57	1078.8	3.9161	2.2068	3.2429	807.21	-0.0010606	2.7105e-05	0.092335	supercritical
423.00	549.00	203.45	0.0049151	812.18	1082.0	3.9238	2.2099	3.2440	806.87	-0.0010454	2.7077e-05	0.092369	supercritical
424.00	549.00	202.98	0.0049266	814.79	1085.3	3.9315	2.2130	3.2451	806.54	-0.0010314	2.7050e-05	0.092405	supercritical
425.00	549.00	202.50	0.0049382	817.40	1088.5	3.9391	2.2162	3.2463	806.21	-0.0010186	2.7023e-05	0.092442	supercritical
426.00	549.00	202.03	0.0049497	820.02	1091.8	3.9467	2.2193	3.2474	805.90	-0.0010070	2.6996e-05	0.092480	supercritical
427.00	549.00	201.56	0.0049613	822.63	1095.0	3.9543	2.2224	3.2486	805.59	-0.00099655	2.6970e-05	0.092519	supercritical
428.00	549.00	201.09	0.0049728	825.25	1098.3	3.9619	2.2255	3.2498	805.28	-0.00098723	2.6945e-05	0.092559	supercritical
429.00	549.00	200.63	0.0049844	827.86	1101.5	3.9695	2.2287	3.2510	804.98	-0.00097904	2.6919e-05	0.092601	supercritical
430.00	549.00	200.16	0.0049959	830.48	1104.8	3.9771	2.2318	3.2522	804.69	-0.00097197	2.6894e-05	0.092644	supercritical
431.00	549.00	199.70	0.0050074	833.10	1108.0	3.9847	2.2350	3.2535	804.41	-0.00096599	2.6870e-05	0.092687	supercritical
432.00	549.00	199.24	0.0050190	835.72	1111.3	3.9922	2.2382	3.2547	804.13	-0.00096111	2.6845e-05	0.092733	supercritical
433.00	549.00	198.79	0.0050305	838.34	1114.5	3.9997	2.2413	3.2560	803.86	-0.00095729	2.6822e-05	0.092779	supercritical
434.00	549.00	198.33	0.0050421	840.96	1117.8	4.0072	2.2445	3.2572	803.59	-0.00095454	2.6798e-05	0.092826	supercritical
435.00	549.00	197.88	0.0050536	843.59	1121.0	4.0147	2.2477	3.2585	803.33	-0.00095283	2.6775e-05	0.092875	supercritical
436.00	549.00	197.43	0.0050652	846.21	1124.3	4.0222	2.2509	3.2598	803.07	-0.00095215	2.6752e-05	0.092924	supercritical
437.00	549.00	196.98	0.0050767	848.84	1127.6	4.0297	2.2541	3.2611	802.83	-0.00095248	2.6730e-05	0.092975	supercritical
438.00	549.00	196.53	0.0050883	851.47	1130.8	4.0371	2.2573	3.2624	802.58	-0.00095382	2.6708e-05	0.093027	supercritical
439.00	549.00	196.09	0.0050998	854.10	1134.1	4.0446	2.2605	3.2638	802.35	-0.00095615	2.6686e-05	0.093080	supercritical
440.00	549.00	195.64	0.0051114	856.73	1137.3	4.0520	2.2637	3.2651	802.12	-0.00095945	2.6665e-05	0.093134	supercritical
441.00	549.00	195.20	0.0051229	859.36	1140.6	4.0594	2.2669	3.2665	801.89	-0.00096372	2.6644e-05	0.093189	supercritical
442.00	549.00	194.76	0.0051344	861.99	1143.9	4.0668	2.2702	3.2678	801.67	-0.00096893	2.6623e-05	0.093245	supercritical
443.00	549.00	194.33	0.0051460	864.63	1147.1	4.0742	2.2734	3.2692	801.45	-0.00097508	2.6603e-05	0.093303	supercritical
444.00	549.00	193.89	0.0051575	867.26	1150.4	4.0816	2.2766	3.2706	801.25	-0.00098214	2.6583e-05	0.093361	supercritical
445.00	549.00	193.46	0.0051691	869.90	1153.7	4.0889	2.2799	3.2720	801.04	-0.00099012	2.6563e-05	0.093420	supercritical
446.00	549.00	193.03	0.0051806	872.54	1157.0	4.0963	2.2831	3.2734	800.84	-0.00099899	2.6544e-05	0.093481	supercritical
447.00	549.00	192.60	0.0051922	875.18	1160.2	4.1036	2.2864	3.2749	800.65	-0.0010087	2.6525e-05	0.093542	supercritical
448.00	549.00	192.17	0.0052037	877.82	1163.5	4.1109	2.2896	3.2763	800.46	-0.0010194	2.6506e-05	0.093605	supercritical
449.00	549.00	191.75	0.0052152	880.47	1166.8	4.1183	2.2929	3.2778	800.28	-0.0010308	2.6488e-05	0.093668	supercritical
450.00	549.00	191.32	0.0052268	883.11	1170.1	4.1255	2.2961	3.2792	800.10	-0.0010432	2.6470e-05	0.093733	supercritical
451.00	549.00	190.90	0.0052383	885.76	1173.3	4.1328	2.2994	3.2807	799.93	-0.0010563	2.6452e-05	0.093798	supercritical
452.00	549.00	190.48	0.0052499	888.41	1176.6	4.1401	2.3027	3.2822	799.76	-0.0010703	2.6435e-05	0.093865	supercritical
453.00	549.00	190.06	0.0052614	891.05	1179.9	4.1473	2.3060	3.2837	799.60	-0.0010851	2.6418e-05	0.093933	supercritical
454.00	549.00	189.65	0.0052729	893.71	1183.2	4.1546	2.3092	3.2852	799.44	-0.0011006	2.6401e-05	0.094001	supercritical
455.00	549.00	189.23	0.0052845	896.36	1186.5	4.1618	2.3125	3.2868	799.29	-0.0011170	2.6384e-05	0.094070	supercritical
456.00	549.00	188.82	0.0052960	899.01	1189.8	4.1690	2.3158	3.2883	799.14	-0.0011341	2.6368e-05	0.094141	supercritical
457.00	549.00	188.41	0.0053075	901.67	1193.1	4.1762	2.3191	3.2898	799.00	-0.0011520	2.6352e-05	0.094212	supercritical
458.00	549.00	188.00	0.0053191	904.33	1196.3	4.1834	2.3224	3.2914	798.86	-0.0011706	2.6337e-05	0.094285	supercritical
459.00	549.00	187.60	0.0053306	906.99	1199.6	4.1906	2.3257	3.2930	798.73	-0.0011899	2.6321e-05	0.094358	supercritical
460.00	549.00	187.19	0.0053421	909.65	1202.9	4.1978	2.3290	3.2946	798.60	-0.0012100	2.6306e-05	0.094432	supercritical
461.00	549.00	186.79	0.0053536	912.31	1206.2	4.2049	2.3324	3.2962	798.47	-0.0012308	2.6291e-05	0.094507	supercritical
462.00	549.00	186.39	0.0053652	914.97	1209.5	4.2121	2.3357	3.2978	798.35	-0.0012523	2.6277e-05	0.094583	supercritical
463.00	549.00	185.99	0.0053767	917.64	1212.8	4.2192	2.3390	3.2994	798.24	-0.0012745	2.6262e-05	0.094660	supercritical
464.00	549.00	185.59	0.0053882	920.31	1216.1	4.2263	2.3423	3.3010	798.12	-0.0012973	2.6249e-05	0.094738	supercritical
465.00	549.00	185.19	0.0053997	922.98	1219.4	4.2334	2.3456	3.3027	798.02	-0.0013208	2.6235e-05	0.094817	supercritical
466.00	549.00	184.80	0.0054112	925.65	1222.7	4.2405	2.3490	3.3043	797.91	-0.0013450	2.6221e-05	0.094897	supercritical
467.00	549.00	184.41	0.0054228	928.32	1226.0	4.2476	2.3523	3.3060	797.82	-0.0013698	2.6208e-05	0.094977	supercritical
468.00	549.00	184.02	0.0054343	931.00	1229.3	4.2547	2.3557	3.3077	797.72	-0.0013952	2.6195e-05	0.095059	supercritical
469.00	549.00	183.63	0.0054458	933.67	1232.6	4.2618	2.3590	3.3094	797.63	-0.0014213	2.6183e-05	0.095141	supercritical
470.00	549.00	183.24	0.0054573	936.35	1236.0	4.2688	2.3624	3.3111	797.55	-0.0014480	2.6170e-05	0.095224	supercritical
471.00	549.00	182.86	0.0054688	939.03	1239.3	4.2759	2.3657	3.3128	797.46	-0.0014752	2.6158e-05	0.095308	supercritical
472.00	549.00	182.47	0.0054803	941.71	1242.6	4.2829	2.3691	3.3145	797.39	-0.0015031	2.6146e-05	0.095393	supercritical
473.00	549.00	182.09	0.0054918	944.40	1245.9	4.2899	2.3724	3.3162	797.31	-0.0015315	2.6134e-05	0.095479	supercritical
474.00	549.00	181.71	0.0055033	947.08	1249.2	4.2969	2.3758	3.3179	797.24	-0.0015605	2.6123e-05	0.095565	supercritical
475.00	549.00	181.33	0.0055148	949.77	1252.5	4.3039	2.3791	3.3197	797.18	-0.0015901	2.6112e-05	0.095653	supercritical
476.00	549.00	180.95	0.0055263	952.46	1255.9	4.3109	2.3825	3.3215	797.11	-0.0016202	2.6101e-05	0.095741	supercritical
477.00	549.00	180.58	0.0055378	955.15	1259.2	4.3179	2.3859	3.3232	797.05	-0.0016509	2.6090e-05	0.095830	supercritical
478.00	549.00	180.20	0.0055493	957.84	1262.5	4.3248	2.3893	3.3250	797.00	-0.0016821	2.6080e-05	0.095920	supercritical
479.00	549.00	179.83	0.0055608	960.54	1265.8	4.3318	2.3926	3.3268	796.95	-0.0017138	2.6070e-05	0.096011	supercritical
480.00	549.00	179.46	0.0055723	963.24	1269.2	4.3387	2.3960	3.3286	796.90	-0.0017460	2.6060e-05	0.096102	supercritical
481.00	549.00	179.09	0.0055838	965.93	1272.5	4.3456	2.3994	3.3304	796.86	-0.0017787	2.6050e-05	0.096195	supercritical
482.00	549.00	178.72	0.0055953	968.63	1275.8	4.3526	2.4028	3.3322	796.82	-0.0018119	2.6040e-05	0.096288	supercritical
483.00	549.00	178.36	0.0056067	971.34	1279.1	4.3595	2.4062	3.3341	796.78	-0.0018456	2.6031e-05	0.096382	supercritical
484.00	549.00	177.99	0.0056182	974.04	1282.5	4.3664	2.4096	3.3359	796.75	-0.0018798	2.6022e-05	0.096477	supercritical
485.00	549.00	177.63	0.0056297	976.75	1285.8	4.3732	2.4130	3.3378	796.72	-0.0019144	2.6013e-05	0.096572	supercritical
486.00	549.00	177.27	0.0056412	979.46	1289.2	4.3801	2.4164	3.3396	796.69	-0.0019495	2.6004e-05	0.096668	supercritical
487.00	549.00	176.91	0.0056526	982.17	1292.5	4.3870	2.4198	3.3415	796.67	-0.0019850	2.5996e-05	0.096765	supercritical
488.00	549.00	176.55	0.0056641	984.88	1295.8	4.3938	2.4232	3.3434	796.65	-0.0020210	2.5988e-05	0.096863	supercritical
489.00	549.00	176.19	0.0056756	987.60	1299.2	4.4007	2.4266	3.3453	796.64	-0.0020574	2.5980e-05	0.096962	supercritical
490.00	549.00	175.84	0.0056870	990.31	1302.5	4.4075	2.4300	3.3472	796.62	-0.0020942	2.5972e-05	0.097061	supercritical
491.00	549.00	175.48	0.0056985	993.03	1305.9	4.4144	2.4334	3.3491	796.62	-0.0021315	2.5964e-05	0.097161	supercritical
492.00	549.00	175.13	0.0057100	995.75	1309.2	4.4212	2.4368	3.3510	796.61	-0.0021691	2.5957e-05	0.097262	supercritical
493.00	549.00	174.78	0.0057214	998.48	1312.6	4.4280	2.4402	3.3529	796.61	-0.0022072	2.5950e-05	0.097363	supercritical
494.00	549.00	174.43	0.0057329	1001.2	1315.9	4.4348	2.4436	3.3549	796.61	-0.0022456	2.5943e-05	0.097466	supercritical
495.00	549.00	174.08	0.0057443	1003.9	1319.3	4.4416	2.4470	3.3568	796.61	-0.0022844	2.5936e-05	0.097569	supercritical
496.00	549.00	173.74	0.0057558	1006.7	1322.6	4.4483	2.4505	3.3588	796.62	-0.0023236	2.5929e-05	0.097672	supercritical
497.00	549.00	173.39	0.0057672	1009.4	1326.0	4.4551	2.4539	3.3607	796.63	-0.0023631	2.5923e-05	0.097777	supercritical
498.00	549.00	173.05	0.0057787	1012.1	1329.4	4.4619	2.4573	3.3627	796.64	-0.0024030	2.5917e-05	0.097882	supercritical
499.00	549.00	172.71	0.0057901	1014.9	1332.7	4.4686	2.4607	3.3647	796.66	-0.0024433	2.5911e-05	0.097988	supercritical
500.00	549.00	172.37	0.0058015	1017.6	1336.1	4.4753	2.4642	3.3667	796.68	-0.0024839	2.5905e-05	0.098094	supercritical
501.00	549.00	172.03	0.0058130	1020.3	1339.5	4.4821	2.4676	3.3687	796.70	-0.0025248	2.5899e-05	0.098202	supercritical
502.00	549.00	171.69	0.0058244	1023.1	1342.8	4.4888	2.4710	3.3707	796.72	-0.0025660	2.5894e-05	0.098310	supercritical
503.00	549.00	171.36	0.0058358	1025.8	1346.2	4.4955	2.4745	3.3727	796.75	-0.0026076	2.5888e-05	0.098418	supercritical
504.00	549.00	171.02	0.0058473	1028.6	1349.6	4.5022	2.4779	3.3747	796.78	-0.0026495	2.5883e-05	0.098528	supercritical
505.00	549.00	170.69	0.0058587	1031.3	1353.0	4.5089	2.4813	3.3768	796.81	-0.0026917	2.5878e-05	0.098638	supercritical
506.00	549.00	170.35	0.0058701	1034.1	1356.3	4.5156	2.4848	3.3788	796.85	-0.0027342	2.5874e-05	0.098748	supercritical
507.00	549.00	170.02	0.0058815	1036.8	1359.7	4.5222	2.4882	3.3809	796.89	-0.0027770	2.5869e-05	0.098860	supercritical
508.00	549.00	169.69	0.0058929	1039.6	1363.1	4.5289	2.4917	3.3829	796.93	-0.0028200	2.5865e-05	0.098972	supercritical
509.00	549.00	169.37	0.0059043	1042.3	1366.5	4.5356	2.4951	3.3850	796.97	-0.0028634	2.5860e-05	0.099084	supercritical
510.00	549.00	169.04	0.0059158	1045.1	1369.9	4.5422	2.4986	3.3871	797.02	-0.0029070	2.5856e-05	0.099198	supercritical
511.00	549.00	168.71	0.0059272	1047.9	1373.3	4.5488	2.5020	3.3891	797.07	-0.0029509	2.5852e-05	0.099312	supercritical
512.00	549.00	168.39	0.0059386	1050.6	1376.6	4.5555	2.5055	3.3912	797.12	-0.0029950	2.5849e-05	0.099426	supercritical
513.00	549.00	168.07	0.0059500	1053.4	1380.0	4.5621	2.5089	3.3933	797.18	-0.0030394	2.5845e-05	0.099541	supercritical
514.00	549.00	167.75	0.0059614	1056.2	1383.4	4.5687	2.5124	3.3954	797.24	-0.0030841	2.5842e-05	0.099657	supercritical
515.00	549.00	167.43	0.0059727	1058.9	1386.8	4.5753	2.5158	3.3976	797.30	-0.0031290	2.5839e-05	0.099774	supercritical
516.00	549.00	167.11	0.0059841	1061.7	1390.2	4.5819	2.5193	3.3997	797.36	-0.0031741	2.5836e-05	0.099891	supercritical
517.00	549.00	166.79	0.0059955	1064.5	1393.6	4.5885	2.5227	3.4018	797.42	-0.0032194	2.5833e-05	0.10001	supercritical
518.00	549.00	166.48	0.0060069	1067.3	1397.0	4.5951	2.5262	3.4039	797.49	-0.0032650	2.5830e-05	0.10013	supercritical
519.00	549.00	166.16	0.0060183	1070.0	1400.4	4.6016	2.5296	3.4061	797.56	-0.0033108	2.5827e-05	0.10025	supercritical
520.00	549.00	165.85	0.0060297	1072.8	1403.8	4.6082	2.5331	3.4082	797.63	-0.0033568	2.5825e-05	0.10037	supercritical
521.00	549.00	165.53	0.0060410	1075.6	1407.3	4.6147	2.5366	3.4104	797.71	-0.0034030	2.5823e-05	0.10049	supercritical
522.00	549.00	165.22	0.0060524	1078.4	1410.7	4.6213	2.5400	3.4126	797.78	-0.0034494	2.5821e-05	0.10061	supercritical
523.00	549.00	164.91	0.0060638	1081.2	1414.1	4.6278	2.5435	3.4147	797.86	-0.0034960	2.5819e-05	0.10073	supercritical
524.00	549.00	164.61	0.0060751	1084.0	1417.5	4.6343	2.5469	3.4169	797.94	-0.0035428	2.5817e-05	0.10085	supercritical
525.00	549.00	164.30	0.0060865	1086.8	1420.9	4.6409	2.5504	3.4191	798.03	-0.0035898	2.5815e-05	0.10097	supercritical
526.00	549.00	163.99	0.0060979	1089.6	1424.3	4.6474	2.5539	3.4213	798.11	-0.0036370	2.5814e-05	0.10110	supercritical
527.00	549.00	163.69	0.0061092	1092.4	1427.8	4.6539	2.5573	3.4235	798.20	-0.0036843	2.5812e-05	0.10122	supercritical
528.00	549.00	163.38	0.0061206	1095.2	1431.2	4.6604	2.5608	3.4257	798.29	-0.0037318	2.5811e-05	0.10134	supercritical
529.00	549.00	163.08	0.0061319	1098.0	1434.6	4.6668	2.5643	3.4279	798.39	-0.0037794	2.5810e-05	0.10147	supercritical
530.00	549.00	162.78	0.0061433	1100.8	1438.0	4.6733	2.5677	3.4302	798.48	-0.0038273	2.5809e-05	0.10160	supercritical
531.00	549.00	162.48	0.0061546	1103.6	1441.5	4.6798	2.5712	3.4324	798.58	-0.0038752	2.5808e-05	0.10172	supercritical
532.00	549.00	162.18	0.0061659	1106.4	1444.9	4.6862	2.5747	3.4346	798.68	-0.0039233	2.5808e-05	0.10185	supercritical
533.00	549.00	161.88	0.0061773	1109.2	1448.3	4.6927	2.5781	3.4369	798.78	-0.0039716	2.5807e-05	0.10198	supercritical
534.00	549.00	161.59	0.0061886	1112.0	1451.8	4.6991	2.5816	3.4391	798.88	-0.0040200	2.5807e-05	0.10210	supercritical
535.00	549.00	161.29	0.0061999	1114.8	1455.2	4.7056	2.5851	3.4414	798.99	-0.0040686	2.5807e-05	0.10223	supercritical
536.00	549.00	161.00	0.0062113	1117.7	1458.7	4.7120	2.5886	3.4437	799.10	-0.0041172	2.5806e-05	0.10236	supercritical
537.00	549.00	160.70	0.0062226	1120.5	1462.1	4.7184	2.5920	3.4459	799.21	-0.0041660	2.5806e-05	0.10249	supercritical
538.00	549.00	160.41	0.0062339	1123.3	1465.5	4.7248	2.5955	3.4482	799.32	-0.0042149	2.5807e-05	0.10262	supercritical
539.00	549.00	160.12	0.0062452	1126.1	1469.0	4.7312	2.5990	3.4505	799.43	-0.0042640	2.5807e-05	0.10275	supercritical
540.00	549.00	159.83	0.0062565	1129.0	1472.4	4.7376	2.6025	3.4528	799.55	-0.0043131	2.5807e-05	0.10288	supercritical
541.00	549.00	159.54	0.0062678	1131.8	1475.9	4.7440	2.6059	3.4551	799.66	-0.0043624	2.5808e-05	0.10301	supercritical
542.00	549.00	159.26	0.0062791	1134.6	1479.4	4.7504	2.6094	3.4574	799.78	-0.0044117	2.5808e-05	0.10315	supercritical
543.00	549.00	158.97	0.0062904	1137.5	1482.8	4.7568	2.6129	3.4597	799.90	-0.0044612	2.5809e-05	0.10328	supercritical
544.00	549.00	158.69	0.0063017	1140.3	1486.3	4.7632	2.6164	3.4620	800.03	-0.0045107	2.5810e-05	0.10341	supercritical
545.00	549.00	158.40	0.0063130	1143.2	1489.7	4.7695	2.6198	3.4643	800.15	-0.0045604	2.5811e-05	0.10355	supercritical
546.00	549.00	158.12	0.0063243	1146.0	1493.2	4.7759	2.6233	3.4666	800.28	-0.0046101	2.5812e-05	0.10368	supercritical
547.00	549.00	157.84	0.0063356	1148.9	1496.7	4.7822	2.6268	3.4690	800.41	-0.0046599	2.5814e-05	0.10381	supercritical
548.00	549.00	157.56	0.0063469	1151.7	1500.1	4.7886	2.6303	3.4713	800.54	-0.0047098	2.5815e-05	0.10395	supercritical
549.00	549.00	157.28	0.0063582	1154.6	1503.6	4.7949	2.6337	3.4737	800.67	-0.0047598	2.5817e-05	0.10409	supercritical
550.00	549.00	157.00	0.0063695	1157.4	1507.1	4.8012	2.6372	3.4760	800.80	-0.0048099	2.5818e-05	0.10422	supercritical
551.00	549.00	156.72	0.0063807	1160.3	1510.6	4.8075	2.6407	3.4784	800.94	-0.0048600	2.5820e-05	0.10436	supercritical
552.00	549.00	156.45	0.0063920	1163.1	1514.0	4.8138	2.6442	3.4807	801.08	-0.0049102	2.5822e-05	0.10450	supercritical
553.00	549.00	156.17	0.0064033	1166.0	1517.5	4.8201	2.6477	3.4831	801.21	-0.0049604	2.5824e-05	0.10463	supercritical
554.00	549.00	155.90	0.0064145	1168.9	1521.0	4.8264	2.6511	3.4855	801.36	-0.0050107	2.5826e-05	0.10477	supercritical
555.00	549.00	155.62	0.0064258	1171.7	1524.5	4.8327	2.6546	3.4878	801.50	-0.0050611	2.5828e-05	0.10491	supercritical
556.00	549.00	155.35	0.0064371	1174.6	1528.0	4.8390	2.6581	3.4902	801.64	-0.0051115	2.5830e-05	0.10505	supercritical
557.00	549.00	155.08	0.0064483	1177.5	1531.5	4.8453	2.6616	3.4926	801.79	-0.0051620	2.5833e-05	0.10519	supercritical
558.00	549.00	154.81	0.0064596	1180.3	1535.0	4.8515	2.6650	3.4950	801.93	-0.0052125	2.5835e-05	0.10533	supercritical
559.00	549.00	154.54	0.0064708	1183.2	1538.5	4.8578	2.6685	3.4974	802.08	-0.0052630	2.5838e-05	0.10547	supercritical
560.00	549.00	154.27	0.0064821	1186.1	1542.0	4.8641	2.6720	3.4998	802.23	-0.0053136	2.5841e-05	0.10561	supercritical
561.00	549.00	154.00	0.0064933	1189.0	1545.5	4.8703	2.6755	3.5022	802.39	-0.0053643	2.5844e-05	0.10575	supercritical
562.00	549.00	153.74	0.0065045	1191.9	1549.0	4.8765	2.6790	3.5046	802.54	-0.0054149	2.5847e-05	0.10590	supercritical
563.00	549.00	153.47	0.0065158	1194.8	1552.5	4.8828	2.6824	3.5070	802.69	-0.0054656	2.5850e-05	0.10604	supercritical
564.00	549.00	153.21	0.0065270	1197.7	1556.0	4.8890	2.6859	3.5095	802.85	-0.0055164	2.5853e-05	0.10618	supercritical
565.00	549.00	152.95	0.0065382	1200.6	1559.5	4.8952	2.6894	3.5119	803.01	-0.0055671	2.5856e-05	0.10633	supercritical
566.00	549.00	152.68	0.0065495	1203.4	1563.0	4.9014	2.6929	3.5143	803.17	-0.0056179	2.5860e-05	0.10647	supercritical
567.00	549.00	152.42	0.0065607	1206.3	1566.5	4.9076	2.6963	3.5168	803.33	-0.0056687	2.5863e-05	0.10661	supercritical
568.00	549.00	152.16	0.0065719	1209.3	1570.0	4.9138	2.6998	3.5192	803.49	-0.0057195	2.5867e-05	0.10676	supercritical
569.00	549.00	151.90	0.0065831	1212.2	1573.6	4.9200	2.7033	3.5216	803.66	-0.0057703	2.5870e-05	0.10690	supercritical
570.00	549.00	151.65	0.0065943	1215.1	1577.1	4.9262	2.7068	3.5241	803.82	-0.0058211	2.5874e-05	0.10705	supercritical
571.00	549.00	151.39	0.0066055	1218.0	1580.6	4.9324	2.7102	3.5266	803.99	-0.0058719	2.5878e-05	0.10720	supercritical
572.00	549.00	151.13	0.0066167	1220.9	1584.1	4.9386	2.7137	3.5290	804.16	-0.0059228	2.5882e-05	0.10734	supercritical
573.00	549.00	150.88	0.0066279	1223.8	1587.7	4.9447	2.7172	3.5315	804.33	-0.0059736	2.5886e-05	0.10749	supercritical
574.00	549.00	150.62	0.0066391	1226.7	1591.2	4.9509	2.7207	3.5339	804.50	-0.0060245	2.5890e-05	0.10764	supercritical
575.00	549.00	150.37	0.0066503	1229.6	1594.7	4.9570	2.7241	3.5364	804.67	-0.0060753	2.5894e-05	0.10779	supercritical
576.00	549.00	150.12	0.0066615	1232.6	1598.3	4.9632	2.7276	3.5389	804.84	-0.0061262	2.5899e-05	0.10793	supercritical
577.00	549.00	149.86	0.0066727	1235.5	1601.8	4.9693	2.7311	3.5414	805.02	-0.0061770	2.5903e-05	0.10808	supercritical
578.00	549.00	149.61	0.0066839	1238.4	1605.4	4.9755	2.7346	3.5439	805.20	-0.0062278	2.5908e-05	0.10823	supercritical
579.00	549.00	149.36	0.0066951	1241.3	1608.9	4.9816	2.7380	3.5464	805.37	-0.0062786	2.5912e-05	0.10838	supercritical
580.00	549.00	149.11	0.0067062	1244.3	1612.5	4.9877	2.7415	3.5489	805.55	-0.0063294	2.5917e-05	0.10853	supercritical
581.00	549.00	148.87	0.0067174	1247.2	1616.0	4.9938	2.7450	3.5514	805.73	-0.0063802	2.5922e-05	0.10868	supercritical
582.00	549.00	148.62	0.0067286	1250.2	1619.6	4.9999	2.7484	3.5539	805.91	-0.0064310	2.5927e-05	0.10883	supercritical
583.00	549.00	148.37	0.0067398	1253.1	1623.1	5.0060	2.7519	3.5564	806.10	-0.0064818	2.5932e-05	0.10899	supercritical
584.00	549.00	148.13	0.0067509	1256.0	1626.7	5.0121	2.7554	3.5589	806.28	-0.0065325	2.5937e-05	0.10914	supercritical
585.00	549.00	147.88	0.0067621	1259.0	1630.2	5.0182	2.7588	3.5614	806.47	-0.0065832	2.5942e-05	0.10929	supercritical
586.00	549.00	147.64	0.0067732	1261.9	1633.8	5.0243	2.7623	3.5639	806.65	-0.0066339	2.5947e-05	0.10944	supercritical
587.00	549.00	147.40	0.0067844	1264.9	1637.4	5.0304	2.7658	3.5664	806.84	-0.0066845	2.5952e-05	0.10960	supercritical
588.00	549.00	147.16	0.0067955	1267.9	1640.9	5.0365	2.7692	3.5690	807.03	-0.0067351	2.5958e-05	0.10975	supercritical
589.00	549.00	146.91	0.0068067	1270.8	1644.5	5.0425	2.7727	3.5715	807.22	-0.0067857	2.5963e-05	0.10990	supercritical
590.00	549.00	146.67	0.0068178	1273.8	1648.1	5.0486	2.7762	3.5740	807.41	-0.0068363	2.5969e-05	0.11006	supercritical
591.00	549.00	146.43	0.0068290	1276.7	1651.6	5.0547	2.7796	3.5766	807.60	-0.0068868	2.5975e-05	0.11021	supercritical
592.00	549.00	146.20	0.0068401	1279.7	1655.2	5.0607	2.7831	3.5791	807.80	-0.0069373	2.5980e-05	0.11037	supercritical
593.00	549.00	145.96	0.0068512	1282.7	1658.8	5.0667	2.7866	3.5817	807.99	-0.0069877	2.5986e-05	0.11052	supercritical
594.00	549.00	145.72	0.0068624	1285.6	1662.4	5.0728	2.7900	3.5842	808.19	-0.0070381	2.5992e-05	0.11068	supercritical
595.00	549.00	145.49	0.0068735	1288.6	1666.0	5.0788	2.7935	3.5868	808.38	-0.0070885	2.5998e-05	0.11083	supercritical
596.00	549.00	145.25	0.0068846	1291.6	1669.6	5.0848	2.7969	3.5893	808.58	-0.0071388	2.6004e-05	0.11099	supercritical
597.00	549.00	145.02	0.0068957	1294.6	1673.1	5.0909	2.8004	3.5919	808.78	-0.0071891	2.6010e-05	0.11115	supercritical
598.00	549.00	144.78	0.0069069	1297.6	1676.7	5.0969	2.8039	3.5944	808.98	-0.0072393	2.6016e-05	0.11130	supercritical
599.00	549.00	144.55	0.0069180	1300.5	1680.3	5.1029	2.8073	3.5970	809.18	-0.0072894	2.6023e-05	0.11146	supercritical
600.00	549.00	144.32	0.0069291	1303.5	1683.9	5.1089	2.8108	3.5996	809.38	-0.0073396	2.6029e-05	0.11162	supercritical
601.00	549.00	144.09	0.0069402	1306.5	1687.5	5.1149	2.8142	3.6021	809.59	-0.0073896	2.6035e-05	0.11178	supercritical
602.00	549.00	143.86	0.0069513	1309.5	1691.1	5.1209	2.8177	3.6047	809.79	-0.0074396	2.6042e-05	0.11194	supercritical
603.00	549.00	143.63	0.0069624	1312.5	1694.7	5.1269	2.8211	3.6073	809.99	-0.0074896	2.6048e-05	0.11210	supercritical
604.00	549.00	143.40	0.0069735	1315.5	1698.4	5.1328	2.8246	3.6099	810.20	-0.0075395	2.6055e-05	0.11226	supercritical
605.00	549.00	143.17	0.0069846	1318.5	1702.0	5.1388	2.8280	3.6125	810.41	-0.0075894	2.6062e-05	0.11242	supercritical
606.00	549.00	142.95	0.0069957	1321.5	1705.6	5.1448	2.8315	3.6151	810.62	-0.0076391	2.6069e-05	0.11258	supercritical
607.00	549.00	142.72	0.0070068	1324.5	1709.2	5.1507	2.8349	3.6177	810.83	-0.0076889	2.6075e-05	0.11274	supercritical
608.00	549.00	142.49	0.0070178	1327.5	1712.8	5.1567	2.8384	3.6202	811.04	-0.0077385	2.6082e-05	0.11290	supercritical
609.00	549.00	142.27	0.0070289	1330.6	1716.4	5.1626	2.8418	3.6228	811.25	-0.0077881	2.6089e-05	0.11306	supercritical
610.00	549.00	142.05	0.0070400	1333.6	1720.1	5.1686	2.8453	3.6254	811.46	-0.0078377	2.6096e-05	0.11322	supercritical
611.00	549.00	141.82	0.0070511	1336.6	1723.7	5.1745	2.8487	3.6281	811.67	-0.0078871	2.6103e-05	0.11338	supercritical
612.00	549.00	141.60	0.0070621	1339.6	1727.3	5.1805	2.8522	3.6307	811.89	-0.0079365	2.6111e-05	0.11355	supercritical
613.00	549.00	141.38	0.0070732	1342.6	1730.9	5.1864	2.8556	3.6333	812.10	-0.0079859	2.6118e-05	0.11371	supercritical
614.00	549.00	141.16	0.0070843	1345.7	1734.6	5.1923	2.8591	3.6359	812.32	-0.0080351	2.6125e-05	0.11387	supercritical
615.00	549.00	140.94	0.0070953	1348.7	1738.2	5.1982	2.8625	3.6385	812.53	-0.0080843	2.6133e-05	0.11404	supercritical
616.00	549.00	140.72	0.0071064	1351.7	1741.9	5.2042	2.8659	3.6411	812.75	-0.0081334	2.6140e-05	0.11420	supercritical
617.00	549.00	140.50	0.0071174	1354.8	1745.5	5.2101	2.8694	3.6437	812.97	-0.0081825	2.6148e-05	0.11436	supercritical
618.00	549.00	140.28	0.0071285	1357.8	1749.1	5.2160	2.8728	3.6464	813.19	-0.0082315	2.6155e-05	0.11453	supercritical
619.00	549.00	140.07	0.0071395	1360.8	1752.8	5.2219	2.8763	3.6490	813.41	-0.0082803	2.6163e-05	0.11469	supercritical
620.00	549.00	139.85	0.0071506	1363.9	1756.4	5.2278	2.8797	3.6516	813.63	-0.0083292	2.6171e-05	0.11486	supercritical
621.00	549.00	139.63	0.0071616	1366.9	1760.1	5.2336	2.8831	3.6542	813.85	-0.0083779	2.6178e-05	0.11502	supercritical
622.00	549.00	139.42	0.0071727	1370.0	1763.8	5.2395	2.8866	3.6569	814.07	-0.0084266	2.6186e-05	0.11519	supercritical
623.00	549.00	139.20	0.0071837	1373.0	1767.4	5.2454	2.8900	3.6595	814.30	-0.0084752	2.6194e-05	0.11536	supercritical
624.00	549.00	138.99	0.0071947	1376.1	1771.1	5.2513	2.8934	3.6621	814.52	-0.0085237	2.6202e-05	0.11552	supercritical
625.00	549.00	138.78	0.0072058	1379.1	1774.7	5.2571	2.8968	3.6648	814.75	-0.0085721	2.6210e-05	0.11569	supercritical
