Temperature (K)	Pressure (bar)	Density (kg/m3)	Volume (m3/kg)	Internal Energy (kJ/kg)	Enthalpy (kJ/kg)	Entropy (J/g*K)	Cv (J/g*K)	Cp (J/g*K)	Sound Spd. (m/s)	Joule-Thomson (K/bar)	Viscosity (Pa*s)	Therm. Cond. (W/m*K)	Phase
104.00	507.00	464.55	0.0021526	-53.706	55.431	-0.53891	2.2015	3.2143	1733.8	-0.051823	0.00023355	0.23811	liquid
105.00	507.00	463.54	0.0021573	-50.730	58.645	-0.50815	2.1972	3.2142	1727.7	-0.051764	0.00022669	0.23710	liquid
106.00	507.00	462.53	0.0021620	-47.754	61.860	-0.47768	2.1929	3.2141	1721.6	-0.051704	0.00022021	0.23607	liquid
107.00	507.00	461.52	0.0021667	-44.780	65.074	-0.44750	2.1886	3.2140	1715.5	-0.051641	0.00021409	0.23504	liquid
108.00	507.00	460.51	0.0021715	-41.807	68.288	-0.41760	2.1844	3.2139	1709.4	-0.051578	0.00020830	0.23400	liquid
109.00	507.00	459.50	0.0021763	-38.835	71.502	-0.38798	2.1802	3.2139	1703.3	-0.051513	0.00020282	0.23295	liquid
110.00	507.00	458.50	0.0021810	-35.863	74.715	-0.35863	2.1761	3.2138	1697.2	-0.051446	0.00019762	0.23190	liquid
111.00	507.00	457.49	0.0021858	-32.893	77.929	-0.32955	2.1720	3.2138	1691.1	-0.051378	0.00019268	0.23084	liquid
112.00	507.00	456.48	0.0021907	-29.924	81.143	-0.30072	2.1679	3.2137	1684.9	-0.051309	0.00018799	0.22978	liquid
113.00	507.00	455.47	0.0021955	-26.956	84.357	-0.27216	2.1638	3.2136	1678.8	-0.051238	0.00018352	0.22872	liquid
114.00	507.00	454.46	0.0022004	-23.990	87.570	-0.24385	2.1598	3.2136	1672.7	-0.051166	0.00017927	0.22765	liquid
115.00	507.00	453.46	0.0022053	-21.024	90.784	-0.21578	2.1558	3.2135	1666.6	-0.051093	0.00017521	0.22657	liquid
116.00	507.00	452.45	0.0022102	-18.060	93.997	-0.18796	2.1518	3.2134	1660.6	-0.051018	0.00017134	0.22550	liquid
117.00	507.00	451.44	0.0022151	-15.096	97.211	-0.16037	2.1478	3.2133	1654.5	-0.050942	0.00016764	0.22442	liquid
118.00	507.00	450.44	0.0022201	-12.134	100.42	-0.13303	2.1439	3.2132	1648.4	-0.050865	0.00016410	0.22334	liquid
119.00	507.00	449.43	0.0022250	-9.1730	103.64	-0.10591	2.1400	3.2131	1642.3	-0.050786	0.00016071	0.22225	liquid
120.00	507.00	448.42	0.0022300	-6.2133	106.85	-0.079024	2.1361	3.2130	1636.3	-0.050706	0.00015746	0.22117	liquid
121.00	507.00	447.41	0.0022351	-3.2548	110.06	-0.052361	2.1322	3.2129	1630.2	-0.050624	0.00015435	0.22008	liquid
122.00	507.00	446.41	0.0022401	-0.29751	113.28	-0.025917	2.1284	3.2128	1624.2	-0.050541	0.00015136	0.21900	liquid
123.00	507.00	445.40	0.0022452	2.6585	116.49	0.00030881	2.1246	3.2126	1618.2	-0.050457	0.00014849	0.21791	liquid
124.00	507.00	444.39	0.0022503	5.6132	119.70	0.026322	2.1207	3.2125	1612.2	-0.050371	0.00014573	0.21682	liquid
125.00	507.00	443.39	0.0022554	8.5666	122.91	0.052124	2.1170	3.2124	1606.2	-0.050284	0.00014307	0.21574	liquid
126.00	507.00	442.38	0.0022605	11.519	126.13	0.077721	2.1132	3.2122	1600.2	-0.050195	0.00014051	0.21465	liquid
127.00	507.00	441.37	0.0022656	14.469	129.34	0.10311	2.1095	3.2121	1594.2	-0.050105	0.00013804	0.21356	liquid
128.00	507.00	440.37	0.0022708	17.419	132.55	0.12831	2.1058	3.2119	1588.2	-0.050013	0.00013566	0.21248	liquid
129.00	507.00	439.36	0.0022760	20.367	135.76	0.15330	2.1021	3.2117	1582.3	-0.049920	0.00013337	0.21139	liquid
130.00	507.00	438.35	0.0022813	23.314	138.97	0.17810	2.0984	3.2116	1576.3	-0.049826	0.00013115	0.21031	liquid
131.00	507.00	437.35	0.0022865	26.259	142.18	0.20271	2.0948	3.2114	1570.4	-0.049729	0.00012901	0.20923	liquid
132.00	507.00	436.34	0.0022918	29.203	145.40	0.22713	2.0912	3.2113	1564.5	-0.049631	0.00012694	0.20815	liquid
133.00	507.00	435.33	0.0022971	32.145	148.61	0.25137	2.0876	3.2111	1558.6	-0.049532	0.00012493	0.20707	liquid
134.00	507.00	434.33	0.0023024	35.086	151.82	0.27542	2.0840	3.2109	1552.7	-0.049431	0.00012299	0.20599	liquid
135.00	507.00	433.32	0.0023078	38.026	155.03	0.29929	2.0805	3.2107	1546.9	-0.049328	0.00012111	0.20492	liquid
136.00	507.00	432.31	0.0023131	40.964	158.24	0.32299	2.0769	3.2106	1541.0	-0.049223	0.00011928	0.20385	liquid
137.00	507.00	431.31	0.0023185	43.901	161.45	0.34651	2.0734	3.2104	1535.2	-0.049117	0.00011751	0.20278	liquid
138.00	507.00	430.30	0.0023240	46.836	164.66	0.36985	2.0700	3.2102	1529.4	-0.049009	0.00011580	0.20171	liquid
139.00	507.00	429.29	0.0023294	49.769	167.87	0.39303	2.0665	3.2101	1523.6	-0.048899	0.00011413	0.20065	liquid
140.00	507.00	428.28	0.0023349	52.702	171.08	0.41604	2.0631	3.2099	1517.8	-0.048788	0.00011251	0.19959	liquid
141.00	507.00	427.28	0.0023404	55.632	174.29	0.43889	2.0597	3.2097	1512.0	-0.048674	0.00011093	0.19853	liquid
142.00	507.00	426.27	0.0023459	58.562	177.50	0.46157	2.0564	3.2096	1506.3	-0.048559	0.00010940	0.19748	liquid
143.00	507.00	425.26	0.0023515	61.489	180.71	0.48410	2.0530	3.2094	1500.5	-0.048442	0.00010791	0.19643	liquid
144.00	507.00	424.25	0.0023571	64.415	183.92	0.50646	2.0497	3.2093	1494.8	-0.048324	0.00010646	0.19538	liquid
145.00	507.00	423.25	0.0023627	67.340	187.13	0.52867	2.0465	3.2091	1489.1	-0.048203	0.00010505	0.19434	liquid
146.00	507.00	422.24	0.0023683	70.263	190.34	0.55072	2.0432	3.2090	1483.4	-0.048080	0.00010368	0.19330	liquid
147.00	507.00	421.23	0.0023740	73.185	193.55	0.57263	2.0400	3.2088	1477.8	-0.047956	0.00010234	0.19227	liquid
148.00	507.00	420.22	0.0023797	76.105	196.76	0.59438	2.0368	3.2087	1472.1	-0.047829	0.00010103	0.19124	liquid
149.00	507.00	419.21	0.0023854	79.023	199.96	0.61599	2.0336	3.2086	1466.5	-0.047701	9.9757e-05	0.19021	liquid
150.00	507.00	418.21	0.0023912	81.940	203.17	0.63745	2.0305	3.2085	1460.9	-0.047571	9.8514e-05	0.18919	liquid
151.00	507.00	417.20	0.0023969	84.856	206.38	0.65877	2.0274	3.2083	1455.3	-0.047438	9.7301e-05	0.18817	liquid
152.00	507.00	416.19	0.0024028	87.769	209.59	0.67995	2.0243	3.2082	1449.7	-0.047304	9.6117e-05	0.18716	liquid
153.00	507.00	415.18	0.0024086	90.682	212.80	0.70098	2.0212	3.2081	1444.2	-0.047168	9.4960e-05	0.18615	liquid
154.00	507.00	414.17	0.0024145	93.592	216.01	0.72188	2.0182	3.2080	1438.6	-0.047029	9.3830e-05	0.18515	liquid
155.00	507.00	413.16	0.0024204	96.501	219.21	0.74265	2.0152	3.2079	1433.1	-0.046889	9.2726e-05	0.18415	liquid
156.00	507.00	412.15	0.0024263	99.409	222.42	0.76328	2.0123	3.2079	1427.6	-0.046746	9.1646e-05	0.18316	liquid
157.00	507.00	411.14	0.0024322	102.31	225.63	0.78378	2.0093	3.2078	1422.1	-0.046602	9.0590e-05	0.18217	liquid
158.00	507.00	410.13	0.0024382	105.22	228.84	0.80414	2.0064	3.2077	1416.7	-0.046455	8.9558e-05	0.18118	liquid
159.00	507.00	409.13	0.0024442	108.12	232.04	0.82438	2.0035	3.2077	1411.3	-0.046306	8.8548e-05	0.18020	liquid
160.00	507.00	408.12	0.0024503	111.02	235.25	0.84449	2.0007	3.2076	1405.8	-0.046155	8.7559e-05	0.17923	liquid
161.00	507.00	407.11	0.0024564	113.92	238.46	0.86448	1.9979	3.2076	1400.4	-0.046002	8.6592e-05	0.17826	liquid
162.00	507.00	406.10	0.0024625	116.82	241.67	0.88434	1.9951	3.2076	1395.1	-0.045847	8.5644e-05	0.17730	liquid
163.00	507.00	405.09	0.0024686	119.72	244.87	0.90408	1.9923	3.2075	1389.7	-0.045689	8.4716e-05	0.17634	liquid
164.00	507.00	404.08	0.0024748	122.61	248.08	0.92369	1.9896	3.2075	1384.4	-0.045530	8.3807e-05	0.17538	liquid
165.00	507.00	403.07	0.0024810	125.50	251.29	0.94319	1.9869	3.2075	1379.1	-0.045368	8.2917e-05	0.17444	liquid
166.00	507.00	402.06	0.0024872	128.40	254.50	0.96257	1.9843	3.2075	1373.8	-0.045204	8.2044e-05	0.17349	liquid
167.00	507.00	401.05	0.0024935	131.29	257.70	0.98184	1.9816	3.2075	1368.5	-0.045038	8.1188e-05	0.17256	liquid
168.00	507.00	400.04	0.0024998	134.17	260.91	1.0010	1.9790	3.2076	1363.3	-0.044869	8.0350e-05	0.17162	liquid
169.00	507.00	399.03	0.0025061	137.06	264.12	1.0200	1.9764	3.2076	1358.0	-0.044699	7.9527e-05	0.17070	liquid
170.00	507.00	398.02	0.0025125	139.95	267.33	1.0389	1.9739	3.2076	1352.8	-0.044526	7.8720e-05	0.16978	liquid
171.00	507.00	397.01	0.0025189	142.83	270.54	1.0578	1.9714	3.2077	1347.6	-0.044351	7.7929e-05	0.16886	liquid
172.00	507.00	396.00	0.0025253	145.71	273.74	1.0765	1.9689	3.2077	1342.5	-0.044173	7.7152e-05	0.16795	liquid
173.00	507.00	394.98	0.0025317	148.59	276.95	1.0951	1.9665	3.2078	1337.3	-0.043994	7.6390e-05	0.16705	liquid
174.00	507.00	393.97	0.0025382	151.47	280.16	1.1136	1.9641	3.2079	1332.2	-0.043812	7.5642e-05	0.16615	liquid
175.00	507.00	392.96	0.0025448	154.35	283.37	1.1319	1.9617	3.2080	1327.1	-0.043628	7.4908e-05	0.16526	liquid
176.00	507.00	391.95	0.0025513	157.22	286.57	1.1502	1.9593	3.2081	1322.0	-0.043442	7.4186e-05	0.16437	liquid
177.00	507.00	390.94	0.0025579	160.10	289.78	1.1684	1.9570	3.2082	1317.0	-0.043253	7.3478e-05	0.16349	liquid
178.00	507.00	389.93	0.0025645	162.97	292.99	1.1865	1.9547	3.2083	1312.0	-0.043062	7.2783e-05	0.16262	liquid
179.00	507.00	388.92	0.0025712	165.84	296.20	1.2044	1.9524	3.2084	1306.9	-0.042869	7.2100e-05	0.16175	liquid
180.00	507.00	387.91	0.0025779	168.71	299.41	1.2223	1.9502	3.2086	1302.0	-0.042673	7.1428e-05	0.16089	liquid
181.00	507.00	386.90	0.0025846	171.58	302.62	1.2401	1.9480	3.2087	1297.0	-0.042476	7.0769e-05	0.16003	liquid
182.00	507.00	385.89	0.0025914	174.44	305.83	1.2578	1.9458	3.2088	1292.1	-0.042276	7.0121e-05	0.15918	liquid
183.00	507.00	384.88	0.0025982	177.30	309.03	1.2754	1.9437	3.2090	1287.1	-0.042074	6.9484e-05	0.15834	liquid
184.00	507.00	383.87	0.0026050	180.17	312.24	1.2928	1.9416	3.2092	1282.2	-0.041869	6.8857e-05	0.15750	liquid
185.00	507.00	382.86	0.0026119	183.03	315.45	1.3102	1.9395	3.2093	1277.4	-0.041662	6.8241e-05	0.15666	liquid
186.00	507.00	381.85	0.0026188	185.89	318.66	1.3275	1.9375	3.2095	1272.5	-0.041453	6.7636e-05	0.15584	liquid
187.00	507.00	380.84	0.0026258	188.74	321.87	1.3447	1.9355	3.2097	1267.7	-0.041242	6.7041e-05	0.15502	liquid
188.00	507.00	379.83	0.0026328	191.60	325.08	1.3619	1.9335	3.2099	1262.9	-0.041028	6.6455e-05	0.15420	liquid
189.00	507.00	378.82	0.0026398	194.45	328.29	1.3789	1.9316	3.2101	1258.1	-0.040813	6.5879e-05	0.15339	liquid
190.00	507.00	377.81	0.0026468	197.31	331.50	1.3958	1.9297	3.2103	1253.4	-0.040595	6.5312e-05	0.15259	liquid
191.00	507.00	376.80	0.0026539	200.16	334.71	1.4127	1.9278	3.2105	1248.6	-0.040374	6.4755e-05	0.15180	supercritical
192.00	507.00	375.79	0.0026610	203.01	337.92	1.4295	1.9260	3.2108	1243.9	-0.040152	6.4206e-05	0.15100	supercritical
193.00	507.00	374.78	0.0026682	205.86	341.13	1.4461	1.9241	3.2110	1239.2	-0.039927	6.3666e-05	0.15022	supercritical
194.00	507.00	373.77	0.0026754	208.70	344.34	1.4627	1.9224	3.2112	1234.6	-0.039700	6.3135e-05	0.14943	supercritical
195.00	507.00	372.77	0.0026826	211.55	347.56	1.4792	1.9206	3.2115	1230.0	-0.039471	6.2612e-05	0.14866	supercritical
196.00	507.00	371.76	0.0026899	214.39	350.77	1.4957	1.9189	3.2117	1225.3	-0.039240	6.2097e-05	0.14789	supercritical
197.00	507.00	370.75	0.0026972	217.23	353.98	1.5120	1.9172	3.2120	1220.8	-0.039006	6.1591e-05	0.14713	supercritical
198.00	507.00	369.74	0.0027046	220.07	357.19	1.5283	1.9156	3.2123	1216.2	-0.038771	6.1092e-05	0.14637	supercritical
199.00	507.00	368.74	0.0027120	222.91	360.40	1.5445	1.9139	3.2125	1211.7	-0.038533	6.0600e-05	0.14562	supercritical
200.00	507.00	367.73	0.0027194	225.74	363.62	1.5606	1.9123	3.2128	1207.2	-0.038293	6.0117e-05	0.14487	supercritical
201.00	507.00	366.72	0.0027269	228.58	366.83	1.5766	1.9108	3.2131	1202.7	-0.038051	5.9640e-05	0.14414	supercritical
202.00	507.00	365.72	0.0027344	231.41	370.04	1.5925	1.9093	3.2134	1198.2	-0.037806	5.9171e-05	0.14340	supercritical
203.00	507.00	364.71	0.0027419	234.24	373.26	1.6084	1.9078	3.2137	1193.8	-0.037560	5.8709e-05	0.14268	supercritical
204.00	507.00	363.70	0.0027495	237.07	376.47	1.6242	1.9063	3.2140	1189.4	-0.037312	5.8253e-05	0.14196	supercritical
205.00	507.00	362.70	0.0027571	239.90	379.68	1.6399	1.9049	3.2143	1185.0	-0.037061	5.7805e-05	0.14124	supercritical
206.00	507.00	361.69	0.0027648	242.73	382.90	1.6556	1.9035	3.2146	1180.6	-0.036809	5.7363e-05	0.14053	supercritical
207.00	507.00	360.69	0.0027725	245.55	386.11	1.6711	1.9021	3.2149	1176.3	-0.036554	5.6927e-05	0.13983	supercritical
208.00	507.00	359.69	0.0027802	248.37	389.33	1.6866	1.9008	3.2152	1172.0	-0.036298	5.6498e-05	0.13913	supercritical
209.00	507.00	358.68	0.0027880	251.19	392.54	1.7020	1.8995	3.2155	1167.7	-0.036039	5.6075e-05	0.13844	supercritical
210.00	507.00	357.68	0.0027958	254.01	395.76	1.7174	1.8982	3.2158	1163.4	-0.035779	5.5659e-05	0.13776	supercritical
211.00	507.00	356.68	0.0028036	256.83	398.98	1.7327	1.8970	3.2161	1159.2	-0.035517	5.5248e-05	0.13708	supercritical
212.00	507.00	355.68	0.0028115	259.65	402.19	1.7479	1.8958	3.2164	1155.0	-0.035253	5.4843e-05	0.13640	supercritical
213.00	507.00	354.68	0.0028195	262.46	405.41	1.7630	1.8946	3.2167	1150.8	-0.034986	5.4444e-05	0.13574	supercritical
214.00	507.00	353.68	0.0028274	265.27	408.63	1.7781	1.8935	3.2171	1146.7	-0.034718	5.4050e-05	0.13508	supercritical
215.00	507.00	352.68	0.0028355	268.08	411.84	1.7931	1.8924	3.2174	1142.5	-0.034449	5.3662e-05	0.13442	supercritical
216.00	507.00	351.68	0.0028435	270.89	415.06	1.8080	1.8913	3.2177	1138.4	-0.034177	5.3280e-05	0.13377	supercritical
217.00	507.00	350.68	0.0028516	273.70	418.28	1.8229	1.8903	3.2180	1134.4	-0.033904	5.2903e-05	0.13313	supercritical
218.00	507.00	349.68	0.0028597	276.51	421.50	1.8377	1.8893	3.2183	1130.3	-0.033629	5.2531e-05	0.13249	supercritical
219.00	507.00	348.69	0.0028679	279.31	424.71	1.8524	1.8883	3.2187	1126.3	-0.033352	5.2165e-05	0.13186	supercritical
220.00	507.00	347.69	0.0028761	282.11	427.93	1.8671	1.8874	3.2190	1122.3	-0.033073	5.1803e-05	0.13123	supercritical
221.00	507.00	346.70	0.0028844	284.91	431.15	1.8817	1.8865	3.2193	1118.3	-0.032793	5.1446e-05	0.13061	supercritical
222.00	507.00	345.70	0.0028927	287.71	434.37	1.8962	1.8856	3.2196	1114.4	-0.032512	5.1095e-05	0.13000	supercritical
223.00	507.00	344.71	0.0029010	290.51	437.59	1.9107	1.8847	3.2200	1110.5	-0.032228	5.0748e-05	0.12939	supercritical
224.00	507.00	343.72	0.0029094	293.31	440.81	1.9251	1.8839	3.2203	1106.6	-0.031944	5.0406e-05	0.12878	supercritical
225.00	507.00	342.72	0.0029178	296.10	444.03	1.9394	1.8831	3.2206	1102.7	-0.031657	5.0068e-05	0.12819	supercritical
226.00	507.00	341.73	0.0029263	298.89	447.25	1.9537	1.8824	3.2209	1098.9	-0.031369	4.9735e-05	0.12760	supercritical
227.00	507.00	340.74	0.0029348	301.68	450.47	1.9679	1.8817	3.2212	1095.1	-0.031080	4.9407e-05	0.12701	supercritical
228.00	507.00	339.76	0.0029433	304.47	453.70	1.9821	1.8810	3.2215	1091.3	-0.030789	4.9083e-05	0.12643	supercritical
229.00	507.00	338.77	0.0029519	307.26	456.92	1.9962	1.8803	3.2218	1087.5	-0.030498	4.8763e-05	0.12586	supercritical
230.00	507.00	337.78	0.0029605	310.04	460.14	2.0102	1.8797	3.2221	1083.8	-0.030204	4.8448e-05	0.12529	supercritical
231.00	507.00	336.80	0.0029692	312.83	463.36	2.0242	1.8791	3.2224	1080.1	-0.029910	4.8136e-05	0.12472	supercritical
232.00	507.00	335.81	0.0029779	315.61	466.58	2.0381	1.8785	3.2227	1076.4	-0.029614	4.7829e-05	0.12417	supercritical
233.00	507.00	334.83	0.0029866	318.39	469.81	2.0520	1.8780	3.2230	1072.8	-0.029317	4.7526e-05	0.12361	supercritical
234.00	507.00	333.85	0.0029954	321.16	473.03	2.0658	1.8775	3.2233	1069.1	-0.029019	4.7227e-05	0.12307	supercritical
235.00	507.00	332.87	0.0030042	323.94	476.25	2.0795	1.8770	3.2236	1065.6	-0.028719	4.6932e-05	0.12253	supercritical
236.00	507.00	331.89	0.0030131	326.71	479.48	2.0932	1.8766	3.2239	1062.0	-0.028419	4.6641e-05	0.12199	supercritical
237.00	507.00	330.91	0.0030220	329.49	482.70	2.1069	1.8762	3.2241	1058.4	-0.028118	4.6353e-05	0.12146	supercritical
238.00	507.00	329.93	0.0030309	332.26	485.93	2.1204	1.8758	3.2244	1054.9	-0.027815	4.6070e-05	0.12094	supercritical
239.00	507.00	328.96	0.0030399	335.03	489.15	2.1339	1.8755	3.2247	1051.4	-0.027512	4.5790e-05	0.12042	supercritical
240.00	507.00	327.98	0.0030489	337.79	492.37	2.1474	1.8752	3.2249	1048.0	-0.027208	4.5513e-05	0.11991	supercritical
241.00	507.00	327.01	0.0030580	340.56	495.60	2.1608	1.8749	3.2252	1044.6	-0.026903	4.5241e-05	0.11940	supercritical
242.00	507.00	326.04	0.0030671	343.32	498.82	2.1742	1.8746	3.2254	1041.2	-0.026597	4.4971e-05	0.11889	supercritical
243.00	507.00	325.07	0.0030763	346.08	502.05	2.1875	1.8744	3.2256	1037.8	-0.026290	4.4706e-05	0.11840	supercritical
244.00	507.00	324.10	0.0030855	348.84	505.28	2.2007	1.8742	3.2259	1034.4	-0.025983	4.4443e-05	0.11791	supercritical
245.00	507.00	323.14	0.0030947	351.60	508.50	2.2139	1.8741	3.2261	1031.1	-0.025675	4.4184e-05	0.11742	supercritical
246.00	507.00	322.17	0.0031040	354.36	511.73	2.2271	1.8740	3.2263	1027.8	-0.025367	4.3928e-05	0.11694	supercritical
247.00	507.00	321.21	0.0031133	357.11	514.95	2.2401	1.8739	3.2265	1024.5	-0.025057	4.3676e-05	0.11646	supercritical
248.00	507.00	320.24	0.0031226	359.86	518.18	2.2532	1.8738	3.2267	1021.3	-0.024748	4.3427e-05	0.11599	supercritical
249.00	507.00	319.28	0.0031320	362.62	521.41	2.2662	1.8738	3.2269	1018.1	-0.024438	4.3181e-05	0.11553	supercritical
250.00	507.00	318.33	0.0031414	365.36	524.64	2.2791	1.8737	3.2271	1014.9	-0.024127	4.2938e-05	0.11507	supercritical
251.00	507.00	317.37	0.0031509	368.11	527.86	2.2920	1.8738	3.2273	1011.7	-0.023817	4.2698e-05	0.11461	supercritical
252.00	507.00	316.41	0.0031604	370.86	531.09	2.3048	1.8738	3.2274	1008.6	-0.023505	4.2461e-05	0.11416	supercritical
253.00	507.00	315.46	0.0031700	373.60	534.32	2.3176	1.8739	3.2276	1005.5	-0.023194	4.2227e-05	0.11372	supercritical
254.00	507.00	314.51	0.0031796	376.34	537.54	2.3303	1.8740	3.2278	1002.4	-0.022883	4.1996e-05	0.11328	supercritical
255.00	507.00	313.56	0.0031892	379.08	540.77	2.3430	1.8742	3.2279	999.37	-0.022571	4.1768e-05	0.11285	supercritical
256.00	507.00	312.61	0.0031989	381.82	544.00	2.3557	1.8743	3.2280	996.35	-0.022259	4.1543e-05	0.11242	supercritical
257.00	507.00	311.67	0.0032086	384.55	547.23	2.3682	1.8745	3.2282	993.35	-0.021947	4.1321e-05	0.11199	supercritical
258.00	507.00	310.72	0.0032183	387.29	550.46	2.3808	1.8748	3.2283	990.38	-0.021635	4.1101e-05	0.11157	supercritical
259.00	507.00	309.78	0.0032281	390.02	553.69	2.3933	1.8750	3.2284	987.44	-0.021323	4.0885e-05	0.11116	supercritical
260.00	507.00	308.84	0.0032379	392.75	556.91	2.4057	1.8753	3.2285	984.52	-0.021012	4.0670e-05	0.11075	supercritical
261.00	507.00	307.90	0.0032478	395.48	560.14	2.4181	1.8756	3.2286	981.63	-0.020700	4.0459e-05	0.11035	supercritical
262.00	507.00	306.97	0.0032577	398.21	563.37	2.4304	1.8760	3.2286	978.77	-0.020389	4.0250e-05	0.10995	supercritical
263.00	507.00	306.03	0.0032676	400.93	566.60	2.4427	1.8763	3.2287	975.93	-0.020078	4.0044e-05	0.10955	supercritical
264.00	507.00	305.10	0.0032776	403.65	569.83	2.4550	1.8767	3.2288	973.12	-0.019767	3.9841e-05	0.10916	supercritical
265.00	507.00	304.17	0.0032876	406.37	573.06	2.4672	1.8772	3.2288	970.34	-0.019457	3.9640e-05	0.10878	supercritical
266.00	507.00	303.24	0.0032977	409.09	576.29	2.4794	1.8776	3.2289	967.58	-0.019147	3.9441e-05	0.10840	supercritical
267.00	507.00	302.32	0.0033078	411.81	579.51	2.4915	1.8781	3.2289	964.85	-0.018837	3.9245e-05	0.10802	supercritical
268.00	507.00	301.40	0.0033179	414.53	582.74	2.5036	1.8786	3.2289	962.15	-0.018528	3.9051e-05	0.10765	supercritical
269.00	507.00	300.47	0.0033281	417.24	585.97	2.5156	1.8792	3.2290	959.47	-0.018220	3.8860e-05	0.10729	supercritical
270.00	507.00	299.56	0.0033383	419.95	589.20	2.5276	1.8798	3.2290	956.82	-0.017912	3.8671e-05	0.10693	supercritical
271.00	507.00	298.64	0.0033485	422.66	592.43	2.5395	1.8804	3.2290	954.19	-0.017605	3.8485e-05	0.10657	supercritical
272.00	507.00	297.73	0.0033588	425.37	595.66	2.5514	1.8810	3.2289	951.59	-0.017299	3.8301e-05	0.10622	supercritical
273.00	507.00	296.81	0.0033691	428.08	598.89	2.5632	1.8816	3.2289	949.02	-0.016993	3.8119e-05	0.10587	supercritical
274.00	507.00	295.91	0.0033795	430.78	602.12	2.5750	1.8823	3.2289	946.47	-0.016688	3.7939e-05	0.10553	supercritical
275.00	507.00	295.00	0.0033898	433.48	605.35	2.5868	1.8830	3.2289	943.95	-0.016384	3.7761e-05	0.10519	supercritical
276.00	507.00	294.10	0.0034003	436.18	608.58	2.5985	1.8838	3.2288	941.45	-0.016081	3.7586e-05	0.10486	supercritical
277.00	507.00	293.19	0.0034107	438.88	611.80	2.6102	1.8845	3.2287	938.98	-0.015779	3.7413e-05	0.10453	supercritical
278.00	507.00	292.29	0.0034212	441.58	615.03	2.6218	1.8853	3.2287	936.54	-0.015478	3.7242e-05	0.10420	supercritical
279.00	507.00	291.40	0.0034317	444.27	618.26	2.6334	1.8861	3.2286	934.12	-0.015178	3.7073e-05	0.10388	supercritical
280.00	507.00	290.50	0.0034423	446.97	621.49	2.6450	1.8869	3.2285	931.72	-0.014880	3.6906e-05	0.10357	supercritical
281.00	507.00	289.61	0.0034529	449.66	624.72	2.6565	1.8878	3.2284	929.35	-0.014582	3.6742e-05	0.10326	supercritical
282.00	507.00	288.72	0.0034635	452.35	627.95	2.6680	1.8887	3.2283	927.00	-0.014285	3.6579e-05	0.10295	supercritical
283.00	507.00	287.84	0.0034742	455.03	631.18	2.6794	1.8896	3.2282	924.68	-0.013990	3.6418e-05	0.10265	supercritical
284.00	507.00	286.95	0.0034849	457.72	634.40	2.6908	1.8906	3.2281	922.39	-0.013696	3.6260e-05	0.10235	supercritical
285.00	507.00	286.07	0.0034956	460.40	637.63	2.7021	1.8915	3.2280	920.12	-0.013404	3.6103e-05	0.10206	supercritical
286.00	507.00	285.19	0.0035064	463.09	640.86	2.7134	1.8925	3.2279	917.87	-0.013113	3.5948e-05	0.10177	supercritical
287.00	507.00	284.32	0.0035172	465.77	644.09	2.7247	1.8935	3.2277	915.65	-0.012823	3.5795e-05	0.10148	supercritical
288.00	507.00	283.45	0.0035280	468.45	647.31	2.7359	1.8946	3.2276	913.45	-0.012535	3.5644e-05	0.10120	supercritical
289.00	507.00	282.58	0.0035389	471.12	650.54	2.7471	1.8957	3.2274	911.28	-0.012248	3.5495e-05	0.10092	supercritical
290.00	507.00	281.71	0.0035498	473.80	653.77	2.7583	1.8968	3.2273	909.13	-0.011963	3.5348e-05	0.10065	supercritical
291.00	507.00	280.85	0.0035607	476.47	657.00	2.7694	1.8979	3.2271	907.00	-0.011679	3.5202e-05	0.10038	supercritical
292.00	507.00	279.98	0.0035716	479.14	660.22	2.7804	1.8990	3.2269	904.90	-0.011397	3.5059e-05	0.10011	supercritical
293.00	507.00	279.13	0.0035826	481.81	663.45	2.7915	1.9002	3.2267	902.82	-0.011117	3.4917e-05	0.099850	supercritical
294.00	507.00	278.27	0.0035936	484.48	666.68	2.8025	1.9014	3.2266	900.76	-0.010838	3.4776e-05	0.099592	supercritical
295.00	507.00	277.42	0.0036047	487.15	669.90	2.8134	1.9026	3.2264	898.73	-0.010562	3.4638e-05	0.099339	supercritical
296.00	507.00	276.57	0.0036158	489.81	673.13	2.8243	1.9038	3.2262	896.72	-0.010287	3.4501e-05	0.099089	supercritical
297.00	507.00	275.72	0.0036269	492.47	676.36	2.8352	1.9051	3.2260	894.73	-0.010013	3.4366e-05	0.098843	supercritical
298.00	507.00	274.87	0.0036380	495.13	679.58	2.8461	1.9064	3.2258	892.77	-0.0097422	3.4233e-05	0.098601	supercritical
299.00	507.00	274.03	0.0036492	497.79	682.81	2.8569	1.9077	3.2256	890.83	-0.0094728	3.4101e-05	0.098363	supercritical
300.00	507.00	273.20	0.0036604	500.45	686.03	2.8676	1.9090	3.2253	888.91	-0.0092054	3.3971e-05	0.098128	supercritical
301.00	507.00	272.36	0.0036716	503.11	689.26	2.8784	1.9104	3.2251	887.02	-0.0089399	3.3843e-05	0.097897	supercritical
302.00	507.00	271.53	0.0036829	505.76	692.48	2.8891	1.9118	3.2249	885.14	-0.0086764	3.3716e-05	0.097670	supercritical
303.00	507.00	270.70	0.0036941	508.41	695.71	2.8997	1.9132	3.2247	883.29	-0.0084150	3.3590e-05	0.097447	supercritical
304.00	507.00	269.87	0.0037055	511.07	698.93	2.9104	1.9146	3.2244	881.46	-0.0081557	3.3467e-05	0.097227	supercritical
305.00	507.00	269.05	0.0037168	513.72	702.16	2.9209	1.9160	3.2242	879.66	-0.0078984	3.3344e-05	0.097011	supercritical
306.00	507.00	268.23	0.0037282	516.36	705.38	2.9315	1.9175	3.2240	877.87	-0.0076432	3.3224e-05	0.096798	supercritical
307.00	507.00	267.41	0.0037396	519.01	708.60	2.9420	1.9190	3.2237	876.11	-0.0073903	3.3105e-05	0.096589	supercritical
308.00	507.00	266.60	0.0037510	521.65	711.83	2.9525	1.9205	3.2235	874.36	-0.0071395	3.2987e-05	0.096383	supercritical
309.00	507.00	265.79	0.0037624	524.30	715.05	2.9629	1.9221	3.2232	872.64	-0.0068909	3.2871e-05	0.096181	supercritical
310.00	507.00	264.98	0.0037739	526.94	718.27	2.9734	1.9236	3.2230	870.94	-0.0066445	3.2756e-05	0.095983	supercritical
311.00	507.00	264.17	0.0037854	529.58	721.50	2.9837	1.9252	3.2227	869.26	-0.0064004	3.2643e-05	0.095788	supercritical
312.00	507.00	263.37	0.0037969	532.22	724.72	2.9941	1.9268	3.2225	867.60	-0.0061586	3.2531e-05	0.095596	supercritical
313.00	507.00	262.57	0.0038084	534.85	727.94	3.0044	1.9284	3.2222	865.96	-0.0059191	3.2420e-05	0.095407	supercritical
314.00	507.00	261.78	0.0038200	537.49	731.16	3.0147	1.9301	3.2220	864.35	-0.0056820	3.2311e-05	0.095222	supercritical
315.00	507.00	260.99	0.0038316	540.12	734.39	3.0249	1.9317	3.2217	862.75	-0.0054472	3.2203e-05	0.095040	supercritical
316.00	507.00	260.20	0.0038432	542.76	737.61	3.0351	1.9334	3.2215	861.17	-0.0052147	3.2097e-05	0.094862	supercritical
317.00	507.00	259.41	0.0038549	545.39	740.83	3.0453	1.9351	3.2212	859.61	-0.0049847	3.1992e-05	0.094687	supercritical
318.00	507.00	258.63	0.0038665	548.02	744.05	3.0555	1.9368	3.2210	858.08	-0.0047571	3.1888e-05	0.094515	supercritical
319.00	507.00	257.85	0.0038782	550.65	747.27	3.0656	1.9386	3.2207	856.56	-0.0045319	3.1785e-05	0.094346	supercritical
320.00	507.00	257.07	0.0038899	553.27	750.49	3.0756	1.9404	3.2205	855.06	-0.0043091	3.1684e-05	0.094180	supercritical
321.00	507.00	256.30	0.0039017	555.90	753.71	3.0857	1.9421	3.2202	853.58	-0.0040889	3.1584e-05	0.094017	supercritical
322.00	507.00	255.53	0.0039134	558.52	756.93	3.0957	1.9439	3.2200	852.12	-0.0038711	3.1486e-05	0.093858	supercritical
323.00	507.00	254.76	0.0039252	561.14	760.15	3.1057	1.9458	3.2197	850.68	-0.0036558	3.1388e-05	0.093701	supercritical
324.00	507.00	254.00	0.0039370	563.77	763.37	3.1156	1.9476	3.2195	849.26	-0.0034430	3.1292e-05	0.093548	supercritical
325.00	507.00	253.24	0.0039488	566.39	766.59	3.1256	1.9495	3.2193	847.85	-0.0032327	3.1197e-05	0.093398	supercritical
326.00	507.00	252.48	0.0039607	569.01	769.81	3.1355	1.9514	3.2190	846.47	-0.0030250	3.1103e-05	0.093250	supercritical
327.00	507.00	251.73	0.0039725	571.62	773.03	3.1453	1.9533	3.2188	845.10	-0.0028198	3.1011e-05	0.093106	supercritical
328.00	507.00	250.98	0.0039844	574.24	776.25	3.1551	1.9552	3.2186	843.75	-0.0026172	3.0919e-05	0.092964	supercritical
329.00	507.00	250.23	0.0039963	576.85	779.47	3.1649	1.9571	3.2183	842.42	-0.0024171	3.0829e-05	0.092826	supercritical
330.00	507.00	249.49	0.0040082	579.47	782.68	3.1747	1.9591	3.2181	841.11	-0.0022196	3.0740e-05	0.092690	supercritical
331.00	507.00	248.75	0.0040202	582.08	785.90	3.1844	1.9611	3.2179	839.81	-0.0020247	3.0652e-05	0.092557	supercritical
332.00	507.00	248.01	0.0040321	584.69	789.12	3.1941	1.9631	3.2177	838.54	-0.0018324	3.0565e-05	0.092427	supercritical
333.00	507.00	247.27	0.0040441	587.30	792.34	3.2038	1.9651	3.2175	837.28	-0.0016427	3.0479e-05	0.092300	supercritical
334.00	507.00	246.54	0.0040561	589.91	795.56	3.2135	1.9671	3.2173	836.03	-0.0014556	3.0395e-05	0.092175	supercritical
335.00	507.00	245.81	0.0040681	592.52	798.77	3.2231	1.9692	3.2171	834.81	-0.0012710	3.0311e-05	0.092054	supercritical
336.00	507.00	245.09	0.0040801	595.13	801.99	3.2327	1.9713	3.2169	833.60	-0.0010891	3.0229e-05	0.091935	supercritical
337.00	507.00	244.37	0.0040922	597.73	805.21	3.2422	1.9733	3.2167	832.41	-0.00090985	3.0147e-05	0.091818	supercritical
338.00	507.00	243.65	0.0041042	600.34	808.42	3.2518	1.9754	3.2165	831.23	-0.00073318	3.0067e-05	0.091705	supercritical
339.00	507.00	242.93	0.0041163	602.94	811.64	3.2613	1.9776	3.2164	830.07	-0.00055912	2.9987e-05	0.091594	supercritical
340.00	507.00	242.22	0.0041284	605.54	814.86	3.2707	1.9797	3.2162	828.93	-0.00038768	2.9909e-05	0.091485	supercritical
341.00	507.00	241.51	0.0041405	608.15	818.07	3.2802	1.9819	3.2160	827.80	-0.00021886	2.9832e-05	0.091379	supercritical
342.00	507.00	240.81	0.0041527	610.75	821.29	3.2896	1.9840	3.2159	826.69	-5.2653e-05	2.9756e-05	0.091276	supercritical
343.00	507.00	240.11	0.0041648	613.35	824.50	3.2990	1.9862	3.2157	825.60	0.00011094	2.9680e-05	0.091175	supercritical
344.00	507.00	239.41	0.0041770	615.95	827.72	3.3084	1.9884	3.2156	824.52	0.00027191	2.9606e-05	0.091077	supercritical
345.00	507.00	238.71	0.0041891	618.55	830.93	3.3177	1.9907	3.2155	823.45	0.00043027	2.9532e-05	0.090981	supercritical
346.00	507.00	238.02	0.0042013	621.14	834.15	3.3270	1.9929	3.2154	822.41	0.00058603	2.9460e-05	0.090888	supercritical
347.00	507.00	237.33	0.0042135	623.74	837.37	3.3363	1.9952	3.2153	821.37	0.00073918	2.9389e-05	0.090797	supercritical
348.00	507.00	236.64	0.0042258	626.33	840.58	3.3455	1.9974	3.2152	820.35	0.00088973	2.9318e-05	0.090709	supercritical
349.00	507.00	235.96	0.0042380	628.93	843.80	3.3548	1.9997	3.2151	819.35	0.0010377	2.9248e-05	0.090623	supercritical
350.00	507.00	235.28	0.0042502	631.52	847.01	3.3640	2.0020	3.2150	818.36	0.0011830	2.9180e-05	0.090539	supercritical
351.00	507.00	234.60	0.0042625	634.12	850.23	3.3731	2.0043	3.2149	817.39	0.0013258	2.9112e-05	0.090458	supercritical
352.00	507.00	233.93	0.0042748	636.71	853.44	3.3823	2.0067	3.2149	816.43	0.0014660	2.9045e-05	0.090379	supercritical
353.00	507.00	233.26	0.0042871	639.30	856.66	3.3914	2.0090	3.2148	815.48	0.0016037	2.8979e-05	0.090303	supercritical
354.00	507.00	232.59	0.0042994	641.89	859.87	3.4005	2.0114	3.2148	814.55	0.0017388	2.8914e-05	0.090228	supercritical
355.00	507.00	231.93	0.0043117	644.48	863.09	3.4096	2.0138	3.2147	813.64	0.0018713	2.8849e-05	0.090156	supercritical
356.00	507.00	231.27	0.0043240	647.07	866.30	3.4186	2.0162	3.2147	812.73	0.0020013	2.8786e-05	0.090086	supercritical
357.00	507.00	230.61	0.0043363	649.66	869.51	3.4276	2.0186	3.2147	811.84	0.0021287	2.8723e-05	0.090019	supercritical
358.00	507.00	229.96	0.0043487	652.25	872.73	3.4366	2.0210	3.2147	810.97	0.0022537	2.8661e-05	0.089953	supercritical
359.00	507.00	229.30	0.0043610	654.84	875.94	3.4456	2.0234	3.2147	810.10	0.0023761	2.8600e-05	0.089890	supercritical
360.00	507.00	228.66	0.0043734	657.43	879.16	3.4545	2.0259	3.2148	809.26	0.0024960	2.8540e-05	0.089829	supercritical
361.00	507.00	228.01	0.0043858	660.02	882.37	3.4634	2.0284	3.2148	808.42	0.0026135	2.8481e-05	0.089770	supercritical
362.00	507.00	227.37	0.0043981	662.60	885.59	3.4723	2.0308	3.2148	807.60	0.0027284	2.8422e-05	0.089713	supercritical
363.00	507.00	226.73	0.0044105	665.19	888.80	3.4812	2.0333	3.2149	806.79	0.0028409	2.8365e-05	0.089659	supercritical
364.00	507.00	226.09	0.0044229	667.77	892.02	3.4900	2.0358	3.2150	805.99	0.0029510	2.8308e-05	0.089606	supercritical
365.00	507.00	225.46	0.0044354	670.36	895.23	3.4989	2.0384	3.2151	805.20	0.0030586	2.8251e-05	0.089555	supercritical
366.00	507.00	224.83	0.0044478	672.95	898.45	3.5077	2.0409	3.2152	804.43	0.0031638	2.8196e-05	0.089507	supercritical
367.00	507.00	224.20	0.0044602	675.53	901.66	3.5164	2.0435	3.2153	803.67	0.0032665	2.8141e-05	0.089460	supercritical
368.00	507.00	223.58	0.0044727	678.11	904.88	3.5252	2.0460	3.2154	802.92	0.0033669	2.8087e-05	0.089416	supercritical
369.00	507.00	222.96	0.0044851	680.70	908.09	3.5339	2.0486	3.2155	802.19	0.0034649	2.8034e-05	0.089373	supercritical
370.00	507.00	222.34	0.0044976	683.28	911.31	3.5426	2.0512	3.2157	801.47	0.0035606	2.7981e-05	0.089332	supercritical
371.00	507.00	221.73	0.0045100	685.87	914.53	3.5513	2.0538	3.2159	800.75	0.0036538	2.7930e-05	0.089294	supercritical
372.00	507.00	221.12	0.0045225	688.45	917.74	3.5599	2.0564	3.2160	800.05	0.0037448	2.7878e-05	0.089257	supercritical
373.00	507.00	220.51	0.0045350	691.03	920.96	3.5686	2.0590	3.2162	799.36	0.0038334	2.7828e-05	0.089222	supercritical
374.00	507.00	219.90	0.0045475	693.62	924.17	3.5772	2.0617	3.2164	798.69	0.0039198	2.7778e-05	0.089189	supercritical
375.00	507.00	219.30	0.0045600	696.20	927.39	3.5858	2.0643	3.2166	798.02	0.0040038	2.7729e-05	0.089158	supercritical
376.00	507.00	218.70	0.0045725	698.78	930.61	3.5943	2.0670	3.2169	797.37	0.0040856	2.7681e-05	0.089129	supercritical
377.00	507.00	218.10	0.0045850	701.36	933.82	3.6029	2.0697	3.2171	796.72	0.0041652	2.7633e-05	0.089102	supercritical
378.00	507.00	217.51	0.0045975	703.95	937.04	3.6114	2.0724	3.2174	796.09	0.0042425	2.7586e-05	0.089076	supercritical
379.00	507.00	216.92	0.0046101	706.53	940.26	3.6199	2.0751	3.2177	795.47	0.0043176	2.7540e-05	0.089052	supercritical
380.00	507.00	216.33	0.0046226	709.11	943.48	3.6284	2.0778	3.2180	794.86	0.0043905	2.7494e-05	0.089030	supercritical
381.00	507.00	215.74	0.0046351	711.69	946.70	3.6369	2.0805	3.2183	794.26	0.0044612	2.7449e-05	0.089010	supercritical
382.00	507.00	215.16	0.0046477	714.28	949.91	3.6453	2.0833	3.2186	793.67	0.0045298	2.7405e-05	0.088992	supercritical
383.00	507.00	214.58	0.0046602	716.86	953.13	3.6537	2.0860	3.2189	793.09	0.0045962	2.7361e-05	0.088975	supercritical
384.00	507.00	214.00	0.0046728	719.44	956.35	3.6621	2.0888	3.2193	792.52	0.0046605	2.7317e-05	0.088960	supercritical
385.00	507.00	213.43	0.0046854	722.02	959.57	3.6705	2.0915	3.2196	791.96	0.0047227	2.7275e-05	0.088947	supercritical
386.00	507.00	212.86	0.0046979	724.61	962.79	3.6788	2.0943	3.2200	791.41	0.0047828	2.7233e-05	0.088935	supercritical
387.00	507.00	212.29	0.0047105	727.19	966.01	3.6872	2.0971	3.2204	790.87	0.0048408	2.7191e-05	0.088925	supercritical
388.00	507.00	211.73	0.0047231	729.77	969.23	3.6955	2.0999	3.2208	790.34	0.0048969	2.7151e-05	0.088917	supercritical
389.00	507.00	211.16	0.0047357	732.35	972.45	3.7038	2.1027	3.2212	789.82	0.0049508	2.7110e-05	0.088910	supercritical
390.00	507.00	210.60	0.0047482	734.94	975.67	3.7120	2.1056	3.2217	789.31	0.0050028	2.7071e-05	0.088905	supercritical
391.00	507.00	210.05	0.0047608	737.52	978.90	3.7203	2.1084	3.2221	788.81	0.0050528	2.7032e-05	0.088902	supercritical
392.00	507.00	209.49	0.0047734	740.11	982.12	3.7285	2.1112	3.2226	788.31	0.0051008	2.6993e-05	0.088900	supercritical
393.00	507.00	208.94	0.0047860	742.69	985.34	3.7367	2.1141	3.2231	787.83	0.0051469	2.6955e-05	0.088900	supercritical
394.00	507.00	208.39	0.0047986	745.27	988.56	3.7449	2.1170	3.2236	787.36	0.0051910	2.6918e-05	0.088901	supercritical
395.00	507.00	207.85	0.0048112	747.86	991.79	3.7531	2.1198	3.2241	786.89	0.0052333	2.6881e-05	0.088904	supercritical
396.00	507.00	207.30	0.0048238	750.44	995.01	3.7612	2.1227	3.2246	786.44	0.0052736	2.6844e-05	0.088908	supercritical
397.00	507.00	206.76	0.0048365	753.03	998.24	3.7694	2.1256	3.2252	785.99	0.0053121	2.6809e-05	0.088914	supercritical
398.00	507.00	206.22	0.0048491	755.61	1001.5	3.7775	2.1285	3.2257	785.55	0.0053488	2.6773e-05	0.088922	supercritical
399.00	507.00	205.69	0.0048617	758.20	1004.7	3.7856	2.1315	3.2263	785.12	0.0053836	2.6739e-05	0.088931	supercritical
400.00	507.00	205.16	0.0048743	760.79	1007.9	3.7937	2.1344	3.2269	784.70	0.0054166	2.6704e-05	0.088942	supercritical
401.00	507.00	204.63	0.0048869	763.38	1011.1	3.8017	2.1373	3.2275	784.29	0.0054479	2.6671e-05	0.088953	supercritical
402.00	507.00	204.10	0.0048996	765.96	1014.4	3.8098	2.1403	3.2281	783.88	0.0054773	2.6637e-05	0.088967	supercritical
403.00	507.00	203.58	0.0049122	768.55	1017.6	3.8178	2.1432	3.2288	783.49	0.0055051	2.6605e-05	0.088982	supercritical
404.00	507.00	203.05	0.0049248	771.14	1020.8	3.8258	2.1462	3.2294	783.10	0.0055310	2.6572e-05	0.088998	supercritical
405.00	507.00	202.53	0.0049375	773.73	1024.1	3.8338	2.1491	3.2301	782.72	0.0055553	2.6541e-05	0.089016	supercritical
406.00	507.00	202.02	0.0049501	776.32	1027.3	3.8417	2.1521	3.2308	782.35	0.0055780	2.6509e-05	0.089035	supercritical
407.00	507.00	201.50	0.0049627	778.91	1030.5	3.8497	2.1551	3.2315	781.99	0.0055989	2.6479e-05	0.089056	supercritical
408.00	507.00	200.99	0.0049754	781.50	1033.8	3.8576	2.1581	3.2322	781.63	0.0056182	2.6448e-05	0.089078	supercritical
409.00	507.00	200.48	0.0049880	784.09	1037.0	3.8655	2.1611	3.2330	781.28	0.0056359	2.6418e-05	0.089101	supercritical
410.00	507.00	199.97	0.0050007	786.68	1040.2	3.8734	2.1641	3.2337	780.94	0.0056520	2.6389e-05	0.089126	supercritical
411.00	507.00	199.47	0.0050133	789.28	1043.5	3.8813	2.1672	3.2345	780.61	0.0056665	2.6360e-05	0.089152	supercritical
412.00	507.00	198.97	0.0050259	791.87	1046.7	3.8892	2.1702	3.2353	780.28	0.0056794	2.6332e-05	0.089179	supercritical
413.00	507.00	198.47	0.0050386	794.47	1049.9	3.8970	2.1732	3.2361	779.96	0.0056908	2.6304e-05	0.089208	supercritical
414.00	507.00	197.97	0.0050512	797.06	1053.2	3.9048	2.1763	3.2369	779.65	0.0057007	2.6276e-05	0.089238	supercritical
415.00	507.00	197.48	0.0050639	799.66	1056.4	3.9126	2.1793	3.2377	779.34	0.0057091	2.6249e-05	0.089269	supercritical
416.00	507.00	196.99	0.0050765	802.25	1059.6	3.9204	2.1824	3.2385	779.05	0.0057160	2.6222e-05	0.089302	supercritical
417.00	507.00	196.50	0.0050892	804.85	1062.9	3.9282	2.1855	3.2394	778.76	0.0057214	2.6196e-05	0.089336	supercritical
418.00	507.00	196.01	0.0051018	807.45	1066.1	3.9360	2.1885	3.2403	778.47	0.0057254	2.6170e-05	0.089371	supercritical
419.00	507.00	195.52	0.0051145	810.05	1069.4	3.9437	2.1916	3.2412	778.20	0.0057279	2.6144e-05	0.089408	supercritical
420.00	507.00	195.04	0.0051271	812.65	1072.6	3.9514	2.1947	3.2421	777.93	0.0057291	2.6119e-05	0.089445	supercritical
421.00	507.00	194.56	0.0051398	815.25	1075.8	3.9591	2.1978	3.2430	777.66	0.0057289	2.6095e-05	0.089484	supercritical
422.00	507.00	194.08	0.0051524	817.85	1079.1	3.9668	2.2009	3.2439	777.41	0.0057273	2.6070e-05	0.089525	supercritical
423.00	507.00	193.61	0.0051651	820.46	1082.3	3.9745	2.2041	3.2449	777.16	0.0057243	2.6046e-05	0.089566	supercritical
424.00	507.00	193.14	0.0051777	823.06	1085.6	3.9822	2.2072	3.2459	776.91	0.0057201	2.6023e-05	0.089609	supercritical
425.00	507.00	192.66	0.0051904	825.67	1088.8	3.9898	2.2103	3.2469	776.68	0.0057145	2.6000e-05	0.089653	supercritical
426.00	507.00	192.20	0.0052030	828.27	1092.1	3.9975	2.2134	3.2478	776.45	0.0057076	2.5977e-05	0.089698	supercritical
427.00	507.00	191.73	0.0052157	830.88	1095.3	4.0051	2.2166	3.2489	776.22	0.0056995	2.5955e-05	0.089744	supercritical
428.00	507.00	191.27	0.0052283	833.49	1098.6	4.0127	2.2197	3.2499	776.00	0.0056901	2.5933e-05	0.089791	supercritical
429.00	507.00	190.80	0.0052410	836.10	1101.8	4.0203	2.2229	3.2509	775.79	0.0056795	2.5911e-05	0.089840	supercritical
430.00	507.00	190.35	0.0052536	838.71	1105.1	4.0278	2.2261	3.2520	775.58	0.0056677	2.5890e-05	0.089890	supercritical
431.00	507.00	189.89	0.0052663	841.32	1108.3	4.0354	2.2292	3.2531	775.38	0.0056546	2.5869e-05	0.089941	supercritical
432.00	507.00	189.43	0.0052789	843.93	1111.6	4.0429	2.2324	3.2542	775.19	0.0056404	2.5849e-05	0.089993	supercritical
433.00	507.00	188.98	0.0052915	846.54	1114.8	4.0505	2.2356	3.2553	775.00	0.0056251	2.5829e-05	0.090046	supercritical
434.00	507.00	188.53	0.0053042	849.16	1118.1	4.0580	2.2388	3.2564	774.82	0.0056086	2.5809e-05	0.090100	supercritical
435.00	507.00	188.08	0.0053168	851.77	1121.3	4.0655	2.2420	3.2575	774.64	0.0055909	2.5790e-05	0.090155	supercritical
436.00	507.00	187.64	0.0053295	854.39	1124.6	4.0729	2.2452	3.2587	774.47	0.0055722	2.5770e-05	0.090212	supercritical
437.00	507.00	187.19	0.0053421	857.01	1127.9	4.0804	2.2484	3.2598	774.30	0.0055523	2.5752e-05	0.090269	supercritical
438.00	507.00	186.75	0.0053547	859.63	1131.1	4.0879	2.2516	3.2610	774.14	0.0055314	2.5733e-05	0.090328	supercritical
439.00	507.00	186.31	0.0053674	862.25	1134.4	4.0953	2.2548	3.2622	773.98	0.0055095	2.5715e-05	0.090388	supercritical
440.00	507.00	185.87	0.0053800	864.87	1137.6	4.1027	2.2580	3.2634	773.83	0.0054865	2.5698e-05	0.090448	supercritical
441.00	507.00	185.44	0.0053927	867.50	1140.9	4.1101	2.2613	3.2646	773.69	0.0054624	2.5680e-05	0.090510	supercritical
442.00	507.00	185.00	0.0054053	870.12	1144.2	4.1175	2.2645	3.2659	773.55	0.0054374	2.5663e-05	0.090573	supercritical
443.00	507.00	184.57	0.0054179	872.75	1147.4	4.1249	2.2677	3.2671	773.41	0.0054114	2.5646e-05	0.090637	supercritical
444.00	507.00	184.14	0.0054305	875.38	1150.7	4.1323	2.2710	3.2684	773.28	0.0053844	2.5630e-05	0.090702	supercritical
445.00	507.00	183.72	0.0054432	878.00	1154.0	4.1396	2.2742	3.2697	773.16	0.0053564	2.5614e-05	0.090768	supercritical
446.00	507.00	183.29	0.0054558	880.63	1157.2	4.1470	2.2775	3.2710	773.04	0.0053276	2.5598e-05	0.090835	supercritical
447.00	507.00	182.87	0.0054684	883.27	1160.5	4.1543	2.2807	3.2723	772.92	0.0052977	2.5582e-05	0.090903	supercritical
448.00	507.00	182.45	0.0054810	885.90	1163.8	4.1616	2.2840	3.2736	772.81	0.0052670	2.5567e-05	0.090972	supercritical
449.00	507.00	182.03	0.0054937	888.53	1167.1	4.1689	2.2873	3.2749	772.71	0.0052354	2.5552e-05	0.091042	supercritical
450.00	507.00	181.61	0.0055063	891.17	1170.3	4.1762	2.2906	3.2763	772.61	0.0052029	2.5538e-05	0.091113	supercritical
451.00	507.00	181.20	0.0055189	893.81	1173.6	4.1835	2.2938	3.2776	772.51	0.0051696	2.5523e-05	0.091185	supercritical
452.00	507.00	180.78	0.0055315	896.45	1176.9	4.1907	2.2971	3.2790	772.42	0.0051354	2.5509e-05	0.091258	supercritical
453.00	507.00	180.37	0.0055441	899.09	1180.2	4.1980	2.3004	3.2804	772.34	0.0051003	2.5495e-05	0.091332	supercritical
454.00	507.00	179.96	0.0055567	901.73	1183.5	4.2052	2.3037	3.2818	772.26	0.0050645	2.5482e-05	0.091407	supercritical
455.00	507.00	179.56	0.0055693	904.37	1186.7	4.2124	2.3070	3.2832	772.18	0.0050278	2.5469e-05	0.091483	supercritical
456.00	507.00	179.15	0.0055819	907.02	1190.0	4.2197	2.3103	3.2847	772.11	0.0049904	2.5456e-05	0.091559	supercritical
457.00	507.00	178.75	0.0055945	909.66	1193.3	4.2269	2.3136	3.2861	772.04	0.0049522	2.5443e-05	0.091637	supercritical
458.00	507.00	178.34	0.0056071	912.31	1196.6	4.2340	2.3169	3.2876	771.97	0.0049132	2.5431e-05	0.091716	supercritical
459.00	507.00	177.95	0.0056197	914.96	1199.9	4.2412	2.3203	3.2890	771.91	0.0048735	2.5419e-05	0.091795	supercritical
460.00	507.00	177.55	0.0056323	917.61	1203.2	4.2484	2.3236	3.2905	771.86	0.0048331	2.5407e-05	0.091876	supercritical
461.00	507.00	177.15	0.0056449	920.27	1206.5	4.2555	2.3269	3.2920	771.81	0.0047919	2.5395e-05	0.091957	supercritical
462.00	507.00	176.76	0.0056575	922.92	1209.8	4.2627	2.3302	3.2935	771.76	0.0047500	2.5384e-05	0.092039	supercritical
463.00	507.00	176.37	0.0056701	925.58	1213.0	4.2698	2.3336	3.2950	771.71	0.0047075	2.5373e-05	0.092123	supercritical
464.00	507.00	175.97	0.0056826	928.23	1216.3	4.2769	2.3369	3.2966	771.68	0.0046642	2.5362e-05	0.092207	supercritical
465.00	507.00	175.59	0.0056952	930.89	1219.6	4.2840	2.3402	3.2981	771.64	0.0046203	2.5352e-05	0.092291	supercritical
466.00	507.00	175.20	0.0057078	933.56	1222.9	4.2911	2.3436	3.2997	771.61	0.0045758	2.5341e-05	0.092377	supercritical
467.00	507.00	174.81	0.0057204	936.22	1226.2	4.2981	2.3469	3.3013	771.58	0.0045306	2.5331e-05	0.092464	supercritical
468.00	507.00	174.43	0.0057329	938.88	1229.5	4.3052	2.3503	3.3028	771.56	0.0044848	2.5322e-05	0.092551	supercritical
469.00	507.00	174.05	0.0057455	941.55	1232.8	4.3123	2.3537	3.3044	771.54	0.0044383	2.5312e-05	0.092640	supercritical
470.00	507.00	173.67	0.0057581	944.22	1236.2	4.3193	2.3570	3.3060	771.52	0.0043913	2.5303e-05	0.092729	supercritical
471.00	507.00	173.29	0.0057706	946.89	1239.5	4.3263	2.3604	3.3077	771.51	0.0043437	2.5294e-05	0.092819	supercritical
472.00	507.00	172.92	0.0057832	949.56	1242.8	4.3333	2.3637	3.3093	771.50	0.0042955	2.5285e-05	0.092910	supercritical
473.00	507.00	172.54	0.0057957	952.23	1246.1	4.3404	2.3671	3.3109	771.50	0.0042467	2.5276e-05	0.093002	supercritical
474.00	507.00	172.17	0.0058083	954.91	1249.4	4.3473	2.3705	3.3126	771.49	0.0041974	2.5268e-05	0.093094	supercritical
475.00	507.00	171.80	0.0058208	957.59	1252.7	4.3543	2.3739	3.3143	771.50	0.0041476	2.5260e-05	0.093188	supercritical
476.00	507.00	171.43	0.0058334	960.27	1256.0	4.3613	2.3772	3.3160	771.50	0.0040972	2.5252e-05	0.093282	supercritical
477.00	507.00	171.06	0.0058459	962.95	1259.3	4.3683	2.3806	3.3176	771.51	0.0040463	2.5244e-05	0.093377	supercritical
478.00	507.00	170.69	0.0058584	965.63	1262.7	4.3752	2.3840	3.3193	771.52	0.0039949	2.5236e-05	0.093473	supercritical
479.00	507.00	170.33	0.0058710	968.32	1266.0	4.3822	2.3874	3.3211	771.54	0.0039430	2.5229e-05	0.093569	supercritical
480.00	507.00	169.97	0.0058835	971.00	1269.3	4.3891	2.3908	3.3228	771.56	0.0038906	2.5222e-05	0.093666	supercritical
481.00	507.00	169.61	0.0058960	973.69	1272.6	4.3960	2.3942	3.3245	771.58	0.0038377	2.5215e-05	0.093765	supercritical
482.00	507.00	169.25	0.0059085	976.38	1275.9	4.4029	2.3976	3.3263	771.61	0.0037844	2.5209e-05	0.093864	supercritical
483.00	507.00	168.89	0.0059211	979.07	1279.3	4.4098	2.4010	3.3280	771.64	0.0037306	2.5202e-05	0.093963	supercritical
484.00	507.00	168.53	0.0059336	981.77	1282.6	4.4167	2.4044	3.3298	771.67	0.0036764	2.5196e-05	0.094064	supercritical
485.00	507.00	168.18	0.0059461	984.46	1285.9	4.4236	2.4078	3.3316	771.70	0.0036217	2.5190e-05	0.094165	supercritical
486.00	507.00	167.83	0.0059586	987.16	1289.3	4.4304	2.4112	3.3334	771.74	0.0035666	2.5184e-05	0.094267	supercritical
487.00	507.00	167.47	0.0059711	989.86	1292.6	4.4373	2.4146	3.3352	771.78	0.0035111	2.5178e-05	0.094370	supercritical
488.00	507.00	167.12	0.0059836	992.57	1295.9	4.4441	2.4180	3.3370	771.83	0.0034552	2.5173e-05	0.094473	supercritical
489.00	507.00	166.78	0.0059961	995.27	1299.3	4.4510	2.4214	3.3388	771.88	0.0033990	2.5168e-05	0.094577	supercritical
490.00	507.00	166.43	0.0060086	997.98	1302.6	4.4578	2.4249	3.3407	771.93	0.0033423	2.5163e-05	0.094682	supercritical
491.00	507.00	166.08	0.0060211	1000.7	1306.0	4.4646	2.4283	3.3425	771.98	0.0032852	2.5158e-05	0.094788	supercritical
492.00	507.00	165.74	0.0060335	1003.4	1309.3	4.4714	2.4317	3.3444	772.04	0.0032278	2.5153e-05	0.094894	supercritical
493.00	507.00	165.40	0.0060460	1006.1	1312.6	4.4782	2.4351	3.3462	772.10	0.0031700	2.5149e-05	0.095001	supercritical
494.00	507.00	165.06	0.0060585	1008.8	1316.0	4.4850	2.4386	3.3481	772.16	0.0031119	2.5145e-05	0.095109	supercritical
495.00	507.00	164.72	0.0060710	1011.5	1319.3	4.4917	2.4420	3.3500	772.22	0.0030535	2.5140e-05	0.095218	supercritical
496.00	507.00	164.38	0.0060834	1014.3	1322.7	4.4985	2.4454	3.3519	772.29	0.0029947	2.5137e-05	0.095327	supercritical
497.00	507.00	164.04	0.0060959	1017.0	1326.0	4.5053	2.4489	3.3538	772.36	0.0029356	2.5133e-05	0.095437	supercritical
498.00	507.00	163.71	0.0061084	1019.7	1329.4	4.5120	2.4523	3.3557	772.43	0.0028762	2.5129e-05	0.095547	supercritical
499.00	507.00	163.38	0.0061208	1022.4	1332.8	4.5187	2.4557	3.3577	772.51	0.0028164	2.5126e-05	0.095659	supercritical
500.00	507.00	163.04	0.0061333	1025.2	1336.1	4.5255	2.4592	3.3596	772.59	0.0027564	2.5123e-05	0.095771	supercritical
501.00	507.00	162.71	0.0061457	1027.9	1339.5	4.5322	2.4626	3.3616	772.67	0.0026961	2.5120e-05	0.095883	supercritical
502.00	507.00	162.39	0.0061582	1030.6	1342.8	4.5389	2.4661	3.3635	772.75	0.0026355	2.5117e-05	0.095997	supercritical
503.00	507.00	162.06	0.0061706	1033.3	1346.2	4.5456	2.4695	3.3655	772.84	0.0025747	2.5114e-05	0.096111	supercritical
504.00	507.00	161.73	0.0061831	1036.1	1349.6	4.5523	2.4730	3.3675	772.93	0.0025135	2.5112e-05	0.096225	supercritical
505.00	507.00	161.41	0.0061955	1038.8	1352.9	4.5589	2.4764	3.3694	773.02	0.0024522	2.5109e-05	0.096341	supercritical
506.00	507.00	161.08	0.0062079	1041.6	1356.3	4.5656	2.4799	3.3714	773.11	0.0023905	2.5107e-05	0.096457	supercritical
507.00	507.00	160.76	0.0062204	1044.3	1359.7	4.5723	2.4833	3.3734	773.21	0.0023287	2.5105e-05	0.096573	supercritical
508.00	507.00	160.44	0.0062328	1047.1	1363.1	4.5789	2.4868	3.3754	773.31	0.0022666	2.5103e-05	0.096691	supercritical
509.00	507.00	160.12	0.0062452	1049.8	1366.4	4.5855	2.4902	3.3775	773.41	0.0022042	2.5102e-05	0.096809	supercritical
510.00	507.00	159.81	0.0062576	1052.5	1369.8	4.5922	2.4937	3.3795	773.51	0.0021417	2.5100e-05	0.096927	supercritical
511.00	507.00	159.49	0.0062700	1055.3	1373.2	4.5988	2.4971	3.3815	773.62	0.0020789	2.5099e-05	0.097046	supercritical
512.00	507.00	159.17	0.0062824	1058.1	1376.6	4.6054	2.5006	3.3836	773.73	0.0020160	2.5097e-05	0.097166	supercritical
513.00	507.00	158.86	0.0062948	1060.8	1380.0	4.6120	2.5041	3.3857	773.84	0.0019528	2.5096e-05	0.097287	supercritical
514.00	507.00	158.55	0.0063072	1063.6	1383.3	4.6186	2.5075	3.3877	773.95	0.0018894	2.5095e-05	0.097408	supercritical
515.00	507.00	158.24	0.0063196	1066.3	1386.7	4.6252	2.5110	3.3898	774.07	0.0018259	2.5095e-05	0.097530	supercritical
516.00	507.00	157.93	0.0063320	1069.1	1390.1	4.6318	2.5145	3.3919	774.18	0.0017622	2.5094e-05	0.097652	supercritical
517.00	507.00	157.62	0.0063444	1071.9	1393.5	4.6383	2.5179	3.3940	774.30	0.0016983	2.5094e-05	0.097775	supercritical
518.00	507.00	157.31	0.0063568	1074.6	1396.9	4.6449	2.5214	3.3961	774.43	0.0016342	2.5093e-05	0.097898	supercritical
519.00	507.00	157.01	0.0063691	1077.4	1400.3	4.6515	2.5249	3.3982	774.55	0.0015700	2.5093e-05	0.098022	supercritical
520.00	507.00	156.70	0.0063815	1080.2	1403.7	4.6580	2.5283	3.4003	774.67	0.0015056	2.5093e-05	0.098147	supercritical
521.00	507.00	156.40	0.0063939	1082.9	1407.1	4.6645	2.5318	3.4024	774.80	0.0014411	2.5093e-05	0.098273	supercritical
522.00	507.00	156.10	0.0064062	1085.7	1410.5	4.6711	2.5353	3.4046	774.93	0.0013764	2.5093e-05	0.098398	supercritical
523.00	507.00	155.80	0.0064186	1088.5	1413.9	4.6776	2.5388	3.4067	775.06	0.0013116	2.5094e-05	0.098525	supercritical
524.00	507.00	155.50	0.0064310	1091.3	1417.3	4.6841	2.5422	3.4088	775.20	0.0012467	2.5094e-05	0.098652	supercritical
525.00	507.00	155.20	0.0064433	1094.1	1420.7	4.6906	2.5457	3.4110	775.33	0.0011816	2.5095e-05	0.098780	supercritical
526.00	507.00	154.90	0.0064557	1096.8	1424.1	4.6971	2.5492	3.4132	775.47	0.0011164	2.5096e-05	0.098908	supercritical
527.00	507.00	154.61	0.0064680	1099.6	1427.6	4.7036	2.5527	3.4153	775.61	0.0010512	2.5097e-05	0.099037	supercritical
528.00	507.00	154.31	0.0064803	1102.4	1431.0	4.7100	2.5561	3.4175	775.76	0.00098575	2.5098e-05	0.099166	supercritical
529.00	507.00	154.02	0.0064927	1105.2	1434.4	4.7165	2.5596	3.4197	775.90	0.00092025	2.5099e-05	0.099296	supercritical
530.00	507.00	153.73	0.0065050	1108.0	1437.8	4.7230	2.5631	3.4219	776.04	0.00085465	2.5100e-05	0.099426	supercritical
531.00	507.00	153.44	0.0065173	1110.8	1441.2	4.7294	2.5666	3.4241	776.19	0.00078895	2.5102e-05	0.099558	supercritical
532.00	507.00	153.15	0.0065297	1113.6	1444.7	4.7359	2.5701	3.4263	776.34	0.00072317	2.5103e-05	0.099689	supercritical
533.00	507.00	152.86	0.0065420	1116.4	1448.1	4.7423	2.5735	3.4285	776.49	0.00065730	2.5105e-05	0.099821	supercritical
534.00	507.00	152.57	0.0065543	1119.2	1451.5	4.7487	2.5770	3.4308	776.65	0.00059136	2.5107e-05	0.099954	supercritical
535.00	507.00	152.29	0.0065666	1122.0	1455.0	4.7552	2.5805	3.4330	776.80	0.00052534	2.5109e-05	0.10009	supercritical
536.00	507.00	152.00	0.0065789	1124.8	1458.4	4.7616	2.5840	3.4352	776.96	0.00045925	2.5111e-05	0.10022	supercritical
537.00	507.00	151.72	0.0065912	1127.6	1461.8	4.7680	2.5875	3.4375	777.12	0.00039310	2.5113e-05	0.10036	supercritical
538.00	507.00	151.43	0.0066035	1130.5	1465.3	4.7744	2.5910	3.4397	777.28	0.00032689	2.5115e-05	0.10049	supercritical
539.00	507.00	151.15	0.0066158	1133.3	1468.7	4.7808	2.5944	3.4420	777.44	0.00026063	2.5118e-05	0.10063	supercritical
540.00	507.00	150.87	0.0066281	1136.1	1472.1	4.7871	2.5979	3.4442	777.60	0.00019431	2.5120e-05	0.10076	supercritical
541.00	507.00	150.59	0.0066404	1138.9	1475.6	4.7935	2.6014	3.4465	777.77	0.00012795	2.5123e-05	0.10090	supercritical
542.00	507.00	150.32	0.0066527	1141.7	1479.0	4.7999	2.6049	3.4488	777.93	6.1548e-05	2.5126e-05	0.10103	supercritical
543.00	507.00	150.04	0.0066649	1144.6	1482.5	4.8062	2.6084	3.4511	778.10	-4.8934e-06	2.5129e-05	0.10117	supercritical
544.00	507.00	149.76	0.0066772	1147.4	1485.9	4.8126	2.6119	3.4534	778.27	-7.1369e-05	2.5132e-05	0.10131	supercritical
545.00	507.00	149.49	0.0066895	1150.2	1489.4	4.8189	2.6154	3.4557	778.45	-0.00013787	2.5135e-05	0.10145	supercritical
546.00	507.00	149.22	0.0067017	1153.1	1492.9	4.8253	2.6189	3.4580	778.62	-0.00020440	2.5138e-05	0.10159	supercritical
547.00	507.00	148.94	0.0067140	1155.9	1496.3	4.8316	2.6223	3.4603	778.79	-0.00027096	2.5141e-05	0.10173	supercritical
548.00	507.00	148.67	0.0067262	1158.8	1499.8	4.8379	2.6258	3.4626	778.97	-0.00033753	2.5145e-05	0.10187	supercritical
549.00	507.00	148.40	0.0067385	1161.6	1503.2	4.8442	2.6293	3.4649	779.15	-0.00040411	2.5148e-05	0.10201	supercritical
550.00	507.00	148.13	0.0067507	1164.4	1506.7	4.8506	2.6328	3.4673	779.33	-0.00047071	2.5152e-05	0.10215	supercritical
551.00	507.00	147.86	0.0067630	1167.3	1510.2	4.8569	2.6363	3.4696	779.51	-0.00053731	2.5156e-05	0.10229	supercritical
552.00	507.00	147.60	0.0067752	1170.1	1513.6	4.8631	2.6398	3.4719	779.69	-0.00060392	2.5160e-05	0.10243	supercritical
553.00	507.00	147.33	0.0067875	1173.0	1517.1	4.8694	2.6433	3.4743	779.88	-0.00067052	2.5164e-05	0.10257	supercritical
554.00	507.00	147.07	0.0067997	1175.8	1520.6	4.8757	2.6468	3.4767	780.06	-0.00073712	2.5168e-05	0.10272	supercritical
555.00	507.00	146.80	0.0068119	1178.7	1524.1	4.8820	2.6503	3.4790	780.25	-0.00080372	2.5172e-05	0.10286	supercritical
556.00	507.00	146.54	0.0068241	1181.6	1527.5	4.8882	2.6537	3.4814	780.44	-0.00087030	2.5176e-05	0.10300	supercritical
557.00	507.00	146.28	0.0068364	1184.4	1531.0	4.8945	2.6572	3.4838	780.63	-0.00093687	2.5181e-05	0.10315	supercritical
558.00	507.00	146.02	0.0068486	1187.3	1534.5	4.9008	2.6607	3.4861	780.82	-0.0010034	2.5185e-05	0.10329	supercritical
559.00	507.00	145.76	0.0068608	1190.2	1538.0	4.9070	2.6642	3.4885	781.01	-0.0010700	2.5190e-05	0.10344	supercritical
560.00	507.00	145.50	0.0068730	1193.0	1541.5	4.9132	2.6677	3.4909	781.20	-0.0011365	2.5194e-05	0.10358	supercritical
561.00	507.00	145.24	0.0068852	1195.9	1545.0	4.9195	2.6712	3.4933	781.40	-0.0012030	2.5199e-05	0.10373	supercritical
562.00	507.00	144.98	0.0068974	1198.8	1548.5	4.9257	2.6747	3.4957	781.59	-0.0012694	2.5204e-05	0.10388	supercritical
563.00	507.00	144.73	0.0069096	1201.7	1552.0	4.9319	2.6782	3.4981	781.79	-0.0013358	2.5209e-05	0.10402	supercritical
564.00	507.00	144.47	0.0069218	1204.5	1555.5	4.9381	2.6816	3.5005	781.99	-0.0014022	2.5214e-05	0.10417	supercritical
565.00	507.00	144.22	0.0069339	1207.4	1559.0	4.9443	2.6851	3.5029	782.19	-0.0014686	2.5219e-05	0.10432	supercritical
566.00	507.00	143.97	0.0069461	1210.3	1562.5	4.9505	2.6886	3.5054	782.39	-0.0015349	2.5225e-05	0.10447	supercritical
567.00	507.00	143.71	0.0069583	1213.2	1566.0	4.9567	2.6921	3.5078	782.60	-0.0016011	2.5230e-05	0.10462	supercritical
568.00	507.00	143.46	0.0069705	1216.1	1569.5	4.9629	2.6956	3.5102	782.80	-0.0016674	2.5235e-05	0.10477	supercritical
569.00	507.00	143.21	0.0069826	1219.0	1573.0	4.9691	2.6991	3.5126	783.01	-0.0017335	2.5241e-05	0.10491	supercritical
570.00	507.00	142.96	0.0069948	1221.9	1576.5	4.9752	2.7026	3.5151	783.21	-0.0017997	2.5247e-05	0.10507	supercritical
571.00	507.00	142.72	0.0070070	1224.8	1580.0	4.9814	2.7061	3.5175	783.42	-0.0018657	2.5252e-05	0.10522	supercritical
572.00	507.00	142.47	0.0070191	1227.7	1583.6	4.9876	2.7095	3.5200	783.63	-0.0019317	2.5258e-05	0.10537	supercritical
573.00	507.00	142.22	0.0070313	1230.6	1587.1	4.9937	2.7130	3.5224	783.84	-0.0019977	2.5264e-05	0.10552	supercritical
574.00	507.00	141.98	0.0070434	1233.5	1590.6	4.9999	2.7165	3.5249	784.05	-0.0020636	2.5270e-05	0.10567	supercritical
575.00	507.00	141.73	0.0070555	1236.4	1594.1	5.0060	2.7200	3.5274	784.26	-0.0021294	2.5276e-05	0.10582	supercritical
576.00	507.00	141.49	0.0070677	1239.3	1597.7	5.0121	2.7235	3.5298	784.48	-0.0021952	2.5282e-05	0.10597	supercritical
577.00	507.00	141.25	0.0070798	1242.2	1601.2	5.0182	2.7270	3.5323	784.69	-0.0022609	2.5288e-05	0.10613	supercritical
578.00	507.00	141.01	0.0070919	1245.2	1604.7	5.0244	2.7304	3.5348	784.91	-0.0023265	2.5295e-05	0.10628	supercritical
579.00	507.00	140.76	0.0071041	1248.1	1608.3	5.0305	2.7339	3.5373	785.12	-0.0023920	2.5301e-05	0.10644	supercritical
580.00	507.00	140.52	0.0071162	1251.0	1611.8	5.0366	2.7374	3.5398	785.34	-0.0024575	2.5307e-05	0.10659	supercritical
581.00	507.00	140.29	0.0071283	1253.9	1615.3	5.0427	2.7409	3.5423	785.56	-0.0025229	2.5314e-05	0.10674	supercritical
582.00	507.00	140.05	0.0071404	1256.9	1618.9	5.0488	2.7444	3.5448	785.78	-0.0025882	2.5320e-05	0.10690	supercritical
583.00	507.00	139.81	0.0071525	1259.8	1622.4	5.0549	2.7478	3.5473	786.00	-0.0026535	2.5327e-05	0.10705	supercritical
584.00	507.00	139.57	0.0071646	1262.7	1626.0	5.0609	2.7513	3.5498	786.22	-0.0027186	2.5334e-05	0.10721	supercritical
585.00	507.00	139.34	0.0071767	1265.7	1629.5	5.0670	2.7548	3.5523	786.45	-0.0027837	2.5341e-05	0.10737	supercritical
586.00	507.00	139.10	0.0071888	1268.6	1633.1	5.0731	2.7583	3.5548	786.67	-0.0028487	2.5348e-05	0.10752	supercritical
587.00	507.00	138.87	0.0072009	1271.5	1636.6	5.0792	2.7618	3.5573	786.90	-0.0029136	2.5355e-05	0.10768	supercritical
588.00	507.00	138.64	0.0072130	1274.5	1640.2	5.0852	2.7652	3.5598	787.12	-0.0029784	2.5362e-05	0.10784	supercritical
589.00	507.00	138.41	0.0072251	1277.4	1643.8	5.0913	2.7687	3.5624	787.35	-0.0030431	2.5369e-05	0.10800	supercritical
590.00	507.00	138.18	0.0072372	1280.4	1647.3	5.0973	2.7722	3.5649	787.58	-0.0031078	2.5376e-05	0.10815	supercritical
591.00	507.00	137.95	0.0072493	1283.3	1650.9	5.1033	2.7757	3.5674	787.81	-0.0031723	2.5383e-05	0.10831	supercritical
592.00	507.00	137.72	0.0072613	1286.3	1654.5	5.1094	2.7791	3.5700	788.04	-0.0032367	2.5391e-05	0.10847	supercritical
593.00	507.00	137.49	0.0072734	1289.3	1658.0	5.1154	2.7826	3.5725	788.27	-0.0033011	2.5398e-05	0.10863	supercritical
594.00	507.00	137.26	0.0072855	1292.2	1661.6	5.1214	2.7861	3.5751	788.50	-0.0033653	2.5406e-05	0.10879	supercritical
595.00	507.00	137.03	0.0072975	1295.2	1665.2	5.1274	2.7896	3.5776	788.73	-0.0034294	2.5413e-05	0.10895	supercritical
596.00	507.00	136.81	0.0073096	1298.2	1668.8	5.1335	2.7930	3.5802	788.97	-0.0034935	2.5421e-05	0.10911	supercritical
597.00	507.00	136.58	0.0073216	1301.1	1672.3	5.1395	2.7965	3.5827	789.20	-0.0035574	2.5429e-05	0.10927	supercritical
598.00	507.00	136.36	0.0073337	1304.1	1675.9	5.1455	2.8000	3.5853	789.44	-0.0036212	2.5437e-05	0.10943	supercritical
599.00	507.00	136.13	0.0073457	1307.1	1679.5	5.1515	2.8034	3.5879	789.68	-0.0036849	2.5444e-05	0.10960	supercritical
600.00	507.00	135.91	0.0073578	1310.1	1683.1	5.1574	2.8069	3.5904	789.91	-0.0037485	2.5452e-05	0.10976	supercritical
601.00	507.00	135.69	0.0073698	1313.0	1686.7	5.1634	2.8104	3.5930	790.15	-0.0038120	2.5460e-05	0.10992	supercritical
602.00	507.00	135.47	0.0073818	1316.0	1690.3	5.1694	2.8138	3.5956	790.39	-0.0038754	2.5468e-05	0.11008	supercritical
603.00	507.00	135.25	0.0073939	1319.0	1693.9	5.1754	2.8173	3.5981	790.63	-0.0039387	2.5477e-05	0.11025	supercritical
604.00	507.00	135.03	0.0074059	1322.0	1697.5	5.1813	2.8207	3.6007	790.87	-0.0040018	2.5485e-05	0.11041	supercritical
605.00	507.00	134.81	0.0074179	1325.0	1701.1	5.1873	2.8242	3.6033	791.11	-0.0040649	2.5493e-05	0.11057	supercritical
606.00	507.00	134.59	0.0074299	1328.0	1704.7	5.1932	2.8277	3.6059	791.36	-0.0041278	2.5501e-05	0.11074	supercritical
607.00	507.00	134.37	0.0074419	1331.0	1708.3	5.1992	2.8311	3.6085	791.60	-0.0041906	2.5510e-05	0.11090	supercritical
608.00	507.00	134.16	0.0074540	1334.0	1711.9	5.2051	2.8346	3.6111	791.84	-0.0042533	2.5518e-05	0.11107	supercritical
609.00	507.00	133.94	0.0074660	1337.0	1715.5	5.2111	2.8380	3.6137	792.09	-0.0043159	2.5527e-05	0.11123	supercritical
610.00	507.00	133.73	0.0074780	1340.0	1719.1	5.2170	2.8415	3.6163	792.33	-0.0043783	2.5535e-05	0.11140	supercritical
611.00	507.00	133.51	0.0074900	1343.0	1722.7	5.2229	2.8450	3.6189	792.58	-0.0044407	2.5544e-05	0.11156	supercritical
612.00	507.00	133.30	0.0075019	1346.0	1726.4	5.2288	2.8484	3.6215	792.83	-0.0045029	2.5552e-05	0.11173	supercritical
613.00	507.00	133.09	0.0075139	1349.0	1730.0	5.2348	2.8519	3.6241	793.08	-0.0045649	2.5561e-05	0.11190	supercritical
614.00	507.00	132.87	0.0075259	1352.1	1733.6	5.2407	2.8553	3.6267	793.32	-0.0046269	2.5570e-05	0.11206	supercritical
615.00	507.00	132.66	0.0075379	1355.1	1737.2	5.2466	2.8588	3.6293	793.57	-0.0046887	2.5579e-05	0.11223	supercritical
616.00	507.00	132.45	0.0075499	1358.1	1740.9	5.2525	2.8622	3.6320	793.82	-0.0047504	2.5588e-05	0.11240	supercritical
617.00	507.00	132.24	0.0075619	1361.1	1744.5	5.2584	2.8657	3.6346	794.08	-0.0048120	2.5597e-05	0.11256	supercritical
618.00	507.00	132.03	0.0075738	1364.1	1748.1	5.2643	2.8691	3.6372	794.33	-0.0048734	2.5606e-05	0.11273	supercritical
619.00	507.00	131.83	0.0075858	1367.2	1751.8	5.2701	2.8726	3.6398	794.58	-0.0049348	2.5615e-05	0.11290	supercritical
620.00	507.00	131.62	0.0075978	1370.2	1755.4	5.2760	2.8760	3.6425	794.83	-0.0049959	2.5624e-05	0.11307	supercritical
621.00	507.00	131.41	0.0076097	1373.3	1759.1	5.2819	2.8794	3.6451	795.09	-0.0050570	2.5633e-05	0.11324	supercritical
622.00	507.00	131.20	0.0076217	1376.3	1762.7	5.2878	2.8829	3.6477	795.34	-0.0051179	2.5643e-05	0.11341	supercritical
623.00	507.00	131.00	0.0076336	1379.3	1766.4	5.2936	2.8863	3.6504	795.60	-0.0051787	2.5652e-05	0.11358	supercritical
624.00	507.00	130.79	0.0076456	1382.4	1770.0	5.2995	2.8898	3.6530	795.85	-0.0052394	2.5661e-05	0.11375	supercritical
625.00	507.00	130.59	0.0076575	1385.4	1773.7	5.3053	2.8932	3.6557	796.11	-0.0052999	2.5671e-05	0.11392	supercritical
