Temperature (K)	Pressure (bar)	Density (kg/m3)	Volume (m3/kg)	Internal Energy (kJ/kg)	Enthalpy (kJ/kg)	Entropy (J/g*K)	Cv (J/g*K)	Cp (J/g*K)	Sound Spd. (m/s)	Joule-Thomson (K/bar)	Viscosity (Pa*s)	Therm. Cond. (W/m*K)	Phase
103.00	492.00	464.84	0.0021513	-56.127	49.716	-0.56293	2.2033	3.2173	1732.5	-0.051794	0.00023802	0.23798	liquid
104.00	492.00	463.82	0.0021560	-53.142	52.934	-0.53185	2.1989	3.2172	1726.3	-0.051734	0.00023087	0.23697	liquid
105.00	492.00	462.80	0.0021607	-50.158	56.151	-0.50106	2.1946	3.2172	1720.2	-0.051672	0.00022413	0.23594	liquid
106.00	492.00	461.79	0.0021655	-47.175	59.368	-0.47057	2.1903	3.2172	1714.0	-0.051608	0.00021776	0.23491	liquid
107.00	492.00	460.77	0.0021703	-44.193	62.585	-0.44036	2.1860	3.2172	1707.8	-0.051542	0.00021175	0.23387	liquid
108.00	492.00	459.75	0.0021751	-41.211	65.802	-0.41043	2.1818	3.2172	1701.6	-0.051475	0.00020605	0.23283	liquid
109.00	492.00	458.74	0.0021799	-38.231	69.020	-0.38078	2.1776	3.2172	1695.5	-0.051406	0.00020066	0.23178	liquid
110.00	492.00	457.72	0.0021847	-35.252	72.237	-0.35140	2.1734	3.2172	1689.3	-0.051336	0.00019554	0.23072	liquid
111.00	492.00	456.71	0.0021896	-32.274	75.454	-0.32228	2.1693	3.2172	1683.1	-0.051265	0.00019068	0.22965	liquid
112.00	492.00	455.69	0.0021945	-29.297	78.671	-0.29343	2.1652	3.2172	1677.0	-0.051192	0.00018606	0.22859	liquid
113.00	492.00	454.68	0.0021994	-26.320	81.888	-0.26483	2.1611	3.2172	1670.8	-0.051117	0.00018166	0.22752	liquid
114.00	492.00	453.66	0.0022043	-23.345	85.105	-0.23649	2.1571	3.2172	1664.6	-0.051041	0.00017747	0.22644	liquid
115.00	492.00	452.65	0.0022092	-20.371	88.323	-0.20839	2.1530	3.2172	1658.5	-0.050964	0.00017347	0.22536	liquid
116.00	492.00	451.63	0.0022142	-17.398	91.540	-0.18054	2.1490	3.2172	1652.3	-0.050885	0.00016965	0.22428	liquid
117.00	492.00	450.62	0.0022192	-14.427	94.757	-0.15292	2.1451	3.2172	1646.2	-0.050805	0.00016600	0.22319	liquid
118.00	492.00	449.60	0.0022242	-11.456	97.974	-0.12554	2.1411	3.2171	1640.1	-0.050724	0.00016251	0.22211	liquid
119.00	492.00	448.59	0.0022292	-8.4863	101.19	-0.098391	2.1372	3.2171	1633.9	-0.050641	0.00015916	0.22102	liquid
120.00	492.00	447.57	0.0022343	-5.5179	104.41	-0.071470	2.1333	3.2171	1627.8	-0.050556	0.00015596	0.21993	liquid
121.00	492.00	446.56	0.0022393	-2.5506	107.63	-0.044772	2.1294	3.2170	1621.7	-0.050470	0.00015288	0.21884	liquid
122.00	492.00	445.54	0.0022444	0.41547	110.84	-0.018295	2.1255	3.2170	1615.6	-0.050383	0.00014993	0.21775	liquid
123.00	492.00	444.53	0.0022496	3.3803	114.06	0.0079660	2.1217	3.2169	1609.5	-0.050294	0.00014709	0.21665	liquid
124.00	492.00	443.51	0.0022547	6.3440	117.28	0.034014	2.1179	3.2169	1603.5	-0.050204	0.00014436	0.21556	liquid
125.00	492.00	442.50	0.0022599	9.3064	120.49	0.059852	2.1141	3.2168	1597.4	-0.050112	0.00014174	0.21447	liquid
126.00	492.00	441.48	0.0022651	12.268	123.71	0.085484	2.1103	3.2167	1591.3	-0.050019	0.00013920	0.21338	liquid
127.00	492.00	440.47	0.0022703	15.227	126.93	0.11091	2.1066	3.2166	1585.3	-0.049924	0.00013676	0.21228	liquid
128.00	492.00	439.45	0.0022755	18.186	130.14	0.13614	2.1029	3.2166	1579.3	-0.049827	0.00013441	0.21119	liquid
129.00	492.00	438.44	0.0022808	21.143	133.36	0.16117	2.0992	3.2165	1573.3	-0.049729	0.00013214	0.21010	liquid
130.00	492.00	437.42	0.0022861	24.099	136.58	0.18601	2.0955	3.2164	1567.3	-0.049629	0.00012994	0.20902	liquid
131.00	492.00	436.41	0.0022914	27.054	139.79	0.21066	2.0919	3.2163	1561.3	-0.049527	0.00012782	0.20793	liquid
132.00	492.00	435.39	0.0022968	30.007	143.01	0.23511	2.0882	3.2162	1555.3	-0.049424	0.00012576	0.20684	liquid
133.00	492.00	434.38	0.0023021	32.959	146.22	0.25939	2.0846	3.2161	1549.4	-0.049319	0.00012378	0.20576	liquid
134.00	492.00	433.36	0.0023075	35.910	149.44	0.28348	2.0811	3.2161	1543.4	-0.049213	0.00012185	0.20468	liquid
135.00	492.00	432.35	0.0023130	38.859	152.66	0.30739	2.0775	3.2160	1537.5	-0.049104	0.00011999	0.20360	liquid
136.00	492.00	431.33	0.0023184	41.807	155.87	0.33112	2.0740	3.2159	1531.6	-0.048994	0.00011818	0.20252	liquid
137.00	492.00	430.31	0.0023239	44.753	159.09	0.35468	2.0705	3.2158	1525.7	-0.048882	0.00011642	0.20145	liquid
138.00	492.00	429.30	0.0023294	47.699	162.30	0.37807	2.0670	3.2157	1519.8	-0.048768	0.00011472	0.20038	liquid
139.00	492.00	428.28	0.0023349	50.642	165.52	0.40129	2.0636	3.2156	1513.9	-0.048652	0.00011306	0.19931	liquid
140.00	492.00	427.26	0.0023405	53.584	168.74	0.42434	2.0602	3.2156	1508.1	-0.048535	0.00011146	0.19825	liquid
141.00	492.00	426.25	0.0023461	56.525	171.95	0.44723	2.0568	3.2155	1502.2	-0.048415	0.00010989	0.19719	liquid
142.00	492.00	425.23	0.0023517	59.465	175.17	0.46995	2.0534	3.2154	1496.4	-0.048294	0.00010837	0.19613	liquid
143.00	492.00	424.21	0.0023573	62.402	178.38	0.49251	2.0501	3.2153	1490.6	-0.048171	0.00010689	0.19508	liquid
144.00	492.00	423.19	0.0023630	65.339	181.60	0.51492	2.0467	3.2153	1484.9	-0.048045	0.00010545	0.19402	liquid
145.00	492.00	422.18	0.0023687	68.274	184.81	0.53717	2.0435	3.2152	1479.1	-0.047918	0.00010405	0.19298	liquid
146.00	492.00	421.16	0.0023744	71.207	188.03	0.55927	2.0402	3.2152	1473.3	-0.047789	0.00010268	0.19194	liquid
147.00	492.00	420.14	0.0023802	74.139	191.24	0.58122	2.0370	3.2151	1467.6	-0.047657	0.00010135	0.19090	liquid
148.00	492.00	419.12	0.0023859	77.070	194.46	0.60301	2.0338	3.2151	1461.9	-0.047524	0.00010005	0.18986	liquid
149.00	492.00	418.10	0.0023917	79.999	197.67	0.62466	2.0306	3.2150	1456.2	-0.047388	9.8786e-05	0.18883	liquid
150.00	492.00	417.09	0.0023976	82.927	200.89	0.64617	2.0275	3.2150	1450.5	-0.047251	9.7550e-05	0.18781	liquid
151.00	492.00	416.07	0.0024035	85.853	204.10	0.66753	2.0243	3.2150	1444.9	-0.047111	9.6344e-05	0.18678	liquid
152.00	492.00	415.05	0.0024094	88.778	207.32	0.68875	2.0213	3.2150	1439.3	-0.046969	9.5166e-05	0.18577	liquid
153.00	492.00	414.03	0.0024153	91.701	210.53	0.70983	2.0182	3.2150	1433.6	-0.046825	9.4015e-05	0.18476	liquid
154.00	492.00	413.01	0.0024213	94.622	213.75	0.73078	2.0152	3.2150	1428.0	-0.046679	9.2891e-05	0.18375	liquid
155.00	492.00	411.99	0.0024272	97.542	216.96	0.75159	2.0122	3.2150	1422.5	-0.046531	9.1792e-05	0.18275	liquid
156.00	492.00	410.97	0.0024333	100.46	220.18	0.77226	2.0092	3.2150	1416.9	-0.046380	9.0718e-05	0.18175	liquid
157.00	492.00	409.95	0.0024393	103.38	223.39	0.79281	2.0063	3.2150	1411.4	-0.046227	8.9668e-05	0.18075	liquid
158.00	492.00	408.93	0.0024454	106.29	226.61	0.81322	2.0034	3.2151	1405.8	-0.046072	8.8641e-05	0.17977	liquid
159.00	492.00	407.91	0.0024515	109.21	229.82	0.83350	2.0005	3.2151	1400.3	-0.045915	8.7635e-05	0.17878	liquid
160.00	492.00	406.89	0.0024577	112.12	233.04	0.85366	1.9976	3.2152	1394.9	-0.045755	8.6652e-05	0.17781	liquid
161.00	492.00	405.87	0.0024639	115.03	236.25	0.87369	1.9948	3.2152	1389.4	-0.045594	8.5689e-05	0.17683	liquid
162.00	492.00	404.85	0.0024701	117.94	239.47	0.89360	1.9920	3.2153	1384.0	-0.045430	8.4745e-05	0.17587	liquid
163.00	492.00	403.82	0.0024763	120.85	242.68	0.91339	1.9893	3.2154	1378.6	-0.045263	8.3822e-05	0.17490	liquid
164.00	492.00	402.80	0.0024826	123.76	245.90	0.93305	1.9866	3.2155	1373.2	-0.045094	8.2917e-05	0.17395	liquid
165.00	492.00	401.78	0.0024889	126.66	249.11	0.95260	1.9839	3.2156	1367.8	-0.044923	8.2030e-05	0.17300	liquid
166.00	492.00	400.76	0.0024953	129.56	252.33	0.97203	1.9812	3.2157	1362.4	-0.044750	8.1161e-05	0.17205	liquid
167.00	492.00	399.74	0.0025016	132.47	255.55	0.99135	1.9786	3.2158	1357.1	-0.044574	8.0310e-05	0.17111	liquid
168.00	492.00	398.71	0.0025081	135.37	258.76	1.0105	1.9760	3.2159	1351.8	-0.044396	7.9475e-05	0.17017	liquid
169.00	492.00	397.69	0.0025145	138.26	261.98	1.0296	1.9734	3.2160	1346.5	-0.044216	7.8656e-05	0.16925	liquid
170.00	492.00	396.67	0.0025210	141.16	265.19	1.0486	1.9708	3.2162	1341.2	-0.044033	7.7852e-05	0.16832	liquid
171.00	492.00	395.65	0.0025275	144.06	268.41	1.0675	1.9683	3.2164	1336.0	-0.043848	7.7064e-05	0.16740	liquid
172.00	492.00	394.62	0.0025341	146.95	271.63	1.0862	1.9659	3.2165	1330.7	-0.043660	7.6291e-05	0.16649	liquid
173.00	492.00	393.60	0.0025406	149.84	274.84	1.1049	1.9634	3.2167	1325.5	-0.043470	7.5532e-05	0.16558	liquid
174.00	492.00	392.58	0.0025473	152.74	278.06	1.1234	1.9610	3.2169	1320.4	-0.043278	7.4787e-05	0.16468	liquid
175.00	492.00	391.56	0.0025539	155.62	281.28	1.1418	1.9586	3.2171	1315.2	-0.043083	7.4056e-05	0.16379	liquid
176.00	492.00	390.53	0.0025606	158.51	284.49	1.1602	1.9563	3.2173	1310.1	-0.042886	7.3338e-05	0.16290	liquid
177.00	492.00	389.51	0.0025673	161.40	287.71	1.1784	1.9539	3.2175	1304.9	-0.042686	7.2633e-05	0.16202	liquid
178.00	492.00	388.49	0.0025741	164.28	290.93	1.1965	1.9516	3.2177	1299.9	-0.042484	7.1940e-05	0.16114	liquid
179.00	492.00	387.46	0.0025809	167.17	294.15	1.2146	1.9494	3.2179	1294.8	-0.042279	7.1260e-05	0.16027	liquid
180.00	492.00	386.44	0.0025877	170.05	297.37	1.2325	1.9472	3.2182	1289.7	-0.042072	7.0591e-05	0.15940	liquid
181.00	492.00	385.41	0.0025946	172.93	300.58	1.2503	1.9450	3.2184	1284.7	-0.041863	6.9935e-05	0.15854	liquid
182.00	492.00	384.39	0.0026015	175.81	303.80	1.2681	1.9428	3.2187	1279.7	-0.041651	6.9289e-05	0.15769	liquid
183.00	492.00	383.37	0.0026085	178.68	307.02	1.2857	1.9407	3.2190	1274.7	-0.041437	6.8655e-05	0.15684	liquid
184.00	492.00	382.34	0.0026154	181.56	310.24	1.3032	1.9386	3.2192	1269.8	-0.041220	6.8031e-05	0.15600	liquid
185.00	492.00	381.32	0.0026225	184.43	313.46	1.3207	1.9365	3.2195	1264.8	-0.041001	6.7418e-05	0.15516	liquid
186.00	492.00	380.30	0.0026295	187.31	316.68	1.3380	1.9345	3.2198	1259.9	-0.040779	6.6815e-05	0.15433	liquid
187.00	492.00	379.27	0.0026366	190.18	319.90	1.3553	1.9325	3.2201	1255.1	-0.040555	6.6222e-05	0.15351	liquid
188.00	492.00	378.25	0.0026438	193.05	323.12	1.3725	1.9305	3.2204	1250.2	-0.040329	6.5639e-05	0.15270	liquid
189.00	492.00	377.23	0.0026509	195.91	326.34	1.3896	1.9286	3.2207	1245.4	-0.040100	6.5066e-05	0.15189	liquid
190.00	492.00	376.20	0.0026581	198.78	329.56	1.4066	1.9267	3.2210	1240.6	-0.039869	6.4501e-05	0.15108	liquid
191.00	492.00	375.18	0.0026654	201.64	332.78	1.4235	1.9248	3.2214	1235.8	-0.039635	6.3946e-05	0.15028	supercritical
192.00	492.00	374.16	0.0026727	204.51	336.00	1.4403	1.9229	3.2217	1231.0	-0.039399	6.3400e-05	0.14949	supercritical
193.00	492.00	373.13	0.0026800	207.37	339.23	1.4570	1.9211	3.2221	1226.3	-0.039161	6.2863e-05	0.14870	supercritical
194.00	492.00	372.11	0.0026874	210.23	342.45	1.4737	1.9193	3.2224	1221.5	-0.038920	6.2334e-05	0.14791	supercritical
195.00	492.00	371.09	0.0026948	213.09	345.67	1.4903	1.9176	3.2228	1216.9	-0.038677	6.1813e-05	0.14714	supercritical
196.00	492.00	370.06	0.0027022	215.94	348.89	1.5067	1.9159	3.2231	1212.2	-0.038431	6.1301e-05	0.14637	supercritical
197.00	492.00	369.04	0.0027097	218.80	352.12	1.5231	1.9142	3.2235	1207.6	-0.038183	6.0796e-05	0.14560	supercritical
198.00	492.00	368.02	0.0027173	221.65	355.34	1.5395	1.9126	3.2239	1202.9	-0.037933	6.0299e-05	0.14484	supercritical
199.00	492.00	367.00	0.0027248	224.50	358.56	1.5557	1.9109	3.2242	1198.4	-0.037681	5.9810e-05	0.14409	supercritical
200.00	492.00	365.97	0.0027324	227.35	361.79	1.5719	1.9094	3.2246	1193.8	-0.037426	5.9329e-05	0.14334	supercritical
201.00	492.00	364.95	0.0027401	230.20	365.01	1.5880	1.9078	3.2250	1189.2	-0.037169	5.8855e-05	0.14260	supercritical
202.00	492.00	363.93	0.0027478	233.05	368.24	1.6040	1.9063	3.2254	1184.7	-0.036910	5.8388e-05	0.14187	supercritical
203.00	492.00	362.91	0.0027555	235.89	371.46	1.6199	1.9048	3.2258	1180.2	-0.036648	5.7927e-05	0.14114	supercritical
204.00	492.00	361.89	0.0027633	238.74	374.69	1.6357	1.9033	3.2262	1175.8	-0.036384	5.7474e-05	0.14042	supercritical
205.00	492.00	360.87	0.0027711	241.58	377.92	1.6515	1.9019	3.2266	1171.3	-0.036118	5.7028e-05	0.13970	supercritical
206.00	492.00	359.85	0.0027789	244.42	381.14	1.6672	1.9005	3.2270	1166.9	-0.035850	5.6588e-05	0.13899	supercritical
207.00	492.00	358.83	0.0027868	247.26	384.37	1.6828	1.8992	3.2274	1162.6	-0.035579	5.6155e-05	0.13829	supercritical
208.00	492.00	357.81	0.0027948	250.10	387.60	1.6984	1.8979	3.2278	1158.2	-0.035307	5.5728e-05	0.13759	supercritical
209.00	492.00	356.79	0.0028027	252.93	390.83	1.7139	1.8966	3.2282	1153.9	-0.035032	5.5307e-05	0.13690	supercritical
210.00	492.00	355.78	0.0028108	255.77	394.05	1.7293	1.8953	3.2286	1149.6	-0.034755	5.4892e-05	0.13621	supercritical
211.00	492.00	354.76	0.0028188	258.60	397.28	1.7446	1.8941	3.2290	1145.3	-0.034476	5.4484e-05	0.13553	supercritical
212.00	492.00	353.74	0.0028269	261.43	400.51	1.7599	1.8929	3.2294	1141.0	-0.034195	5.4081e-05	0.13486	supercritical
213.00	492.00	352.72	0.0028351	264.26	403.74	1.7751	1.8917	3.2299	1136.8	-0.033913	5.3684e-05	0.13419	supercritical
214.00	492.00	351.71	0.0028433	267.08	406.97	1.7902	1.8906	3.2303	1132.6	-0.033628	5.3292e-05	0.13353	supercritical
215.00	492.00	350.69	0.0028515	269.91	410.20	1.8053	1.8895	3.2307	1128.4	-0.033341	5.2907e-05	0.13287	supercritical
216.00	492.00	349.68	0.0028598	272.73	413.43	1.8203	1.8884	3.2311	1124.3	-0.033052	5.2526e-05	0.13222	supercritical
217.00	492.00	348.66	0.0028681	275.56	416.67	1.8352	1.8874	3.2315	1120.2	-0.032761	5.2151e-05	0.13157	supercritical
218.00	492.00	347.65	0.0028764	278.38	419.90	1.8501	1.8864	3.2319	1116.1	-0.032468	5.1781e-05	0.13094	supercritical
219.00	492.00	346.64	0.0028848	281.19	423.13	1.8649	1.8854	3.2323	1112.0	-0.032174	5.1417e-05	0.13030	supercritical
220.00	492.00	345.63	0.0028933	284.01	426.36	1.8796	1.8845	3.2328	1108.0	-0.031878	5.1057e-05	0.12968	supercritical
221.00	492.00	344.62	0.0029018	286.83	429.59	1.8942	1.8836	3.2332	1103.9	-0.031580	5.0702e-05	0.12905	supercritical
222.00	492.00	343.61	0.0029103	289.64	432.83	1.9088	1.8827	3.2336	1100.0	-0.031280	5.0353e-05	0.12844	supercritical
223.00	492.00	342.60	0.0029189	292.45	436.06	1.9234	1.8819	3.2340	1096.0	-0.030978	5.0008e-05	0.12783	supercritical
224.00	492.00	341.59	0.0029275	295.26	439.30	1.9378	1.8811	3.2344	1092.1	-0.030675	4.9668e-05	0.12723	supercritical
225.00	492.00	340.58	0.0029362	298.07	442.53	1.9523	1.8803	3.2348	1088.2	-0.030371	4.9332e-05	0.12663	supercritical
226.00	492.00	339.57	0.0029449	300.88	445.77	1.9666	1.8795	3.2352	1084.3	-0.030064	4.9001e-05	0.12604	supercritical
227.00	492.00	338.57	0.0029536	303.68	449.00	1.9809	1.8788	3.2355	1080.5	-0.029756	4.8675e-05	0.12545	supercritical
228.00	492.00	337.56	0.0029624	306.49	452.24	1.9951	1.8781	3.2359	1076.6	-0.029447	4.8353e-05	0.12487	supercritical
229.00	492.00	336.56	0.0029712	309.29	455.47	2.0093	1.8775	3.2363	1072.8	-0.029136	4.8035e-05	0.12430	supercritical
230.00	492.00	335.56	0.0029801	312.09	458.71	2.0234	1.8769	3.2367	1069.1	-0.028824	4.7721e-05	0.12373	supercritical
231.00	492.00	334.55	0.0029891	314.88	461.95	2.0374	1.8763	3.2370	1065.3	-0.028510	4.7412e-05	0.12316	supercritical
232.00	492.00	333.55	0.0029980	317.68	465.18	2.0514	1.8757	3.2374	1061.6	-0.028195	4.7107e-05	0.12261	supercritical
233.00	492.00	332.55	0.0030070	320.47	468.42	2.0653	1.8752	3.2378	1058.0	-0.027879	4.6806e-05	0.12205	supercritical
234.00	492.00	331.56	0.0030161	323.27	471.66	2.0792	1.8747	3.2381	1054.3	-0.027562	4.6508e-05	0.12151	supercritical
235.00	492.00	330.56	0.0030252	326.06	474.90	2.0930	1.8743	3.2384	1050.7	-0.027243	4.6215e-05	0.12097	supercritical
236.00	492.00	329.56	0.0030343	328.85	478.14	2.1068	1.8738	3.2388	1047.1	-0.026923	4.5926e-05	0.12043	supercritical
237.00	492.00	328.57	0.0030435	331.63	481.37	2.1204	1.8734	3.2391	1043.5	-0.026602	4.5640e-05	0.11990	supercritical
238.00	492.00	327.58	0.0030527	334.42	484.61	2.1341	1.8731	3.2394	1040.0	-0.026280	4.5359e-05	0.11938	supercritical
239.00	492.00	326.58	0.0030620	337.20	487.85	2.1477	1.8727	3.2397	1036.5	-0.025957	4.5080e-05	0.11886	supercritical
240.00	492.00	325.59	0.0030713	339.98	491.09	2.1612	1.8724	3.2400	1033.0	-0.025633	4.4806e-05	0.11835	supercritical
241.00	492.00	324.60	0.0030807	342.76	494.33	2.1747	1.8721	3.2403	1029.5	-0.025309	4.4535e-05	0.11784	supercritical
242.00	492.00	323.62	0.0030901	345.54	497.57	2.1881	1.8719	3.2406	1026.1	-0.024983	4.4268e-05	0.11734	supercritical
243.00	492.00	322.63	0.0030995	348.32	500.81	2.2015	1.8717	3.2409	1022.7	-0.024657	4.4004e-05	0.11684	supercritical
244.00	492.00	321.65	0.0031090	351.09	504.06	2.2148	1.8715	3.2412	1019.3	-0.024329	4.3743e-05	0.11635	supercritical
245.00	492.00	320.66	0.0031185	353.86	507.30	2.2280	1.8714	3.2414	1016.0	-0.024002	4.3486e-05	0.11587	supercritical
246.00	492.00	319.68	0.0031281	356.64	510.54	2.2412	1.8712	3.2417	1012.7	-0.023673	4.3232e-05	0.11539	supercritical
247.00	492.00	318.70	0.0031377	359.40	513.78	2.2544	1.8711	3.2419	1009.4	-0.023344	4.2982e-05	0.11491	supercritical
248.00	492.00	317.72	0.0031474	362.17	517.02	2.2675	1.8711	3.2422	1006.1	-0.023015	4.2734e-05	0.11444	supercritical
249.00	492.00	316.75	0.0031571	364.94	520.26	2.2805	1.8711	3.2424	1002.9	-0.022685	4.2490e-05	0.11398	supercritical
250.00	492.00	315.77	0.0031668	367.70	523.51	2.2935	1.8711	3.2426	999.67	-0.022354	4.2249e-05	0.11352	supercritical
251.00	492.00	314.80	0.0031766	370.46	526.75	2.3065	1.8711	3.2428	996.49	-0.022023	4.2011e-05	0.11307	supercritical
252.00	492.00	313.83	0.0031865	373.22	529.99	2.3194	1.8711	3.2430	993.34	-0.021692	4.1776e-05	0.11262	supercritical
253.00	492.00	312.86	0.0031963	375.98	533.24	2.3322	1.8712	3.2431	990.22	-0.021361	4.1544e-05	0.11217	supercritical
254.00	492.00	311.89	0.0032063	378.73	536.48	2.3450	1.8714	3.2433	987.13	-0.021030	4.1315e-05	0.11174	supercritical
255.00	492.00	310.92	0.0032162	381.48	539.72	2.3577	1.8715	3.2435	984.07	-0.020698	4.1089e-05	0.11130	supercritical
256.00	492.00	309.96	0.0032262	384.24	542.97	2.3704	1.8717	3.2436	981.03	-0.020366	4.0865e-05	0.11088	supercritical
257.00	492.00	309.00	0.0032363	386.99	546.21	2.3831	1.8719	3.2437	978.02	-0.020034	4.0645e-05	0.11045	supercritical
258.00	492.00	308.04	0.0032463	389.73	549.45	2.3957	1.8721	3.2438	975.04	-0.019703	4.0427e-05	0.11004	supercritical
259.00	492.00	307.08	0.0032565	392.48	552.70	2.4082	1.8724	3.2440	972.09	-0.019371	4.0213e-05	0.10962	supercritical
260.00	492.00	306.12	0.0032666	395.22	555.94	2.4207	1.8727	3.2441	969.17	-0.019040	4.0000e-05	0.10922	supercritical
261.00	492.00	305.17	0.0032768	397.96	559.19	2.4332	1.8730	3.2441	966.27	-0.018709	3.9791e-05	0.10881	supercritical
262.00	492.00	304.22	0.0032871	400.70	562.43	2.4456	1.8734	3.2442	963.40	-0.018378	3.9584e-05	0.10842	supercritical
263.00	492.00	303.27	0.0032974	403.44	565.67	2.4579	1.8737	3.2443	960.56	-0.018047	3.9380e-05	0.10802	supercritical
264.00	492.00	302.32	0.0033077	406.18	568.92	2.4703	1.8741	3.2443	957.74	-0.017717	3.9178e-05	0.10764	supercritical
265.00	492.00	301.38	0.0033181	408.91	572.16	2.4825	1.8746	3.2443	954.96	-0.017387	3.8979e-05	0.10725	supercritical
266.00	492.00	300.44	0.0033285	411.64	575.41	2.4947	1.8750	3.2444	952.20	-0.017058	3.8782e-05	0.10688	supercritical
267.00	492.00	299.49	0.0033390	414.37	578.65	2.5069	1.8755	3.2444	949.46	-0.016729	3.8588e-05	0.10650	supercritical
268.00	492.00	298.56	0.0033495	417.10	581.90	2.5190	1.8761	3.2444	946.76	-0.016401	3.8396e-05	0.10614	supercritical
269.00	492.00	297.62	0.0033600	419.83	585.14	2.5311	1.8766	3.2444	944.08	-0.016073	3.8207e-05	0.10577	supercritical
270.00	492.00	296.69	0.0033706	422.55	588.38	2.5432	1.8772	3.2443	941.43	-0.015747	3.8020e-05	0.10541	supercritical
271.00	492.00	295.76	0.0033812	425.28	591.63	2.5552	1.8778	3.2443	938.80	-0.015421	3.7835e-05	0.10506	supercritical
272.00	492.00	294.83	0.0033918	428.00	594.87	2.5671	1.8784	3.2443	936.20	-0.015096	3.7653e-05	0.10471	supercritical
273.00	492.00	293.90	0.0034025	430.71	598.12	2.5790	1.8791	3.2442	933.63	-0.014771	3.7473e-05	0.10437	supercritical
274.00	492.00	292.98	0.0034132	433.43	601.36	2.5909	1.8798	3.2441	931.09	-0.014448	3.7295e-05	0.10403	supercritical
275.00	492.00	292.06	0.0034240	436.14	604.61	2.6027	1.8805	3.2440	928.57	-0.014126	3.7119e-05	0.10369	supercritical
276.00	492.00	291.14	0.0034348	438.86	607.85	2.6145	1.8812	3.2439	926.08	-0.013805	3.6946e-05	0.10336	supercritical
277.00	492.00	290.22	0.0034456	441.57	611.09	2.6262	1.8820	3.2438	923.61	-0.013485	3.6775e-05	0.10303	supercritical
278.00	492.00	289.31	0.0034565	444.28	614.34	2.6379	1.8828	3.2437	921.17	-0.013166	3.6606e-05	0.10271	supercritical
279.00	492.00	288.40	0.0034674	446.98	617.58	2.6495	1.8836	3.2436	918.76	-0.012848	3.6439e-05	0.10239	supercritical
280.00	492.00	287.49	0.0034784	449.69	620.82	2.6611	1.8844	3.2434	916.37	-0.012532	3.6274e-05	0.10208	supercritical
281.00	492.00	286.58	0.0034894	452.39	624.07	2.6727	1.8853	3.2433	914.01	-0.012217	3.6111e-05	0.10177	supercritical
282.00	492.00	285.68	0.0035004	455.09	627.31	2.6842	1.8862	3.2431	911.68	-0.011903	3.5950e-05	0.10147	supercritical
283.00	492.00	284.78	0.0035115	457.79	630.55	2.6957	1.8871	3.2430	909.37	-0.011590	3.5791e-05	0.10117	supercritical
284.00	492.00	283.88	0.0035226	460.49	633.80	2.7071	1.8881	3.2428	907.08	-0.011280	3.5635e-05	0.10087	supercritical
285.00	492.00	282.99	0.0035337	463.18	637.04	2.7185	1.8890	3.2426	904.82	-0.010970	3.5480e-05	0.10058	supercritical
286.00	492.00	282.10	0.0035449	465.87	640.28	2.7299	1.8900	3.2424	902.59	-0.010663	3.5327e-05	0.10029	supercritical
287.00	492.00	281.21	0.0035561	468.57	643.52	2.7412	1.8911	3.2422	900.38	-0.010356	3.5176e-05	0.10001	supercritical
288.00	492.00	280.32	0.0035673	471.25	646.77	2.7525	1.8921	3.2419	898.20	-0.010052	3.5027e-05	0.099733	supercritical
289.00	492.00	279.44	0.0035786	473.94	650.01	2.7637	1.8932	3.2417	896.04	-0.0097492	3.4880e-05	0.099458	supercritical
290.00	492.00	278.56	0.0035899	476.63	653.25	2.7749	1.8943	3.2415	893.90	-0.0094482	3.4734e-05	0.099188	supercritical
291.00	492.00	277.68	0.0036012	479.31	656.49	2.7861	1.8954	3.2412	891.79	-0.0091490	3.4591e-05	0.098921	supercritical
292.00	492.00	276.81	0.0036126	481.99	659.73	2.7972	1.8965	3.2410	889.71	-0.0088516	3.4449e-05	0.098659	supercritical
293.00	492.00	275.94	0.0036240	484.67	662.97	2.8083	1.8977	3.2407	887.65	-0.0085561	3.4309e-05	0.098400	supercritical
294.00	492.00	275.07	0.0036354	487.35	666.21	2.8193	1.8989	3.2404	885.61	-0.0082626	3.4171e-05	0.098146	supercritical
295.00	492.00	274.20	0.0036469	490.03	669.45	2.8303	1.9001	3.2401	883.60	-0.0079710	3.4034e-05	0.097896	supercritical
296.00	492.00	273.34	0.0036584	492.70	672.69	2.8413	1.9014	3.2398	881.61	-0.0076815	3.3899e-05	0.097649	supercritical
297.00	492.00	272.48	0.0036700	495.37	675.93	2.8522	1.9026	3.2395	879.64	-0.0073940	3.3766e-05	0.097407	supercritical
298.00	492.00	271.63	0.0036815	498.04	679.17	2.8631	1.9039	3.2392	877.70	-0.0071086	3.3635e-05	0.097168	supercritical
299.00	492.00	270.77	0.0036931	500.71	682.41	2.8740	1.9052	3.2389	875.78	-0.0068253	3.3505e-05	0.096933	supercritical
300.00	492.00	269.92	0.0037047	503.38	685.65	2.8848	1.9066	3.2386	873.89	-0.0065442	3.3377e-05	0.096702	supercritical
301.00	492.00	269.08	0.0037164	506.04	688.89	2.8956	1.9079	3.2383	872.01	-0.0062654	3.3250e-05	0.096474	supercritical
302.00	492.00	268.23	0.0037281	508.71	692.13	2.9063	1.9093	3.2380	870.16	-0.0059887	3.3126e-05	0.096250	supercritical
303.00	492.00	267.39	0.0037398	511.37	695.36	2.9170	1.9107	3.2376	868.34	-0.0057143	3.3002e-05	0.096030	supercritical
304.00	492.00	266.56	0.0037516	514.03	698.60	2.9277	1.9122	3.2373	866.53	-0.0054423	3.2880e-05	0.095814	supercritical
305.00	492.00	265.72	0.0037633	516.68	701.84	2.9383	1.9136	3.2369	864.75	-0.0051725	3.2760e-05	0.095601	supercritical
306.00	492.00	264.89	0.0037751	519.34	705.08	2.9489	1.9151	3.2366	862.99	-0.0049052	3.2641e-05	0.095392	supercritical
307.00	492.00	264.06	0.0037870	521.99	708.31	2.9594	1.9166	3.2362	861.25	-0.0046402	3.2524e-05	0.095187	supercritical
308.00	492.00	263.24	0.0037988	524.65	711.55	2.9700	1.9181	3.2359	859.54	-0.0043777	3.2408e-05	0.094985	supercritical
309.00	492.00	262.42	0.0038107	527.30	714.78	2.9805	1.9196	3.2355	857.84	-0.0041177	3.2294e-05	0.094786	supercritical
310.00	492.00	261.60	0.0038226	529.95	718.02	2.9909	1.9212	3.2352	856.17	-0.0038601	3.2181e-05	0.094591	supercritical
311.00	492.00	260.79	0.0038346	532.59	721.25	3.0013	1.9228	3.2348	854.52	-0.0036051	3.2070e-05	0.094399	supercritical
312.00	492.00	259.97	0.0038465	535.24	724.49	3.0117	1.9244	3.2344	852.89	-0.0033526	3.1960e-05	0.094211	supercritical
313.00	492.00	259.17	0.0038585	537.88	727.72	3.0221	1.9260	3.2340	851.28	-0.0031026	3.1851e-05	0.094026	supercritical
314.00	492.00	258.36	0.0038705	540.53	730.96	3.0324	1.9276	3.2337	849.69	-0.0028553	3.1744e-05	0.093845	supercritical
315.00	492.00	257.56	0.0038826	543.17	734.19	3.0427	1.9293	3.2333	848.12	-0.0026105	3.1638e-05	0.093667	supercritical
316.00	492.00	256.76	0.0038947	545.81	737.42	3.0529	1.9310	3.2329	846.57	-0.0023684	3.1534e-05	0.093492	supercritical
317.00	492.00	255.97	0.0039068	548.44	740.66	3.0631	1.9327	3.2325	845.05	-0.0021290	3.1431e-05	0.093320	supercritical
318.00	492.00	255.18	0.0039189	551.08	743.89	3.0733	1.9344	3.2322	843.54	-0.0018922	3.1329e-05	0.093151	supercritical
319.00	492.00	254.39	0.0039310	553.71	747.12	3.0834	1.9362	3.2318	842.05	-0.0016582	3.1228e-05	0.092986	supercritical
320.00	492.00	253.60	0.0039432	556.35	750.35	3.0936	1.9380	3.2314	840.59	-0.0014268	3.1129e-05	0.092824	supercritical
321.00	492.00	252.82	0.0039554	558.98	753.58	3.1036	1.9397	3.2310	839.14	-0.0011981	3.1031e-05	0.092665	supercritical
322.00	492.00	252.04	0.0039676	561.61	756.81	3.1137	1.9416	3.2307	837.71	-0.00097225	3.0935e-05	0.092509	supercritical
323.00	492.00	251.27	0.0039798	564.24	760.05	3.1237	1.9434	3.2303	836.30	-0.00074911	3.0839e-05	0.092357	supercritical
324.00	492.00	250.50	0.0039921	566.86	763.28	3.1337	1.9452	3.2299	834.92	-0.00052874	3.0745e-05	0.092207	supercritical
325.00	492.00	249.73	0.0040044	569.49	766.50	3.1437	1.9471	3.2295	833.55	-0.00031116	3.0652e-05	0.092060	supercritical
326.00	492.00	248.96	0.0040167	572.11	769.73	3.1536	1.9490	3.2292	832.19	-9.6368e-05	3.0560e-05	0.091916	supercritical
327.00	492.00	248.20	0.0040290	574.74	772.96	3.1635	1.9509	3.2288	830.86	0.00011562	3.0469e-05	0.091776	supercritical
328.00	492.00	247.44	0.0040413	577.36	776.19	3.1733	1.9528	3.2285	829.55	0.00032478	3.0380e-05	0.091638	supercritical
329.00	492.00	246.69	0.0040537	579.98	779.42	3.1831	1.9548	3.2281	828.25	0.00053112	3.0292e-05	0.091503	supercritical
330.00	492.00	245.94	0.0040661	582.60	782.65	3.1929	1.9567	3.2277	826.97	0.00073463	3.0205e-05	0.091371	supercritical
331.00	492.00	245.19	0.0040785	585.21	785.88	3.2027	1.9587	3.2274	825.71	0.00093530	3.0119e-05	0.091241	supercritical
332.00	492.00	244.44	0.0040909	587.83	789.10	3.2124	1.9607	3.2270	824.47	0.0011331	3.0034e-05	0.091115	supercritical
333.00	492.00	243.70	0.0041033	590.45	792.33	3.2221	1.9627	3.2267	823.25	0.0013281	2.9950e-05	0.090991	supercritical
334.00	492.00	242.97	0.0041158	593.06	795.56	3.2318	1.9648	3.2264	822.04	0.0015202	2.9867e-05	0.090871	supercritical
335.00	492.00	242.23	0.0041283	595.67	798.78	3.2415	1.9668	3.2260	820.85	0.0017095	2.9786e-05	0.090752	supercritical
336.00	492.00	241.50	0.0041408	598.28	802.01	3.2511	1.9689	3.2257	819.68	0.0018959	2.9705e-05	0.090637	supercritical
337.00	492.00	240.77	0.0041533	600.89	805.23	3.2607	1.9710	3.2254	818.52	0.0020794	2.9626e-05	0.090524	supercritical
338.00	492.00	240.05	0.0041658	603.50	808.46	3.2702	1.9731	3.2251	817.39	0.0022601	2.9547e-05	0.090414	supercritical
339.00	492.00	239.33	0.0041784	606.11	811.68	3.2798	1.9752	3.2248	816.26	0.0024379	2.9470e-05	0.090307	supercritical
340.00	492.00	238.61	0.0041909	608.71	814.91	3.2893	1.9773	3.2245	815.16	0.0026128	2.9393e-05	0.090202	supercritical
341.00	492.00	237.90	0.0042035	611.32	818.13	3.2987	1.9795	3.2242	814.07	0.0027849	2.9318e-05	0.090100	supercritical
342.00	492.00	237.18	0.0042161	613.92	821.36	3.3082	1.9817	3.2239	813.00	0.0029541	2.9244e-05	0.090000	supercritical
343.00	492.00	236.48	0.0042287	616.53	824.58	3.3176	1.9839	3.2236	811.94	0.0031205	2.9170e-05	0.089903	supercritical
344.00	492.00	235.77	0.0042414	619.13	827.80	3.3270	1.9861	3.2234	810.90	0.0032840	2.9098e-05	0.089808	supercritical
345.00	492.00	235.07	0.0042540	621.73	831.03	3.3363	1.9883	3.2231	809.87	0.0034447	2.9026e-05	0.089716	supercritical
346.00	492.00	234.37	0.0042667	624.33	834.25	3.3456	1.9906	3.2229	808.86	0.0036025	2.8956e-05	0.089627	supercritical
347.00	492.00	233.68	0.0042793	626.93	837.47	3.3549	1.9928	3.2226	807.87	0.0037575	2.8886e-05	0.089539	supercritical
348.00	492.00	232.99	0.0042920	629.53	840.70	3.3642	1.9951	3.2224	806.89	0.0039097	2.8818e-05	0.089455	supercritical
349.00	492.00	232.30	0.0043047	632.13	843.92	3.3735	1.9974	3.2222	805.92	0.0040590	2.8750e-05	0.089372	supercritical
350.00	492.00	231.62	0.0043174	634.72	847.14	3.3827	1.9997	3.2220	804.97	0.0042056	2.8683e-05	0.089292	supercritical
351.00	492.00	230.94	0.0043302	637.32	850.36	3.3919	2.0020	3.2218	804.04	0.0043493	2.8617e-05	0.089214	supercritical
352.00	492.00	230.26	0.0043429	639.91	853.58	3.4010	2.0043	3.2216	803.12	0.0044902	2.8552e-05	0.089139	supercritical
353.00	492.00	229.59	0.0043557	642.51	856.81	3.4102	2.0067	3.2214	802.21	0.0046284	2.8488e-05	0.089066	supercritical
354.00	492.00	228.91	0.0043684	645.10	860.03	3.4193	2.0091	3.2212	801.32	0.0047637	2.8425e-05	0.088995	supercritical
355.00	492.00	228.25	0.0043812	647.69	863.25	3.4284	2.0114	3.2211	800.44	0.0048963	2.8362e-05	0.088926	supercritical
356.00	492.00	227.58	0.0043940	650.28	866.47	3.4374	2.0138	3.2209	799.57	0.0050262	2.8301e-05	0.088860	supercritical
357.00	492.00	226.92	0.0044068	652.87	869.69	3.4465	2.0162	3.2208	798.72	0.0051533	2.8240e-05	0.088796	supercritical
358.00	492.00	226.26	0.0044196	655.46	872.91	3.4555	2.0187	3.2207	797.89	0.0052777	2.8180e-05	0.088734	supercritical
359.00	492.00	225.61	0.0044325	658.05	876.13	3.4645	2.0211	3.2206	797.06	0.0053994	2.8121e-05	0.088674	supercritical
360.00	492.00	224.96	0.0044453	660.64	879.35	3.4734	2.0236	3.2205	796.25	0.0055184	2.8063e-05	0.088616	supercritical
361.00	492.00	224.31	0.0044581	663.23	882.57	3.4824	2.0260	3.2204	795.46	0.0056346	2.8005e-05	0.088561	supercritical
362.00	492.00	223.66	0.0044710	665.82	885.79	3.4913	2.0285	3.2203	794.67	0.0057483	2.7948e-05	0.088507	supercritical
363.00	492.00	223.02	0.0044839	668.41	889.01	3.5001	2.0310	3.2202	793.90	0.0058592	2.7892e-05	0.088456	supercritical
364.00	492.00	222.38	0.0044967	670.99	892.23	3.5090	2.0335	3.2202	793.14	0.0059676	2.7837e-05	0.088407	supercritical
365.00	492.00	221.75	0.0045096	673.58	895.45	3.5178	2.0361	3.2202	792.40	0.0060733	2.7783e-05	0.088359	supercritical
366.00	492.00	221.12	0.0045225	676.16	898.67	3.5267	2.0386	3.2201	791.67	0.0061764	2.7729e-05	0.088314	supercritical
367.00	492.00	220.49	0.0045354	678.75	901.89	3.5354	2.0412	3.2201	790.95	0.0062769	2.7676e-05	0.088271	supercritical
368.00	492.00	219.86	0.0045483	681.33	905.11	3.5442	2.0437	3.2201	790.24	0.0063748	2.7624e-05	0.088230	supercritical
369.00	492.00	219.24	0.0045613	683.92	908.33	3.5529	2.0463	3.2202	789.54	0.0064702	2.7573e-05	0.088191	supercritical
370.00	492.00	218.62	0.0045742	686.50	911.55	3.5617	2.0489	3.2202	788.86	0.0065630	2.7522e-05	0.088153	supercritical
371.00	492.00	218.00	0.0045871	689.09	914.77	3.5703	2.0515	3.2202	788.18	0.0066534	2.7472e-05	0.088118	supercritical
372.00	492.00	217.39	0.0046001	691.67	917.99	3.5790	2.0541	3.2203	787.52	0.0067412	2.7423e-05	0.088084	supercritical
373.00	492.00	216.78	0.0046130	694.25	921.21	3.5877	2.0568	3.2204	786.87	0.0068266	2.7374e-05	0.088053	supercritical
374.00	492.00	216.17	0.0046260	696.84	924.43	3.5963	2.0594	3.2205	786.23	0.0069094	2.7326e-05	0.088023	supercritical
375.00	492.00	215.57	0.0046390	699.42	927.66	3.6049	2.0621	3.2206	785.61	0.0069899	2.7279e-05	0.087995	supercritical
376.00	492.00	214.96	0.0046519	702.00	930.88	3.6135	2.0647	3.2207	784.99	0.0070679	2.7232e-05	0.087969	supercritical
377.00	492.00	214.37	0.0046649	704.58	934.10	3.6220	2.0674	3.2208	784.39	0.0071436	2.7186e-05	0.087945	supercritical
378.00	492.00	213.77	0.0046779	707.16	937.32	3.6305	2.0701	3.2210	783.79	0.0072168	2.7141e-05	0.087923	supercritical
379.00	492.00	213.18	0.0046909	709.75	940.54	3.6391	2.0728	3.2212	783.21	0.0072877	2.7097e-05	0.087902	supercritical
380.00	492.00	212.59	0.0047039	712.33	943.76	3.6475	2.0755	3.2213	782.64	0.0073562	2.7053e-05	0.087883	supercritical
381.00	492.00	212.00	0.0047169	714.91	946.98	3.6560	2.0782	3.2215	782.07	0.0074225	2.7009e-05	0.087866	supercritical
382.00	492.00	211.42	0.0047299	717.49	950.20	3.6645	2.0810	3.2218	781.52	0.0074864	2.6967e-05	0.087851	supercritical
383.00	492.00	210.84	0.0047429	720.07	953.42	3.6729	2.0837	3.2220	780.98	0.0075481	2.6924e-05	0.087837	supercritical
384.00	492.00	210.26	0.0047559	722.65	956.65	3.6813	2.0865	3.2222	780.45	0.0076075	2.6883e-05	0.087825	supercritical
385.00	492.00	209.69	0.0047690	725.24	959.87	3.6897	2.0893	3.2225	779.93	0.0076646	2.6842e-05	0.087815	supercritical
386.00	492.00	209.12	0.0047820	727.82	963.09	3.6980	2.0921	3.2228	779.42	0.0077196	2.6802e-05	0.087807	supercritical
387.00	492.00	208.55	0.0047950	730.40	966.31	3.7064	2.0949	3.2231	778.91	0.0077724	2.6762e-05	0.087800	supercritical
388.00	492.00	207.98	0.0048081	732.98	969.54	3.7147	2.0977	3.2234	778.42	0.0078230	2.6723e-05	0.087795	supercritical
389.00	492.00	207.42	0.0048211	735.56	972.76	3.7230	2.1005	3.2237	777.94	0.0078715	2.6684e-05	0.087791	supercritical
390.00	492.00	206.86	0.0048342	738.14	975.99	3.7313	2.1033	3.2240	777.47	0.0079178	2.6646e-05	0.087789	supercritical
391.00	492.00	206.30	0.0048472	740.73	979.21	3.7395	2.1062	3.2244	777.00	0.0079620	2.6609e-05	0.087789	supercritical
392.00	492.00	205.75	0.0048603	743.31	982.43	3.7477	2.1090	3.2248	776.55	0.0080042	2.6572e-05	0.087790	supercritical
393.00	492.00	205.20	0.0048733	745.89	985.66	3.7560	2.1119	3.2252	776.10	0.0080443	2.6536e-05	0.087793	supercritical
394.00	492.00	204.65	0.0048864	748.47	988.88	3.7642	2.1147	3.2256	775.67	0.0080824	2.6500e-05	0.087797	supercritical
395.00	492.00	204.10	0.0048995	751.06	992.11	3.7723	2.1176	3.2260	775.24	0.0081185	2.6465e-05	0.087803	supercritical
396.00	492.00	203.56	0.0049125	753.64	995.34	3.7805	2.1205	3.2264	774.82	0.0081526	2.6430e-05	0.087811	supercritical
397.00	492.00	203.02	0.0049256	756.22	998.56	3.7886	2.1234	3.2269	774.41	0.0081847	2.6396e-05	0.087820	supercritical
398.00	492.00	202.48	0.0049387	758.81	1001.8	3.7967	2.1263	3.2274	774.01	0.0082149	2.6362e-05	0.087830	supercritical
399.00	492.00	201.95	0.0049518	761.39	1005.0	3.8048	2.1292	3.2279	773.62	0.0082432	2.6329e-05	0.087842	supercritical
400.00	492.00	201.42	0.0049648	763.98	1008.2	3.8129	2.1322	3.2284	773.23	0.0082695	2.6297e-05	0.087855	supercritical
401.00	492.00	200.89	0.0049779	766.56	1011.5	3.8210	2.1351	3.2289	772.86	0.0082940	2.6264e-05	0.087870	supercritical
402.00	492.00	200.36	0.0049910	769.15	1014.7	3.8290	2.1380	3.2294	772.49	0.0083167	2.6233e-05	0.087887	supercritical
403.00	492.00	199.84	0.0050041	771.73	1017.9	3.8371	2.1410	3.2300	772.13	0.0083375	2.6202e-05	0.087904	supercritical
404.00	492.00	199.32	0.0050172	774.32	1021.2	3.8451	2.1440	3.2306	771.78	0.0083565	2.6171e-05	0.087924	supercritical
405.00	492.00	198.80	0.0050303	776.91	1024.4	3.8530	2.1469	3.2312	771.43	0.0083738	2.6141e-05	0.087944	supercritical
406.00	492.00	198.28	0.0050433	779.49	1027.6	3.8610	2.1499	3.2318	771.10	0.0083892	2.6111e-05	0.087966	supercritical
407.00	492.00	197.77	0.0050564	782.08	1030.9	3.8690	2.1529	3.2324	770.77	0.0084030	2.6082e-05	0.087990	supercritical
408.00	492.00	197.26	0.0050695	784.67	1034.1	3.8769	2.1559	3.2330	770.45	0.0084150	2.6053e-05	0.088015	supercritical
409.00	492.00	196.75	0.0050826	787.26	1037.3	3.8848	2.1589	3.2337	770.13	0.0084253	2.6025e-05	0.088041	supercritical
410.00	492.00	196.24	0.0050957	789.85	1040.6	3.8927	2.1620	3.2344	769.83	0.0084340	2.5997e-05	0.088068	supercritical
411.00	492.00	195.74	0.0051088	792.44	1043.8	3.9006	2.1650	3.2350	769.53	0.0084410	2.5970e-05	0.088097	supercritical
412.00	492.00	195.24	0.0051219	795.03	1047.0	3.9085	2.1680	3.2358	769.24	0.0084464	2.5943e-05	0.088127	supercritical
413.00	492.00	194.74	0.0051350	797.62	1050.3	3.9163	2.1711	3.2365	768.95	0.0084502	2.5916e-05	0.088159	supercritical
414.00	492.00	194.25	0.0051481	800.22	1053.5	3.9241	2.1741	3.2372	768.68	0.0084524	2.5890e-05	0.088192	supercritical
415.00	492.00	193.75	0.0051612	802.81	1056.7	3.9319	2.1772	3.2380	768.41	0.0084531	2.5864e-05	0.088226	supercritical
416.00	492.00	193.26	0.0051743	805.40	1060.0	3.9397	2.1802	3.2387	768.14	0.0084522	2.5839e-05	0.088261	supercritical
417.00	492.00	192.78	0.0051874	808.00	1063.2	3.9475	2.1833	3.2395	767.89	0.0084498	2.5814e-05	0.088298	supercritical
418.00	492.00	192.29	0.0052005	810.59	1066.5	3.9553	2.1864	3.2403	767.64	0.0084459	2.5790e-05	0.088336	supercritical
419.00	492.00	191.81	0.0052136	813.19	1069.7	3.9630	2.1895	3.2412	767.40	0.0084405	2.5766e-05	0.088375	supercritical
420.00	492.00	191.33	0.0052267	815.79	1072.9	3.9707	2.1926	3.2420	767.16	0.0084337	2.5742e-05	0.088415	supercritical
421.00	492.00	190.85	0.0052398	818.39	1076.2	3.9785	2.1957	3.2429	766.93	0.0084255	2.5719e-05	0.088457	supercritical
422.00	492.00	190.37	0.0052529	820.98	1079.4	3.9861	2.1988	3.2437	766.71	0.0084158	2.5696e-05	0.088500	supercritical
423.00	492.00	189.90	0.0052659	823.58	1082.7	3.9938	2.2019	3.2446	766.49	0.0084048	2.5674e-05	0.088544	supercritical
424.00	492.00	189.43	0.0052790	826.18	1085.9	4.0015	2.2050	3.2455	766.28	0.0083924	2.5652e-05	0.088589	supercritical
425.00	492.00	188.96	0.0052921	828.79	1089.2	4.0091	2.2082	3.2465	766.07	0.0083786	2.5630e-05	0.088636	supercritical
426.00	492.00	188.49	0.0053052	831.39	1092.4	4.0168	2.2113	3.2474	765.88	0.0083635	2.5609e-05	0.088684	supercritical
427.00	492.00	188.03	0.0053183	833.99	1095.7	4.0244	2.2145	3.2483	765.68	0.0083471	2.5588e-05	0.088733	supercritical
428.00	492.00	187.57	0.0053314	836.60	1098.9	4.0320	2.2176	3.2493	765.50	0.0083295	2.5568e-05	0.088783	supercritical
429.00	492.00	187.11	0.0053445	839.20	1102.2	4.0396	2.2208	3.2503	765.32	0.0083105	2.5547e-05	0.088834	supercritical
430.00	492.00	186.65	0.0053576	841.81	1105.4	4.0471	2.2239	3.2513	765.14	0.0082904	2.5528e-05	0.088886	supercritical
431.00	492.00	186.20	0.0053707	844.42	1108.7	4.0547	2.2271	3.2523	764.97	0.0082689	2.5508e-05	0.088940	supercritical
432.00	492.00	185.74	0.0053838	847.03	1111.9	4.0622	2.2303	3.2534	764.81	0.0082463	2.5489e-05	0.088994	supercritical
433.00	492.00	185.29	0.0053968	849.64	1115.2	4.0698	2.2335	3.2544	764.65	0.0082225	2.5470e-05	0.089050	supercritical
434.00	492.00	184.85	0.0054099	852.25	1118.4	4.0773	2.2367	3.2555	764.50	0.0081976	2.5452e-05	0.089107	supercritical
435.00	492.00	184.40	0.0054230	854.86	1121.7	4.0848	2.2399	3.2565	764.36	0.0081715	2.5434e-05	0.089165	supercritical
436.00	492.00	183.96	0.0054361	857.48	1124.9	4.0922	2.2431	3.2576	764.22	0.0081442	2.5416e-05	0.089224	supercritical
437.00	492.00	183.51	0.0054491	860.09	1128.2	4.0997	2.2463	3.2588	764.08	0.0081159	2.5399e-05	0.089284	supercritical
438.00	492.00	183.08	0.0054622	862.71	1131.4	4.1071	2.2495	3.2599	763.95	0.0080864	2.5382e-05	0.089345	supercritical
439.00	492.00	182.64	0.0054753	865.32	1134.7	4.1146	2.2527	3.2610	763.82	0.0080559	2.5365e-05	0.089407	supercritical
440.00	492.00	182.20	0.0054884	867.94	1138.0	4.1220	2.2560	3.2622	763.70	0.0080243	2.5349e-05	0.089471	supercritical
441.00	492.00	181.77	0.0055014	870.56	1141.2	4.1294	2.2592	3.2634	763.59	0.0079917	2.5333e-05	0.089535	supercritical
442.00	492.00	181.34	0.0055145	873.18	1144.5	4.1368	2.2624	3.2645	763.48	0.0079581	2.5317e-05	0.089600	supercritical
443.00	492.00	180.91	0.0055276	875.81	1147.8	4.1442	2.2657	3.2657	763.38	0.0079235	2.5301e-05	0.089667	supercritical
444.00	492.00	180.49	0.0055406	878.43	1151.0	4.1515	2.2689	3.2670	763.28	0.0078879	2.5286e-05	0.089734	supercritical
445.00	492.00	180.06	0.0055537	881.05	1154.3	4.1589	2.2722	3.2682	763.18	0.0078513	2.5272e-05	0.089803	supercritical
446.00	492.00	179.64	0.0055667	883.68	1157.6	4.1662	2.2754	3.2694	763.09	0.0078138	2.5257e-05	0.089872	supercritical
447.00	492.00	179.22	0.0055798	886.31	1160.8	4.1736	2.2787	3.2707	763.01	0.0077753	2.5243e-05	0.089943	supercritical
448.00	492.00	178.80	0.0055928	888.94	1164.1	4.1809	2.2820	3.2720	762.93	0.0077359	2.5229e-05	0.090014	supercritical
449.00	492.00	178.38	0.0056059	891.57	1167.4	4.1882	2.2853	3.2733	762.85	0.0076957	2.5215e-05	0.090086	supercritical
450.00	492.00	177.97	0.0056189	894.20	1170.7	4.1954	2.2885	3.2746	762.78	0.0076545	2.5202e-05	0.090160	supercritical
451.00	492.00	177.56	0.0056320	896.83	1173.9	4.2027	2.2918	3.2759	762.71	0.0076125	2.5189e-05	0.090234	supercritical
452.00	492.00	177.15	0.0056450	899.47	1177.2	4.2100	2.2951	3.2772	762.65	0.0075696	2.5176e-05	0.090310	supercritical
453.00	492.00	176.74	0.0056580	902.11	1180.5	4.2172	2.2984	3.2786	762.59	0.0075259	2.5163e-05	0.090386	supercritical
454.00	492.00	176.33	0.0056711	904.74	1183.8	4.2245	2.3017	3.2799	762.54	0.0074814	2.5151e-05	0.090463	supercritical
455.00	492.00	175.93	0.0056841	907.38	1187.0	4.2317	2.3050	3.2813	762.49	0.0074361	2.5139e-05	0.090541	supercritical
456.00	492.00	175.53	0.0056971	910.03	1190.3	4.2389	2.3083	3.2827	762.45	0.0073900	2.5128e-05	0.090620	supercritical
457.00	492.00	175.13	0.0057102	912.67	1193.6	4.2461	2.3116	3.2841	762.40	0.0073431	2.5116e-05	0.090701	supercritical
458.00	492.00	174.73	0.0057232	915.31	1196.9	4.2532	2.3149	3.2855	762.37	0.0072955	2.5105e-05	0.090782	supercritical
459.00	492.00	174.33	0.0057362	917.96	1200.2	4.2604	2.3183	3.2870	762.34	0.0072471	2.5094e-05	0.090863	supercritical
460.00	492.00	173.94	0.0057492	920.61	1203.5	4.2676	2.3216	3.2884	762.31	0.0071980	2.5084e-05	0.090946	supercritical
461.00	492.00	173.54	0.0057622	923.25	1206.8	4.2747	2.3249	3.2899	762.28	0.0071482	2.5073e-05	0.091030	supercritical
462.00	492.00	173.15	0.0057752	925.90	1210.0	4.2818	2.3283	3.2914	762.26	0.0070977	2.5063e-05	0.091114	supercritical
463.00	492.00	172.76	0.0057882	928.56	1213.3	4.2890	2.3316	3.2928	762.25	0.0070465	2.5053e-05	0.091200	supercritical
464.00	492.00	172.38	0.0058012	931.21	1216.6	4.2961	2.3349	3.2943	762.23	0.0069946	2.5044e-05	0.091286	supercritical
465.00	492.00	171.99	0.0058142	933.87	1219.9	4.3032	2.3383	3.2959	762.23	0.0069421	2.5034e-05	0.091373	supercritical
466.00	492.00	171.61	0.0058272	936.52	1223.2	4.3102	2.3416	3.2974	762.22	0.0068890	2.5025e-05	0.091462	supercritical
467.00	492.00	171.23	0.0058402	939.18	1226.5	4.3173	2.3450	3.2989	762.22	0.0068352	2.5016e-05	0.091550	supercritical
468.00	492.00	170.85	0.0058532	941.84	1229.8	4.3244	2.3483	3.3005	762.22	0.0067808	2.5008e-05	0.091640	supercritical
469.00	492.00	170.47	0.0058662	944.51	1233.1	4.3314	2.3517	3.3020	762.23	0.0067258	2.4999e-05	0.091731	supercritical
470.00	492.00	170.09	0.0058792	947.17	1236.4	4.3385	2.3551	3.3036	762.24	0.0066702	2.4991e-05	0.091822	supercritical
471.00	492.00	169.72	0.0058921	949.84	1239.7	4.3455	2.3584	3.3052	762.25	0.0066140	2.4983e-05	0.091915	supercritical
472.00	492.00	169.34	0.0059051	952.50	1243.0	4.3525	2.3618	3.3068	762.27	0.0065573	2.4975e-05	0.092008	supercritical
473.00	492.00	168.97	0.0059181	955.17	1246.3	4.3595	2.3652	3.3084	762.29	0.0065000	2.4968e-05	0.092102	supercritical
474.00	492.00	168.60	0.0059311	957.85	1249.7	4.3665	2.3686	3.3101	762.31	0.0064422	2.4961e-05	0.092197	supercritical
475.00	492.00	168.24	0.0059440	960.52	1253.0	4.3735	2.3719	3.3117	762.34	0.0063838	2.4953e-05	0.092292	supercritical
476.00	492.00	167.87	0.0059570	963.19	1256.3	4.3804	2.3753	3.3134	762.37	0.0063249	2.4947e-05	0.092389	supercritical
477.00	492.00	167.51	0.0059699	965.87	1259.6	4.3874	2.3787	3.3150	762.41	0.0062656	2.4940e-05	0.092486	supercritical
478.00	492.00	167.14	0.0059829	968.55	1262.9	4.3943	2.3821	3.3167	762.44	0.0062057	2.4934e-05	0.092584	supercritical
479.00	492.00	166.78	0.0059958	971.23	1266.2	4.4013	2.3855	3.3184	762.48	0.0061454	2.4927e-05	0.092682	supercritical
480.00	492.00	166.42	0.0060088	973.91	1269.5	4.4082	2.3889	3.3201	762.53	0.0060846	2.4921e-05	0.092782	supercritical
481.00	492.00	166.07	0.0060217	976.60	1272.9	4.4151	2.3923	3.3218	762.57	0.0060233	2.4916e-05	0.092882	supercritical
482.00	492.00	165.71	0.0060346	979.28	1276.2	4.4220	2.3957	3.3235	762.62	0.0059616	2.4910e-05	0.092983	supercritical
483.00	492.00	165.36	0.0060476	981.97	1279.5	4.4289	2.3991	3.3253	762.68	0.0058995	2.4905e-05	0.093085	supercritical
484.00	492.00	165.00	0.0060605	984.66	1282.8	4.4358	2.4025	3.3270	762.73	0.0058369	2.4900e-05	0.093188	supercritical
485.00	492.00	164.65	0.0060734	987.35	1286.2	4.4426	2.4059	3.3288	762.79	0.0057739	2.4895e-05	0.093291	supercritical
486.00	492.00	164.30	0.0060863	990.05	1289.5	4.4495	2.4093	3.3305	762.85	0.0057105	2.4890e-05	0.093395	supercritical
487.00	492.00	163.96	0.0060992	992.74	1292.8	4.4563	2.4128	3.3323	762.92	0.0056468	2.4885e-05	0.093500	supercritical
488.00	492.00	163.61	0.0061121	995.44	1296.2	4.4632	2.4162	3.3341	762.99	0.0055826	2.4881e-05	0.093606	supercritical
489.00	492.00	163.26	0.0061250	998.14	1299.5	4.4700	2.4196	3.3359	763.06	0.0055181	2.4877e-05	0.093712	supercritical
490.00	492.00	162.92	0.0061379	1000.8	1302.8	4.4768	2.4230	3.3377	763.13	0.0054532	2.4873e-05	0.093819	supercritical
491.00	492.00	162.58	0.0061508	1003.5	1306.2	4.4836	2.4264	3.3396	763.21	0.0053879	2.4869e-05	0.093927	supercritical
492.00	492.00	162.24	0.0061637	1006.3	1309.5	4.4904	2.4299	3.3414	763.29	0.0053223	2.4865e-05	0.094035	supercritical
493.00	492.00	161.90	0.0061766	1009.0	1312.9	4.4972	2.4333	3.3433	763.37	0.0052564	2.4862e-05	0.094145	supercritical
494.00	492.00	161.56	0.0061895	1011.7	1316.2	4.5040	2.4367	3.3451	763.45	0.0051902	2.4858e-05	0.094254	supercritical
495.00	492.00	161.23	0.0062024	1014.4	1319.5	4.5107	2.4402	3.3470	763.54	0.0051236	2.4855e-05	0.094365	supercritical
496.00	492.00	160.89	0.0062153	1017.1	1322.9	4.5175	2.4436	3.3489	763.63	0.0050567	2.4852e-05	0.094476	supercritical
497.00	492.00	160.56	0.0062281	1019.8	1326.2	4.5242	2.4470	3.3508	763.73	0.0049895	2.4850e-05	0.094588	supercritical
498.00	492.00	160.23	0.0062410	1022.5	1329.6	4.5310	2.4505	3.3527	763.82	0.0049221	2.4847e-05	0.094701	supercritical
499.00	492.00	159.90	0.0062539	1025.3	1332.9	4.5377	2.4539	3.3546	763.92	0.0048544	2.4845e-05	0.094814	supercritical
500.00	492.00	159.57	0.0062667	1028.0	1336.3	4.5444	2.4574	3.3565	764.02	0.0047863	2.4842e-05	0.094928	supercritical
501.00	492.00	159.25	0.0062796	1030.7	1339.7	4.5511	2.4608	3.3584	764.12	0.0047181	2.4840e-05	0.095043	supercritical
502.00	492.00	158.92	0.0062924	1033.4	1343.0	4.5578	2.4643	3.3604	764.23	0.0046495	2.4839e-05	0.095158	supercritical
503.00	492.00	158.60	0.0063053	1036.2	1346.4	4.5645	2.4677	3.3623	764.34	0.0045808	2.4837e-05	0.095274	supercritical
504.00	492.00	158.28	0.0063181	1038.9	1349.7	4.5712	2.4712	3.3643	764.45	0.0045117	2.4835e-05	0.095391	supercritical
505.00	492.00	157.95	0.0063309	1041.6	1353.1	4.5779	2.4746	3.3662	764.56	0.0044425	2.4834e-05	0.095509	supercritical
506.00	492.00	157.64	0.0063438	1044.4	1356.5	4.5845	2.4781	3.3682	764.67	0.0043730	2.4833e-05	0.095627	supercritical
507.00	492.00	157.32	0.0063566	1047.1	1359.8	4.5912	2.4815	3.3702	764.79	0.0043033	2.4832e-05	0.095745	supercritical
508.00	492.00	157.00	0.0063694	1049.8	1363.2	4.5978	2.4850	3.3722	764.91	0.0042334	2.4831e-05	0.095864	supercritical
509.00	492.00	156.69	0.0063822	1052.6	1366.6	4.6045	2.4885	3.3742	765.03	0.0041634	2.4830e-05	0.095984	supercritical
510.00	492.00	156.37	0.0063950	1055.3	1370.0	4.6111	2.4919	3.3762	765.16	0.0040931	2.4829e-05	0.096105	supercritical
511.00	492.00	156.06	0.0064078	1058.1	1373.3	4.6177	2.4954	3.3783	765.28	0.0040226	2.4829e-05	0.096226	supercritical
512.00	492.00	155.75	0.0064206	1060.8	1376.7	4.6243	2.4989	3.3803	765.41	0.0039519	2.4828e-05	0.096348	supercritical
513.00	492.00	155.44	0.0064334	1063.6	1380.1	4.6309	2.5023	3.3823	765.54	0.0038811	2.4828e-05	0.096470	supercritical
514.00	492.00	155.13	0.0064462	1066.3	1383.5	4.6375	2.5058	3.3844	765.68	0.0038101	2.4828e-05	0.096593	supercritical
515.00	492.00	154.82	0.0064590	1069.1	1386.9	4.6441	2.5093	3.3865	765.81	0.0037390	2.4828e-05	0.096717	supercritical
516.00	492.00	154.52	0.0064718	1071.8	1390.3	4.6507	2.5127	3.3885	765.95	0.0036677	2.4829e-05	0.096841	supercritical
517.00	492.00	154.21	0.0064846	1074.6	1393.6	4.6572	2.5162	3.3906	766.09	0.0035962	2.4829e-05	0.096966	supercritical
518.00	492.00	153.91	0.0064974	1077.4	1397.0	4.6638	2.5197	3.3927	766.23	0.0035246	2.4830e-05	0.097092	supercritical
519.00	492.00	153.61	0.0065101	1080.1	1400.4	4.6703	2.5231	3.3948	766.37	0.0034529	2.4830e-05	0.097218	supercritical
520.00	492.00	153.31	0.0065229	1082.9	1403.8	4.6768	2.5266	3.3969	766.52	0.0033811	2.4831e-05	0.097344	supercritical
521.00	492.00	153.01	0.0065357	1085.7	1407.2	4.6834	2.5301	3.3990	766.66	0.0033091	2.4832e-05	0.097471	supercritical
522.00	492.00	152.71	0.0065484	1088.4	1410.6	4.6899	2.5336	3.4011	766.81	0.0032370	2.4833e-05	0.097599	supercritical
523.00	492.00	152.41	0.0065612	1091.2	1414.0	4.6964	2.5371	3.4033	766.97	0.0031648	2.4834e-05	0.097728	supercritical
524.00	492.00	152.12	0.0065739	1094.0	1417.4	4.7029	2.5405	3.4054	767.12	0.0030925	2.4836e-05	0.097857	supercritical
525.00	492.00	151.82	0.0065867	1096.8	1420.8	4.7094	2.5440	3.4076	767.27	0.0030201	2.4837e-05	0.097986	supercritical
526.00	492.00	151.53	0.0065994	1099.6	1424.2	4.7159	2.5475	3.4097	767.43	0.0029476	2.4839e-05	0.098116	supercritical
527.00	492.00	151.24	0.0066122	1102.3	1427.7	4.7224	2.5510	3.4119	767.59	0.0028751	2.4841e-05	0.098247	supercritical
528.00	492.00	150.95	0.0066249	1105.1	1431.1	4.7288	2.5545	3.4140	767.75	0.0028024	2.4843e-05	0.098378	supercritical
529.00	492.00	150.66	0.0066376	1107.9	1434.5	4.7353	2.5579	3.4162	767.91	0.0027297	2.4845e-05	0.098510	supercritical
530.00	492.00	150.37	0.0066503	1110.7	1437.9	4.7418	2.5614	3.4184	768.08	0.0026569	2.4847e-05	0.098642	supercritical
531.00	492.00	150.08	0.0066630	1113.5	1441.3	4.7482	2.5649	3.4206	768.24	0.0025840	2.4849e-05	0.098775	supercritical
532.00	492.00	149.80	0.0066758	1116.3	1444.7	4.7546	2.5684	3.4228	768.41	0.0025111	2.4851e-05	0.098908	supercritical
533.00	492.00	149.51	0.0066885	1119.1	1448.2	4.7611	2.5719	3.4250	768.58	0.0024381	2.4854e-05	0.099042	supercritical
534.00	492.00	149.23	0.0067012	1121.9	1451.6	4.7675	2.5754	3.4272	768.75	0.0023651	2.4856e-05	0.099177	supercritical
535.00	492.00	148.95	0.0067139	1124.7	1455.0	4.7739	2.5789	3.4295	768.92	0.0022920	2.4859e-05	0.099312	supercritical
536.00	492.00	148.66	0.0067266	1127.5	1458.5	4.7803	2.5823	3.4317	769.10	0.0022189	2.4862e-05	0.099447	supercritical
537.00	492.00	148.38	0.0067393	1130.3	1461.9	4.7867	2.5858	3.4339	769.27	0.0021458	2.4865e-05	0.099584	supercritical
538.00	492.00	148.11	0.0067519	1133.1	1465.3	4.7931	2.5893	3.4362	769.45	0.0020726	2.4868e-05	0.099720	supercritical
539.00	492.00	147.83	0.0067646	1135.9	1468.8	4.7995	2.5928	3.4384	769.63	0.0019994	2.4871e-05	0.099857	supercritical
540.00	492.00	147.55	0.0067773	1138.8	1472.2	4.8059	2.5963	3.4407	769.81	0.0019261	2.4875e-05	0.099995	supercritical
541.00	492.00	147.28	0.0067900	1141.6	1475.6	4.8122	2.5998	3.4429	770.00	0.0018529	2.4878e-05	0.10013	supercritical
542.00	492.00	147.00	0.0068026	1144.4	1479.1	4.8186	2.6033	3.4452	770.18	0.0017796	2.4882e-05	0.10027	supercritical
543.00	492.00	146.73	0.0068153	1147.2	1482.5	4.8249	2.6068	3.4475	770.37	0.0017063	2.4885e-05	0.10041	supercritical
544.00	492.00	146.46	0.0068279	1150.0	1486.0	4.8313	2.6103	3.4498	770.55	0.0016331	2.4889e-05	0.10055	supercritical
545.00	492.00	146.19	0.0068406	1152.9	1489.4	4.8376	2.6138	3.4521	770.74	0.0015598	2.4893e-05	0.10069	supercritical
546.00	492.00	145.92	0.0068533	1155.7	1492.9	4.8440	2.6172	3.4544	770.93	0.0014865	2.4897e-05	0.10083	supercritical
547.00	492.00	145.65	0.0068659	1158.5	1496.3	4.8503	2.6207	3.4567	771.12	0.0014132	2.4901e-05	0.10097	supercritical
548.00	492.00	145.38	0.0068785	1161.4	1499.8	4.8566	2.6242	3.4590	771.32	0.0013400	2.4905e-05	0.10111	supercritical
549.00	492.00	145.11	0.0068912	1164.2	1503.3	4.8629	2.6277	3.4613	771.51	0.0012667	2.4910e-05	0.10126	supercritical
550.00	492.00	144.85	0.0069038	1167.1	1506.7	4.8692	2.6312	3.4636	771.71	0.0011935	2.4914e-05	0.10140	supercritical
551.00	492.00	144.58	0.0069164	1169.9	1510.2	4.8755	2.6347	3.4660	771.90	0.0011203	2.4919e-05	0.10154	supercritical
552.00	492.00	144.32	0.0069290	1172.7	1513.7	4.8818	2.6382	3.4683	772.10	0.0010471	2.4923e-05	0.10169	supercritical
553.00	492.00	144.06	0.0069417	1175.6	1517.1	4.8881	2.6417	3.4707	772.30	0.00097394	2.4928e-05	0.10183	supercritical
554.00	492.00	143.80	0.0069543	1178.4	1520.6	4.8943	2.6452	3.4730	772.51	0.00090081	2.4933e-05	0.10197	supercritical
555.00	492.00	143.54	0.0069669	1181.3	1524.1	4.9006	2.6487	3.4754	772.71	0.00082772	2.4938e-05	0.10212	supercritical
556.00	492.00	143.28	0.0069795	1184.2	1527.5	4.9069	2.6522	3.4777	772.91	0.00075467	2.4943e-05	0.10227	supercritical
557.00	492.00	143.02	0.0069921	1187.0	1531.0	4.9131	2.6557	3.4801	773.12	0.00068165	2.4948e-05	0.10241	supercritical
558.00	492.00	142.76	0.0070047	1189.9	1534.5	4.9194	2.6592	3.4825	773.32	0.00060869	2.4953e-05	0.10256	supercritical
559.00	492.00	142.51	0.0070173	1192.7	1538.0	4.9256	2.6627	3.4849	773.53	0.00053577	2.4958e-05	0.10270	supercritical
560.00	492.00	142.25	0.0070298	1195.6	1541.5	4.9318	2.6661	3.4872	773.74	0.00046290	2.4964e-05	0.10285	supercritical
561.00	492.00	142.00	0.0070424	1198.5	1545.0	4.9380	2.6696	3.4896	773.95	0.00039008	2.4969e-05	0.10300	supercritical
562.00	492.00	141.74	0.0070550	1201.3	1548.5	4.9443	2.6731	3.4920	774.16	0.00031732	2.4975e-05	0.10315	supercritical
563.00	492.00	141.49	0.0070676	1204.2	1551.9	4.9505	2.6766	3.4944	774.38	0.00024462	2.4980e-05	0.10330	supercritical
564.00	492.00	141.24	0.0070801	1207.1	1555.4	4.9567	2.6801	3.4968	774.59	0.00017198	2.4986e-05	0.10345	supercritical
565.00	492.00	140.99	0.0070927	1210.0	1558.9	4.9629	2.6836	3.4993	774.81	9.9411e-05	2.4992e-05	0.10360	supercritical
566.00	492.00	140.74	0.0071053	1212.9	1562.4	4.9691	2.6871	3.5017	775.02	2.6906e-05	2.4998e-05	0.10375	supercritical
567.00	492.00	140.49	0.0071178	1215.7	1565.9	4.9752	2.6906	3.5041	775.24	-4.5528e-05	2.5004e-05	0.10390	supercritical
568.00	492.00	140.25	0.0071304	1218.6	1569.4	4.9814	2.6941	3.5065	775.46	-0.00011789	2.5010e-05	0.10405	supercritical
569.00	492.00	140.00	0.0071429	1221.5	1573.0	4.9876	2.6976	3.5090	775.68	-0.00019018	2.5016e-05	0.10420	supercritical
570.00	492.00	139.75	0.0071554	1224.4	1576.5	4.9938	2.7011	3.5114	775.90	-0.00026238	2.5022e-05	0.10435	supercritical
571.00	492.00	139.51	0.0071680	1227.3	1580.0	4.9999	2.7045	3.5139	776.13	-0.00033451	2.5029e-05	0.10450	supercritical
572.00	492.00	139.27	0.0071805	1230.2	1583.5	5.0061	2.7080	3.5163	776.35	-0.00040656	2.5035e-05	0.10465	supercritical
573.00	492.00	139.02	0.0071930	1233.1	1587.0	5.0122	2.7115	3.5188	776.57	-0.00047851	2.5042e-05	0.10481	supercritical
574.00	492.00	138.78	0.0072056	1236.0	1590.5	5.0183	2.7150	3.5212	776.80	-0.00055039	2.5048e-05	0.10496	supercritical
575.00	492.00	138.54	0.0072181	1238.9	1594.1	5.0245	2.7185	3.5237	777.03	-0.00062217	2.5055e-05	0.10511	supercritical
576.00	492.00	138.30	0.0072306	1241.8	1597.6	5.0306	2.7220	3.5262	777.25	-0.00069386	2.5062e-05	0.10527	supercritical
577.00	492.00	138.06	0.0072431	1244.7	1601.1	5.0367	2.7255	3.5286	777.48	-0.00076545	2.5069e-05	0.10542	supercritical
578.00	492.00	137.82	0.0072556	1247.7	1604.6	5.0428	2.7290	3.5311	777.71	-0.00083695	2.5076e-05	0.10558	supercritical
579.00	492.00	137.59	0.0072681	1250.6	1608.2	5.0489	2.7325	3.5336	777.94	-0.00090835	2.5083e-05	0.10573	supercritical
580.00	492.00	137.35	0.0072806	1253.5	1611.7	5.0550	2.7359	3.5361	778.18	-0.00097965	2.5090e-05	0.10589	supercritical
581.00	492.00	137.12	0.0072931	1256.4	1615.2	5.0611	2.7394	3.5386	778.41	-0.0010508	2.5097e-05	0.10605	supercritical
582.00	492.00	136.88	0.0073056	1259.3	1618.8	5.0672	2.7429	3.5411	778.64	-0.0011219	2.5104e-05	0.10620	supercritical
583.00	492.00	136.65	0.0073181	1262.3	1622.3	5.0733	2.7464	3.5436	778.88	-0.0011929	2.5111e-05	0.10636	supercritical
584.00	492.00	136.42	0.0073305	1265.2	1625.9	5.0794	2.7499	3.5461	779.11	-0.0012638	2.5119e-05	0.10652	supercritical
585.00	492.00	136.18	0.0073430	1268.1	1629.4	5.0854	2.7534	3.5486	779.35	-0.0013346	2.5126e-05	0.10667	supercritical
586.00	492.00	135.95	0.0073555	1271.1	1633.0	5.0915	2.7568	3.5511	779.59	-0.0014052	2.5134e-05	0.10683	supercritical
587.00	492.00	135.72	0.0073679	1274.0	1636.5	5.0976	2.7603	3.5536	779.83	-0.0014758	2.5141e-05	0.10699	supercritical
588.00	492.00	135.49	0.0073804	1277.0	1640.1	5.1036	2.7638	3.5561	780.07	-0.0015462	2.5149e-05	0.10715	supercritical
589.00	492.00	135.27	0.0073929	1279.9	1643.6	5.1097	2.7673	3.5587	780.31	-0.0016165	2.5157e-05	0.10731	supercritical
590.00	492.00	135.04	0.0074053	1282.8	1647.2	5.1157	2.7708	3.5612	780.55	-0.0016867	2.5165e-05	0.10747	supercritical
591.00	492.00	134.81	0.0074178	1285.8	1650.8	5.1217	2.7742	3.5637	780.79	-0.0017568	2.5173e-05	0.10763	supercritical
592.00	492.00	134.59	0.0074302	1288.8	1654.3	5.1278	2.7777	3.5663	781.04	-0.0018267	2.5181e-05	0.10779	supercritical
593.00	492.00	134.36	0.0074426	1291.7	1657.9	5.1338	2.7812	3.5688	781.28	-0.0018966	2.5189e-05	0.10795	supercritical
594.00	492.00	134.14	0.0074551	1294.7	1661.5	5.1398	2.7847	3.5714	781.53	-0.0019663	2.5197e-05	0.10811	supercritical
595.00	492.00	133.91	0.0074675	1297.6	1665.0	5.1458	2.7881	3.5739	781.77	-0.0020358	2.5205e-05	0.10827	supercritical
596.00	492.00	133.69	0.0074799	1300.6	1668.6	5.1518	2.7916	3.5765	782.02	-0.0021053	2.5213e-05	0.10844	supercritical
597.00	492.00	133.47	0.0074923	1303.6	1672.2	5.1578	2.7951	3.5790	782.27	-0.0021746	2.5221e-05	0.10860	supercritical
598.00	492.00	133.25	0.0075048	1306.5	1675.8	5.1638	2.7986	3.5816	782.51	-0.0022438	2.5230e-05	0.10876	supercritical
599.00	492.00	133.03	0.0075172	1309.5	1679.3	5.1698	2.8020	3.5842	782.76	-0.0023128	2.5238e-05	0.10892	supercritical
600.00	492.00	132.81	0.0075296	1312.5	1682.9	5.1758	2.8055	3.5867	783.01	-0.0023818	2.5247e-05	0.10909	supercritical
601.00	492.00	132.59	0.0075420	1315.5	1686.5	5.1817	2.8090	3.5893	783.26	-0.0024506	2.5255e-05	0.10925	supercritical
602.00	492.00	132.37	0.0075544	1318.4	1690.1	5.1877	2.8124	3.5919	783.52	-0.0025192	2.5264e-05	0.10942	supercritical
603.00	492.00	132.16	0.0075668	1321.4	1693.7	5.1937	2.8159	3.5945	783.77	-0.0025877	2.5273e-05	0.10958	supercritical
604.00	492.00	131.94	0.0075792	1324.4	1697.3	5.1996	2.8194	3.5971	784.02	-0.0026561	2.5281e-05	0.10974	supercritical
605.00	492.00	131.73	0.0075916	1327.4	1700.9	5.2056	2.8228	3.5996	784.28	-0.0027244	2.5290e-05	0.10991	supercritical
606.00	492.00	131.51	0.0076040	1330.4	1704.5	5.2115	2.8263	3.6022	784.53	-0.0027925	2.5299e-05	0.11008	supercritical
607.00	492.00	131.30	0.0076163	1333.4	1708.1	5.2175	2.8298	3.6048	784.79	-0.0028604	2.5308e-05	0.11024	supercritical
608.00	492.00	131.08	0.0076287	1336.4	1711.7	5.2234	2.8332	3.6074	785.04	-0.0029282	2.5317e-05	0.11041	supercritical
609.00	492.00	130.87	0.0076411	1339.4	1715.3	5.2293	2.8367	3.6100	785.30	-0.0029959	2.5326e-05	0.11057	supercritical
610.00	492.00	130.66	0.0076534	1342.4	1718.9	5.2353	2.8401	3.6126	785.56	-0.0030634	2.5335e-05	0.11074	supercritical
611.00	492.00	130.45	0.0076658	1345.4	1722.5	5.2412	2.8436	3.6152	785.82	-0.0031308	2.5344e-05	0.11091	supercritical
612.00	492.00	130.24	0.0076782	1348.4	1726.2	5.2471	2.8471	3.6178	786.07	-0.0031981	2.5353e-05	0.11108	supercritical
613.00	492.00	130.03	0.0076905	1351.4	1729.8	5.2530	2.8505	3.6205	786.33	-0.0032651	2.5363e-05	0.11124	supercritical
614.00	492.00	129.82	0.0077029	1354.4	1733.4	5.2589	2.8540	3.6231	786.59	-0.0033321	2.5372e-05	0.11141	supercritical
615.00	492.00	129.61	0.0077152	1357.4	1737.0	5.2648	2.8574	3.6257	786.86	-0.0033989	2.5382e-05	0.11158	supercritical
616.00	492.00	129.41	0.0077276	1360.5	1740.6	5.2707	2.8609	3.6283	787.12	-0.0034655	2.5391e-05	0.11175	supercritical
617.00	492.00	129.20	0.0077399	1363.5	1744.3	5.2766	2.8643	3.6309	787.38	-0.0035320	2.5400e-05	0.11192	supercritical
618.00	492.00	129.00	0.0077522	1366.5	1747.9	5.2825	2.8678	3.6336	787.64	-0.0035984	2.5410e-05	0.11209	supercritical
619.00	492.00	128.79	0.0077646	1369.5	1751.5	5.2884	2.8712	3.6362	787.91	-0.0036645	2.5420e-05	0.11226	supercritical
620.00	492.00	128.59	0.0077769	1372.6	1755.2	5.2942	2.8747	3.6388	788.17	-0.0037306	2.5429e-05	0.11243	supercritical
621.00	492.00	128.38	0.0077892	1375.6	1758.8	5.3001	2.8781	3.6415	788.44	-0.0037965	2.5439e-05	0.11260	supercritical
622.00	492.00	128.18	0.0078015	1378.6	1762.5	5.3060	2.8816	3.6441	788.70	-0.0038622	2.5449e-05	0.11277	supercritical
623.00	492.00	127.98	0.0078138	1381.7	1766.1	5.3118	2.8850	3.6468	788.97	-0.0039278	2.5459e-05	0.11294	supercritical
624.00	492.00	127.78	0.0078262	1384.7	1769.8	5.3177	2.8885	3.6494	789.24	-0.0039932	2.5469e-05	0.11311	supercritical
625.00	492.00	127.58	0.0078385	1387.8	1773.4	5.3235	2.8919	3.6520	789.50	-0.0040584	2.5478e-05	0.11328	supercritical
