Temperature (K)	Pressure (bar)	Density (kg/m3)	Volume (m3/kg)	Internal Energy (kJ/kg)	Enthalpy (kJ/kg)	Entropy (J/g*K)	Cv (J/g*K)	Cp (J/g*K)	Sound Spd. (m/s)	Joule-Thomson (K/bar)	Viscosity (Pa*s)	Therm. Cond. (W/m*K)	Phase
106.00	609.00	467.40	0.0021395	-51.441	78.855	-0.52429	2.2101	3.1959	1771.4	-0.052254	0.00023678	0.24379	liquid
107.00	609.00	466.43	0.0021439	-48.515	82.050	-0.49429	2.2060	3.1954	1765.7	-0.052213	0.00022994	0.24280	liquid
108.00	609.00	465.47	0.0021484	-45.591	85.245	-0.46456	2.2018	3.1950	1759.9	-0.052170	0.00022349	0.24180	liquid
109.00	609.00	464.50	0.0021529	-42.669	88.440	-0.43512	2.1977	3.1945	1754.2	-0.052125	0.00021739	0.24079	liquid
110.00	609.00	463.53	0.0021573	-39.747	91.634	-0.40595	2.1937	3.1940	1748.4	-0.052080	0.00021162	0.23978	liquid
111.00	609.00	462.57	0.0021618	-36.827	94.828	-0.37704	2.1897	3.1936	1742.7	-0.052033	0.00020614	0.23876	liquid
112.00	609.00	461.61	0.0021663	-33.909	98.022	-0.34840	2.1857	3.1931	1736.9	-0.051986	0.00020095	0.23773	liquid
113.00	609.00	460.64	0.0021709	-30.992	101.21	-0.32002	2.1817	3.1926	1731.2	-0.051937	0.00019602	0.23671	liquid
114.00	609.00	459.68	0.0021754	-28.076	104.41	-0.29190	2.1777	3.1921	1725.5	-0.051888	0.00019134	0.23567	liquid
115.00	609.00	458.72	0.0021800	-25.162	107.60	-0.26402	2.1738	3.1917	1719.7	-0.051837	0.00018688	0.23464	liquid
116.00	609.00	457.76	0.0021846	-22.250	110.79	-0.23639	2.1699	3.1912	1714.0	-0.051786	0.00018263	0.23360	liquid
117.00	609.00	456.80	0.0021892	-19.338	113.98	-0.20900	2.1660	3.1907	1708.3	-0.051733	0.00017858	0.23255	liquid
118.00	609.00	455.84	0.0021938	-16.429	117.17	-0.18185	2.1622	3.1902	1702.6	-0.051679	0.00017471	0.23151	liquid
119.00	609.00	454.88	0.0021984	-13.521	120.36	-0.15493	2.1583	3.1896	1696.9	-0.051625	0.00017102	0.23046	liquid
120.00	609.00	453.92	0.0022030	-10.614	123.55	-0.12824	2.1545	3.1891	1691.2	-0.051569	0.00016749	0.22941	liquid
121.00	609.00	452.96	0.0022077	-7.7094	126.74	-0.10177	2.1507	3.1886	1685.5	-0.051513	0.00016411	0.22836	liquid
122.00	609.00	452.00	0.0022124	-4.8061	129.93	-0.075532	2.1469	3.1880	1679.9	-0.051455	0.00016087	0.22730	liquid
123.00	609.00	451.04	0.0022171	-1.9044	133.12	-0.049509	2.1432	3.1875	1674.2	-0.051397	0.00015776	0.22625	liquid
124.00	609.00	450.09	0.0022218	0.99572	136.30	-0.023702	2.1394	3.1869	1668.6	-0.051337	0.00015479	0.22519	liquid
125.00	609.00	449.13	0.0022265	3.8942	139.49	0.0018941	2.1357	3.1863	1662.9	-0.051277	0.00015192	0.22414	liquid
126.00	609.00	448.17	0.0022313	6.7909	142.68	0.027281	2.1320	3.1858	1657.3	-0.051215	0.00014917	0.22308	liquid
127.00	609.00	447.22	0.0022360	9.6860	145.86	0.052463	2.1283	3.1852	1651.7	-0.051153	0.00014653	0.22203	liquid
128.00	609.00	446.26	0.0022408	12.579	149.05	0.077443	2.1247	3.1846	1646.1	-0.051089	0.00014398	0.22098	liquid
129.00	609.00	445.31	0.0022456	15.471	152.23	0.10222	2.1211	3.1840	1640.6	-0.051024	0.00014153	0.21992	liquid
130.00	609.00	444.35	0.0022505	18.361	155.41	0.12681	2.1174	3.1834	1635.0	-0.050959	0.00013916	0.21887	liquid
131.00	609.00	443.40	0.0022553	21.249	158.60	0.15120	2.1139	3.1828	1629.4	-0.050892	0.00013688	0.21782	liquid
132.00	609.00	442.45	0.0022602	24.136	161.78	0.17540	2.1103	3.1822	1623.9	-0.050824	0.00013467	0.21677	liquid
133.00	609.00	441.49	0.0022650	27.020	164.96	0.19941	2.1067	3.1815	1618.4	-0.050755	0.00013254	0.21572	liquid
134.00	609.00	440.54	0.0022699	29.903	168.14	0.22324	2.1032	3.1809	1612.9	-0.050684	0.00013048	0.21467	liquid
135.00	609.00	439.59	0.0022749	32.784	171.32	0.24689	2.0997	3.1803	1607.4	-0.050613	0.00012849	0.21363	liquid
136.00	609.00	438.64	0.0022798	35.664	174.50	0.27036	2.0963	3.1796	1601.9	-0.050540	0.00012657	0.21258	liquid
137.00	609.00	437.68	0.0022848	38.541	177.68	0.29365	2.0928	3.1790	1596.5	-0.050467	0.00012470	0.21154	liquid
138.00	609.00	436.73	0.0022897	41.417	180.86	0.31677	2.0894	3.1784	1591.0	-0.050392	0.00012289	0.21051	liquid
139.00	609.00	435.78	0.0022947	44.290	184.04	0.33972	2.0860	3.1777	1585.6	-0.050316	0.00012114	0.20947	liquid
140.00	609.00	434.83	0.0022997	47.162	187.22	0.36249	2.0826	3.1771	1580.2	-0.050238	0.00011943	0.20844	liquid
141.00	609.00	433.88	0.0023048	50.032	190.39	0.38510	2.0793	3.1765	1574.8	-0.050159	0.00011778	0.20741	liquid
142.00	609.00	432.93	0.0023098	52.901	193.57	0.40755	2.0759	3.1758	1569.4	-0.050080	0.00011618	0.20638	liquid
143.00	609.00	431.98	0.0023149	55.767	196.74	0.42983	2.0726	3.1752	1564.1	-0.049998	0.00011462	0.20536	liquid
144.00	609.00	431.03	0.0023200	58.631	199.92	0.45196	2.0694	3.1745	1558.7	-0.049916	0.00011310	0.20434	liquid
145.00	609.00	430.08	0.0023251	61.494	203.09	0.47393	2.0661	3.1739	1553.4	-0.049832	0.00011163	0.20332	liquid
146.00	609.00	429.14	0.0023303	64.355	206.27	0.49574	2.0629	3.1733	1548.1	-0.049747	0.00011019	0.20231	liquid
147.00	609.00	428.19	0.0023354	67.213	209.44	0.51740	2.0597	3.1726	1542.8	-0.049661	0.00010880	0.20130	liquid
148.00	609.00	427.24	0.0023406	70.070	212.61	0.53890	2.0565	3.1720	1537.6	-0.049573	0.00010744	0.20029	liquid
149.00	609.00	426.29	0.0023458	72.925	215.78	0.56026	2.0534	3.1714	1532.3	-0.049484	0.00010611	0.19929	liquid
150.00	609.00	425.35	0.0023510	75.778	218.96	0.58147	2.0503	3.1707	1527.1	-0.049393	0.00010482	0.19829	liquid
151.00	609.00	424.40	0.0023563	78.629	222.13	0.60254	2.0472	3.1701	1521.9	-0.049302	0.00010356	0.19730	liquid
152.00	609.00	423.45	0.0023615	81.479	225.30	0.62346	2.0441	3.1695	1516.7	-0.049208	0.00010233	0.19631	liquid
153.00	609.00	422.51	0.0023668	84.326	228.46	0.64424	2.0411	3.1689	1511.5	-0.049114	0.00010113	0.19533	liquid
154.00	609.00	421.56	0.0023721	87.171	231.63	0.66488	2.0381	3.1683	1506.3	-0.049018	9.9961e-05	0.19435	liquid
155.00	609.00	420.62	0.0023775	90.015	234.80	0.68539	2.0351	3.1677	1501.2	-0.048920	9.8817e-05	0.19337	liquid
156.00	609.00	419.67	0.0023828	92.856	237.97	0.70576	2.0322	3.1671	1496.1	-0.048822	9.7700e-05	0.19240	liquid
157.00	609.00	418.73	0.0023882	95.695	241.14	0.72599	2.0293	3.1665	1491.0	-0.048721	9.6608e-05	0.19143	liquid
158.00	609.00	417.78	0.0023936	98.533	244.30	0.74610	2.0264	3.1659	1485.9	-0.048620	9.5541e-05	0.19047	liquid
159.00	609.00	416.84	0.0023990	101.37	247.47	0.76607	2.0235	3.1653	1480.8	-0.048517	9.4498e-05	0.18951	liquid
160.00	609.00	415.90	0.0024044	104.20	250.63	0.78591	2.0207	3.1647	1475.8	-0.048412	9.3477e-05	0.18856	liquid
161.00	609.00	414.96	0.0024099	107.03	253.80	0.80563	2.0179	3.1641	1470.8	-0.048306	9.2478e-05	0.18761	liquid
162.00	609.00	414.01	0.0024154	109.86	256.96	0.82522	2.0151	3.1636	1465.8	-0.048198	9.1501e-05	0.18667	liquid
163.00	609.00	413.07	0.0024209	112.69	260.12	0.84468	2.0123	3.1630	1460.8	-0.048090	9.0544e-05	0.18573	liquid
164.00	609.00	412.13	0.0024264	115.52	263.29	0.86403	2.0096	3.1625	1455.8	-0.047979	8.9607e-05	0.18479	liquid
165.00	609.00	411.19	0.0024320	118.34	266.45	0.88325	2.0069	3.1619	1450.9	-0.047867	8.8690e-05	0.18387	liquid
166.00	609.00	410.25	0.0024376	121.16	269.61	0.90236	2.0043	3.1614	1446.0	-0.047754	8.7790e-05	0.18294	liquid
167.00	609.00	409.31	0.0024432	123.98	272.77	0.92134	2.0017	3.1609	1441.1	-0.047639	8.6909e-05	0.18202	liquid
168.00	609.00	408.37	0.0024488	126.80	275.93	0.94021	1.9991	3.1603	1436.2	-0.047522	8.6046e-05	0.18111	liquid
169.00	609.00	407.43	0.0024544	129.62	279.09	0.95896	1.9965	3.1598	1431.3	-0.047405	8.5199e-05	0.18020	liquid
170.00	609.00	406.49	0.0024601	132.43	282.25	0.97761	1.9939	3.1593	1426.5	-0.047285	8.4369e-05	0.17930	liquid
171.00	609.00	405.55	0.0024658	135.24	285.41	0.99613	1.9914	3.1588	1421.7	-0.047164	8.3554e-05	0.17840	liquid
172.00	609.00	404.61	0.0024715	138.05	288.57	1.0146	1.9890	3.1583	1416.9	-0.047042	8.2755e-05	0.17751	liquid
173.00	609.00	403.67	0.0024773	140.86	291.73	1.0329	1.9865	3.1578	1412.1	-0.046918	8.1971e-05	0.17663	liquid
174.00	609.00	402.73	0.0024830	143.67	294.89	1.0511	1.9841	3.1574	1407.3	-0.046793	8.1202e-05	0.17575	liquid
175.00	609.00	401.80	0.0024888	146.47	298.04	1.0692	1.9817	3.1569	1402.6	-0.046666	8.0446e-05	0.17487	liquid
176.00	609.00	400.86	0.0024946	149.28	301.20	1.0871	1.9793	3.1564	1397.9	-0.046537	7.9705e-05	0.17400	liquid
177.00	609.00	399.92	0.0025005	152.08	304.36	1.1050	1.9770	3.1560	1393.2	-0.046407	7.8976e-05	0.17313	liquid
178.00	609.00	398.99	0.0025063	154.87	307.51	1.1228	1.9747	3.1555	1388.5	-0.046276	7.8261e-05	0.17228	liquid
179.00	609.00	398.05	0.0025122	157.67	310.67	1.1405	1.9724	3.1551	1383.9	-0.046143	7.7559e-05	0.17142	liquid
180.00	609.00	397.12	0.0025181	160.47	313.82	1.1581	1.9702	3.1547	1379.2	-0.046008	7.6868e-05	0.17057	liquid
181.00	609.00	396.18	0.0025241	163.26	316.98	1.1755	1.9680	3.1543	1374.6	-0.045872	7.6190e-05	0.16973	liquid
182.00	609.00	395.25	0.0025300	166.05	320.13	1.1929	1.9658	3.1538	1370.0	-0.045735	7.5523e-05	0.16890	liquid
183.00	609.00	394.32	0.0025360	168.84	323.28	1.2102	1.9637	3.1534	1365.5	-0.045595	7.4868e-05	0.16806	liquid
184.00	609.00	393.38	0.0025420	171.63	326.44	1.2274	1.9616	3.1531	1360.9	-0.045455	7.4224e-05	0.16724	liquid
185.00	609.00	392.45	0.0025481	174.41	329.59	1.2445	1.9595	3.1527	1356.4	-0.045313	7.3591e-05	0.16642	liquid
186.00	609.00	391.52	0.0025542	177.19	332.74	1.2615	1.9574	3.1523	1351.9	-0.045169	7.2968e-05	0.16560	liquid
187.00	609.00	390.59	0.0025602	179.98	335.89	1.2784	1.9554	3.1519	1347.4	-0.045024	7.2355e-05	0.16480	liquid
188.00	609.00	389.66	0.0025664	182.75	339.05	1.2952	1.9534	3.1516	1342.9	-0.044878	7.1753e-05	0.16399	liquid
189.00	609.00	388.73	0.0025725	185.53	342.20	1.3119	1.9515	3.1512	1338.5	-0.044730	7.1160e-05	0.16320	liquid
190.00	609.00	387.80	0.0025787	188.31	345.35	1.3285	1.9496	3.1509	1334.1	-0.044580	7.0577e-05	0.16241	liquid
191.00	609.00	386.87	0.0025849	191.08	348.50	1.3450	1.9477	3.1506	1329.7	-0.044429	7.0003e-05	0.16162	supercritical
192.00	609.00	385.94	0.0025911	193.85	351.65	1.3615	1.9458	3.1502	1325.3	-0.044277	6.9438e-05	0.16084	supercritical
193.00	609.00	385.01	0.0025973	196.62	354.80	1.3779	1.9440	3.1499	1321.0	-0.044123	6.8882e-05	0.16006	supercritical
194.00	609.00	384.09	0.0026036	199.39	357.95	1.3941	1.9422	3.1496	1316.6	-0.043968	6.8335e-05	0.15929	supercritical
195.00	609.00	383.16	0.0026099	202.16	361.10	1.4103	1.9404	3.1493	1312.3	-0.043811	6.7796e-05	0.15853	supercritical
196.00	609.00	382.23	0.0026162	204.92	364.25	1.4264	1.9387	3.1490	1308.0	-0.043652	6.7266e-05	0.15777	supercritical
197.00	609.00	381.31	0.0026226	207.68	367.40	1.4425	1.9370	3.1487	1303.8	-0.043493	6.6743e-05	0.15702	supercritical
198.00	609.00	380.38	0.0026289	210.44	370.55	1.4584	1.9353	3.1485	1299.5	-0.043332	6.6229e-05	0.15627	supercritical
199.00	609.00	379.46	0.0026353	213.20	373.69	1.4743	1.9336	3.1482	1295.3	-0.043169	6.5723e-05	0.15553	supercritical
200.00	609.00	378.54	0.0026418	215.96	376.84	1.4901	1.9320	3.1480	1291.1	-0.043005	6.5224e-05	0.15479	supercritical
201.00	609.00	377.61	0.0026482	218.71	379.99	1.5058	1.9305	3.1477	1286.9	-0.042840	6.4732e-05	0.15406	supercritical
202.00	609.00	376.69	0.0026547	221.47	383.14	1.5214	1.9289	3.1475	1282.8	-0.042673	6.4248e-05	0.15334	supercritical
203.00	609.00	375.77	0.0026612	224.22	386.28	1.5369	1.9274	3.1472	1278.7	-0.042505	6.3771e-05	0.15262	supercritical
204.00	609.00	374.85	0.0026677	226.97	389.43	1.5524	1.9259	3.1470	1274.5	-0.042336	6.3301e-05	0.15191	supercritical
205.00	609.00	373.93	0.0026743	229.71	392.58	1.5678	1.9245	3.1468	1270.5	-0.042165	6.2838e-05	0.15120	supercritical
206.00	609.00	373.01	0.0026809	232.46	395.73	1.5831	1.9230	3.1466	1266.4	-0.041993	6.2381e-05	0.15050	supercritical
207.00	609.00	372.10	0.0026875	235.20	398.87	1.5983	1.9216	3.1464	1262.3	-0.041820	6.1931e-05	0.14980	supercritical
208.00	609.00	371.18	0.0026941	237.95	402.02	1.6135	1.9203	3.1462	1258.3	-0.041645	6.1488e-05	0.14911	supercritical
209.00	609.00	370.26	0.0027008	240.69	405.16	1.6286	1.9190	3.1460	1254.3	-0.041469	6.1051e-05	0.14843	supercritical
210.00	609.00	369.35	0.0027075	243.42	408.31	1.6436	1.9177	3.1458	1250.4	-0.041292	6.0620e-05	0.14775	supercritical
211.00	609.00	368.43	0.0027142	246.16	411.46	1.6585	1.9164	3.1457	1246.4	-0.041114	6.0195e-05	0.14707	supercritical
212.00	609.00	367.52	0.0027209	248.90	414.60	1.6734	1.9152	3.1455	1242.5	-0.040934	5.9776e-05	0.14640	supercritical
213.00	609.00	366.61	0.0027277	251.63	417.75	1.6882	1.9140	3.1454	1238.6	-0.040753	5.9363e-05	0.14574	supercritical
214.00	609.00	365.69	0.0027345	254.36	420.89	1.7029	1.9128	3.1452	1234.7	-0.040571	5.8955e-05	0.14508	supercritical
215.00	609.00	364.78	0.0027414	257.09	424.04	1.7176	1.9117	3.1451	1230.8	-0.040387	5.8554e-05	0.14443	supercritical
216.00	609.00	363.87	0.0027482	259.82	427.18	1.7322	1.9106	3.1450	1227.0	-0.040203	5.8157e-05	0.14379	supercritical
217.00	609.00	362.96	0.0027551	262.54	430.33	1.7467	1.9095	3.1448	1223.2	-0.040017	5.7767e-05	0.14315	supercritical
218.00	609.00	362.06	0.0027620	265.27	433.47	1.7612	1.9085	3.1447	1219.4	-0.039830	5.7381e-05	0.14251	supercritical
219.00	609.00	361.15	0.0027689	267.99	436.62	1.7756	1.9075	3.1446	1215.6	-0.039642	5.7001e-05	0.14188	supercritical
220.00	609.00	360.24	0.0027759	270.71	439.76	1.7899	1.9065	3.1445	1211.8	-0.039453	5.6626e-05	0.14126	supercritical
221.00	609.00	359.34	0.0027829	273.43	442.91	1.8042	1.9055	3.1444	1208.1	-0.039263	5.6256e-05	0.14064	supercritical
222.00	609.00	358.43	0.0027899	276.14	446.05	1.8184	1.9046	3.1443	1204.4	-0.039072	5.5890e-05	0.14003	supercritical
223.00	609.00	357.53	0.0027970	278.86	449.19	1.8325	1.9038	3.1442	1200.7	-0.038880	5.5530e-05	0.13942	supercritical
224.00	609.00	356.63	0.0028040	281.57	452.34	1.8466	1.9029	3.1441	1197.1	-0.038686	5.5175e-05	0.13882	supercritical
225.00	609.00	355.73	0.0028111	284.28	455.48	1.8606	1.9021	3.1441	1193.4	-0.038492	5.4824e-05	0.13822	supercritical
226.00	609.00	354.83	0.0028183	286.99	458.63	1.8745	1.9013	3.1440	1189.8	-0.038297	5.4478e-05	0.13763	supercritical
227.00	609.00	353.93	0.0028254	289.70	461.77	1.8884	1.9006	3.1439	1186.2	-0.038101	5.4136e-05	0.13704	supercritical
228.00	609.00	353.03	0.0028326	292.41	464.91	1.9022	1.8998	3.1439	1182.6	-0.037904	5.3799e-05	0.13646	supercritical
229.00	609.00	352.13	0.0028398	295.11	468.06	1.9160	1.8991	3.1438	1179.1	-0.037706	5.3466e-05	0.13589	supercritical
230.00	609.00	351.24	0.0028471	297.82	471.20	1.9297	1.8985	3.1438	1175.6	-0.037507	5.3137e-05	0.13532	supercritical
231.00	609.00	350.35	0.0028543	300.52	474.35	1.9433	1.8979	3.1438	1172.1	-0.037307	5.2813e-05	0.13475	supercritical
232.00	609.00	349.45	0.0028616	303.22	477.49	1.9569	1.8973	3.1437	1168.6	-0.037106	5.2493e-05	0.13419	supercritical
233.00	609.00	348.56	0.0028689	305.91	480.63	1.9704	1.8967	3.1437	1165.1	-0.036905	5.2177e-05	0.13364	supercritical
234.00	609.00	347.67	0.0028763	308.61	483.78	1.9839	1.8962	3.1437	1161.7	-0.036702	5.1865e-05	0.13309	supercritical
235.00	609.00	346.78	0.0028837	311.31	486.92	1.9973	1.8957	3.1437	1158.3	-0.036499	5.1557e-05	0.13254	supercritical
236.00	609.00	345.89	0.0028911	314.00	490.06	2.0106	1.8952	3.1437	1154.9	-0.036296	5.1253e-05	0.13201	supercritical
237.00	609.00	345.01	0.0028985	316.69	493.21	2.0239	1.8947	3.1437	1151.5	-0.036091	5.0952e-05	0.13147	supercritical
238.00	609.00	344.12	0.0029059	319.38	496.35	2.0371	1.8943	3.1437	1148.2	-0.035886	5.0656e-05	0.13094	supercritical
239.00	609.00	343.24	0.0029134	322.07	499.50	2.0503	1.8940	3.1437	1144.9	-0.035680	5.0363e-05	0.13042	supercritical
240.00	609.00	342.36	0.0029209	324.75	502.64	2.0635	1.8936	3.1437	1141.6	-0.035474	5.0074e-05	0.12990	supercritical
241.00	609.00	341.47	0.0029285	327.44	505.78	2.0765	1.8933	3.1437	1138.3	-0.035266	4.9789e-05	0.12939	supercritical
242.00	609.00	340.59	0.0029360	330.12	508.93	2.0895	1.8930	3.1437	1135.1	-0.035059	4.9507e-05	0.12888	supercritical
243.00	609.00	339.72	0.0029436	332.80	512.07	2.1025	1.8928	3.1437	1131.8	-0.034850	4.9228e-05	0.12838	supercritical
244.00	609.00	338.84	0.0029513	335.48	515.21	2.1154	1.8925	3.1438	1128.6	-0.034642	4.8953e-05	0.12788	supercritical
245.00	609.00	337.96	0.0029589	338.16	518.36	2.1283	1.8923	3.1438	1125.4	-0.034432	4.8681e-05	0.12739	supercritical
246.00	609.00	337.09	0.0029666	340.84	521.50	2.1411	1.8922	3.1438	1122.3	-0.034222	4.8413e-05	0.12690	supercritical
247.00	609.00	336.22	0.0029743	343.51	524.65	2.1538	1.8920	3.1439	1119.1	-0.034012	4.8148e-05	0.12642	supercritical
248.00	609.00	335.35	0.0029820	346.19	527.79	2.1665	1.8919	3.1439	1116.0	-0.033801	4.7886e-05	0.12594	supercritical
249.00	609.00	334.48	0.0029897	348.86	530.93	2.1792	1.8919	3.1440	1112.9	-0.033590	4.7628e-05	0.12547	supercritical
250.00	609.00	333.61	0.0029975	351.53	534.08	2.1918	1.8918	3.1440	1109.9	-0.033379	4.7372e-05	0.12500	supercritical
251.00	609.00	332.74	0.0030053	354.20	537.22	2.2043	1.8918	3.1441	1106.8	-0.033167	4.7120e-05	0.12454	supercritical
252.00	609.00	331.88	0.0030132	356.86	540.37	2.2168	1.8918	3.1442	1103.8	-0.032955	4.6871e-05	0.12408	supercritical
253.00	609.00	331.01	0.0030210	359.53	543.51	2.2293	1.8919	3.1442	1100.8	-0.032742	4.6624e-05	0.12363	supercritical
254.00	609.00	330.15	0.0030289	362.19	546.65	2.2417	1.8919	3.1443	1097.8	-0.032529	4.6381e-05	0.12318	supercritical
255.00	609.00	329.29	0.0030368	364.86	549.80	2.2541	1.8921	3.1444	1094.8	-0.032316	4.6141e-05	0.12273	supercritical
256.00	609.00	328.43	0.0030448	367.52	552.94	2.2664	1.8922	3.1445	1091.9	-0.032103	4.5903e-05	0.12230	supercritical
257.00	609.00	327.58	0.0030527	370.18	556.09	2.2786	1.8924	3.1445	1089.0	-0.031890	4.5668e-05	0.12186	supercritical
258.00	609.00	326.72	0.0030607	372.83	559.23	2.2908	1.8926	3.1446	1086.1	-0.031676	4.5436e-05	0.12143	supercritical
259.00	609.00	325.87	0.0030687	375.49	562.38	2.3030	1.8928	3.1447	1083.2	-0.031463	4.5207e-05	0.12101	supercritical
260.00	609.00	325.02	0.0030768	378.15	565.52	2.3151	1.8930	3.1448	1080.4	-0.031249	4.4981e-05	0.12059	supercritical
261.00	609.00	324.17	0.0030848	380.80	568.67	2.3272	1.8933	3.1449	1077.6	-0.031035	4.4757e-05	0.12017	supercritical
262.00	609.00	323.32	0.0030929	383.45	571.81	2.3392	1.8936	3.1450	1074.8	-0.030821	4.4536e-05	0.11976	supercritical
263.00	609.00	322.47	0.0031010	386.10	574.96	2.3512	1.8940	3.1451	1072.0	-0.030608	4.4318e-05	0.11935	supercritical
264.00	609.00	321.63	0.0031092	388.75	578.10	2.3631	1.8943	3.1452	1069.2	-0.030394	4.4102e-05	0.11895	supercritical
265.00	609.00	320.78	0.0031174	391.40	581.25	2.3750	1.8947	3.1453	1066.5	-0.030180	4.3889e-05	0.11856	supercritical
266.00	609.00	319.94	0.0031256	394.05	584.39	2.3869	1.8952	3.1454	1063.8	-0.029966	4.3678e-05	0.11816	supercritical
267.00	609.00	319.10	0.0031338	396.69	587.54	2.3987	1.8956	3.1456	1061.1	-0.029753	4.3469e-05	0.11777	supercritical
268.00	609.00	318.27	0.0031420	399.33	590.68	2.4104	1.8961	3.1457	1058.4	-0.029539	4.3264e-05	0.11739	supercritical
269.00	609.00	317.43	0.0031503	401.98	593.83	2.4221	1.8966	3.1458	1055.7	-0.029326	4.3060e-05	0.11701	supercritical
270.00	609.00	316.60	0.0031586	404.62	596.97	2.4338	1.8971	3.1459	1053.1	-0.029113	4.2859e-05	0.11664	supercritical
271.00	609.00	315.77	0.0031669	407.26	600.12	2.4455	1.8977	3.1461	1050.5	-0.028900	4.2660e-05	0.11627	supercritical
272.00	609.00	314.94	0.0031752	409.89	603.27	2.4570	1.8983	3.1462	1047.9	-0.028688	4.2464e-05	0.11590	supercritical
273.00	609.00	314.11	0.0031836	412.53	606.41	2.4686	1.8989	3.1463	1045.3	-0.028475	4.2270e-05	0.11554	supercritical
274.00	609.00	313.28	0.0031920	415.17	609.56	2.4801	1.8996	3.1465	1042.8	-0.028263	4.2078e-05	0.11518	supercritical
275.00	609.00	312.46	0.0032004	417.80	612.71	2.4916	1.9002	3.1466	1040.3	-0.028052	4.1888e-05	0.11483	supercritical
276.00	609.00	311.64	0.0032089	420.43	615.85	2.5030	1.9009	3.1468	1037.8	-0.027840	4.1701e-05	0.11448	supercritical
277.00	609.00	310.82	0.0032173	423.06	619.00	2.5144	1.9017	3.1469	1035.3	-0.027629	4.1515e-05	0.11413	supercritical
278.00	609.00	310.00	0.0032258	425.69	622.15	2.5257	1.9024	3.1471	1032.8	-0.027419	4.1332e-05	0.11379	supercritical
279.00	609.00	309.18	0.0032343	428.32	625.29	2.5370	1.9032	3.1472	1030.4	-0.027209	4.1151e-05	0.11346	supercritical
280.00	609.00	308.37	0.0032429	430.95	628.44	2.5483	1.9040	3.1474	1028.0	-0.026999	4.0972e-05	0.11313	supercritical
281.00	609.00	307.56	0.0032514	433.58	631.59	2.5595	1.9049	3.1475	1025.6	-0.026790	4.0795e-05	0.11280	supercritical
282.00	609.00	306.75	0.0032600	436.20	634.74	2.5707	1.9057	3.1477	1023.2	-0.026581	4.0620e-05	0.11247	supercritical
283.00	609.00	305.94	0.0032686	438.83	637.88	2.5818	1.9066	3.1479	1020.9	-0.026373	4.0447e-05	0.11215	supercritical
284.00	609.00	305.14	0.0032772	441.45	641.03	2.5929	1.9075	3.1481	1018.5	-0.026166	4.0277e-05	0.11184	supercritical
285.00	609.00	304.33	0.0032859	444.07	644.18	2.6040	1.9085	3.1482	1016.2	-0.025959	4.0108e-05	0.11153	supercritical
286.00	609.00	303.53	0.0032945	446.69	647.33	2.6150	1.9094	3.1484	1013.9	-0.025752	3.9941e-05	0.11122	supercritical
287.00	609.00	302.73	0.0033032	449.31	650.48	2.6260	1.9104	3.1486	1011.6	-0.025547	3.9776e-05	0.11091	supercritical
288.00	609.00	301.94	0.0033120	451.93	653.63	2.6369	1.9114	3.1488	1009.4	-0.025342	3.9612e-05	0.11061	supercritical
289.00	609.00	301.14	0.0033207	454.54	656.77	2.6479	1.9125	3.1490	1007.2	-0.025138	3.9451e-05	0.11032	supercritical
290.00	609.00	300.35	0.0033295	457.16	659.92	2.6587	1.9135	3.1492	1004.9	-0.024934	3.9292e-05	0.11003	supercritical
291.00	609.00	299.56	0.0033382	459.77	663.07	2.6696	1.9146	3.1494	1002.7	-0.024731	3.9134e-05	0.10974	supercritical
292.00	609.00	298.77	0.0033471	462.39	666.22	2.6804	1.9157	3.1496	1000.6	-0.024529	3.8978e-05	0.10945	supercritical
293.00	609.00	297.98	0.0033559	465.00	669.37	2.6911	1.9169	3.1498	998.42	-0.024328	3.8824e-05	0.10917	supercritical
294.00	609.00	297.20	0.0033647	467.61	672.52	2.7019	1.9180	3.1500	996.29	-0.024127	3.8672e-05	0.10890	supercritical
295.00	609.00	296.42	0.0033736	470.22	675.67	2.7126	1.9192	3.1502	994.18	-0.023928	3.8521e-05	0.10862	supercritical
296.00	609.00	295.64	0.0033825	472.83	678.82	2.7232	1.9205	3.1504	992.08	-0.023729	3.8372e-05	0.10835	supercritical
297.00	609.00	294.86	0.0033914	475.44	681.97	2.7339	1.9217	3.1507	990.01	-0.023531	3.8225e-05	0.10809	supercritical
298.00	609.00	294.09	0.0034003	478.04	685.12	2.7445	1.9230	3.1509	987.95	-0.023334	3.8080e-05	0.10783	supercritical
299.00	609.00	293.32	0.0034093	480.65	688.27	2.7550	1.9242	3.1511	985.92	-0.023138	3.7936e-05	0.10757	supercritical
300.00	609.00	292.55	0.0034183	483.25	691.43	2.7655	1.9255	3.1514	983.90	-0.022943	3.7794e-05	0.10731	supercritical
301.00	609.00	291.78	0.0034273	485.86	694.58	2.7760	1.9269	3.1516	981.90	-0.022749	3.7653e-05	0.10706	supercritical
302.00	609.00	291.01	0.0034363	488.46	697.73	2.7865	1.9282	3.1518	979.92	-0.022556	3.7514e-05	0.10681	supercritical
303.00	609.00	290.25	0.0034453	491.06	700.88	2.7969	1.9296	3.1521	977.96	-0.022364	3.7377e-05	0.10657	supercritical
304.00	609.00	289.49	0.0034544	493.66	704.03	2.8073	1.9310	3.1523	976.02	-0.022173	3.7241e-05	0.10633	supercritical
305.00	609.00	288.73	0.0034634	496.26	707.19	2.8176	1.9324	3.1526	974.10	-0.021983	3.7107e-05	0.10609	supercritical
306.00	609.00	287.97	0.0034725	498.86	710.34	2.8279	1.9339	3.1529	972.20	-0.021794	3.6974e-05	0.10586	supercritical
307.00	609.00	287.22	0.0034816	501.46	713.49	2.8382	1.9354	3.1531	970.31	-0.021606	3.6843e-05	0.10563	supercritical
308.00	609.00	286.47	0.0034908	504.06	716.64	2.8485	1.9368	3.1534	968.45	-0.021419	3.6713e-05	0.10540	supercritical
309.00	609.00	285.72	0.0034999	506.65	719.80	2.8587	1.9384	3.1537	966.60	-0.021233	3.6584e-05	0.10518	supercritical
310.00	609.00	284.97	0.0035091	509.25	722.95	2.8689	1.9399	3.1540	964.77	-0.021049	3.6458e-05	0.10496	supercritical
311.00	609.00	284.23	0.0035183	511.84	726.11	2.8791	1.9415	3.1543	962.96	-0.020865	3.6332e-05	0.10474	supercritical
312.00	609.00	283.49	0.0035275	514.44	729.26	2.8892	1.9430	3.1546	961.16	-0.020683	3.6208e-05	0.10453	supercritical
313.00	609.00	282.75	0.0035367	517.03	732.42	2.8993	1.9446	3.1549	959.38	-0.020502	3.6086e-05	0.10432	supercritical
314.00	609.00	282.01	0.0035460	519.62	735.57	2.9093	1.9463	3.1552	957.63	-0.020322	3.5964e-05	0.10411	supercritical
315.00	609.00	281.28	0.0035552	522.21	738.73	2.9194	1.9479	3.1555	955.89	-0.020144	3.5845e-05	0.10391	supercritical
316.00	609.00	280.55	0.0035645	524.80	741.88	2.9294	1.9496	3.1558	954.16	-0.019966	3.5726e-05	0.10371	supercritical
317.00	609.00	279.82	0.0035738	527.39	745.04	2.9394	1.9512	3.1561	952.46	-0.019790	3.5609e-05	0.10351	supercritical
318.00	609.00	279.09	0.0035831	529.98	748.19	2.9493	1.9530	3.1564	950.77	-0.019615	3.5493e-05	0.10332	supercritical
319.00	609.00	278.36	0.0035924	532.57	751.35	2.9592	1.9547	3.1568	949.10	-0.019442	3.5379e-05	0.10313	supercritical
320.00	609.00	277.64	0.0036018	535.16	754.51	2.9691	1.9564	3.1571	947.44	-0.019269	3.5265e-05	0.10294	supercritical
321.00	609.00	276.92	0.0036111	537.75	757.66	2.9789	1.9582	3.1575	945.80	-0.019098	3.5154e-05	0.10275	supercritical
322.00	609.00	276.20	0.0036205	540.33	760.82	2.9888	1.9600	3.1578	944.18	-0.018929	3.5043e-05	0.10257	supercritical
323.00	609.00	275.49	0.0036299	542.92	763.98	2.9986	1.9618	3.1582	942.58	-0.018760	3.4934e-05	0.10239	supercritical
324.00	609.00	274.78	0.0036393	545.50	767.14	3.0083	1.9636	3.1585	940.99	-0.018593	3.4825e-05	0.10222	supercritical
325.00	609.00	274.07	0.0036487	548.09	770.30	3.0180	1.9655	3.1589	939.42	-0.018428	3.4719e-05	0.10205	supercritical
326.00	609.00	273.36	0.0036582	550.67	773.46	3.0278	1.9673	3.1593	937.87	-0.018263	3.4613e-05	0.10188	supercritical
327.00	609.00	272.65	0.0036676	553.26	776.62	3.0374	1.9692	3.1597	936.33	-0.018100	3.4508e-05	0.10171	supercritical
328.00	609.00	271.95	0.0036771	555.84	779.78	3.0471	1.9711	3.1601	934.81	-0.017939	3.4405e-05	0.10155	supercritical
329.00	609.00	271.25	0.0036866	558.42	782.94	3.0567	1.9730	3.1605	933.30	-0.017778	3.4303e-05	0.10139	supercritical
330.00	609.00	270.55	0.0036961	561.00	786.10	3.0663	1.9750	3.1609	931.82	-0.017620	3.4202e-05	0.10123	supercritical
331.00	609.00	269.86	0.0037056	563.58	789.26	3.0759	1.9769	3.1613	930.34	-0.017462	3.4102e-05	0.10107	supercritical
332.00	609.00	269.17	0.0037152	566.16	792.42	3.0854	1.9789	3.1617	928.88	-0.017306	3.4003e-05	0.10092	supercritical
333.00	609.00	268.48	0.0037247	568.74	795.58	3.0949	1.9809	3.1621	927.44	-0.017152	3.3906e-05	0.10077	supercritical
334.00	609.00	267.79	0.0037343	571.32	798.74	3.1044	1.9829	3.1626	926.02	-0.016998	3.3809e-05	0.10062	supercritical
335.00	609.00	267.10	0.0037439	573.90	801.91	3.1138	1.9850	3.1630	924.61	-0.016847	3.3714e-05	0.10048	supercritical
336.00	609.00	266.42	0.0037535	576.48	805.07	3.1233	1.9870	3.1635	923.21	-0.016696	3.3620e-05	0.10034	supercritical
337.00	609.00	265.74	0.0037631	579.06	808.23	3.1327	1.9891	3.1639	921.83	-0.016548	3.3526e-05	0.10020	supercritical
338.00	609.00	265.06	0.0037727	581.64	811.40	3.1420	1.9912	3.1644	920.46	-0.016400	3.3434e-05	0.10006	supercritical
339.00	609.00	264.39	0.0037823	584.22	814.56	3.1514	1.9933	3.1649	919.11	-0.016254	3.3343e-05	0.099931	supercritical
340.00	609.00	263.72	0.0037920	586.80	817.73	3.1607	1.9954	3.1653	917.78	-0.016110	3.3253e-05	0.099800	supercritical
341.00	609.00	263.05	0.0038016	589.37	820.89	3.1700	1.9975	3.1658	916.46	-0.015967	3.3164e-05	0.099672	supercritical
342.00	609.00	262.38	0.0038113	591.95	824.06	3.1793	1.9997	3.1663	915.15	-0.015825	3.3076e-05	0.099547	supercritical
343.00	609.00	261.71	0.0038210	594.53	827.22	3.1885	2.0019	3.1668	913.86	-0.015685	3.2989e-05	0.099424	supercritical
344.00	609.00	261.05	0.0038307	597.10	830.39	3.1978	2.0041	3.1673	912.59	-0.015547	3.2903e-05	0.099304	supercritical
345.00	609.00	260.39	0.0038404	599.68	833.56	3.2069	2.0063	3.1679	911.32	-0.015410	3.2818e-05	0.099186	supercritical
346.00	609.00	259.73	0.0038501	602.26	836.73	3.2161	2.0085	3.1684	910.07	-0.015274	3.2734e-05	0.099071	supercritical
347.00	609.00	259.08	0.0038598	604.83	839.90	3.2253	2.0107	3.1689	908.84	-0.015140	3.2651e-05	0.098958	supercritical
348.00	609.00	258.43	0.0038696	607.41	843.07	3.2344	2.0130	3.1695	907.62	-0.015008	3.2569e-05	0.098848	supercritical
349.00	609.00	257.78	0.0038794	609.98	846.24	3.2435	2.0152	3.1700	906.42	-0.014877	3.2488e-05	0.098740	supercritical
350.00	609.00	257.13	0.0038891	612.56	849.41	3.2525	2.0175	3.1706	905.22	-0.014747	3.2408e-05	0.098634	supercritical
351.00	609.00	256.48	0.0038989	615.13	852.58	3.2616	2.0198	3.1712	904.04	-0.014619	3.2328e-05	0.098531	supercritical
352.00	609.00	255.84	0.0039087	617.71	855.75	3.2706	2.0221	3.1718	902.88	-0.014493	3.2250e-05	0.098430	supercritical
353.00	609.00	255.20	0.0039185	620.28	858.92	3.2796	2.0245	3.1724	901.73	-0.014367	3.2172e-05	0.098332	supercritical
354.00	609.00	254.56	0.0039283	622.86	862.09	3.2886	2.0268	3.1730	900.59	-0.014244	3.2096e-05	0.098236	supercritical
355.00	609.00	253.93	0.0039381	625.43	865.27	3.2975	2.0292	3.1736	899.46	-0.014122	3.2020e-05	0.098142	supercritical
356.00	609.00	253.29	0.0039480	628.01	868.44	3.3065	2.0316	3.1742	898.35	-0.014001	3.1945e-05	0.098051	supercritical
357.00	609.00	252.66	0.0039578	630.58	871.61	3.3154	2.0340	3.1748	897.25	-0.013882	3.1871e-05	0.097962	supercritical
358.00	609.00	252.04	0.0039677	633.16	874.79	3.3243	2.0364	3.1755	896.17	-0.013765	3.1798e-05	0.097875	supercritical
359.00	609.00	251.41	0.0039775	635.73	877.97	3.3331	2.0388	3.1761	895.10	-0.013649	3.1726e-05	0.097790	supercritical
360.00	609.00	250.79	0.0039874	638.31	881.14	3.3419	2.0412	3.1768	894.04	-0.013534	3.1655e-05	0.097707	supercritical
361.00	609.00	250.17	0.0039973	640.88	884.32	3.3508	2.0437	3.1774	892.99	-0.013421	3.1584e-05	0.097627	supercritical
362.00	609.00	249.55	0.0040072	643.46	887.50	3.3596	2.0461	3.1781	891.95	-0.013310	3.1514e-05	0.097549	supercritical
363.00	609.00	248.93	0.0040171	646.03	890.68	3.3683	2.0486	3.1788	890.93	-0.013200	3.1445e-05	0.097473	supercritical
364.00	609.00	248.32	0.0040270	648.61	893.85	3.3771	2.0511	3.1795	889.92	-0.013091	3.1377e-05	0.097399	supercritical
365.00	609.00	247.71	0.0040370	651.18	897.03	3.3858	2.0536	3.1802	888.92	-0.012984	3.1310e-05	0.097328	supercritical
366.00	609.00	247.10	0.0040469	653.76	900.21	3.3945	2.0561	3.1809	887.94	-0.012878	3.1243e-05	0.097258	supercritical
367.00	609.00	246.50	0.0040568	656.34	903.40	3.4032	2.0587	3.1817	886.96	-0.012774	3.1177e-05	0.097191	supercritical
368.00	609.00	245.89	0.0040668	658.91	906.58	3.4118	2.0612	3.1824	886.00	-0.012672	3.1112e-05	0.097125	supercritical
369.00	609.00	245.29	0.0040767	661.49	909.76	3.4205	2.0638	3.1832	885.05	-0.012570	3.1048e-05	0.097062	supercritical
370.00	609.00	244.70	0.0040867	664.06	912.94	3.4291	2.0663	3.1839	884.11	-0.012471	3.0984e-05	0.097001	supercritical
371.00	609.00	244.10	0.0040967	666.64	916.13	3.4377	2.0689	3.1847	883.19	-0.012372	3.0922e-05	0.096941	supercritical
372.00	609.00	243.51	0.0041067	669.22	919.31	3.4463	2.0715	3.1855	882.27	-0.012276	3.0860e-05	0.096884	supercritical
373.00	609.00	242.92	0.0041167	671.80	922.50	3.4548	2.0741	3.1863	881.37	-0.012180	3.0798e-05	0.096829	supercritical
374.00	609.00	242.33	0.0041267	674.37	925.69	3.4633	2.0768	3.1871	880.47	-0.012087	3.0738e-05	0.096775	supercritical
375.00	609.00	241.74	0.0041367	676.95	928.87	3.4718	2.0794	3.1879	879.59	-0.011994	3.0678e-05	0.096724	supercritical
376.00	609.00	241.16	0.0041467	679.53	932.06	3.4803	2.0820	3.1887	878.72	-0.011903	3.0619e-05	0.096674	supercritical
377.00	609.00	240.58	0.0041567	682.11	935.25	3.4888	2.0847	3.1895	877.86	-0.011814	3.0560e-05	0.096627	supercritical
378.00	609.00	240.00	0.0041667	684.69	938.44	3.4973	2.0874	3.1904	877.01	-0.011725	3.0503e-05	0.096581	supercritical
379.00	609.00	239.42	0.0041768	687.27	941.63	3.5057	2.0901	3.1912	876.18	-0.011639	3.0446e-05	0.096537	supercritical
380.00	609.00	238.85	0.0041868	689.85	944.82	3.5141	2.0927	3.1921	875.35	-0.011554	3.0389e-05	0.096495	supercritical
381.00	609.00	238.27	0.0041969	692.43	948.02	3.5225	2.0955	3.1930	874.53	-0.011470	3.0334e-05	0.096455	supercritical
382.00	609.00	237.70	0.0042069	695.01	951.21	3.5309	2.0982	3.1938	873.73	-0.011387	3.0278e-05	0.096417	supercritical
383.00	609.00	237.14	0.0042170	697.59	954.40	3.5392	2.1009	3.1947	872.93	-0.011306	3.0224e-05	0.096380	supercritical
384.00	609.00	236.57	0.0042271	700.17	957.60	3.5475	2.1036	3.1957	872.15	-0.011226	3.0170e-05	0.096345	supercritical
385.00	609.00	236.01	0.0042371	702.75	960.80	3.5559	2.1064	3.1966	871.37	-0.011148	3.0117e-05	0.096313	supercritical
386.00	609.00	235.45	0.0042472	705.34	963.99	3.5642	2.1092	3.1975	870.61	-0.011071	3.0065e-05	0.096281	supercritical
387.00	609.00	234.89	0.0042573	707.92	967.19	3.5724	2.1119	3.1984	869.86	-0.010996	3.0013e-05	0.096252	supercritical
388.00	609.00	234.33	0.0042674	710.50	970.39	3.5807	2.1147	3.1994	869.11	-0.010921	2.9962e-05	0.096224	supercritical
389.00	609.00	233.78	0.0042775	713.09	973.59	3.5889	2.1175	3.2004	868.38	-0.010848	2.9911e-05	0.096198	supercritical
390.00	609.00	233.23	0.0042876	715.67	976.79	3.5971	2.1203	3.2013	867.65	-0.010777	2.9861e-05	0.096174	supercritical
391.00	609.00	232.68	0.0042977	718.26	979.99	3.6053	2.1231	3.2023	866.94	-0.010707	2.9812e-05	0.096152	supercritical
392.00	609.00	232.13	0.0043078	720.85	983.19	3.6135	2.1260	3.2033	866.23	-0.010638	2.9763e-05	0.096131	supercritical
393.00	609.00	231.59	0.0043180	723.43	986.40	3.6217	2.1288	3.2043	865.54	-0.010570	2.9715e-05	0.096112	supercritical
394.00	609.00	231.05	0.0043281	726.02	989.60	3.6298	2.1316	3.2053	864.85	-0.010504	2.9667e-05	0.096094	supercritical
395.00	609.00	230.51	0.0043382	728.61	992.81	3.6379	2.1345	3.2064	864.17	-0.010439	2.9620e-05	0.096078	supercritical
396.00	609.00	229.97	0.0043484	731.20	996.02	3.6461	2.1374	3.2074	863.50	-0.010376	2.9574e-05	0.096064	supercritical
397.00	609.00	229.44	0.0043585	733.79	999.22	3.6541	2.1402	3.2085	862.85	-0.010313	2.9528e-05	0.096051	supercritical
398.00	609.00	228.90	0.0043687	736.38	1002.4	3.6622	2.1431	3.2095	862.20	-0.010252	2.9483e-05	0.096040	supercritical
399.00	609.00	228.37	0.0043788	738.97	1005.6	3.6703	2.1460	3.2106	861.56	-0.010192	2.9438e-05	0.096030	supercritical
400.00	609.00	227.84	0.0043890	741.57	1008.9	3.6783	2.1489	3.2117	860.92	-0.010134	2.9394e-05	0.096022	supercritical
401.00	609.00	227.32	0.0043991	744.16	1012.1	3.6863	2.1518	3.2128	860.30	-0.010076	2.9350e-05	0.096016	supercritical
402.00	609.00	226.79	0.0044093	746.75	1015.3	3.6943	2.1548	3.2139	859.69	-0.010020	2.9307e-05	0.096011	supercritical
403.00	609.00	226.27	0.0044195	749.35	1018.5	3.7023	2.1577	3.2150	859.08	-0.0099654	2.9265e-05	0.096008	supercritical
404.00	609.00	225.75	0.0044296	751.95	1021.7	3.7103	2.1606	3.2161	858.49	-0.0099118	2.9223e-05	0.096006	supercritical
405.00	609.00	225.24	0.0044398	754.54	1024.9	3.7182	2.1636	3.2173	857.90	-0.0098594	2.9181e-05	0.096006	supercritical
406.00	609.00	224.72	0.0044500	757.14	1028.1	3.7262	2.1665	3.2184	857.32	-0.0098082	2.9140e-05	0.096007	supercritical
407.00	609.00	224.21	0.0044602	759.74	1031.4	3.7341	2.1695	3.2196	856.75	-0.0097581	2.9100e-05	0.096009	supercritical
408.00	609.00	223.70	0.0044704	762.34	1034.6	3.7420	2.1725	3.2208	856.19	-0.0097093	2.9060e-05	0.096013	supercritical
409.00	609.00	223.19	0.0044806	764.94	1037.8	3.7499	2.1755	3.2220	855.63	-0.0096616	2.9020e-05	0.096019	supercritical
410.00	609.00	222.68	0.0044907	767.54	1041.0	3.7578	2.1785	3.2231	855.08	-0.0096150	2.8982e-05	0.096026	supercritical
411.00	609.00	222.18	0.0045009	770.14	1044.3	3.7656	2.1815	3.2244	854.55	-0.0095697	2.8943e-05	0.096034	supercritical
412.00	609.00	221.67	0.0045111	772.75	1047.5	3.7734	2.1845	3.2256	854.01	-0.0095254	2.8905e-05	0.096044	supercritical
413.00	609.00	221.17	0.0045214	775.35	1050.7	3.7813	2.1875	3.2268	853.49	-0.0094823	2.8868e-05	0.096055	supercritical
414.00	609.00	220.67	0.0045316	777.96	1053.9	3.7891	2.1905	3.2280	852.98	-0.0094404	2.8831e-05	0.096068	supercritical
415.00	609.00	220.18	0.0045418	780.56	1057.2	3.7969	2.1935	3.2293	852.47	-0.0093995	2.8794e-05	0.096082	supercritical
416.00	609.00	219.68	0.0045520	783.17	1060.4	3.8046	2.1966	3.2306	851.97	-0.0093597	2.8758e-05	0.096097	supercritical
417.00	609.00	219.19	0.0045622	785.78	1063.6	3.8124	2.1996	3.2318	851.48	-0.0093210	2.8722e-05	0.096114	supercritical
418.00	609.00	218.70	0.0045724	788.39	1066.9	3.8201	2.2027	3.2331	850.99	-0.0092834	2.8687e-05	0.096132	supercritical
419.00	609.00	218.21	0.0045826	791.00	1070.1	3.8279	2.2057	3.2344	850.52	-0.0092469	2.8653e-05	0.096152	supercritical
420.00	609.00	217.73	0.0045929	793.61	1073.3	3.8356	2.2088	3.2357	850.05	-0.0092114	2.8618e-05	0.096172	supercritical
421.00	609.00	217.25	0.0046031	796.23	1076.6	3.8433	2.2119	3.2371	849.59	-0.0091770	2.8585e-05	0.096194	supercritical
422.00	609.00	216.76	0.0046133	798.84	1079.8	3.8510	2.2150	3.2384	849.13	-0.0091437	2.8551e-05	0.096218	supercritical
423.00	609.00	216.28	0.0046236	801.46	1083.0	3.8586	2.2181	3.2397	848.68	-0.0091113	2.8518e-05	0.096242	supercritical
424.00	609.00	215.81	0.0046338	804.08	1086.3	3.8663	2.2212	3.2411	848.24	-0.0090800	2.8486e-05	0.096268	supercritical
425.00	609.00	215.33	0.0046440	806.69	1089.5	3.8739	2.2243	3.2424	847.81	-0.0090497	2.8454e-05	0.096295	supercritical
426.00	609.00	214.86	0.0046543	809.31	1092.8	3.8815	2.2274	3.2438	847.38	-0.0090204	2.8422e-05	0.096324	supercritical
427.00	609.00	214.39	0.0046645	811.94	1096.0	3.8891	2.2305	3.2452	846.96	-0.0089921	2.8391e-05	0.096353	supercritical
428.00	609.00	213.92	0.0046747	814.56	1099.2	3.8967	2.2336	3.2466	846.55	-0.0089647	2.8360e-05	0.096384	supercritical
429.00	609.00	213.45	0.0046850	817.18	1102.5	3.9043	2.2367	3.2480	846.14	-0.0089383	2.8330e-05	0.096417	supercritical
430.00	609.00	212.98	0.0046952	819.81	1105.7	3.9119	2.2399	3.2494	845.75	-0.0089129	2.8300e-05	0.096450	supercritical
431.00	609.00	212.52	0.0047055	822.43	1109.0	3.9194	2.2430	3.2509	845.35	-0.0088885	2.8270e-05	0.096485	supercritical
432.00	609.00	212.06	0.0047157	825.06	1112.2	3.9270	2.2462	3.2523	844.97	-0.0088649	2.8241e-05	0.096520	supercritical
433.00	609.00	211.60	0.0047260	827.69	1115.5	3.9345	2.2493	3.2538	844.59	-0.0088423	2.8212e-05	0.096557	supercritical
434.00	609.00	211.14	0.0047362	830.32	1118.8	3.9420	2.2525	3.2552	844.21	-0.0088207	2.8184e-05	0.096596	supercritical
435.00	609.00	210.68	0.0047465	832.95	1122.0	3.9495	2.2557	3.2567	843.85	-0.0087999	2.8156e-05	0.096635	supercritical
436.00	609.00	210.23	0.0047567	835.58	1125.3	3.9570	2.2588	3.2582	843.49	-0.0087800	2.8128e-05	0.096675	supercritical
437.00	609.00	209.78	0.0047670	838.22	1128.5	3.9644	2.2620	3.2597	843.13	-0.0087611	2.8101e-05	0.096717	supercritical
438.00	609.00	209.33	0.0047772	840.85	1131.8	3.9719	2.2652	3.2612	842.79	-0.0087430	2.8074e-05	0.096760	supercritical
439.00	609.00	208.88	0.0047875	843.49	1135.0	3.9793	2.2684	3.2627	842.44	-0.0087257	2.8048e-05	0.096804	supercritical
440.00	609.00	208.43	0.0047978	846.13	1138.3	3.9867	2.2716	3.2642	842.11	-0.0087094	2.8022e-05	0.096849	supercritical
441.00	609.00	207.99	0.0048080	848.77	1141.6	3.9942	2.2748	3.2658	841.78	-0.0086939	2.7996e-05	0.096895	supercritical
442.00	609.00	207.54	0.0048183	851.41	1144.8	4.0016	2.2780	3.2673	841.45	-0.0086792	2.7971e-05	0.096942	supercritical
443.00	609.00	207.10	0.0048285	854.05	1148.1	4.0089	2.2812	3.2689	841.14	-0.0086653	2.7946e-05	0.096991	supercritical
444.00	609.00	206.66	0.0048388	856.70	1151.4	4.0163	2.2844	3.2704	840.82	-0.0086523	2.7921e-05	0.097040	supercritical
445.00	609.00	206.23	0.0048491	859.35	1154.7	4.0237	2.2877	3.2720	840.52	-0.0086401	2.7897e-05	0.097091	supercritical
446.00	609.00	205.79	0.0048593	861.99	1157.9	4.0310	2.2909	3.2736	840.22	-0.0086287	2.7873e-05	0.097143	supercritical
447.00	609.00	205.36	0.0048696	864.64	1161.2	4.0383	2.2941	3.2752	839.92	-0.0086180	2.7849e-05	0.097195	supercritical
448.00	609.00	204.92	0.0048798	867.29	1164.5	4.0457	2.2974	3.2768	839.63	-0.0086082	2.7826e-05	0.097249	supercritical
449.00	609.00	204.49	0.0048901	869.95	1167.8	4.0530	2.3006	3.2784	839.35	-0.0085991	2.7803e-05	0.097304	supercritical
450.00	609.00	204.07	0.0049004	872.60	1171.0	4.0603	2.3039	3.2800	839.07	-0.0085908	2.7780e-05	0.097360	supercritical
451.00	609.00	203.64	0.0049106	875.26	1174.3	4.0676	2.3071	3.2817	838.80	-0.0085833	2.7758e-05	0.097417	supercritical
452.00	609.00	203.22	0.0049209	877.91	1177.6	4.0748	2.3104	3.2833	838.53	-0.0085765	2.7736e-05	0.097475	supercritical
453.00	609.00	202.79	0.0049312	880.57	1180.9	4.0821	2.3137	3.2850	838.27	-0.0085704	2.7714e-05	0.097534	supercritical
454.00	609.00	202.37	0.0049414	883.23	1184.2	4.0893	2.3169	3.2867	838.01	-0.0085651	2.7693e-05	0.097594	supercritical
455.00	609.00	201.95	0.0049517	885.90	1187.5	4.0966	2.3202	3.2883	837.76	-0.0085604	2.7672e-05	0.097655	supercritical
456.00	609.00	201.53	0.0049620	888.56	1190.7	4.1038	2.3235	3.2900	837.52	-0.0085565	2.7651e-05	0.097717	supercritical
457.00	609.00	201.12	0.0049722	891.23	1194.0	4.1110	2.3268	3.2917	837.28	-0.0085533	2.7631e-05	0.097780	supercritical
458.00	609.00	200.70	0.0049825	893.89	1197.3	4.1182	2.3300	3.2934	837.04	-0.0085508	2.7611e-05	0.097843	supercritical
459.00	609.00	200.29	0.0049927	896.56	1200.6	4.1254	2.3333	3.2952	836.81	-0.0085489	2.7591e-05	0.097908	supercritical
460.00	609.00	199.88	0.0050030	899.23	1203.9	4.1325	2.3366	3.2969	836.58	-0.0085477	2.7572e-05	0.097974	supercritical
461.00	609.00	199.47	0.0050133	901.91	1207.2	4.1397	2.3399	3.2986	836.36	-0.0085472	2.7553e-05	0.098041	supercritical
462.00	609.00	199.06	0.0050235	904.58	1210.5	4.1469	2.3432	3.3004	836.15	-0.0085473	2.7534e-05	0.098109	supercritical
463.00	609.00	198.66	0.0050338	907.26	1213.8	4.1540	2.3465	3.3021	835.93	-0.0085481	2.7515e-05	0.098178	supercritical
464.00	609.00	198.25	0.0050441	909.94	1217.1	4.1611	2.3498	3.3039	835.73	-0.0085495	2.7497e-05	0.098247	supercritical
465.00	609.00	197.85	0.0050543	912.62	1220.4	4.1682	2.3532	3.3057	835.53	-0.0085516	2.7479e-05	0.098318	supercritical
466.00	609.00	197.45	0.0050646	915.30	1223.7	4.1753	2.3565	3.3074	835.33	-0.0085542	2.7461e-05	0.098390	supercritical
467.00	609.00	197.05	0.0050748	917.98	1227.0	4.1824	2.3598	3.3092	835.14	-0.0085575	2.7444e-05	0.098462	supercritical
468.00	609.00	196.65	0.0050851	920.67	1230.3	4.1895	2.3631	3.3110	834.95	-0.0085614	2.7427e-05	0.098535	supercritical
469.00	609.00	196.26	0.0050954	923.35	1233.7	4.1966	2.3665	3.3129	834.77	-0.0085659	2.7410e-05	0.098610	supercritical
470.00	609.00	195.86	0.0051056	926.04	1237.0	4.2036	2.3698	3.3147	834.59	-0.0085709	2.7393e-05	0.098685	supercritical
471.00	609.00	195.47	0.0051159	928.73	1240.3	4.2107	2.3731	3.3165	834.41	-0.0085765	2.7377e-05	0.098761	supercritical
472.00	609.00	195.08	0.0051261	931.43	1243.6	4.2177	2.3765	3.3184	834.25	-0.0085827	2.7361e-05	0.098838	supercritical
473.00	609.00	194.69	0.0051364	934.12	1246.9	4.2247	2.3798	3.3202	834.08	-0.0085895	2.7345e-05	0.098916	supercritical
474.00	609.00	194.30	0.0051467	936.82	1250.2	4.2318	2.3831	3.3221	833.92	-0.0085968	2.7330e-05	0.098994	supercritical
475.00	609.00	193.91	0.0051569	939.52	1253.6	4.2388	2.3865	3.3239	833.76	-0.0086047	2.7315e-05	0.099074	supercritical
476.00	609.00	193.53	0.0051672	942.22	1256.9	4.2458	2.3899	3.3258	833.61	-0.0086131	2.7300e-05	0.099155	supercritical
477.00	609.00	193.15	0.0051774	944.92	1260.2	4.2527	2.3932	3.3277	833.46	-0.0086220	2.7285e-05	0.099236	supercritical
478.00	609.00	192.76	0.0051877	947.62	1263.6	4.2597	2.3966	3.3296	833.32	-0.0086315	2.7271e-05	0.099318	supercritical
479.00	609.00	192.38	0.0051979	950.33	1266.9	4.2667	2.3999	3.3315	833.18	-0.0086414	2.7256e-05	0.099401	supercritical
480.00	609.00	192.01	0.0052082	953.04	1270.2	4.2736	2.4033	3.3334	833.04	-0.0086519	2.7242e-05	0.099485	supercritical
481.00	609.00	191.63	0.0052184	955.75	1273.5	4.2806	2.4067	3.3353	832.91	-0.0086629	2.7229e-05	0.099569	supercritical
482.00	609.00	191.25	0.0052287	958.46	1276.9	4.2875	2.4100	3.3372	832.78	-0.0086743	2.7215e-05	0.099655	supercritical
483.00	609.00	190.88	0.0052389	961.17	1280.2	4.2944	2.4134	3.3392	832.66	-0.0086863	2.7202e-05	0.099741	supercritical
484.00	609.00	190.51	0.0052492	963.89	1283.6	4.3013	2.4168	3.3411	832.54	-0.0086987	2.7189e-05	0.099828	supercritical
485.00	609.00	190.14	0.0052594	966.61	1286.9	4.3082	2.4202	3.3431	832.42	-0.0087116	2.7176e-05	0.099916	supercritical
486.00	609.00	189.77	0.0052696	969.33	1290.2	4.3151	2.4235	3.3450	832.31	-0.0087250	2.7164e-05	0.10000	supercritical
487.00	609.00	189.40	0.0052799	972.05	1293.6	4.3220	2.4269	3.3470	832.20	-0.0087388	2.7151e-05	0.10009	supercritical
488.00	609.00	189.03	0.0052901	974.77	1296.9	4.3288	2.4303	3.3490	832.10	-0.0087530	2.7139e-05	0.10018	supercritical
489.00	609.00	188.67	0.0053004	977.50	1300.3	4.3357	2.4337	3.3510	832.00	-0.0087677	2.7128e-05	0.10028	supercritical
490.00	609.00	188.30	0.0053106	980.23	1303.6	4.3426	2.4371	3.3530	831.90	-0.0087829	2.7116e-05	0.10037	supercritical
491.00	609.00	187.94	0.0053208	982.96	1307.0	4.3494	2.4405	3.3550	831.81	-0.0087984	2.7105e-05	0.10046	supercritical
492.00	609.00	187.58	0.0053311	985.69	1310.4	4.3562	2.4439	3.3570	831.72	-0.0088144	2.7093e-05	0.10055	supercritical
493.00	609.00	187.22	0.0053413	988.43	1313.7	4.3630	2.4473	3.3590	831.63	-0.0088308	2.7083e-05	0.10065	supercritical
494.00	609.00	186.86	0.0053515	991.16	1317.1	4.3698	2.4507	3.3610	831.55	-0.0088476	2.7072e-05	0.10074	supercritical
495.00	609.00	186.51	0.0053618	993.90	1320.4	4.3766	2.4541	3.3631	831.47	-0.0088648	2.7061e-05	0.10084	supercritical
496.00	609.00	186.15	0.0053720	996.64	1323.8	4.3834	2.4575	3.3651	831.40	-0.0088824	2.7051e-05	0.10093	supercritical
497.00	609.00	185.80	0.0053822	999.39	1327.2	4.3902	2.4609	3.3672	831.32	-0.0089004	2.7041e-05	0.10103	supercritical
498.00	609.00	185.44	0.0053924	1002.1	1330.5	4.3970	2.4643	3.3692	831.26	-0.0089187	2.7031e-05	0.10113	supercritical
499.00	609.00	185.09	0.0054027	1004.9	1333.9	4.4037	2.4677	3.3713	831.19	-0.0089375	2.7022e-05	0.10123	supercritical
500.00	609.00	184.74	0.0054129	1007.6	1337.3	4.4105	2.4711	3.3734	831.13	-0.0089566	2.7012e-05	0.10133	supercritical
501.00	609.00	184.40	0.0054231	1010.4	1340.7	4.4172	2.4745	3.3754	831.07	-0.0089761	2.7003e-05	0.10143	supercritical
502.00	609.00	184.05	0.0054333	1013.1	1344.0	4.4240	2.4780	3.3775	831.02	-0.0089959	2.6994e-05	0.10153	supercritical
503.00	609.00	183.70	0.0054436	1015.9	1347.4	4.4307	2.4814	3.3796	830.96	-0.0090161	2.6985e-05	0.10163	supercritical
504.00	609.00	183.36	0.0054538	1018.7	1350.8	4.4374	2.4848	3.3817	830.92	-0.0090366	2.6976e-05	0.10173	supercritical
505.00	609.00	183.02	0.0054640	1021.4	1354.2	4.4441	2.4882	3.3838	830.87	-0.0090574	2.6968e-05	0.10184	supercritical
506.00	609.00	182.68	0.0054742	1024.2	1357.6	4.4508	2.4916	3.3859	830.83	-0.0090786	2.6960e-05	0.10194	supercritical
507.00	609.00	182.34	0.0054844	1026.9	1360.9	4.4575	2.4951	3.3881	830.79	-0.0091001	2.6952e-05	0.10204	supercritical
508.00	609.00	182.00	0.0054946	1029.7	1364.3	4.4642	2.4985	3.3902	830.75	-0.0091220	2.6944e-05	0.10215	supercritical
509.00	609.00	181.66	0.0055048	1032.5	1367.7	4.4708	2.5019	3.3923	830.72	-0.0091441	2.6936e-05	0.10225	supercritical
510.00	609.00	181.32	0.0055150	1035.2	1371.1	4.4775	2.5054	3.3945	830.69	-0.0091666	2.6929e-05	0.10236	supercritical
511.00	609.00	180.99	0.0055252	1038.0	1374.5	4.4842	2.5088	3.3966	830.66	-0.0091893	2.6921e-05	0.10247	supercritical
512.00	609.00	180.65	0.0055354	1040.8	1377.9	4.4908	2.5122	3.3988	830.64	-0.0092124	2.6914e-05	0.10258	supercritical
513.00	609.00	180.32	0.0055456	1043.6	1381.3	4.4974	2.5157	3.4010	830.62	-0.0092358	2.6907e-05	0.10268	supercritical
514.00	609.00	179.99	0.0055558	1046.4	1384.7	4.5041	2.5191	3.4031	830.60	-0.0092594	2.6901e-05	0.10279	supercritical
515.00	609.00	179.66	0.0055660	1049.1	1388.1	4.5107	2.5225	3.4053	830.59	-0.0092833	2.6894e-05	0.10290	supercritical
516.00	609.00	179.33	0.0055762	1051.9	1391.5	4.5173	2.5260	3.4075	830.57	-0.0093075	2.6888e-05	0.10301	supercritical
517.00	609.00	179.01	0.0055864	1054.7	1394.9	4.5239	2.5294	3.4097	830.56	-0.0093320	2.6882e-05	0.10312	supercritical
518.00	609.00	178.68	0.0055966	1057.5	1398.3	4.5305	2.5329	3.4119	830.56	-0.0093568	2.6876e-05	0.10324	supercritical
519.00	609.00	178.36	0.0056068	1060.3	1401.8	4.5371	2.5363	3.4141	830.55	-0.0093818	2.6870e-05	0.10335	supercritical
520.00	609.00	178.03	0.0056170	1063.1	1405.2	4.5436	2.5397	3.4163	830.55	-0.0094070	2.6864e-05	0.10346	supercritical
521.00	609.00	177.71	0.0056271	1065.9	1408.6	4.5502	2.5432	3.4185	830.55	-0.0094325	2.6859e-05	0.10357	supercritical
522.00	609.00	177.39	0.0056373	1068.7	1412.0	4.5568	2.5466	3.4208	830.56	-0.0094583	2.6853e-05	0.10369	supercritical
523.00	609.00	177.07	0.0056475	1071.5	1415.4	4.5633	2.5501	3.4230	830.57	-0.0094843	2.6848e-05	0.10380	supercritical
524.00	609.00	176.75	0.0056577	1074.3	1418.9	4.5698	2.5535	3.4252	830.58	-0.0095105	2.6843e-05	0.10392	supercritical
525.00	609.00	176.43	0.0056679	1077.1	1422.3	4.5764	2.5570	3.4275	830.59	-0.0095370	2.6838e-05	0.10403	supercritical
526.00	609.00	176.12	0.0056780	1079.9	1425.7	4.5829	2.5604	3.4297	830.60	-0.0095637	2.6834e-05	0.10415	supercritical
527.00	609.00	175.80	0.0056882	1082.7	1429.1	4.5894	2.5639	3.4320	830.62	-0.0095906	2.6829e-05	0.10427	supercritical
528.00	609.00	175.49	0.0056984	1085.5	1432.6	4.5959	2.5673	3.4342	830.64	-0.0096177	2.6825e-05	0.10439	supercritical
529.00	609.00	175.18	0.0057085	1088.4	1436.0	4.6024	2.5708	3.4365	830.66	-0.0096451	2.6821e-05	0.10450	supercritical
530.00	609.00	174.87	0.0057187	1091.2	1439.4	4.6089	2.5742	3.4388	830.69	-0.0096727	2.6817e-05	0.10462	supercritical
531.00	609.00	174.55	0.0057289	1094.0	1442.9	4.6154	2.5777	3.4411	830.72	-0.0097004	2.6813e-05	0.10474	supercritical
532.00	609.00	174.25	0.0057390	1096.8	1446.3	4.6219	2.5811	3.4434	830.75	-0.0097284	2.6809e-05	0.10486	supercritical
533.00	609.00	173.94	0.0057492	1099.6	1449.8	4.6283	2.5846	3.4456	830.78	-0.0097566	2.6805e-05	0.10498	supercritical
534.00	609.00	173.63	0.0057593	1102.5	1453.2	4.6348	2.5881	3.4479	830.81	-0.0097849	2.6802e-05	0.10511	supercritical
535.00	609.00	173.33	0.0057695	1105.3	1456.7	4.6413	2.5915	3.4503	830.85	-0.0098135	2.6799e-05	0.10523	supercritical
536.00	609.00	173.02	0.0057796	1108.1	1460.1	4.6477	2.5950	3.4526	830.89	-0.0098422	2.6796e-05	0.10535	supercritical
537.00	609.00	172.72	0.0057898	1111.0	1463.6	4.6541	2.5984	3.4549	830.93	-0.0098711	2.6793e-05	0.10547	supercritical
538.00	609.00	172.42	0.0057999	1113.8	1467.0	4.6606	2.6019	3.4572	830.98	-0.0099002	2.6790e-05	0.10560	supercritical
539.00	609.00	172.12	0.0058101	1116.7	1470.5	4.6670	2.6053	3.4595	831.02	-0.0099295	2.6787e-05	0.10572	supercritical
540.00	609.00	171.82	0.0058202	1119.5	1473.9	4.6734	2.6088	3.4619	831.07	-0.0099589	2.6784e-05	0.10585	supercritical
541.00	609.00	171.52	0.0058303	1122.3	1477.4	4.6798	2.6123	3.4642	831.12	-0.0099885	2.6782e-05	0.10597	supercritical
542.00	609.00	171.22	0.0058405	1125.2	1480.9	4.6862	2.6157	3.4665	831.18	-0.010018	2.6780e-05	0.10610	supercritical
543.00	609.00	170.92	0.0058506	1128.0	1484.3	4.6926	2.6192	3.4689	831.23	-0.010048	2.6778e-05	0.10622	supercritical
544.00	609.00	170.63	0.0058607	1130.9	1487.8	4.6990	2.6226	3.4712	831.29	-0.010078	2.6776e-05	0.10635	supercritical
545.00	609.00	170.33	0.0058709	1133.7	1491.3	4.7054	2.6261	3.4736	831.35	-0.010108	2.6774e-05	0.10648	supercritical
546.00	609.00	170.04	0.0058810	1136.6	1494.8	4.7117	2.6296	3.4760	831.41	-0.010139	2.6772e-05	0.10661	supercritical
547.00	609.00	169.75	0.0058911	1139.5	1498.2	4.7181	2.6330	3.4783	831.48	-0.010169	2.6771e-05	0.10674	supercritical
548.00	609.00	169.46	0.0059012	1142.3	1501.7	4.7245	2.6365	3.4807	831.54	-0.010200	2.6769e-05	0.10687	supercritical
549.00	609.00	169.17	0.0059114	1145.2	1505.2	4.7308	2.6399	3.4831	831.61	-0.010231	2.6768e-05	0.10699	supercritical
550.00	609.00	168.88	0.0059215	1148.1	1508.7	4.7371	2.6434	3.4855	831.68	-0.010262	2.6767e-05	0.10712	supercritical
551.00	609.00	168.59	0.0059316	1150.9	1512.2	4.7435	2.6469	3.4879	831.75	-0.010293	2.6766e-05	0.10726	supercritical
552.00	609.00	168.30	0.0059417	1153.8	1515.7	4.7498	2.6503	3.4903	831.83	-0.010324	2.6765e-05	0.10739	supercritical
553.00	609.00	168.02	0.0059518	1156.7	1519.1	4.7561	2.6538	3.4927	831.91	-0.010355	2.6764e-05	0.10752	supercritical
554.00	609.00	167.73	0.0059619	1159.6	1522.6	4.7624	2.6573	3.4951	831.98	-0.010386	2.6763e-05	0.10765	supercritical
555.00	609.00	167.45	0.0059720	1162.4	1526.1	4.7687	2.6607	3.4975	832.06	-0.010418	2.6763e-05	0.10778	supercritical
556.00	609.00	167.16	0.0059821	1165.3	1529.6	4.7750	2.6642	3.4999	832.15	-0.010450	2.6762e-05	0.10792	supercritical
557.00	609.00	166.88	0.0059922	1168.2	1533.1	4.7813	2.6677	3.5023	832.23	-0.010481	2.6762e-05	0.10805	supercritical
558.00	609.00	166.60	0.0060023	1171.1	1536.6	4.7876	2.6711	3.5047	832.32	-0.010513	2.6762e-05	0.10819	supercritical
559.00	609.00	166.32	0.0060124	1174.0	1540.1	4.7939	2.6746	3.5071	832.41	-0.010545	2.6762e-05	0.10832	supercritical
560.00	609.00	166.04	0.0060225	1176.9	1543.7	4.8002	2.6780	3.5096	832.50	-0.010577	2.6762e-05	0.10846	supercritical
561.00	609.00	165.77	0.0060326	1179.8	1547.2	4.8064	2.6815	3.5120	832.59	-0.010609	2.6762e-05	0.10859	supercritical
562.00	609.00	165.49	0.0060427	1182.7	1550.7	4.8127	2.6850	3.5145	832.68	-0.010642	2.6762e-05	0.10873	supercritical
563.00	609.00	165.21	0.0060528	1185.6	1554.2	4.8189	2.6884	3.5169	832.78	-0.010674	2.6763e-05	0.10886	supercritical
564.00	609.00	164.94	0.0060629	1188.5	1557.7	4.8252	2.6919	3.5193	832.88	-0.010706	2.6763e-05	0.10900	supercritical
565.00	609.00	164.66	0.0060730	1191.4	1561.2	4.8314	2.6954	3.5218	832.97	-0.010739	2.6764e-05	0.10914	supercritical
566.00	609.00	164.39	0.0060830	1194.3	1564.8	4.8376	2.6988	3.5243	833.08	-0.010771	2.6765e-05	0.10928	supercritical
567.00	609.00	164.12	0.0060931	1197.2	1568.3	4.8439	2.7023	3.5267	833.18	-0.010804	2.6766e-05	0.10942	supercritical
568.00	609.00	163.85	0.0061032	1200.1	1571.8	4.8501	2.7057	3.5292	833.28	-0.010837	2.6767e-05	0.10956	supercritical
569.00	609.00	163.58	0.0061132	1203.0	1575.3	4.8563	2.7092	3.5317	833.39	-0.010870	2.6768e-05	0.10970	supercritical
570.00	609.00	163.31	0.0061233	1206.0	1578.9	4.8625	2.7127	3.5341	833.50	-0.010903	2.6769e-05	0.10984	supercritical
571.00	609.00	163.04	0.0061334	1208.9	1582.4	4.8687	2.7161	3.5366	833.61	-0.010936	2.6770e-05	0.10998	supercritical
572.00	609.00	162.78	0.0061434	1211.8	1585.9	4.8749	2.7196	3.5391	833.72	-0.010969	2.6772e-05	0.11012	supercritical
573.00	609.00	162.51	0.0061535	1214.7	1589.5	4.8811	2.7230	3.5416	833.83	-0.011002	2.6773e-05	0.11026	supercritical
574.00	609.00	162.24	0.0061636	1217.7	1593.0	4.8872	2.7265	3.5441	833.94	-0.011035	2.6775e-05	0.11040	supercritical
575.00	609.00	161.98	0.0061736	1220.6	1596.6	4.8934	2.7300	3.5466	834.06	-0.011068	2.6777e-05	0.11054	supercritical
576.00	609.00	161.72	0.0061837	1223.5	1600.1	4.8996	2.7334	3.5491	834.18	-0.011101	2.6779e-05	0.11069	supercritical
577.00	609.00	161.45	0.0061937	1226.5	1603.7	4.9057	2.7369	3.5516	834.30	-0.011135	2.6781e-05	0.11083	supercritical
578.00	609.00	161.19	0.0062038	1229.4	1607.2	4.9119	2.7403	3.5541	834.42	-0.011168	2.6783e-05	0.11097	supercritical
579.00	609.00	160.93	0.0062138	1232.4	1610.8	4.9180	2.7438	3.5566	834.54	-0.011202	2.6785e-05	0.11112	supercritical
580.00	609.00	160.67	0.0062239	1235.3	1614.3	4.9242	2.7473	3.5591	834.67	-0.011235	2.6787e-05	0.11126	supercritical
581.00	609.00	160.41	0.0062339	1238.3	1617.9	4.9303	2.7507	3.5616	834.79	-0.011269	2.6790e-05	0.11141	supercritical
582.00	609.00	160.16	0.0062439	1241.2	1621.5	4.9364	2.7542	3.5641	834.92	-0.011302	2.6792e-05	0.11155	supercritical
583.00	609.00	159.90	0.0062540	1244.2	1625.0	4.9426	2.7576	3.5667	835.05	-0.011336	2.6795e-05	0.11170	supercritical
584.00	609.00	159.64	0.0062640	1247.1	1628.6	4.9487	2.7611	3.5692	835.18	-0.011369	2.6797e-05	0.11184	supercritical
585.00	609.00	159.39	0.0062740	1250.1	1632.2	4.9548	2.7645	3.5717	835.31	-0.011403	2.6800e-05	0.11199	supercritical
586.00	609.00	159.13	0.0062841	1253.0	1635.7	4.9609	2.7680	3.5743	835.44	-0.011437	2.6803e-05	0.11214	supercritical
587.00	609.00	158.88	0.0062941	1256.0	1639.3	4.9670	2.7714	3.5768	835.58	-0.011471	2.6806e-05	0.11229	supercritical
588.00	609.00	158.63	0.0063041	1259.0	1642.9	4.9731	2.7749	3.5793	835.71	-0.011505	2.6809e-05	0.11243	supercritical
589.00	609.00	158.38	0.0063141	1261.9	1646.5	4.9792	2.7783	3.5819	835.85	-0.011538	2.6812e-05	0.11258	supercritical
590.00	609.00	158.12	0.0063241	1264.9	1650.1	4.9852	2.7818	3.5844	835.99	-0.011572	2.6815e-05	0.11273	supercritical
591.00	609.00	157.87	0.0063342	1267.9	1653.6	4.9913	2.7852	3.5870	836.13	-0.011606	2.6819e-05	0.11288	supercritical
592.00	609.00	157.63	0.0063442	1270.9	1657.2	4.9974	2.7887	3.5896	836.27	-0.011640	2.6822e-05	0.11303	supercritical
593.00	609.00	157.38	0.0063542	1273.9	1660.8	5.0034	2.7921	3.5921	836.41	-0.011674	2.6826e-05	0.11318	supercritical
594.00	609.00	157.13	0.0063642	1276.8	1664.4	5.0095	2.7956	3.5947	836.56	-0.011708	2.6829e-05	0.11333	supercritical
595.00	609.00	156.88	0.0063742	1279.8	1668.0	5.0155	2.7990	3.5972	836.70	-0.011742	2.6833e-05	0.11348	supercritical
596.00	609.00	156.64	0.0063842	1282.8	1671.6	5.0216	2.8025	3.5998	836.85	-0.011776	2.6837e-05	0.11363	supercritical
597.00	609.00	156.39	0.0063942	1285.8	1675.2	5.0276	2.8059	3.6024	837.00	-0.011810	2.6841e-05	0.11378	supercritical
598.00	609.00	156.15	0.0064042	1288.8	1678.8	5.0336	2.8094	3.6050	837.15	-0.011844	2.6845e-05	0.11394	supercritical
599.00	609.00	155.90	0.0064142	1291.8	1682.4	5.0397	2.8128	3.6075	837.30	-0.011878	2.6849e-05	0.11409	supercritical
600.00	609.00	155.66	0.0064242	1294.8	1686.0	5.0457	2.8163	3.6101	837.45	-0.011912	2.6853e-05	0.11424	supercritical
601.00	609.00	155.42	0.0064342	1297.8	1689.6	5.0517	2.8197	3.6127	837.60	-0.011946	2.6857e-05	0.11440	supercritical
602.00	609.00	155.18	0.0064441	1300.8	1693.3	5.0577	2.8231	3.6153	837.76	-0.011980	2.6861e-05	0.11455	supercritical
603.00	609.00	154.94	0.0064541	1303.8	1696.9	5.0637	2.8266	3.6179	837.92	-0.012014	2.6866e-05	0.11470	supercritical
604.00	609.00	154.70	0.0064641	1306.8	1700.5	5.0697	2.8300	3.6205	838.07	-0.012048	2.6870e-05	0.11486	supercritical
605.00	609.00	154.46	0.0064741	1309.8	1704.1	5.0757	2.8335	3.6231	838.23	-0.012082	2.6875e-05	0.11501	supercritical
606.00	609.00	154.22	0.0064841	1312.9	1707.7	5.0817	2.8369	3.6257	838.39	-0.012116	2.6879e-05	0.11517	supercritical
607.00	609.00	153.99	0.0064940	1315.9	1711.4	5.0877	2.8403	3.6283	838.55	-0.012150	2.6884e-05	0.11532	supercritical
608.00	609.00	153.75	0.0065040	1318.9	1715.0	5.0936	2.8438	3.6309	838.71	-0.012184	2.6889e-05	0.11548	supercritical
609.00	609.00	153.52	0.0065140	1321.9	1718.6	5.0996	2.8472	3.6335	838.88	-0.012218	2.6894e-05	0.11564	supercritical
610.00	609.00	153.28	0.0065239	1325.0	1722.3	5.1056	2.8506	3.6361	839.04	-0.012253	2.6899e-05	0.11579	supercritical
611.00	609.00	153.05	0.0065339	1328.0	1725.9	5.1115	2.8541	3.6387	839.21	-0.012287	2.6904e-05	0.11595	supercritical
612.00	609.00	152.81	0.0065439	1331.0	1729.5	5.1175	2.8575	3.6413	839.37	-0.012321	2.6909e-05	0.11611	supercritical
613.00	609.00	152.58	0.0065538	1334.1	1733.2	5.1234	2.8609	3.6439	839.54	-0.012355	2.6914e-05	0.11626	supercritical
614.00	609.00	152.35	0.0065638	1337.1	1736.8	5.1294	2.8644	3.6465	839.71	-0.012389	2.6919e-05	0.11642	supercritical
615.00	609.00	152.12	0.0065737	1340.1	1740.5	5.1353	2.8678	3.6491	839.88	-0.012423	2.6924e-05	0.11658	supercritical
616.00	609.00	151.89	0.0065837	1343.2	1744.1	5.1412	2.8712	3.6518	840.05	-0.012457	2.6930e-05	0.11674	supercritical
617.00	609.00	151.66	0.0065936	1346.2	1747.8	5.1472	2.8746	3.6544	840.22	-0.012491	2.6935e-05	0.11690	supercritical
618.00	609.00	151.43	0.0066036	1349.3	1751.4	5.1531	2.8781	3.6570	840.40	-0.012525	2.6941e-05	0.11706	supercritical
619.00	609.00	151.21	0.0066135	1352.3	1755.1	5.1590	2.8815	3.6597	840.57	-0.012559	2.6947e-05	0.11722	supercritical
620.00	609.00	150.98	0.0066235	1355.4	1758.8	5.1649	2.8849	3.6623	840.75	-0.012593	2.6952e-05	0.11738	supercritical
621.00	609.00	150.75	0.0066334	1358.4	1762.4	5.1708	2.8883	3.6649	840.92	-0.012626	2.6958e-05	0.11754	supercritical
622.00	609.00	150.53	0.0066433	1361.5	1766.1	5.1767	2.8917	3.6676	841.10	-0.012660	2.6964e-05	0.11770	supercritical
623.00	609.00	150.30	0.0066533	1364.6	1769.8	5.1826	2.8952	3.6702	841.28	-0.012694	2.6970e-05	0.11786	supercritical
624.00	609.00	150.08	0.0066632	1367.6	1773.4	5.1885	2.8986	3.6728	841.46	-0.012728	2.6976e-05	0.11802	supercritical
625.00	609.00	149.85	0.0066731	1370.7	1777.1	5.1944	2.9020	3.6755	841.64	-0.012762	2.6982e-05	0.11819	supercritical
