Temperature (K)	Pressure (bar)	Density (kg/m3)	Volume (m3/kg)	Internal Energy (kJ/kg)	Enthalpy (kJ/kg)	Entropy (J/g*K)	Cv (J/g*K)	Cp (J/g*K)	Sound Spd. (m/s)	Joule-Thomson (K/bar)	Viscosity (Pa*s)	Therm. Cond. (W/m*K)	Phase
106.00	597.00	466.84	0.0021420	-51.029	76.851	-0.51896	2.2081	3.1978	1765.7	-0.052198	0.00023484	0.24289	liquid
107.00	597.00	465.87	0.0021465	-48.098	80.049	-0.48894	2.2040	3.1974	1760.0	-0.052154	0.00022809	0.24190	liquid
108.00	597.00	464.90	0.0021510	-45.169	83.246	-0.45919	2.1998	3.1970	1754.2	-0.052109	0.00022171	0.24089	liquid
109.00	597.00	463.93	0.0021555	-42.240	86.443	-0.42973	2.1957	3.1965	1748.4	-0.052062	0.00021569	0.23988	liquid
110.00	597.00	462.96	0.0021600	-39.314	89.639	-0.40054	2.1917	3.1961	1742.6	-0.052015	0.00020998	0.23886	liquid
111.00	597.00	461.99	0.0021645	-36.388	92.835	-0.37162	2.1876	3.1957	1736.8	-0.051966	0.00020457	0.23784	liquid
112.00	597.00	461.02	0.0021691	-33.464	96.030	-0.34296	2.1836	3.1953	1731.0	-0.051916	0.00019944	0.23681	liquid
113.00	597.00	460.06	0.0021737	-30.542	99.225	-0.31456	2.1796	3.1948	1725.2	-0.051865	0.00019457	0.23578	liquid
114.00	597.00	459.09	0.0021782	-27.621	102.42	-0.28641	2.1757	3.1944	1719.5	-0.051813	0.00018993	0.23474	liquid
115.00	597.00	458.12	0.0021828	-24.701	105.61	-0.25851	2.1717	3.1940	1713.7	-0.051760	0.00018552	0.23370	liquid
116.00	597.00	457.15	0.0021874	-21.783	108.81	-0.23086	2.1678	3.1935	1707.9	-0.051706	0.00018132	0.23266	liquid
117.00	597.00	456.19	0.0021921	-18.866	112.00	-0.20345	2.1639	3.1931	1702.2	-0.051651	0.00017731	0.23161	liquid
118.00	597.00	455.22	0.0021967	-15.950	115.19	-0.17628	2.1601	3.1926	1696.4	-0.051595	0.00017348	0.23056	liquid
119.00	597.00	454.26	0.0022014	-13.037	118.39	-0.14934	2.1562	3.1921	1690.7	-0.051538	0.00016982	0.22951	liquid
120.00	597.00	453.29	0.0022061	-10.124	121.58	-0.12263	2.1524	3.1916	1685.0	-0.051480	0.00016632	0.22846	liquid
121.00	597.00	452.33	0.0022108	-7.2135	124.77	-0.096145	2.1486	3.1911	1679.3	-0.051421	0.00016298	0.22740	liquid
122.00	597.00	451.37	0.0022155	-4.3044	127.96	-0.069882	2.1448	3.1906	1673.6	-0.051361	0.00015977	0.22634	liquid
123.00	597.00	450.40	0.0022202	-1.3967	131.15	-0.043838	2.1410	3.1901	1667.9	-0.051300	0.00015669	0.22529	liquid
124.00	597.00	449.44	0.0022250	1.5093	134.34	-0.018009	2.1373	3.1896	1662.2	-0.051238	0.00015374	0.22423	liquid
125.00	597.00	448.48	0.0022298	4.4137	137.53	0.0076080	2.1336	3.1891	1656.5	-0.051174	0.00015090	0.22317	liquid
126.00	597.00	447.52	0.0022345	7.3164	140.72	0.033017	2.1299	3.1885	1650.8	-0.051110	0.00014817	0.22211	liquid
127.00	597.00	446.56	0.0022394	10.218	143.91	0.058221	2.1262	3.1880	1645.2	-0.051045	0.00014555	0.22105	liquid
128.00	597.00	445.60	0.0022442	13.117	147.09	0.083223	2.1225	3.1874	1639.6	-0.050978	0.00014302	0.21999	liquid
129.00	597.00	444.64	0.0022490	16.015	150.28	0.10803	2.1189	3.1869	1634.0	-0.050911	0.00014058	0.21894	liquid
130.00	597.00	443.68	0.0022539	18.911	153.47	0.13263	2.1153	3.1863	1628.4	-0.050842	0.00013824	0.21788	liquid
131.00	597.00	442.72	0.0022588	21.805	156.65	0.15705	2.1117	3.1858	1622.8	-0.050772	0.00013597	0.21683	liquid
132.00	597.00	441.76	0.0022637	24.698	159.84	0.18127	2.1081	3.1852	1617.2	-0.050701	0.00013378	0.21577	liquid
133.00	597.00	440.80	0.0022686	27.589	163.03	0.20531	2.1046	3.1846	1611.6	-0.050629	0.00013167	0.21472	liquid
134.00	597.00	439.84	0.0022736	30.478	166.21	0.22916	2.1010	3.1840	1606.1	-0.050555	0.00012962	0.21367	liquid
135.00	597.00	438.88	0.0022785	33.365	169.39	0.25283	2.0975	3.1835	1600.6	-0.050481	0.00012764	0.21262	liquid
136.00	597.00	437.92	0.0022835	36.251	172.58	0.27632	2.0941	3.1829	1595.0	-0.050405	0.00012573	0.21158	liquid
137.00	597.00	436.97	0.0022885	39.135	175.76	0.29964	2.0906	3.1823	1589.5	-0.050328	0.00012387	0.21053	liquid
138.00	597.00	436.01	0.0022935	42.017	178.94	0.32278	2.0872	3.1817	1584.1	-0.050249	0.00012208	0.20949	liquid
139.00	597.00	435.05	0.0022986	44.897	182.12	0.34575	2.0838	3.1811	1578.6	-0.050170	0.00012033	0.20845	liquid
140.00	597.00	434.09	0.0023036	47.775	185.30	0.36855	2.0804	3.1805	1573.2	-0.050089	0.00011864	0.20742	liquid
141.00	597.00	433.14	0.0023087	50.652	188.48	0.39119	2.0770	3.1799	1567.7	-0.050007	0.00011700	0.20639	liquid
142.00	597.00	432.18	0.0023138	53.527	191.66	0.41366	2.0737	3.1793	1562.3	-0.049923	0.00011540	0.20536	liquid
143.00	597.00	431.23	0.0023190	56.400	194.84	0.43597	2.0704	3.1787	1556.9	-0.049838	0.00011385	0.20433	liquid
144.00	597.00	430.27	0.0023241	59.271	198.02	0.45812	2.0671	3.1781	1551.5	-0.049752	0.00011234	0.20331	liquid
145.00	597.00	429.32	0.0023293	62.140	201.20	0.48011	2.0639	3.1775	1546.2	-0.049665	0.00011088	0.20229	liquid
146.00	597.00	428.36	0.0023345	65.007	204.38	0.50195	2.0606	3.1770	1540.8	-0.049576	0.00010945	0.20127	liquid
147.00	597.00	427.41	0.0023397	67.873	207.55	0.52363	2.0575	3.1764	1535.5	-0.049486	0.00010806	0.20026	liquid
148.00	597.00	426.45	0.0023449	70.736	210.73	0.54516	2.0543	3.1758	1530.2	-0.049394	0.00010670	0.19925	liquid
149.00	597.00	425.50	0.0023502	73.598	213.90	0.56655	2.0511	3.1752	1524.9	-0.049301	0.00010538	0.19825	liquid
150.00	597.00	424.55	0.0023555	76.458	217.08	0.58778	2.0480	3.1746	1519.6	-0.049207	0.00010410	0.19725	liquid
151.00	597.00	423.59	0.0023608	79.316	220.25	0.60888	2.0449	3.1741	1514.4	-0.049111	0.00010284	0.19625	liquid
152.00	597.00	422.64	0.0023661	82.172	223.43	0.62983	2.0419	3.1735	1509.1	-0.049014	0.00010162	0.19526	liquid
153.00	597.00	421.69	0.0023714	85.026	226.60	0.65063	2.0388	3.1729	1503.9	-0.048915	0.00010043	0.19427	liquid
154.00	597.00	420.74	0.0023768	87.878	229.77	0.67130	2.0358	3.1724	1498.7	-0.048815	9.9260e-05	0.19329	liquid
155.00	597.00	419.78	0.0023822	90.729	232.94	0.69183	2.0329	3.1718	1493.6	-0.048713	9.8121e-05	0.19231	liquid
156.00	597.00	418.83	0.0023876	93.577	236.12	0.71223	2.0299	3.1713	1488.4	-0.048610	9.7009e-05	0.19134	liquid
157.00	597.00	417.88	0.0023930	96.424	239.29	0.73249	2.0270	3.1707	1483.3	-0.048505	9.5921e-05	0.19037	liquid
158.00	597.00	416.93	0.0023985	99.268	242.46	0.75262	2.0241	3.1702	1478.1	-0.048399	9.4858e-05	0.18940	liquid
159.00	597.00	415.98	0.0024040	102.11	245.63	0.77262	2.0212	3.1696	1473.0	-0.048291	9.3819e-05	0.18844	liquid
160.00	597.00	415.03	0.0024095	104.95	248.80	0.79249	2.0184	3.1691	1468.0	-0.048182	9.2802e-05	0.18749	liquid
161.00	597.00	414.08	0.0024150	107.79	251.97	0.81224	2.0156	3.1686	1462.9	-0.048072	9.1807e-05	0.18654	liquid
162.00	597.00	413.13	0.0024205	110.63	255.13	0.83185	2.0128	3.1681	1457.9	-0.047959	9.0833e-05	0.18559	liquid
163.00	597.00	412.18	0.0024261	113.46	258.30	0.85135	2.0101	3.1676	1452.8	-0.047846	8.9879e-05	0.18465	liquid
164.00	597.00	411.23	0.0024317	116.30	261.47	0.87072	2.0073	3.1671	1447.8	-0.047730	8.8946e-05	0.18372	liquid
165.00	597.00	410.28	0.0024373	119.13	264.64	0.88997	2.0047	3.1666	1442.9	-0.047614	8.8031e-05	0.18279	liquid
166.00	597.00	409.34	0.0024430	121.96	267.80	0.90910	2.0020	3.1661	1437.9	-0.047495	8.7135e-05	0.18186	liquid
167.00	597.00	408.39	0.0024487	124.78	270.97	0.92812	1.9994	3.1656	1433.0	-0.047375	8.6257e-05	0.18094	liquid
168.00	597.00	407.44	0.0024544	127.61	274.13	0.94702	1.9968	3.1652	1428.0	-0.047254	8.5396e-05	0.18003	liquid
169.00	597.00	406.49	0.0024601	130.43	277.30	0.96580	1.9942	3.1647	1423.1	-0.047131	8.4552e-05	0.17912	liquid
170.00	597.00	405.55	0.0024658	133.25	280.46	0.98447	1.9917	3.1642	1418.3	-0.047006	8.3725e-05	0.17821	liquid
171.00	597.00	404.60	0.0024716	136.07	283.63	1.0030	1.9891	3.1638	1413.4	-0.046880	8.2913e-05	0.17731	liquid
172.00	597.00	403.65	0.0024774	138.89	286.79	1.0215	1.9867	3.1633	1408.6	-0.046752	8.2117e-05	0.17642	liquid
173.00	597.00	402.71	0.0024832	141.71	289.95	1.0398	1.9842	3.1629	1403.7	-0.046623	8.1335e-05	0.17553	liquid
174.00	597.00	401.76	0.0024890	144.52	293.12	1.0580	1.9818	3.1625	1398.9	-0.046492	8.0568e-05	0.17465	liquid
175.00	597.00	400.82	0.0024949	147.33	296.28	1.0762	1.9794	3.1621	1394.2	-0.046359	7.9815e-05	0.17377	liquid
176.00	597.00	399.87	0.0025008	150.14	299.44	1.0942	1.9770	3.1617	1389.4	-0.046225	7.9076e-05	0.17290	liquid
177.00	597.00	398.93	0.0025067	152.95	302.60	1.1121	1.9747	3.1613	1384.7	-0.046090	7.8350e-05	0.17203	liquid
178.00	597.00	397.99	0.0025127	155.76	305.76	1.1299	1.9724	3.1609	1380.0	-0.045953	7.7637e-05	0.17117	liquid
179.00	597.00	397.04	0.0025186	158.56	308.92	1.1476	1.9702	3.1605	1375.3	-0.045814	7.6937e-05	0.17032	liquid
180.00	597.00	396.10	0.0025246	161.36	312.08	1.1652	1.9679	3.1601	1370.6	-0.045673	7.6249e-05	0.16947	liquid
181.00	597.00	395.16	0.0025306	164.17	315.24	1.1827	1.9657	3.1598	1366.0	-0.045531	7.5573e-05	0.16863	liquid
182.00	597.00	394.22	0.0025367	166.96	318.40	1.2001	1.9635	3.1594	1361.3	-0.045388	7.4908e-05	0.16779	liquid
183.00	597.00	393.27	0.0025428	169.76	321.56	1.2174	1.9614	3.1591	1356.7	-0.045243	7.4255e-05	0.16695	liquid
184.00	597.00	392.33	0.0025489	172.56	324.72	1.2347	1.9593	3.1587	1352.2	-0.045096	7.3613e-05	0.16613	liquid
185.00	597.00	391.39	0.0025550	175.35	327.88	1.2518	1.9572	3.1584	1347.6	-0.044948	7.2982e-05	0.16531	liquid
186.00	597.00	390.45	0.0025611	178.14	331.04	1.2688	1.9552	3.1581	1343.1	-0.044798	7.2361e-05	0.16449	liquid
187.00	597.00	389.51	0.0025673	180.93	334.20	1.2857	1.9531	3.1578	1338.5	-0.044646	7.1750e-05	0.16368	liquid
188.00	597.00	388.58	0.0025735	183.72	337.35	1.3026	1.9512	3.1574	1334.0	-0.044494	7.1150e-05	0.16288	liquid
189.00	597.00	387.64	0.0025797	186.50	340.51	1.3193	1.9492	3.1571	1329.6	-0.044339	7.0559e-05	0.16208	liquid
190.00	597.00	386.70	0.0025860	189.28	343.67	1.3360	1.9473	3.1569	1325.1	-0.044183	6.9978e-05	0.16129	liquid
191.00	597.00	385.76	0.0025923	192.07	346.83	1.3525	1.9454	3.1566	1320.7	-0.044025	6.9406e-05	0.16050	supercritical
192.00	597.00	384.83	0.0025986	194.85	349.98	1.3690	1.9435	3.1563	1316.3	-0.043866	6.8843e-05	0.15972	supercritical
193.00	597.00	383.89	0.0026049	197.62	353.14	1.3854	1.9417	3.1560	1311.9	-0.043706	6.8289e-05	0.15894	supercritical
194.00	597.00	382.95	0.0026113	200.40	356.29	1.4017	1.9399	3.1558	1307.5	-0.043543	6.7743e-05	0.15817	supercritical
195.00	597.00	382.02	0.0026177	203.17	359.45	1.4180	1.9381	3.1555	1303.2	-0.043380	6.7207e-05	0.15741	supercritical
196.00	597.00	381.08	0.0026241	205.95	362.60	1.4341	1.9364	3.1553	1298.9	-0.043215	6.6678e-05	0.15665	supercritical
197.00	597.00	380.15	0.0026305	208.72	365.76	1.4502	1.9347	3.1551	1294.6	-0.043048	6.6158e-05	0.15589	supercritical
198.00	597.00	379.22	0.0026370	211.49	368.91	1.4661	1.9330	3.1549	1290.3	-0.042880	6.5645e-05	0.15515	supercritical
199.00	597.00	378.29	0.0026435	214.25	372.07	1.4820	1.9314	3.1546	1286.0	-0.042710	6.5140e-05	0.15440	supercritical
200.00	597.00	377.35	0.0026500	217.02	375.22	1.4978	1.9298	3.1544	1281.8	-0.042539	6.4643e-05	0.15367	supercritical
201.00	597.00	376.42	0.0026566	219.78	378.38	1.5136	1.9282	3.1542	1277.6	-0.042367	6.4153e-05	0.15294	supercritical
202.00	597.00	375.49	0.0026632	222.54	381.53	1.5292	1.9266	3.1540	1273.4	-0.042193	6.3671e-05	0.15221	supercritical
203.00	597.00	374.56	0.0026698	225.30	384.69	1.5448	1.9251	3.1539	1269.2	-0.042017	6.3196e-05	0.15149	supercritical
204.00	597.00	373.63	0.0026764	228.06	387.84	1.5603	1.9237	3.1537	1265.1	-0.041840	6.2727e-05	0.15078	supercritical
205.00	597.00	372.71	0.0026831	230.81	390.99	1.5757	1.9222	3.1535	1261.0	-0.041662	6.2266e-05	0.15007	supercritical
206.00	597.00	371.78	0.0026898	233.57	394.15	1.5911	1.9208	3.1534	1256.9	-0.041483	6.1811e-05	0.14937	supercritical
207.00	597.00	370.85	0.0026965	236.32	397.30	1.6063	1.9194	3.1532	1252.8	-0.041302	6.1363e-05	0.14867	supercritical
208.00	597.00	369.93	0.0027032	239.07	400.45	1.6215	1.9180	3.1531	1248.8	-0.041119	6.0921e-05	0.14798	supercritical
209.00	597.00	369.00	0.0027100	241.82	403.61	1.6367	1.9167	3.1529	1244.7	-0.040936	6.0485e-05	0.14729	supercritical
210.00	597.00	368.08	0.0027168	244.56	406.76	1.6517	1.9154	3.1528	1240.7	-0.040751	6.0056e-05	0.14661	supercritical
211.00	597.00	367.15	0.0027237	247.31	409.91	1.6667	1.9142	3.1527	1236.7	-0.040564	5.9633e-05	0.14594	supercritical
212.00	597.00	366.23	0.0027305	250.05	413.06	1.6816	1.9129	3.1525	1232.8	-0.040377	5.9215e-05	0.14527	supercritical
213.00	597.00	365.31	0.0027374	252.79	416.22	1.6964	1.9118	3.1524	1228.8	-0.040188	5.8804e-05	0.14461	supercritical
214.00	597.00	364.39	0.0027443	255.53	419.37	1.7112	1.9106	3.1523	1224.9	-0.039998	5.8398e-05	0.14395	supercritical
215.00	597.00	363.47	0.0027513	258.27	422.52	1.7259	1.9095	3.1522	1221.0	-0.039806	5.7998e-05	0.14330	supercritical
216.00	597.00	362.55	0.0027583	261.01	425.67	1.7405	1.9084	3.1521	1217.2	-0.039614	5.7604e-05	0.14265	supercritical
217.00	597.00	361.63	0.0027653	263.74	428.83	1.7551	1.9073	3.1521	1213.3	-0.039420	5.7214e-05	0.14201	supercritical
218.00	597.00	360.71	0.0027723	266.47	431.98	1.7696	1.9063	3.1520	1209.5	-0.039225	5.6830e-05	0.14138	supercritical
219.00	597.00	359.80	0.0027793	269.20	435.13	1.7840	1.9053	3.1519	1205.7	-0.039029	5.6452e-05	0.14075	supercritical
220.00	597.00	358.88	0.0027864	271.93	438.28	1.7983	1.9043	3.1519	1201.9	-0.038831	5.6078e-05	0.14012	supercritical
221.00	597.00	357.97	0.0027936	274.66	441.43	1.8126	1.9033	3.1518	1198.2	-0.038633	5.5710e-05	0.13950	supercritical
222.00	597.00	357.05	0.0028007	277.38	444.59	1.8269	1.9024	3.1517	1194.4	-0.038433	5.5346e-05	0.13889	supercritical
223.00	597.00	356.14	0.0028079	280.11	447.74	1.8410	1.9016	3.1517	1190.7	-0.038232	5.4987e-05	0.13828	supercritical
224.00	597.00	355.23	0.0028151	282.83	450.89	1.8551	1.9007	3.1516	1187.1	-0.038031	5.4634e-05	0.13768	supercritical
225.00	597.00	354.32	0.0028223	285.55	454.04	1.8692	1.8999	3.1516	1183.4	-0.037828	5.4284e-05	0.13708	supercritical
226.00	597.00	353.41	0.0028296	288.27	457.19	1.8831	1.8991	3.1516	1179.8	-0.037624	5.3940e-05	0.13649	supercritical
227.00	597.00	352.50	0.0028369	290.98	460.34	1.8971	1.8984	3.1516	1176.1	-0.037419	5.3599e-05	0.13591	supercritical
228.00	597.00	351.60	0.0028442	293.70	463.50	1.9109	1.8976	3.1515	1172.6	-0.037214	5.3264e-05	0.13533	supercritical
229.00	597.00	350.69	0.0028515	296.41	466.65	1.9247	1.8970	3.1515	1169.0	-0.037007	5.2933e-05	0.13475	supercritical
230.00	597.00	349.79	0.0028589	299.12	469.80	1.9384	1.8963	3.1515	1165.4	-0.036799	5.2606e-05	0.13418	supercritical
231.00	597.00	348.88	0.0028663	301.83	472.95	1.9521	1.8957	3.1515	1161.9	-0.036591	5.2283e-05	0.13362	supercritical
232.00	597.00	347.98	0.0028737	304.54	476.10	1.9657	1.8951	3.1515	1158.4	-0.036381	5.1964e-05	0.13306	supercritical
233.00	597.00	347.08	0.0028812	307.25	479.25	1.9793	1.8945	3.1515	1154.9	-0.036171	5.1650e-05	0.13250	supercritical
234.00	597.00	346.18	0.0028887	309.95	482.40	1.9928	1.8940	3.1515	1151.5	-0.035960	5.1339e-05	0.13196	supercritical
235.00	597.00	345.28	0.0028962	312.65	485.56	2.0062	1.8935	3.1515	1148.1	-0.035748	5.1033e-05	0.13141	supercritical
236.00	597.00	344.39	0.0029037	315.36	488.71	2.0196	1.8930	3.1515	1144.7	-0.035535	5.0730e-05	0.13087	supercritical
237.00	597.00	343.49	0.0029113	318.05	491.86	2.0329	1.8926	3.1516	1141.3	-0.035322	5.0431e-05	0.13034	supercritical
238.00	597.00	342.59	0.0029189	320.75	495.01	2.0462	1.8922	3.1516	1137.9	-0.035108	5.0136e-05	0.12981	supercritical
239.00	597.00	341.70	0.0029265	323.45	498.16	2.0594	1.8918	3.1516	1134.6	-0.034893	4.9845e-05	0.12929	supercritical
240.00	597.00	340.81	0.0029342	326.14	501.31	2.0726	1.8915	3.1517	1131.3	-0.034677	4.9557e-05	0.12877	supercritical
241.00	597.00	339.92	0.0029419	328.84	504.47	2.0857	1.8912	3.1517	1128.0	-0.034461	4.9273e-05	0.12826	supercritical
242.00	597.00	339.03	0.0029496	331.53	507.62	2.0987	1.8909	3.1517	1124.7	-0.034245	4.8993e-05	0.12775	supercritical
243.00	597.00	338.14	0.0029573	334.22	510.77	2.1117	1.8906	3.1518	1121.5	-0.034027	4.8716e-05	0.12725	supercritical
244.00	597.00	337.26	0.0029651	336.90	513.92	2.1247	1.8904	3.1518	1118.2	-0.033809	4.8442e-05	0.12676	supercritical
245.00	597.00	336.37	0.0029729	339.59	517.07	2.1376	1.8902	3.1519	1115.0	-0.033591	4.8172e-05	0.12626	supercritical
246.00	597.00	335.49	0.0029807	342.28	520.22	2.1504	1.8901	3.1519	1111.9	-0.033372	4.7905e-05	0.12578	supercritical
247.00	597.00	334.61	0.0029886	344.96	523.38	2.1632	1.8899	3.1520	1108.7	-0.033153	4.7642e-05	0.12530	supercritical
248.00	597.00	333.73	0.0029965	347.64	526.53	2.1759	1.8898	3.1521	1105.6	-0.032933	4.7381e-05	0.12482	supercritical
249.00	597.00	332.85	0.0030044	350.32	529.68	2.1886	1.8898	3.1521	1102.5	-0.032713	4.7124e-05	0.12435	supercritical
250.00	597.00	331.97	0.0030123	353.00	532.83	2.2012	1.8897	3.1522	1099.4	-0.032492	4.6870e-05	0.12388	supercritical
251.00	597.00	331.10	0.0030203	355.67	535.99	2.2138	1.8897	3.1523	1096.3	-0.032271	4.6619e-05	0.12342	supercritical
252.00	597.00	330.22	0.0030283	358.35	539.14	2.2264	1.8897	3.1523	1093.3	-0.032050	4.6371e-05	0.12296	supercritical
253.00	597.00	329.35	0.0030363	361.02	542.29	2.2388	1.8898	3.1524	1090.3	-0.031828	4.6127e-05	0.12251	supercritical
254.00	597.00	328.48	0.0030443	363.70	545.44	2.2513	1.8899	3.1525	1087.3	-0.031607	4.5885e-05	0.12206	supercritical
255.00	597.00	327.61	0.0030524	366.37	548.59	2.2637	1.8900	3.1526	1084.3	-0.031385	4.5646e-05	0.12162	supercritical
256.00	597.00	326.74	0.0030605	369.03	551.75	2.2760	1.8901	3.1527	1081.4	-0.031162	4.5410e-05	0.12118	supercritical
257.00	597.00	325.88	0.0030687	371.70	554.90	2.2883	1.8903	3.1527	1078.4	-0.030940	4.5176e-05	0.12075	supercritical
258.00	597.00	325.01	0.0030768	374.37	558.05	2.3005	1.8905	3.1528	1075.5	-0.030717	4.4946e-05	0.12032	supercritical
259.00	597.00	324.15	0.0030850	377.03	561.21	2.3127	1.8907	3.1529	1072.7	-0.030495	4.4718e-05	0.11990	supercritical
260.00	597.00	323.29	0.0030932	379.69	564.36	2.3249	1.8910	3.1530	1069.8	-0.030272	4.4493e-05	0.11948	supercritical
261.00	597.00	322.43	0.0031015	382.36	567.51	2.3370	1.8913	3.1531	1067.0	-0.030049	4.4271e-05	0.11906	supercritical
262.00	597.00	321.57	0.0031097	385.01	570.67	2.3490	1.8916	3.1532	1064.1	-0.029827	4.4051e-05	0.11865	supercritical
263.00	597.00	320.72	0.0031180	387.67	573.82	2.3611	1.8919	3.1533	1061.4	-0.029604	4.3834e-05	0.11825	supercritical
264.00	597.00	319.86	0.0031263	390.33	576.97	2.3730	1.8923	3.1534	1058.6	-0.029381	4.3620e-05	0.11785	supercritical
265.00	597.00	319.01	0.0031347	392.99	580.13	2.3849	1.8927	3.1535	1055.8	-0.029158	4.3408e-05	0.11745	supercritical
266.00	597.00	318.16	0.0031430	395.64	583.28	2.3968	1.8931	3.1536	1053.1	-0.028936	4.3199e-05	0.11706	supercritical
267.00	597.00	317.31	0.0031514	398.29	586.43	2.4087	1.8936	3.1538	1050.4	-0.028713	4.2992e-05	0.11667	supercritical
268.00	597.00	316.47	0.0031599	400.94	589.59	2.4204	1.8941	3.1539	1047.7	-0.028491	4.2787e-05	0.11629	supercritical
269.00	597.00	315.62	0.0031683	403.59	592.74	2.4322	1.8946	3.1540	1045.1	-0.028269	4.2585e-05	0.11591	supercritical
270.00	597.00	314.78	0.0031768	406.24	595.89	2.4439	1.8951	3.1541	1042.5	-0.028047	4.2385e-05	0.11554	supercritical
271.00	597.00	313.94	0.0031853	408.89	599.05	2.4556	1.8957	3.1542	1039.8	-0.027826	4.2188e-05	0.11517	supercritical
272.00	597.00	313.10	0.0031938	411.53	602.20	2.4672	1.8963	3.1543	1037.3	-0.027605	4.1993e-05	0.11481	supercritical
273.00	597.00	312.27	0.0032024	414.17	605.36	2.4788	1.8969	3.1545	1034.7	-0.027384	4.1800e-05	0.11445	supercritical
274.00	597.00	311.43	0.0032110	416.82	608.51	2.4903	1.8976	3.1546	1032.1	-0.027163	4.1610e-05	0.11409	supercritical
275.00	597.00	310.60	0.0032196	419.46	611.67	2.5018	1.8982	3.1547	1029.6	-0.026943	4.1421e-05	0.11374	supercritical
276.00	597.00	309.77	0.0032282	422.10	614.82	2.5132	1.8989	3.1549	1027.1	-0.026723	4.1235e-05	0.11339	supercritical
277.00	597.00	308.94	0.0032368	424.74	617.98	2.5246	1.8997	3.1550	1024.6	-0.026503	4.1051e-05	0.11305	supercritical
278.00	597.00	308.12	0.0032455	427.37	621.13	2.5360	1.9004	3.1551	1022.2	-0.026285	4.0870e-05	0.11271	supercritical
279.00	597.00	307.29	0.0032542	430.01	624.29	2.5473	1.9012	3.1553	1019.7	-0.026066	4.0690e-05	0.11238	supercritical
280.00	597.00	306.47	0.0032630	432.64	627.44	2.5586	1.9020	3.1554	1017.3	-0.025848	4.0512e-05	0.11205	supercritical
281.00	597.00	305.65	0.0032717	435.28	630.60	2.5699	1.9029	3.1555	1014.9	-0.025631	4.0337e-05	0.11172	supercritical
282.00	597.00	304.83	0.0032805	437.91	633.75	2.5811	1.9037	3.1557	1012.5	-0.025414	4.0163e-05	0.11140	supercritical
283.00	597.00	304.02	0.0032893	440.54	636.91	2.5923	1.9046	3.1558	1010.2	-0.025198	3.9992e-05	0.11108	supercritical
284.00	597.00	303.20	0.0032981	443.17	640.06	2.6034	1.9055	3.1560	1007.9	-0.024982	3.9822e-05	0.11077	supercritical
285.00	597.00	302.39	0.0033070	445.79	643.22	2.6145	1.9065	3.1561	1005.5	-0.024767	3.9655e-05	0.11046	supercritical
286.00	597.00	301.58	0.0033158	448.42	646.38	2.6255	1.9075	3.1563	1003.3	-0.024553	3.9489e-05	0.11015	supercritical
287.00	597.00	300.78	0.0033247	451.05	649.53	2.6366	1.9084	3.1565	1001.0	-0.024340	3.9326e-05	0.10985	supercritical
288.00	597.00	299.97	0.0033337	453.67	652.69	2.6475	1.9095	3.1566	998.74	-0.024127	3.9164e-05	0.10955	supercritical
289.00	597.00	299.17	0.0033426	456.29	655.85	2.6585	1.9105	3.1568	996.51	-0.023915	3.9004e-05	0.10926	supercritical
290.00	597.00	298.37	0.0033516	458.92	659.00	2.6694	1.9116	3.1570	994.30	-0.023703	3.8846e-05	0.10897	supercritical
291.00	597.00	297.57	0.0033605	461.54	662.16	2.6802	1.9127	3.1571	992.11	-0.023493	3.8689e-05	0.10868	supercritical
292.00	597.00	296.77	0.0033696	464.15	665.32	2.6911	1.9138	3.1573	989.94	-0.023283	3.8535e-05	0.10840	supercritical
293.00	597.00	295.98	0.0033786	466.77	668.47	2.7019	1.9149	3.1575	987.80	-0.023075	3.8382e-05	0.10812	supercritical
294.00	597.00	295.19	0.0033876	469.39	671.63	2.7126	1.9161	3.1576	985.67	-0.022867	3.8231e-05	0.10784	supercritical
295.00	597.00	294.40	0.0033967	472.01	674.79	2.7234	1.9173	3.1578	983.56	-0.022660	3.8082e-05	0.10757	supercritical
296.00	597.00	293.61	0.0034058	474.62	677.95	2.7340	1.9185	3.1580	981.47	-0.022454	3.7935e-05	0.10731	supercritical
297.00	597.00	292.83	0.0034149	477.23	681.11	2.7447	1.9198	3.1582	979.41	-0.022249	3.7789e-05	0.10704	supercritical
298.00	597.00	292.05	0.0034241	479.85	684.26	2.7553	1.9210	3.1584	977.36	-0.022045	3.7645e-05	0.10678	supercritical
299.00	597.00	291.27	0.0034333	482.46	687.42	2.7659	1.9223	3.1586	975.33	-0.021842	3.7502e-05	0.10653	supercritical
300.00	597.00	290.49	0.0034424	485.07	690.58	2.7764	1.9236	3.1588	973.32	-0.021640	3.7361e-05	0.10627	supercritical
301.00	597.00	289.72	0.0034516	487.68	693.74	2.7869	1.9250	3.1590	971.33	-0.021439	3.7222e-05	0.10602	supercritical
302.00	597.00	288.94	0.0034609	490.29	696.90	2.7974	1.9263	3.1592	969.36	-0.021239	3.7084e-05	0.10578	supercritical
303.00	597.00	288.17	0.0034701	492.89	700.06	2.8079	1.9277	3.1594	967.41	-0.021040	3.6948e-05	0.10554	supercritical
304.00	597.00	287.41	0.0034794	495.50	703.22	2.8183	1.9291	3.1596	965.48	-0.020842	3.6814e-05	0.10530	supercritical
305.00	597.00	286.64	0.0034887	498.10	706.38	2.8287	1.9305	3.1598	963.57	-0.020646	3.6681e-05	0.10506	supercritical
306.00	597.00	285.88	0.0034980	500.71	709.54	2.8390	1.9320	3.1601	961.68	-0.020450	3.6549e-05	0.10483	supercritical
307.00	597.00	285.12	0.0035073	503.31	712.70	2.8493	1.9335	3.1603	959.80	-0.020256	3.6419e-05	0.10461	supercritical
308.00	597.00	284.36	0.0035167	505.91	715.86	2.8596	1.9349	3.1605	957.94	-0.020063	3.6291e-05	0.10438	supercritical
309.00	597.00	283.60	0.0035260	508.51	719.02	2.8698	1.9365	3.1607	956.11	-0.019871	3.6164e-05	0.10416	supercritical
310.00	597.00	282.85	0.0035354	511.12	722.18	2.8800	1.9380	3.1610	954.29	-0.019681	3.6039e-05	0.10394	supercritical
311.00	597.00	282.10	0.0035448	513.71	725.34	2.8902	1.9396	3.1612	952.49	-0.019491	3.5914e-05	0.10373	supercritical
312.00	597.00	281.35	0.0035543	516.31	728.50	2.9004	1.9411	3.1615	950.70	-0.019303	3.5792e-05	0.10352	supercritical
313.00	597.00	280.61	0.0035637	518.91	731.66	2.9105	1.9427	3.1617	948.94	-0.019116	3.5670e-05	0.10331	supercritical
314.00	597.00	279.86	0.0035732	521.51	734.83	2.9206	1.9444	3.1620	947.19	-0.018931	3.5551e-05	0.10311	supercritical
315.00	597.00	279.12	0.0035826	524.10	737.99	2.9306	1.9460	3.1623	945.47	-0.018746	3.5432e-05	0.10290	supercritical
316.00	597.00	278.38	0.0035921	526.70	741.15	2.9407	1.9477	3.1625	943.76	-0.018564	3.5315e-05	0.10271	supercritical
317.00	597.00	277.65	0.0036017	529.29	744.31	2.9507	1.9494	3.1628	942.06	-0.018382	3.5199e-05	0.10251	supercritical
318.00	597.00	276.92	0.0036112	531.89	747.48	2.9606	1.9511	3.1631	940.39	-0.018202	3.5085e-05	0.10232	supercritical
319.00	597.00	276.19	0.0036208	534.48	750.64	2.9705	1.9528	3.1634	938.73	-0.018023	3.4971e-05	0.10213	supercritical
320.00	597.00	275.46	0.0036303	537.07	753.80	2.9804	1.9546	3.1636	937.09	-0.017845	3.4860e-05	0.10195	supercritical
321.00	597.00	274.73	0.0036399	539.66	756.97	2.9903	1.9563	3.1639	935.47	-0.017669	3.4749e-05	0.10176	supercritical
322.00	597.00	274.01	0.0036495	542.25	760.13	3.0002	1.9581	3.1642	933.86	-0.017495	3.4640e-05	0.10158	supercritical
323.00	597.00	273.29	0.0036591	544.84	763.30	3.0100	1.9599	3.1645	932.27	-0.017321	3.4532e-05	0.10141	supercritical
324.00	597.00	272.57	0.0036688	547.43	766.46	3.0198	1.9618	3.1649	930.70	-0.017150	3.4425e-05	0.10124	supercritical
325.00	597.00	271.85	0.0036784	550.02	769.62	3.0295	1.9636	3.1652	929.14	-0.016979	3.4319e-05	0.10107	supercritical
326.00	597.00	271.14	0.0036881	552.61	772.79	3.0392	1.9655	3.1655	927.61	-0.016810	3.4215e-05	0.10090	supercritical
327.00	597.00	270.43	0.0036978	555.20	775.96	3.0489	1.9674	3.1658	926.08	-0.016643	3.4112e-05	0.10073	supercritical
328.00	597.00	269.72	0.0037075	557.78	779.12	3.0586	1.9693	3.1662	924.58	-0.016477	3.4010e-05	0.10057	supercritical
329.00	597.00	269.02	0.0037172	560.37	782.29	3.0682	1.9712	3.1665	923.09	-0.016313	3.3909e-05	0.10041	supercritical
330.00	597.00	268.31	0.0037270	562.95	785.45	3.0778	1.9731	3.1669	921.62	-0.016150	3.3809e-05	0.10026	supercritical
331.00	597.00	267.61	0.0037367	565.54	788.62	3.0874	1.9751	3.1672	920.16	-0.015988	3.3710e-05	0.10011	supercritical
332.00	597.00	266.92	0.0037465	568.12	791.79	3.0970	1.9771	3.1676	918.72	-0.015828	3.3613e-05	0.099956	supercritical
333.00	597.00	266.22	0.0037563	570.71	794.96	3.1065	1.9791	3.1680	917.29	-0.015670	3.3517e-05	0.099809	supercritical
334.00	597.00	265.53	0.0037661	573.29	798.13	3.1160	1.9811	3.1683	915.88	-0.015513	3.3422e-05	0.099664	supercritical
335.00	597.00	264.84	0.0037759	575.87	801.29	3.1255	1.9831	3.1687	914.49	-0.015357	3.3328e-05	0.099523	supercritical
336.00	597.00	264.15	0.0037857	578.46	804.46	3.1349	1.9852	3.1691	913.11	-0.015204	3.3235e-05	0.099384	supercritical
337.00	597.00	263.47	0.0037955	581.04	807.63	3.1443	1.9873	3.1695	911.75	-0.015051	3.3143e-05	0.099248	supercritical
338.00	597.00	262.78	0.0038054	583.62	810.80	3.1537	1.9894	3.1699	910.40	-0.014901	3.3052e-05	0.099114	supercritical
339.00	597.00	262.10	0.0038153	586.20	813.97	3.1631	1.9915	3.1704	909.07	-0.014751	3.2962e-05	0.098983	supercritical
340.00	597.00	261.43	0.0038251	588.78	817.14	3.1724	1.9936	3.1708	907.75	-0.014604	3.2873e-05	0.098855	supercritical
341.00	597.00	260.75	0.0038350	591.36	820.31	3.1818	1.9957	3.1712	906.45	-0.014458	3.2785e-05	0.098730	supercritical
342.00	597.00	260.08	0.0038450	593.94	823.48	3.1910	1.9979	3.1716	905.16	-0.014313	3.2699e-05	0.098607	supercritical
343.00	597.00	259.41	0.0038549	596.52	826.66	3.2003	2.0001	3.1721	903.89	-0.014170	3.2613e-05	0.098486	supercritical
344.00	597.00	258.75	0.0038648	599.10	829.83	3.2095	2.0022	3.1726	902.63	-0.014029	3.2528e-05	0.098368	supercritical
345.00	597.00	258.08	0.0038748	601.68	833.00	3.2187	2.0045	3.1730	901.39	-0.013889	3.2445e-05	0.098253	supercritical
346.00	597.00	257.42	0.0038847	604.26	836.18	3.2279	2.0067	3.1735	900.16	-0.013751	3.2362e-05	0.098140	supercritical
347.00	597.00	256.76	0.0038947	606.84	839.35	3.2371	2.0089	3.1740	898.94	-0.013615	3.2280e-05	0.098030	supercritical
348.00	597.00	256.10	0.0039047	609.41	842.52	3.2462	2.0112	3.1745	897.74	-0.013480	3.2199e-05	0.097922	supercritical
349.00	597.00	255.45	0.0039147	611.99	845.70	3.2553	2.0134	3.1750	896.56	-0.013347	3.2119e-05	0.097816	supercritical
350.00	597.00	254.80	0.0039247	614.57	848.87	3.2644	2.0157	3.1755	895.38	-0.013215	3.2040e-05	0.097713	supercritical
351.00	597.00	254.15	0.0039347	617.15	852.05	3.2735	2.0180	3.1760	894.23	-0.013085	3.1962e-05	0.097612	supercritical
352.00	597.00	253.50	0.0039447	619.72	855.22	3.2825	2.0204	3.1765	893.08	-0.012956	3.1885e-05	0.097514	supercritical
353.00	597.00	252.86	0.0039548	622.30	858.40	3.2915	2.0227	3.1770	891.95	-0.012829	3.1809e-05	0.097418	supercritical
354.00	597.00	252.22	0.0039648	624.88	861.58	3.3005	2.0250	3.1776	890.83	-0.012704	3.1733e-05	0.097324	supercritical
355.00	597.00	251.58	0.0039749	627.46	864.76	3.3095	2.0274	3.1781	889.73	-0.012580	3.1659e-05	0.097233	supercritical
356.00	597.00	250.94	0.0039850	630.03	867.94	3.3184	2.0298	3.1787	888.63	-0.012458	3.1585e-05	0.097144	supercritical
357.00	597.00	250.31	0.0039951	632.61	871.11	3.3273	2.0322	3.1793	887.56	-0.012337	3.1513e-05	0.097057	supercritical
358.00	597.00	249.68	0.0040052	635.19	874.29	3.3362	2.0346	3.1799	886.49	-0.012218	3.1441e-05	0.096973	supercritical
359.00	597.00	249.05	0.0040153	637.76	877.47	3.3451	2.0370	3.1804	885.44	-0.012101	3.1370e-05	0.096890	supercritical
360.00	597.00	248.42	0.0040254	640.34	880.65	3.3540	2.0395	3.1810	884.40	-0.011985	3.1299e-05	0.096810	supercritical
361.00	597.00	247.80	0.0040355	642.92	883.84	3.3628	2.0419	3.1817	883.37	-0.011871	3.1230e-05	0.096732	supercritical
362.00	597.00	247.18	0.0040456	645.49	887.02	3.3716	2.0444	3.1823	882.36	-0.011758	3.1161e-05	0.096657	supercritical
363.00	597.00	246.56	0.0040558	648.07	890.20	3.3804	2.0469	3.1829	881.36	-0.011647	3.1094e-05	0.096583	supercritical
364.00	597.00	245.95	0.0040659	650.65	893.38	3.3891	2.0494	3.1835	880.37	-0.011538	3.1027e-05	0.096512	supercritical
365.00	597.00	245.33	0.0040761	653.22	896.57	3.3978	2.0519	3.1842	879.39	-0.011430	3.0961e-05	0.096442	supercritical
366.00	597.00	244.72	0.0040863	655.80	899.75	3.4066	2.0544	3.1849	878.42	-0.011324	3.0895e-05	0.096375	supercritical
367.00	597.00	244.11	0.0040965	658.38	902.94	3.4153	2.0569	3.1855	877.47	-0.011219	3.0831e-05	0.096310	supercritical
368.00	597.00	243.51	0.0041067	660.96	906.12	3.4239	2.0595	3.1862	876.53	-0.011116	3.0767e-05	0.096247	supercritical
369.00	597.00	242.90	0.0041169	663.53	909.31	3.4326	2.0620	3.1869	875.60	-0.011014	3.0704e-05	0.096186	supercritical
370.00	597.00	242.30	0.0041271	666.11	912.50	3.4412	2.0646	3.1876	874.68	-0.010914	3.0641e-05	0.096127	supercritical
371.00	597.00	241.70	0.0041373	668.69	915.69	3.4498	2.0672	3.1883	873.78	-0.010816	3.0580e-05	0.096070	supercritical
372.00	597.00	241.11	0.0041475	671.27	918.87	3.4584	2.0698	3.1890	872.89	-0.010719	3.0519e-05	0.096015	supercritical
373.00	597.00	240.51	0.0041578	673.85	922.06	3.4669	2.0724	3.1898	872.00	-0.010623	3.0459e-05	0.095962	supercritical
374.00	597.00	239.92	0.0041680	676.42	925.25	3.4755	2.0750	3.1905	871.13	-0.010529	3.0400e-05	0.095910	supercritical
375.00	597.00	239.33	0.0041782	679.00	928.44	3.4840	2.0777	3.1913	870.27	-0.010437	3.0341e-05	0.095861	supercritical
376.00	597.00	238.75	0.0041885	681.58	931.64	3.4925	2.0803	3.1920	869.42	-0.010346	3.0283e-05	0.095814	supercritical
377.00	597.00	238.17	0.0041988	684.16	934.83	3.5010	2.0830	3.1928	868.59	-0.010257	3.0226e-05	0.095769	supercritical
378.00	597.00	237.58	0.0042090	686.74	938.02	3.5094	2.0856	3.1936	867.76	-0.010169	3.0169e-05	0.095725	supercritical
379.00	597.00	237.01	0.0042193	689.32	941.22	3.5179	2.0883	3.1944	866.94	-0.010082	3.0113e-05	0.095684	supercritical
380.00	597.00	236.43	0.0042296	691.90	944.41	3.5263	2.0910	3.1952	866.14	-0.0099976	3.0058e-05	0.095644	supercritical
381.00	597.00	235.85	0.0042399	694.48	947.61	3.5347	2.0937	3.1960	865.34	-0.0099142	3.0003e-05	0.095606	supercritical
382.00	597.00	235.28	0.0042502	697.07	950.80	3.5431	2.0965	3.1969	864.56	-0.0098323	2.9949e-05	0.095570	supercritical
383.00	597.00	234.71	0.0042605	699.65	954.00	3.5514	2.0992	3.1977	863.79	-0.0097518	2.9896e-05	0.095535	supercritical
384.00	597.00	234.15	0.0042708	702.23	957.20	3.5598	2.1019	3.1986	863.02	-0.0096728	2.9844e-05	0.095503	supercritical
385.00	597.00	233.58	0.0042811	704.81	960.40	3.5681	2.1047	3.1994	862.27	-0.0095953	2.9792e-05	0.095472	supercritical
386.00	597.00	233.02	0.0042915	707.40	963.60	3.5764	2.1075	3.2003	861.53	-0.0095192	2.9740e-05	0.095443	supercritical
387.00	597.00	232.46	0.0043018	709.98	966.80	3.5847	2.1102	3.2012	860.79	-0.0094445	2.9690e-05	0.095416	supercritical
388.00	597.00	231.90	0.0043121	712.56	970.00	3.5929	2.1130	3.2021	860.07	-0.0093713	2.9640e-05	0.095391	supercritical
389.00	597.00	231.35	0.0043225	715.15	973.20	3.6012	2.1158	3.2030	859.36	-0.0092995	2.9590e-05	0.095367	supercritical
390.00	597.00	230.80	0.0043328	717.74	976.41	3.6094	2.1186	3.2039	858.66	-0.0092291	2.9541e-05	0.095345	supercritical
391.00	597.00	230.25	0.0043432	720.32	979.61	3.6176	2.1214	3.2048	857.96	-0.0091601	2.9493e-05	0.095324	supercritical
392.00	597.00	229.70	0.0043535	722.91	982.81	3.6258	2.1243	3.2058	857.28	-0.0090925	2.9445e-05	0.095305	supercritical
393.00	597.00	229.15	0.0043639	725.50	986.02	3.6340	2.1271	3.2067	856.60	-0.0090262	2.9398e-05	0.095288	supercritical
394.00	597.00	228.61	0.0043743	728.08	989.23	3.6421	2.1300	3.2077	855.94	-0.0089613	2.9352e-05	0.095273	supercritical
395.00	597.00	228.07	0.0043846	730.67	992.44	3.6503	2.1328	3.2087	855.28	-0.0088978	2.9306e-05	0.095259	supercritical
396.00	597.00	227.53	0.0043950	733.26	995.65	3.6584	2.1357	3.2097	854.64	-0.0088357	2.9261e-05	0.095247	supercritical
397.00	597.00	226.99	0.0044054	735.85	998.86	3.6665	2.1386	3.2107	854.00	-0.0087749	2.9216e-05	0.095236	supercritical
398.00	597.00	226.46	0.0044158	738.44	1002.1	3.6745	2.1414	3.2117	853.37	-0.0087154	2.9172e-05	0.095227	supercritical
399.00	597.00	225.93	0.0044262	741.04	1005.3	3.6826	2.1443	3.2127	852.75	-0.0086572	2.9128e-05	0.095220	supercritical
400.00	597.00	225.40	0.0044366	743.63	1008.5	3.6906	2.1472	3.2138	852.14	-0.0086004	2.9085e-05	0.095214	supercritical
401.00	597.00	224.87	0.0044470	746.22	1011.7	3.6987	2.1502	3.2148	851.54	-0.0085449	2.9042e-05	0.095210	supercritical
402.00	597.00	224.35	0.0044574	748.82	1014.9	3.7067	2.1531	3.2159	850.95	-0.0084906	2.9000e-05	0.095207	supercritical
403.00	597.00	223.82	0.0044678	751.41	1018.1	3.7147	2.1560	3.2169	850.37	-0.0084376	2.8959e-05	0.095205	supercritical
404.00	597.00	223.30	0.0044782	754.01	1021.4	3.7226	2.1590	3.2180	849.79	-0.0083859	2.8918e-05	0.095206	supercritical
405.00	597.00	222.78	0.0044886	756.60	1024.6	3.7306	2.1619	3.2191	849.23	-0.0083355	2.8878e-05	0.095207	supercritical
406.00	597.00	222.27	0.0044991	759.20	1027.8	3.7385	2.1649	3.2202	848.67	-0.0082863	2.8838e-05	0.095210	supercritical
407.00	597.00	221.75	0.0045095	761.80	1031.0	3.7465	2.1678	3.2213	848.12	-0.0082384	2.8798e-05	0.095215	supercritical
408.00	597.00	221.24	0.0045199	764.40	1034.2	3.7544	2.1708	3.2225	847.58	-0.0081917	2.8759e-05	0.095221	supercritical
409.00	597.00	220.73	0.0045304	767.00	1037.5	3.7623	2.1738	3.2236	847.04	-0.0081462	2.8721e-05	0.095229	supercritical
410.00	597.00	220.23	0.0045408	769.60	1040.7	3.7701	2.1768	3.2248	846.52	-0.0081019	2.8683e-05	0.095238	supercritical
411.00	597.00	219.72	0.0045512	772.20	1043.9	3.7780	2.1798	3.2259	846.00	-0.0080588	2.8646e-05	0.095248	supercritical
412.00	597.00	219.22	0.0045617	774.80	1047.1	3.7858	2.1828	3.2271	845.49	-0.0080169	2.8609e-05	0.095260	supercritical
413.00	597.00	218.72	0.0045721	777.41	1050.4	3.7937	2.1858	3.2283	844.99	-0.0079762	2.8572e-05	0.095273	supercritical
414.00	597.00	218.22	0.0045826	780.01	1053.6	3.8015	2.1889	3.2295	844.50	-0.0079366	2.8536e-05	0.095288	supercritical
415.00	597.00	217.72	0.0045930	782.62	1056.8	3.8093	2.1919	3.2307	844.01	-0.0078982	2.8501e-05	0.095304	supercritical
416.00	597.00	217.23	0.0046035	785.23	1060.1	3.8170	2.1949	3.2319	843.53	-0.0078610	2.8466e-05	0.095321	supercritical
417.00	597.00	216.73	0.0046139	787.83	1063.3	3.8248	2.1980	3.2331	843.06	-0.0078248	2.8431e-05	0.095339	supercritical
418.00	597.00	216.24	0.0046244	790.44	1066.5	3.8325	2.2011	3.2344	842.60	-0.0077898	2.8397e-05	0.095359	supercritical
419.00	597.00	215.76	0.0046349	793.05	1069.8	3.8403	2.2041	3.2356	842.14	-0.0077559	2.8363e-05	0.095381	supercritical
420.00	597.00	215.27	0.0046453	795.67	1073.0	3.8480	2.2072	3.2369	841.69	-0.0077231	2.8330e-05	0.095403	supercritical
421.00	597.00	214.79	0.0046558	798.28	1076.2	3.8557	2.2103	3.2382	841.25	-0.0076914	2.8297e-05	0.095427	supercritical
422.00	597.00	214.30	0.0046663	800.89	1079.5	3.8634	2.2134	3.2395	840.82	-0.0076608	2.8265e-05	0.095453	supercritical
423.00	597.00	213.82	0.0046767	803.51	1082.7	3.8710	2.2165	3.2408	840.39	-0.0076312	2.8233e-05	0.095479	supercritical
424.00	597.00	213.35	0.0046872	806.12	1085.9	3.8787	2.2196	3.2421	839.97	-0.0076027	2.8202e-05	0.095507	supercritical
425.00	597.00	212.87	0.0046977	808.74	1089.2	3.8863	2.2227	3.2434	839.56	-0.0075753	2.8171e-05	0.095536	supercritical
426.00	597.00	212.40	0.0047081	811.36	1092.4	3.8940	2.2258	3.2448	839.15	-0.0075489	2.8140e-05	0.095566	supercritical
427.00	597.00	211.93	0.0047186	813.98	1095.7	3.9016	2.2289	3.2461	838.75	-0.0075235	2.8110e-05	0.095598	supercritical
428.00	597.00	211.46	0.0047291	816.60	1098.9	3.9092	2.2320	3.2475	838.36	-0.0074991	2.8080e-05	0.095630	supercritical
429.00	597.00	210.99	0.0047396	819.22	1102.2	3.9167	2.2352	3.2488	837.98	-0.0074757	2.8051e-05	0.095664	supercritical
430.00	597.00	210.52	0.0047501	821.85	1105.4	3.9243	2.2383	3.2502	837.60	-0.0074533	2.8022e-05	0.095700	supercritical
431.00	597.00	210.06	0.0047606	824.47	1108.7	3.9319	2.2414	3.2516	837.23	-0.0074319	2.7993e-05	0.095736	supercritical
432.00	597.00	209.60	0.0047710	827.10	1111.9	3.9394	2.2446	3.2530	836.86	-0.0074114	2.7965e-05	0.095774	supercritical
433.00	597.00	209.14	0.0047815	829.73	1115.2	3.9469	2.2478	3.2544	836.50	-0.0073919	2.7937e-05	0.095813	supercritical
434.00	597.00	208.68	0.0047920	832.36	1118.4	3.9544	2.2509	3.2558	836.15	-0.0073734	2.7910e-05	0.095852	supercritical
435.00	597.00	208.22	0.0048025	834.99	1121.7	3.9619	2.2541	3.2573	835.80	-0.0073558	2.7882e-05	0.095894	supercritical
436.00	597.00	207.77	0.0048130	837.62	1125.0	3.9694	2.2573	3.2587	835.46	-0.0073391	2.7856e-05	0.095936	supercritical
437.00	597.00	207.32	0.0048235	840.25	1128.2	3.9769	2.2605	3.2602	835.13	-0.0073234	2.7830e-05	0.095979	supercritical
438.00	597.00	206.87	0.0048340	842.89	1131.5	3.9843	2.2636	3.2617	834.80	-0.0073085	2.7804e-05	0.096024	supercritical
439.00	597.00	206.42	0.0048445	845.52	1134.7	3.9918	2.2668	3.2631	834.48	-0.0072945	2.7778e-05	0.096070	supercritical
440.00	597.00	205.97	0.0048550	848.16	1138.0	3.9992	2.2700	3.2646	834.16	-0.0072815	2.7753e-05	0.096116	supercritical
441.00	597.00	205.53	0.0048655	850.80	1141.3	4.0066	2.2733	3.2661	833.85	-0.0072693	2.7728e-05	0.096164	supercritical
442.00	597.00	205.09	0.0048759	853.44	1144.5	4.0140	2.2765	3.2676	833.55	-0.0072579	2.7704e-05	0.096213	supercritical
443.00	597.00	204.65	0.0048864	856.08	1147.8	4.0214	2.2797	3.2692	833.25	-0.0072474	2.7679e-05	0.096264	supercritical
444.00	597.00	204.21	0.0048969	858.72	1151.1	4.0288	2.2829	3.2707	832.96	-0.0072378	2.7656e-05	0.096315	supercritical
445.00	597.00	203.77	0.0049074	861.37	1154.3	4.0361	2.2861	3.2722	832.67	-0.0072290	2.7632e-05	0.096367	supercritical
446.00	597.00	203.34	0.0049179	864.01	1157.6	4.0435	2.2894	3.2738	832.39	-0.0072210	2.7609e-05	0.096420	supercritical
447.00	597.00	202.90	0.0049284	866.66	1160.9	4.0508	2.2926	3.2754	832.11	-0.0072138	2.7587e-05	0.096475	supercritical
448.00	597.00	202.47	0.0049389	869.31	1164.2	4.0581	2.2958	3.2769	831.84	-0.0072074	2.7564e-05	0.096530	supercritical
449.00	597.00	202.04	0.0049494	871.96	1167.4	4.0654	2.2991	3.2785	831.58	-0.0072018	2.7542e-05	0.096587	supercritical
450.00	597.00	201.62	0.0049599	874.62	1170.7	4.0727	2.3023	3.2801	831.32	-0.0071970	2.7520e-05	0.096644	supercritical
451.00	597.00	201.19	0.0049704	877.27	1174.0	4.0800	2.3056	3.2817	831.07	-0.0071930	2.7499e-05	0.096703	supercritical
452.00	597.00	200.77	0.0049809	879.93	1177.3	4.0873	2.3089	3.2834	830.82	-0.0071897	2.7478e-05	0.096763	supercritical
453.00	597.00	200.34	0.0049914	882.58	1180.6	4.0945	2.3121	3.2850	830.58	-0.0071871	2.7457e-05	0.096823	supercritical
454.00	597.00	199.92	0.0050019	885.24	1183.9	4.1018	2.3154	3.2866	830.34	-0.0071854	2.7437e-05	0.096885	supercritical
455.00	597.00	199.50	0.0050124	887.90	1187.1	4.1090	2.3187	3.2883	830.11	-0.0071843	2.7417e-05	0.096948	supercritical
456.00	597.00	199.09	0.0050229	890.57	1190.4	4.1162	2.3220	3.2899	829.88	-0.0071840	2.7397e-05	0.097011	supercritical
457.00	597.00	198.67	0.0050334	893.23	1193.7	4.1234	2.3252	3.2916	829.66	-0.0071843	2.7377e-05	0.097076	supercritical
458.00	597.00	198.26	0.0050439	895.90	1197.0	4.1306	2.3285	3.2933	829.44	-0.0071854	2.7358e-05	0.097141	supercritical
459.00	597.00	197.85	0.0050544	898.56	1200.3	4.1378	2.3318	3.2950	829.23	-0.0071872	2.7339e-05	0.097208	supercritical
460.00	597.00	197.44	0.0050649	901.23	1203.6	4.1450	2.3351	3.2967	829.02	-0.0071897	2.7321e-05	0.097275	supercritical
461.00	597.00	197.03	0.0050754	903.90	1206.9	4.1522	2.3384	3.2984	828.82	-0.0071928	2.7302e-05	0.097344	supercritical
462.00	597.00	196.62	0.0050859	906.58	1210.2	4.1593	2.3417	3.3001	828.62	-0.0071966	2.7284e-05	0.097413	supercritical
463.00	597.00	196.22	0.0050964	909.25	1213.5	4.1664	2.3450	3.3018	828.43	-0.0072010	2.7267e-05	0.097484	supercritical
464.00	597.00	195.81	0.0051069	911.93	1216.8	4.1736	2.3484	3.3036	828.24	-0.0072061	2.7249e-05	0.097555	supercritical
465.00	597.00	195.41	0.0051174	914.60	1220.1	4.1807	2.3517	3.3053	828.05	-0.0072119	2.7232e-05	0.097627	supercritical
466.00	597.00	195.01	0.0051279	917.28	1223.4	4.1878	2.3550	3.3071	827.88	-0.0072182	2.7215e-05	0.097700	supercritical
467.00	597.00	194.62	0.0051383	919.97	1226.7	4.1949	2.3583	3.3089	827.70	-0.0072252	2.7199e-05	0.097774	supercritical
468.00	597.00	194.22	0.0051488	922.65	1230.0	4.2020	2.3616	3.3106	827.53	-0.0072328	2.7182e-05	0.097849	supercritical
469.00	597.00	193.82	0.0051593	925.33	1233.3	4.2090	2.3650	3.3124	827.37	-0.0072410	2.7166e-05	0.097925	supercritical
470.00	597.00	193.43	0.0051698	928.02	1236.7	4.2161	2.3683	3.3142	827.21	-0.0072498	2.7150e-05	0.098002	supercritical
471.00	597.00	193.04	0.0051803	930.71	1240.0	4.2231	2.3717	3.3160	827.05	-0.0072592	2.7135e-05	0.098080	supercritical
472.00	597.00	192.65	0.0051908	933.40	1243.3	4.2302	2.3750	3.3178	826.90	-0.0072691	2.7120e-05	0.098158	supercritical
473.00	597.00	192.26	0.0052013	936.09	1246.6	4.2372	2.3783	3.3197	826.75	-0.0072796	2.7105e-05	0.098237	supercritical
474.00	597.00	191.87	0.0052118	938.79	1249.9	4.2442	2.3817	3.3215	826.61	-0.0072907	2.7090e-05	0.098318	supercritical
475.00	597.00	191.49	0.0052222	941.49	1253.3	4.2512	2.3850	3.3234	826.47	-0.0073024	2.7076e-05	0.098399	supercritical
476.00	597.00	191.11	0.0052327	944.18	1256.6	4.2582	2.3884	3.3252	826.33	-0.0073145	2.7061e-05	0.098481	supercritical
477.00	597.00	190.72	0.0052432	946.88	1259.9	4.2652	2.3918	3.3271	826.20	-0.0073272	2.7047e-05	0.098564	supercritical
478.00	597.00	190.34	0.0052537	949.59	1263.2	4.2721	2.3951	3.3289	826.07	-0.0073405	2.7034e-05	0.098647	supercritical
479.00	597.00	189.96	0.0052642	952.29	1266.6	4.2791	2.3985	3.3308	825.95	-0.0073542	2.7020e-05	0.098732	supercritical
480.00	597.00	189.59	0.0052746	955.00	1269.9	4.2861	2.4019	3.3327	825.83	-0.0073685	2.7007e-05	0.098817	supercritical
481.00	597.00	189.21	0.0052851	957.71	1273.2	4.2930	2.4052	3.3346	825.72	-0.0073832	2.6994e-05	0.098903	supercritical
482.00	597.00	188.84	0.0052956	960.42	1276.6	4.2999	2.4086	3.3365	825.61	-0.0073985	2.6982e-05	0.098990	supercritical
483.00	597.00	188.46	0.0053061	963.13	1279.9	4.3068	2.4120	3.3384	825.50	-0.0074142	2.6969e-05	0.099078	supercritical
484.00	597.00	188.09	0.0053165	965.84	1283.2	4.3137	2.4154	3.3404	825.40	-0.0074304	2.6957e-05	0.099166	supercritical
485.00	597.00	187.72	0.0053270	968.56	1286.6	4.3206	2.4187	3.3423	825.30	-0.0074471	2.6945e-05	0.099256	supercritical
486.00	597.00	187.35	0.0053375	971.28	1289.9	4.3275	2.4221	3.3442	825.20	-0.0074643	2.6933e-05	0.099346	supercritical
487.00	597.00	186.99	0.0053479	974.00	1293.3	4.3344	2.4255	3.3462	825.11	-0.0074819	2.6922e-05	0.099437	supercritical
488.00	597.00	186.62	0.0053584	976.72	1296.6	4.3413	2.4289	3.3481	825.02	-0.0075000	2.6910e-05	0.099529	supercritical
489.00	597.00	186.26	0.0053689	979.44	1300.0	4.3481	2.4323	3.3501	824.94	-0.0075185	2.6899e-05	0.099621	supercritical
490.00	597.00	185.90	0.0053793	982.17	1303.3	4.3550	2.4357	3.3521	824.86	-0.0075374	2.6888e-05	0.099715	supercritical
491.00	597.00	185.54	0.0053898	984.90	1306.7	4.3618	2.4391	3.3541	824.78	-0.0075568	2.6878e-05	0.099809	supercritical
492.00	597.00	185.18	0.0054003	987.63	1310.0	4.3686	2.4425	3.3561	824.71	-0.0075765	2.6867e-05	0.099903	supercritical
493.00	597.00	184.82	0.0054107	990.36	1313.4	4.3754	2.4459	3.3581	824.64	-0.0075967	2.6857e-05	0.099999	supercritical
494.00	597.00	184.46	0.0054212	993.10	1316.7	4.3823	2.4493	3.3601	824.57	-0.0076173	2.6847e-05	0.10010	supercritical
495.00	597.00	184.11	0.0054316	995.83	1320.1	4.3891	2.4527	3.3621	824.51	-0.0076383	2.6837e-05	0.10019	supercritical
496.00	597.00	183.75	0.0054421	998.57	1323.5	4.3958	2.4561	3.3641	824.45	-0.0076597	2.6828e-05	0.10029	supercritical
497.00	597.00	183.40	0.0054525	1001.3	1326.8	4.4026	2.4595	3.3661	824.39	-0.0076815	2.6818e-05	0.10039	supercritical
498.00	597.00	183.05	0.0054630	1004.1	1330.2	4.4094	2.4629	3.3682	824.34	-0.0077037	2.6809e-05	0.10049	supercritical
499.00	597.00	182.70	0.0054734	1006.8	1333.6	4.4161	2.4663	3.3702	824.29	-0.0077262	2.6800e-05	0.10059	supercritical
500.00	597.00	182.35	0.0054839	1009.5	1336.9	4.4229	2.4698	3.3723	824.25	-0.0077491	2.6792e-05	0.10069	supercritical
501.00	597.00	182.01	0.0054943	1012.3	1340.3	4.4296	2.4732	3.3744	824.20	-0.0077724	2.6783e-05	0.10079	supercritical
502.00	597.00	181.66	0.0055048	1015.1	1343.7	4.4364	2.4766	3.3764	824.16	-0.0077960	2.6775e-05	0.10089	supercritical
503.00	597.00	181.32	0.0055152	1017.8	1347.1	4.4431	2.4800	3.3785	824.13	-0.0078199	2.6767e-05	0.10100	supercritical
504.00	597.00	180.97	0.0055257	1020.6	1350.4	4.4498	2.4834	3.3806	824.09	-0.0078442	2.6759e-05	0.10110	supercritical
505.00	597.00	180.63	0.0055361	1023.3	1353.8	4.4565	2.4869	3.3827	824.06	-0.0078688	2.6751e-05	0.10120	supercritical
506.00	597.00	180.29	0.0055465	1026.1	1357.2	4.4632	2.4903	3.3848	824.04	-0.0078938	2.6743e-05	0.10131	supercritical
507.00	597.00	179.95	0.0055570	1028.8	1360.6	4.4699	2.4937	3.3869	824.01	-0.0079191	2.6736e-05	0.10141	supercritical
508.00	597.00	179.62	0.0055674	1031.6	1364.0	4.4766	2.4971	3.3890	823.99	-0.0079447	2.6729e-05	0.10152	supercritical
509.00	597.00	179.28	0.0055778	1034.4	1367.4	4.4832	2.5006	3.3911	823.97	-0.0079706	2.6722e-05	0.10163	supercritical
510.00	597.00	178.95	0.0055882	1037.1	1370.8	4.4899	2.5040	3.3933	823.96	-0.0079968	2.6715e-05	0.10174	supercritical
511.00	597.00	178.61	0.0055987	1039.9	1374.2	4.4965	2.5074	3.3954	823.95	-0.0080233	2.6709e-05	0.10184	supercritical
512.00	597.00	178.28	0.0056091	1042.7	1377.6	4.5032	2.5109	3.3975	823.94	-0.0080501	2.6702e-05	0.10195	supercritical
513.00	597.00	177.95	0.0056195	1045.5	1381.0	4.5098	2.5143	3.3997	823.93	-0.0080772	2.6696e-05	0.10206	supercritical
514.00	597.00	177.62	0.0056299	1048.2	1384.4	4.5164	2.5178	3.4019	823.93	-0.0081046	2.6690e-05	0.10217	supercritical
515.00	597.00	177.29	0.0056403	1051.0	1387.8	4.5230	2.5212	3.4040	823.93	-0.0081323	2.6684e-05	0.10228	supercritical
516.00	597.00	176.97	0.0056508	1053.8	1391.2	4.5296	2.5246	3.4062	823.93	-0.0081602	2.6678e-05	0.10240	supercritical
517.00	597.00	176.64	0.0056612	1056.6	1394.6	4.5362	2.5281	3.4084	823.94	-0.0081884	2.6673e-05	0.10251	supercritical
518.00	597.00	176.32	0.0056716	1059.4	1398.0	4.5428	2.5315	3.4106	823.94	-0.0082168	2.6667e-05	0.10262	supercritical
519.00	597.00	176.00	0.0056820	1062.2	1401.4	4.5494	2.5350	3.4128	823.95	-0.0082455	2.6662e-05	0.10273	supercritical
520.00	597.00	175.67	0.0056924	1065.0	1404.8	4.5560	2.5384	3.4150	823.97	-0.0082745	2.6657e-05	0.10285	supercritical
521.00	597.00	175.35	0.0057028	1067.8	1408.2	4.5625	2.5419	3.4172	823.98	-0.0083037	2.6652e-05	0.10296	supercritical
522.00	597.00	175.03	0.0057132	1070.6	1411.6	4.5691	2.5453	3.4194	824.00	-0.0083331	2.6647e-05	0.10308	supercritical
523.00	597.00	174.72	0.0057236	1073.4	1415.1	4.5756	2.5488	3.4216	824.02	-0.0083628	2.6643e-05	0.10320	supercritical
524.00	597.00	174.40	0.0057340	1076.2	1418.5	4.5822	2.5522	3.4238	824.05	-0.0083927	2.6639e-05	0.10331	supercritical
525.00	597.00	174.08	0.0057444	1079.0	1421.9	4.5887	2.5557	3.4261	824.07	-0.0084228	2.6634e-05	0.10343	supercritical
526.00	597.00	173.77	0.0057548	1081.8	1425.3	4.5952	2.5591	3.4283	824.10	-0.0084532	2.6630e-05	0.10355	supercritical
527.00	597.00	173.46	0.0057652	1084.6	1428.8	4.6017	2.5626	3.4305	824.13	-0.0084838	2.6626e-05	0.10367	supercritical
528.00	597.00	173.14	0.0057755	1087.4	1432.2	4.6083	2.5660	3.4328	824.17	-0.0085145	2.6623e-05	0.10378	supercritical
529.00	597.00	172.83	0.0057859	1090.2	1435.6	4.6148	2.5695	3.4351	824.20	-0.0085455	2.6619e-05	0.10390	supercritical
530.00	597.00	172.52	0.0057963	1093.0	1439.1	4.6212	2.5729	3.4373	824.24	-0.0085767	2.6616e-05	0.10402	supercritical
531.00	597.00	172.22	0.0058067	1095.8	1442.5	4.6277	2.5764	3.4396	824.28	-0.0086081	2.6612e-05	0.10415	supercritical
532.00	597.00	171.91	0.0058171	1098.7	1445.9	4.6342	2.5799	3.4419	824.33	-0.0086397	2.6609e-05	0.10427	supercritical
533.00	597.00	171.60	0.0058274	1101.5	1449.4	4.6407	2.5833	3.4442	824.37	-0.0086714	2.6606e-05	0.10439	supercritical
534.00	597.00	171.30	0.0058378	1104.3	1452.8	4.6471	2.5868	3.4464	824.42	-0.0087034	2.6603e-05	0.10451	supercritical
535.00	597.00	170.99	0.0058482	1107.1	1456.3	4.6536	2.5902	3.4487	824.47	-0.0087355	2.6601e-05	0.10464	supercritical
536.00	597.00	170.69	0.0058585	1110.0	1459.7	4.6600	2.5937	3.4510	824.53	-0.0087678	2.6598e-05	0.10476	supercritical
537.00	597.00	170.39	0.0058689	1112.8	1463.2	4.6664	2.5972	3.4533	824.58	-0.0088003	2.6596e-05	0.10488	supercritical
538.00	597.00	170.09	0.0058793	1115.6	1466.6	4.6729	2.6006	3.4557	824.64	-0.0088330	2.6594e-05	0.10501	supercritical
539.00	597.00	169.79	0.0058896	1118.5	1470.1	4.6793	2.6041	3.4580	824.70	-0.0088658	2.6592e-05	0.10513	supercritical
540.00	597.00	169.49	0.0059000	1121.3	1473.6	4.6857	2.6075	3.4603	824.76	-0.0088988	2.6590e-05	0.10526	supercritical
541.00	597.00	169.20	0.0059103	1124.2	1477.0	4.6921	2.6110	3.4626	824.82	-0.0089319	2.6588e-05	0.10539	supercritical
542.00	597.00	168.90	0.0059207	1127.0	1480.5	4.6985	2.6145	3.4650	824.89	-0.0089652	2.6586e-05	0.10551	supercritical
543.00	597.00	168.60	0.0059310	1129.9	1483.9	4.7049	2.6179	3.4673	824.96	-0.0089986	2.6585e-05	0.10564	supercritical
544.00	597.00	168.31	0.0059414	1132.7	1487.4	4.7113	2.6214	3.4696	825.03	-0.0090322	2.6583e-05	0.10577	supercritical
545.00	597.00	168.02	0.0059517	1135.6	1490.9	4.7177	2.6249	3.4720	825.10	-0.0090659	2.6582e-05	0.10590	supercritical
546.00	597.00	167.73	0.0059621	1138.4	1494.4	4.7240	2.6283	3.4743	825.18	-0.0090997	2.6581e-05	0.10603	supercritical
547.00	597.00	167.44	0.0059724	1141.3	1497.8	4.7304	2.6318	3.4767	825.25	-0.0091337	2.6580e-05	0.10616	supercritical
548.00	597.00	167.15	0.0059827	1144.1	1501.3	4.7367	2.6353	3.4791	825.33	-0.0091678	2.6579e-05	0.10629	supercritical
549.00	597.00	166.86	0.0059931	1147.0	1504.8	4.7431	2.6387	3.4814	825.41	-0.0092021	2.6578e-05	0.10642	supercritical
550.00	597.00	166.57	0.0060034	1149.9	1508.3	4.7494	2.6422	3.4838	825.50	-0.0092364	2.6577e-05	0.10655	supercritical
551.00	597.00	166.29	0.0060137	1152.7	1511.8	4.7557	2.6456	3.4862	825.58	-0.0092709	2.6577e-05	0.10668	supercritical
552.00	597.00	166.00	0.0060241	1155.6	1515.2	4.7621	2.6491	3.4886	825.67	-0.0093055	2.6577e-05	0.10681	supercritical
553.00	597.00	165.72	0.0060344	1158.5	1518.7	4.7684	2.6526	3.4910	825.76	-0.0093402	2.6576e-05	0.10695	supercritical
554.00	597.00	165.43	0.0060447	1161.4	1522.2	4.7747	2.6560	3.4934	825.85	-0.0093750	2.6576e-05	0.10708	supercritical
555.00	597.00	165.15	0.0060550	1164.2	1525.7	4.7810	2.6595	3.4958	825.94	-0.0094100	2.6576e-05	0.10721	supercritical
556.00	597.00	164.87	0.0060653	1167.1	1529.2	4.7873	2.6630	3.4982	826.04	-0.0094450	2.6576e-05	0.10735	supercritical
557.00	597.00	164.59	0.0060757	1170.0	1532.7	4.7936	2.6664	3.5006	826.13	-0.0094801	2.6577e-05	0.10748	supercritical
558.00	597.00	164.31	0.0060860	1172.9	1536.2	4.7999	2.6699	3.5030	826.23	-0.0095154	2.6577e-05	0.10762	supercritical
559.00	597.00	164.03	0.0060963	1175.8	1539.7	4.8061	2.6734	3.5054	826.33	-0.0095507	2.6577e-05	0.10776	supercritical
560.00	597.00	163.76	0.0061066	1178.7	1543.2	4.8124	2.6768	3.5079	826.43	-0.0095861	2.6578e-05	0.10789	supercritical
561.00	597.00	163.48	0.0061169	1181.6	1546.7	4.8187	2.6803	3.5103	826.54	-0.0096216	2.6579e-05	0.10803	supercritical
562.00	597.00	163.21	0.0061272	1184.5	1550.3	4.8249	2.6838	3.5127	826.64	-0.0096572	2.6580e-05	0.10817	supercritical
563.00	597.00	162.93	0.0061375	1187.4	1553.8	4.8312	2.6872	3.5152	826.75	-0.0096928	2.6581e-05	0.10830	supercritical
564.00	597.00	162.66	0.0061478	1190.3	1557.3	4.8374	2.6907	3.5176	826.86	-0.0097286	2.6582e-05	0.10844	supercritical
565.00	597.00	162.39	0.0061581	1193.2	1560.8	4.8436	2.6942	3.5201	826.97	-0.0097644	2.6583e-05	0.10858	supercritical
566.00	597.00	162.12	0.0061684	1196.1	1564.3	4.8499	2.6976	3.5225	827.08	-0.0098003	2.6584e-05	0.10872	supercritical
567.00	597.00	161.85	0.0061787	1199.0	1567.8	4.8561	2.7011	3.5250	827.20	-0.0098362	2.6585e-05	0.10886	supercritical
568.00	597.00	161.58	0.0061889	1201.9	1571.4	4.8623	2.7046	3.5274	827.31	-0.0098723	2.6587e-05	0.10900	supercritical
569.00	597.00	161.31	0.0061992	1204.8	1574.9	4.8685	2.7080	3.5299	827.43	-0.0099083	2.6589e-05	0.10914	supercritical
570.00	597.00	161.04	0.0062095	1207.7	1578.4	4.8747	2.7115	3.5324	827.55	-0.0099445	2.6590e-05	0.10928	supercritical
571.00	597.00	160.78	0.0062198	1210.6	1582.0	4.8809	2.7150	3.5348	827.67	-0.0099807	2.6592e-05	0.10943	supercritical
572.00	597.00	160.51	0.0062300	1213.6	1585.5	4.8871	2.7184	3.5373	827.79	-0.010017	2.6594e-05	0.10957	supercritical
573.00	597.00	160.25	0.0062403	1216.5	1589.0	4.8933	2.7219	3.5398	827.92	-0.010053	2.6596e-05	0.10971	supercritical
574.00	597.00	159.99	0.0062506	1219.4	1592.6	4.8994	2.7253	3.5423	828.04	-0.010090	2.6598e-05	0.10985	supercritical
575.00	597.00	159.72	0.0062608	1222.4	1596.1	4.9056	2.7288	3.5448	828.17	-0.010126	2.6601e-05	0.11000	supercritical
576.00	597.00	159.46	0.0062711	1225.3	1599.7	4.9118	2.7323	3.5473	828.30	-0.010163	2.6603e-05	0.11014	supercritical
577.00	597.00	159.20	0.0062814	1228.2	1603.2	4.9179	2.7357	3.5498	828.43	-0.010199	2.6605e-05	0.11028	supercritical
578.00	597.00	158.94	0.0062916	1231.2	1606.8	4.9241	2.7392	3.5523	828.56	-0.010236	2.6608e-05	0.11043	supercritical
579.00	597.00	158.68	0.0063019	1234.1	1610.3	4.9302	2.7427	3.5548	828.69	-0.010272	2.6611e-05	0.11057	supercritical
580.00	597.00	158.42	0.0063121	1237.0	1613.9	4.9364	2.7461	3.5573	828.83	-0.010309	2.6613e-05	0.11072	supercritical
581.00	597.00	158.17	0.0063224	1240.0	1617.4	4.9425	2.7496	3.5598	828.97	-0.010346	2.6616e-05	0.11087	supercritical
582.00	597.00	157.91	0.0063326	1242.9	1621.0	4.9486	2.7530	3.5623	829.10	-0.010382	2.6619e-05	0.11101	supercritical
583.00	597.00	157.66	0.0063429	1245.9	1624.6	4.9547	2.7565	3.5648	829.24	-0.010419	2.6622e-05	0.11116	supercritical
584.00	597.00	157.40	0.0063531	1248.8	1628.1	4.9608	2.7599	3.5674	829.38	-0.010456	2.6625e-05	0.11131	supercritical
585.00	597.00	157.15	0.0063634	1251.8	1631.7	4.9669	2.7634	3.5699	829.53	-0.010493	2.6629e-05	0.11146	supercritical
586.00	597.00	156.90	0.0063736	1254.8	1635.3	4.9730	2.7669	3.5724	829.67	-0.010529	2.6632e-05	0.11160	supercritical
587.00	597.00	156.65	0.0063838	1257.7	1638.8	4.9791	2.7703	3.5750	829.81	-0.010566	2.6635e-05	0.11175	supercritical
588.00	597.00	156.40	0.0063941	1260.7	1642.4	4.9852	2.7738	3.5775	829.96	-0.010603	2.6639e-05	0.11190	supercritical
589.00	597.00	156.15	0.0064043	1263.7	1646.0	4.9913	2.7772	3.5800	830.11	-0.010640	2.6643e-05	0.11205	supercritical
590.00	597.00	155.90	0.0064145	1266.6	1649.6	4.9974	2.7807	3.5826	830.26	-0.010677	2.6646e-05	0.11220	supercritical
591.00	597.00	155.65	0.0064247	1269.6	1653.2	5.0034	2.7841	3.5851	830.41	-0.010714	2.6650e-05	0.11235	supercritical
592.00	597.00	155.40	0.0064350	1272.6	1656.7	5.0095	2.7876	3.5877	830.56	-0.010751	2.6654e-05	0.11250	supercritical
593.00	597.00	155.16	0.0064452	1275.6	1660.3	5.0156	2.7910	3.5902	830.71	-0.010788	2.6658e-05	0.11265	supercritical
594.00	597.00	154.91	0.0064554	1278.5	1663.9	5.0216	2.7945	3.5928	830.87	-0.010825	2.6662e-05	0.11280	supercritical
595.00	597.00	154.66	0.0064656	1281.5	1667.5	5.0277	2.7979	3.5954	831.02	-0.010862	2.6666e-05	0.11296	supercritical
596.00	597.00	154.42	0.0064758	1284.5	1671.1	5.0337	2.8014	3.5979	831.18	-0.010899	2.6670e-05	0.11311	supercritical
597.00	597.00	154.18	0.0064860	1287.5	1674.7	5.0397	2.8048	3.6005	831.34	-0.010936	2.6675e-05	0.11326	supercritical
598.00	597.00	153.94	0.0064962	1290.5	1678.3	5.0458	2.8083	3.6031	831.50	-0.010973	2.6679e-05	0.11341	supercritical
599.00	597.00	153.69	0.0065064	1293.5	1681.9	5.0518	2.8117	3.6056	831.66	-0.011010	2.6683e-05	0.11357	supercritical
600.00	597.00	153.45	0.0065166	1296.5	1685.5	5.0578	2.8152	3.6082	831.82	-0.011047	2.6688e-05	0.11372	supercritical
601.00	597.00	153.21	0.0065268	1299.5	1689.1	5.0638	2.8186	3.6108	831.98	-0.011084	2.6693e-05	0.11388	supercritical
602.00	597.00	152.98	0.0065370	1302.5	1692.8	5.0698	2.8221	3.6134	832.15	-0.011121	2.6697e-05	0.11403	supercritical
603.00	597.00	152.74	0.0065472	1305.5	1696.4	5.0758	2.8255	3.6160	832.31	-0.011158	2.6702e-05	0.11419	supercritical
604.00	597.00	152.50	0.0065574	1308.5	1700.0	5.0818	2.8289	3.6186	832.48	-0.011195	2.6707e-05	0.11434	supercritical
605.00	597.00	152.26	0.0065676	1311.5	1703.6	5.0878	2.8324	3.6211	832.65	-0.011232	2.6712e-05	0.11450	supercritical
606.00	597.00	152.03	0.0065777	1314.5	1707.2	5.0938	2.8358	3.6237	832.82	-0.011268	2.6717e-05	0.11465	supercritical
607.00	597.00	151.79	0.0065879	1317.6	1710.9	5.0998	2.8393	3.6263	832.99	-0.011305	2.6722e-05	0.11481	supercritical
608.00	597.00	151.56	0.0065981	1320.6	1714.5	5.1057	2.8427	3.6289	833.16	-0.011342	2.6728e-05	0.11497	supercritical
609.00	597.00	151.33	0.0066083	1323.6	1718.1	5.1117	2.8461	3.6315	833.33	-0.011379	2.6733e-05	0.11512	supercritical
610.00	597.00	151.09	0.0066184	1326.6	1721.7	5.1177	2.8496	3.6341	833.51	-0.011416	2.6738e-05	0.11528	supercritical
611.00	597.00	150.86	0.0066286	1329.7	1725.4	5.1236	2.8530	3.6368	833.68	-0.011453	2.6744e-05	0.11544	supercritical
612.00	597.00	150.63	0.0066388	1332.7	1729.0	5.1296	2.8564	3.6394	833.86	-0.011490	2.6749e-05	0.11560	supercritical
613.00	597.00	150.40	0.0066489	1335.7	1732.7	5.1355	2.8599	3.6420	834.04	-0.011527	2.6755e-05	0.11576	supercritical
614.00	597.00	150.17	0.0066591	1338.8	1736.3	5.1414	2.8633	3.6446	834.21	-0.011564	2.6760e-05	0.11592	supercritical
615.00	597.00	149.94	0.0066693	1341.8	1739.9	5.1474	2.8667	3.6472	834.39	-0.011600	2.6766e-05	0.11608	supercritical
616.00	597.00	149.71	0.0066794	1344.8	1743.6	5.1533	2.8702	3.6498	834.57	-0.011637	2.6772e-05	0.11624	supercritical
617.00	597.00	149.49	0.0066896	1347.9	1747.2	5.1592	2.8736	3.6525	834.76	-0.011674	2.6778e-05	0.11640	supercritical
618.00	597.00	149.26	0.0066997	1350.9	1750.9	5.1651	2.8770	3.6551	834.94	-0.011711	2.6784e-05	0.11656	supercritical
619.00	597.00	149.03	0.0067099	1354.0	1754.6	5.1711	2.8804	3.6577	835.12	-0.011747	2.6790e-05	0.11672	supercritical
620.00	597.00	148.81	0.0067200	1357.0	1758.2	5.1770	2.8839	3.6604	835.31	-0.011784	2.6796e-05	0.11688	supercritical
621.00	597.00	148.59	0.0067301	1360.1	1761.9	5.1829	2.8873	3.6630	835.49	-0.011821	2.6802e-05	0.11704	supercritical
622.00	597.00	148.36	0.0067403	1363.1	1765.5	5.1888	2.8907	3.6656	835.68	-0.011857	2.6808e-05	0.11720	supercritical
623.00	597.00	148.14	0.0067504	1366.2	1769.2	5.1947	2.8941	3.6683	835.87	-0.011894	2.6815e-05	0.11736	supercritical
624.00	597.00	147.92	0.0067606	1369.3	1772.9	5.2005	2.8976	3.6709	836.05	-0.011930	2.6821e-05	0.11753	supercritical
625.00	597.00	147.70	0.0067707	1372.3	1776.6	5.2064	2.9010	3.6735	836.24	-0.011967	2.6827e-05	0.11769	supercritical
