Temperature (K)	Pressure (bar)	Density (kg/m3)	Volume (m3/kg)	Internal Energy (kJ/kg)	Enthalpy (kJ/kg)	Entropy (J/g*K)	Cv (J/g*K)	Cp (J/g*K)	Sound Spd. (m/s)	Joule-Thomson (K/bar)	Viscosity (Pa*s)	Therm. Cond. (W/m*K)	Phase
103.00	478.00	464.15	0.0021545	-55.599	47.384	-0.55631	2.2009	3.2201	1725.5	-0.051710	0.00023539	0.23691	liquid
104.00	478.00	463.13	0.0021592	-52.607	50.604	-0.52520	2.1965	3.2201	1719.2	-0.051647	0.00022836	0.23589	liquid
105.00	478.00	462.11	0.0021640	-49.615	53.824	-0.49439	2.1921	3.2201	1713.0	-0.051581	0.00022173	0.23486	liquid
106.00	478.00	461.08	0.0021688	-46.624	57.045	-0.46386	2.1878	3.2202	1706.8	-0.051514	0.00021547	0.23382	liquid
107.00	478.00	460.06	0.0021736	-43.635	60.265	-0.43363	2.1835	3.2202	1700.6	-0.051445	0.00020955	0.23278	liquid
108.00	478.00	459.04	0.0021785	-40.646	63.485	-0.40367	2.1793	3.2203	1694.3	-0.051375	0.00020395	0.23173	liquid
109.00	478.00	458.01	0.0021833	-37.658	66.705	-0.37399	2.1751	3.2203	1688.1	-0.051303	0.00019864	0.23067	liquid
110.00	478.00	456.99	0.0021882	-34.671	69.926	-0.34458	2.1709	3.2204	1681.9	-0.051229	0.00019360	0.22961	liquid
111.00	478.00	455.97	0.0021931	-31.685	73.146	-0.31544	2.1667	3.2205	1675.7	-0.051154	0.00018881	0.22854	liquid
112.00	478.00	454.95	0.0021981	-28.700	76.367	-0.28655	2.1626	3.2206	1669.4	-0.051077	0.00018425	0.22746	liquid
113.00	478.00	453.93	0.0022030	-25.716	79.587	-0.25792	2.1585	3.2206	1663.2	-0.050999	0.00017992	0.22639	liquid
114.00	478.00	452.90	0.0022080	-22.733	82.808	-0.22955	2.1545	3.2207	1657.0	-0.050919	0.00017578	0.22531	liquid
115.00	478.00	451.88	0.0022130	-19.751	86.029	-0.20142	2.1504	3.2208	1650.8	-0.050838	0.00017184	0.22422	liquid
116.00	478.00	450.86	0.0022180	-16.770	89.249	-0.17353	2.1464	3.2208	1644.6	-0.050756	0.00016807	0.22313	liquid
117.00	478.00	449.84	0.0022230	-13.790	92.470	-0.14589	2.1424	3.2209	1638.4	-0.050672	0.00016447	0.22204	liquid
118.00	478.00	448.82	0.0022281	-10.811	95.691	-0.11847	2.1385	3.2209	1632.2	-0.050586	0.00016102	0.22095	liquid
119.00	478.00	447.79	0.0022332	-7.8334	98.912	-0.091293	2.1345	3.2210	1626.0	-0.050499	0.00015772	0.21986	liquid
120.00	478.00	446.77	0.0022383	-4.8566	102.13	-0.064339	2.1306	3.2210	1619.8	-0.050411	0.00015455	0.21876	liquid
121.00	478.00	445.75	0.0022434	-1.8810	105.35	-0.037609	2.1267	3.2210	1613.7	-0.050321	0.00015151	0.21767	liquid
122.00	478.00	444.73	0.0022486	1.0935	108.58	-0.011098	2.1229	3.2210	1607.5	-0.050229	0.00014859	0.21657	liquid
123.00	478.00	443.70	0.0022538	4.0669	111.80	0.015196	2.1190	3.2211	1601.4	-0.050136	0.00014578	0.21547	liquid
124.00	478.00	442.68	0.0022590	7.0391	115.02	0.041278	2.1152	3.2211	1595.2	-0.050041	0.00014308	0.21437	liquid
125.00	478.00	441.66	0.0022642	10.010	118.24	0.067150	2.1114	3.2211	1589.1	-0.049944	0.00014048	0.21328	liquid
126.00	478.00	440.64	0.0022694	12.980	121.46	0.092817	2.1076	3.2211	1583.0	-0.049846	0.00013798	0.21218	liquid
127.00	478.00	439.61	0.0022747	15.949	124.68	0.11828	2.1039	3.2211	1576.9	-0.049747	0.00013556	0.21108	liquid
128.00	478.00	438.59	0.0022800	18.916	127.90	0.14354	2.1002	3.2211	1570.8	-0.049645	0.00013323	0.20999	liquid
129.00	478.00	437.57	0.0022854	21.882	131.12	0.16861	2.0964	3.2211	1564.7	-0.049542	0.00013098	0.20889	liquid
130.00	478.00	436.54	0.0022907	24.847	134.34	0.19348	2.0928	3.2211	1558.7	-0.049437	0.00012880	0.20780	liquid
131.00	478.00	435.52	0.0022961	27.811	137.56	0.21817	2.0891	3.2211	1552.6	-0.049331	0.00012670	0.20671	liquid
132.00	478.00	434.50	0.0023015	30.773	140.79	0.24266	2.0855	3.2211	1546.6	-0.049222	0.00012466	0.20562	liquid
133.00	478.00	433.47	0.0023070	33.735	144.01	0.26697	2.0819	3.2211	1540.6	-0.049112	0.00012269	0.20453	liquid
134.00	478.00	432.45	0.0023124	36.694	147.23	0.29110	2.0783	3.2211	1534.6	-0.049000	0.00012078	0.20344	liquid
135.00	478.00	431.42	0.0023179	39.653	150.45	0.31505	2.0747	3.2211	1528.6	-0.048886	0.00011893	0.20236	liquid
136.00	478.00	430.40	0.0023234	42.610	153.67	0.33882	2.0712	3.2211	1522.6	-0.048770	0.00011714	0.20128	liquid
137.00	478.00	429.37	0.0023290	45.566	156.89	0.36242	2.0677	3.2210	1516.7	-0.048653	0.00011539	0.20020	liquid
138.00	478.00	428.35	0.0023346	48.521	160.11	0.38584	2.0642	3.2210	1510.7	-0.048533	0.00011370	0.19913	liquid
139.00	478.00	427.32	0.0023402	51.474	163.33	0.40910	2.0608	3.2210	1504.8	-0.048412	0.00011206	0.19806	liquid
140.00	478.00	426.30	0.0023458	54.426	166.55	0.43219	2.0573	3.2211	1498.9	-0.048288	0.00011046	0.19699	liquid
141.00	478.00	425.27	0.0023515	57.376	169.78	0.45512	2.0539	3.2211	1493.0	-0.048162	0.00010891	0.19592	liquid
142.00	478.00	424.24	0.0023571	60.325	173.00	0.47788	2.0506	3.2211	1487.1	-0.048035	0.00010740	0.19486	liquid
143.00	478.00	423.22	0.0023629	63.273	176.22	0.50048	2.0472	3.2211	1481.3	-0.047905	0.00010593	0.19380	liquid
144.00	478.00	422.19	0.0023686	66.219	179.44	0.52293	2.0439	3.2211	1475.4	-0.047773	0.00010450	0.19275	liquid
145.00	478.00	421.16	0.0023744	69.164	182.66	0.54522	2.0406	3.2212	1469.6	-0.047639	0.00010310	0.19170	liquid
146.00	478.00	420.13	0.0023802	72.108	185.88	0.56736	2.0374	3.2212	1463.8	-0.047503	0.00010175	0.19065	liquid
147.00	478.00	419.11	0.0023860	75.050	189.10	0.58935	2.0341	3.2212	1458.0	-0.047365	0.00010042	0.18961	liquid
148.00	478.00	418.08	0.0023919	77.991	192.32	0.61119	2.0309	3.2213	1452.2	-0.047225	9.9130e-05	0.18857	liquid
149.00	478.00	417.05	0.0023978	80.930	195.54	0.63288	2.0278	3.2213	1446.5	-0.047082	9.7870e-05	0.18753	liquid
150.00	478.00	416.02	0.0024037	83.868	198.77	0.65443	2.0246	3.2214	1440.7	-0.046938	9.6641e-05	0.18650	liquid
151.00	478.00	414.99	0.0024097	86.805	201.99	0.67583	2.0215	3.2215	1435.0	-0.046791	9.5440e-05	0.18548	liquid
152.00	478.00	413.96	0.0024157	89.740	205.21	0.69710	2.0184	3.2216	1429.3	-0.046641	9.4269e-05	0.18446	liquid
153.00	478.00	412.93	0.0024217	92.674	208.43	0.71822	2.0153	3.2216	1423.7	-0.046490	9.3124e-05	0.18344	liquid
154.00	478.00	411.90	0.0024278	95.606	211.65	0.73921	2.0123	3.2217	1418.0	-0.046336	9.2005e-05	0.18243	liquid
155.00	478.00	410.87	0.0024338	98.537	214.87	0.76006	2.0093	3.2218	1412.4	-0.046180	9.0912e-05	0.18142	liquid
156.00	478.00	409.84	0.0024400	101.47	218.10	0.78078	2.0063	3.2220	1406.7	-0.046021	8.9843e-05	0.18042	liquid
157.00	478.00	408.81	0.0024461	104.39	221.32	0.80137	2.0034	3.2221	1401.1	-0.045861	8.8798e-05	0.17942	liquid
158.00	478.00	407.78	0.0024523	107.32	224.54	0.82183	2.0005	3.2222	1395.6	-0.045697	8.7775e-05	0.17843	liquid
159.00	478.00	406.75	0.0024585	110.25	227.76	0.84216	1.9976	3.2224	1390.0	-0.045532	8.6774e-05	0.17745	liquid
160.00	478.00	405.72	0.0024648	113.17	230.99	0.86236	1.9948	3.2225	1384.5	-0.045364	8.5795e-05	0.17646	liquid
161.00	478.00	404.69	0.0024710	116.09	234.21	0.88244	1.9920	3.2227	1378.9	-0.045193	8.4836e-05	0.17549	liquid
162.00	478.00	403.65	0.0024774	119.01	237.43	0.90240	1.9892	3.2229	1373.4	-0.045020	8.3897e-05	0.17452	liquid
163.00	478.00	402.62	0.0024837	121.93	240.65	0.92223	1.9864	3.2230	1368.0	-0.044845	8.2977e-05	0.17355	liquid
164.00	478.00	401.59	0.0024901	124.85	243.88	0.94194	1.9837	3.2232	1362.5	-0.044667	8.2076e-05	0.17259	liquid
165.00	478.00	400.56	0.0024965	127.77	247.10	0.96154	1.9810	3.2234	1357.1	-0.044487	8.1194e-05	0.17164	liquid
166.00	478.00	399.52	0.0025030	130.68	250.32	0.98102	1.9783	3.2236	1351.6	-0.044304	8.0328e-05	0.17069	liquid
167.00	478.00	398.49	0.0025095	133.59	253.55	1.0004	1.9757	3.2239	1346.2	-0.044119	7.9480e-05	0.16974	liquid
168.00	478.00	397.46	0.0025160	136.51	256.77	1.0196	1.9731	3.2241	1340.9	-0.043931	7.8648e-05	0.16881	liquid
169.00	478.00	396.42	0.0025226	139.42	260.00	1.0388	1.9705	3.2243	1335.5	-0.043741	7.7833e-05	0.16787	liquid
170.00	478.00	395.39	0.0025292	142.33	263.22	1.0578	1.9680	3.2246	1330.2	-0.043548	7.7032e-05	0.16695	liquid
171.00	478.00	394.35	0.0025358	145.23	266.44	1.0767	1.9655	3.2249	1324.9	-0.043353	7.6248e-05	0.16603	liquid
172.00	478.00	393.32	0.0025425	148.14	269.67	1.0955	1.9630	3.2251	1319.6	-0.043155	7.5477e-05	0.16511	liquid
173.00	478.00	392.28	0.0025492	151.04	272.89	1.1142	1.9605	3.2254	1314.3	-0.042955	7.4722e-05	0.16420	liquid
174.00	478.00	391.25	0.0025559	153.95	276.12	1.1328	1.9581	3.2257	1309.1	-0.042752	7.3980e-05	0.16330	liquid
175.00	478.00	390.21	0.0025627	156.85	279.35	1.1513	1.9557	3.2260	1303.9	-0.042546	7.3251e-05	0.16240	liquid
176.00	478.00	389.18	0.0025695	159.75	282.57	1.1697	1.9534	3.2263	1298.7	-0.042338	7.2536e-05	0.16151	liquid
177.00	478.00	388.14	0.0025764	162.65	285.80	1.1879	1.9511	3.2266	1293.5	-0.042127	7.1834e-05	0.16062	liquid
178.00	478.00	387.10	0.0025833	165.54	289.03	1.2061	1.9488	3.2270	1288.3	-0.041914	7.1144e-05	0.15974	liquid
179.00	478.00	386.07	0.0025902	168.44	292.25	1.2242	1.9465	3.2273	1283.2	-0.041698	7.0466e-05	0.15887	liquid
180.00	478.00	385.03	0.0025972	171.33	295.48	1.2422	1.9443	3.2277	1278.1	-0.041479	6.9800e-05	0.15800	liquid
181.00	478.00	384.00	0.0026042	174.23	298.71	1.2601	1.9421	3.2280	1273.0	-0.041258	6.9146e-05	0.15714	liquid
182.00	478.00	382.96	0.0026112	177.12	301.94	1.2778	1.9399	3.2284	1268.0	-0.041034	6.8503e-05	0.15628	liquid
183.00	478.00	381.92	0.0026183	180.01	305.16	1.2955	1.9378	3.2288	1262.9	-0.040808	6.7871e-05	0.15543	liquid
184.00	478.00	380.88	0.0026255	182.90	308.39	1.3131	1.9357	3.2292	1257.9	-0.040579	6.7250e-05	0.15458	liquid
185.00	478.00	379.85	0.0026326	185.78	311.62	1.3306	1.9336	3.2295	1252.9	-0.040347	6.6639e-05	0.15375	liquid
186.00	478.00	378.81	0.0026398	188.67	314.85	1.3481	1.9316	3.2299	1248.0	-0.040113	6.6039e-05	0.15292	liquid
187.00	478.00	377.77	0.0026471	191.55	318.08	1.3654	1.9296	3.2304	1243.0	-0.039877	6.5448e-05	0.15209	liquid
188.00	478.00	376.74	0.0026544	194.43	321.31	1.3826	1.9276	3.2308	1238.1	-0.039637	6.4868e-05	0.15127	liquid
189.00	478.00	375.70	0.0026617	197.32	324.54	1.3997	1.9257	3.2312	1233.2	-0.039395	6.4297e-05	0.15046	liquid
190.00	478.00	374.66	0.0026691	200.19	327.78	1.4168	1.9238	3.2316	1228.3	-0.039151	6.3735e-05	0.14966	liquid
191.00	478.00	373.63	0.0026765	203.07	331.01	1.4338	1.9219	3.2321	1223.5	-0.038904	6.3182e-05	0.14886	supercritical
192.00	478.00	372.59	0.0026839	205.95	334.24	1.4506	1.9201	3.2325	1218.7	-0.038654	6.2638e-05	0.14806	supercritical
193.00	478.00	371.55	0.0026914	208.82	337.47	1.4674	1.9183	3.2330	1213.9	-0.038402	6.2103e-05	0.14726	supercritical
194.00	478.00	370.51	0.0026990	211.70	340.71	1.4841	1.9165	3.2334	1209.1	-0.038147	6.1576e-05	0.14648	supercritical
195.00	478.00	369.48	0.0027065	214.57	343.94	1.5008	1.9148	3.2339	1204.4	-0.037890	6.1057e-05	0.14570	supercritical
196.00	478.00	368.44	0.0027141	217.44	347.17	1.5173	1.9131	3.2344	1199.7	-0.037630	6.0547e-05	0.14493	supercritical
197.00	478.00	367.40	0.0027218	220.31	350.41	1.5338	1.9114	3.2348	1195.0	-0.037368	6.0045e-05	0.14416	supercritical
198.00	478.00	366.37	0.0027295	223.17	353.64	1.5501	1.9097	3.2353	1190.3	-0.037103	5.9550e-05	0.14340	supercritical
199.00	478.00	365.33	0.0027373	226.04	356.88	1.5664	1.9081	3.2358	1185.6	-0.036836	5.9063e-05	0.14264	supercritical
200.00	478.00	364.29	0.0027450	228.90	360.12	1.5827	1.9066	3.2363	1181.0	-0.036566	5.8584e-05	0.14189	supercritical
201.00	478.00	363.26	0.0027529	231.76	363.35	1.5988	1.9050	3.2368	1176.4	-0.036294	5.8112e-05	0.14115	supercritical
202.00	478.00	362.22	0.0027607	234.63	366.59	1.6149	1.9035	3.2373	1171.9	-0.036019	5.7647e-05	0.14042	supercritical
203.00	478.00	361.19	0.0027687	237.48	369.83	1.6309	1.9020	3.2378	1167.3	-0.035742	5.7189e-05	0.13969	supercritical
204.00	478.00	360.15	0.0027766	240.34	373.06	1.6468	1.9006	3.2383	1162.8	-0.035462	5.6737e-05	0.13896	supercritical
205.00	478.00	359.12	0.0027846	243.20	376.30	1.6626	1.8991	3.2388	1158.3	-0.035181	5.6293e-05	0.13824	supercritical
206.00	478.00	358.08	0.0027927	246.05	379.54	1.6784	1.8978	3.2393	1153.9	-0.034896	5.5855e-05	0.13753	supercritical
207.00	478.00	357.05	0.0028008	248.91	382.78	1.6941	1.8964	3.2398	1149.4	-0.034610	5.5424e-05	0.13683	supercritical
208.00	478.00	356.01	0.0028089	251.76	386.02	1.7097	1.8951	3.2403	1145.0	-0.034321	5.4999e-05	0.13613	supercritical
209.00	478.00	354.98	0.0028171	254.61	389.26	1.7252	1.8938	3.2408	1140.7	-0.034030	5.4580e-05	0.13543	supercritical
210.00	478.00	353.95	0.0028253	257.45	392.50	1.7407	1.8925	3.2414	1136.3	-0.033736	5.4167e-05	0.13475	supercritical
211.00	478.00	352.91	0.0028336	260.30	395.75	1.7561	1.8913	3.2419	1132.0	-0.033441	5.3760e-05	0.13406	supercritical
212.00	478.00	351.88	0.0028419	263.15	398.99	1.7714	1.8901	3.2424	1127.7	-0.033143	5.3360e-05	0.13339	supercritical
213.00	478.00	350.85	0.0028502	265.99	402.23	1.7867	1.8890	3.2429	1123.4	-0.032843	5.2964e-05	0.13272	supercritical
214.00	478.00	349.82	0.0028586	268.83	405.47	1.8019	1.8879	3.2434	1119.2	-0.032541	5.2575e-05	0.13206	supercritical
215.00	478.00	348.79	0.0028671	271.67	408.72	1.8170	1.8868	3.2439	1114.9	-0.032236	5.2191e-05	0.13140	supercritical
216.00	478.00	347.76	0.0028756	274.51	411.96	1.8320	1.8857	3.2444	1110.8	-0.031930	5.1812e-05	0.13075	supercritical
217.00	478.00	346.73	0.0028841	277.34	415.21	1.8470	1.8847	3.2449	1106.6	-0.031621	5.1439e-05	0.13010	supercritical
218.00	478.00	345.70	0.0028927	280.18	418.45	1.8620	1.8837	3.2454	1102.5	-0.031311	5.1071e-05	0.12946	supercritical
219.00	478.00	344.67	0.0029013	283.01	421.70	1.8768	1.8827	3.2459	1098.3	-0.030998	5.0709e-05	0.12883	supercritical
220.00	478.00	343.64	0.0029100	285.84	424.94	1.8916	1.8818	3.2464	1094.3	-0.030684	5.0351e-05	0.12820	supercritical
221.00	478.00	342.61	0.0029187	288.67	428.19	1.9063	1.8809	3.2469	1090.2	-0.030368	4.9998e-05	0.12758	supercritical
222.00	478.00	341.59	0.0029275	291.50	431.44	1.9210	1.8800	3.2474	1086.2	-0.030050	4.9650e-05	0.12696	supercritical
223.00	478.00	340.56	0.0029363	294.33	434.68	1.9356	1.8792	3.2479	1082.2	-0.029730	4.9307e-05	0.12635	supercritical
224.00	478.00	339.54	0.0029452	297.15	437.93	1.9501	1.8784	3.2484	1078.2	-0.029408	4.8969e-05	0.12575	supercritical
225.00	478.00	338.51	0.0029541	299.98	441.18	1.9646	1.8776	3.2489	1074.3	-0.029084	4.8635e-05	0.12515	supercritical
226.00	478.00	337.49	0.0029630	302.80	444.43	1.9790	1.8769	3.2493	1070.4	-0.028759	4.8306e-05	0.12456	supercritical
227.00	478.00	336.47	0.0029720	305.62	447.68	1.9933	1.8762	3.2498	1066.5	-0.028432	4.7981e-05	0.12397	supercritical
228.00	478.00	335.45	0.0029811	308.43	450.93	2.0076	1.8755	3.2503	1062.6	-0.028104	4.7661e-05	0.12339	supercritical
229.00	478.00	334.43	0.0029902	311.25	454.18	2.0218	1.8748	3.2507	1058.8	-0.027774	4.7345e-05	0.12282	supercritical
230.00	478.00	333.41	0.0029993	314.06	457.43	2.0360	1.8742	3.2512	1055.0	-0.027442	4.7033e-05	0.12225	supercritical
231.00	478.00	332.39	0.0030085	316.88	460.68	2.0501	1.8737	3.2516	1051.2	-0.027109	4.6726e-05	0.12168	supercritical
232.00	478.00	331.37	0.0030177	319.69	463.93	2.0642	1.8731	3.2520	1047.5	-0.026775	4.6422e-05	0.12113	supercritical
233.00	478.00	330.36	0.0030270	322.50	467.19	2.0782	1.8726	3.2524	1043.8	-0.026439	4.6123e-05	0.12058	supercritical
234.00	478.00	329.34	0.0030363	325.30	470.44	2.0921	1.8721	3.2529	1040.1	-0.026102	4.5828e-05	0.12003	supercritical
235.00	478.00	328.33	0.0030457	328.11	473.69	2.1060	1.8717	3.2533	1036.5	-0.025763	4.5536e-05	0.11949	supercritical
236.00	478.00	327.32	0.0030551	330.91	476.95	2.1198	1.8712	3.2537	1032.8	-0.025424	4.5248e-05	0.11895	supercritical
237.00	478.00	326.31	0.0030646	333.71	480.20	2.1335	1.8708	3.2540	1029.2	-0.025083	4.4965e-05	0.11842	supercritical
238.00	478.00	325.30	0.0030741	336.51	483.45	2.1472	1.8705	3.2544	1025.7	-0.024741	4.4685e-05	0.11790	supercritical
239.00	478.00	324.29	0.0030837	339.31	486.71	2.1609	1.8701	3.2548	1022.1	-0.024398	4.4408e-05	0.11738	supercritical
240.00	478.00	323.28	0.0030933	342.11	489.96	2.1745	1.8698	3.2551	1018.6	-0.024054	4.4135e-05	0.11687	supercritical
241.00	478.00	322.28	0.0031029	344.90	493.22	2.1880	1.8696	3.2555	1015.1	-0.023709	4.3866e-05	0.11636	supercritical
242.00	478.00	321.27	0.0031126	347.69	496.47	2.2015	1.8693	3.2558	1011.7	-0.023363	4.3601e-05	0.11586	supercritical
243.00	478.00	320.27	0.0031223	350.48	499.73	2.2149	1.8691	3.2561	1008.3	-0.023017	4.3338e-05	0.11537	supercritical
244.00	478.00	319.27	0.0031321	353.27	502.99	2.2283	1.8690	3.2564	1004.9	-0.022669	4.3080e-05	0.11488	supercritical
245.00	478.00	318.27	0.0031420	356.06	506.24	2.2416	1.8688	3.2567	1001.5	-0.022321	4.2824e-05	0.11439	supercritical
246.00	478.00	317.27	0.0031518	358.84	509.50	2.2549	1.8687	3.2570	998.17	-0.021973	4.2572e-05	0.11391	supercritical
247.00	478.00	316.28	0.0031618	361.62	512.76	2.2681	1.8686	3.2573	994.86	-0.021623	4.2323e-05	0.11344	supercritical
248.00	478.00	315.28	0.0031717	364.41	516.01	2.2812	1.8686	3.2575	991.58	-0.021273	4.2078e-05	0.11297	supercritical
249.00	478.00	314.29	0.0031818	367.18	519.27	2.2944	1.8685	3.2578	988.33	-0.020923	4.1835e-05	0.11251	supercritical
250.00	478.00	313.30	0.0031918	369.96	522.53	2.3074	1.8685	3.2580	985.11	-0.020572	4.1596e-05	0.11205	supercritical
251.00	478.00	312.31	0.0032019	372.74	525.79	2.3204	1.8686	3.2582	981.92	-0.020221	4.1360e-05	0.11160	supercritical
252.00	478.00	311.32	0.0032121	375.51	529.05	2.3334	1.8686	3.2584	978.76	-0.019869	4.1126e-05	0.11115	supercritical
253.00	478.00	310.34	0.0032223	378.28	532.30	2.3463	1.8687	3.2586	975.62	-0.019518	4.0896e-05	0.11071	supercritical
254.00	478.00	309.35	0.0032325	381.05	535.56	2.3591	1.8689	3.2588	972.52	-0.019166	4.0669e-05	0.11027	supercritical
255.00	478.00	308.37	0.0032428	383.82	538.82	2.3719	1.8690	3.2590	969.44	-0.018814	4.0444e-05	0.10984	supercritical
256.00	478.00	307.39	0.0032532	386.58	542.08	2.3847	1.8692	3.2591	966.40	-0.018462	4.0223e-05	0.10941	supercritical
257.00	478.00	306.42	0.0032635	389.34	545.34	2.3974	1.8694	3.2592	963.38	-0.018110	4.0004e-05	0.10899	supercritical
258.00	478.00	305.44	0.0032740	392.10	548.60	2.4101	1.8697	3.2594	960.39	-0.017758	3.9788e-05	0.10858	supercritical
259.00	478.00	304.47	0.0032844	394.86	551.86	2.4227	1.8699	3.2595	957.43	-0.017406	3.9575e-05	0.10817	supercritical
260.00	478.00	303.50	0.0032949	397.62	555.12	2.4352	1.8702	3.2596	954.50	-0.017055	3.9365e-05	0.10776	supercritical
261.00	478.00	302.53	0.0033055	400.38	558.38	2.4477	1.8706	3.2596	951.59	-0.016704	3.9157e-05	0.10736	supercritical
262.00	478.00	301.56	0.0033161	403.13	561.64	2.4602	1.8709	3.2597	948.72	-0.016353	3.8952e-05	0.10697	supercritical
263.00	478.00	300.59	0.0033267	405.88	564.90	2.4726	1.8713	3.2597	945.87	-0.016002	3.8749e-05	0.10657	supercritical
264.00	478.00	299.63	0.0033374	408.63	568.16	2.4850	1.8717	3.2598	943.05	-0.015652	3.8549e-05	0.10619	supercritical
265.00	478.00	298.67	0.0033482	411.38	571.42	2.4973	1.8722	3.2598	940.26	-0.015303	3.8352e-05	0.10581	supercritical
266.00	478.00	297.71	0.0033589	414.12	574.68	2.5096	1.8726	3.2598	937.50	-0.014954	3.8157e-05	0.10543	supercritical
267.00	478.00	296.76	0.0033698	416.86	577.94	2.5218	1.8731	3.2598	934.76	-0.014605	3.7965e-05	0.10506	supercritical
268.00	478.00	295.80	0.0033806	419.60	581.20	2.5340	1.8736	3.2597	932.06	-0.014258	3.7775e-05	0.10470	supercritical
269.00	478.00	294.85	0.0033915	422.34	584.46	2.5462	1.8742	3.2597	929.38	-0.013911	3.7587e-05	0.10433	supercritical
270.00	478.00	293.91	0.0034025	425.08	587.72	2.5583	1.8748	3.2596	926.73	-0.013565	3.7402e-05	0.10398	supercritical
271.00	478.00	292.96	0.0034134	427.81	590.98	2.5703	1.8754	3.2596	924.11	-0.013220	3.7219e-05	0.10363	supercritical
272.00	478.00	292.02	0.0034245	430.55	594.24	2.5823	1.8760	3.2595	921.51	-0.012876	3.7038e-05	0.10328	supercritical
273.00	478.00	291.08	0.0034355	433.28	597.49	2.5943	1.8767	3.2594	918.95	-0.012533	3.6860e-05	0.10294	supercritical
274.00	478.00	290.14	0.0034466	436.00	600.75	2.6062	1.8774	3.2593	916.41	-0.012191	3.6684e-05	0.10260	supercritical
275.00	478.00	289.20	0.0034578	438.73	604.01	2.6181	1.8781	3.2591	913.89	-0.011850	3.6510e-05	0.10227	supercritical
276.00	478.00	288.27	0.0034690	441.46	607.27	2.6299	1.8788	3.2590	911.41	-0.011510	3.6339e-05	0.10194	supercritical
277.00	478.00	287.34	0.0034802	444.18	610.53	2.6417	1.8796	3.2588	908.95	-0.011172	3.6169e-05	0.10161	supercritical
278.00	478.00	286.41	0.0034915	446.90	613.79	2.6534	1.8804	3.2586	906.52	-0.010835	3.6002e-05	0.10129	supercritical
279.00	478.00	285.49	0.0035028	449.62	617.05	2.6651	1.8812	3.2584	904.12	-0.010499	3.5837e-05	0.10098	supercritical
280.00	478.00	284.56	0.0035141	452.33	620.31	2.6768	1.8821	3.2582	901.74	-0.010165	3.5674e-05	0.10067	supercritical
281.00	478.00	283.65	0.0035255	455.05	623.57	2.6884	1.8829	3.2580	899.39	-0.0098321	3.5513e-05	0.10036	supercritical
282.00	478.00	282.73	0.0035369	457.76	626.82	2.7000	1.8838	3.2578	897.06	-0.0095008	3.5354e-05	0.10006	supercritical
283.00	478.00	281.82	0.0035484	460.47	630.08	2.7115	1.8848	3.2576	894.76	-0.0091712	3.5197e-05	0.099765	supercritical
284.00	478.00	280.91	0.0035599	463.17	633.34	2.7230	1.8857	3.2573	892.49	-0.0088433	3.5042e-05	0.099472	supercritical
285.00	478.00	280.00	0.0035715	465.88	636.60	2.7344	1.8867	3.2570	890.25	-0.0085170	3.4889e-05	0.099183	supercritical
286.00	478.00	279.09	0.0035830	468.58	639.85	2.7458	1.8877	3.2567	888.03	-0.0081926	3.4738e-05	0.098899	supercritical
287.00	478.00	278.19	0.0035946	471.28	643.11	2.7572	1.8887	3.2565	885.83	-0.0078699	3.4589e-05	0.098619	supercritical
288.00	478.00	277.29	0.0036063	473.98	646.37	2.7685	1.8898	3.2562	883.67	-0.0075491	3.4441e-05	0.098343	supercritical
289.00	478.00	276.40	0.0036180	476.68	649.62	2.7798	1.8909	3.2558	881.52	-0.0072302	3.4296e-05	0.098072	supercritical
290.00	478.00	275.50	0.0036297	479.38	652.88	2.7911	1.8920	3.2555	879.41	-0.0069133	3.4153e-05	0.097804	supercritical
291.00	478.00	274.62	0.0036415	482.07	656.13	2.8023	1.8931	3.2552	877.31	-0.0065985	3.4011e-05	0.097541	supercritical
292.00	478.00	273.73	0.0036533	484.76	659.39	2.8134	1.8942	3.2548	875.25	-0.0062856	3.3871e-05	0.097282	supercritical
293.00	478.00	272.85	0.0036651	487.45	662.64	2.8246	1.8954	3.2545	873.20	-0.0059749	3.3733e-05	0.097026	supercritical
294.00	478.00	271.96	0.0036769	490.14	665.90	2.8357	1.8966	3.2541	871.19	-0.0056664	3.3596e-05	0.096775	supercritical
295.00	478.00	271.09	0.0036888	492.82	669.15	2.8467	1.8978	3.2537	869.19	-0.0053601	3.3462e-05	0.096528	supercritical
296.00	478.00	270.21	0.0037008	495.51	672.40	2.8577	1.8991	3.2533	867.22	-0.0050560	3.3329e-05	0.096284	supercritical
297.00	478.00	269.34	0.0037127	498.19	675.66	2.8687	1.9003	3.2529	865.28	-0.0047542	3.3198e-05	0.096045	supercritical
298.00	478.00	268.48	0.0037247	500.87	678.91	2.8796	1.9016	3.2525	863.36	-0.0044547	3.3068e-05	0.095809	supercritical
299.00	478.00	267.61	0.0037368	503.54	682.16	2.8905	1.9029	3.2521	861.46	-0.0041576	3.2940e-05	0.095578	supercritical
300.00	478.00	266.75	0.0037488	506.22	685.41	2.9014	1.9043	3.2517	859.59	-0.0038630	3.2814e-05	0.095350	supercritical
301.00	478.00	265.89	0.0037609	508.89	688.66	2.9122	1.9057	3.2512	857.74	-0.0035707	3.2689e-05	0.095126	supercritical
302.00	478.00	265.04	0.0037730	511.56	691.92	2.9230	1.9070	3.2508	855.92	-0.0032810	3.2566e-05	0.094905	supercritical
303.00	478.00	264.19	0.0037852	514.23	695.17	2.9337	1.9084	3.2503	854.11	-0.0029938	3.2445e-05	0.094689	supercritical
304.00	478.00	263.34	0.0037974	516.90	698.42	2.9444	1.9099	3.2499	852.34	-0.0027092	3.2325e-05	0.094476	supercritical
305.00	478.00	262.49	0.0038096	519.57	701.67	2.9551	1.9113	3.2494	850.58	-0.0024272	3.2206e-05	0.094266	supercritical
306.00	478.00	261.65	0.0038218	522.23	704.92	2.9657	1.9128	3.2490	848.85	-0.0021478	3.2090e-05	0.094060	supercritical
307.00	478.00	260.82	0.0038341	524.89	708.16	2.9763	1.9143	3.2485	847.13	-0.0018711	3.1974e-05	0.093858	supercritical
308.00	478.00	259.98	0.0038464	527.55	711.41	2.9869	1.9158	3.2480	845.45	-0.0015970	3.1860e-05	0.093660	supercritical
309.00	478.00	259.15	0.0038588	530.21	714.66	2.9974	1.9174	3.2475	843.78	-0.0013257	3.1748e-05	0.093464	supercritical
310.00	478.00	258.32	0.0038711	532.87	717.91	3.0079	1.9189	3.2470	842.13	-0.0010572	3.1637e-05	0.093273	supercritical
311.00	478.00	257.50	0.0038835	535.52	721.15	3.0184	1.9205	3.2465	840.51	-0.00079145	3.1527e-05	0.093084	supercritical
312.00	478.00	256.68	0.0038959	538.17	724.40	3.0288	1.9221	3.2461	838.91	-0.00052851	3.1419e-05	0.092900	supercritical
313.00	478.00	255.86	0.0039084	540.83	727.65	3.0392	1.9237	3.2456	837.33	-0.00026841	3.1313e-05	0.092718	supercritical
314.00	478.00	255.05	0.0039209	543.47	730.89	3.0495	1.9254	3.2451	835.77	-1.1163e-05	3.1207e-05	0.092540	supercritical
315.00	478.00	254.24	0.0039334	546.12	734.14	3.0599	1.9271	3.2446	834.24	0.00024320	3.1103e-05	0.092365	supercritical
316.00	478.00	253.43	0.0039459	548.77	737.38	3.0701	1.9287	3.2440	832.72	0.00049465	3.1001e-05	0.092194	supercritical
317.00	478.00	252.63	0.0039584	551.41	740.62	3.0804	1.9305	3.2435	831.22	0.00074317	3.0900e-05	0.092026	supercritical
318.00	478.00	251.83	0.0039710	554.05	743.87	3.0906	1.9322	3.2430	829.75	0.00098874	3.0800e-05	0.091861	supercritical
319.00	478.00	251.03	0.0039836	556.69	747.11	3.1008	1.9339	3.2425	828.30	0.0012313	3.0701e-05	0.091699	supercritical
320.00	478.00	250.24	0.0039962	559.33	750.35	3.1109	1.9357	3.2420	826.86	0.0014710	3.0604e-05	0.091541	supercritical
321.00	478.00	249.45	0.0040089	561.97	753.59	3.1210	1.9375	3.2415	825.45	0.0017076	3.0508e-05	0.091385	supercritical
322.00	478.00	248.66	0.0040215	564.61	756.84	3.1311	1.9393	3.2410	824.05	0.0019412	3.0413e-05	0.091233	supercritical
323.00	478.00	247.88	0.0040342	567.24	760.08	3.1412	1.9411	3.2405	822.68	0.0021718	3.0319e-05	0.091083	supercritical
324.00	478.00	247.10	0.0040470	569.87	763.32	3.1512	1.9430	3.2400	821.32	0.0023993	3.0227e-05	0.090937	supercritical
325.00	478.00	246.32	0.0040597	572.50	766.56	3.1612	1.9449	3.2395	819.99	0.0026238	3.0136e-05	0.090794	supercritical
326.00	478.00	245.55	0.0040725	575.13	769.80	3.1711	1.9468	3.2390	818.67	0.0028452	3.0046e-05	0.090654	supercritical
327.00	478.00	244.78	0.0040853	577.76	773.03	3.1810	1.9487	3.2385	817.37	0.0030635	2.9957e-05	0.090516	supercritical
328.00	478.00	244.02	0.0040981	580.39	776.27	3.1909	1.9506	3.2380	816.09	0.0032787	2.9870e-05	0.090382	supercritical
329.00	478.00	243.26	0.0041109	583.01	779.51	3.2008	1.9525	3.2375	814.83	0.0034909	2.9783e-05	0.090251	supercritical
330.00	478.00	242.50	0.0041237	585.63	782.75	3.2106	1.9545	3.2370	813.59	0.0036999	2.9698e-05	0.090122	supercritical
331.00	478.00	241.74	0.0041366	588.25	785.98	3.2204	1.9565	3.2365	812.37	0.0039058	2.9614e-05	0.089996	supercritical
332.00	478.00	240.99	0.0041495	590.87	789.22	3.2302	1.9585	3.2360	811.16	0.0041087	2.9531e-05	0.089873	supercritical
333.00	478.00	240.25	0.0041624	593.49	792.46	3.2399	1.9605	3.2356	809.97	0.0043084	2.9449e-05	0.089753	supercritical
334.00	478.00	239.50	0.0041753	596.11	795.69	3.2496	1.9625	3.2351	808.80	0.0045050	2.9368e-05	0.089636	supercritical
335.00	478.00	238.76	0.0041883	598.73	798.93	3.2593	1.9646	3.2346	807.65	0.0046984	2.9289e-05	0.089521	supercritical
336.00	478.00	238.02	0.0042012	601.34	802.16	3.2689	1.9667	3.2342	806.51	0.0048888	2.9210e-05	0.089409	supercritical
337.00	478.00	237.29	0.0042142	603.95	805.39	3.2785	1.9688	3.2337	805.39	0.0050760	2.9132e-05	0.089300	supercritical
338.00	478.00	236.56	0.0042272	606.57	808.63	3.2881	1.9709	3.2332	804.29	0.0052601	2.9056e-05	0.089194	supercritical
339.00	478.00	235.84	0.0042403	609.18	811.86	3.2977	1.9730	3.2328	803.21	0.0054411	2.8980e-05	0.089090	supercritical
340.00	478.00	235.11	0.0042533	611.79	815.09	3.3072	1.9751	3.2324	802.14	0.0056190	2.8906e-05	0.088988	supercritical
341.00	478.00	234.39	0.0042663	614.40	818.33	3.3167	1.9773	3.2319	801.09	0.0057938	2.8832e-05	0.088890	supercritical
342.00	478.00	233.68	0.0042794	617.00	821.56	3.3261	1.9795	3.2315	800.05	0.0059654	2.8760e-05	0.088793	supercritical
343.00	478.00	232.96	0.0042925	619.61	824.79	3.3356	1.9817	3.2311	799.03	0.0061340	2.8688e-05	0.088700	supercritical
344.00	478.00	232.26	0.0043056	622.21	828.02	3.3450	1.9839	3.2307	798.03	0.0062995	2.8618e-05	0.088608	supercritical
345.00	478.00	231.55	0.0043187	624.82	831.25	3.3544	1.9861	3.2303	797.04	0.0064618	2.8548e-05	0.088520	supercritical
346.00	478.00	230.85	0.0043318	627.42	834.48	3.3637	1.9883	3.2299	796.07	0.0066211	2.8479e-05	0.088433	supercritical
347.00	478.00	230.15	0.0043450	630.02	837.71	3.3730	1.9906	3.2296	795.11	0.0067773	2.8412e-05	0.088350	supercritical
348.00	478.00	229.46	0.0043581	632.62	840.94	3.3823	1.9929	3.2292	794.17	0.0069305	2.8345e-05	0.088268	supercritical
349.00	478.00	228.76	0.0043713	635.22	844.17	3.3916	1.9952	3.2289	793.25	0.0070806	2.8279e-05	0.088189	supercritical
350.00	478.00	228.08	0.0043845	637.82	847.40	3.4008	1.9975	3.2285	792.33	0.0072277	2.8214e-05	0.088112	supercritical
351.00	478.00	227.39	0.0043977	640.42	850.63	3.4100	1.9998	3.2282	791.44	0.0073717	2.8150e-05	0.088038	supercritical
352.00	478.00	226.71	0.0044109	643.01	853.85	3.4192	2.0021	3.2279	790.56	0.0075127	2.8087e-05	0.087966	supercritical
353.00	478.00	226.03	0.0044241	645.61	857.08	3.4284	2.0045	3.2275	789.69	0.0076507	2.8025e-05	0.087896	supercritical
354.00	478.00	225.36	0.0044374	648.20	860.31	3.4375	2.0069	3.2272	788.83	0.0077857	2.7963e-05	0.087829	supercritical
355.00	478.00	224.69	0.0044506	650.80	863.54	3.4466	2.0092	3.2270	787.99	0.0079178	2.7902e-05	0.087763	supercritical
356.00	478.00	224.02	0.0044639	653.39	866.76	3.4557	2.0116	3.2267	787.17	0.0080469	2.7843e-05	0.087700	supercritical
357.00	478.00	223.36	0.0044772	655.98	869.99	3.4647	2.0141	3.2264	786.36	0.0081730	2.7784e-05	0.087639	supercritical
358.00	478.00	222.69	0.0044905	658.57	873.22	3.4738	2.0165	3.2262	785.56	0.0082962	2.7726e-05	0.087581	supercritical
359.00	478.00	222.04	0.0045037	661.16	876.44	3.4828	2.0189	3.2259	784.78	0.0084165	2.7668e-05	0.087524	supercritical
360.00	478.00	221.38	0.0045171	663.75	879.67	3.4917	2.0214	3.2257	784.00	0.0085338	2.7612e-05	0.087470	supercritical
361.00	478.00	220.73	0.0045304	666.34	882.89	3.5007	2.0239	3.2255	783.25	0.0086483	2.7556e-05	0.087418	supercritical
362.00	478.00	220.08	0.0045437	668.93	886.12	3.5096	2.0263	3.2253	782.50	0.0087600	2.7501e-05	0.087367	supercritical
363.00	478.00	219.44	0.0045570	671.52	889.34	3.5185	2.0288	3.2251	781.77	0.0088687	2.7447e-05	0.087319	supercritical
364.00	478.00	218.80	0.0045704	674.10	892.57	3.5274	2.0314	3.2250	781.05	0.0089747	2.7394e-05	0.087273	supercritical
365.00	478.00	218.16	0.0045837	676.69	895.79	3.5362	2.0339	3.2248	780.34	0.0090779	2.7341e-05	0.087229	supercritical
366.00	478.00	217.53	0.0045971	679.28	899.02	3.5450	2.0364	3.2247	779.65	0.0091782	2.7289e-05	0.087187	supercritical
367.00	478.00	216.90	0.0046105	681.86	902.24	3.5538	2.0390	3.2245	778.97	0.0092758	2.7238e-05	0.087147	supercritical
368.00	478.00	216.27	0.0046239	684.45	905.47	3.5626	2.0416	3.2244	778.30	0.0093706	2.7188e-05	0.087109	supercritical
369.00	478.00	215.65	0.0046373	687.03	908.69	3.5714	2.0441	3.2243	777.64	0.0094628	2.7138e-05	0.087073	supercritical
370.00	478.00	215.02	0.0046506	689.62	911.92	3.5801	2.0467	3.2242	776.99	0.0095522	2.7089e-05	0.087039	supercritical
371.00	478.00	214.41	0.0046641	692.20	915.14	3.5888	2.0493	3.2242	776.36	0.0096389	2.7041e-05	0.087006	supercritical
372.00	478.00	213.79	0.0046775	694.78	918.36	3.5975	2.0520	3.2241	775.74	0.0097230	2.6993e-05	0.086976	supercritical
373.00	478.00	213.18	0.0046909	697.36	921.59	3.6061	2.0546	3.2241	775.12	0.0098044	2.6946e-05	0.086948	supercritical
374.00	478.00	212.57	0.0047043	699.95	924.81	3.6148	2.0572	3.2241	774.52	0.0098832	2.6900e-05	0.086921	supercritical
375.00	478.00	211.97	0.0047177	702.53	928.04	3.6234	2.0599	3.2241	773.94	0.0099594	2.6855e-05	0.086896	supercritical
376.00	478.00	211.36	0.0047312	705.11	931.26	3.6319	2.0626	3.2241	773.36	0.010033	2.6810e-05	0.086873	supercritical
377.00	478.00	210.76	0.0047446	707.69	934.49	3.6405	2.0653	3.2241	772.79	0.010104	2.6765e-05	0.086852	supercritical
378.00	478.00	210.17	0.0047581	710.27	937.71	3.6491	2.0680	3.2241	772.24	0.010173	2.6722e-05	0.086833	supercritical
379.00	478.00	209.58	0.0047715	712.85	940.93	3.6576	2.0707	3.2242	771.69	0.010239	2.6679e-05	0.086815	supercritical
380.00	478.00	208.99	0.0047850	715.43	944.16	3.6661	2.0734	3.2243	771.16	0.010302	2.6637e-05	0.086800	supercritical
381.00	478.00	208.40	0.0047985	718.01	947.38	3.6745	2.0761	3.2244	770.63	0.010363	2.6595e-05	0.086786	supercritical
382.00	478.00	207.82	0.0048120	720.60	950.61	3.6830	2.0789	3.2245	770.12	0.010422	2.6554e-05	0.086773	supercritical
383.00	478.00	207.24	0.0048254	723.18	953.83	3.6914	2.0816	3.2246	769.61	0.010478	2.6514e-05	0.086763	supercritical
384.00	478.00	206.66	0.0048389	725.76	957.06	3.6998	2.0844	3.2248	769.12	0.010532	2.6474e-05	0.086754	supercritical
385.00	478.00	206.08	0.0048524	728.34	960.28	3.7082	2.0871	3.2249	768.63	0.010584	2.6435e-05	0.086747	supercritical
386.00	478.00	205.51	0.0048659	730.92	963.51	3.7166	2.0899	3.2251	768.16	0.010633	2.6396e-05	0.086741	supercritical
387.00	478.00	204.94	0.0048794	733.50	966.73	3.7249	2.0927	3.2253	767.70	0.010680	2.6358e-05	0.086737	supercritical
388.00	478.00	204.38	0.0048929	736.08	969.96	3.7333	2.0955	3.2255	767.24	0.010725	2.6320e-05	0.086735	supercritical
389.00	478.00	203.82	0.0049064	738.66	973.18	3.7416	2.0984	3.2257	766.80	0.010767	2.6283e-05	0.086734	supercritical
390.00	478.00	203.26	0.0049199	741.24	976.41	3.7498	2.1012	3.2260	766.36	0.010807	2.6247e-05	0.086735	supercritical
391.00	478.00	202.70	0.0049334	743.82	979.63	3.7581	2.1040	3.2263	765.93	0.010845	2.6211e-05	0.086738	supercritical
392.00	478.00	202.15	0.0049469	746.40	982.86	3.7663	2.1069	3.2265	765.51	0.010881	2.6176e-05	0.086742	supercritical
393.00	478.00	201.59	0.0049604	748.98	986.09	3.7746	2.1098	3.2268	765.11	0.010914	2.6141e-05	0.086747	supercritical
394.00	478.00	201.05	0.0049740	751.56	989.31	3.7828	2.1126	3.2271	764.71	0.010946	2.6107e-05	0.086755	supercritical
395.00	478.00	200.50	0.0049875	754.14	992.54	3.7909	2.1155	3.2275	764.31	0.010975	2.6074e-05	0.086763	supercritical
396.00	478.00	199.96	0.0050010	756.72	995.77	3.7991	2.1184	3.2278	763.93	0.011002	2.6040e-05	0.086774	supercritical
397.00	478.00	199.42	0.0050145	759.30	999.00	3.8072	2.1213	3.2282	763.56	0.011028	2.6008e-05	0.086785	supercritical
398.00	478.00	198.88	0.0050281	761.88	1002.2	3.8154	2.1242	3.2286	763.19	0.011051	2.5976e-05	0.086799	supercritical
399.00	478.00	198.35	0.0050416	764.47	1005.5	3.8235	2.1271	3.2290	762.83	0.011072	2.5944e-05	0.086814	supercritical
400.00	478.00	197.82	0.0050551	767.05	1008.7	3.8316	2.1301	3.2294	762.49	0.011091	2.5913e-05	0.086830	supercritical
401.00	478.00	197.29	0.0050687	769.63	1011.9	3.8396	2.1330	3.2299	762.14	0.011108	2.5883e-05	0.086847	supercritical
402.00	478.00	196.77	0.0050822	772.21	1015.1	3.8477	2.1360	3.2303	761.81	0.011124	2.5853e-05	0.086867	supercritical
403.00	478.00	196.24	0.0050957	774.80	1018.4	3.8557	2.1389	3.2308	761.49	0.011137	2.5823e-05	0.086887	supercritical
404.00	478.00	195.72	0.0051093	777.38	1021.6	3.8637	2.1419	3.2313	761.17	0.011149	2.5794e-05	0.086909	supercritical
405.00	478.00	195.21	0.0051228	779.97	1024.8	3.8717	2.1449	3.2318	760.86	0.011158	2.5765e-05	0.086932	supercritical
406.00	478.00	194.69	0.0051363	782.55	1028.1	3.8797	2.1479	3.2323	760.56	0.011166	2.5737e-05	0.086957	supercritical
407.00	478.00	194.18	0.0051499	785.14	1031.3	3.8876	2.1509	3.2329	760.27	0.011172	2.5709e-05	0.086983	supercritical
408.00	478.00	193.67	0.0051634	787.72	1034.5	3.8955	2.1539	3.2334	759.98	0.011177	2.5682e-05	0.087011	supercritical
409.00	478.00	193.16	0.0051770	790.31	1037.8	3.9035	2.1569	3.2340	759.70	0.011179	2.5655e-05	0.087040	supercritical
410.00	478.00	192.66	0.0051905	792.90	1041.0	3.9114	2.1599	3.2346	759.43	0.011180	2.5629e-05	0.087070	supercritical
411.00	478.00	192.16	0.0052041	795.48	1044.2	3.9192	2.1629	3.2352	759.16	0.011179	2.5603e-05	0.087101	supercritical
412.00	478.00	191.66	0.0052176	798.07	1047.5	3.9271	2.1660	3.2359	758.91	0.011176	2.5577e-05	0.087134	supercritical
413.00	478.00	191.16	0.0052311	800.66	1050.7	3.9349	2.1690	3.2365	758.65	0.011172	2.5552e-05	0.087169	supercritical
414.00	478.00	190.67	0.0052447	803.25	1053.9	3.9428	2.1721	3.2372	758.41	0.011166	2.5528e-05	0.087204	supercritical
415.00	478.00	190.18	0.0052582	805.84	1057.2	3.9506	2.1751	3.2379	758.17	0.011159	2.5504e-05	0.087241	supercritical
416.00	478.00	189.69	0.0052718	808.43	1060.4	3.9584	2.1782	3.2386	757.94	0.011150	2.5480e-05	0.087279	supercritical
417.00	478.00	189.20	0.0052853	811.02	1063.7	3.9662	2.1813	3.2393	757.72	0.011139	2.5456e-05	0.087318	supercritical
418.00	478.00	188.72	0.0052988	813.62	1066.9	3.9739	2.1844	3.2401	757.50	0.011127	2.5433e-05	0.087359	supercritical
419.00	478.00	188.24	0.0053124	816.21	1070.1	3.9817	2.1875	3.2408	757.29	0.011113	2.5411e-05	0.087400	supercritical
420.00	478.00	187.76	0.0053259	818.80	1073.4	3.9894	2.1906	3.2416	757.09	0.011098	2.5389e-05	0.087443	supercritical
421.00	478.00	187.28	0.0053395	821.40	1076.6	3.9971	2.1937	3.2424	756.89	0.011081	2.5367e-05	0.087488	supercritical
422.00	478.00	186.81	0.0053530	823.99	1079.9	4.0048	2.1968	3.2432	756.70	0.011063	2.5345e-05	0.087533	supercritical
423.00	478.00	186.34	0.0053665	826.59	1083.1	4.0125	2.1999	3.2440	756.52	0.011044	2.5324e-05	0.087580	supercritical
424.00	478.00	185.87	0.0053801	829.19	1086.4	4.0201	2.2030	3.2449	756.34	0.011023	2.5304e-05	0.087628	supercritical
425.00	478.00	185.41	0.0053936	831.79	1089.6	4.0278	2.2062	3.2457	756.17	0.011000	2.5284e-05	0.087677	supercritical
426.00	478.00	184.94	0.0054071	834.39	1092.8	4.0354	2.2093	3.2466	756.00	0.010977	2.5264e-05	0.087727	supercritical
427.00	478.00	184.48	0.0054206	836.99	1096.1	4.0430	2.2125	3.2475	755.84	0.010952	2.5244e-05	0.087778	supercritical
428.00	478.00	184.02	0.0054342	839.59	1099.3	4.0506	2.2156	3.2484	755.68	0.010925	2.5225e-05	0.087831	supercritical
429.00	478.00	183.56	0.0054477	842.19	1102.6	4.0582	2.2188	3.2493	755.53	0.010898	2.5206e-05	0.087885	supercritical
430.00	478.00	183.11	0.0054612	844.79	1105.8	4.0658	2.2220	3.2503	755.39	0.010869	2.5188e-05	0.087940	supercritical
431.00	478.00	182.66	0.0054747	847.40	1109.1	4.0733	2.2251	3.2513	755.25	0.010839	2.5170e-05	0.087995	supercritical
432.00	478.00	182.21	0.0054883	850.00	1112.3	4.0808	2.2283	3.2522	755.12	0.010808	2.5152e-05	0.088053	supercritical
433.00	478.00	181.76	0.0055018	852.61	1115.6	4.0884	2.2315	3.2532	754.99	0.010775	2.5134e-05	0.088111	supercritical
434.00	478.00	181.31	0.0055153	855.22	1118.8	4.0959	2.2347	3.2542	754.87	0.010741	2.5117e-05	0.088170	supercritical
435.00	478.00	180.87	0.0055288	857.83	1122.1	4.1034	2.2379	3.2553	754.75	0.010706	2.5101e-05	0.088230	supercritical
436.00	478.00	180.43	0.0055423	860.44	1125.4	4.1108	2.2411	3.2563	754.64	0.010670	2.5084e-05	0.088292	supercritical
437.00	478.00	179.99	0.0055558	863.05	1128.6	4.1183	2.2443	3.2574	754.54	0.010633	2.5068e-05	0.088354	supercritical
438.00	478.00	179.55	0.0055693	865.66	1131.9	4.1257	2.2476	3.2585	754.44	0.010595	2.5052e-05	0.088418	supercritical
439.00	478.00	179.12	0.0055828	868.27	1135.1	4.1332	2.2508	3.2596	754.34	0.010556	2.5037e-05	0.088483	supercritical
440.00	478.00	178.69	0.0055963	870.89	1138.4	4.1406	2.2540	3.2607	754.25	0.010515	2.5022e-05	0.088548	supercritical
441.00	478.00	178.26	0.0056098	873.50	1141.7	4.1480	2.2572	3.2618	754.17	0.010474	2.5007e-05	0.088615	supercritical
442.00	478.00	177.83	0.0056233	876.12	1144.9	4.1554	2.2605	3.2629	754.09	0.010431	2.4993e-05	0.088683	supercritical
443.00	478.00	177.41	0.0056368	878.74	1148.2	4.1628	2.2637	3.2641	754.01	0.010388	2.4978e-05	0.088752	supercritical
444.00	478.00	176.98	0.0056503	881.36	1151.4	4.1701	2.2670	3.2653	753.94	0.010343	2.4964e-05	0.088821	supercritical
445.00	478.00	176.56	0.0056638	883.98	1154.7	4.1775	2.2703	3.2665	753.87	0.010298	2.4951e-05	0.088892	supercritical
446.00	478.00	176.14	0.0056773	886.60	1158.0	4.1848	2.2735	3.2677	753.81	0.010251	2.4938e-05	0.088964	supercritical
447.00	478.00	175.72	0.0056907	889.23	1161.2	4.1921	2.2768	3.2689	753.75	0.010204	2.4925e-05	0.089037	supercritical
448.00	478.00	175.31	0.0057042	891.85	1164.5	4.1994	2.2801	3.2701	753.70	0.010156	2.4912e-05	0.089111	supercritical
449.00	478.00	174.90	0.0057177	894.48	1167.8	4.2067	2.2833	3.2714	753.65	0.010107	2.4899e-05	0.089186	supercritical
450.00	478.00	174.48	0.0057312	897.11	1171.1	4.2140	2.2866	3.2726	753.61	0.010057	2.4887e-05	0.089261	supercritical
451.00	478.00	174.08	0.0057446	899.74	1174.3	4.2213	2.2899	3.2739	753.57	0.010006	2.4875e-05	0.089338	supercritical
452.00	478.00	173.67	0.0057581	902.37	1177.6	4.2285	2.2932	3.2752	753.54	0.0099539	2.4864e-05	0.089416	supercritical
453.00	478.00	173.26	0.0057716	905.00	1180.9	4.2358	2.2965	3.2765	753.50	0.0099014	2.4853e-05	0.089494	supercritical
454.00	478.00	172.86	0.0057850	907.64	1184.2	4.2430	2.2998	3.2778	753.48	0.0098480	2.4841e-05	0.089574	supercritical
455.00	478.00	172.46	0.0057985	910.27	1187.4	4.2502	2.3031	3.2792	753.46	0.0097938	2.4831e-05	0.089654	supercritical
456.00	478.00	172.06	0.0058119	912.91	1190.7	4.2574	2.3064	3.2805	753.44	0.0097388	2.4820e-05	0.089736	supercritical
457.00	478.00	171.66	0.0058253	915.55	1194.0	4.2646	2.3098	3.2819	753.42	0.0096831	2.4810e-05	0.089818	supercritical
458.00	478.00	171.27	0.0058388	918.19	1197.3	4.2718	2.3131	3.2833	753.41	0.0096266	2.4800e-05	0.089901	supercritical
459.00	478.00	170.88	0.0058522	920.83	1200.6	4.2789	2.3164	3.2847	753.41	0.0095694	2.4790e-05	0.089985	supercritical
460.00	478.00	170.48	0.0058657	923.47	1203.9	4.2861	2.3197	3.2861	753.41	0.0095115	2.4781e-05	0.090070	supercritical
461.00	478.00	170.09	0.0058791	926.12	1207.1	4.2932	2.3231	3.2875	753.41	0.0094529	2.4772e-05	0.090156	supercritical
462.00	478.00	169.71	0.0058925	928.76	1210.4	4.3003	2.3264	3.2890	753.41	0.0093936	2.4763e-05	0.090243	supercritical
463.00	478.00	169.32	0.0059059	931.41	1213.7	4.3075	2.3297	3.2904	753.42	0.0093336	2.4754e-05	0.090331	supercritical
464.00	478.00	168.94	0.0059194	934.06	1217.0	4.3146	2.3331	3.2919	753.44	0.0092729	2.4745e-05	0.090419	supercritical
465.00	478.00	168.56	0.0059328	936.71	1220.3	4.3216	2.3364	3.2934	753.45	0.0092116	2.4737e-05	0.090509	supercritical
466.00	478.00	168.18	0.0059462	939.37	1223.6	4.3287	2.3398	3.2949	753.47	0.0091497	2.4729e-05	0.090599	supercritical
467.00	478.00	167.80	0.0059596	942.02	1226.9	4.3358	2.3432	3.2964	753.50	0.0090872	2.4721e-05	0.090690	supercritical
468.00	478.00	167.42	0.0059730	944.68	1230.2	4.3428	2.3465	3.2979	753.52	0.0090241	2.4714e-05	0.090782	supercritical
469.00	478.00	167.05	0.0059864	947.34	1233.5	4.3499	2.3499	3.2995	753.56	0.0089604	2.4706e-05	0.090875	supercritical
470.00	478.00	166.67	0.0059998	950.00	1236.8	4.3569	2.3532	3.3010	753.59	0.0088961	2.4699e-05	0.090969	supercritical
471.00	478.00	166.30	0.0060132	952.66	1240.1	4.3639	2.3566	3.3026	753.63	0.0088312	2.4692e-05	0.091063	supercritical
472.00	478.00	165.93	0.0060265	955.32	1243.4	4.3709	2.3600	3.3041	753.67	0.0087658	2.4686e-05	0.091158	supercritical
473.00	478.00	165.57	0.0060399	957.99	1246.7	4.3779	2.3634	3.3057	753.71	0.0086999	2.4679e-05	0.091254	supercritical
474.00	478.00	165.20	0.0060533	960.65	1250.0	4.3849	2.3668	3.3073	753.76	0.0086335	2.4673e-05	0.091351	supercritical
475.00	478.00	164.84	0.0060667	963.32	1253.3	4.3919	2.3701	3.3090	753.81	0.0085665	2.4667e-05	0.091449	supercritical
476.00	478.00	164.47	0.0060800	965.99	1256.6	4.3988	2.3735	3.3106	753.87	0.0084991	2.4661e-05	0.091548	supercritical
477.00	478.00	164.11	0.0060934	968.67	1259.9	4.4058	2.3769	3.3122	753.92	0.0084311	2.4656e-05	0.091647	supercritical
478.00	478.00	163.75	0.0061068	971.34	1263.2	4.4127	2.3803	3.3139	753.99	0.0083627	2.4650e-05	0.091747	supercritical
479.00	478.00	163.40	0.0061201	974.02	1266.6	4.4197	2.3837	3.3156	754.05	0.0082939	2.4645e-05	0.091848	supercritical
480.00	478.00	163.04	0.0061335	976.70	1269.9	4.4266	2.3871	3.3172	754.12	0.0082246	2.4640e-05	0.091949	supercritical
481.00	478.00	162.69	0.0061468	979.38	1273.2	4.4335	2.3905	3.3189	754.19	0.0081548	2.4635e-05	0.092052	supercritical
482.00	478.00	162.33	0.0061601	982.06	1276.5	4.4404	2.3939	3.3206	754.26	0.0080847	2.4631e-05	0.092155	supercritical
483.00	478.00	161.98	0.0061735	984.74	1279.8	4.4473	2.3973	3.3223	754.34	0.0080141	2.4627e-05	0.092259	supercritical
484.00	478.00	161.63	0.0061868	987.43	1283.2	4.4541	2.4007	3.3241	754.41	0.0079431	2.4622e-05	0.092364	supercritical
485.00	478.00	161.29	0.0062001	990.12	1286.5	4.4610	2.4042	3.3258	754.50	0.0078717	2.4618e-05	0.092469	supercritical
486.00	478.00	160.94	0.0062135	992.81	1289.8	4.4678	2.4076	3.3276	754.58	0.0078000	2.4615e-05	0.092575	supercritical
487.00	478.00	160.60	0.0062268	995.50	1293.1	4.4747	2.4110	3.3293	754.67	0.0077278	2.4611e-05	0.092682	supercritical
488.00	478.00	160.25	0.0062401	998.19	1296.5	4.4815	2.4144	3.3311	754.76	0.0076554	2.4608e-05	0.092790	supercritical
489.00	478.00	159.91	0.0062534	1000.9	1299.8	4.4883	2.4178	3.3329	754.85	0.0075825	2.4604e-05	0.092898	supercritical
490.00	478.00	159.57	0.0062667	1003.6	1303.1	4.4951	2.4213	3.3347	754.95	0.0075094	2.4601e-05	0.093007	supercritical
491.00	478.00	159.24	0.0062800	1006.3	1306.5	4.5019	2.4247	3.3365	755.05	0.0074359	2.4598e-05	0.093117	supercritical
492.00	478.00	158.90	0.0062933	1009.0	1309.8	4.5087	2.4281	3.3383	755.15	0.0073621	2.4596e-05	0.093227	supercritical
493.00	478.00	158.56	0.0063066	1011.7	1313.1	4.5155	2.4316	3.3401	755.25	0.0072879	2.4593e-05	0.093339	supercritical
494.00	478.00	158.23	0.0063199	1014.4	1316.5	4.5223	2.4350	3.3420	755.36	0.0072135	2.4591e-05	0.093451	supercritical
495.00	478.00	157.90	0.0063331	1017.1	1319.8	4.5290	2.4385	3.3438	755.46	0.0071388	2.4589e-05	0.093563	supercritical
496.00	478.00	157.57	0.0063464	1019.8	1323.2	4.5358	2.4419	3.3457	755.58	0.0070638	2.4587e-05	0.093676	supercritical
497.00	478.00	157.24	0.0063597	1022.5	1326.5	4.5425	2.4453	3.3476	755.69	0.0069885	2.4585e-05	0.093790	supercritical
498.00	478.00	156.91	0.0063729	1025.2	1329.9	4.5493	2.4488	3.3495	755.81	0.0069130	2.4583e-05	0.093905	supercritical
499.00	478.00	156.59	0.0063862	1028.0	1333.2	4.5560	2.4522	3.3513	755.92	0.0068372	2.4582e-05	0.094020	supercritical
500.00	478.00	156.26	0.0063995	1030.7	1336.6	4.5627	2.4557	3.3533	756.05	0.0067612	2.4581e-05	0.094136	supercritical
501.00	478.00	155.94	0.0064127	1033.4	1339.9	4.5694	2.4591	3.3552	756.17	0.0066849	2.4579e-05	0.094253	supercritical
502.00	478.00	155.62	0.0064259	1036.1	1343.3	4.5761	2.4626	3.3571	756.30	0.0066084	2.4578e-05	0.094370	supercritical
503.00	478.00	155.30	0.0064392	1038.8	1346.6	4.5828	2.4660	3.3590	756.42	0.0065317	2.4578e-05	0.094488	supercritical
504.00	478.00	154.98	0.0064524	1041.6	1350.0	4.5895	2.4695	3.3610	756.55	0.0064548	2.4577e-05	0.094607	supercritical
505.00	478.00	154.66	0.0064657	1044.3	1353.4	4.5961	2.4730	3.3629	756.69	0.0063777	2.4576e-05	0.094726	supercritical
506.00	478.00	154.35	0.0064789	1047.0	1356.7	4.6028	2.4764	3.3649	756.82	0.0063004	2.4576e-05	0.094846	supercritical
507.00	478.00	154.03	0.0064921	1049.8	1360.1	4.6094	2.4799	3.3669	756.96	0.0062229	2.4576e-05	0.094967	supercritical
508.00	478.00	153.72	0.0065053	1052.5	1363.5	4.6161	2.4833	3.3689	757.10	0.0061452	2.4576e-05	0.095088	supercritical
509.00	478.00	153.41	0.0065185	1055.2	1366.8	4.6227	2.4868	3.3709	757.24	0.0060673	2.4576e-05	0.095210	supercritical
510.00	478.00	153.10	0.0065317	1058.0	1370.2	4.6293	2.4903	3.3729	757.38	0.0059893	2.4576e-05	0.095332	supercritical
511.00	478.00	152.79	0.0065449	1060.7	1373.6	4.6359	2.4937	3.3749	757.53	0.0059111	2.4577e-05	0.095455	supercritical
512.00	478.00	152.48	0.0065581	1063.5	1377.0	4.6425	2.4972	3.3769	757.68	0.0058328	2.4577e-05	0.095579	supercritical
513.00	478.00	152.18	0.0065713	1066.2	1380.3	4.6491	2.5007	3.3789	757.83	0.0057543	2.4578e-05	0.095703	supercritical
514.00	478.00	151.87	0.0065845	1069.0	1383.7	4.6557	2.5041	3.3810	757.98	0.0056757	2.4579e-05	0.095828	supercritical
515.00	478.00	151.57	0.0065977	1071.7	1387.1	4.6623	2.5076	3.3830	758.13	0.0055969	2.4580e-05	0.095953	supercritical
516.00	478.00	151.27	0.0066109	1074.5	1390.5	4.6688	2.5111	3.3851	758.29	0.0055180	2.4581e-05	0.096079	supercritical
517.00	478.00	150.97	0.0066240	1077.2	1393.9	4.6754	2.5146	3.3872	758.45	0.0054391	2.4582e-05	0.096206	supercritical
518.00	478.00	150.67	0.0066372	1080.0	1397.3	4.6819	2.5180	3.3892	758.61	0.0053600	2.4583e-05	0.096333	supercritical
519.00	478.00	150.37	0.0066504	1082.8	1400.6	4.6885	2.5215	3.3913	758.77	0.0052808	2.4585e-05	0.096461	supercritical
520.00	478.00	150.07	0.0066635	1085.5	1404.0	4.6950	2.5250	3.3934	758.93	0.0052015	2.4586e-05	0.096590	supercritical
521.00	478.00	149.78	0.0066767	1088.3	1407.4	4.7015	2.5285	3.3955	759.10	0.0051221	2.4588e-05	0.096719	supercritical
522.00	478.00	149.48	0.0066898	1091.1	1410.8	4.7080	2.5320	3.3977	759.27	0.0050426	2.4590e-05	0.096848	supercritical
523.00	478.00	149.19	0.0067030	1093.8	1414.2	4.7145	2.5354	3.3998	759.43	0.0049630	2.4592e-05	0.096979	supercritical
524.00	478.00	148.90	0.0067161	1096.6	1417.6	4.7210	2.5389	3.4019	759.61	0.0048834	2.4594e-05	0.097109	supercritical
525.00	478.00	148.61	0.0067292	1099.4	1421.0	4.7275	2.5424	3.4040	759.78	0.0048037	2.4597e-05	0.097241	supercritical
526.00	478.00	148.32	0.0067424	1102.1	1424.4	4.7340	2.5459	3.4062	759.95	0.0047240	2.4599e-05	0.097373	supercritical
527.00	478.00	148.03	0.0067555	1104.9	1427.8	4.7405	2.5494	3.4083	760.13	0.0046441	2.4602e-05	0.097505	supercritical
528.00	478.00	147.74	0.0067686	1107.7	1431.2	4.7469	2.5529	3.4105	760.31	0.0045643	2.4604e-05	0.097638	supercritical
529.00	478.00	147.46	0.0067817	1110.5	1434.7	4.7534	2.5564	3.4127	760.49	0.0044844	2.4607e-05	0.097772	supercritical
530.00	478.00	147.17	0.0067948	1113.3	1438.1	4.7598	2.5598	3.4149	760.67	0.0044044	2.4610e-05	0.097906	supercritical
531.00	478.00	146.89	0.0068079	1116.1	1441.5	4.7663	2.5633	3.4170	760.85	0.0043244	2.4613e-05	0.098040	supercritical
532.00	478.00	146.61	0.0068210	1118.9	1444.9	4.7727	2.5668	3.4192	761.04	0.0042444	2.4616e-05	0.098175	supercritical
533.00	478.00	146.33	0.0068341	1121.7	1448.3	4.7791	2.5703	3.4214	761.22	0.0041643	2.4619e-05	0.098311	supercritical
534.00	478.00	146.05	0.0068472	1124.5	1451.8	4.7855	2.5738	3.4237	761.41	0.0040843	2.4623e-05	0.098447	supercritical
535.00	478.00	145.77	0.0068603	1127.3	1455.2	4.7919	2.5773	3.4259	761.60	0.0040042	2.4626e-05	0.098584	supercritical
536.00	478.00	145.49	0.0068733	1130.1	1458.6	4.7983	2.5808	3.4281	761.79	0.0039241	2.4630e-05	0.098721	supercritical
537.00	478.00	145.21	0.0068864	1132.9	1462.0	4.8047	2.5843	3.4303	761.99	0.0038440	2.4634e-05	0.098859	supercritical
538.00	478.00	144.94	0.0068995	1135.7	1465.5	4.8111	2.5878	3.4326	762.18	0.0037639	2.4638e-05	0.098998	supercritical
539.00	478.00	144.66	0.0069125	1138.5	1468.9	4.8175	2.5913	3.4348	762.38	0.0036838	2.4641e-05	0.099136	supercritical
540.00	478.00	144.39	0.0069256	1141.3	1472.3	4.8239	2.5948	3.4371	762.57	0.0036037	2.4646e-05	0.099276	supercritical
541.00	478.00	144.12	0.0069387	1144.1	1475.8	4.8302	2.5983	3.4393	762.77	0.0035236	2.4650e-05	0.099416	supercritical
542.00	478.00	143.85	0.0069517	1146.9	1479.2	4.8366	2.6018	3.4416	762.97	0.0034436	2.4654e-05	0.099556	supercritical
543.00	478.00	143.58	0.0069647	1149.7	1482.7	4.8429	2.6052	3.4439	763.17	0.0033635	2.4658e-05	0.099697	supercritical
544.00	478.00	143.31	0.0069778	1152.6	1486.1	4.8493	2.6087	3.4462	763.38	0.0032835	2.4663e-05	0.099838	supercritical
545.00	478.00	143.04	0.0069908	1155.4	1489.5	4.8556	2.6122	3.4485	763.58	0.0032035	2.4667e-05	0.099980	supercritical
546.00	478.00	142.78	0.0070038	1158.2	1493.0	4.8619	2.6157	3.4508	763.79	0.0031235	2.4672e-05	0.10012	supercritical
547.00	478.00	142.51	0.0070169	1161.0	1496.4	4.8682	2.6192	3.4531	764.00	0.0030436	2.4677e-05	0.10027	supercritical
548.00	478.00	142.25	0.0070299	1163.9	1499.9	4.8745	2.6227	3.4554	764.20	0.0029637	2.4682e-05	0.10041	supercritical
549.00	478.00	141.99	0.0070429	1166.7	1503.4	4.8808	2.6262	3.4577	764.41	0.0028839	2.4687e-05	0.10055	supercritical
550.00	478.00	141.73	0.0070559	1169.5	1506.8	4.8871	2.6297	3.4600	764.63	0.0028041	2.4692e-05	0.10070	supercritical
551.00	478.00	141.46	0.0070689	1172.4	1510.3	4.8934	2.6332	3.4623	764.84	0.0027243	2.4697e-05	0.10084	supercritical
552.00	478.00	141.20	0.0070819	1175.2	1513.7	4.8997	2.6367	3.4647	765.05	0.0026446	2.4702e-05	0.10099	supercritical
553.00	478.00	140.95	0.0070949	1178.1	1517.2	4.9060	2.6402	3.4670	765.27	0.0025650	2.4708e-05	0.10113	supercritical
554.00	478.00	140.69	0.0071079	1180.9	1520.7	4.9123	2.6437	3.4694	765.48	0.0024854	2.4713e-05	0.10128	supercritical
555.00	478.00	140.43	0.0071209	1183.8	1524.1	4.9185	2.6472	3.4717	765.70	0.0024059	2.4719e-05	0.10143	supercritical
556.00	478.00	140.18	0.0071338	1186.6	1527.6	4.9248	2.6507	3.4741	765.92	0.0023264	2.4725e-05	0.10157	supercritical
557.00	478.00	139.92	0.0071468	1189.5	1531.1	4.9310	2.6542	3.4764	766.14	0.0022470	2.4730e-05	0.10172	supercritical
558.00	478.00	139.67	0.0071598	1192.3	1534.6	4.9372	2.6577	3.4788	766.36	0.0021677	2.4736e-05	0.10187	supercritical
559.00	478.00	139.42	0.0071728	1195.2	1538.1	4.9435	2.6612	3.4812	766.59	0.0020885	2.4742e-05	0.10202	supercritical
560.00	478.00	139.17	0.0071857	1198.1	1541.5	4.9497	2.6647	3.4836	766.81	0.0020093	2.4748e-05	0.10217	supercritical
561.00	478.00	138.91	0.0071987	1200.9	1545.0	4.9559	2.6682	3.4860	767.04	0.0019303	2.4754e-05	0.10231	supercritical
562.00	478.00	138.67	0.0072116	1203.8	1548.5	4.9621	2.6717	3.4884	767.26	0.0018513	2.4761e-05	0.10246	supercritical
563.00	478.00	138.42	0.0072246	1206.7	1552.0	4.9683	2.6752	3.4908	767.49	0.0017724	2.4767e-05	0.10261	supercritical
564.00	478.00	138.17	0.0072375	1209.5	1555.5	4.9745	2.6787	3.4932	767.72	0.0016936	2.4773e-05	0.10277	supercritical
565.00	478.00	137.92	0.0072504	1212.4	1559.0	4.9807	2.6822	3.4956	767.95	0.0016149	2.4780e-05	0.10292	supercritical
566.00	478.00	137.68	0.0072634	1215.3	1562.5	4.9869	2.6857	3.4980	768.18	0.0015362	2.4786e-05	0.10307	supercritical
567.00	478.00	137.43	0.0072763	1218.2	1566.0	4.9931	2.6892	3.5004	768.41	0.0014577	2.4793e-05	0.10322	supercritical
568.00	478.00	137.19	0.0072892	1221.1	1569.5	4.9992	2.6927	3.5029	768.64	0.0013793	2.4800e-05	0.10337	supercritical
569.00	478.00	136.95	0.0073021	1223.9	1573.0	5.0054	2.6961	3.5053	768.88	0.0013010	2.4807e-05	0.10353	supercritical
570.00	478.00	136.70	0.0073150	1226.8	1576.5	5.0116	2.6996	3.5077	769.11	0.0012228	2.4813e-05	0.10368	supercritical
571.00	478.00	136.46	0.0073279	1229.7	1580.0	5.0177	2.7031	3.5102	769.35	0.0011447	2.4820e-05	0.10383	supercritical
572.00	478.00	136.22	0.0073408	1232.6	1583.5	5.0239	2.7066	3.5126	769.59	0.0010667	2.4828e-05	0.10399	supercritical
573.00	478.00	135.99	0.0073537	1235.5	1587.0	5.0300	2.7101	3.5151	769.82	0.00098880	2.4835e-05	0.10414	supercritical
574.00	478.00	135.75	0.0073666	1238.4	1590.5	5.0361	2.7136	3.5175	770.06	0.00091103	2.4842e-05	0.10430	supercritical
575.00	478.00	135.51	0.0073795	1241.3	1594.1	5.0423	2.7171	3.5200	770.30	0.00083338	2.4849e-05	0.10445	supercritical
576.00	478.00	135.27	0.0073924	1244.2	1597.6	5.0484	2.7206	3.5225	770.54	0.00075585	2.4857e-05	0.10461	supercritical
577.00	478.00	135.04	0.0074053	1247.1	1601.1	5.0545	2.7241	3.5250	770.79	0.00067845	2.4864e-05	0.10476	supercritical
578.00	478.00	134.80	0.0074182	1250.0	1604.6	5.0606	2.7276	3.5274	771.03	0.00060116	2.4872e-05	0.10492	supercritical
579.00	478.00	134.57	0.0074310	1253.0	1608.2	5.0667	2.7311	3.5299	771.27	0.00052400	2.4879e-05	0.10508	supercritical
580.00	478.00	134.34	0.0074439	1255.9	1611.7	5.0728	2.7346	3.5324	771.52	0.00044697	2.4887e-05	0.10523	supercritical
581.00	478.00	134.11	0.0074567	1258.8	1615.2	5.0789	2.7380	3.5349	771.77	0.00037007	2.4895e-05	0.10539	supercritical
582.00	478.00	133.88	0.0074696	1261.7	1618.8	5.0850	2.7415	3.5374	772.01	0.00029329	2.4902e-05	0.10555	supercritical
583.00	478.00	133.65	0.0074825	1264.6	1622.3	5.0910	2.7450	3.5399	772.26	0.00021666	2.4910e-05	0.10571	supercritical
584.00	478.00	133.42	0.0074953	1267.6	1625.8	5.0971	2.7485	3.5424	772.51	0.00014015	2.4918e-05	0.10587	supercritical
585.00	478.00	133.19	0.0075081	1270.5	1629.4	5.1032	2.7520	3.5449	772.76	6.3781e-05	2.4926e-05	0.10603	supercritical
586.00	478.00	132.96	0.0075210	1273.4	1632.9	5.1092	2.7555	3.5474	773.01	-1.2449e-05	2.4934e-05	0.10619	supercritical
587.00	478.00	132.74	0.0075338	1276.4	1636.5	5.1153	2.7590	3.5500	773.26	-8.8541e-05	2.4943e-05	0.10635	supercritical
588.00	478.00	132.51	0.0075466	1279.3	1640.0	5.1213	2.7624	3.5525	773.51	-0.00016449	2.4951e-05	0.10651	supercritical
589.00	478.00	132.28	0.0075595	1282.2	1643.6	5.1274	2.7659	3.5550	773.77	-0.00024030	2.4959e-05	0.10667	supercritical
590.00	478.00	132.06	0.0075723	1285.2	1647.1	5.1334	2.7694	3.5575	774.02	-0.00031596	2.4968e-05	0.10683	supercritical
591.00	478.00	131.84	0.0075851	1288.1	1650.7	5.1394	2.7729	3.5601	774.27	-0.00039148	2.4976e-05	0.10699	supercritical
592.00	478.00	131.62	0.0075979	1291.1	1654.3	5.1454	2.7764	3.5626	774.53	-0.00046685	2.4985e-05	0.10715	supercritical
593.00	478.00	131.39	0.0076107	1294.0	1657.8	5.1514	2.7799	3.5652	774.79	-0.00054207	2.4993e-05	0.10731	supercritical
594.00	478.00	131.17	0.0076235	1297.0	1661.4	5.1575	2.7833	3.5677	775.04	-0.00061714	2.5002e-05	0.10748	supercritical
595.00	478.00	130.95	0.0076363	1299.9	1665.0	5.1635	2.7868	3.5703	775.30	-0.00069206	2.5010e-05	0.10764	supercritical
596.00	478.00	130.73	0.0076491	1302.9	1668.5	5.1695	2.7903	3.5728	775.56	-0.00076682	2.5019e-05	0.10780	supercritical
597.00	478.00	130.52	0.0076619	1305.9	1672.1	5.1755	2.7938	3.5754	775.82	-0.00084144	2.5028e-05	0.10797	supercritical
598.00	478.00	130.30	0.0076746	1308.8	1675.7	5.1814	2.7972	3.5780	776.08	-0.00091589	2.5037e-05	0.10813	supercritical
599.00	478.00	130.08	0.0076874	1311.8	1679.3	5.1874	2.8007	3.5805	776.34	-0.00099019	2.5046e-05	0.10830	supercritical
600.00	478.00	129.87	0.0077002	1314.8	1682.8	5.1934	2.8042	3.5831	776.60	-0.0010643	2.5055e-05	0.10846	supercritical
601.00	478.00	129.65	0.0077130	1317.7	1686.4	5.1994	2.8077	3.5857	776.87	-0.0011383	2.5064e-05	0.10862	supercritical
602.00	478.00	129.44	0.0077257	1320.7	1690.0	5.2053	2.8111	3.5882	777.13	-0.0012121	2.5073e-05	0.10879	supercritical
603.00	478.00	129.22	0.0077385	1323.7	1693.6	5.2113	2.8146	3.5908	777.39	-0.0012858	2.5082e-05	0.10896	supercritical
604.00	478.00	129.01	0.0077512	1326.7	1697.2	5.2172	2.8181	3.5934	777.66	-0.0013593	2.5092e-05	0.10912	supercritical
605.00	478.00	128.80	0.0077640	1329.7	1700.8	5.2232	2.8215	3.5960	777.92	-0.0014326	2.5101e-05	0.10929	supercritical
606.00	478.00	128.59	0.0077767	1332.7	1704.4	5.2291	2.8250	3.5986	778.19	-0.0015058	2.5110e-05	0.10946	supercritical
607.00	478.00	128.38	0.0077895	1335.7	1708.0	5.2351	2.8285	3.6012	778.46	-0.0015788	2.5120e-05	0.10962	supercritical
608.00	478.00	128.17	0.0078022	1338.6	1711.6	5.2410	2.8319	3.6038	778.72	-0.0016517	2.5129e-05	0.10979	supercritical
609.00	478.00	127.96	0.0078149	1341.6	1715.2	5.2469	2.8354	3.6064	778.99	-0.0017243	2.5139e-05	0.10996	supercritical
610.00	478.00	127.75	0.0078277	1344.6	1718.8	5.2528	2.8389	3.6090	779.26	-0.0017968	2.5149e-05	0.11013	supercritical
611.00	478.00	127.54	0.0078404	1347.6	1722.4	5.2587	2.8423	3.6116	779.53	-0.0018692	2.5158e-05	0.11030	supercritical
612.00	478.00	127.34	0.0078531	1350.6	1726.0	5.2647	2.8458	3.6142	779.80	-0.0019414	2.5168e-05	0.11046	supercritical
613.00	478.00	127.13	0.0078658	1353.7	1729.6	5.2706	2.8493	3.6168	780.07	-0.0020134	2.5178e-05	0.11063	supercritical
614.00	478.00	126.93	0.0078785	1356.7	1733.3	5.2765	2.8527	3.6195	780.34	-0.0020852	2.5188e-05	0.11080	supercritical
615.00	478.00	126.72	0.0078913	1359.7	1736.9	5.2823	2.8562	3.6221	780.61	-0.0021568	2.5198e-05	0.11097	supercritical
616.00	478.00	126.52	0.0079040	1362.7	1740.5	5.2882	2.8596	3.6247	780.89	-0.0022283	2.5207e-05	0.11114	supercritical
617.00	478.00	126.32	0.0079167	1365.7	1744.1	5.2941	2.8631	3.6273	781.16	-0.0022996	2.5217e-05	0.11131	supercritical
618.00	478.00	126.11	0.0079293	1368.7	1747.8	5.3000	2.8665	3.6300	781.43	-0.0023708	2.5228e-05	0.11148	supercritical
619.00	478.00	125.91	0.0079420	1371.8	1751.4	5.3059	2.8700	3.6326	781.71	-0.0024417	2.5238e-05	0.11165	supercritical
620.00	478.00	125.71	0.0079547	1374.8	1755.0	5.3117	2.8734	3.6352	781.98	-0.0025125	2.5248e-05	0.11183	supercritical
621.00	478.00	125.51	0.0079674	1377.8	1758.7	5.3176	2.8769	3.6379	782.26	-0.0025831	2.5258e-05	0.11200	supercritical
622.00	478.00	125.31	0.0079801	1380.9	1762.3	5.3234	2.8803	3.6405	782.54	-0.0026535	2.5268e-05	0.11217	supercritical
623.00	478.00	125.11	0.0079927	1383.9	1765.9	5.3293	2.8838	3.6432	782.81	-0.0027238	2.5279e-05	0.11234	supercritical
624.00	478.00	124.92	0.0080054	1386.9	1769.6	5.3351	2.8872	3.6458	783.09	-0.0027939	2.5289e-05	0.11251	supercritical
625.00	478.00	124.72	0.0080181	1390.0	1773.2	5.3410	2.8907	3.6485	783.37	-0.0028637	2.5299e-05	0.11269	supercritical
