Temperature (K)	Pressure (bar)	Density (kg/m3)	Volume (m3/kg)	Internal Energy (kJ/kg)	Enthalpy (kJ/kg)	Entropy (J/g*K)	Cv (J/g*K)	Cp (J/g*K)	Sound Spd. (m/s)	Joule-Thomson (K/bar)	Viscosity (Pa*s)	Therm. Cond. (W/m*K)	Phase
102.00	369.00	459.65	0.0021756	-54.227	26.052	-0.53421	2.1857	3.2450	1674.8	-0.051013	0.00022124	0.22945	liquid
103.00	369.00	458.57	0.0021807	-51.170	29.298	-0.50255	2.1811	3.2455	1668.1	-0.050923	0.00021478	0.22838	liquid
104.00	369.00	457.49	0.0021858	-48.114	32.543	-0.47119	2.1766	3.2461	1661.4	-0.050830	0.00020867	0.22731	liquid
105.00	369.00	456.41	0.0021910	-45.058	35.790	-0.44013	2.1721	3.2467	1654.7	-0.050735	0.00020291	0.22623	liquid
106.00	369.00	455.33	0.0021962	-42.003	39.037	-0.40935	2.1677	3.2474	1648.0	-0.050637	0.00019745	0.22514	liquid
107.00	369.00	454.25	0.0022014	-38.948	42.285	-0.37885	2.1633	3.2480	1641.3	-0.050538	0.00019227	0.22404	liquid
108.00	369.00	453.17	0.0022067	-35.893	45.533	-0.34863	2.1589	3.2487	1634.6	-0.050436	0.00018735	0.22294	liquid
109.00	369.00	452.09	0.0022119	-32.839	48.782	-0.31869	2.1546	3.2494	1627.8	-0.050332	0.00018268	0.22183	liquid
110.00	369.00	451.01	0.0022172	-29.785	52.032	-0.28901	2.1503	3.2501	1621.1	-0.050226	0.00017824	0.22072	liquid
111.00	369.00	449.93	0.0022226	-26.731	55.282	-0.25959	2.1461	3.2508	1614.4	-0.050117	0.00017400	0.21960	liquid
112.00	369.00	448.85	0.0022279	-23.677	58.533	-0.23044	2.1418	3.2515	1607.7	-0.050007	0.00016996	0.21848	liquid
113.00	369.00	447.76	0.0022333	-20.624	61.785	-0.20153	2.1377	3.2522	1600.9	-0.049894	0.00016610	0.21736	liquid
114.00	369.00	446.68	0.0022387	-17.572	65.038	-0.17287	2.1335	3.2529	1594.2	-0.049780	0.00016241	0.21623	liquid
115.00	369.00	445.59	0.0022442	-14.520	68.291	-0.14446	2.1294	3.2536	1587.5	-0.049663	0.00015888	0.21509	liquid
116.00	369.00	444.51	0.0022497	-11.468	71.545	-0.11629	2.1253	3.2544	1580.8	-0.049544	0.00015550	0.21396	liquid
117.00	369.00	443.42	0.0022552	-8.4163	74.800	-0.088349	2.1212	3.2551	1574.1	-0.049422	0.00015226	0.21282	liquid
118.00	369.00	442.34	0.0022607	-5.3653	78.055	-0.060643	2.1171	3.2558	1567.4	-0.049299	0.00014915	0.21168	liquid
119.00	369.00	441.25	0.0022663	-2.3148	81.311	-0.033165	2.1131	3.2565	1560.7	-0.049173	0.00014616	0.21054	liquid
120.00	369.00	440.16	0.0022719	0.73532	84.568	-0.0059103	2.1091	3.2573	1554.0	-0.049045	0.00014329	0.20940	liquid
121.00	369.00	439.07	0.0022775	3.7850	87.826	0.021124	2.1051	3.2580	1547.3	-0.048914	0.00014052	0.20826	liquid
122.00	369.00	437.98	0.0022832	6.8341	91.084	0.047942	2.1012	3.2587	1540.6	-0.048781	0.00013786	0.20712	liquid
123.00	369.00	436.89	0.0022889	9.8828	94.343	0.074547	2.0972	3.2594	1534.0	-0.048646	0.00013529	0.20598	liquid
124.00	369.00	435.80	0.0022946	12.931	97.603	0.10094	2.0933	3.2602	1527.3	-0.048508	0.00013281	0.20484	liquid
125.00	369.00	434.71	0.0023004	15.979	100.86	0.12713	2.0895	3.2609	1520.6	-0.048368	0.00013042	0.20369	liquid
126.00	369.00	433.61	0.0023062	19.026	104.12	0.15312	2.0856	3.2617	1514.0	-0.048225	0.00012811	0.20255	liquid
127.00	369.00	432.52	0.0023120	22.073	107.39	0.17890	2.0818	3.2624	1507.4	-0.048079	0.00012588	0.20141	liquid
128.00	369.00	431.42	0.0023179	25.119	110.65	0.20450	2.0780	3.2632	1500.8	-0.047931	0.00012372	0.20027	liquid
129.00	369.00	430.33	0.0023238	28.164	113.91	0.22989	2.0742	3.2639	1494.2	-0.047780	0.00012163	0.19914	liquid
130.00	369.00	429.23	0.0023298	31.209	117.18	0.25510	2.0705	3.2647	1487.6	-0.047627	0.00011961	0.19800	liquid
131.00	369.00	428.13	0.0023357	34.254	120.44	0.28012	2.0667	3.2655	1481.0	-0.047471	0.00011765	0.19687	liquid
132.00	369.00	427.03	0.0023418	37.298	123.71	0.30496	2.0631	3.2663	1474.4	-0.047312	0.00011575	0.19574	liquid
133.00	369.00	425.93	0.0023478	40.341	126.98	0.32961	2.0594	3.2671	1467.8	-0.047150	0.00011390	0.19461	liquid
134.00	369.00	424.83	0.0023539	43.384	130.24	0.35408	2.0558	3.2679	1461.3	-0.046985	0.00011211	0.19348	liquid
135.00	369.00	423.72	0.0023600	46.426	133.51	0.37838	2.0521	3.2687	1454.8	-0.046817	0.00011038	0.19235	liquid
136.00	369.00	422.62	0.0023662	49.467	136.78	0.40251	2.0486	3.2695	1448.2	-0.046646	0.00010869	0.19123	liquid
137.00	369.00	421.51	0.0023724	52.508	140.05	0.42647	2.0450	3.2703	1441.7	-0.046472	0.00010704	0.19012	liquid
138.00	369.00	420.41	0.0023786	55.549	143.32	0.45025	2.0415	3.2712	1435.2	-0.046295	0.00010545	0.18900	liquid
139.00	369.00	419.30	0.0023849	58.589	146.59	0.47388	2.0380	3.2721	1428.8	-0.046115	0.00010389	0.18789	liquid
140.00	369.00	418.19	0.0023912	61.628	149.86	0.49733	2.0345	3.2729	1422.3	-0.045932	0.00010238	0.18678	liquid
141.00	369.00	417.08	0.0023976	64.667	153.14	0.52063	2.0311	3.2738	1415.9	-0.045745	0.00010091	0.18567	liquid
142.00	369.00	415.97	0.0024040	67.705	156.41	0.54377	2.0277	3.2747	1409.4	-0.045556	9.9472e-05	0.18457	liquid
143.00	369.00	414.86	0.0024105	70.742	159.69	0.56676	2.0243	3.2757	1403.0	-0.045362	9.8074e-05	0.18348	liquid
144.00	369.00	413.75	0.0024169	73.779	162.96	0.58959	2.0209	3.2766	1396.6	-0.045166	9.6711e-05	0.18238	liquid
145.00	369.00	412.63	0.0024235	76.815	166.24	0.61227	2.0176	3.2776	1390.2	-0.044966	9.5382e-05	0.18129	liquid
146.00	369.00	411.52	0.0024300	79.851	169.52	0.63480	2.0143	3.2785	1383.8	-0.044762	9.4085e-05	0.18021	liquid
147.00	369.00	410.40	0.0024367	82.886	172.80	0.65718	2.0110	3.2795	1377.5	-0.044556	9.2819e-05	0.17913	liquid
148.00	369.00	409.28	0.0024433	85.920	176.08	0.67942	2.0078	3.2805	1371.2	-0.044345	9.1583e-05	0.17805	liquid
149.00	369.00	408.16	0.0024500	88.954	179.36	0.70151	2.0046	3.2816	1364.8	-0.044131	9.0377e-05	0.17698	liquid
150.00	369.00	407.04	0.0024568	91.987	182.64	0.72346	2.0014	3.2826	1358.5	-0.043913	8.9198e-05	0.17591	liquid
151.00	369.00	405.92	0.0024636	95.019	185.92	0.74528	1.9983	3.2837	1352.3	-0.043692	8.8047e-05	0.17485	liquid
152.00	369.00	404.79	0.0024704	98.051	189.21	0.76696	1.9952	3.2847	1346.0	-0.043466	8.6921e-05	0.17379	liquid
153.00	369.00	403.67	0.0024773	101.08	192.49	0.78850	1.9921	3.2858	1339.7	-0.043237	8.5821e-05	0.17274	liquid
154.00	369.00	402.54	0.0024842	104.11	195.78	0.80991	1.9891	3.2870	1333.5	-0.043005	8.4745e-05	0.17169	liquid
155.00	369.00	401.42	0.0024912	107.14	199.07	0.83119	1.9860	3.2881	1327.3	-0.042768	8.3692e-05	0.17065	liquid
156.00	369.00	400.29	0.0024982	110.17	202.36	0.85234	1.9831	3.2893	1321.1	-0.042527	8.2662e-05	0.16961	liquid
157.00	369.00	399.16	0.0025053	113.20	205.65	0.87336	1.9801	3.2904	1314.9	-0.042283	8.1655e-05	0.16858	liquid
158.00	369.00	398.03	0.0025124	116.23	208.94	0.89425	1.9772	3.2916	1308.8	-0.042034	8.0668e-05	0.16755	liquid
159.00	369.00	396.89	0.0025196	119.26	212.23	0.91503	1.9743	3.2928	1302.6	-0.041782	7.9703e-05	0.16653	liquid
160.00	369.00	395.76	0.0025268	122.28	215.52	0.93567	1.9714	3.2941	1296.5	-0.041525	7.8757e-05	0.16552	liquid
161.00	369.00	394.63	0.0025340	125.31	218.82	0.95620	1.9686	3.2953	1290.4	-0.041264	7.7831e-05	0.16451	liquid
162.00	369.00	393.49	0.0025414	128.34	222.11	0.97661	1.9658	3.2966	1284.3	-0.040999	7.6923e-05	0.16350	liquid
163.00	369.00	392.35	0.0025487	131.36	225.41	0.99690	1.9631	3.2979	1278.3	-0.040730	7.6034e-05	0.16250	liquid
164.00	369.00	391.21	0.0025562	134.39	228.71	1.0171	1.9603	3.2992	1272.2	-0.040457	7.5163e-05	0.16151	liquid
165.00	369.00	390.07	0.0025636	137.41	232.01	1.0371	1.9576	3.3006	1266.2	-0.040179	7.4308e-05	0.16052	liquid
166.00	369.00	388.93	0.0025712	140.44	235.31	1.0571	1.9550	3.3019	1260.2	-0.039897	7.3471e-05	0.15954	liquid
167.00	369.00	387.79	0.0025787	143.46	238.61	1.0769	1.9523	3.3033	1254.2	-0.039611	7.2650e-05	0.15856	liquid
168.00	369.00	386.64	0.0025864	146.48	241.92	1.0966	1.9497	3.3047	1248.3	-0.039320	7.1844e-05	0.15759	liquid
169.00	369.00	385.50	0.0025941	149.50	245.22	1.1163	1.9472	3.3061	1242.4	-0.039025	7.1054e-05	0.15663	liquid
170.00	369.00	384.35	0.0026018	152.52	248.53	1.1358	1.9447	3.3075	1236.5	-0.038725	7.0279e-05	0.15567	liquid
171.00	369.00	383.20	0.0026096	155.54	251.84	1.1552	1.9422	3.3090	1230.6	-0.038421	6.9518e-05	0.15472	liquid
172.00	369.00	382.05	0.0026175	158.56	255.15	1.1745	1.9397	3.3105	1224.7	-0.038113	6.8772e-05	0.15377	liquid
173.00	369.00	380.90	0.0026254	161.58	258.46	1.1937	1.9373	3.3120	1218.9	-0.037800	6.8039e-05	0.15283	liquid
174.00	369.00	379.75	0.0026333	164.60	261.77	1.2128	1.9349	3.3135	1213.0	-0.037482	6.7320e-05	0.15189	liquid
175.00	369.00	378.59	0.0026414	167.62	265.09	1.2318	1.9325	3.3150	1207.2	-0.037160	6.6613e-05	0.15097	liquid
176.00	369.00	377.44	0.0026494	170.64	268.40	1.2506	1.9302	3.3165	1201.5	-0.036833	6.5920e-05	0.15004	liquid
177.00	369.00	376.28	0.0026576	173.65	271.72	1.2694	1.9279	3.3181	1195.7	-0.036501	6.5239e-05	0.14913	liquid
178.00	369.00	375.12	0.0026658	176.67	275.04	1.2881	1.9256	3.3197	1190.0	-0.036165	6.4570e-05	0.14822	liquid
179.00	369.00	373.97	0.0026740	179.69	278.36	1.3067	1.9234	3.3213	1184.3	-0.035824	6.3912e-05	0.14732	liquid
180.00	369.00	372.81	0.0026824	182.70	281.68	1.3253	1.9212	3.3229	1178.6	-0.035478	6.3267e-05	0.14642	liquid
181.00	369.00	371.64	0.0026907	185.72	285.00	1.3437	1.9190	3.3245	1173.0	-0.035128	6.2632e-05	0.14553	liquid
182.00	369.00	370.48	0.0026992	188.73	288.33	1.3620	1.9169	3.3262	1167.3	-0.034773	6.2009e-05	0.14465	liquid
183.00	369.00	369.32	0.0027077	191.74	291.66	1.3802	1.9148	3.3278	1161.7	-0.034413	6.1396e-05	0.14377	liquid
184.00	369.00	368.15	0.0027163	194.75	294.98	1.3984	1.9127	3.3295	1156.2	-0.034048	6.0793e-05	0.14290	liquid
185.00	369.00	366.99	0.0027249	197.77	298.32	1.4164	1.9107	3.3312	1150.6	-0.033678	6.0201e-05	0.14203	liquid
186.00	369.00	365.82	0.0027336	200.78	301.65	1.4344	1.9087	3.3329	1145.1	-0.033304	5.9619e-05	0.14118	liquid
187.00	369.00	364.65	0.0027424	203.79	304.98	1.4522	1.9067	3.3346	1139.6	-0.032925	5.9046e-05	0.14033	liquid
188.00	369.00	363.48	0.0027512	206.80	308.32	1.4700	1.9048	3.3363	1134.1	-0.032540	5.8483e-05	0.13949	liquid
189.00	369.00	362.31	0.0027601	209.81	311.65	1.4877	1.9029	3.3381	1128.7	-0.032151	5.7929e-05	0.13865	liquid
190.00	369.00	361.14	0.0027690	212.82	314.99	1.5054	1.9010	3.3398	1123.3	-0.031758	5.7385e-05	0.13783	liquid
191.00	369.00	359.96	0.0027781	215.82	318.33	1.5229	1.8992	3.3416	1117.9	-0.031359	5.6849e-05	0.13700	supercritical
192.00	369.00	358.79	0.0027872	218.83	321.68	1.5403	1.8974	3.3433	1112.5	-0.030955	5.6322e-05	0.13618	supercritical
193.00	369.00	357.61	0.0027963	221.84	325.02	1.5577	1.8956	3.3451	1107.2	-0.030547	5.5803e-05	0.13536	supercritical
194.00	369.00	356.44	0.0028055	224.84	328.37	1.5750	1.8939	3.3469	1101.9	-0.030133	5.5293e-05	0.13455	supercritical
195.00	369.00	355.26	0.0028148	227.85	331.71	1.5922	1.8922	3.3486	1096.6	-0.029715	5.4791e-05	0.13374	supercritical
196.00	369.00	354.08	0.0028242	230.85	335.06	1.6094	1.8905	3.3504	1091.4	-0.029292	5.4296e-05	0.13295	supercritical
197.00	369.00	352.90	0.0028336	233.85	338.41	1.6264	1.8889	3.3522	1086.1	-0.028864	5.3810e-05	0.13216	supercritical
198.00	369.00	351.72	0.0028432	236.86	341.77	1.6434	1.8873	3.3540	1080.9	-0.028431	5.3331e-05	0.13137	supercritical
199.00	369.00	350.54	0.0028527	239.86	345.12	1.6603	1.8858	3.3558	1075.8	-0.027993	5.2860e-05	0.13060	supercritical
200.00	369.00	349.36	0.0028624	242.86	348.48	1.6771	1.8842	3.3576	1070.7	-0.027551	5.2395e-05	0.12983	supercritical
201.00	369.00	348.18	0.0028721	245.86	351.84	1.6939	1.8827	3.3594	1065.6	-0.027103	5.1939e-05	0.12906	supercritical
202.00	369.00	346.99	0.0028819	248.86	355.20	1.7105	1.8813	3.3612	1060.5	-0.026651	5.1489e-05	0.12831	supercritical
203.00	369.00	345.81	0.0028918	251.85	358.56	1.7271	1.8798	3.3630	1055.5	-0.026195	5.1046e-05	0.12756	supercritical
204.00	369.00	344.62	0.0029017	254.85	361.92	1.7437	1.8785	3.3648	1050.4	-0.025733	5.0609e-05	0.12681	supercritical
205.00	369.00	343.44	0.0029117	257.85	365.29	1.7601	1.8771	3.3666	1045.5	-0.025267	5.0180e-05	0.12608	supercritical
206.00	369.00	342.25	0.0029218	260.84	368.66	1.7765	1.8758	3.3684	1040.5	-0.024796	4.9756e-05	0.12535	supercritical
207.00	369.00	341.07	0.0029320	263.84	372.03	1.7928	1.8745	3.3702	1035.6	-0.024320	4.9340e-05	0.12462	supercritical
208.00	369.00	339.88	0.0029422	266.83	375.40	1.8091	1.8732	3.3720	1030.7	-0.023840	4.8929e-05	0.12391	supercritical
209.00	369.00	338.69	0.0029526	269.82	378.77	1.8253	1.8720	3.3738	1025.9	-0.023355	4.8525e-05	0.12319	supercritical
210.00	369.00	337.50	0.0029629	272.81	382.15	1.8414	1.8708	3.3755	1021.1	-0.022866	4.8126e-05	0.12249	supercritical
211.00	369.00	336.31	0.0029734	275.80	385.52	1.8574	1.8696	3.3773	1016.3	-0.022372	4.7733e-05	0.12179	supercritical
212.00	369.00	335.12	0.0029840	278.79	388.90	1.8734	1.8685	3.3790	1011.6	-0.021874	4.7347e-05	0.12110	supercritical
213.00	369.00	333.93	0.0029946	281.78	392.28	1.8893	1.8674	3.3808	1006.8	-0.021372	4.6965e-05	0.12042	supercritical
214.00	369.00	332.75	0.0030053	284.77	395.66	1.9051	1.8664	3.3825	1002.2	-0.020865	4.6590e-05	0.11974	supercritical
215.00	369.00	331.56	0.0030161	287.75	399.04	1.9209	1.8653	3.3842	997.51	-0.020354	4.6220e-05	0.11907	supercritical
216.00	369.00	330.37	0.0030270	290.74	402.43	1.9366	1.8643	3.3859	992.90	-0.019838	4.5855e-05	0.11840	supercritical
217.00	369.00	329.18	0.0030379	293.72	405.82	1.9523	1.8634	3.3875	988.33	-0.019319	4.5495e-05	0.11774	supercritical
218.00	369.00	327.99	0.0030489	296.70	409.21	1.9678	1.8624	3.3892	983.78	-0.018795	4.5141e-05	0.11709	supercritical
219.00	369.00	326.79	0.0030600	299.68	412.60	1.9833	1.8615	3.3908	979.28	-0.018268	4.4792e-05	0.11645	supercritical
220.00	369.00	325.60	0.0030712	302.66	415.99	1.9988	1.8607	3.3924	974.81	-0.017737	4.4448e-05	0.11581	supercritical
221.00	369.00	324.41	0.0030825	305.64	419.38	2.0142	1.8599	3.3940	970.37	-0.017201	4.4108e-05	0.11518	supercritical
222.00	369.00	323.22	0.0030938	308.61	422.77	2.0295	1.8591	3.3956	965.97	-0.016662	4.3774e-05	0.11455	supercritical
223.00	369.00	322.04	0.0031052	311.59	426.17	2.0448	1.8583	3.3971	961.61	-0.016120	4.3444e-05	0.11393	supercritical
224.00	369.00	320.85	0.0031168	314.56	429.57	2.0600	1.8576	3.3986	957.28	-0.015573	4.3119e-05	0.11332	supercritical
225.00	369.00	319.66	0.0031284	317.53	432.97	2.0751	1.8568	3.4001	952.99	-0.015024	4.2799e-05	0.11271	supercritical
226.00	369.00	318.47	0.0031400	320.50	436.37	2.0902	1.8562	3.4015	948.73	-0.014471	4.2483e-05	0.11211	supercritical
227.00	369.00	317.28	0.0031518	323.47	439.77	2.1052	1.8555	3.4030	944.51	-0.013914	4.2171e-05	0.11152	supercritical
228.00	369.00	316.09	0.0031636	326.44	443.17	2.1202	1.8549	3.4043	940.33	-0.013354	4.1864e-05	0.11093	supercritical
229.00	369.00	314.91	0.0031755	329.40	446.58	2.1351	1.8544	3.4057	936.19	-0.012792	4.1561e-05	0.11035	supercritical
230.00	369.00	313.72	0.0031876	332.37	449.99	2.1499	1.8538	3.4070	932.08	-0.012226	4.1263e-05	0.10978	supercritical
231.00	369.00	312.53	0.0031996	335.33	453.39	2.1647	1.8533	3.4083	928.01	-0.011657	4.0968e-05	0.10921	supercritical
232.00	369.00	311.35	0.0032118	338.29	456.80	2.1794	1.8528	3.4096	923.98	-0.011086	4.0678e-05	0.10865	supercritical
233.00	369.00	310.17	0.0032241	341.24	460.21	2.1941	1.8524	3.4108	919.99	-0.010512	4.0392e-05	0.10809	supercritical
234.00	369.00	308.98	0.0032364	344.20	463.62	2.2087	1.8520	3.4120	916.03	-0.0099353	4.0110e-05	0.10755	supercritical
235.00	369.00	307.80	0.0032488	347.15	467.04	2.2233	1.8516	3.4131	912.12	-0.0093563	3.9831e-05	0.10700	supercritical
236.00	369.00	306.62	0.0032613	350.11	470.45	2.2378	1.8512	3.4142	908.24	-0.0087750	3.9557e-05	0.10647	supercritical
237.00	369.00	305.44	0.0032739	353.06	473.87	2.2522	1.8509	3.4153	904.40	-0.0081915	3.9286e-05	0.10594	supercritical
238.00	369.00	304.26	0.0032866	356.01	477.28	2.2666	1.8506	3.4163	900.59	-0.0076060	3.9019e-05	0.10542	supercritical
239.00	369.00	303.09	0.0032994	358.95	480.70	2.2809	1.8503	3.4172	896.83	-0.0070186	3.8756e-05	0.10490	supercritical
240.00	369.00	301.91	0.0033122	361.89	484.12	2.2952	1.8501	3.4182	893.11	-0.0064294	3.8497e-05	0.10439	supercritical
241.00	369.00	300.74	0.0033251	364.84	487.53	2.3094	1.8499	3.4190	889.42	-0.0058386	3.8241e-05	0.10388	supercritical
242.00	369.00	299.57	0.0033382	367.78	490.95	2.3236	1.8497	3.4199	885.77	-0.0052463	3.7988e-05	0.10339	supercritical
243.00	369.00	298.40	0.0033512	370.71	494.37	2.3377	1.8496	3.4206	882.16	-0.0046526	3.7739e-05	0.10289	supercritical
244.00	369.00	297.23	0.0033644	373.65	497.79	2.3517	1.8495	3.4214	878.59	-0.0040577	3.7494e-05	0.10241	supercritical
245.00	369.00	296.06	0.0033777	376.58	501.22	2.3657	1.8494	3.4221	875.06	-0.0034617	3.7252e-05	0.10193	supercritical
246.00	369.00	294.90	0.0033910	379.51	504.64	2.3796	1.8493	3.4227	871.57	-0.0028648	3.7013e-05	0.10145	supercritical
247.00	369.00	293.73	0.0034045	382.44	508.06	2.3935	1.8493	3.4233	868.12	-0.0022671	3.6778e-05	0.10099	supercritical
248.00	369.00	292.57	0.0034180	385.36	511.49	2.4074	1.8493	3.4238	864.71	-0.0016688	3.6545e-05	0.10053	supercritical
249.00	369.00	291.41	0.0034316	388.29	514.91	2.4211	1.8493	3.4243	861.33	-0.0010700	3.6317e-05	0.10007	supercritical
250.00	369.00	290.26	0.0034452	391.20	518.33	2.4349	1.8494	3.4247	858.00	-0.00047089	3.6091e-05	0.099620	supercritical
251.00	369.00	289.10	0.0034590	394.12	521.76	2.4485	1.8495	3.4251	854.70	0.00012840	3.5868e-05	0.099177	supercritical
252.00	369.00	287.95	0.0034728	397.04	525.18	2.4622	1.8496	3.4254	851.45	0.00072770	3.5649e-05	0.098739	supercritical
253.00	369.00	286.80	0.0034868	399.95	528.61	2.4757	1.8498	3.4257	848.23	0.0013269	3.5432e-05	0.098308	supercritical
254.00	369.00	285.65	0.0035008	402.86	532.04	2.4892	1.8500	3.4259	845.05	0.0019257	3.5219e-05	0.097882	supercritical
255.00	369.00	284.51	0.0035148	405.76	535.46	2.5027	1.8502	3.4260	841.91	0.0025241	3.5008e-05	0.097462	supercritical
256.00	369.00	283.37	0.0035290	408.67	538.89	2.5161	1.8504	3.4261	838.81	0.0031219	3.4800e-05	0.097048	supercritical
257.00	369.00	282.23	0.0035432	411.57	542.31	2.5295	1.8507	3.4262	835.75	0.0037189	3.4596e-05	0.096640	supercritical
258.00	369.00	281.09	0.0035576	414.47	545.74	2.5428	1.8509	3.4261	832.72	0.0043150	3.4394e-05	0.096238	supercritical
259.00	369.00	279.96	0.0035720	417.36	549.17	2.5560	1.8513	3.4261	829.74	0.0049100	3.4195e-05	0.095841	supercritical
260.00	369.00	278.83	0.0035864	420.25	552.59	2.5692	1.8516	3.4259	826.79	0.0055038	3.3999e-05	0.095450	supercritical
261.00	369.00	277.70	0.0036010	423.14	556.02	2.5824	1.8520	3.4258	823.88	0.0060961	3.3805e-05	0.095065	supercritical
262.00	369.00	276.58	0.0036156	426.03	559.44	2.5955	1.8524	3.4255	821.01	0.0066869	3.3614e-05	0.094685	supercritical
263.00	369.00	275.46	0.0036304	428.91	562.87	2.6085	1.8528	3.4252	818.18	0.0072759	3.3426e-05	0.094311	supercritical
264.00	369.00	274.34	0.0036451	431.79	566.29	2.6215	1.8533	3.4249	815.39	0.0078630	3.3241e-05	0.093942	supercritical
265.00	369.00	273.22	0.0036600	434.66	569.72	2.6345	1.8538	3.4244	812.63	0.0084481	3.3058e-05	0.093579	supercritical
266.00	369.00	272.11	0.0036750	437.54	573.14	2.6474	1.8543	3.4240	809.92	0.0090310	3.2878e-05	0.093221	supercritical
267.00	369.00	271.01	0.0036900	440.41	576.57	2.6602	1.8548	3.4234	807.24	0.0096115	3.2700e-05	0.092869	supercritical
268.00	369.00	269.90	0.0037051	443.27	579.99	2.6730	1.8554	3.4229	804.60	0.010190	3.2525e-05	0.092522	supercritical
269.00	369.00	268.80	0.0037202	446.14	583.41	2.6858	1.8560	3.4222	801.99	0.010765	3.2352e-05	0.092181	supercritical
270.00	369.00	267.71	0.0037355	449.00	586.83	2.6985	1.8566	3.4215	799.42	0.011337	3.2182e-05	0.091844	supercritical
271.00	369.00	266.61	0.0037508	451.85	590.26	2.7111	1.8572	3.4208	796.89	0.011907	3.2014e-05	0.091514	supercritical
272.00	369.00	265.52	0.0037661	454.71	593.68	2.7237	1.8579	3.4200	794.40	0.012473	3.1849e-05	0.091188	supercritical
273.00	369.00	264.44	0.0037816	457.55	597.10	2.7363	1.8586	3.4191	791.94	0.013036	3.1686e-05	0.090867	supercritical
274.00	369.00	263.36	0.0037971	460.40	600.51	2.7488	1.8593	3.4182	789.52	0.013596	3.1525e-05	0.090552	supercritical
275.00	369.00	262.28	0.0038127	463.24	603.93	2.7612	1.8601	3.4173	787.13	0.014152	3.1367e-05	0.090241	supercritical
276.00	369.00	261.21	0.0038284	466.08	607.35	2.7736	1.8608	3.4162	784.79	0.014705	3.1210e-05	0.089936	supercritical
277.00	369.00	260.14	0.0038441	468.92	610.76	2.7860	1.8616	3.4152	782.47	0.015253	3.1057e-05	0.089636	supercritical
278.00	369.00	259.08	0.0038599	471.75	614.18	2.7983	1.8625	3.4141	780.19	0.015798	3.0905e-05	0.089341	supercritical
279.00	369.00	258.02	0.0038757	474.58	617.59	2.8105	1.8633	3.4129	777.95	0.016338	3.0756e-05	0.089050	supercritical
280.00	369.00	256.96	0.0038917	477.40	621.00	2.8227	1.8642	3.4117	775.74	0.016874	3.0608e-05	0.088765	supercritical
281.00	369.00	255.91	0.0039076	480.22	624.42	2.8349	1.8651	3.4104	773.57	0.017406	3.0463e-05	0.088484	supercritical
282.00	369.00	254.86	0.0039237	483.04	627.83	2.8470	1.8660	3.4091	771.43	0.017934	3.0320e-05	0.088208	supercritical
283.00	369.00	253.82	0.0039398	485.86	631.23	2.8591	1.8669	3.4077	769.33	0.018456	3.0179e-05	0.087937	supercritical
284.00	369.00	252.78	0.0039560	488.67	634.64	2.8711	1.8679	3.4063	767.26	0.018974	3.0040e-05	0.087670	supercritical
285.00	369.00	251.75	0.0039722	491.47	638.05	2.8831	1.8689	3.4049	765.22	0.019487	2.9904e-05	0.087408	supercritical
286.00	369.00	250.72	0.0039885	494.27	641.45	2.8950	1.8699	3.4034	763.22	0.019995	2.9769e-05	0.087151	supercritical
287.00	369.00	249.70	0.0040049	497.07	644.85	2.9069	1.8710	3.4019	761.25	0.020498	2.9636e-05	0.086898	supercritical
288.00	369.00	248.68	0.0040213	499.87	648.25	2.9187	1.8720	3.4003	759.31	0.020996	2.9505e-05	0.086650	supercritical
289.00	369.00	247.66	0.0040377	502.66	651.65	2.9305	1.8731	3.3987	757.41	0.021489	2.9376e-05	0.086406	supercritical
290.00	369.00	246.65	0.0040543	505.45	655.05	2.9422	1.8742	3.3970	755.53	0.021976	2.9250e-05	0.086167	supercritical
291.00	369.00	245.65	0.0040709	508.23	658.45	2.9539	1.8754	3.3953	753.69	0.022457	2.9125e-05	0.085932	supercritical
292.00	369.00	244.65	0.0040875	511.01	661.84	2.9655	1.8765	3.3936	751.89	0.022933	2.9001e-05	0.085701	supercritical
293.00	369.00	243.65	0.0041042	513.79	665.24	2.9771	1.8777	3.3919	750.11	0.023404	2.8880e-05	0.085475	supercritical
294.00	369.00	242.66	0.0041209	516.56	668.63	2.9887	1.8789	3.3901	748.36	0.023868	2.8761e-05	0.085253	supercritical
295.00	369.00	241.68	0.0041377	519.33	672.02	3.0002	1.8802	3.3882	746.64	0.024327	2.8643e-05	0.085035	supercritical
296.00	369.00	240.70	0.0041546	522.10	675.40	3.0117	1.8814	3.3864	744.96	0.024780	2.8527e-05	0.084821	supercritical
297.00	369.00	239.72	0.0041715	524.86	678.79	3.0231	1.8827	3.3845	743.30	0.025226	2.8413e-05	0.084611	supercritical
298.00	369.00	238.75	0.0041884	527.62	682.17	3.0345	1.8840	3.3826	741.68	0.025667	2.8300e-05	0.084406	supercritical
299.00	369.00	237.79	0.0042054	530.37	685.55	3.0458	1.8853	3.3806	740.08	0.026102	2.8190e-05	0.084204	supercritical
300.00	369.00	236.83	0.0042224	533.12	688.93	3.0571	1.8867	3.3786	738.51	0.026530	2.8081e-05	0.084006	supercritical
301.00	369.00	235.88	0.0042395	535.87	692.31	3.0683	1.8880	3.3766	736.98	0.026952	2.7973e-05	0.083813	supercritical
302.00	369.00	234.93	0.0042567	538.62	695.69	3.0795	1.8894	3.3746	735.47	0.027368	2.7868e-05	0.083623	supercritical
303.00	369.00	233.98	0.0042738	541.36	699.06	3.0907	1.8908	3.3726	733.98	0.027778	2.7764e-05	0.083437	supercritical
304.00	369.00	233.04	0.0042910	544.09	702.43	3.1018	1.8923	3.3705	732.53	0.028181	2.7661e-05	0.083255	supercritical
305.00	369.00	232.11	0.0043083	546.82	705.80	3.1128	1.8937	3.3684	731.10	0.028578	2.7560e-05	0.083076	supercritical
306.00	369.00	231.18	0.0043256	549.55	709.17	3.1239	1.8952	3.3663	729.70	0.028968	2.7461e-05	0.082901	supercritical
307.00	369.00	230.26	0.0043430	552.28	712.53	3.1348	1.8967	3.3642	728.33	0.029352	2.7363e-05	0.082730	supercritical
308.00	369.00	229.34	0.0043603	555.00	715.90	3.1458	1.8982	3.3621	726.98	0.029729	2.7267e-05	0.082563	supercritical
309.00	369.00	228.43	0.0043778	557.72	719.26	3.1567	1.8998	3.3599	725.66	0.030099	2.7172e-05	0.082399	supercritical
310.00	369.00	227.52	0.0043952	560.43	722.62	3.1675	1.9013	3.3578	724.37	0.030463	2.7079e-05	0.082239	supercritical
311.00	369.00	226.62	0.0044127	563.14	725.97	3.1783	1.9029	3.3556	723.10	0.030821	2.6987e-05	0.082082	supercritical
312.00	369.00	225.72	0.0044302	565.85	729.33	3.1891	1.9045	3.3534	721.86	0.031171	2.6897e-05	0.081928	supercritical
313.00	369.00	224.83	0.0044478	568.56	732.68	3.1998	1.9061	3.3512	720.64	0.031515	2.6808e-05	0.081778	supercritical
314.00	369.00	223.94	0.0044654	571.26	736.03	3.2105	1.9078	3.3490	719.44	0.031853	2.6721e-05	0.081632	supercritical
315.00	369.00	223.06	0.0044830	573.95	739.38	3.2212	1.9094	3.3468	718.27	0.032183	2.6635e-05	0.081488	supercritical
316.00	369.00	222.19	0.0045007	576.65	742.72	3.2318	1.9111	3.3446	717.12	0.032507	2.6550e-05	0.081349	supercritical
317.00	369.00	221.32	0.0045184	579.34	746.07	3.2423	1.9128	3.3424	716.00	0.032824	2.6467e-05	0.081212	supercritical
318.00	369.00	220.45	0.0045361	582.02	749.41	3.2529	1.9145	3.3401	714.90	0.033135	2.6385e-05	0.081078	supercritical
319.00	369.00	219.59	0.0045539	584.71	752.75	3.2633	1.9163	3.3379	713.82	0.033439	2.6304e-05	0.080948	supercritical
320.00	369.00	218.74	0.0045717	587.39	756.08	3.2738	1.9181	3.3357	712.77	0.033736	2.6224e-05	0.080821	supercritical
321.00	369.00	217.89	0.0045895	590.07	759.42	3.2842	1.9198	3.3335	711.74	0.034027	2.6146e-05	0.080697	supercritical
322.00	369.00	217.04	0.0046074	592.74	762.75	3.2945	1.9216	3.3312	710.73	0.034310	2.6069e-05	0.080576	supercritical
323.00	369.00	216.21	0.0046252	595.41	766.08	3.3049	1.9235	3.3290	709.74	0.034588	2.5994e-05	0.080459	supercritical
324.00	369.00	215.37	0.0046431	598.08	769.41	3.3152	1.9253	3.3268	708.77	0.034858	2.5919e-05	0.080344	supercritical
325.00	369.00	214.54	0.0046610	600.74	772.73	3.3254	1.9272	3.3246	707.82	0.035122	2.5846e-05	0.080232	supercritical
326.00	369.00	213.72	0.0046790	603.40	776.06	3.3356	1.9291	3.3224	706.90	0.035379	2.5774e-05	0.080123	supercritical
327.00	369.00	212.90	0.0046970	606.06	779.38	3.3458	1.9310	3.3202	705.99	0.035630	2.5704e-05	0.080017	supercritical
328.00	369.00	212.09	0.0047150	608.72	782.70	3.3559	1.9329	3.3180	705.11	0.035874	2.5634e-05	0.079914	supercritical
329.00	369.00	211.28	0.0047330	611.37	786.02	3.3660	1.9348	3.3158	704.24	0.036112	2.5565e-05	0.079814	supercritical
330.00	369.00	210.48	0.0047510	614.02	789.33	3.3761	1.9368	3.3136	703.39	0.036343	2.5498e-05	0.079716	supercritical
331.00	369.00	209.68	0.0047691	616.66	792.64	3.3861	1.9387	3.3115	702.57	0.036568	2.5432e-05	0.079622	supercritical
332.00	369.00	208.89	0.0047871	619.31	795.95	3.3961	1.9407	3.3093	701.76	0.036786	2.5367e-05	0.079530	supercritical
333.00	369.00	208.11	0.0048052	621.95	799.26	3.4060	1.9428	3.3072	700.97	0.036998	2.5303e-05	0.079441	supercritical
334.00	369.00	207.33	0.0048233	624.59	802.57	3.4160	1.9448	3.3051	700.20	0.037204	2.5240e-05	0.079354	supercritical
335.00	369.00	206.55	0.0048415	627.22	805.87	3.4258	1.9468	3.3030	699.45	0.037403	2.5178e-05	0.079270	supercritical
336.00	369.00	205.78	0.0048596	629.85	809.17	3.4357	1.9489	3.3009	698.71	0.037596	2.5117e-05	0.079189	supercritical
337.00	369.00	205.01	0.0048778	632.48	812.47	3.4455	1.9510	3.2988	697.99	0.037783	2.5057e-05	0.079111	supercritical
338.00	369.00	204.25	0.0048960	635.11	815.77	3.4553	1.9531	3.2967	697.29	0.037963	2.4998e-05	0.079035	supercritical
339.00	369.00	203.49	0.0049142	637.73	819.07	3.4650	1.9552	3.2947	696.61	0.038138	2.4940e-05	0.078961	supercritical
340.00	369.00	202.74	0.0049324	640.36	822.36	3.4747	1.9573	3.2926	695.94	0.038306	2.4883e-05	0.078890	supercritical
341.00	369.00	202.00	0.0049506	642.97	825.65	3.4844	1.9595	3.2906	695.29	0.038468	2.4827e-05	0.078822	supercritical
342.00	369.00	201.25	0.0049688	645.59	828.94	3.4940	1.9617	3.2886	694.66	0.038624	2.4773e-05	0.078756	supercritical
343.00	369.00	200.52	0.0049871	648.21	832.23	3.5036	1.9639	3.2867	694.04	0.038775	2.4719e-05	0.078693	supercritical
344.00	369.00	199.79	0.0050053	650.82	835.51	3.5132	1.9661	3.2847	693.44	0.038919	2.4665e-05	0.078631	supercritical
345.00	369.00	199.06	0.0050236	653.43	838.80	3.5227	1.9683	3.2828	692.85	0.039058	2.4613e-05	0.078573	supercritical
346.00	369.00	198.34	0.0050419	656.03	842.08	3.5322	1.9705	3.2809	692.28	0.039191	2.4562e-05	0.078516	supercritical
347.00	369.00	197.62	0.0050602	658.64	845.36	3.5417	1.9728	3.2790	691.73	0.039318	2.4512e-05	0.078462	supercritical
348.00	369.00	196.91	0.0050785	661.24	848.64	3.5511	1.9751	3.2772	691.19	0.039439	2.4462e-05	0.078411	supercritical
349.00	369.00	196.20	0.0050968	663.84	851.91	3.5605	1.9774	3.2753	690.66	0.039555	2.4414e-05	0.078361	supercritical
350.00	369.00	195.50	0.0051151	666.44	855.19	3.5699	1.9797	3.2735	690.15	0.039666	2.4366e-05	0.078314	supercritical
351.00	369.00	194.80	0.0051335	669.04	858.46	3.5792	1.9820	3.2717	689.65	0.039771	2.4319e-05	0.078269	supercritical
352.00	369.00	194.11	0.0051518	671.63	861.73	3.5885	1.9843	3.2700	689.16	0.039870	2.4273e-05	0.078226	supercritical
353.00	369.00	193.42	0.0051701	674.22	865.00	3.5978	1.9867	3.2682	688.69	0.039964	2.4228e-05	0.078186	supercritical
354.00	369.00	192.73	0.0051885	676.81	868.27	3.6070	1.9891	3.2665	688.24	0.040053	2.4183e-05	0.078147	supercritical
355.00	369.00	192.06	0.0052068	679.40	871.53	3.6162	1.9914	3.2648	687.79	0.040137	2.4140e-05	0.078111	supercritical
356.00	369.00	191.38	0.0052252	681.99	874.80	3.6254	1.9938	3.2632	687.36	0.040215	2.4097e-05	0.078077	supercritical
357.00	369.00	190.71	0.0052436	684.57	878.06	3.6346	1.9963	3.2616	686.94	0.040288	2.4055e-05	0.078045	supercritical
358.00	369.00	190.04	0.0052619	687.16	881.32	3.6437	1.9987	3.2600	686.54	0.040357	2.4013e-05	0.078015	supercritical
359.00	369.00	189.38	0.0052803	689.74	884.58	3.6528	2.0011	3.2584	686.14	0.040420	2.3973e-05	0.077987	supercritical
360.00	369.00	188.73	0.0052987	692.32	887.84	3.6618	2.0036	3.2569	685.76	0.040478	2.3933e-05	0.077961	supercritical
361.00	369.00	188.07	0.0053171	694.89	891.09	3.6709	2.0061	3.2553	685.39	0.040532	2.3894e-05	0.077938	supercritical
362.00	369.00	187.43	0.0053355	697.47	894.35	3.6799	2.0086	3.2539	685.03	0.040581	2.3856e-05	0.077916	supercritical
363.00	369.00	186.78	0.0053538	700.05	897.60	3.6888	2.0111	3.2524	684.69	0.040625	2.3818e-05	0.077896	supercritical
364.00	369.00	186.14	0.0053722	702.62	900.85	3.6978	2.0136	3.2510	684.35	0.040664	2.3781e-05	0.077878	supercritical
365.00	369.00	185.51	0.0053906	705.19	904.10	3.7067	2.0161	3.2496	684.03	0.040699	2.3745e-05	0.077862	supercritical
366.00	369.00	184.88	0.0054090	707.76	907.35	3.7156	2.0187	3.2482	683.72	0.040729	2.3709e-05	0.077848	supercritical
367.00	369.00	184.25	0.0054274	710.33	910.60	3.7245	2.0212	3.2469	683.42	0.040755	2.3674e-05	0.077836	supercritical
368.00	369.00	183.63	0.0054458	712.90	913.85	3.7333	2.0238	3.2456	683.12	0.040776	2.3640e-05	0.077826	supercritical
369.00	369.00	183.01	0.0054642	715.46	917.09	3.7421	2.0264	3.2443	682.84	0.040794	2.3606e-05	0.077817	supercritical
370.00	369.00	182.40	0.0054826	718.03	920.34	3.7509	2.0290	3.2431	682.57	0.040807	2.3573e-05	0.077811	supercritical
371.00	369.00	181.79	0.0055010	720.59	923.58	3.7596	2.0316	3.2419	682.32	0.040815	2.3541e-05	0.077806	supercritical
372.00	369.00	181.18	0.0055194	723.15	926.82	3.7683	2.0343	3.2407	682.07	0.040820	2.3509e-05	0.077803	supercritical
373.00	369.00	180.58	0.0055378	725.72	930.06	3.7770	2.0369	3.2395	681.83	0.040820	2.3478e-05	0.077802	supercritical
374.00	369.00	179.98	0.0055562	728.28	933.30	3.7857	2.0396	3.2384	681.60	0.040817	2.3448e-05	0.077802	supercritical
375.00	369.00	179.39	0.0055746	730.84	936.54	3.7944	2.0422	3.2373	681.37	0.040810	2.3418e-05	0.077805	supercritical
376.00	369.00	178.80	0.0055929	733.39	939.77	3.8030	2.0449	3.2363	681.16	0.040798	2.3389e-05	0.077809	supercritical
377.00	369.00	178.21	0.0056113	735.95	943.01	3.8116	2.0476	3.2352	680.96	0.040783	2.3360e-05	0.077815	supercritical
378.00	369.00	177.63	0.0056297	738.51	946.24	3.8201	2.0503	3.2342	680.77	0.040765	2.3332e-05	0.077822	supercritical
379.00	369.00	177.05	0.0056481	741.06	949.48	3.8287	2.0531	3.2333	680.58	0.040742	2.3305e-05	0.077832	supercritical
380.00	369.00	176.48	0.0056665	743.62	952.71	3.8372	2.0558	3.2324	680.41	0.040716	2.3278e-05	0.077842	supercritical
381.00	369.00	175.91	0.0056848	746.17	955.94	3.8457	2.0585	3.2315	680.24	0.040687	2.3251e-05	0.077855	supercritical
382.00	369.00	175.34	0.0057032	748.72	959.17	3.8542	2.0613	3.2306	680.08	0.040654	2.3225e-05	0.077869	supercritical
383.00	369.00	174.78	0.0057216	751.28	962.40	3.8626	2.0641	3.2298	679.93	0.040617	2.3200e-05	0.077885	supercritical
384.00	369.00	174.22	0.0057399	753.83	965.63	3.8710	2.0668	3.2290	679.79	0.040578	2.3175e-05	0.077902	supercritical
385.00	369.00	173.66	0.0057583	756.38	968.86	3.8794	2.0696	3.2282	679.66	0.040535	2.3151e-05	0.077921	supercritical
386.00	369.00	173.11	0.0057767	758.93	972.09	3.8878	2.0724	3.2275	679.53	0.040488	2.3127e-05	0.077942	supercritical
387.00	369.00	172.56	0.0057950	761.48	975.32	3.8962	2.0753	3.2268	679.42	0.040439	2.3104e-05	0.077964	supercritical
388.00	369.00	172.02	0.0058133	764.03	978.54	3.9045	2.0781	3.2261	679.31	0.040386	2.3081e-05	0.077988	supercritical
389.00	369.00	171.48	0.0058317	766.58	981.77	3.9128	2.0809	3.2254	679.20	0.040331	2.3059e-05	0.078013	supercritical
390.00	369.00	170.94	0.0058500	769.13	984.99	3.9211	2.0838	3.2248	679.11	0.040272	2.3037e-05	0.078040	supercritical
391.00	369.00	170.41	0.0058683	771.68	988.22	3.9293	2.0867	3.2243	679.02	0.040210	2.3016e-05	0.078068	supercritical
392.00	369.00	169.88	0.0058867	774.22	991.44	3.9376	2.0895	3.2237	678.94	0.040146	2.2995e-05	0.078097	supercritical
393.00	369.00	169.35	0.0059050	776.77	994.67	3.9458	2.0924	3.2232	678.87	0.040079	2.2974e-05	0.078129	supercritical
394.00	369.00	168.83	0.0059233	779.32	997.89	3.9540	2.0953	3.2227	678.80	0.040009	2.2955e-05	0.078161	supercritical
395.00	369.00	168.31	0.0059416	781.87	1001.1	3.9621	2.0982	3.2223	678.74	0.039936	2.2935e-05	0.078195	supercritical
396.00	369.00	167.79	0.0059599	784.41	1004.3	3.9703	2.1011	3.2218	678.69	0.039861	2.2916e-05	0.078231	supercritical
397.00	369.00	167.28	0.0059782	786.96	1007.6	3.9784	2.1041	3.2214	678.64	0.039783	2.2897e-05	0.078268	supercritical
398.00	369.00	166.76	0.0059965	789.51	1010.8	3.9865	2.1070	3.2211	678.60	0.039702	2.2879e-05	0.078306	supercritical
399.00	369.00	166.26	0.0060147	792.05	1014.0	3.9946	2.1099	3.2208	678.57	0.039619	2.2862e-05	0.078346	supercritical
400.00	369.00	165.75	0.0060330	794.60	1017.2	4.0027	2.1129	3.2205	678.54	0.039534	2.2844e-05	0.078387	supercritical
401.00	369.00	165.25	0.0060513	797.15	1020.4	4.0107	2.1159	3.2202	678.52	0.039446	2.2828e-05	0.078430	supercritical
402.00	369.00	164.76	0.0060695	799.69	1023.7	4.0187	2.1188	3.2199	678.51	0.039356	2.2811e-05	0.078474	supercritical
403.00	369.00	164.26	0.0060878	802.24	1026.9	4.0267	2.1218	3.2197	678.50	0.039263	2.2795e-05	0.078519	supercritical
404.00	369.00	163.77	0.0061060	804.79	1030.1	4.0347	2.1248	3.2196	678.49	0.039169	2.2779e-05	0.078565	supercritical
405.00	369.00	163.29	0.0061242	807.33	1033.3	4.0427	2.1278	3.2194	678.50	0.039072	2.2764e-05	0.078613	supercritical
406.00	369.00	162.80	0.0061425	809.88	1036.5	4.0506	2.1308	3.2193	678.51	0.038973	2.2749e-05	0.078662	supercritical
407.00	369.00	162.32	0.0061607	812.43	1039.8	4.0585	2.1339	3.2192	678.52	0.038872	2.2735e-05	0.078713	supercritical
408.00	369.00	161.84	0.0061789	814.97	1043.0	4.0664	2.1369	3.2191	678.54	0.038769	2.2721e-05	0.078765	supercritical
409.00	369.00	161.37	0.0061971	817.52	1046.2	4.0743	2.1399	3.2191	678.57	0.038664	2.2707e-05	0.078818	supercritical
410.00	369.00	160.89	0.0062153	820.07	1049.4	4.0822	2.1430	3.2191	678.60	0.038556	2.2694e-05	0.078872	supercritical
411.00	369.00	160.42	0.0062335	822.62	1052.6	4.0900	2.1460	3.2191	678.63	0.038448	2.2681e-05	0.078927	supercritical
412.00	369.00	159.96	0.0062516	825.17	1055.9	4.0978	2.1491	3.2192	678.67	0.038337	2.2668e-05	0.078984	supercritical
413.00	369.00	159.49	0.0062698	827.71	1059.1	4.1056	2.1522	3.2193	678.72	0.038224	2.2656e-05	0.079042	supercritical
414.00	369.00	159.03	0.0062880	830.26	1062.3	4.1134	2.1553	3.2194	678.77	0.038110	2.2644e-05	0.079101	supercritical
415.00	369.00	158.58	0.0063061	832.81	1065.5	4.1212	2.1584	3.2195	678.83	0.037994	2.2632e-05	0.079162	supercritical
416.00	369.00	158.12	0.0063242	835.36	1068.7	4.1289	2.1615	3.2197	678.89	0.037876	2.2621e-05	0.079223	supercritical
417.00	369.00	157.67	0.0063424	837.92	1071.9	4.1367	2.1646	3.2199	678.95	0.037756	2.2610e-05	0.079286	supercritical
418.00	369.00	157.22	0.0063605	840.47	1075.2	4.1444	2.1677	3.2201	679.02	0.037635	2.2600e-05	0.079350	supercritical
419.00	369.00	156.77	0.0063786	843.02	1078.4	4.1521	2.1708	3.2204	679.10	0.037513	2.2590e-05	0.079415	supercritical
420.00	369.00	156.33	0.0063967	845.57	1081.6	4.1597	2.1739	3.2207	679.18	0.037389	2.2580e-05	0.079482	supercritical
421.00	369.00	155.89	0.0064148	848.12	1084.8	4.1674	2.1771	3.2210	679.26	0.037263	2.2570e-05	0.079549	supercritical
422.00	369.00	155.45	0.0064329	850.68	1088.1	4.1750	2.1802	3.2213	679.35	0.037136	2.2561e-05	0.079618	supercritical
423.00	369.00	155.02	0.0064510	853.23	1091.3	4.1827	2.1834	3.2217	679.44	0.037008	2.2552e-05	0.079688	supercritical
424.00	369.00	154.58	0.0064690	855.79	1094.5	4.1903	2.1866	3.2221	679.54	0.036878	2.2543e-05	0.079758	supercritical
425.00	369.00	154.15	0.0064871	858.34	1097.7	4.1979	2.1897	3.2225	679.64	0.036747	2.2535e-05	0.079830	supercritical
426.00	369.00	153.73	0.0065051	860.90	1100.9	4.2054	2.1929	3.2229	679.75	0.036614	2.2527e-05	0.079903	supercritical
427.00	369.00	153.30	0.0065232	863.46	1104.2	4.2130	2.1961	3.2234	679.86	0.036481	2.2519e-05	0.079977	supercritical
428.00	369.00	152.88	0.0065412	866.02	1107.4	4.2205	2.1993	3.2239	679.97	0.036346	2.2512e-05	0.080053	supercritical
429.00	369.00	152.46	0.0065592	868.58	1110.6	4.2281	2.2025	3.2244	680.09	0.036210	2.2504e-05	0.080129	supercritical
430.00	369.00	152.04	0.0065772	871.14	1113.8	4.2356	2.2057	3.2250	680.21	0.036072	2.2498e-05	0.080206	supercritical
431.00	369.00	151.63	0.0065952	873.70	1117.1	4.2431	2.2089	3.2255	680.34	0.035934	2.2491e-05	0.080285	supercritical
432.00	369.00	151.21	0.0066132	876.26	1120.3	4.2505	2.2121	3.2261	680.47	0.035795	2.2485e-05	0.080364	supercritical
433.00	369.00	150.80	0.0066312	878.82	1123.5	4.2580	2.2153	3.2267	680.60	0.035654	2.2478e-05	0.080444	supercritical
434.00	369.00	150.40	0.0066491	881.39	1126.7	4.2654	2.2186	3.2274	680.73	0.035512	2.2473e-05	0.080526	supercritical
435.00	369.00	149.99	0.0066671	883.95	1130.0	4.2729	2.2218	3.2281	680.87	0.035370	2.2467e-05	0.080608	supercritical
436.00	369.00	149.59	0.0066850	886.52	1133.2	4.2803	2.2250	3.2287	681.02	0.035227	2.2462e-05	0.080692	supercritical
437.00	369.00	149.19	0.0067030	889.09	1136.4	4.2877	2.2283	3.2295	681.16	0.035082	2.2457e-05	0.080776	supercritical
438.00	369.00	148.79	0.0067209	891.65	1139.7	4.2951	2.2315	3.2302	681.31	0.034937	2.2452e-05	0.080862	supercritical
439.00	369.00	148.39	0.0067388	894.22	1142.9	4.3024	2.2348	3.2310	681.47	0.034791	2.2448e-05	0.080948	supercritical
440.00	369.00	148.00	0.0067567	896.79	1146.1	4.3098	2.2381	3.2318	681.63	0.034644	2.2443e-05	0.081036	supercritical
441.00	369.00	147.61	0.0067746	899.37	1149.3	4.3171	2.2413	3.2326	681.79	0.034496	2.2439e-05	0.081124	supercritical
442.00	369.00	147.22	0.0067925	901.94	1152.6	4.3244	2.2446	3.2334	681.95	0.034347	2.2435e-05	0.081213	supercritical
443.00	369.00	146.83	0.0068104	904.51	1155.8	4.3317	2.2479	3.2343	682.12	0.034198	2.2432e-05	0.081304	supercritical
444.00	369.00	146.45	0.0068282	907.09	1159.1	4.3390	2.2512	3.2351	682.29	0.034048	2.2429e-05	0.081395	supercritical
445.00	369.00	146.07	0.0068461	909.67	1162.3	4.3463	2.2545	3.2360	682.46	0.033897	2.2426e-05	0.081487	supercritical
446.00	369.00	145.69	0.0068639	912.24	1165.5	4.3536	2.2578	3.2370	682.63	0.033745	2.2423e-05	0.081580	supercritical
447.00	369.00	145.31	0.0068818	914.82	1168.8	4.3608	2.2611	3.2379	682.81	0.033593	2.2420e-05	0.081674	supercritical
448.00	369.00	144.94	0.0068996	917.40	1172.0	4.3681	2.2644	3.2389	682.99	0.033440	2.2418e-05	0.081769	supercritical
449.00	369.00	144.56	0.0069174	919.99	1175.2	4.3753	2.2677	3.2399	683.18	0.033287	2.2416e-05	0.081865	supercritical
450.00	369.00	144.19	0.0069352	922.57	1178.5	4.3825	2.2710	3.2409	683.37	0.033133	2.2414e-05	0.081961	supercritical
451.00	369.00	143.82	0.0069530	925.15	1181.7	4.3897	2.2744	3.2419	683.56	0.032979	2.2412e-05	0.082059	supercritical
452.00	369.00	143.46	0.0069708	927.74	1185.0	4.3969	2.2777	3.2430	683.75	0.032824	2.2410e-05	0.082157	supercritical
453.00	369.00	143.09	0.0069886	930.33	1188.2	4.4040	2.2810	3.2440	683.94	0.032668	2.2409e-05	0.082257	supercritical
454.00	369.00	142.73	0.0070063	932.92	1191.5	4.4112	2.2844	3.2451	684.14	0.032512	2.2408e-05	0.082357	supercritical
455.00	369.00	142.37	0.0070241	935.51	1194.7	4.4183	2.2877	3.2462	684.34	0.032355	2.2407e-05	0.082458	supercritical
456.00	369.00	142.01	0.0070418	938.10	1197.9	4.4255	2.2911	3.2474	684.55	0.032198	2.2406e-05	0.082560	supercritical
457.00	369.00	141.65	0.0070595	940.69	1201.2	4.4326	2.2944	3.2485	684.75	0.032041	2.2406e-05	0.082662	supercritical
458.00	369.00	141.30	0.0070773	943.29	1204.4	4.4397	2.2978	3.2497	684.96	0.031883	2.2406e-05	0.082766	supercritical
459.00	369.00	140.94	0.0070950	945.89	1207.7	4.4468	2.3011	3.2509	685.17	0.031725	2.2405e-05	0.082870	supercritical
460.00	369.00	140.59	0.0071127	948.48	1210.9	4.4539	2.3045	3.2521	685.38	0.031566	2.2406e-05	0.082976	supercritical
461.00	369.00	140.25	0.0071304	951.08	1214.2	4.4609	2.3079	3.2534	685.60	0.031407	2.2406e-05	0.083082	supercritical
462.00	369.00	139.90	0.0071480	953.69	1217.4	4.4680	2.3113	3.2546	685.82	0.031248	2.2406e-05	0.083188	supercritical
463.00	369.00	139.55	0.0071657	956.29	1220.7	4.4750	2.3146	3.2559	686.04	0.031089	2.2407e-05	0.083296	supercritical
464.00	369.00	139.21	0.0071834	958.89	1224.0	4.4820	2.3180	3.2572	686.26	0.030929	2.2408e-05	0.083405	supercritical
465.00	369.00	138.87	0.0072010	961.50	1227.2	4.4890	2.3214	3.2585	686.49	0.030769	2.2409e-05	0.083514	supercritical
466.00	369.00	138.53	0.0072186	964.11	1230.5	4.4960	2.3248	3.2598	686.71	0.030608	2.2410e-05	0.083624	supercritical
467.00	369.00	138.19	0.0072363	966.72	1233.7	4.5030	2.3282	3.2611	686.94	0.030448	2.2411e-05	0.083735	supercritical
468.00	369.00	137.86	0.0072539	969.33	1237.0	4.5100	2.3316	3.2625	687.17	0.030287	2.2413e-05	0.083846	supercritical
469.00	369.00	137.52	0.0072715	971.94	1240.3	4.5170	2.3350	3.2639	687.41	0.030126	2.2415e-05	0.083958	supercritical
470.00	369.00	137.19	0.0072891	974.56	1243.5	4.5239	2.3384	3.2653	687.64	0.029964	2.2416e-05	0.084072	supercritical
471.00	369.00	136.86	0.0073067	977.18	1246.8	4.5309	2.3418	3.2667	687.88	0.029803	2.2419e-05	0.084185	supercritical
472.00	369.00	136.53	0.0073242	979.80	1250.1	4.5378	2.3452	3.2681	688.12	0.029641	2.2421e-05	0.084300	supercritical
473.00	369.00	136.21	0.0073418	982.42	1253.3	4.5447	2.3486	3.2696	688.36	0.029480	2.2423e-05	0.084415	supercritical
474.00	369.00	135.88	0.0073594	985.04	1256.6	4.5516	2.3521	3.2711	688.60	0.029318	2.2426e-05	0.084531	supercritical
475.00	369.00	135.56	0.0073769	987.66	1259.9	4.5585	2.3555	3.2725	688.85	0.029156	2.2428e-05	0.084648	supercritical
476.00	369.00	135.24	0.0073944	990.29	1263.1	4.5654	2.3589	3.2740	689.10	0.028994	2.2431e-05	0.084766	supercritical
477.00	369.00	134.92	0.0074120	992.92	1266.4	4.5723	2.3623	3.2756	689.34	0.028832	2.2434e-05	0.084884	supercritical
478.00	369.00	134.60	0.0074295	995.55	1269.7	4.5791	2.3658	3.2771	689.60	0.028669	2.2437e-05	0.085003	supercritical
479.00	369.00	134.28	0.0074470	998.18	1273.0	4.5860	2.3692	3.2786	689.85	0.028507	2.2441e-05	0.085122	supercritical
480.00	369.00	133.97	0.0074645	1000.8	1276.3	4.5928	2.3726	3.2802	690.10	0.028345	2.2444e-05	0.085243	supercritical
481.00	369.00	133.65	0.0074820	1003.4	1279.5	4.5997	2.3761	3.2818	690.36	0.028182	2.2448e-05	0.085364	supercritical
482.00	369.00	133.34	0.0074994	1006.1	1282.8	4.6065	2.3795	3.2834	690.62	0.028020	2.2452e-05	0.085485	supercritical
483.00	369.00	133.03	0.0075169	1008.7	1286.1	4.6133	2.3830	3.2850	690.88	0.027858	2.2456e-05	0.085608	supercritical
484.00	369.00	132.73	0.0075343	1011.4	1289.4	4.6201	2.3864	3.2866	691.14	0.027695	2.2460e-05	0.085731	supercritical
485.00	369.00	132.42	0.0075518	1014.0	1292.7	4.6269	2.3899	3.2883	691.40	0.027533	2.2464e-05	0.085855	supercritical
486.00	369.00	132.11	0.0075692	1016.7	1296.0	4.6336	2.3933	3.2899	691.66	0.027371	2.2468e-05	0.085979	supercritical
487.00	369.00	131.81	0.0075866	1019.3	1299.3	4.6404	2.3968	3.2916	691.93	0.027208	2.2473e-05	0.086104	supercritical
488.00	369.00	131.51	0.0076041	1022.0	1302.5	4.6472	2.4003	3.2933	692.20	0.027046	2.2477e-05	0.086230	supercritical
489.00	369.00	131.21	0.0076215	1024.6	1305.8	4.6539	2.4037	3.2950	692.47	0.026884	2.2482e-05	0.086356	supercritical
490.00	369.00	130.91	0.0076389	1027.3	1309.1	4.6606	2.4072	3.2967	692.74	0.026722	2.2487e-05	0.086483	supercritical
491.00	369.00	130.61	0.0076562	1029.9	1312.4	4.6674	2.4106	3.2985	693.01	0.026560	2.2492e-05	0.086611	supercritical
492.00	369.00	130.32	0.0076736	1032.6	1315.7	4.6741	2.4141	3.3002	693.28	0.026398	2.2497e-05	0.086740	supercritical
493.00	369.00	130.02	0.0076910	1035.2	1319.0	4.6808	2.4176	3.3020	693.56	0.026236	2.2502e-05	0.086868	supercritical
494.00	369.00	129.73	0.0077083	1037.9	1322.3	4.6875	2.4211	3.3037	693.84	0.026074	2.2508e-05	0.086998	supercritical
495.00	369.00	129.44	0.0077257	1040.6	1325.6	4.6941	2.4245	3.3055	694.11	0.025912	2.2513e-05	0.087128	supercritical
496.00	369.00	129.15	0.0077430	1043.2	1328.9	4.7008	2.4280	3.3073	694.39	0.025751	2.2519e-05	0.087259	supercritical
497.00	369.00	128.86	0.0077603	1045.9	1332.3	4.7075	2.4315	3.3091	694.67	0.025590	2.2525e-05	0.087391	supercritical
498.00	369.00	128.57	0.0077776	1048.6	1335.6	4.7141	2.4350	3.3110	694.96	0.025428	2.2531e-05	0.087523	supercritical
499.00	369.00	128.29	0.0077949	1051.2	1338.9	4.7208	2.4385	3.3128	695.24	0.025267	2.2537e-05	0.087655	supercritical
500.00	369.00	128.00	0.0078122	1053.9	1342.2	4.7274	2.4419	3.3147	695.52	0.025107	2.2543e-05	0.087789	supercritical
501.00	369.00	127.72	0.0078295	1056.6	1345.5	4.7340	2.4454	3.3165	695.81	0.024946	2.2549e-05	0.087922	supercritical
502.00	369.00	127.44	0.0078468	1059.3	1348.8	4.7407	2.4489	3.3184	696.10	0.024785	2.2555e-05	0.088057	supercritical
503.00	369.00	127.16	0.0078641	1062.0	1352.1	4.7473	2.4524	3.3203	696.38	0.024625	2.2562e-05	0.088192	supercritical
504.00	369.00	126.88	0.0078813	1064.6	1355.5	4.7539	2.4559	3.3222	696.67	0.024465	2.2568e-05	0.088328	supercritical
505.00	369.00	126.61	0.0078986	1067.3	1358.8	4.7604	2.4594	3.3241	696.97	0.024305	2.2575e-05	0.088464	supercritical
506.00	369.00	126.33	0.0079158	1070.0	1362.1	4.7670	2.4629	3.3261	697.26	0.024145	2.2582e-05	0.088601	supercritical
507.00	369.00	126.06	0.0079330	1072.7	1365.4	4.7736	2.4664	3.3280	697.55	0.023986	2.2589e-05	0.088738	supercritical
508.00	369.00	125.78	0.0079502	1075.4	1368.8	4.7802	2.4699	3.3299	697.85	0.023826	2.2596e-05	0.088876	supercritical
509.00	369.00	125.51	0.0079674	1078.1	1372.1	4.7867	2.4734	3.3319	698.14	0.023667	2.2603e-05	0.089014	supercritical
510.00	369.00	125.24	0.0079846	1080.8	1375.4	4.7932	2.4769	3.3339	698.44	0.023509	2.2610e-05	0.089153	supercritical
511.00	369.00	124.97	0.0080018	1083.5	1378.8	4.7998	2.4804	3.3359	698.74	0.023350	2.2618e-05	0.089293	supercritical
512.00	369.00	124.70	0.0080190	1086.2	1382.1	4.8063	2.4839	3.3379	699.03	0.023192	2.2625e-05	0.089433	supercritical
513.00	369.00	124.44	0.0080362	1088.9	1385.4	4.8128	2.4874	3.3399	699.33	0.023034	2.2633e-05	0.089574	supercritical
514.00	369.00	124.17	0.0080533	1091.6	1388.8	4.8193	2.4909	3.3419	699.63	0.022876	2.2640e-05	0.089715	supercritical
515.00	369.00	123.91	0.0080705	1094.3	1392.1	4.8258	2.4944	3.3439	699.94	0.022718	2.2648e-05	0.089857	supercritical
516.00	369.00	123.65	0.0080876	1097.0	1395.5	4.8323	2.4979	3.3460	700.24	0.022561	2.2656e-05	0.089999	supercritical
517.00	369.00	123.38	0.0081048	1099.8	1398.8	4.8388	2.5015	3.3480	700.54	0.022404	2.2664e-05	0.090142	supercritical
518.00	369.00	123.12	0.0081219	1102.5	1402.2	4.8453	2.5050	3.3501	700.85	0.022247	2.2672e-05	0.090285	supercritical
519.00	369.00	122.87	0.0081390	1105.2	1405.5	4.8517	2.5085	3.3522	701.15	0.022091	2.2680e-05	0.090429	supercritical
520.00	369.00	122.61	0.0081561	1107.9	1408.9	4.8582	2.5120	3.3543	701.46	0.021935	2.2688e-05	0.090574	supercritical
521.00	369.00	122.35	0.0081732	1110.6	1412.2	4.8646	2.5155	3.3564	701.77	0.021779	2.2697e-05	0.090719	supercritical
522.00	369.00	122.10	0.0081903	1113.4	1415.6	4.8711	2.5190	3.3585	702.08	0.021624	2.2705e-05	0.090864	supercritical
523.00	369.00	121.84	0.0082074	1116.1	1418.9	4.8775	2.5225	3.3606	702.39	0.021469	2.2714e-05	0.091010	supercritical
524.00	369.00	121.59	0.0082244	1118.8	1422.3	4.8839	2.5261	3.3627	702.70	0.021314	2.2722e-05	0.091156	supercritical
525.00	369.00	121.34	0.0082415	1121.6	1425.7	4.8903	2.5296	3.3648	703.01	0.021159	2.2731e-05	0.091303	supercritical
526.00	369.00	121.09	0.0082585	1124.3	1429.0	4.8967	2.5331	3.3670	703.32	0.021005	2.2740e-05	0.091451	supercritical
527.00	369.00	120.84	0.0082756	1127.0	1432.4	4.9031	2.5366	3.3691	703.64	0.020851	2.2749e-05	0.091599	supercritical
528.00	369.00	120.59	0.0082926	1129.8	1435.8	4.9095	2.5402	3.3713	703.95	0.020698	2.2758e-05	0.091747	supercritical
529.00	369.00	120.34	0.0083096	1132.5	1439.1	4.9159	2.5437	3.3735	704.27	0.020544	2.2767e-05	0.091896	supercritical
530.00	369.00	120.10	0.0083266	1135.3	1442.5	4.9223	2.5472	3.3757	704.58	0.020392	2.2776e-05	0.092045	supercritical
531.00	369.00	119.85	0.0083436	1138.0	1445.9	4.9286	2.5507	3.3779	704.90	0.020239	2.2785e-05	0.092195	supercritical
532.00	369.00	119.61	0.0083606	1140.8	1449.3	4.9350	2.5542	3.3801	705.21	0.020087	2.2794e-05	0.092346	supercritical
533.00	369.00	119.37	0.0083776	1143.5	1452.7	4.9413	2.5578	3.3823	705.53	0.019935	2.2804e-05	0.092496	supercritical
534.00	369.00	119.12	0.0083946	1146.3	1456.0	4.9477	2.5613	3.3845	705.85	0.019784	2.2813e-05	0.092648	supercritical
535.00	369.00	118.88	0.0084116	1149.0	1459.4	4.9540	2.5648	3.3867	706.17	0.019632	2.2823e-05	0.092800	supercritical
536.00	369.00	118.64	0.0084285	1151.8	1462.8	4.9603	2.5683	3.3890	706.49	0.019482	2.2832e-05	0.092952	supercritical
537.00	369.00	118.41	0.0084455	1154.6	1466.2	4.9667	2.5719	3.3912	706.81	0.019331	2.2842e-05	0.093104	supercritical
538.00	369.00	118.17	0.0084624	1157.3	1469.6	4.9730	2.5754	3.3935	707.14	0.019181	2.2852e-05	0.093258	supercritical
539.00	369.00	117.93	0.0084794	1160.1	1473.0	4.9793	2.5789	3.3957	707.46	0.019032	2.2861e-05	0.093411	supercritical
540.00	369.00	117.70	0.0084963	1162.9	1476.4	4.9856	2.5825	3.3980	707.78	0.018882	2.2871e-05	0.093565	supercritical
541.00	369.00	117.46	0.0085132	1165.7	1479.8	4.9919	2.5860	3.4003	708.10	0.018734	2.2881e-05	0.093720	supercritical
542.00	369.00	117.23	0.0085301	1168.4	1483.2	4.9981	2.5895	3.4026	708.43	0.018585	2.2891e-05	0.093875	supercritical
543.00	369.00	117.00	0.0085470	1171.2	1486.6	5.0044	2.5930	3.4049	708.75	0.018437	2.2902e-05	0.094030	supercritical
544.00	369.00	116.77	0.0085639	1174.0	1490.0	5.0107	2.5966	3.4072	709.08	0.018289	2.2912e-05	0.094186	supercritical
545.00	369.00	116.54	0.0085808	1176.8	1493.4	5.0169	2.6001	3.4095	709.41	0.018142	2.2922e-05	0.094342	supercritical
546.00	369.00	116.31	0.0085977	1179.6	1496.8	5.0232	2.6036	3.4118	709.73	0.017995	2.2932e-05	0.094499	supercritical
547.00	369.00	116.08	0.0086145	1182.4	1500.2	5.0294	2.6072	3.4141	710.06	0.017848	2.2943e-05	0.094656	supercritical
548.00	369.00	115.86	0.0086314	1185.1	1503.6	5.0357	2.6107	3.4165	710.39	0.017702	2.2953e-05	0.094813	supercritical
549.00	369.00	115.63	0.0086483	1187.9	1507.1	5.0419	2.6142	3.4188	710.72	0.017556	2.2964e-05	0.094971	supercritical
550.00	369.00	115.41	0.0086651	1190.7	1510.5	5.0481	2.6178	3.4212	711.05	0.017411	2.2975e-05	0.095130	supercritical
551.00	369.00	115.18	0.0086819	1193.5	1513.9	5.0544	2.6213	3.4235	711.38	0.017266	2.2985e-05	0.095289	supercritical
552.00	369.00	114.96	0.0086988	1196.3	1517.3	5.0606	2.6248	3.4259	711.71	0.017121	2.2996e-05	0.095448	supercritical
553.00	369.00	114.74	0.0087156	1199.2	1520.8	5.0668	2.6283	3.4283	712.04	0.016977	2.3007e-05	0.095607	supercritical
554.00	369.00	114.52	0.0087324	1202.0	1524.2	5.0730	2.6319	3.4306	712.37	0.016834	2.3018e-05	0.095767	supercritical
555.00	369.00	114.30	0.0087492	1204.8	1527.6	5.0792	2.6354	3.4330	712.71	0.016690	2.3029e-05	0.095928	supercritical
556.00	369.00	114.08	0.0087660	1207.6	1531.1	5.0853	2.6389	3.4354	713.04	0.016547	2.3040e-05	0.096089	supercritical
557.00	369.00	113.86	0.0087828	1210.4	1534.5	5.0915	2.6425	3.4378	713.37	0.016405	2.3051e-05	0.096250	supercritical
558.00	369.00	113.64	0.0087995	1213.2	1537.9	5.0977	2.6460	3.4402	713.71	0.016263	2.3062e-05	0.096412	supercritical
559.00	369.00	113.43	0.0088163	1216.1	1541.4	5.1038	2.6495	3.4426	714.04	0.016121	2.3073e-05	0.096574	supercritical
560.00	369.00	113.21	0.0088331	1218.9	1544.8	5.1100	2.6531	3.4451	714.38	0.015980	2.3084e-05	0.096736	supercritical
561.00	369.00	113.00	0.0088498	1221.7	1548.3	5.1161	2.6566	3.4475	714.71	0.015839	2.3096e-05	0.096899	supercritical
562.00	369.00	112.78	0.0088666	1224.5	1551.7	5.1223	2.6601	3.4499	715.05	0.015698	2.3107e-05	0.097062	supercritical
563.00	369.00	112.57	0.0088833	1227.4	1555.2	5.1284	2.6636	3.4524	715.39	0.015558	2.3119e-05	0.097226	supercritical
564.00	369.00	112.36	0.0089000	1230.2	1558.6	5.1346	2.6672	3.4548	715.72	0.015418	2.3130e-05	0.097390	supercritical
565.00	369.00	112.15	0.0089167	1233.0	1562.1	5.1407	2.6707	3.4573	716.06	0.015279	2.3142e-05	0.097554	supercritical
566.00	369.00	111.94	0.0089335	1235.9	1565.5	5.1468	2.6742	3.4597	716.40	0.015140	2.3153e-05	0.097719	supercritical
567.00	369.00	111.73	0.0089502	1238.7	1569.0	5.1529	2.6778	3.4622	716.74	0.015002	2.3165e-05	0.097884	supercritical
568.00	369.00	111.52	0.0089669	1241.6	1572.5	5.1590	2.6813	3.4647	717.08	0.014864	2.3177e-05	0.098050	supercritical
569.00	369.00	111.31	0.0089836	1244.4	1575.9	5.1651	2.6848	3.4671	717.42	0.014727	2.3188e-05	0.098215	supercritical
570.00	369.00	111.11	0.0090002	1247.3	1579.4	5.1712	2.6883	3.4696	717.76	0.014590	2.3200e-05	0.098382	supercritical
571.00	369.00	110.90	0.0090169	1250.1	1582.9	5.1773	2.6919	3.4721	718.10	0.014453	2.3212e-05	0.098548	supercritical
572.00	369.00	110.70	0.0090336	1253.0	1586.3	5.1833	2.6954	3.4746	718.44	0.014317	2.3224e-05	0.098715	supercritical
573.00	369.00	110.49	0.0090502	1255.9	1589.8	5.1894	2.6989	3.4771	718.78	0.014181	2.3236e-05	0.098883	supercritical
574.00	369.00	110.29	0.0090669	1258.7	1593.3	5.1955	2.7024	3.4796	719.12	0.014045	2.3248e-05	0.099050	supercritical
575.00	369.00	110.09	0.0090835	1261.6	1596.8	5.2015	2.7060	3.4821	719.46	0.013910	2.3260e-05	0.099218	supercritical
576.00	369.00	109.89	0.0091002	1264.5	1600.3	5.2076	2.7095	3.4846	719.80	0.013776	2.3272e-05	0.099387	supercritical
577.00	369.00	109.69	0.0091168	1267.3	1603.7	5.2136	2.7130	3.4872	720.15	0.013642	2.3284e-05	0.099555	supercritical
578.00	369.00	109.49	0.0091334	1270.2	1607.2	5.2197	2.7165	3.4897	720.49	0.013508	2.3297e-05	0.099725	supercritical
579.00	369.00	109.29	0.0091500	1273.1	1610.7	5.2257	2.7200	3.4922	720.83	0.013375	2.3309e-05	0.099894	supercritical
580.00	369.00	109.09	0.0091666	1276.0	1614.2	5.2317	2.7236	3.4947	721.18	0.013242	2.3321e-05	0.10006	supercritical
581.00	369.00	108.89	0.0091832	1278.8	1617.7	5.2378	2.7271	3.4973	721.52	0.013110	2.3334e-05	0.10023	supercritical
582.00	369.00	108.70	0.0091998	1281.7	1621.2	5.2438	2.7306	3.4998	721.87	0.012978	2.3346e-05	0.10040	supercritical
583.00	369.00	108.50	0.0092164	1284.6	1624.7	5.2498	2.7341	3.5024	722.21	0.012846	2.3359e-05	0.10058	supercritical
584.00	369.00	108.31	0.0092330	1287.5	1628.2	5.2558	2.7376	3.5049	722.56	0.012715	2.3371e-05	0.10075	supercritical
585.00	369.00	108.11	0.0092496	1290.4	1631.7	5.2618	2.7412	3.5075	722.90	0.012584	2.3384e-05	0.10092	supercritical
586.00	369.00	107.92	0.0092661	1293.3	1635.2	5.2678	2.7447	3.5101	723.25	0.012454	2.3396e-05	0.10109	supercritical
587.00	369.00	107.73	0.0092827	1296.2	1638.7	5.2738	2.7482	3.5126	723.59	0.012324	2.3409e-05	0.10126	supercritical
588.00	369.00	107.54	0.0092992	1299.1	1642.3	5.2798	2.7517	3.5152	723.94	0.012195	2.3422e-05	0.10143	supercritical
589.00	369.00	107.35	0.0093158	1302.0	1645.8	5.2857	2.7552	3.5178	724.29	0.012066	2.3435e-05	0.10161	supercritical
590.00	369.00	107.15	0.0093323	1304.9	1649.3	5.2917	2.7587	3.5204	724.63	0.011937	2.3447e-05	0.10178	supercritical
591.00	369.00	106.97	0.0093488	1307.8	1652.8	5.2977	2.7622	3.5230	724.98	0.011809	2.3460e-05	0.10195	supercritical
592.00	369.00	106.78	0.0093653	1310.8	1656.3	5.3036	2.7657	3.5256	725.33	0.011682	2.3473e-05	0.10213	supercritical
593.00	369.00	106.59	0.0093818	1313.7	1659.9	5.3096	2.7693	3.5282	725.68	0.011554	2.3486e-05	0.10230	supercritical
594.00	369.00	106.40	0.0093984	1316.6	1663.4	5.3155	2.7728	3.5308	726.03	0.011428	2.3499e-05	0.10248	supercritical
595.00	369.00	106.22	0.0094149	1319.5	1666.9	5.3215	2.7763	3.5334	726.37	0.011301	2.3512e-05	0.10265	supercritical
596.00	369.00	106.03	0.0094313	1322.4	1670.5	5.3274	2.7798	3.5360	726.72	0.011175	2.3525e-05	0.10283	supercritical
597.00	369.00	105.84	0.0094478	1325.4	1674.0	5.3333	2.7833	3.5386	727.07	0.011050	2.3538e-05	0.10300	supercritical
598.00	369.00	105.66	0.0094643	1328.3	1677.5	5.3393	2.7868	3.5412	727.42	0.010925	2.3551e-05	0.10318	supercritical
599.00	369.00	105.48	0.0094808	1331.2	1681.1	5.3452	2.7903	3.5439	727.77	0.010800	2.3565e-05	0.10335	supercritical
600.00	369.00	105.29	0.0094972	1334.2	1684.6	5.3511	2.7938	3.5465	728.12	0.010676	2.3578e-05	0.10353	supercritical
601.00	369.00	105.11	0.0095137	1337.1	1688.2	5.3570	2.7973	3.5491	728.47	0.010552	2.3591e-05	0.10371	supercritical
602.00	369.00	104.93	0.0095301	1340.1	1691.7	5.3629	2.8008	3.5517	728.82	0.010429	2.3604e-05	0.10388	supercritical
603.00	369.00	104.75	0.0095466	1343.0	1695.3	5.3688	2.8043	3.5544	729.17	0.010306	2.3618e-05	0.10406	supercritical
604.00	369.00	104.57	0.0095630	1346.0	1698.8	5.3747	2.8078	3.5570	729.52	0.010183	2.3631e-05	0.10424	supercritical
605.00	369.00	104.39	0.0095794	1348.9	1702.4	5.3806	2.8113	3.5597	729.87	0.010061	2.3645e-05	0.10441	supercritical
606.00	369.00	104.21	0.0095959	1351.9	1705.9	5.3865	2.8148	3.5623	730.22	0.0099395	2.3658e-05	0.10459	supercritical
607.00	369.00	104.03	0.0096123	1354.8	1709.5	5.3923	2.8183	3.5650	730.58	0.0098182	2.3672e-05	0.10477	supercritical
608.00	369.00	103.86	0.0096287	1357.8	1713.1	5.3982	2.8218	3.5676	730.93	0.0096974	2.3685e-05	0.10495	supercritical
609.00	369.00	103.68	0.0096451	1360.7	1716.6	5.4041	2.8253	3.5703	731.28	0.0095770	2.3699e-05	0.10513	supercritical
610.00	369.00	103.50	0.0096615	1363.7	1720.2	5.4099	2.8288	3.5730	731.63	0.0094570	2.3712e-05	0.10531	supercritical
611.00	369.00	103.33	0.0096779	1366.7	1723.8	5.4158	2.8323	3.5756	731.98	0.0093375	2.3726e-05	0.10549	supercritical
612.00	369.00	103.15	0.0096943	1369.6	1727.4	5.4216	2.8358	3.5783	732.34	0.0092184	2.3739e-05	0.10567	supercritical
613.00	369.00	102.98	0.0097106	1372.6	1730.9	5.4275	2.8392	3.5810	732.69	0.0090997	2.3753e-05	0.10585	supercritical
614.00	369.00	102.81	0.0097270	1375.6	1734.5	5.4333	2.8427	3.5837	733.04	0.0089814	2.3767e-05	0.10603	supercritical
615.00	369.00	102.63	0.0097434	1378.6	1738.1	5.4392	2.8462	3.5863	733.39	0.0088635	2.3781e-05	0.10621	supercritical
616.00	369.00	102.46	0.0097597	1381.6	1741.7	5.4450	2.8497	3.5890	733.75	0.0087461	2.3795e-05	0.10639	supercritical
617.00	369.00	102.29	0.0097761	1384.6	1745.3	5.4508	2.8532	3.5917	734.10	0.0086290	2.3808e-05	0.10657	supercritical
618.00	369.00	102.12	0.0097924	1387.5	1748.9	5.4566	2.8567	3.5944	734.45	0.0085124	2.3822e-05	0.10675	supercritical
619.00	369.00	101.95	0.0098088	1390.5	1752.5	5.4624	2.8602	3.5971	734.81	0.0083962	2.3836e-05	0.10693	supercritical
620.00	369.00	101.78	0.0098251	1393.5	1756.1	5.4682	2.8636	3.5998	735.16	0.0082805	2.3850e-05	0.10712	supercritical
621.00	369.00	101.61	0.0098414	1396.5	1759.7	5.4740	2.8671	3.6025	735.52	0.0081651	2.3864e-05	0.10730	supercritical
622.00	369.00	101.44	0.0098577	1399.5	1763.3	5.4798	2.8706	3.6052	735.87	0.0080502	2.3878e-05	0.10748	supercritical
623.00	369.00	101.28	0.0098740	1402.5	1766.9	5.4856	2.8741	3.6079	736.22	0.0079356	2.3892e-05	0.10766	supercritical
624.00	369.00	101.11	0.0098904	1405.5	1770.5	5.4914	2.8775	3.6106	736.58	0.0078215	2.3906e-05	0.10785	supercritical
625.00	369.00	100.94	0.0099067	1408.6	1774.1	5.4972	2.8810	3.6133	736.93	0.0077078	2.3920e-05	0.10803	supercritical
