Temperature (K)	Pressure (bar)	Density (kg/m3)	Volume (m3/kg)	Internal Energy (kJ/kg)	Enthalpy (kJ/kg)	Entropy (J/g*K)	Cv (J/g*K)	Cp (J/g*K)	Sound Spd. (m/s)	Joule-Thomson (K/bar)	Viscosity (Pa*s)	Therm. Cond. (W/m*K)	Phase
105.00	553.00	465.76	0.0021470	-52.423	66.308	-0.52945	2.2050	3.2056	1750.5	-0.052024	0.00023452	0.24059	liquid
106.00	553.00	464.77	0.0021516	-49.470	69.514	-0.49907	2.2008	3.2053	1744.5	-0.051973	0.00022770	0.23958	liquid
107.00	553.00	463.78	0.0021562	-46.519	72.719	-0.46897	2.1966	3.2051	1738.6	-0.051920	0.00022126	0.23857	liquid
108.00	553.00	462.79	0.0021608	-43.569	75.924	-0.43916	2.1924	3.2048	1732.6	-0.051867	0.00021518	0.23755	liquid
109.00	553.00	461.80	0.0021654	-40.620	79.128	-0.40962	2.1883	3.2045	1726.7	-0.051812	0.00020942	0.23652	liquid
110.00	553.00	460.81	0.0021701	-37.672	82.333	-0.38036	2.1842	3.2043	1720.7	-0.051755	0.00020396	0.23549	liquid
111.00	553.00	459.83	0.0021747	-34.726	85.537	-0.35136	2.1801	3.2040	1714.8	-0.051698	0.00019878	0.23445	liquid
112.00	553.00	458.84	0.0021794	-31.780	88.741	-0.32263	2.1760	3.2038	1708.9	-0.051639	0.00019386	0.23341	liquid
113.00	553.00	457.85	0.0021841	-28.837	91.945	-0.29415	2.1720	3.2035	1702.9	-0.051579	0.00018919	0.23236	liquid
114.00	553.00	456.87	0.0021888	-25.894	95.148	-0.26593	2.1680	3.2032	1697.0	-0.051518	0.00018474	0.23131	liquid
115.00	553.00	455.88	0.0021936	-22.953	98.351	-0.23795	2.1641	3.2030	1691.1	-0.051455	0.00018051	0.23025	liquid
116.00	553.00	454.90	0.0021983	-20.013	101.55	-0.21022	2.1601	3.2027	1685.2	-0.051392	0.00017646	0.22919	liquid
117.00	553.00	453.91	0.0022031	-17.074	104.76	-0.18273	2.1562	3.2024	1679.3	-0.051327	0.00017261	0.22813	liquid
118.00	553.00	452.93	0.0022079	-14.137	107.96	-0.15548	2.1523	3.2021	1673.4	-0.051261	0.00016892	0.22706	liquid
119.00	553.00	451.94	0.0022127	-11.201	111.16	-0.12846	2.1484	3.2018	1667.5	-0.051194	0.00016540	0.22600	liquid
120.00	553.00	450.96	0.0022175	-8.2661	114.36	-0.10167	2.1445	3.2015	1661.6	-0.051126	0.00016202	0.22493	liquid
121.00	553.00	449.97	0.0022224	-5.3329	117.56	-0.075098	2.1407	3.2012	1655.7	-0.051057	0.00015879	0.22386	liquid
122.00	553.00	448.99	0.0022272	-2.4012	120.76	-0.048753	2.1369	3.2008	1649.9	-0.050986	0.00015569	0.22279	liquid
123.00	553.00	448.01	0.0022321	0.52911	123.97	-0.022625	2.1331	3.2005	1644.0	-0.050915	0.00015271	0.22172	liquid
124.00	553.00	447.02	0.0022370	3.4579	127.17	0.0032891	2.1293	3.2001	1638.2	-0.050842	0.00014985	0.22064	liquid
125.00	553.00	446.04	0.0022420	6.3853	130.37	0.028992	2.1256	3.1998	1632.4	-0.050767	0.00014710	0.21957	liquid
126.00	553.00	445.06	0.0022469	9.3112	133.57	0.054487	2.1218	3.1994	1626.5	-0.050692	0.00014446	0.21850	liquid
127.00	553.00	444.07	0.0022519	12.236	136.76	0.079778	2.1181	3.1991	1620.7	-0.050615	0.00014191	0.21743	liquid
128.00	553.00	443.09	0.0022569	15.158	139.96	0.10487	2.1145	3.1987	1615.0	-0.050537	0.00013946	0.21636	liquid
129.00	553.00	442.11	0.0022619	18.080	143.16	0.12976	2.1108	3.1983	1609.2	-0.050458	0.00013709	0.21529	liquid
130.00	553.00	441.13	0.0022669	20.999	146.36	0.15445	2.1072	3.1979	1603.4	-0.050378	0.00013481	0.21422	liquid
131.00	553.00	440.15	0.0022720	23.918	149.56	0.17896	2.1035	3.1976	1597.7	-0.050296	0.00013260	0.21315	liquid
132.00	553.00	439.16	0.0022771	26.834	152.75	0.20327	2.0999	3.1972	1592.0	-0.050212	0.00013047	0.21208	liquid
133.00	553.00	438.18	0.0022821	29.749	155.95	0.22740	2.0964	3.1968	1586.2	-0.050128	0.00012841	0.21102	liquid
134.00	553.00	437.20	0.0022873	32.662	159.15	0.25135	2.0928	3.1964	1580.5	-0.050042	0.00012642	0.20996	liquid
135.00	553.00	436.22	0.0022924	35.574	162.34	0.27511	2.0893	3.1960	1574.8	-0.049954	0.00012449	0.20890	liquid
136.00	553.00	435.24	0.0022976	38.484	165.54	0.29869	2.0858	3.1956	1569.2	-0.049866	0.00012262	0.20784	liquid
137.00	553.00	434.26	0.0023028	41.393	168.74	0.32210	2.0823	3.1952	1563.5	-0.049775	0.00012080	0.20678	liquid
138.00	553.00	433.28	0.0023080	44.300	171.93	0.34534	2.0789	3.1948	1557.9	-0.049684	0.00011904	0.20573	liquid
139.00	553.00	432.30	0.0023132	47.205	175.13	0.36841	2.0755	3.1944	1552.3	-0.049590	0.00011734	0.20468	liquid
140.00	553.00	431.32	0.0023185	50.108	178.32	0.39130	2.0721	3.1940	1546.7	-0.049496	0.00011568	0.20364	liquid
141.00	553.00	430.34	0.0023238	53.010	181.51	0.41404	2.0687	3.1936	1541.1	-0.049399	0.00011407	0.20259	liquid
142.00	553.00	429.36	0.0023291	55.910	184.71	0.43660	2.0654	3.1932	1535.5	-0.049302	0.00011251	0.20155	liquid
143.00	553.00	428.38	0.0023344	58.809	187.90	0.45901	2.0620	3.1928	1529.9	-0.049202	0.00011099	0.20051	liquid
144.00	553.00	427.40	0.0023397	61.705	191.09	0.48126	2.0588	3.1924	1524.4	-0.049102	0.00010951	0.19948	liquid
145.00	553.00	426.42	0.0023451	64.600	194.28	0.50335	2.0555	3.1920	1518.9	-0.048999	0.00010807	0.19845	liquid
146.00	553.00	425.44	0.0023505	67.493	197.48	0.52529	2.0523	3.1916	1513.4	-0.048895	0.00010667	0.19742	liquid
147.00	553.00	424.46	0.0023559	70.385	200.67	0.54707	2.0490	3.1912	1507.9	-0.048790	0.00010530	0.19640	liquid
148.00	553.00	423.48	0.0023614	73.275	203.86	0.56871	2.0459	3.1908	1502.4	-0.048682	0.00010397	0.19538	liquid
149.00	553.00	422.50	0.0023668	76.163	207.05	0.59019	2.0427	3.1905	1497.0	-0.048573	0.00010267	0.19437	liquid
150.00	553.00	421.52	0.0023723	79.049	210.24	0.61153	2.0396	3.1901	1491.6	-0.048463	0.00010141	0.19336	liquid
151.00	553.00	420.55	0.0023779	81.934	213.43	0.63273	2.0365	3.1897	1486.2	-0.048351	0.00010018	0.19235	liquid
152.00	553.00	419.57	0.0023834	84.817	216.62	0.65378	2.0334	3.1894	1480.8	-0.048237	9.8971e-05	0.19135	liquid
153.00	553.00	418.59	0.0023890	87.698	219.81	0.67469	2.0304	3.1890	1475.4	-0.048121	9.7795e-05	0.19035	liquid
154.00	553.00	417.61	0.0023946	90.577	223.00	0.69547	2.0273	3.1886	1470.0	-0.048004	9.6646e-05	0.18936	liquid
155.00	553.00	416.63	0.0024002	93.454	226.19	0.71610	2.0244	3.1883	1464.7	-0.047885	9.5524e-05	0.18837	liquid
156.00	553.00	415.65	0.0024059	96.330	229.37	0.73661	2.0214	3.1879	1459.4	-0.047764	9.4428e-05	0.18739	liquid
157.00	553.00	414.68	0.0024115	99.204	232.56	0.75698	2.0185	3.1876	1454.1	-0.047642	9.3356e-05	0.18641	liquid
158.00	553.00	413.70	0.0024172	102.08	235.75	0.77721	2.0156	3.1873	1448.8	-0.047517	9.2308e-05	0.18544	liquid
159.00	553.00	412.72	0.0024230	104.95	238.94	0.79732	2.0127	3.1870	1443.6	-0.047391	9.1283e-05	0.18447	liquid
160.00	553.00	411.74	0.0024287	107.82	242.12	0.81730	2.0099	3.1866	1438.3	-0.047264	9.0280e-05	0.18351	liquid
161.00	553.00	410.76	0.0024345	110.68	245.31	0.83716	2.0071	3.1863	1433.1	-0.047134	8.9298e-05	0.18255	liquid
162.00	553.00	409.79	0.0024403	113.55	248.50	0.85688	2.0043	3.1860	1427.9	-0.047003	8.8337e-05	0.18159	liquid
163.00	553.00	408.81	0.0024461	116.41	251.68	0.87649	2.0015	3.1857	1422.8	-0.046869	8.7396e-05	0.18064	liquid
164.00	553.00	407.83	0.0024520	119.27	254.87	0.89597	1.9988	3.1855	1417.6	-0.046734	8.6475e-05	0.17970	liquid
165.00	553.00	406.86	0.0024579	122.13	258.05	0.91534	1.9961	3.1852	1412.5	-0.046598	8.5572e-05	0.17876	liquid
166.00	553.00	405.88	0.0024638	124.99	261.24	0.93458	1.9934	3.1849	1407.4	-0.046459	8.4687e-05	0.17783	liquid
167.00	553.00	404.90	0.0024697	127.85	264.42	0.95371	1.9908	3.1846	1402.3	-0.046319	8.3820e-05	0.17690	liquid
168.00	553.00	403.93	0.0024757	130.70	267.61	0.97272	1.9882	3.1844	1397.2	-0.046176	8.2970e-05	0.17598	liquid
169.00	553.00	402.95	0.0024817	133.55	270.79	0.99162	1.9856	3.1841	1392.1	-0.046032	8.2137e-05	0.17506	liquid
170.00	553.00	401.97	0.0024877	136.40	273.98	1.0104	1.9831	3.1839	1387.1	-0.045886	8.1319e-05	0.17415	liquid
171.00	553.00	401.00	0.0024938	139.25	277.16	1.0291	1.9806	3.1837	1382.1	-0.045738	8.0517e-05	0.17324	liquid
172.00	553.00	400.02	0.0024999	142.10	280.34	1.0476	1.9781	3.1835	1377.1	-0.045589	7.9731e-05	0.17234	liquid
173.00	553.00	399.05	0.0025060	144.95	283.53	1.0661	1.9757	3.1832	1372.1	-0.045437	7.8958e-05	0.17145	liquid
174.00	553.00	398.07	0.0025121	147.79	286.71	1.0844	1.9732	3.1830	1367.2	-0.045284	7.8201e-05	0.17056	liquid
175.00	553.00	397.10	0.0025183	150.63	289.89	1.1027	1.9709	3.1828	1362.3	-0.045129	7.7457e-05	0.16968	liquid
176.00	553.00	396.12	0.0025245	153.47	293.07	1.1208	1.9685	3.1827	1357.4	-0.044971	7.6726e-05	0.16880	liquid
177.00	553.00	395.15	0.0025307	156.31	296.26	1.1389	1.9662	3.1825	1352.5	-0.044812	7.6009e-05	0.16793	liquid
178.00	553.00	394.17	0.0025370	159.15	299.44	1.1568	1.9639	3.1823	1347.6	-0.044652	7.5305e-05	0.16706	liquid
179.00	553.00	393.20	0.0025432	161.98	302.62	1.1746	1.9616	3.1821	1342.8	-0.044489	7.4613e-05	0.16620	liquid
180.00	553.00	392.23	0.0025495	164.81	305.80	1.1923	1.9594	3.1820	1338.0	-0.044324	7.3933e-05	0.16534	liquid
181.00	553.00	391.25	0.0025559	167.64	308.99	1.2100	1.9572	3.1818	1333.2	-0.044158	7.3265e-05	0.16449	liquid
182.00	553.00	390.28	0.0025623	170.47	312.17	1.2275	1.9550	3.1817	1328.4	-0.043989	7.2608e-05	0.16365	liquid
183.00	553.00	389.31	0.0025687	173.30	315.35	1.2449	1.9529	3.1816	1323.7	-0.043819	7.1963e-05	0.16281	liquid
184.00	553.00	388.33	0.0025751	176.13	318.53	1.2623	1.9508	3.1815	1318.9	-0.043647	7.1329e-05	0.16198	liquid
185.00	553.00	387.36	0.0025816	178.95	321.71	1.2795	1.9487	3.1814	1314.2	-0.043473	7.0705e-05	0.16115	liquid
186.00	553.00	386.39	0.0025881	181.77	324.89	1.2967	1.9466	3.1812	1309.6	-0.043297	7.0091e-05	0.16033	liquid
187.00	553.00	385.42	0.0025946	184.59	328.07	1.3137	1.9446	3.1811	1304.9	-0.043120	6.9488e-05	0.15952	liquid
188.00	553.00	384.45	0.0026011	187.41	331.26	1.3307	1.9427	3.1811	1300.3	-0.042940	6.8895e-05	0.15871	liquid
189.00	553.00	383.48	0.0026077	190.23	334.44	1.3476	1.9407	3.1810	1295.7	-0.042759	6.8311e-05	0.15791	liquid
190.00	553.00	382.51	0.0026143	193.04	337.62	1.3643	1.9388	3.1809	1291.1	-0.042576	6.7737e-05	0.15711	liquid
191.00	553.00	381.54	0.0026210	195.86	340.80	1.3810	1.9369	3.1808	1286.5	-0.042391	6.7172e-05	0.15632	supercritical
192.00	553.00	380.57	0.0026277	198.67	343.98	1.3977	1.9350	3.1808	1281.9	-0.042204	6.6616e-05	0.15553	supercritical
193.00	553.00	379.60	0.0026344	201.48	347.16	1.4142	1.9332	3.1807	1277.4	-0.042015	6.6069e-05	0.15475	supercritical
194.00	553.00	378.63	0.0026411	204.29	350.34	1.4306	1.9314	3.1807	1272.9	-0.041825	6.5531e-05	0.15398	supercritical
195.00	553.00	377.66	0.0026479	207.09	353.52	1.4470	1.9297	3.1807	1268.5	-0.041633	6.5001e-05	0.15321	supercritical
196.00	553.00	376.69	0.0026547	209.90	356.70	1.4632	1.9279	3.1806	1264.0	-0.041439	6.4479e-05	0.15244	supercritical
197.00	553.00	375.72	0.0026615	212.70	359.88	1.4794	1.9262	3.1806	1259.6	-0.041243	6.3965e-05	0.15168	supercritical
198.00	553.00	374.76	0.0026684	215.50	363.06	1.4955	1.9246	3.1806	1255.2	-0.041045	6.3459e-05	0.15093	supercritical
199.00	553.00	373.79	0.0026753	218.30	366.24	1.5115	1.9230	3.1806	1250.8	-0.040846	6.2961e-05	0.15019	supercritical
200.00	553.00	372.82	0.0026822	221.10	369.42	1.5275	1.9214	3.1806	1246.4	-0.040645	6.2470e-05	0.14945	supercritical
201.00	553.00	371.86	0.0026892	223.89	372.61	1.5434	1.9198	3.1806	1242.1	-0.040442	6.1987e-05	0.14871	supercritical
202.00	553.00	370.89	0.0026962	226.69	375.79	1.5591	1.9183	3.1806	1237.8	-0.040238	6.1511e-05	0.14798	supercritical
203.00	553.00	369.93	0.0027032	229.48	378.97	1.5748	1.9167	3.1806	1233.5	-0.040032	6.1042e-05	0.14726	supercritical
204.00	553.00	368.97	0.0027103	232.27	382.15	1.5905	1.9153	3.1807	1229.2	-0.039824	6.0580e-05	0.14655	supercritical
205.00	553.00	368.00	0.0027174	235.06	385.33	1.6060	1.9138	3.1807	1225.0	-0.039614	6.0125e-05	0.14583	supercritical
206.00	553.00	367.04	0.0027245	237.84	388.51	1.6215	1.9124	3.1807	1220.8	-0.039403	5.9676e-05	0.14513	supercritical
207.00	553.00	366.08	0.0027317	240.63	391.69	1.6369	1.9111	3.1808	1216.6	-0.039190	5.9234e-05	0.14443	supercritical
208.00	553.00	365.12	0.0027388	243.41	394.87	1.6522	1.9097	3.1808	1212.4	-0.038976	5.8799e-05	0.14374	supercritical
209.00	553.00	364.16	0.0027461	246.19	398.05	1.6675	1.9084	3.1809	1208.3	-0.038760	5.8369e-05	0.14305	supercritical
210.00	553.00	363.20	0.0027533	248.97	401.23	1.6827	1.9071	3.1809	1204.1	-0.038542	5.7946e-05	0.14237	supercritical
211.00	553.00	362.24	0.0027606	251.75	404.41	1.6978	1.9059	3.1810	1200.0	-0.038323	5.7529e-05	0.14169	supercritical
212.00	553.00	361.28	0.0027679	254.53	407.59	1.7128	1.9047	3.1811	1196.0	-0.038102	5.7118e-05	0.14102	supercritical
213.00	553.00	360.32	0.0027753	257.30	410.77	1.7278	1.9035	3.1811	1191.9	-0.037880	5.6712e-05	0.14036	supercritical
214.00	553.00	359.37	0.0027827	260.07	413.96	1.7427	1.9023	3.1812	1187.9	-0.037656	5.6313e-05	0.13970	supercritical
215.00	553.00	358.41	0.0027901	262.84	417.14	1.7575	1.9012	3.1813	1183.9	-0.037431	5.5918e-05	0.13904	supercritical
216.00	553.00	357.46	0.0027976	265.61	420.32	1.7723	1.9001	3.1814	1179.9	-0.037204	5.5530e-05	0.13840	supercritical
217.00	553.00	356.50	0.0028050	268.38	423.50	1.7870	1.8991	3.1815	1176.0	-0.036976	5.5146e-05	0.13776	supercritical
218.00	553.00	355.55	0.0028126	271.15	426.68	1.8016	1.8980	3.1816	1172.0	-0.036747	5.4768e-05	0.13712	supercritical
219.00	553.00	354.59	0.0028201	273.91	429.86	1.8162	1.8970	3.1817	1168.1	-0.036516	5.4396e-05	0.13649	supercritical
220.00	553.00	353.64	0.0028277	276.67	433.04	1.8307	1.8961	3.1818	1164.3	-0.036283	5.4028e-05	0.13586	supercritical
221.00	553.00	352.69	0.0028353	279.43	436.23	1.8451	1.8952	3.1819	1160.4	-0.036050	5.3665e-05	0.13524	supercritical
222.00	553.00	351.74	0.0028430	282.19	439.41	1.8595	1.8943	3.1820	1156.6	-0.035815	5.3308e-05	0.13463	supercritical
223.00	553.00	350.79	0.0028507	284.95	442.59	1.8738	1.8934	3.1821	1152.8	-0.035579	5.2955e-05	0.13402	supercritical
224.00	553.00	349.85	0.0028584	287.70	445.77	1.8880	1.8926	3.1822	1149.0	-0.035341	5.2606e-05	0.13342	supercritical
225.00	553.00	348.90	0.0028662	290.46	448.95	1.9022	1.8918	3.1823	1145.2	-0.035103	5.2263e-05	0.13282	supercritical
226.00	553.00	347.95	0.0028739	293.21	452.14	1.9163	1.8910	3.1824	1141.5	-0.034863	5.1924e-05	0.13223	supercritical
227.00	553.00	347.01	0.0028818	295.96	455.32	1.9303	1.8903	3.1825	1137.8	-0.034622	5.1590e-05	0.13165	supercritical
228.00	553.00	346.06	0.0028896	298.71	458.50	1.9443	1.8896	3.1827	1134.1	-0.034379	5.1260e-05	0.13107	supercritical
229.00	553.00	345.12	0.0028975	301.45	461.69	1.9583	1.8889	3.1828	1130.5	-0.034136	5.0934e-05	0.13049	supercritical
230.00	553.00	344.18	0.0029054	304.20	464.87	1.9721	1.8883	3.1829	1126.8	-0.033892	5.0613e-05	0.12992	supercritical
231.00	553.00	343.24	0.0029134	306.94	468.05	1.9859	1.8876	3.1830	1123.2	-0.033646	5.0295e-05	0.12936	supercritical
232.00	553.00	342.30	0.0029214	309.68	471.23	1.9997	1.8871	3.1831	1119.7	-0.033400	4.9982e-05	0.12880	supercritical
233.00	553.00	341.36	0.0029294	312.42	474.42	2.0134	1.8865	3.1833	1116.1	-0.033152	4.9674e-05	0.12825	supercritical
234.00	553.00	340.43	0.0029375	315.16	477.60	2.0270	1.8860	3.1834	1112.6	-0.032904	4.9369e-05	0.12770	supercritical
235.00	553.00	339.49	0.0029456	317.89	480.78	2.0406	1.8855	3.1835	1109.1	-0.032654	4.9068e-05	0.12716	supercritical
236.00	553.00	338.56	0.0029537	320.63	483.97	2.0541	1.8851	3.1837	1105.6	-0.032404	4.8771e-05	0.12662	supercritical
237.00	553.00	337.62	0.0029619	323.36	487.15	2.0676	1.8846	3.1838	1102.1	-0.032153	4.8477e-05	0.12609	supercritical
238.00	553.00	336.69	0.0029701	326.09	490.34	2.0810	1.8843	3.1839	1098.7	-0.031901	4.8188e-05	0.12557	supercritical
239.00	553.00	335.76	0.0029783	328.82	493.52	2.0943	1.8839	3.1840	1095.3	-0.031648	4.7902e-05	0.12505	supercritical
240.00	553.00	334.83	0.0029866	331.55	496.70	2.1076	1.8836	3.1842	1091.9	-0.031395	4.7620e-05	0.12453	supercritical
241.00	553.00	333.91	0.0029948	334.27	499.89	2.1209	1.8833	3.1843	1088.5	-0.031141	4.7341e-05	0.12402	supercritical
242.00	553.00	332.98	0.0030032	337.00	503.07	2.1340	1.8830	3.1844	1085.2	-0.030886	4.7066e-05	0.12352	supercritical
243.00	553.00	332.06	0.0030115	339.72	506.26	2.1472	1.8828	3.1846	1081.9	-0.030630	4.6795e-05	0.12302	supercritical
244.00	553.00	331.13	0.0030199	342.44	509.44	2.1603	1.8826	3.1847	1078.6	-0.030374	4.6527e-05	0.12252	supercritical
245.00	553.00	330.21	0.0030284	345.16	512.63	2.1733	1.8824	3.1848	1075.4	-0.030117	4.6262e-05	0.12203	supercritical
246.00	553.00	329.29	0.0030368	347.87	515.81	2.1863	1.8822	3.1849	1072.1	-0.029860	4.6000e-05	0.12155	supercritical
247.00	553.00	328.37	0.0030453	350.59	519.00	2.1992	1.8821	3.1851	1068.9	-0.029602	4.5742e-05	0.12107	supercritical
248.00	553.00	327.46	0.0030539	353.30	522.18	2.2120	1.8820	3.1852	1065.7	-0.029344	4.5487e-05	0.12060	supercritical
249.00	553.00	326.54	0.0030624	356.01	525.37	2.2249	1.8820	3.1853	1062.6	-0.029085	4.5236e-05	0.12013	supercritical
250.00	553.00	325.63	0.0030710	358.72	528.55	2.2376	1.8820	3.1854	1059.5	-0.028826	4.4987e-05	0.11967	supercritical
251.00	553.00	324.71	0.0030796	361.43	531.74	2.2503	1.8820	3.1855	1056.3	-0.028567	4.4741e-05	0.11921	supercritical
252.00	553.00	323.80	0.0030883	364.14	534.92	2.2630	1.8820	3.1857	1053.3	-0.028307	4.4499e-05	0.11875	supercritical
253.00	553.00	322.89	0.0030970	366.84	538.11	2.2756	1.8821	3.1858	1050.2	-0.028047	4.4259e-05	0.11831	supercritical
254.00	553.00	321.99	0.0031057	369.55	541.29	2.2882	1.8822	3.1859	1047.2	-0.027787	4.4023e-05	0.11786	supercritical
255.00	553.00	321.08	0.0031145	372.25	544.48	2.3007	1.8823	3.1860	1044.2	-0.027527	4.3789e-05	0.11742	supercritical
256.00	553.00	320.18	0.0031233	374.95	547.67	2.3132	1.8824	3.1861	1041.2	-0.027266	4.3559e-05	0.11699	supercritical
257.00	553.00	319.28	0.0031321	377.65	550.85	2.3256	1.8826	3.1862	1038.2	-0.027005	4.3331e-05	0.11656	supercritical
258.00	553.00	318.38	0.0031409	380.34	554.04	2.3380	1.8828	3.1863	1035.3	-0.026745	4.3105e-05	0.11614	supercritical
259.00	553.00	317.48	0.0031498	383.04	557.22	2.3503	1.8831	3.1864	1032.4	-0.026484	4.2883e-05	0.11572	supercritical
260.00	553.00	316.58	0.0031587	385.73	560.41	2.3626	1.8834	3.1865	1029.5	-0.026223	4.2663e-05	0.11530	supercritical
261.00	553.00	315.69	0.0031677	388.42	563.60	2.3748	1.8837	3.1866	1026.6	-0.025962	4.2446e-05	0.11490	supercritical
262.00	553.00	314.79	0.0031767	391.11	566.78	2.3870	1.8840	3.1867	1023.8	-0.025701	4.2232e-05	0.11449	supercritical
263.00	553.00	313.90	0.0031857	393.80	569.97	2.3991	1.8843	3.1868	1021.0	-0.025441	4.2020e-05	0.11409	supercritical
264.00	553.00	313.01	0.0031947	396.49	573.16	2.4112	1.8847	3.1869	1018.2	-0.025180	4.1811e-05	0.11370	supercritical
265.00	553.00	312.13	0.0032038	399.17	576.34	2.4233	1.8851	3.1870	1015.4	-0.024920	4.1604e-05	0.11331	supercritical
266.00	553.00	311.24	0.0032129	401.86	579.53	2.4353	1.8856	3.1871	1012.7	-0.024660	4.1400e-05	0.11292	supercritical
267.00	553.00	310.36	0.0032221	404.54	582.72	2.4473	1.8861	3.1872	1009.9	-0.024400	4.1198e-05	0.11254	supercritical
268.00	553.00	309.48	0.0032312	407.22	585.91	2.4592	1.8866	3.1872	1007.3	-0.024141	4.0999e-05	0.11216	supercritical
269.00	553.00	308.60	0.0032404	409.90	589.09	2.4710	1.8871	3.1873	1004.6	-0.023882	4.0802e-05	0.11179	supercritical
270.00	553.00	307.72	0.0032497	412.57	592.28	2.4829	1.8876	3.1874	1001.9	-0.023623	4.0608e-05	0.11142	supercritical
271.00	553.00	306.85	0.0032589	415.25	595.47	2.4946	1.8882	3.1875	999.31	-0.023364	4.0416e-05	0.11106	supercritical
272.00	553.00	305.98	0.0032682	417.92	598.66	2.5064	1.8888	3.1875	996.72	-0.023107	4.0226e-05	0.11070	supercritical
273.00	553.00	305.11	0.0032775	420.59	601.84	2.5181	1.8895	3.1876	994.14	-0.022849	4.0038e-05	0.11035	supercritical
274.00	553.00	304.24	0.0032869	423.27	605.03	2.5297	1.8901	3.1877	991.59	-0.022592	3.9853e-05	0.11000	supercritical
275.00	553.00	303.37	0.0032963	425.93	608.22	2.5414	1.8908	3.1877	989.06	-0.022336	3.9670e-05	0.10965	supercritical
276.00	553.00	302.51	0.0033057	428.60	611.41	2.5529	1.8915	3.1878	986.56	-0.022080	3.9489e-05	0.10931	supercritical
277.00	553.00	301.65	0.0033151	431.27	614.59	2.5645	1.8923	3.1879	984.08	-0.021825	3.9310e-05	0.10897	supercritical
278.00	553.00	300.79	0.0033246	433.93	617.78	2.5759	1.8931	3.1879	981.62	-0.021571	3.9134e-05	0.10864	supercritical
279.00	553.00	299.93	0.0033341	436.59	620.97	2.5874	1.8939	3.1880	979.18	-0.021317	3.8959e-05	0.10831	supercritical
280.00	553.00	299.08	0.0033436	439.25	624.16	2.5988	1.8947	3.1880	976.77	-0.021065	3.8787e-05	0.10799	supercritical
281.00	553.00	298.22	0.0033532	441.91	627.35	2.6102	1.8955	3.1881	974.38	-0.020813	3.8616e-05	0.10767	supercritical
282.00	553.00	297.37	0.0033628	444.57	630.53	2.6215	1.8964	3.1881	972.02	-0.020561	3.8448e-05	0.10736	supercritical
283.00	553.00	296.53	0.0033724	447.23	633.72	2.6328	1.8973	3.1882	969.68	-0.020311	3.8282e-05	0.10705	supercritical
284.00	553.00	295.68	0.0033820	449.88	636.91	2.6440	1.8982	3.1882	967.35	-0.020061	3.8117e-05	0.10674	supercritical
285.00	553.00	294.84	0.0033917	452.54	640.10	2.6552	1.8992	3.1883	965.06	-0.019813	3.7955e-05	0.10644	supercritical
286.00	553.00	294.00	0.0034014	455.19	643.29	2.6664	1.9002	3.1883	962.78	-0.019565	3.7795e-05	0.10614	supercritical
287.00	553.00	293.16	0.0034111	457.84	646.48	2.6775	1.9012	3.1883	960.53	-0.019319	3.7636e-05	0.10584	supercritical
288.00	553.00	292.32	0.0034209	460.49	649.66	2.6886	1.9022	3.1884	958.30	-0.019073	3.7479e-05	0.10555	supercritical
289.00	553.00	291.49	0.0034307	463.14	652.85	2.6997	1.9033	3.1884	956.09	-0.018829	3.7325e-05	0.10527	supercritical
290.00	553.00	290.66	0.0034405	465.78	656.04	2.7107	1.9044	3.1884	953.90	-0.018585	3.7172e-05	0.10498	supercritical
291.00	553.00	289.83	0.0034503	468.43	659.23	2.7217	1.9055	3.1885	951.74	-0.018343	3.7020e-05	0.10471	supercritical
292.00	553.00	289.00	0.0034602	471.07	662.42	2.7326	1.9066	3.1885	949.60	-0.018102	3.6871e-05	0.10443	supercritical
293.00	553.00	288.18	0.0034701	473.71	665.61	2.7435	1.9078	3.1885	947.47	-0.017862	3.6724e-05	0.10416	supercritical
294.00	553.00	287.36	0.0034800	476.35	668.79	2.7544	1.9089	3.1886	945.38	-0.017623	3.6578e-05	0.10389	supercritical
295.00	553.00	286.54	0.0034899	478.99	671.98	2.7652	1.9101	3.1886	943.30	-0.017386	3.6434e-05	0.10363	supercritical
296.00	553.00	285.73	0.0034999	481.63	675.17	2.7760	1.9114	3.1886	941.24	-0.017150	3.6291e-05	0.10337	supercritical
297.00	553.00	284.91	0.0035099	484.27	678.36	2.7867	1.9126	3.1887	939.21	-0.016915	3.6151e-05	0.10312	supercritical
298.00	553.00	284.10	0.0035199	486.90	681.55	2.7974	1.9139	3.1887	937.19	-0.016681	3.6011e-05	0.10287	supercritical
299.00	553.00	283.29	0.0035299	489.53	684.74	2.8081	1.9152	3.1887	935.20	-0.016449	3.5874e-05	0.10262	supercritical
300.00	553.00	282.49	0.0035400	492.17	687.93	2.8188	1.9165	3.1888	933.23	-0.016218	3.5738e-05	0.10237	supercritical
301.00	553.00	281.69	0.0035501	494.80	691.12	2.8294	1.9179	3.1888	931.28	-0.015989	3.5604e-05	0.10213	supercritical
302.00	553.00	280.89	0.0035602	497.43	694.30	2.8400	1.9192	3.1888	929.34	-0.015761	3.5472e-05	0.10190	supercritical
303.00	553.00	280.09	0.0035703	500.05	697.49	2.8505	1.9206	3.1888	927.43	-0.015534	3.5341e-05	0.10166	supercritical
304.00	553.00	279.29	0.0035805	502.68	700.68	2.8610	1.9220	3.1889	925.54	-0.015309	3.5211e-05	0.10143	supercritical
305.00	553.00	278.50	0.0035907	505.31	703.87	2.8715	1.9235	3.1889	923.68	-0.015086	3.5083e-05	0.10121	supercritical
306.00	553.00	277.71	0.0036009	507.93	707.06	2.8819	1.9249	3.1889	921.83	-0.014864	3.4957e-05	0.10098	supercritical
307.00	553.00	276.92	0.0036111	510.56	710.25	2.8923	1.9264	3.1890	920.00	-0.014644	3.4832e-05	0.10077	supercritical
308.00	553.00	276.14	0.0036213	513.18	713.44	2.9027	1.9279	3.1890	918.19	-0.014425	3.4709e-05	0.10055	supercritical
309.00	553.00	275.36	0.0036316	515.80	716.63	2.9130	1.9295	3.1891	916.40	-0.014208	3.4587e-05	0.10034	supercritical
310.00	553.00	274.58	0.0036419	518.42	719.82	2.9233	1.9310	3.1891	914.63	-0.013992	3.4466e-05	0.10013	supercritical
311.00	553.00	273.80	0.0036522	521.04	723.00	2.9336	1.9326	3.1891	912.88	-0.013779	3.4347e-05	0.099924	supercritical
312.00	553.00	273.03	0.0036626	523.65	726.19	2.9438	1.9342	3.1892	911.15	-0.013566	3.4230e-05	0.099722	supercritical
313.00	553.00	272.26	0.0036729	526.27	729.38	2.9541	1.9358	3.1892	909.44	-0.013356	3.4114e-05	0.099523	supercritical
314.00	553.00	271.49	0.0036833	528.88	732.57	2.9642	1.9374	3.1893	907.74	-0.013147	3.3999e-05	0.099328	supercritical
315.00	553.00	270.73	0.0036937	531.50	735.76	2.9744	1.9391	3.1893	906.07	-0.012940	3.3885e-05	0.099136	supercritical
316.00	553.00	269.97	0.0037042	534.11	738.95	2.9845	1.9407	3.1894	904.42	-0.012735	3.3773e-05	0.098947	supercritical
317.00	553.00	269.21	0.0037146	536.72	742.14	2.9946	1.9424	3.1894	902.78	-0.012531	3.3662e-05	0.098761	supercritical
318.00	553.00	268.45	0.0037251	539.33	745.33	3.0046	1.9442	3.1895	901.16	-0.012329	3.3553e-05	0.098578	supercritical
319.00	553.00	267.70	0.0037356	541.94	748.52	3.0146	1.9459	3.1896	899.56	-0.012130	3.3445e-05	0.098399	supercritical
320.00	553.00	266.95	0.0037461	544.55	751.71	3.0246	1.9477	3.1896	897.98	-0.011931	3.3338e-05	0.098223	supercritical
321.00	553.00	266.20	0.0037566	547.16	754.90	3.0345	1.9494	3.1897	896.42	-0.011735	3.3232e-05	0.098050	supercritical
322.00	553.00	265.45	0.0037671	549.77	758.09	3.0445	1.9512	3.1898	894.88	-0.011541	3.3128e-05	0.097880	supercritical
323.00	553.00	264.71	0.0037777	552.37	761.28	3.0544	1.9531	3.1898	893.35	-0.011348	3.3025e-05	0.097713	supercritical
324.00	553.00	263.97	0.0037883	554.98	764.47	3.0642	1.9549	3.1899	891.84	-0.011157	3.2923e-05	0.097549	supercritical
325.00	553.00	263.23	0.0037989	557.58	767.66	3.0740	1.9568	3.1900	890.35	-0.010969	3.2822e-05	0.097388	supercritical
326.00	553.00	262.50	0.0038095	560.18	770.85	3.0839	1.9586	3.1901	888.88	-0.010782	3.2723e-05	0.097230	supercritical
327.00	553.00	261.77	0.0038202	562.78	774.04	3.0936	1.9605	3.1902	887.43	-0.010597	3.2625e-05	0.097075	supercritical
328.00	553.00	261.04	0.0038308	565.38	777.23	3.1034	1.9624	3.1903	885.99	-0.010413	3.2528e-05	0.096923	supercritical
329.00	553.00	260.32	0.0038415	567.98	780.42	3.1131	1.9644	3.1904	884.57	-0.010232	3.2432e-05	0.096774	supercritical
330.00	553.00	259.59	0.0038522	570.58	783.61	3.1228	1.9663	3.1905	883.16	-0.010053	3.2337e-05	0.096628	supercritical
331.00	553.00	258.87	0.0038629	573.18	786.80	3.1324	1.9683	3.1906	881.77	-0.0098758	3.2244e-05	0.096484	supercritical
332.00	553.00	258.16	0.0038736	575.78	789.99	3.1420	1.9703	3.1908	880.40	-0.0097004	3.2151e-05	0.096344	supercritical
333.00	553.00	257.44	0.0038844	578.38	793.18	3.1516	1.9723	3.1909	879.05	-0.0095271	3.2060e-05	0.096206	supercritical
334.00	553.00	256.73	0.0038951	580.97	796.37	3.1612	1.9743	3.1910	877.71	-0.0093557	3.1970e-05	0.096071	supercritical
335.00	553.00	256.02	0.0039059	583.57	799.56	3.1707	1.9764	3.1912	876.39	-0.0091862	3.1880e-05	0.095939	supercritical
336.00	553.00	255.32	0.0039167	586.16	802.75	3.1803	1.9784	3.1913	875.09	-0.0090188	3.1792e-05	0.095809	supercritical
337.00	553.00	254.62	0.0039275	588.76	805.95	3.1897	1.9805	3.1915	873.80	-0.0088533	3.1705e-05	0.095682	supercritical
338.00	553.00	253.92	0.0039383	591.35	809.14	3.1992	1.9826	3.1916	872.53	-0.0086899	3.1619e-05	0.095558	supercritical
339.00	553.00	253.22	0.0039492	593.94	812.33	3.2086	1.9847	3.1918	871.27	-0.0085284	3.1534e-05	0.095437	supercritical
340.00	553.00	252.52	0.0039600	596.53	815.52	3.2180	1.9869	3.1920	870.03	-0.0083690	3.1451e-05	0.095318	supercritical
341.00	553.00	251.83	0.0039709	599.12	818.71	3.2274	1.9890	3.1922	868.80	-0.0082116	3.1368e-05	0.095201	supercritical
342.00	553.00	251.14	0.0039818	601.71	821.91	3.2367	1.9912	3.1923	867.59	-0.0080561	3.1286e-05	0.095088	supercritical
343.00	553.00	250.46	0.0039927	604.30	825.10	3.2461	1.9934	3.1925	866.40	-0.0079027	3.1205e-05	0.094977	supercritical
344.00	553.00	249.78	0.0040036	606.89	828.29	3.2554	1.9956	3.1928	865.22	-0.0077513	3.1125e-05	0.094868	supercritical
345.00	553.00	249.10	0.0040145	609.48	831.48	3.2646	1.9978	3.1930	864.05	-0.0076019	3.1046e-05	0.094762	supercritical
346.00	553.00	248.42	0.0040254	612.07	834.68	3.2739	2.0000	3.1932	862.90	-0.0074545	3.0968e-05	0.094658	supercritical
347.00	553.00	247.75	0.0040364	614.66	837.87	3.2831	2.0023	3.1934	861.77	-0.0073092	3.0891e-05	0.094557	supercritical
348.00	553.00	247.07	0.0040474	617.24	841.06	3.2923	2.0045	3.1937	860.64	-0.0071658	3.0815e-05	0.094458	supercritical
349.00	553.00	246.41	0.0040583	619.83	844.26	3.3014	2.0068	3.1939	859.54	-0.0070245	3.0740e-05	0.094362	supercritical
350.00	553.00	245.74	0.0040693	622.42	847.45	3.3106	2.0091	3.1942	858.45	-0.0068852	3.0666e-05	0.094268	supercritical
351.00	553.00	245.08	0.0040803	625.00	850.65	3.3197	2.0114	3.1944	857.37	-0.0067479	3.0593e-05	0.094177	supercritical
352.00	553.00	244.42	0.0040914	627.59	853.84	3.3288	2.0137	3.1947	856.31	-0.0066126	3.0520e-05	0.094087	supercritical
353.00	553.00	243.76	0.0041024	630.17	857.03	3.3378	2.0161	3.1950	855.26	-0.0064793	3.0449e-05	0.094000	supercritical
354.00	553.00	243.11	0.0041134	632.76	860.23	3.3469	2.0184	3.1953	854.22	-0.0063481	3.0378e-05	0.093916	supercritical
355.00	553.00	242.46	0.0041245	635.34	863.43	3.3559	2.0208	3.1956	853.20	-0.0062188	3.0308e-05	0.093834	supercritical
356.00	553.00	241.81	0.0041355	637.93	866.62	3.3649	2.0232	3.1959	852.19	-0.0060915	3.0240e-05	0.093754	supercritical
357.00	553.00	241.16	0.0041466	640.51	869.82	3.3739	2.0256	3.1962	851.19	-0.0059662	3.0172e-05	0.093676	supercritical
358.00	553.00	240.52	0.0041577	643.09	873.01	3.3828	2.0280	3.1966	850.21	-0.0058429	3.0104e-05	0.093601	supercritical
359.00	553.00	239.88	0.0041688	645.68	876.21	3.3917	2.0304	3.1969	849.25	-0.0057216	3.0038e-05	0.093527	supercritical
360.00	553.00	239.24	0.0041799	648.26	879.41	3.4006	2.0329	3.1972	848.29	-0.0056023	2.9973e-05	0.093456	supercritical
361.00	553.00	238.61	0.0041910	650.84	882.60	3.4095	2.0354	3.1976	847.35	-0.0054849	2.9908e-05	0.093387	supercritical
362.00	553.00	237.97	0.0042022	653.42	885.80	3.4183	2.0378	3.1980	846.42	-0.0053696	2.9844e-05	0.093320	supercritical
363.00	553.00	237.34	0.0042133	656.01	889.00	3.4271	2.0403	3.1984	845.50	-0.0052561	2.9781e-05	0.093256	supercritical
364.00	553.00	236.72	0.0042244	658.59	892.20	3.4359	2.0428	3.1988	844.60	-0.0051447	2.9719e-05	0.093193	supercritical
365.00	553.00	236.09	0.0042356	661.17	895.40	3.4447	2.0453	3.1992	843.71	-0.0050351	2.9657e-05	0.093133	supercritical
366.00	553.00	235.47	0.0042468	663.75	898.60	3.4535	2.0479	3.1996	842.83	-0.0049275	2.9596e-05	0.093074	supercritical
367.00	553.00	234.86	0.0042579	666.33	901.80	3.4622	2.0504	3.2000	841.96	-0.0048219	2.9536e-05	0.093018	supercritical
368.00	553.00	234.24	0.0042691	668.92	905.00	3.4709	2.0530	3.2005	841.11	-0.0047182	2.9477e-05	0.092964	supercritical
369.00	553.00	233.63	0.0042803	671.50	908.20	3.4796	2.0555	3.2009	840.26	-0.0046163	2.9419e-05	0.092911	supercritical
370.00	553.00	233.02	0.0042915	674.08	911.40	3.4883	2.0581	3.2014	839.43	-0.0045164	2.9361e-05	0.092861	supercritical
371.00	553.00	232.41	0.0043027	676.66	914.60	3.4969	2.0607	3.2018	838.61	-0.0044184	2.9304e-05	0.092813	supercritical
372.00	553.00	231.81	0.0043140	679.24	917.80	3.5055	2.0633	3.2023	837.81	-0.0043223	2.9248e-05	0.092766	supercritical
373.00	553.00	231.20	0.0043252	681.82	921.01	3.5141	2.0659	3.2028	837.01	-0.0042280	2.9192e-05	0.092722	supercritical
374.00	553.00	230.60	0.0043364	684.40	924.21	3.5227	2.0686	3.2033	836.23	-0.0041356	2.9137e-05	0.092679	supercritical
375.00	553.00	230.01	0.0043477	686.99	927.41	3.5312	2.0712	3.2038	835.45	-0.0040451	2.9083e-05	0.092639	supercritical
376.00	553.00	229.41	0.0043589	689.57	930.62	3.5398	2.0739	3.2044	834.69	-0.0039564	2.9029e-05	0.092600	supercritical
377.00	553.00	228.82	0.0043702	692.15	933.82	3.5483	2.0766	3.2049	833.94	-0.0038696	2.8977e-05	0.092563	supercritical
378.00	553.00	228.24	0.0043814	694.73	937.03	3.5568	2.0792	3.2055	833.20	-0.0037845	2.8925e-05	0.092528	supercritical
379.00	553.00	227.65	0.0043927	697.31	940.23	3.5653	2.0819	3.2060	832.47	-0.0037013	2.8873e-05	0.092495	supercritical
380.00	553.00	227.07	0.0044040	699.90	943.44	3.5737	2.0846	3.2066	831.75	-0.0036199	2.8822e-05	0.092464	supercritical
381.00	553.00	226.49	0.0044153	702.48	946.65	3.5821	2.0874	3.2072	831.05	-0.0035403	2.8772e-05	0.092434	supercritical
382.00	553.00	225.91	0.0044266	705.06	949.85	3.5905	2.0901	3.2078	830.35	-0.0034625	2.8723e-05	0.092407	supercritical
383.00	553.00	225.33	0.0044379	707.65	953.06	3.5989	2.0928	3.2084	829.66	-0.0033864	2.8674e-05	0.092381	supercritical
384.00	553.00	224.76	0.0044492	710.23	956.27	3.6073	2.0956	3.2091	828.99	-0.0033121	2.8626e-05	0.092357	supercritical
385.00	553.00	224.19	0.0044605	712.81	959.48	3.6156	2.0983	3.2097	828.32	-0.0032395	2.8578e-05	0.092334	supercritical
386.00	553.00	223.62	0.0044718	715.40	962.69	3.6240	2.1011	3.2104	827.67	-0.0031687	2.8531e-05	0.092313	supercritical
387.00	553.00	223.06	0.0044831	717.98	965.90	3.6323	2.1039	3.2110	827.02	-0.0030995	2.8485e-05	0.092294	supercritical
388.00	553.00	222.50	0.0044945	720.57	969.11	3.6406	2.1067	3.2117	826.39	-0.0030321	2.8439e-05	0.092277	supercritical
389.00	553.00	221.94	0.0045058	723.15	972.32	3.6488	2.1095	3.2124	825.76	-0.0029664	2.8394e-05	0.092261	supercritical
390.00	553.00	221.38	0.0045172	725.74	975.54	3.6571	2.1123	3.2131	825.15	-0.0029023	2.8349e-05	0.092247	supercritical
391.00	553.00	220.82	0.0045285	728.32	978.75	3.6653	2.1151	3.2138	824.54	-0.0028399	2.8305e-05	0.092235	supercritical
392.00	553.00	220.27	0.0045398	730.91	981.96	3.6735	2.1180	3.2146	823.94	-0.0027792	2.8262e-05	0.092224	supercritical
393.00	553.00	219.72	0.0045512	733.50	985.18	3.6817	2.1208	3.2153	823.35	-0.0027201	2.8219e-05	0.092215	supercritical
394.00	553.00	219.17	0.0045626	736.08	988.39	3.6899	2.1237	3.2161	822.78	-0.0026626	2.8177e-05	0.092208	supercritical
395.00	553.00	218.63	0.0045739	738.67	991.61	3.6980	2.1266	3.2168	822.21	-0.0026067	2.8135e-05	0.092202	supercritical
396.00	553.00	218.09	0.0045853	741.26	994.83	3.7062	2.1294	3.2176	821.65	-0.0025525	2.8094e-05	0.092198	supercritical
397.00	553.00	217.55	0.0045967	743.85	998.05	3.7143	2.1323	3.2184	821.10	-0.0024998	2.8054e-05	0.092195	supercritical
398.00	553.00	217.01	0.0046081	746.44	1001.3	3.7224	2.1352	3.2192	820.56	-0.0024487	2.8014e-05	0.092194	supercritical
399.00	553.00	216.48	0.0046194	749.03	1004.5	3.7305	2.1381	3.2201	820.02	-0.0023991	2.7974e-05	0.092194	supercritical
400.00	553.00	215.94	0.0046308	751.62	1007.7	3.7385	2.1410	3.2209	819.50	-0.0023511	2.7935e-05	0.092196	supercritical
401.00	553.00	215.41	0.0046422	754.21	1010.9	3.7466	2.1440	3.2217	818.99	-0.0023046	2.7897e-05	0.092200	supercritical
402.00	553.00	214.89	0.0046536	756.80	1014.1	3.7546	2.1469	3.2226	818.48	-0.0022596	2.7859e-05	0.092205	supercritical
403.00	553.00	214.36	0.0046650	759.40	1017.4	3.7626	2.1498	3.2235	817.98	-0.0022161	2.7822e-05	0.092211	supercritical
404.00	553.00	213.84	0.0046764	761.99	1020.6	3.7706	2.1528	3.2244	817.49	-0.0021741	2.7785e-05	0.092219	supercritical
405.00	553.00	213.32	0.0046878	764.59	1023.8	3.7786	2.1558	3.2253	817.01	-0.0021335	2.7748e-05	0.092228	supercritical
406.00	553.00	212.80	0.0046992	767.18	1027.0	3.7865	2.1587	3.2262	816.54	-0.0020944	2.7713e-05	0.092239	supercritical
407.00	553.00	212.29	0.0047106	769.78	1030.3	3.7945	2.1617	3.2271	816.07	-0.0020568	2.7677e-05	0.092251	supercritical
408.00	553.00	211.77	0.0047220	772.37	1033.5	3.8024	2.1647	3.2281	815.62	-0.0020206	2.7642e-05	0.092265	supercritical
409.00	553.00	211.26	0.0047334	774.97	1036.7	3.8103	2.1677	3.2290	815.17	-0.0019858	2.7608e-05	0.092280	supercritical
410.00	553.00	210.75	0.0047449	777.57	1040.0	3.8182	2.1707	3.2300	814.73	-0.0019523	2.7574e-05	0.092296	supercritical
411.00	553.00	210.25	0.0047563	780.17	1043.2	3.8260	2.1737	3.2310	814.29	-0.0019203	2.7541e-05	0.092314	supercritical
412.00	553.00	209.74	0.0047677	782.77	1046.4	3.8339	2.1767	3.2320	813.87	-0.0018896	2.7508e-05	0.092333	supercritical
413.00	553.00	209.24	0.0047791	785.37	1049.7	3.8417	2.1798	3.2330	813.45	-0.0018603	2.7475e-05	0.092354	supercritical
414.00	553.00	208.74	0.0047906	787.97	1052.9	3.8495	2.1828	3.2340	813.04	-0.0018323	2.7443e-05	0.092376	supercritical
415.00	553.00	208.25	0.0048020	790.57	1056.1	3.8573	2.1858	3.2350	812.64	-0.0018057	2.7411e-05	0.092399	supercritical
416.00	553.00	207.75	0.0048134	793.17	1059.4	3.8651	2.1889	3.2361	812.24	-0.0017803	2.7380e-05	0.092424	supercritical
417.00	553.00	207.26	0.0048249	795.78	1062.6	3.8729	2.1920	3.2371	811.86	-0.0017562	2.7350e-05	0.092450	supercritical
418.00	553.00	206.77	0.0048363	798.38	1065.8	3.8807	2.1950	3.2382	811.48	-0.0017334	2.7319e-05	0.092477	supercritical
419.00	553.00	206.28	0.0048477	800.99	1069.1	3.8884	2.1981	3.2393	811.10	-0.0017119	2.7290e-05	0.092505	supercritical
420.00	553.00	205.80	0.0048592	803.60	1072.3	3.8961	2.2012	3.2404	810.74	-0.0016916	2.7260e-05	0.092535	supercritical
421.00	553.00	205.31	0.0048706	806.21	1075.6	3.9038	2.2043	3.2415	810.38	-0.0016726	2.7231e-05	0.092566	supercritical
422.00	553.00	204.83	0.0048820	808.82	1078.8	3.9115	2.2074	3.2427	810.03	-0.0016548	2.7203e-05	0.092599	supercritical
423.00	553.00	204.35	0.0048935	811.43	1082.0	3.9192	2.2105	3.2438	809.68	-0.0016382	2.7175e-05	0.092632	supercritical
424.00	553.00	203.88	0.0049049	814.04	1085.3	3.9269	2.2136	3.2449	809.34	-0.0016227	2.7147e-05	0.092667	supercritical
425.00	553.00	203.40	0.0049164	816.65	1088.5	3.9345	2.2167	3.2461	809.01	-0.0016085	2.7120e-05	0.092703	supercritical
426.00	553.00	202.93	0.0049278	819.26	1091.8	3.9421	2.2198	3.2473	808.69	-0.0015954	2.7093e-05	0.092741	supercritical
427.00	553.00	202.46	0.0049393	821.88	1095.0	3.9497	2.2230	3.2485	808.37	-0.0015835	2.7066e-05	0.092779	supercritical
428.00	553.00	201.99	0.0049507	824.50	1098.3	3.9573	2.2261	3.2497	808.06	-0.0015727	2.7040e-05	0.092819	supercritical
429.00	553.00	201.53	0.0049622	827.11	1101.5	3.9649	2.2292	3.2509	807.75	-0.0015630	2.7014e-05	0.092860	supercritical
430.00	553.00	201.06	0.0049736	829.73	1104.8	3.9725	2.2324	3.2521	807.45	-0.0015544	2.6989e-05	0.092902	supercritical
431.00	553.00	200.60	0.0049851	832.35	1108.0	3.9801	2.2355	3.2534	807.16	-0.0015469	2.6964e-05	0.092945	supercritical
432.00	553.00	200.14	0.0049965	834.97	1111.3	3.9876	2.2387	3.2546	806.87	-0.0015405	2.6940e-05	0.092990	supercritical
433.00	553.00	199.68	0.0050080	837.59	1114.5	3.9951	2.2419	3.2559	806.59	-0.0015352	2.6915e-05	0.093035	supercritical
434.00	553.00	199.23	0.0050194	840.22	1117.8	4.0026	2.2451	3.2572	806.32	-0.0015309	2.6892e-05	0.093082	supercritical
435.00	553.00	198.77	0.0050309	842.84	1121.0	4.0101	2.2482	3.2585	806.05	-0.0015276	2.6868e-05	0.093130	supercritical
436.00	553.00	198.32	0.0050423	845.47	1124.3	4.0176	2.2514	3.2598	805.79	-0.0015254	2.6845e-05	0.093179	supercritical
437.00	553.00	197.87	0.0050538	848.09	1127.6	4.0251	2.2546	3.2611	805.53	-0.0015241	2.6822e-05	0.093229	supercritical
438.00	553.00	197.43	0.0050652	850.72	1130.8	4.0325	2.2578	3.2624	805.28	-0.0015239	2.6800e-05	0.093280	supercritical
439.00	553.00	196.98	0.0050767	853.35	1134.1	4.0400	2.2610	3.2638	805.04	-0.0015246	2.6778e-05	0.093333	supercritical
440.00	553.00	196.54	0.0050881	855.98	1137.4	4.0474	2.2642	3.2652	804.80	-0.0015264	2.6756e-05	0.093386	supercritical
441.00	553.00	196.10	0.0050996	858.62	1140.6	4.0548	2.2675	3.2665	804.57	-0.0015290	2.6735e-05	0.093441	supercritical
442.00	553.00	195.66	0.0051110	861.25	1143.9	4.0622	2.2707	3.2679	804.34	-0.0015326	2.6714e-05	0.093496	supercritical
443.00	553.00	195.22	0.0051225	863.89	1147.2	4.0696	2.2739	3.2693	804.12	-0.0015372	2.6693e-05	0.093553	supercritical
444.00	553.00	194.78	0.0051339	866.52	1150.4	4.0770	2.2771	3.2707	803.90	-0.0015426	2.6673e-05	0.093611	supercritical
445.00	553.00	194.35	0.0051454	869.16	1153.7	4.0843	2.2804	3.2721	803.69	-0.0015490	2.6653e-05	0.093669	supercritical
446.00	553.00	193.92	0.0051568	871.80	1157.0	4.0917	2.2836	3.2736	803.48	-0.0015562	2.6633e-05	0.093729	supercritical
447.00	553.00	193.49	0.0051683	874.44	1160.2	4.0990	2.2869	3.2750	803.28	-0.0015644	2.6614e-05	0.093790	supercritical
448.00	553.00	193.06	0.0051797	877.08	1163.5	4.1063	2.2901	3.2765	803.09	-0.0015733	2.6595e-05	0.093852	supercritical
449.00	553.00	192.64	0.0051912	879.73	1166.8	4.1137	2.2934	3.2779	802.90	-0.0015832	2.6577e-05	0.093915	supercritical
450.00	553.00	192.21	0.0052026	882.37	1170.1	4.1209	2.2967	3.2794	802.71	-0.0015938	2.6558e-05	0.093979	supercritical
451.00	553.00	191.79	0.0052140	885.02	1173.4	4.1282	2.2999	3.2809	802.53	-0.0016053	2.6540e-05	0.094044	supercritical
452.00	553.00	191.37	0.0052255	887.67	1176.6	4.1355	2.3032	3.2824	802.36	-0.0016177	2.6522e-05	0.094110	supercritical
453.00	553.00	190.95	0.0052369	890.32	1179.9	4.1428	2.3065	3.2839	802.19	-0.0016308	2.6505e-05	0.094177	supercritical
454.00	553.00	190.54	0.0052484	892.97	1183.2	4.1500	2.3098	3.2854	802.03	-0.0016447	2.6488e-05	0.094244	supercritical
455.00	553.00	190.12	0.0052598	895.63	1186.5	4.1572	2.3130	3.2870	801.87	-0.0016594	2.6471e-05	0.094313	supercritical
456.00	553.00	189.71	0.0052713	898.28	1189.8	4.1644	2.3163	3.2885	801.71	-0.0016748	2.6454e-05	0.094383	supercritical
457.00	553.00	189.30	0.0052827	900.94	1193.1	4.1717	2.3196	3.2901	801.56	-0.0016910	2.6438e-05	0.094454	supercritical
458.00	553.00	188.89	0.0052941	903.60	1196.4	4.1788	2.3229	3.2917	801.42	-0.0017080	2.6422e-05	0.094526	supercritical
459.00	553.00	188.48	0.0053056	906.26	1199.7	4.1860	2.3262	3.2932	801.28	-0.0017257	2.6407e-05	0.094598	supercritical
460.00	553.00	188.08	0.0053170	908.92	1202.9	4.1932	2.3296	3.2948	801.14	-0.0017441	2.6391e-05	0.094672	supercritical
461.00	553.00	187.67	0.0053284	911.58	1206.2	4.2003	2.3329	3.2964	801.01	-0.0017632	2.6376e-05	0.094747	supercritical
462.00	553.00	187.27	0.0053399	914.25	1209.5	4.2075	2.3362	3.2981	800.88	-0.0017830	2.6361e-05	0.094822	supercritical
463.00	553.00	186.87	0.0053513	916.91	1212.8	4.2146	2.3395	3.2997	800.76	-0.0018034	2.6347e-05	0.094899	supercritical
464.00	553.00	186.47	0.0053627	919.58	1216.1	4.2217	2.3428	3.3013	800.64	-0.0018246	2.6332e-05	0.094976	supercritical
465.00	553.00	186.08	0.0053741	922.25	1219.4	4.2289	2.3462	3.3030	800.53	-0.0018464	2.6318e-05	0.095054	supercritical
466.00	553.00	185.68	0.0053856	924.92	1222.7	4.2360	2.3495	3.3046	800.42	-0.0018689	2.6305e-05	0.095133	supercritical
467.00	553.00	185.29	0.0053970	927.60	1226.1	4.2430	2.3528	3.3063	800.31	-0.0018920	2.6291e-05	0.095213	supercritical
468.00	553.00	184.90	0.0054084	930.27	1229.4	4.2501	2.3562	3.3080	800.21	-0.0019158	2.6278e-05	0.095294	supercritical
469.00	553.00	184.51	0.0054198	932.95	1232.7	4.2572	2.3595	3.3097	800.11	-0.0019402	2.6265e-05	0.095376	supercritical
470.00	553.00	184.12	0.0054313	935.63	1236.0	4.2642	2.3629	3.3114	800.02	-0.0019651	2.6252e-05	0.095459	supercritical
471.00	553.00	183.73	0.0054427	938.31	1239.3	4.2713	2.3662	3.3131	799.93	-0.0019907	2.6240e-05	0.095542	supercritical
472.00	553.00	183.35	0.0054541	940.99	1242.6	4.2783	2.3696	3.3149	799.85	-0.0020169	2.6228e-05	0.095626	supercritical
473.00	553.00	182.97	0.0054655	943.68	1245.9	4.2853	2.3729	3.3166	799.77	-0.0020436	2.6216e-05	0.095712	supercritical
474.00	553.00	182.58	0.0054769	946.37	1249.2	4.2923	2.3763	3.3183	799.69	-0.0020710	2.6204e-05	0.095798	supercritical
475.00	553.00	182.21	0.0054883	949.05	1252.6	4.2993	2.3796	3.3201	799.62	-0.0020988	2.6193e-05	0.095885	supercritical
476.00	553.00	181.83	0.0054997	951.74	1255.9	4.3063	2.3830	3.3219	799.55	-0.0021273	2.6181e-05	0.095972	supercritical
477.00	553.00	181.45	0.0055111	954.44	1259.2	4.3133	2.3864	3.3236	799.49	-0.0021562	2.6170e-05	0.096061	supercritical
478.00	553.00	181.08	0.0055225	957.13	1262.5	4.3202	2.3898	3.3254	799.43	-0.0021857	2.6160e-05	0.096150	supercritical
479.00	553.00	180.70	0.0055339	959.83	1265.9	4.3272	2.3931	3.3272	799.37	-0.0022157	2.6149e-05	0.096240	supercritical
480.00	553.00	180.33	0.0055453	962.52	1269.2	4.3341	2.3965	3.3290	799.32	-0.0022463	2.6139e-05	0.096331	supercritical
481.00	553.00	179.96	0.0055567	965.22	1272.5	4.3411	2.3999	3.3309	799.27	-0.0022773	2.6129e-05	0.096423	supercritical
482.00	553.00	179.59	0.0055681	967.92	1275.8	4.3480	2.4033	3.3327	799.22	-0.0023088	2.6119e-05	0.096516	supercritical
483.00	553.00	179.23	0.0055795	970.63	1279.2	4.3549	2.4067	3.3345	799.18	-0.0023409	2.6109e-05	0.096609	supercritical
484.00	553.00	178.86	0.0055909	973.33	1282.5	4.3618	2.4101	3.3364	799.14	-0.0023733	2.6100e-05	0.096703	supercritical
485.00	553.00	178.50	0.0056023	976.04	1285.8	4.3687	2.4134	3.3382	799.10	-0.0024063	2.6091e-05	0.096798	supercritical
486.00	553.00	178.14	0.0056137	978.75	1289.2	4.3756	2.4168	3.3401	799.07	-0.0024397	2.6082e-05	0.096894	supercritical
487.00	553.00	177.78	0.0056251	981.46	1292.5	4.3824	2.4202	3.3420	799.04	-0.0024736	2.6073e-05	0.096991	supercritical
488.00	553.00	177.42	0.0056364	984.18	1295.9	4.3893	2.4236	3.3439	799.02	-0.0025079	2.6065e-05	0.097088	supercritical
489.00	553.00	177.06	0.0056478	986.89	1299.2	4.3961	2.4270	3.3458	799.00	-0.0025426	2.6057e-05	0.097186	supercritical
490.00	553.00	176.70	0.0056592	989.61	1302.6	4.4030	2.4305	3.3477	798.98	-0.0025777	2.6048e-05	0.097285	supercritical
491.00	553.00	176.35	0.0056706	992.33	1305.9	4.4098	2.4339	3.3496	798.96	-0.0026133	2.6041e-05	0.097384	supercritical
492.00	553.00	176.00	0.0056819	995.05	1309.3	4.4166	2.4373	3.3515	798.95	-0.0026493	2.6033e-05	0.097485	supercritical
493.00	553.00	175.65	0.0056933	997.78	1312.6	4.4234	2.4407	3.3534	798.94	-0.0026857	2.6026e-05	0.097586	supercritical
494.00	553.00	175.30	0.0057047	1000.5	1316.0	4.4302	2.4441	3.3554	798.94	-0.0027224	2.6018e-05	0.097687	supercritical
495.00	553.00	174.95	0.0057160	1003.2	1319.3	4.4370	2.4475	3.3573	798.94	-0.0027596	2.6011e-05	0.097790	supercritical
496.00	553.00	174.60	0.0057274	1006.0	1322.7	4.4438	2.4509	3.3593	798.94	-0.0027971	2.6004e-05	0.097893	supercritical
497.00	553.00	174.25	0.0057387	1008.7	1326.0	4.4505	2.4544	3.3613	798.94	-0.0028350	2.5998e-05	0.097997	supercritical
498.00	553.00	173.91	0.0057501	1011.4	1329.4	4.4573	2.4578	3.3633	798.95	-0.0028732	2.5991e-05	0.098102	supercritical
499.00	553.00	173.57	0.0057614	1014.2	1332.8	4.4640	2.4612	3.3652	798.96	-0.0029118	2.5985e-05	0.098207	supercritical
500.00	553.00	173.23	0.0057728	1016.9	1336.1	4.4708	2.4646	3.3672	798.97	-0.0029508	2.5979e-05	0.098313	supercritical
501.00	553.00	172.89	0.0057841	1019.6	1339.5	4.4775	2.4681	3.3692	798.99	-0.0029901	2.5973e-05	0.098420	supercritical
502.00	553.00	172.55	0.0057955	1022.4	1342.9	4.4842	2.4715	3.3713	799.01	-0.0030297	2.5967e-05	0.098527	supercritical
503.00	553.00	172.21	0.0058068	1025.1	1346.2	4.4909	2.4749	3.3733	799.03	-0.0030696	2.5962e-05	0.098635	supercritical
504.00	553.00	171.88	0.0058182	1027.9	1349.6	4.4976	2.4784	3.3753	799.06	-0.0031099	2.5956e-05	0.098744	supercritical
505.00	553.00	171.54	0.0058295	1030.6	1353.0	4.5043	2.4818	3.3773	799.08	-0.0031504	2.5951e-05	0.098854	supercritical
506.00	553.00	171.21	0.0058408	1033.4	1356.4	4.5110	2.4852	3.3794	799.11	-0.0031913	2.5946e-05	0.098964	supercritical
507.00	553.00	170.88	0.0058521	1036.1	1359.8	4.5177	2.4887	3.3814	799.15	-0.0032325	2.5941e-05	0.099075	supercritical
508.00	553.00	170.55	0.0058635	1038.9	1363.1	4.5244	2.4921	3.3835	799.18	-0.0032739	2.5937e-05	0.099186	supercritical
509.00	553.00	170.22	0.0058748	1041.6	1366.5	4.5310	2.4956	3.3856	799.22	-0.0033156	2.5932e-05	0.099299	supercritical
510.00	553.00	169.89	0.0058861	1044.4	1369.9	4.5377	2.4990	3.3877	799.26	-0.0033577	2.5928e-05	0.099411	supercritical
511.00	553.00	169.57	0.0058974	1047.2	1373.3	4.5443	2.5025	3.3898	799.31	-0.0033999	2.5924e-05	0.099525	supercritical
512.00	553.00	169.24	0.0059087	1049.9	1376.7	4.5509	2.5059	3.3918	799.36	-0.0034425	2.5920e-05	0.099639	supercritical
513.00	553.00	168.92	0.0059201	1052.7	1380.1	4.5576	2.5094	3.3940	799.41	-0.0034853	2.5916e-05	0.099754	supercritical
514.00	553.00	168.60	0.0059314	1055.5	1383.5	4.5642	2.5128	3.3961	799.46	-0.0035283	2.5913e-05	0.099869	supercritical
515.00	553.00	168.27	0.0059427	1058.2	1386.9	4.5708	2.5163	3.3982	799.51	-0.0035716	2.5909e-05	0.099985	supercritical
516.00	553.00	167.96	0.0059540	1061.0	1390.3	4.5774	2.5197	3.4003	799.57	-0.0036152	2.5906e-05	0.10010	supercritical
517.00	553.00	167.64	0.0059653	1063.8	1393.7	4.5839	2.5232	3.4024	799.63	-0.0036589	2.5903e-05	0.10022	supercritical
518.00	553.00	167.32	0.0059766	1066.6	1397.1	4.5905	2.5266	3.4046	799.69	-0.0037029	2.5900e-05	0.10034	supercritical
519.00	553.00	167.00	0.0059879	1069.4	1400.5	4.5971	2.5301	3.4067	799.76	-0.0037471	2.5897e-05	0.10046	supercritical
520.00	553.00	166.69	0.0059991	1072.1	1403.9	4.6037	2.5335	3.4089	799.82	-0.0037916	2.5895e-05	0.10058	supercritical
521.00	553.00	166.38	0.0060104	1074.9	1407.3	4.6102	2.5370	3.4111	799.89	-0.0038362	2.5892e-05	0.10069	supercritical
522.00	553.00	166.07	0.0060217	1077.7	1410.7	4.6167	2.5405	3.4132	799.97	-0.0038811	2.5890e-05	0.10082	supercritical
523.00	553.00	165.76	0.0060330	1080.5	1414.1	4.6233	2.5439	3.4154	800.04	-0.0039261	2.5888e-05	0.10094	supercritical
524.00	553.00	165.45	0.0060443	1083.3	1417.5	4.6298	2.5474	3.4176	800.12	-0.0039713	2.5886e-05	0.10106	supercritical
525.00	553.00	165.14	0.0060556	1086.1	1421.0	4.6363	2.5508	3.4198	800.20	-0.0040168	2.5884e-05	0.10118	supercritical
526.00	553.00	164.83	0.0060668	1088.9	1424.4	4.6428	2.5543	3.4220	800.28	-0.0040624	2.5882e-05	0.10130	supercritical
527.00	553.00	164.53	0.0060781	1091.7	1427.8	4.6493	2.5578	3.4242	800.36	-0.0041082	2.5880e-05	0.10143	supercritical
528.00	553.00	164.22	0.0060894	1094.5	1431.2	4.6558	2.5612	3.4264	800.45	-0.0041541	2.5879e-05	0.10155	supercritical
529.00	553.00	163.92	0.0061006	1097.3	1434.7	4.6623	2.5647	3.4286	800.54	-0.0042003	2.5878e-05	0.10167	supercritical
530.00	553.00	163.62	0.0061119	1100.1	1438.1	4.6688	2.5682	3.4309	800.63	-0.0042466	2.5876e-05	0.10180	supercritical
531.00	553.00	163.32	0.0061231	1102.9	1441.5	4.6753	2.5716	3.4331	800.72	-0.0042930	2.5875e-05	0.10193	supercritical
532.00	553.00	163.02	0.0061344	1105.7	1445.0	4.6817	2.5751	3.4353	800.81	-0.0043396	2.5875e-05	0.10205	supercritical
533.00	553.00	162.72	0.0061456	1108.5	1448.4	4.6882	2.5786	3.4376	800.91	-0.0043864	2.5874e-05	0.10218	supercritical
534.00	553.00	162.42	0.0061569	1111.4	1451.8	4.6946	2.5821	3.4398	801.01	-0.0044333	2.5873e-05	0.10231	supercritical
535.00	553.00	162.12	0.0061681	1114.2	1455.3	4.7011	2.5855	3.4421	801.11	-0.0044803	2.5873e-05	0.10243	supercritical
536.00	553.00	161.83	0.0061794	1117.0	1458.7	4.7075	2.5890	3.4444	801.21	-0.0045275	2.5873e-05	0.10256	supercritical
537.00	553.00	161.54	0.0061906	1119.8	1462.2	4.7139	2.5925	3.4466	801.32	-0.0045748	2.5872e-05	0.10269	supercritical
538.00	553.00	161.24	0.0062018	1122.6	1465.6	4.7203	2.5959	3.4489	801.42	-0.0046222	2.5872e-05	0.10282	supercritical
539.00	553.00	160.95	0.0062131	1125.5	1469.1	4.7267	2.5994	3.4512	801.53	-0.0046697	2.5872e-05	0.10295	supercritical
540.00	553.00	160.66	0.0062243	1128.3	1472.5	4.7331	2.6029	3.4535	801.64	-0.0047174	2.5873e-05	0.10308	supercritical
541.00	553.00	160.37	0.0062355	1131.1	1476.0	4.7395	2.6064	3.4558	801.76	-0.0047652	2.5873e-05	0.10321	supercritical
542.00	553.00	160.08	0.0062467	1134.0	1479.4	4.7459	2.6098	3.4581	801.87	-0.0048131	2.5873e-05	0.10334	supercritical
543.00	553.00	159.80	0.0062579	1136.8	1482.9	4.7523	2.6133	3.4604	801.99	-0.0048611	2.5874e-05	0.10348	supercritical
544.00	553.00	159.51	0.0062692	1139.7	1486.3	4.7587	2.6168	3.4627	802.11	-0.0049092	2.5875e-05	0.10361	supercritical
545.00	553.00	159.23	0.0062804	1142.5	1489.8	4.7650	2.6203	3.4650	802.23	-0.0049573	2.5876e-05	0.10374	supercritical
546.00	553.00	158.94	0.0062916	1145.4	1493.3	4.7714	2.6237	3.4674	802.35	-0.0050056	2.5877e-05	0.10388	supercritical
547.00	553.00	158.66	0.0063028	1148.2	1496.7	4.7777	2.6272	3.4697	802.47	-0.0050540	2.5878e-05	0.10401	supercritical
548.00	553.00	158.38	0.0063140	1151.1	1500.2	4.7841	2.6307	3.4720	802.60	-0.0051025	2.5879e-05	0.10415	supercritical
549.00	553.00	158.10	0.0063252	1153.9	1503.7	4.7904	2.6342	3.4744	802.73	-0.0051510	2.5880e-05	0.10428	supercritical
550.00	553.00	157.82	0.0063364	1156.8	1507.2	4.7967	2.6376	3.4767	802.86	-0.0051996	2.5882e-05	0.10442	supercritical
551.00	553.00	157.54	0.0063476	1159.6	1510.6	4.8030	2.6411	3.4791	802.99	-0.0052483	2.5883e-05	0.10455	supercritical
552.00	553.00	157.26	0.0063587	1162.5	1514.1	4.8093	2.6446	3.4815	803.12	-0.0052971	2.5885e-05	0.10469	supercritical
553.00	553.00	156.99	0.0063699	1165.3	1517.6	4.8156	2.6481	3.4838	803.26	-0.0053459	2.5887e-05	0.10483	supercritical
554.00	553.00	156.71	0.0063811	1168.2	1521.1	4.8219	2.6515	3.4862	803.39	-0.0053948	2.5889e-05	0.10497	supercritical
555.00	553.00	156.44	0.0063923	1171.1	1524.6	4.8282	2.6550	3.4886	803.53	-0.0054438	2.5891e-05	0.10510	supercritical
556.00	553.00	156.17	0.0064035	1174.0	1528.1	4.8345	2.6585	3.4910	803.67	-0.0054928	2.5893e-05	0.10524	supercritical
557.00	553.00	155.89	0.0064146	1176.8	1531.6	4.8408	2.6620	3.4933	803.81	-0.0055419	2.5895e-05	0.10538	supercritical
558.00	553.00	155.62	0.0064258	1179.7	1535.1	4.8471	2.6655	3.4957	803.95	-0.0055910	2.5897e-05	0.10552	supercritical
559.00	553.00	155.35	0.0064370	1182.6	1538.5	4.8533	2.6689	3.4981	804.10	-0.0056402	2.5900e-05	0.10566	supercritical
560.00	553.00	155.08	0.0064481	1185.5	1542.0	4.8596	2.6724	3.5005	804.25	-0.0056894	2.5902e-05	0.10580	supercritical
561.00	553.00	154.82	0.0064593	1188.4	1545.6	4.8658	2.6759	3.5030	804.39	-0.0057386	2.5905e-05	0.10595	supercritical
562.00	553.00	154.55	0.0064704	1191.2	1549.1	4.8721	2.6794	3.5054	804.54	-0.0057879	2.5908e-05	0.10609	supercritical
563.00	553.00	154.28	0.0064816	1194.1	1552.6	4.8783	2.6828	3.5078	804.69	-0.0058372	2.5911e-05	0.10623	supercritical
564.00	553.00	154.02	0.0064927	1197.0	1556.1	4.8845	2.6863	3.5102	804.85	-0.0058866	2.5914e-05	0.10637	supercritical
565.00	553.00	153.75	0.0065039	1199.9	1559.6	4.8907	2.6898	3.5126	805.00	-0.0059360	2.5917e-05	0.10652	supercritical
566.00	553.00	153.49	0.0065150	1202.8	1563.1	4.8970	2.6933	3.5151	805.16	-0.0059854	2.5920e-05	0.10666	supercritical
567.00	553.00	153.23	0.0065262	1205.7	1566.6	4.9032	2.6967	3.5175	805.31	-0.0060349	2.5923e-05	0.10680	supercritical
568.00	553.00	152.97	0.0065373	1208.6	1570.1	4.9094	2.7002	3.5200	805.47	-0.0060843	2.5927e-05	0.10695	supercritical
569.00	553.00	152.71	0.0065484	1211.5	1573.7	4.9156	2.7037	3.5224	805.63	-0.0061338	2.5930e-05	0.10709	supercritical
570.00	553.00	152.45	0.0065595	1214.4	1577.2	4.9217	2.7072	3.5249	805.79	-0.0061833	2.5934e-05	0.10724	supercritical
571.00	553.00	152.19	0.0065707	1217.3	1580.7	4.9279	2.7106	3.5273	805.96	-0.0062328	2.5938e-05	0.10738	supercritical
572.00	553.00	151.93	0.0065818	1220.3	1584.2	4.9341	2.7141	3.5298	806.12	-0.0062823	2.5941e-05	0.10753	supercritical
573.00	553.00	151.68	0.0065929	1223.2	1587.8	4.9403	2.7176	3.5322	806.29	-0.0063319	2.5945e-05	0.10768	supercritical
574.00	553.00	151.42	0.0066040	1226.1	1591.3	4.9464	2.7211	3.5347	806.45	-0.0063814	2.5949e-05	0.10782	supercritical
575.00	553.00	151.17	0.0066151	1229.0	1594.8	4.9526	2.7245	3.5372	806.62	-0.0064309	2.5953e-05	0.10797	supercritical
576.00	553.00	150.92	0.0066262	1231.9	1598.4	4.9587	2.7280	3.5397	806.79	-0.0064805	2.5957e-05	0.10812	supercritical
577.00	553.00	150.66	0.0066373	1234.9	1601.9	4.9649	2.7315	3.5422	806.96	-0.0065300	2.5962e-05	0.10827	supercritical
578.00	553.00	150.41	0.0066484	1237.8	1605.5	4.9710	2.7349	3.5446	807.14	-0.0065796	2.5966e-05	0.10842	supercritical
579.00	553.00	150.16	0.0066595	1240.7	1609.0	4.9771	2.7384	3.5471	807.31	-0.0066291	2.5971e-05	0.10857	supercritical
580.00	553.00	149.91	0.0066706	1243.7	1612.5	4.9833	2.7419	3.5496	807.49	-0.0066786	2.5975e-05	0.10872	supercritical
581.00	553.00	149.66	0.0066817	1246.6	1616.1	4.9894	2.7454	3.5521	807.66	-0.0067281	2.5980e-05	0.10887	supercritical
582.00	553.00	149.41	0.0066928	1249.5	1619.7	4.9955	2.7488	3.5546	807.84	-0.0067776	2.5984e-05	0.10902	supercritical
583.00	553.00	149.17	0.0067039	1252.5	1623.2	5.0016	2.7523	3.5571	808.02	-0.0068271	2.5989e-05	0.10917	supercritical
584.00	553.00	148.92	0.0067150	1255.4	1626.8	5.0077	2.7558	3.5597	808.20	-0.0068766	2.5994e-05	0.10932	supercritical
585.00	553.00	148.68	0.0067261	1258.4	1630.3	5.0138	2.7592	3.5622	808.38	-0.0069260	2.5999e-05	0.10947	supercritical
586.00	553.00	148.43	0.0067371	1261.3	1633.9	5.0199	2.7627	3.5647	808.56	-0.0069754	2.6004e-05	0.10962	supercritical
587.00	553.00	148.19	0.0067482	1264.3	1637.5	5.0260	2.7662	3.5672	808.75	-0.0070248	2.6009e-05	0.10978	supercritical
588.00	553.00	147.94	0.0067593	1267.2	1641.0	5.0320	2.7696	3.5697	808.93	-0.0070742	2.6015e-05	0.10993	supercritical
589.00	553.00	147.70	0.0067703	1270.2	1644.6	5.0381	2.7731	3.5723	809.12	-0.0071236	2.6020e-05	0.11008	supercritical
590.00	553.00	147.46	0.0067814	1273.2	1648.2	5.0442	2.7766	3.5748	809.31	-0.0071729	2.6025e-05	0.11024	supercritical
591.00	553.00	147.22	0.0067925	1276.1	1651.7	5.0502	2.7800	3.5774	809.50	-0.0072222	2.6031e-05	0.11039	supercritical
592.00	553.00	146.98	0.0068035	1279.1	1655.3	5.0563	2.7835	3.5799	809.69	-0.0072714	2.6036e-05	0.11055	supercritical
593.00	553.00	146.74	0.0068146	1282.1	1658.9	5.0623	2.7869	3.5824	809.88	-0.0073207	2.6042e-05	0.11070	supercritical
594.00	553.00	146.51	0.0068256	1285.0	1662.5	5.0683	2.7904	3.5850	810.07	-0.0073699	2.6048e-05	0.11086	supercritical
595.00	553.00	146.27	0.0068366	1288.0	1666.1	5.0744	2.7939	3.5875	810.26	-0.0074190	2.6054e-05	0.11101	supercritical
596.00	553.00	146.03	0.0068477	1291.0	1669.7	5.0804	2.7973	3.5901	810.46	-0.0074681	2.6060e-05	0.11117	supercritical
597.00	553.00	145.80	0.0068587	1294.0	1673.3	5.0864	2.8008	3.5927	810.65	-0.0075172	2.6065e-05	0.11132	supercritical
598.00	553.00	145.57	0.0068698	1297.0	1676.8	5.0924	2.8042	3.5952	810.85	-0.0075662	2.6072e-05	0.11148	supercritical
599.00	553.00	145.33	0.0068808	1299.9	1680.4	5.0984	2.8077	3.5978	811.05	-0.0076152	2.6078e-05	0.11164	supercritical
600.00	553.00	145.10	0.0068918	1302.9	1684.0	5.1045	2.8111	3.6004	811.25	-0.0076641	2.6084e-05	0.11180	supercritical
601.00	553.00	144.87	0.0069028	1305.9	1687.6	5.1104	2.8146	3.6029	811.45	-0.0077130	2.6090e-05	0.11196	supercritical
602.00	553.00	144.64	0.0069139	1308.9	1691.3	5.1164	2.8181	3.6055	811.65	-0.0077619	2.6096e-05	0.11211	supercritical
603.00	553.00	144.41	0.0069249	1311.9	1694.9	5.1224	2.8215	3.6081	811.85	-0.0078107	2.6103e-05	0.11227	supercritical
604.00	553.00	144.18	0.0069359	1314.9	1698.5	5.1284	2.8250	3.6107	812.05	-0.0078594	2.6109e-05	0.11243	supercritical
605.00	553.00	143.95	0.0069469	1317.9	1702.1	5.1344	2.8284	3.6133	812.26	-0.0079081	2.6116e-05	0.11259	supercritical
606.00	553.00	143.72	0.0069579	1320.9	1705.7	5.1404	2.8319	3.6159	812.46	-0.0079567	2.6123e-05	0.11275	supercritical
607.00	553.00	143.49	0.0069689	1323.9	1709.3	5.1463	2.8353	3.6184	812.67	-0.0080053	2.6129e-05	0.11291	supercritical
608.00	553.00	143.27	0.0069799	1326.9	1712.9	5.1523	2.8388	3.6210	812.87	-0.0080538	2.6136e-05	0.11307	supercritical
609.00	553.00	143.04	0.0069909	1330.0	1716.6	5.1582	2.8422	3.6236	813.08	-0.0081023	2.6143e-05	0.11323	supercritical
610.00	553.00	142.82	0.0070019	1333.0	1720.2	5.1642	2.8456	3.6262	813.29	-0.0081507	2.6150e-05	0.11339	supercritical
611.00	553.00	142.59	0.0070129	1336.0	1723.8	5.1701	2.8491	3.6288	813.50	-0.0081990	2.6157e-05	0.11356	supercritical
612.00	553.00	142.37	0.0070239	1339.0	1727.4	5.1761	2.8525	3.6315	813.71	-0.0082473	2.6164e-05	0.11372	supercritical
613.00	553.00	142.15	0.0070349	1342.0	1731.1	5.1820	2.8560	3.6341	813.92	-0.0082955	2.6171e-05	0.11388	supercritical
614.00	553.00	141.93	0.0070459	1345.1	1734.7	5.1879	2.8594	3.6367	814.13	-0.0083436	2.6178e-05	0.11404	supercritical
615.00	553.00	141.71	0.0070569	1348.1	1738.3	5.1938	2.8629	3.6393	814.35	-0.0083917	2.6185e-05	0.11421	supercritical
616.00	553.00	141.49	0.0070678	1351.1	1742.0	5.1997	2.8663	3.6419	814.56	-0.0084397	2.6193e-05	0.11437	supercritical
617.00	553.00	141.27	0.0070788	1354.2	1745.6	5.2057	2.8697	3.6445	814.78	-0.0084877	2.6200e-05	0.11453	supercritical
618.00	553.00	141.05	0.0070898	1357.2	1749.3	5.2116	2.8732	3.6471	814.99	-0.0085356	2.6208e-05	0.11470	supercritical
619.00	553.00	140.83	0.0071007	1360.2	1752.9	5.2175	2.8766	3.6498	815.21	-0.0085834	2.6215e-05	0.11486	supercritical
620.00	553.00	140.61	0.0071117	1363.3	1756.6	5.2234	2.8800	3.6524	815.43	-0.0086311	2.6223e-05	0.11503	supercritical
621.00	553.00	140.40	0.0071227	1366.3	1760.2	5.2292	2.8835	3.6550	815.65	-0.0086787	2.6230e-05	0.11519	supercritical
622.00	553.00	140.18	0.0071336	1369.4	1763.9	5.2351	2.8869	3.6577	815.87	-0.0087263	2.6238e-05	0.11536	supercritical
623.00	553.00	139.97	0.0071446	1372.4	1767.5	5.2410	2.8903	3.6603	816.09	-0.0087738	2.6246e-05	0.11552	supercritical
624.00	553.00	139.75	0.0071555	1375.5	1771.2	5.2469	2.8938	3.6629	816.31	-0.0088213	2.6254e-05	0.11569	supercritical
625.00	553.00	139.54	0.0071665	1378.6	1774.9	5.2527	2.8972	3.6656	816.53	-0.0088686	2.6262e-05	0.11586	supercritical
