Temperature (K)	Pressure (bar)	Density (kg/m3)	Volume (m3/kg)	Internal Energy (kJ/kg)	Enthalpy (kJ/kg)	Entropy (J/g*K)	Cv (J/g*K)	Cp (J/g*K)	Sound Spd. (m/s)	Joule-Thomson (K/bar)	Viscosity (Pa*s)	Therm. Cond. (W/m*K)	Phase
106.00	612.00	467.54	0.0021389	-51.543	79.356	-0.52562	2.2106	3.1955	1772.8	-0.052268	0.00023726	0.24401	liquid
107.00	612.00	466.57	0.0021433	-48.619	82.551	-0.49562	2.2065	3.1950	1767.1	-0.052227	0.00023041	0.24302	liquid
108.00	612.00	465.61	0.0021477	-45.696	85.746	-0.46590	2.2023	3.1945	1761.4	-0.052184	0.00022394	0.24202	liquid
109.00	612.00	464.64	0.0021522	-42.775	88.940	-0.43646	2.1982	3.1940	1755.6	-0.052141	0.00021782	0.24102	liquid
110.00	612.00	463.68	0.0021567	-39.855	92.134	-0.40729	2.1942	3.1935	1749.9	-0.052096	0.00021203	0.24000	liquid
111.00	612.00	462.71	0.0021612	-36.936	95.327	-0.37840	2.1902	3.1930	1744.1	-0.052050	0.00020654	0.23899	liquid
112.00	612.00	461.75	0.0021657	-34.019	98.520	-0.34976	2.1862	3.1926	1738.4	-0.052003	0.00020133	0.23796	liquid
113.00	612.00	460.79	0.0021702	-31.104	101.71	-0.32138	2.1822	3.1921	1732.7	-0.051955	0.00019639	0.23694	liquid
114.00	612.00	459.83	0.0021747	-28.189	104.90	-0.29326	2.1782	3.1916	1727.0	-0.051906	0.00019169	0.23590	liquid
115.00	612.00	458.87	0.0021793	-25.277	108.10	-0.26539	2.1743	3.1911	1721.2	-0.051856	0.00018722	0.23487	liquid
116.00	612.00	457.91	0.0021838	-22.365	111.29	-0.23776	2.1704	3.1906	1715.5	-0.051805	0.00018296	0.23383	liquid
117.00	612.00	456.95	0.0021884	-19.456	114.48	-0.21038	2.1665	3.1901	1709.8	-0.051753	0.00017890	0.23279	liquid
118.00	612.00	455.99	0.0021930	-16.547	117.67	-0.18323	2.1627	3.1896	1704.1	-0.051700	0.00017502	0.23174	liquid
119.00	612.00	455.03	0.0021977	-13.641	120.86	-0.15632	2.1588	3.1890	1698.4	-0.051646	0.00017132	0.23069	liquid
120.00	612.00	454.07	0.0022023	-10.736	124.04	-0.12963	2.1550	3.1885	1692.8	-0.051591	0.00016778	0.22964	liquid
121.00	612.00	453.12	0.0022069	-7.8323	127.23	-0.10317	2.1512	3.1880	1687.1	-0.051535	0.00016439	0.22859	liquid
122.00	612.00	452.16	0.0022116	-4.9304	130.42	-0.076937	2.1474	3.1874	1681.4	-0.051479	0.00016115	0.22754	liquid
123.00	612.00	451.20	0.0022163	-2.0301	133.61	-0.050919	2.1437	3.1868	1675.8	-0.051421	0.00015803	0.22649	liquid
124.00	612.00	450.25	0.0022210	0.86849	136.79	-0.025117	2.1400	3.1863	1670.2	-0.051362	0.00015505	0.22544	liquid
125.00	612.00	449.29	0.0022257	3.7655	139.98	0.00047318	2.1362	3.1857	1664.5	-0.051302	0.00015218	0.22438	liquid
126.00	612.00	448.34	0.0022305	6.6607	143.17	0.025855	2.1325	3.1851	1658.9	-0.051241	0.00014942	0.22333	liquid
127.00	612.00	447.38	0.0022352	9.5543	146.35	0.051031	2.1289	3.1845	1653.3	-0.051179	0.00014677	0.22227	liquid
128.00	612.00	446.43	0.0022400	12.446	149.53	0.076005	2.1252	3.1839	1647.8	-0.051116	0.00014422	0.22122	liquid
129.00	612.00	445.48	0.0022448	15.336	152.72	0.10078	2.1216	3.1833	1642.2	-0.051052	0.00014176	0.22017	liquid
130.00	612.00	444.52	0.0022496	18.225	155.90	0.12536	2.1180	3.1827	1636.6	-0.050987	0.00013939	0.21911	liquid
131.00	612.00	443.57	0.0022544	21.111	159.08	0.14975	2.1144	3.1820	1631.1	-0.050921	0.00013710	0.21806	liquid
132.00	612.00	442.62	0.0022593	23.996	162.26	0.17394	2.1108	3.1814	1625.6	-0.050854	0.00013489	0.21701	liquid
133.00	612.00	441.67	0.0022642	26.880	165.45	0.19795	2.1073	3.1808	1620.1	-0.050786	0.00013276	0.21597	liquid
134.00	612.00	440.71	0.0022690	29.761	168.63	0.22177	2.1038	3.1801	1614.6	-0.050716	0.00013070	0.21492	liquid
135.00	612.00	439.76	0.0022739	32.640	171.81	0.24542	2.1003	3.1795	1609.1	-0.050645	0.00012871	0.21388	liquid
136.00	612.00	438.81	0.0022789	35.518	174.99	0.26888	2.0968	3.1789	1603.6	-0.050574	0.00012678	0.21283	liquid
137.00	612.00	437.86	0.0022838	38.394	178.16	0.29216	2.0934	3.1782	1598.2	-0.050501	0.00012491	0.21179	liquid
138.00	612.00	436.91	0.0022888	41.268	181.34	0.31528	2.0899	3.1776	1592.8	-0.050427	0.00012309	0.21076	liquid
139.00	612.00	435.96	0.0022938	44.140	184.52	0.33822	2.0865	3.1769	1587.3	-0.050351	0.00012134	0.20972	liquid
140.00	612.00	435.01	0.0022988	47.011	187.70	0.36099	2.0832	3.1763	1581.9	-0.050275	0.00011963	0.20869	liquid
141.00	612.00	434.07	0.0023038	49.879	190.87	0.38359	2.0798	3.1756	1576.6	-0.050197	0.00011798	0.20766	liquid
142.00	612.00	433.12	0.0023088	52.746	194.05	0.40603	2.0765	3.1749	1571.2	-0.050118	0.00011637	0.20664	liquid
143.00	612.00	432.17	0.0023139	55.610	197.22	0.42831	2.0732	3.1743	1565.9	-0.050037	0.00011481	0.20561	liquid
144.00	612.00	431.22	0.0023190	58.473	200.40	0.45043	2.0699	3.1736	1560.5	-0.049956	0.00011329	0.20459	liquid
145.00	612.00	430.28	0.0023241	61.334	203.57	0.47239	2.0667	3.1730	1555.2	-0.049873	0.00011182	0.20358	liquid
146.00	612.00	429.33	0.0023292	64.193	206.74	0.49419	2.0635	3.1723	1549.9	-0.049789	0.00011038	0.20257	liquid
147.00	612.00	428.38	0.0023344	67.050	209.91	0.51585	2.0603	3.1717	1544.6	-0.049703	0.00010898	0.20156	liquid
148.00	612.00	427.44	0.0023395	69.906	213.08	0.53735	2.0571	3.1711	1539.4	-0.049617	0.00010762	0.20055	liquid
149.00	612.00	426.49	0.0023447	72.759	216.26	0.55870	2.0540	3.1704	1534.2	-0.049528	0.00010629	0.19955	liquid
150.00	612.00	425.55	0.0023499	75.610	219.43	0.57990	2.0508	3.1698	1528.9	-0.049439	0.00010500	0.19855	liquid
151.00	612.00	424.60	0.0023552	78.460	222.59	0.60096	2.0478	3.1691	1523.7	-0.049348	0.00010374	0.19756	liquid
152.00	612.00	423.66	0.0023604	81.307	225.76	0.62188	2.0447	3.1685	1518.5	-0.049256	0.00010251	0.19657	liquid
153.00	612.00	422.71	0.0023657	84.153	228.93	0.64266	2.0417	3.1679	1513.4	-0.049162	0.00010131	0.19559	liquid
154.00	612.00	421.77	0.0023710	86.996	232.10	0.66329	2.0387	3.1673	1508.2	-0.049067	0.00010014	0.19461	liquid
155.00	612.00	420.82	0.0023763	89.838	235.27	0.68379	2.0357	3.1666	1503.1	-0.048971	9.8990e-05	0.19363	liquid
156.00	612.00	419.88	0.0023816	92.678	238.43	0.70415	2.0327	3.1660	1498.0	-0.048873	9.7872e-05	0.19266	liquid
157.00	612.00	418.94	0.0023870	95.515	241.60	0.72438	2.0298	3.1654	1492.9	-0.048774	9.6779e-05	0.19169	liquid
158.00	612.00	418.00	0.0023924	98.351	244.76	0.74448	2.0269	3.1648	1487.8	-0.048674	9.5711e-05	0.19073	liquid
159.00	612.00	417.06	0.0023978	101.19	247.93	0.76444	2.0241	3.1642	1482.8	-0.048572	9.4667e-05	0.18978	liquid
160.00	612.00	416.11	0.0024032	104.02	251.09	0.78428	2.0212	3.1636	1477.8	-0.048468	9.3645e-05	0.18882	liquid
161.00	612.00	415.17	0.0024086	106.85	254.26	0.80399	2.0184	3.1630	1472.7	-0.048363	9.2646e-05	0.18788	liquid
162.00	612.00	414.23	0.0024141	109.67	257.42	0.82357	2.0157	3.1625	1467.8	-0.048257	9.1667e-05	0.18693	liquid
163.00	612.00	413.29	0.0024196	112.50	260.58	0.84303	2.0129	3.1619	1462.8	-0.048149	9.0710e-05	0.18599	liquid
164.00	612.00	412.35	0.0024251	115.32	263.74	0.86237	2.0102	3.1613	1457.8	-0.048040	8.9772e-05	0.18506	liquid
165.00	612.00	411.41	0.0024307	118.15	266.90	0.88158	2.0075	3.1608	1452.9	-0.047929	8.8853e-05	0.18413	liquid
166.00	612.00	410.47	0.0024362	120.97	270.06	0.90068	2.0049	3.1602	1448.0	-0.047817	8.7953e-05	0.18321	liquid
167.00	612.00	409.53	0.0024418	123.79	273.22	0.91966	2.0022	3.1597	1443.1	-0.047703	8.7072e-05	0.18229	liquid
168.00	612.00	408.60	0.0024474	126.60	276.38	0.93852	1.9996	3.1591	1438.2	-0.047588	8.6207e-05	0.18138	liquid
169.00	612.00	407.66	0.0024530	129.42	279.54	0.95727	1.9971	3.1586	1433.4	-0.047471	8.5360e-05	0.18047	liquid
170.00	612.00	406.72	0.0024587	132.23	282.70	0.97590	1.9945	3.1581	1428.5	-0.047353	8.4529e-05	0.17957	liquid
171.00	612.00	405.78	0.0024644	135.04	285.86	0.99442	1.9920	3.1576	1423.7	-0.047234	8.3714e-05	0.17868	liquid
172.00	612.00	404.85	0.0024701	137.85	289.02	1.0128	1.9895	3.1571	1418.9	-0.047113	8.2914e-05	0.17778	liquid
173.00	612.00	403.91	0.0024758	140.65	292.17	1.0311	1.9871	3.1566	1414.2	-0.046990	8.2129e-05	0.17690	liquid
174.00	612.00	402.97	0.0024815	143.46	295.33	1.0493	1.9847	3.1561	1409.4	-0.046866	8.1359e-05	0.17602	liquid
175.00	612.00	402.04	0.0024873	146.26	298.48	1.0674	1.9823	3.1556	1404.7	-0.046740	8.0603e-05	0.17514	liquid
176.00	612.00	401.10	0.0024931	149.06	301.64	1.0854	1.9799	3.1551	1400.0	-0.046613	7.9861e-05	0.17427	liquid
177.00	612.00	400.17	0.0024989	151.86	304.79	1.1033	1.9776	3.1547	1395.3	-0.046485	7.9132e-05	0.17341	liquid
178.00	612.00	399.24	0.0025048	154.66	307.95	1.1210	1.9753	3.1542	1390.6	-0.046354	7.8416e-05	0.17255	liquid
179.00	612.00	398.30	0.0025107	157.45	311.10	1.1387	1.9730	3.1538	1386.0	-0.046223	7.7713e-05	0.17170	liquid
180.00	612.00	397.37	0.0025165	160.24	314.26	1.1563	1.9708	3.1533	1381.4	-0.046090	7.7022e-05	0.17085	liquid
181.00	612.00	396.44	0.0025225	163.03	317.41	1.1737	1.9686	3.1529	1376.8	-0.045955	7.6344e-05	0.17001	liquid
182.00	612.00	395.51	0.0025284	165.82	320.56	1.1911	1.9664	3.1525	1372.2	-0.045819	7.5676e-05	0.16917	liquid
183.00	612.00	394.57	0.0025344	168.61	323.71	1.2084	1.9643	3.1521	1367.6	-0.045682	7.5021e-05	0.16834	liquid
184.00	612.00	393.64	0.0025404	171.40	326.87	1.2256	1.9621	3.1517	1363.1	-0.045542	7.4376e-05	0.16752	liquid
185.00	612.00	392.71	0.0025464	174.18	330.02	1.2426	1.9601	3.1513	1358.6	-0.045402	7.3742e-05	0.16670	liquid
186.00	612.00	391.78	0.0025524	176.96	333.17	1.2596	1.9580	3.1509	1354.1	-0.045260	7.3119e-05	0.16588	liquid
187.00	612.00	390.85	0.0025585	179.74	336.32	1.2765	1.9560	3.1505	1349.6	-0.045116	7.2506e-05	0.16507	liquid
188.00	612.00	389.93	0.0025646	182.52	339.47	1.2933	1.9540	3.1501	1345.2	-0.044971	7.1903e-05	0.16427	liquid
189.00	612.00	389.00	0.0025707	185.29	342.62	1.3100	1.9521	3.1498	1340.7	-0.044825	7.1309e-05	0.16348	liquid
190.00	612.00	388.07	0.0025769	188.07	345.77	1.3267	1.9501	3.1494	1336.3	-0.044677	7.0726e-05	0.16269	liquid
191.00	612.00	387.14	0.0025830	190.84	348.92	1.3432	1.9482	3.1491	1331.9	-0.044528	7.0151e-05	0.16190	supercritical
192.00	612.00	386.22	0.0025892	193.61	352.07	1.3596	1.9464	3.1487	1327.6	-0.044377	6.9586e-05	0.16112	supercritical
193.00	612.00	385.29	0.0025954	196.38	355.22	1.3760	1.9445	3.1484	1323.2	-0.044225	6.9030e-05	0.16034	supercritical
194.00	612.00	384.37	0.0026017	199.14	358.36	1.3923	1.9427	3.1481	1318.9	-0.044071	6.8482e-05	0.15957	supercritical
195.00	612.00	383.44	0.0026080	201.91	361.51	1.4084	1.9410	3.1478	1314.6	-0.043916	6.7943e-05	0.15881	supercritical
196.00	612.00	382.52	0.0026143	204.67	364.66	1.4245	1.9392	3.1475	1310.3	-0.043759	6.7412e-05	0.15805	supercritical
197.00	612.00	381.59	0.0026206	207.43	367.81	1.4406	1.9375	3.1472	1306.1	-0.043601	6.6889e-05	0.15730	supercritical
198.00	612.00	380.67	0.0026269	210.19	370.95	1.4565	1.9358	3.1469	1301.8	-0.043442	6.6374e-05	0.15655	supercritical
199.00	612.00	379.75	0.0026333	212.94	374.10	1.4724	1.9342	3.1466	1297.6	-0.043281	6.5867e-05	0.15581	supercritical
200.00	612.00	378.83	0.0026397	215.70	377.25	1.4881	1.9326	3.1464	1293.4	-0.043119	6.5368e-05	0.15507	supercritical
201.00	612.00	377.91	0.0026461	218.45	380.39	1.5038	1.9310	3.1461	1289.3	-0.042955	6.4876e-05	0.15434	supercritical
202.00	612.00	376.99	0.0026526	221.20	383.54	1.5194	1.9295	3.1459	1285.1	-0.042790	6.4392e-05	0.15362	supercritical
203.00	612.00	376.07	0.0026591	223.95	386.69	1.5350	1.9279	3.1456	1281.0	-0.042624	6.3914e-05	0.15290	supercritical
204.00	612.00	375.15	0.0026656	226.70	389.83	1.5504	1.9265	3.1454	1276.9	-0.042457	6.3444e-05	0.15219	supercritical
205.00	612.00	374.24	0.0026721	229.44	392.98	1.5658	1.9250	3.1452	1272.8	-0.042288	6.2980e-05	0.15148	supercritical
206.00	612.00	373.32	0.0026787	232.19	396.12	1.5811	1.9236	3.1449	1268.7	-0.042117	6.2523e-05	0.15078	supercritical
207.00	612.00	372.40	0.0026853	234.93	399.27	1.5963	1.9222	3.1447	1264.7	-0.041946	6.2073e-05	0.15008	supercritical
208.00	612.00	371.49	0.0026919	237.67	402.41	1.6115	1.9208	3.1445	1260.7	-0.041773	6.1629e-05	0.14939	supercritical
209.00	612.00	370.57	0.0026985	240.41	405.56	1.6266	1.9195	3.1443	1256.7	-0.041599	6.1191e-05	0.14871	supercritical
210.00	612.00	369.66	0.0027052	243.14	408.70	1.6416	1.9182	3.1442	1252.7	-0.041424	6.0760e-05	0.14803	supercritical
211.00	612.00	368.75	0.0027119	245.88	411.84	1.6565	1.9170	3.1440	1248.8	-0.041247	6.0334e-05	0.14735	supercritical
212.00	612.00	367.84	0.0027186	248.61	414.99	1.6714	1.9157	3.1438	1244.9	-0.041069	5.9915e-05	0.14669	supercritical
213.00	612.00	366.93	0.0027253	251.34	418.13	1.6862	1.9145	3.1436	1241.0	-0.040890	5.9502e-05	0.14602	supercritical
214.00	612.00	366.02	0.0027321	254.07	421.28	1.7009	1.9134	3.1435	1237.1	-0.040710	5.9094e-05	0.14537	supercritical
215.00	612.00	365.11	0.0027389	256.80	424.42	1.7156	1.9122	3.1433	1233.2	-0.040529	5.8692e-05	0.14472	supercritical
216.00	612.00	364.20	0.0027457	259.52	427.56	1.7301	1.9111	3.1432	1229.4	-0.040346	5.8295e-05	0.14407	supercritical
217.00	612.00	363.29	0.0027526	262.25	430.71	1.7447	1.9101	3.1431	1225.6	-0.040162	5.7904e-05	0.14343	supercritical
218.00	612.00	362.39	0.0027595	264.97	433.85	1.7591	1.9090	3.1429	1221.8	-0.039977	5.7518e-05	0.14279	supercritical
219.00	612.00	361.48	0.0027664	267.69	436.99	1.7735	1.9080	3.1428	1218.0	-0.039791	5.7137e-05	0.14216	supercritical
220.00	612.00	360.58	0.0027733	270.41	440.13	1.7878	1.9070	3.1427	1214.3	-0.039604	5.6762e-05	0.14154	supercritical
221.00	612.00	359.68	0.0027803	273.12	443.28	1.8021	1.9061	3.1426	1210.6	-0.039416	5.6391e-05	0.14092	supercritical
222.00	612.00	358.77	0.0027873	275.84	446.42	1.8162	1.9052	3.1425	1206.9	-0.039227	5.6026e-05	0.14031	supercritical
223.00	612.00	357.87	0.0027943	278.55	449.56	1.8304	1.9043	3.1424	1203.2	-0.039037	5.5665e-05	0.13970	supercritical
224.00	612.00	356.97	0.0028013	281.26	452.70	1.8444	1.9035	3.1423	1199.5	-0.038846	5.5309e-05	0.13910	supercritical
225.00	612.00	356.07	0.0028084	283.97	455.85	1.8584	1.9026	3.1422	1195.9	-0.038654	5.4958e-05	0.13850	supercritical
226.00	612.00	355.18	0.0028155	286.68	458.99	1.8724	1.9018	3.1422	1192.3	-0.038460	5.4611e-05	0.13791	supercritical
227.00	612.00	354.28	0.0028226	289.39	462.13	1.8862	1.9011	3.1421	1188.7	-0.038266	5.4269e-05	0.13732	supercritical
228.00	612.00	353.39	0.0028298	292.09	465.27	1.9000	1.9004	3.1420	1185.1	-0.038071	5.3932e-05	0.13674	supercritical
229.00	612.00	352.49	0.0028370	294.79	468.41	1.9138	1.8997	3.1420	1181.6	-0.037875	5.3598e-05	0.13617	supercritical
230.00	612.00	351.60	0.0028442	297.49	471.56	1.9275	1.8990	3.1419	1178.1	-0.037678	5.3270e-05	0.13560	supercritical
231.00	612.00	350.71	0.0028514	300.19	474.70	1.9411	1.8984	3.1419	1174.6	-0.037481	5.2945e-05	0.13503	supercritical
232.00	612.00	349.82	0.0028586	302.89	477.84	1.9547	1.8978	3.1418	1171.1	-0.037282	5.2624e-05	0.13447	supercritical
233.00	612.00	348.93	0.0028659	305.59	480.98	1.9682	1.8972	3.1418	1167.7	-0.037083	5.2308e-05	0.13392	supercritical
234.00	612.00	348.04	0.0028732	308.28	484.12	1.9817	1.8967	3.1418	1164.2	-0.036883	5.1996e-05	0.13337	supercritical
235.00	612.00	347.15	0.0028806	310.97	487.27	1.9951	1.8962	3.1418	1160.8	-0.036682	5.1687e-05	0.13283	supercritical
236.00	612.00	346.27	0.0028880	313.66	490.41	2.0084	1.8957	3.1418	1157.4	-0.036480	5.1383e-05	0.13229	supercritical
237.00	612.00	345.38	0.0028953	316.35	493.55	2.0217	1.8953	3.1417	1154.1	-0.036278	5.1082e-05	0.13175	supercritical
238.00	612.00	344.50	0.0029028	319.04	496.69	2.0349	1.8949	3.1417	1150.8	-0.036075	5.0785e-05	0.13123	supercritical
239.00	612.00	343.62	0.0029102	321.73	499.83	2.0481	1.8945	3.1417	1147.4	-0.035871	5.0492e-05	0.13070	supercritical
240.00	612.00	342.74	0.0029177	324.41	502.97	2.0612	1.8941	3.1417	1144.1	-0.035667	5.0202e-05	0.13018	supercritical
241.00	612.00	341.86	0.0029252	327.09	506.12	2.0743	1.8938	3.1418	1140.9	-0.035462	4.9917e-05	0.12967	supercritical
242.00	612.00	340.98	0.0029327	329.78	509.26	2.0873	1.8935	3.1418	1137.6	-0.035256	4.9634e-05	0.12916	supercritical
243.00	612.00	340.10	0.0029403	332.45	512.40	2.1002	1.8933	3.1418	1134.4	-0.035050	4.9355e-05	0.12866	supercritical
244.00	612.00	339.23	0.0029479	335.13	515.54	2.1131	1.8931	3.1418	1131.2	-0.034843	4.9080e-05	0.12816	supercritical
245.00	612.00	338.36	0.0029555	337.81	518.68	2.1260	1.8929	3.1418	1128.0	-0.034636	4.8808e-05	0.12767	supercritical
246.00	612.00	337.48	0.0029631	340.48	521.83	2.1388	1.8927	3.1419	1124.9	-0.034428	4.8539e-05	0.12718	supercritical
247.00	612.00	336.61	0.0029708	343.16	524.97	2.1515	1.8926	3.1419	1121.7	-0.034220	4.8274e-05	0.12670	supercritical
248.00	612.00	335.74	0.0029785	345.83	528.11	2.1642	1.8925	3.1420	1118.6	-0.034012	4.8012e-05	0.12622	supercritical
249.00	612.00	334.88	0.0029862	348.50	531.25	2.1769	1.8924	3.1420	1115.5	-0.033803	4.7753e-05	0.12575	supercritical
250.00	612.00	334.01	0.0029939	351.17	534.39	2.1895	1.8923	3.1421	1112.5	-0.033594	4.7497e-05	0.12528	supercritical
251.00	612.00	333.15	0.0030017	353.83	537.54	2.2020	1.8923	3.1421	1109.4	-0.033384	4.7244e-05	0.12482	supercritical
252.00	612.00	332.28	0.0030095	356.50	540.68	2.2145	1.8923	3.1422	1106.4	-0.033174	4.6995e-05	0.12436	supercritical
253.00	612.00	331.42	0.0030173	359.16	543.82	2.2269	1.8924	3.1422	1103.4	-0.032964	4.6748e-05	0.12390	supercritical
254.00	612.00	330.56	0.0030251	361.82	546.96	2.2393	1.8925	3.1423	1100.4	-0.032753	4.6504e-05	0.12346	supercritical
255.00	612.00	329.71	0.0030330	364.48	550.10	2.2517	1.8926	3.1424	1097.5	-0.032542	4.6264e-05	0.12301	supercritical
256.00	612.00	328.85	0.0030409	367.14	553.25	2.2640	1.8927	3.1425	1094.5	-0.032331	4.6026e-05	0.12257	supercritical
257.00	612.00	328.00	0.0030488	369.80	556.39	2.2762	1.8929	3.1425	1091.6	-0.032120	4.5791e-05	0.12214	supercritical
258.00	612.00	327.14	0.0030568	372.46	559.53	2.2884	1.8931	3.1426	1088.7	-0.031909	4.5558e-05	0.12171	supercritical
259.00	612.00	326.29	0.0030647	375.11	562.67	2.3006	1.8933	3.1427	1085.9	-0.031697	4.5329e-05	0.12128	supercritical
260.00	612.00	325.44	0.0030727	377.77	565.82	2.3127	1.8935	3.1428	1083.0	-0.031486	4.5102e-05	0.12086	supercritical
261.00	612.00	324.59	0.0030808	380.42	568.96	2.3248	1.8938	3.1429	1080.2	-0.031274	4.4878e-05	0.12045	supercritical
262.00	612.00	323.75	0.0030888	383.07	572.10	2.3368	1.8941	3.1430	1077.4	-0.031062	4.4657e-05	0.12004	supercritical
263.00	612.00	322.90	0.0030969	385.72	575.25	2.3488	1.8945	3.1431	1074.6	-0.030851	4.4438e-05	0.11963	supercritical
264.00	612.00	322.06	0.0031050	388.36	578.39	2.3607	1.8948	3.1432	1071.8	-0.030639	4.4222e-05	0.11923	supercritical
265.00	612.00	321.22	0.0031131	391.01	581.53	2.3726	1.8952	3.1433	1069.1	-0.030428	4.4008e-05	0.11883	supercritical
266.00	612.00	320.38	0.0031213	393.65	584.68	2.3844	1.8957	3.1434	1066.4	-0.030216	4.3797e-05	0.11844	supercritical
267.00	612.00	319.55	0.0031294	396.30	587.82	2.3962	1.8961	3.1436	1063.7	-0.030005	4.3588e-05	0.11805	supercritical
268.00	612.00	318.71	0.0031376	398.94	590.96	2.4080	1.8966	3.1437	1061.0	-0.029793	4.3382e-05	0.11766	supercritical
269.00	612.00	317.88	0.0031459	401.58	594.11	2.4197	1.8971	3.1438	1058.4	-0.029582	4.3178e-05	0.11728	supercritical
270.00	612.00	317.05	0.0031541	404.22	597.25	2.4313	1.8976	3.1439	1055.7	-0.029371	4.2977e-05	0.11691	supercritical
271.00	612.00	316.22	0.0031624	406.86	600.39	2.4430	1.8982	3.1441	1053.1	-0.029160	4.2778e-05	0.11654	supercritical
272.00	612.00	315.39	0.0031707	409.49	603.54	2.4545	1.8988	3.1442	1050.6	-0.028950	4.2581e-05	0.11617	supercritical
273.00	612.00	314.56	0.0031790	412.13	606.68	2.4661	1.8994	3.1443	1048.0	-0.028740	4.2386e-05	0.11581	supercritical
274.00	612.00	313.74	0.0031874	414.76	609.83	2.4776	1.9001	3.1445	1045.4	-0.028530	4.2194e-05	0.11545	supercritical
275.00	612.00	312.92	0.0031957	417.39	612.97	2.4890	1.9007	3.1446	1042.9	-0.028320	4.2004e-05	0.11510	supercritical
276.00	612.00	312.10	0.0032041	420.02	616.12	2.5004	1.9014	3.1448	1040.4	-0.028111	4.1816e-05	0.11475	supercritical
277.00	612.00	311.28	0.0032125	422.65	619.26	2.5118	1.9022	3.1449	1037.9	-0.027902	4.1631e-05	0.11440	supercritical
278.00	612.00	310.46	0.0032210	425.28	622.41	2.5232	1.9029	3.1451	1035.5	-0.027693	4.1447e-05	0.11406	supercritical
279.00	612.00	309.65	0.0032295	427.91	625.55	2.5344	1.9037	3.1453	1033.0	-0.027485	4.1266e-05	0.11373	supercritical
280.00	612.00	308.84	0.0032379	430.54	628.70	2.5457	1.9045	3.1454	1030.6	-0.027278	4.1086e-05	0.11339	supercritical
281.00	612.00	308.03	0.0032465	433.16	631.84	2.5569	1.9053	3.1456	1028.2	-0.027070	4.0909e-05	0.11306	supercritical
282.00	612.00	307.22	0.0032550	435.78	634.99	2.5681	1.9062	3.1458	1025.9	-0.026864	4.0734e-05	0.11274	supercritical
283.00	612.00	306.42	0.0032635	438.41	638.13	2.5792	1.9071	3.1459	1023.5	-0.026658	4.0561e-05	0.11242	supercritical
284.00	612.00	305.61	0.0032721	441.03	641.28	2.5903	1.9080	3.1461	1021.2	-0.026452	4.0389e-05	0.11210	supercritical
285.00	612.00	304.81	0.0032807	443.65	644.43	2.6014	1.9089	3.1463	1018.8	-0.026247	4.0220e-05	0.11179	supercritical
286.00	612.00	304.01	0.0032894	446.26	647.57	2.6124	1.9099	3.1465	1016.6	-0.026043	4.0053e-05	0.11148	supercritical
287.00	612.00	303.21	0.0032980	448.88	650.72	2.6234	1.9109	3.1467	1014.3	-0.025839	3.9888e-05	0.11118	supercritical
288.00	612.00	302.42	0.0033067	451.50	653.87	2.6343	1.9119	3.1469	1012.0	-0.025636	3.9724e-05	0.11088	supercritical
289.00	612.00	301.63	0.0033154	454.11	657.01	2.6452	1.9130	3.1471	1009.8	-0.025434	3.9562e-05	0.11058	supercritical
290.00	612.00	300.84	0.0033241	456.73	660.16	2.6561	1.9140	3.1473	1007.6	-0.025232	3.9403e-05	0.11029	supercritical
291.00	612.00	300.05	0.0033328	459.34	663.31	2.6669	1.9151	3.1475	1005.4	-0.025031	3.9245e-05	0.11000	supercritical
292.00	612.00	299.26	0.0033416	461.95	666.46	2.6777	1.9162	3.1477	1003.2	-0.024831	3.9088e-05	0.10972	supercritical
293.00	612.00	298.48	0.0033503	464.56	669.60	2.6885	1.9174	3.1479	1001.1	-0.024631	3.8934e-05	0.10943	supercritical
294.00	612.00	297.70	0.0033591	467.17	672.75	2.6992	1.9185	3.1481	998.92	-0.024433	3.8781e-05	0.10916	supercritical
295.00	612.00	296.92	0.0033680	469.78	675.90	2.7099	1.9197	3.1484	996.81	-0.024235	3.8630e-05	0.10888	supercritical
296.00	612.00	296.14	0.0033768	472.39	679.05	2.7206	1.9209	3.1486	994.71	-0.024038	3.8481e-05	0.10861	supercritical
297.00	612.00	295.36	0.0033857	474.99	682.20	2.7312	1.9222	3.1488	992.63	-0.023842	3.8334e-05	0.10835	supercritical
298.00	612.00	294.59	0.0033945	477.60	685.35	2.7418	1.9234	3.1491	990.58	-0.023646	3.8188e-05	0.10809	supercritical
299.00	612.00	293.82	0.0034034	480.20	688.49	2.7523	1.9247	3.1493	988.54	-0.023452	3.8044e-05	0.10783	supercritical
300.00	612.00	293.05	0.0034124	482.81	691.64	2.7628	1.9260	3.1495	986.52	-0.023259	3.7901e-05	0.10757	supercritical
301.00	612.00	292.29	0.0034213	485.41	694.79	2.7733	1.9274	3.1498	984.52	-0.023066	3.7760e-05	0.10732	supercritical
302.00	612.00	291.52	0.0034303	488.01	697.94	2.7838	1.9287	3.1500	982.54	-0.022875	3.7621e-05	0.10707	supercritical
303.00	612.00	290.76	0.0034393	490.61	701.09	2.7942	1.9301	3.1503	980.58	-0.022684	3.7483e-05	0.10683	supercritical
304.00	612.00	290.00	0.0034483	493.21	704.24	2.8046	1.9315	3.1506	978.64	-0.022495	3.7347e-05	0.10659	supercritical
305.00	612.00	289.24	0.0034573	495.81	707.39	2.8149	1.9329	3.1508	976.71	-0.022306	3.7212e-05	0.10635	supercritical
306.00	612.00	288.49	0.0034663	498.41	710.55	2.8252	1.9344	3.1511	974.81	-0.022119	3.7079e-05	0.10611	supercritical
307.00	612.00	287.74	0.0034754	501.00	713.70	2.8355	1.9358	3.1514	972.92	-0.021933	3.6948e-05	0.10588	supercritical
308.00	612.00	286.99	0.0034845	503.60	716.85	2.8458	1.9373	3.1517	971.05	-0.021747	3.6818e-05	0.10566	supercritical
309.00	612.00	286.24	0.0034936	506.19	720.00	2.8560	1.9388	3.1520	969.20	-0.021563	3.6689e-05	0.10543	supercritical
310.00	612.00	285.50	0.0035027	508.79	723.15	2.8662	1.9404	3.1523	967.37	-0.021380	3.6562e-05	0.10521	supercritical
311.00	612.00	284.75	0.0035118	511.38	726.31	2.8763	1.9419	3.1526	965.55	-0.021198	3.6436e-05	0.10499	supercritical
312.00	612.00	284.01	0.0035210	513.98	729.46	2.8864	1.9435	3.1529	963.75	-0.021017	3.6312e-05	0.10478	supercritical
313.00	612.00	283.28	0.0035301	516.57	732.61	2.8965	1.9451	3.1532	961.97	-0.020838	3.6189e-05	0.10457	supercritical
314.00	612.00	282.54	0.0035393	519.16	735.76	2.9066	1.9467	3.1535	960.21	-0.020659	3.6067e-05	0.10436	supercritical
315.00	612.00	281.81	0.0035485	521.75	738.92	2.9166	1.9484	3.1538	958.47	-0.020482	3.5947e-05	0.10416	supercritical
316.00	612.00	281.08	0.0035577	524.34	742.07	2.9266	1.9500	3.1541	956.74	-0.020306	3.5828e-05	0.10396	supercritical
317.00	612.00	280.35	0.0035670	526.93	745.23	2.9366	1.9517	3.1545	955.03	-0.020131	3.5711e-05	0.10376	supercritical
318.00	612.00	279.62	0.0035762	529.51	748.38	2.9465	1.9534	3.1548	953.34	-0.019958	3.5595e-05	0.10357	supercritical
319.00	612.00	278.90	0.0035855	532.10	751.54	2.9564	1.9551	3.1552	951.67	-0.019785	3.5480e-05	0.10337	supercritical
320.00	612.00	278.18	0.0035948	534.69	754.69	2.9663	1.9569	3.1555	950.01	-0.019614	3.5366e-05	0.10319	supercritical
321.00	612.00	277.46	0.0036041	537.27	757.85	2.9761	1.9587	3.1559	948.37	-0.019444	3.5254e-05	0.10300	supercritical
322.00	612.00	276.74	0.0036134	539.86	761.00	2.9860	1.9604	3.1562	946.74	-0.019276	3.5143e-05	0.10282	supercritical
323.00	612.00	276.03	0.0036228	542.44	764.16	2.9957	1.9622	3.1566	945.14	-0.019109	3.5033e-05	0.10264	supercritical
324.00	612.00	275.32	0.0036321	545.03	767.32	3.0055	1.9641	3.1570	943.55	-0.018943	3.4925e-05	0.10246	supercritical
325.00	612.00	274.61	0.0036415	547.61	770.47	3.0152	1.9659	3.1574	941.97	-0.018778	3.4818e-05	0.10229	supercritical
326.00	612.00	273.91	0.0036509	550.20	773.63	3.0249	1.9678	3.1578	940.42	-0.018615	3.4712e-05	0.10212	supercritical
327.00	612.00	273.20	0.0036603	552.78	776.79	3.0346	1.9697	3.1582	938.87	-0.018453	3.4607e-05	0.10195	supercritical
328.00	612.00	272.50	0.0036697	555.36	779.95	3.0442	1.9716	3.1586	937.35	-0.018293	3.4503e-05	0.10179	supercritical
329.00	612.00	271.80	0.0036792	557.94	783.11	3.0539	1.9735	3.1590	935.84	-0.018133	3.4401e-05	0.10163	supercritical
330.00	612.00	271.11	0.0036886	560.52	786.26	3.0634	1.9754	3.1594	934.35	-0.017976	3.4300e-05	0.10147	supercritical
331.00	612.00	270.41	0.0036981	563.10	789.42	3.0730	1.9774	3.1598	932.87	-0.017819	3.4199e-05	0.10131	supercritical
332.00	612.00	269.72	0.0037075	565.68	792.58	3.0825	1.9794	3.1603	931.41	-0.017664	3.4100e-05	0.10116	supercritical
333.00	612.00	269.03	0.0037170	568.26	795.75	3.0920	1.9814	3.1607	929.96	-0.017510	3.4002e-05	0.10101	supercritical
334.00	612.00	268.34	0.0037265	570.84	798.91	3.1015	1.9834	3.1611	928.53	-0.017358	3.3906e-05	0.10086	supercritical
335.00	612.00	267.66	0.0037361	573.42	802.07	3.1110	1.9854	3.1616	927.12	-0.017207	3.3810e-05	0.10072	supercritical
336.00	612.00	266.98	0.0037456	576.00	805.23	3.1204	1.9875	3.1621	925.72	-0.017058	3.3715e-05	0.10058	supercritical
337.00	612.00	266.30	0.0037552	578.58	808.39	3.1298	1.9895	3.1625	924.33	-0.016910	3.3622e-05	0.10044	supercritical
338.00	612.00	265.62	0.0037647	581.15	811.55	3.1392	1.9916	3.1630	922.96	-0.016764	3.3529e-05	0.10030	supercritical
339.00	612.00	264.95	0.0037743	583.73	814.72	3.1485	1.9937	3.1635	921.61	-0.016618	3.3438e-05	0.10017	supercritical
340.00	612.00	264.28	0.0037839	586.31	817.88	3.1578	1.9958	3.1640	920.27	-0.016475	3.3348e-05	0.10004	supercritical
341.00	612.00	263.61	0.0037935	588.88	821.05	3.1671	1.9980	3.1645	918.94	-0.016333	3.3258e-05	0.099907	supercritical
342.00	612.00	262.94	0.0038031	591.46	824.21	3.1764	2.0001	3.1650	917.63	-0.016192	3.3170e-05	0.099781	supercritical
343.00	612.00	262.28	0.0038127	594.04	827.38	3.1856	2.0023	3.1655	916.34	-0.016053	3.3083e-05	0.099657	supercritical
344.00	612.00	261.62	0.0038224	596.61	830.54	3.1948	2.0045	3.1661	915.06	-0.015915	3.2997e-05	0.099536	supercritical
345.00	612.00	260.96	0.0038320	599.19	833.71	3.2040	2.0067	3.1666	913.79	-0.015778	3.2911e-05	0.099418	supercritical
346.00	612.00	260.30	0.0038417	601.76	836.87	3.2132	2.0089	3.1671	912.54	-0.015643	3.2827e-05	0.099302	supercritical
347.00	612.00	259.65	0.0038514	604.34	840.04	3.2223	2.0112	3.1677	911.30	-0.015510	3.2743e-05	0.099189	supercritical
348.00	612.00	259.00	0.0038611	606.91	843.21	3.2315	2.0134	3.1683	910.07	-0.015378	3.2661e-05	0.099078	supercritical
349.00	612.00	258.35	0.0038708	609.49	846.38	3.2406	2.0157	3.1688	908.86	-0.015248	3.2580e-05	0.098969	supercritical
350.00	612.00	257.70	0.0038805	612.06	849.55	3.2496	2.0180	3.1694	907.67	-0.015119	3.2499e-05	0.098863	supercritical
351.00	612.00	257.06	0.0038902	614.64	852.72	3.2587	2.0203	3.1700	906.48	-0.014991	3.2419e-05	0.098759	supercritical
352.00	612.00	256.42	0.0038999	617.21	855.89	3.2677	2.0226	3.1706	905.31	-0.014865	3.2341e-05	0.098658	supercritical
353.00	612.00	255.78	0.0039097	619.79	859.06	3.2767	2.0249	3.1712	904.16	-0.014740	3.2263e-05	0.098559	supercritical
354.00	612.00	255.14	0.0039194	622.36	862.23	3.2857	2.0273	3.1718	903.01	-0.014617	3.2186e-05	0.098463	supercritical
355.00	612.00	254.51	0.0039292	624.94	865.40	3.2946	2.0296	3.1725	901.88	-0.014496	3.2110e-05	0.098368	supercritical
356.00	612.00	253.87	0.0039390	627.51	868.57	3.3035	2.0320	3.1731	900.77	-0.014376	3.2035e-05	0.098276	supercritical
357.00	612.00	253.24	0.0039488	630.08	871.75	3.3124	2.0344	3.1737	899.66	-0.014257	3.1961e-05	0.098186	supercritical
358.00	612.00	252.62	0.0039586	632.66	874.92	3.3213	2.0368	3.1744	898.57	-0.014140	3.1887e-05	0.098099	supercritical
359.00	612.00	251.99	0.0039684	635.23	878.10	3.3302	2.0392	3.1751	897.50	-0.014024	3.1815e-05	0.098014	supercritical
360.00	612.00	251.37	0.0039782	637.81	881.27	3.3390	2.0417	3.1757	896.43	-0.013910	3.1743e-05	0.097931	supercritical
361.00	612.00	250.75	0.0039880	640.38	884.45	3.3478	2.0441	3.1764	895.38	-0.013797	3.1672e-05	0.097850	supercritical
362.00	612.00	250.13	0.0039979	642.96	887.63	3.3566	2.0466	3.1771	894.34	-0.013686	3.1602e-05	0.097771	supercritical
363.00	612.00	249.52	0.0040077	645.53	890.80	3.3654	2.0491	3.1778	893.31	-0.013576	3.1533e-05	0.097695	supercritical
364.00	612.00	248.91	0.0040176	648.11	893.98	3.3741	2.0515	3.1785	892.30	-0.013468	3.1464e-05	0.097620	supercritical
365.00	612.00	248.30	0.0040274	650.68	897.16	3.3828	2.0541	3.1792	891.29	-0.013361	3.1397e-05	0.097548	supercritical
366.00	612.00	247.69	0.0040373	653.26	900.34	3.3915	2.0566	3.1800	890.30	-0.013256	3.1330e-05	0.097478	supercritical
367.00	612.00	247.09	0.0040472	655.83	903.52	3.4002	2.0591	3.1807	889.32	-0.013152	3.1264e-05	0.097410	supercritical
368.00	612.00	246.48	0.0040571	658.41	906.70	3.4089	2.0616	3.1815	888.36	-0.013049	3.1198e-05	0.097344	supercritical
369.00	612.00	245.88	0.0040670	660.98	909.88	3.4175	2.0642	3.1822	887.40	-0.012948	3.1134e-05	0.097280	supercritical
370.00	612.00	245.29	0.0040769	663.56	913.07	3.4261	2.0668	3.1830	886.46	-0.012848	3.1070e-05	0.097218	supercritical
371.00	612.00	244.69	0.0040868	666.14	916.25	3.4347	2.0694	3.1838	885.53	-0.012750	3.1007e-05	0.097158	supercritical
372.00	612.00	244.10	0.0040967	668.71	919.43	3.4433	2.0720	3.1846	884.60	-0.012654	3.0945e-05	0.097100	supercritical
373.00	612.00	243.51	0.0041067	671.29	922.62	3.4518	2.0746	3.1854	883.70	-0.012558	3.0883e-05	0.097044	supercritical
374.00	612.00	242.92	0.0041166	673.87	925.80	3.4603	2.0772	3.1862	882.80	-0.012465	3.0822e-05	0.096990	supercritical
375.00	612.00	242.33	0.0041265	676.45	928.99	3.4689	2.0798	3.1870	881.91	-0.012372	3.0762e-05	0.096938	supercritical
376.00	612.00	241.75	0.0041365	679.02	932.18	3.4773	2.0825	3.1879	881.04	-0.012281	3.0702e-05	0.096888	supercritical
377.00	612.00	241.17	0.0041465	681.60	935.37	3.4858	2.0851	3.1887	880.17	-0.012192	3.0644e-05	0.096840	supercritical
378.00	612.00	240.59	0.0041564	684.18	938.56	3.4943	2.0878	3.1896	879.32	-0.012103	3.0586e-05	0.096794	supercritical
379.00	612.00	240.01	0.0041664	686.76	941.75	3.5027	2.0905	3.1904	878.47	-0.012017	3.0528e-05	0.096750	supercritical
380.00	612.00	239.44	0.0041764	689.34	944.94	3.5111	2.0932	3.1913	877.64	-0.011931	3.0472e-05	0.096707	supercritical
381.00	612.00	238.87	0.0041864	691.92	948.13	3.5195	2.0959	3.1922	876.82	-0.011847	3.0416e-05	0.096666	supercritical
382.00	612.00	238.30	0.0041964	694.50	951.32	3.5279	2.0986	3.1931	876.01	-0.011765	3.0360e-05	0.096627	supercritical
383.00	612.00	237.73	0.0042064	697.08	954.51	3.5362	2.1013	3.1940	875.21	-0.011684	3.0306e-05	0.096590	supercritical
384.00	612.00	237.17	0.0042164	699.66	957.71	3.5445	2.1041	3.1949	874.42	-0.011604	3.0252e-05	0.096555	supercritical
385.00	612.00	236.61	0.0042264	702.25	960.90	3.5528	2.1068	3.1959	873.64	-0.011525	3.0198e-05	0.096522	supercritical
386.00	612.00	236.05	0.0042365	704.83	964.10	3.5611	2.1096	3.1968	872.87	-0.011448	3.0146e-05	0.096490	supercritical
387.00	612.00	235.49	0.0042465	707.41	967.30	3.5694	2.1124	3.1978	872.11	-0.011372	3.0094e-05	0.096460	supercritical
388.00	612.00	234.93	0.0042565	710.00	970.50	3.5777	2.1151	3.1987	871.36	-0.011298	3.0042e-05	0.096432	supercritical
389.00	612.00	234.38	0.0042666	712.58	973.69	3.5859	2.1179	3.1997	870.62	-0.011225	2.9991e-05	0.096405	supercritical
390.00	612.00	233.83	0.0042766	715.17	976.90	3.5941	2.1207	3.2007	869.89	-0.011153	2.9941e-05	0.096381	supercritical
391.00	612.00	233.28	0.0042867	717.75	980.10	3.6023	2.1236	3.2017	869.17	-0.011083	2.9891e-05	0.096357	supercritical
392.00	612.00	232.74	0.0042967	720.34	983.30	3.6105	2.1264	3.2027	868.46	-0.011014	2.9842e-05	0.096336	supercritical
393.00	612.00	232.19	0.0043068	722.93	986.50	3.6186	2.1292	3.2037	867.76	-0.010946	2.9794e-05	0.096316	supercritical
394.00	612.00	231.65	0.0043169	725.51	989.71	3.6268	2.1321	3.2047	867.07	-0.010879	2.9746e-05	0.096298	supercritical
395.00	612.00	231.11	0.0043269	728.10	992.91	3.6349	2.1349	3.2058	866.39	-0.010814	2.9699e-05	0.096282	supercritical
396.00	612.00	230.57	0.0043370	730.69	996.12	3.6430	2.1378	3.2068	865.71	-0.010750	2.9652e-05	0.096267	supercritical
397.00	612.00	230.04	0.0043471	733.28	999.32	3.6511	2.1407	3.2079	865.05	-0.010687	2.9606e-05	0.096254	supercritical
398.00	612.00	229.51	0.0043572	735.87	1002.5	3.6592	2.1435	3.2090	864.39	-0.010626	2.9560e-05	0.096242	supercritical
399.00	612.00	228.98	0.0043673	738.47	1005.7	3.6672	2.1464	3.2101	863.75	-0.010566	2.9515e-05	0.096232	supercritical
400.00	612.00	228.45	0.0043774	741.06	1009.0	3.6753	2.1493	3.2112	863.11	-0.010507	2.9471e-05	0.096224	supercritical
401.00	612.00	227.92	0.0043875	743.65	1012.2	3.6833	2.1522	3.2123	862.48	-0.010449	2.9427e-05	0.096217	supercritical
402.00	612.00	227.40	0.0043976	746.25	1015.4	3.6913	2.1552	3.2134	861.86	-0.010392	2.9384e-05	0.096211	supercritical
403.00	612.00	226.88	0.0044077	748.84	1018.6	3.6993	2.1581	3.2145	861.25	-0.010337	2.9341e-05	0.096207	supercritical
404.00	612.00	226.36	0.0044178	751.44	1021.8	3.7072	2.1610	3.2157	860.65	-0.010283	2.9299e-05	0.096205	supercritical
405.00	612.00	225.84	0.0044279	754.03	1025.0	3.7152	2.1640	3.2168	860.06	-0.010230	2.9257e-05	0.096204	supercritical
406.00	612.00	225.32	0.0044380	756.63	1028.2	3.7231	2.1669	3.2180	859.47	-0.010178	2.9216e-05	0.096205	supercritical
407.00	612.00	224.81	0.0044482	759.23	1031.5	3.7311	2.1699	3.2191	858.90	-0.010128	2.9175e-05	0.096207	supercritical
408.00	612.00	224.30	0.0044583	761.83	1034.7	3.7390	2.1729	3.2203	858.33	-0.010079	2.9135e-05	0.096211	supercritical
409.00	612.00	223.79	0.0044684	764.43	1037.9	3.7468	2.1759	3.2215	857.77	-0.010030	2.9095e-05	0.096216	supercritical
410.00	612.00	223.29	0.0044786	767.03	1041.1	3.7547	2.1789	3.2227	857.22	-0.0099833	2.9056e-05	0.096222	supercritical
411.00	612.00	222.78	0.0044887	769.64	1044.3	3.7626	2.1819	3.2240	856.67	-0.0099374	2.9017e-05	0.096230	supercritical
412.00	612.00	222.28	0.0044989	772.24	1047.6	3.7704	2.1849	3.2252	856.14	-0.0098926	2.8979e-05	0.096239	supercritical
413.00	612.00	221.78	0.0045090	774.84	1050.8	3.7782	2.1879	3.2264	855.61	-0.0098489	2.8941e-05	0.096250	supercritical
414.00	612.00	221.28	0.0045192	777.45	1054.0	3.7860	2.1909	3.2277	855.09	-0.0098064	2.8904e-05	0.096262	supercritical
415.00	612.00	220.78	0.0045293	780.06	1057.3	3.7938	2.1939	3.2289	854.58	-0.0097649	2.8867e-05	0.096276	supercritical
416.00	612.00	220.29	0.0045395	782.67	1060.5	3.8016	2.1970	3.2302	854.07	-0.0097246	2.8831e-05	0.096291	supercritical
417.00	612.00	219.80	0.0045496	785.27	1063.7	3.8093	2.2000	3.2315	853.58	-0.0096853	2.8795e-05	0.096307	supercritical
418.00	612.00	219.31	0.0045598	787.89	1066.9	3.8171	2.2031	3.2328	853.09	-0.0096471	2.8760e-05	0.096324	supercritical
419.00	612.00	218.82	0.0045699	790.50	1070.2	3.8248	2.2061	3.2341	852.61	-0.0096100	2.8725e-05	0.096343	supercritical
420.00	612.00	218.34	0.0045801	793.11	1073.4	3.8325	2.2092	3.2354	852.13	-0.0095739	2.8690e-05	0.096364	supercritical
421.00	612.00	217.85	0.0045903	795.72	1076.6	3.8402	2.2123	3.2368	851.66	-0.0095388	2.8656e-05	0.096385	supercritical
422.00	612.00	217.37	0.0046004	798.34	1079.9	3.8479	2.2154	3.2381	851.20	-0.0095048	2.8623e-05	0.096408	supercritical
423.00	612.00	216.89	0.0046106	800.95	1083.1	3.8556	2.2185	3.2395	850.75	-0.0094718	2.8589e-05	0.096432	supercritical
424.00	612.00	216.41	0.0046208	803.57	1086.4	3.8632	2.2216	3.2408	850.31	-0.0094398	2.8557e-05	0.096458	supercritical
425.00	612.00	215.94	0.0046310	806.19	1089.6	3.8708	2.2247	3.2422	849.87	-0.0094089	2.8524e-05	0.096484	supercritical
426.00	612.00	215.46	0.0046412	808.81	1092.8	3.8785	2.2278	3.2436	849.43	-0.0093789	2.8493e-05	0.096512	supercritical
427.00	612.00	214.99	0.0046513	811.43	1096.1	3.8861	2.2309	3.2450	849.01	-0.0093499	2.8461e-05	0.096542	supercritical
428.00	612.00	214.52	0.0046615	814.05	1099.3	3.8937	2.2340	3.2464	848.59	-0.0093218	2.8430e-05	0.096572	supercritical
429.00	612.00	214.05	0.0046717	816.68	1102.6	3.9012	2.2371	3.2478	848.18	-0.0092947	2.8400e-05	0.096604	supercritical
430.00	612.00	213.59	0.0046819	819.30	1105.8	3.9088	2.2403	3.2492	847.78	-0.0092686	2.8369e-05	0.096637	supercritical
431.00	612.00	213.13	0.0046921	821.93	1109.1	3.9164	2.2434	3.2507	847.38	-0.0092434	2.8340e-05	0.096671	supercritical
432.00	612.00	212.66	0.0047023	824.56	1112.3	3.9239	2.2466	3.2521	846.99	-0.0092192	2.8310e-05	0.096706	supercritical
433.00	612.00	212.20	0.0047125	827.19	1115.6	3.9314	2.2497	3.2536	846.60	-0.0091959	2.8281e-05	0.096743	supercritical
434.00	612.00	211.75	0.0047227	829.82	1118.8	3.9389	2.2529	3.2550	846.23	-0.0091734	2.8253e-05	0.096781	supercritical
435.00	612.00	211.29	0.0047328	832.45	1122.1	3.9464	2.2561	3.2565	845.85	-0.0091519	2.8224e-05	0.096819	supercritical
436.00	612.00	210.84	0.0047430	835.08	1125.4	3.9539	2.2592	3.2580	845.49	-0.0091313	2.8196e-05	0.096859	supercritical
437.00	612.00	210.38	0.0047532	837.72	1128.6	3.9614	2.2624	3.2595	845.13	-0.0091116	2.8169e-05	0.096901	supercritical
438.00	612.00	209.93	0.0047634	840.35	1131.9	3.9688	2.2656	3.2610	844.78	-0.0090927	2.8142e-05	0.096943	supercritical
439.00	612.00	209.48	0.0047736	842.99	1135.1	3.9762	2.2688	3.2626	844.43	-0.0090747	2.8115e-05	0.096987	supercritical
440.00	612.00	209.04	0.0047838	845.63	1138.4	3.9837	2.2720	3.2641	844.09	-0.0090576	2.8089e-05	0.097031	supercritical
441.00	612.00	208.59	0.0047940	848.27	1141.7	3.9911	2.2752	3.2656	843.76	-0.0090413	2.8063e-05	0.097077	supercritical
442.00	612.00	208.15	0.0048042	850.91	1144.9	3.9985	2.2784	3.2672	843.43	-0.0090258	2.8037e-05	0.097124	supercritical
443.00	612.00	207.71	0.0048144	853.56	1148.2	4.0059	2.2816	3.2688	843.10	-0.0090112	2.8012e-05	0.097172	supercritical
444.00	612.00	207.27	0.0048246	856.20	1151.5	4.0132	2.2848	3.2703	842.79	-0.0089973	2.7987e-05	0.097221	supercritical
445.00	612.00	206.83	0.0048349	858.85	1154.7	4.0206	2.2881	3.2719	842.48	-0.0089843	2.7963e-05	0.097271	supercritical
446.00	612.00	206.40	0.0048451	861.50	1158.0	4.0279	2.2913	3.2735	842.17	-0.0089721	2.7938e-05	0.097322	supercritical
447.00	612.00	205.96	0.0048553	864.14	1161.3	4.0353	2.2945	3.2751	841.87	-0.0089606	2.7915e-05	0.097375	supercritical
448.00	612.00	205.53	0.0048655	866.80	1164.6	4.0426	2.2978	3.2767	841.58	-0.0089500	2.7891e-05	0.097428	supercritical
449.00	612.00	205.10	0.0048757	869.45	1167.8	4.0499	2.3010	3.2784	841.29	-0.0089401	2.7868e-05	0.097482	supercritical
450.00	612.00	204.67	0.0048859	872.10	1171.1	4.0572	2.3043	3.2800	841.01	-0.0089309	2.7845e-05	0.097538	supercritical
451.00	612.00	204.24	0.0048961	874.76	1174.4	4.0645	2.3075	3.2817	840.73	-0.0089226	2.7823e-05	0.097594	supercritical
452.00	612.00	203.82	0.0049063	877.42	1177.7	4.0718	2.3108	3.2833	840.46	-0.0089149	2.7800e-05	0.097652	supercritical
453.00	612.00	203.40	0.0049165	880.08	1181.0	4.0790	2.3140	3.2850	840.19	-0.0089080	2.7779e-05	0.097710	supercritical
454.00	612.00	202.98	0.0049267	882.74	1184.3	4.0863	2.3173	3.2867	839.93	-0.0089018	2.7757e-05	0.097770	supercritical
455.00	612.00	202.56	0.0049369	885.40	1187.5	4.0935	2.3206	3.2883	839.67	-0.0088963	2.7736e-05	0.097831	supercritical
456.00	612.00	202.14	0.0049471	888.07	1190.8	4.1007	2.3238	3.2900	839.42	-0.0088915	2.7715e-05	0.097892	supercritical
457.00	612.00	201.72	0.0049573	890.73	1194.1	4.1079	2.3271	3.2917	839.18	-0.0088875	2.7694e-05	0.097955	supercritical
458.00	612.00	201.31	0.0049675	893.40	1197.4	4.1151	2.3304	3.2935	838.94	-0.0088841	2.7674e-05	0.098018	supercritical
459.00	612.00	200.89	0.0049777	896.07	1200.7	4.1223	2.3337	3.2952	838.70	-0.0088814	2.7654e-05	0.098083	supercritical
460.00	612.00	200.48	0.0049880	898.74	1204.0	4.1295	2.3370	3.2969	838.47	-0.0088793	2.7635e-05	0.098148	supercritical
461.00	612.00	200.07	0.0049982	901.41	1207.3	4.1366	2.3403	3.2987	838.25	-0.0088779	2.7615e-05	0.098215	supercritical
462.00	612.00	199.67	0.0050084	904.09	1210.6	4.1438	2.3436	3.3004	838.02	-0.0088772	2.7596e-05	0.098282	supercritical
463.00	612.00	199.26	0.0050186	906.77	1213.9	4.1509	2.3469	3.3022	837.81	-0.0088771	2.7577e-05	0.098351	supercritical
464.00	612.00	198.86	0.0050288	909.44	1217.2	4.1581	2.3502	3.3039	837.60	-0.0088776	2.7559e-05	0.098420	supercritical
465.00	612.00	198.45	0.0050390	912.12	1220.5	4.1652	2.3535	3.3057	837.39	-0.0088788	2.7541e-05	0.098490	supercritical
466.00	612.00	198.05	0.0050492	914.81	1223.8	4.1723	2.3568	3.3075	837.19	-0.0088806	2.7523e-05	0.098561	supercritical
467.00	612.00	197.65	0.0050594	917.49	1227.1	4.1794	2.3602	3.3093	836.99	-0.0088829	2.7505e-05	0.098633	supercritical
468.00	612.00	197.25	0.0050696	920.18	1230.4	4.1864	2.3635	3.3111	836.80	-0.0088859	2.7488e-05	0.098706	supercritical
469.00	612.00	196.86	0.0050798	922.86	1233.7	4.1935	2.3668	3.3130	836.61	-0.0088895	2.7471e-05	0.098780	supercritical
470.00	612.00	196.46	0.0050900	925.55	1237.1	4.2006	2.3701	3.3148	836.43	-0.0088937	2.7454e-05	0.098855	supercritical
471.00	612.00	196.07	0.0051002	928.24	1240.4	4.2076	2.3735	3.3166	836.25	-0.0088984	2.7438e-05	0.098931	supercritical
472.00	612.00	195.68	0.0051104	930.94	1243.7	4.2147	2.3768	3.3185	836.08	-0.0089037	2.7421e-05	0.099007	supercritical
473.00	612.00	195.29	0.0051206	933.63	1247.0	4.2217	2.3802	3.3203	835.91	-0.0089096	2.7405e-05	0.099085	supercritical
474.00	612.00	194.90	0.0051308	936.33	1250.3	4.2287	2.3835	3.3222	835.74	-0.0089160	2.7390e-05	0.099163	supercritical
475.00	612.00	194.51	0.0051410	939.03	1253.7	4.2357	2.3869	3.3241	835.58	-0.0089230	2.7374e-05	0.099242	supercritical
476.00	612.00	194.13	0.0051512	941.73	1257.0	4.2427	2.3902	3.3259	835.43	-0.0089305	2.7359e-05	0.099322	supercritical
477.00	612.00	193.75	0.0051614	944.43	1260.3	4.2497	2.3936	3.3278	835.27	-0.0089385	2.7344e-05	0.099403	supercritical
478.00	612.00	193.36	0.0051716	947.14	1263.6	4.2566	2.3969	3.3297	835.13	-0.0089470	2.7330e-05	0.099485	supercritical
479.00	612.00	192.98	0.0051818	949.84	1267.0	4.2636	2.4003	3.3316	834.98	-0.0089561	2.7315e-05	0.099568	supercritical
480.00	612.00	192.60	0.0051920	952.55	1270.3	4.2706	2.4037	3.3335	834.84	-0.0089657	2.7301e-05	0.099651	supercritical
481.00	612.00	192.23	0.0052022	955.26	1273.6	4.2775	2.4070	3.3355	834.71	-0.0089757	2.7287e-05	0.099735	supercritical
482.00	612.00	191.85	0.0052124	957.98	1277.0	4.2844	2.4104	3.3374	834.58	-0.0089863	2.7273e-05	0.099820	supercritical
483.00	612.00	191.48	0.0052226	960.69	1280.3	4.2913	2.4138	3.3393	834.45	-0.0089973	2.7260e-05	0.099906	supercritical
484.00	612.00	191.10	0.0052328	963.41	1283.7	4.2983	2.4171	3.3413	834.32	-0.0090088	2.7247e-05	0.099993	supercritical
485.00	612.00	190.73	0.0052429	966.13	1287.0	4.3051	2.4205	3.3433	834.20	-0.0090208	2.7234e-05	0.10008	supercritical
486.00	612.00	190.36	0.0052531	968.85	1290.3	4.3120	2.4239	3.3452	834.09	-0.0090332	2.7221e-05	0.10017	supercritical
487.00	612.00	189.99	0.0052633	971.57	1293.7	4.3189	2.4273	3.3472	833.98	-0.0090461	2.7209e-05	0.10026	supercritical
488.00	612.00	189.63	0.0052735	974.29	1297.0	4.3258	2.4307	3.3492	833.87	-0.0090595	2.7197e-05	0.10035	supercritical
489.00	612.00	189.26	0.0052837	977.02	1300.4	4.3326	2.4341	3.3512	833.76	-0.0090733	2.7185e-05	0.10044	supercritical
490.00	612.00	188.90	0.0052939	979.75	1303.7	4.3395	2.4374	3.3532	833.66	-0.0090875	2.7173e-05	0.10053	supercritical
491.00	612.00	188.54	0.0053041	982.48	1307.1	4.3463	2.4408	3.3552	833.56	-0.0091021	2.7161e-05	0.10062	supercritical
492.00	612.00	188.17	0.0053142	985.21	1310.4	4.3532	2.4442	3.3572	833.47	-0.0091172	2.7150e-05	0.10072	supercritical
493.00	612.00	187.81	0.0053244	987.95	1313.8	4.3600	2.4476	3.3592	833.38	-0.0091327	2.7139e-05	0.10081	supercritical
494.00	612.00	187.46	0.0053346	990.69	1317.2	4.3668	2.4510	3.3613	833.29	-0.0091486	2.7128e-05	0.10090	supercritical
495.00	612.00	187.10	0.0053448	993.43	1320.5	4.3736	2.4544	3.3633	833.21	-0.0091649	2.7117e-05	0.10100	supercritical
496.00	612.00	186.74	0.0053549	996.17	1323.9	4.3804	2.4578	3.3653	833.13	-0.0091815	2.7107e-05	0.10110	supercritical
497.00	612.00	186.39	0.0053651	998.91	1327.3	4.3872	2.4612	3.3674	833.06	-0.0091986	2.7097e-05	0.10119	supercritical
498.00	612.00	186.04	0.0053753	1001.7	1330.6	4.3939	2.4646	3.3695	832.98	-0.0092161	2.7087e-05	0.10129	supercritical
499.00	612.00	185.69	0.0053854	1004.4	1334.0	4.4007	2.4681	3.3715	832.91	-0.0092339	2.7077e-05	0.10139	supercritical
500.00	612.00	185.34	0.0053956	1007.2	1337.4	4.4074	2.4715	3.3736	832.85	-0.0092521	2.7067e-05	0.10149	supercritical
501.00	612.00	184.99	0.0054058	1009.9	1340.7	4.4142	2.4749	3.3757	832.79	-0.0092706	2.7058e-05	0.10159	supercritical
502.00	612.00	184.64	0.0054159	1012.7	1344.1	4.4209	2.4783	3.3778	832.73	-0.0092896	2.7049e-05	0.10169	supercritical
503.00	612.00	184.29	0.0054261	1015.4	1347.5	4.4276	2.4817	3.3799	832.67	-0.0093088	2.7040e-05	0.10179	supercritical
504.00	612.00	183.95	0.0054363	1018.2	1350.9	4.4344	2.4851	3.3820	832.62	-0.0093284	2.7031e-05	0.10189	supercritical
505.00	612.00	183.61	0.0054464	1020.9	1354.3	4.4411	2.4886	3.3841	832.57	-0.0093484	2.7022e-05	0.10199	supercritical
506.00	612.00	183.26	0.0054566	1023.7	1357.6	4.4478	2.4920	3.3862	832.52	-0.0093687	2.7014e-05	0.10210	supercritical
507.00	612.00	182.92	0.0054667	1026.5	1361.0	4.4544	2.4954	3.3883	832.48	-0.0093893	2.7006e-05	0.10220	supercritical
508.00	612.00	182.59	0.0054769	1029.2	1364.4	4.4611	2.4988	3.3905	832.44	-0.0094102	2.6998e-05	0.10230	supercritical
509.00	612.00	182.25	0.0054871	1032.0	1367.8	4.4678	2.5023	3.3926	832.41	-0.0094314	2.6990e-05	0.10241	supercritical
510.00	612.00	181.91	0.0054972	1034.8	1371.2	4.4745	2.5057	3.3948	832.37	-0.0094530	2.6982e-05	0.10252	supercritical
511.00	612.00	181.58	0.0055074	1037.6	1374.6	4.4811	2.5091	3.3969	832.34	-0.0094749	2.6975e-05	0.10262	supercritical
512.00	612.00	181.24	0.0055175	1040.3	1378.0	4.4877	2.5126	3.3991	832.31	-0.0094970	2.6967e-05	0.10273	supercritical
513.00	612.00	180.91	0.0055276	1043.1	1381.4	4.4944	2.5160	3.4013	832.29	-0.0095195	2.6960e-05	0.10284	supercritical
514.00	612.00	180.58	0.0055378	1045.9	1384.8	4.5010	2.5194	3.4034	832.27	-0.0095422	2.6953e-05	0.10295	supercritical
515.00	612.00	180.25	0.0055479	1048.7	1388.2	4.5076	2.5229	3.4056	832.25	-0.0095652	2.6947e-05	0.10306	supercritical
516.00	612.00	179.92	0.0055581	1051.5	1391.6	4.5142	2.5263	3.4078	832.23	-0.0095886	2.6940e-05	0.10317	supercritical
517.00	612.00	179.59	0.0055682	1054.3	1395.0	4.5208	2.5297	3.4100	832.22	-0.0096121	2.6934e-05	0.10328	supercritical
518.00	612.00	179.26	0.0055783	1057.0	1398.4	4.5274	2.5332	3.4122	832.21	-0.0096360	2.6928e-05	0.10339	supercritical
519.00	612.00	178.94	0.0055885	1059.8	1401.9	4.5340	2.5366	3.4144	832.20	-0.0096601	2.6922e-05	0.10350	supercritical
520.00	612.00	178.62	0.0055986	1062.6	1405.3	4.5406	2.5401	3.4166	832.20	-0.0096844	2.6916e-05	0.10361	supercritical
521.00	612.00	178.29	0.0056087	1065.4	1408.7	4.5471	2.5435	3.4189	832.20	-0.0097091	2.6910e-05	0.10373	supercritical
522.00	612.00	177.97	0.0056189	1068.2	1412.1	4.5537	2.5470	3.4211	832.20	-0.0097339	2.6905e-05	0.10384	supercritical
523.00	612.00	177.65	0.0056290	1071.0	1415.5	4.5603	2.5504	3.4233	832.20	-0.0097590	2.6899e-05	0.10395	supercritical
524.00	612.00	177.33	0.0056391	1073.8	1419.0	4.5668	2.5539	3.4256	832.21	-0.0097844	2.6894e-05	0.10407	supercritical
525.00	612.00	177.02	0.0056492	1076.6	1422.4	4.5733	2.5573	3.4278	832.22	-0.0098100	2.6889e-05	0.10419	supercritical
526.00	612.00	176.70	0.0056593	1079.5	1425.8	4.5799	2.5607	3.4301	832.23	-0.0098358	2.6884e-05	0.10430	supercritical
527.00	612.00	176.38	0.0056695	1082.3	1429.2	4.5864	2.5642	3.4323	832.24	-0.0098618	2.6880e-05	0.10442	supercritical
528.00	612.00	176.07	0.0056796	1085.1	1432.7	4.5929	2.5676	3.4346	832.26	-0.0098881	2.6875e-05	0.10454	supercritical
529.00	612.00	175.76	0.0056897	1087.9	1436.1	4.5994	2.5711	3.4369	832.28	-0.0099146	2.6871e-05	0.10465	supercritical
530.00	612.00	175.44	0.0056998	1090.7	1439.5	4.6059	2.5746	3.4391	832.30	-0.0099413	2.6867e-05	0.10477	supercritical
531.00	612.00	175.13	0.0057099	1093.5	1443.0	4.6124	2.5780	3.4414	832.32	-0.0099681	2.6863e-05	0.10489	supercritical
532.00	612.00	174.82	0.0057200	1096.4	1446.4	4.6188	2.5815	3.4437	832.35	-0.0099952	2.6859e-05	0.10501	supercritical
533.00	612.00	174.52	0.0057301	1099.2	1449.9	4.6253	2.5849	3.4460	832.38	-0.010023	2.6855e-05	0.10513	supercritical
534.00	612.00	174.21	0.0057402	1102.0	1453.3	4.6318	2.5884	3.4483	832.41	-0.010050	2.6851e-05	0.10525	supercritical
535.00	612.00	173.90	0.0057503	1104.8	1456.8	4.6382	2.5918	3.4506	832.45	-0.010078	2.6848e-05	0.10538	supercritical
536.00	612.00	173.60	0.0057604	1107.7	1460.2	4.6447	2.5953	3.4529	832.48	-0.010106	2.6845e-05	0.10550	supercritical
537.00	612.00	173.29	0.0057705	1110.5	1463.7	4.6511	2.5987	3.4552	832.52	-0.010134	2.6842e-05	0.10562	supercritical
538.00	612.00	172.99	0.0057806	1113.4	1467.1	4.6575	2.6022	3.4576	832.56	-0.010162	2.6839e-05	0.10574	supercritical
539.00	612.00	172.69	0.0057907	1116.2	1470.6	4.6640	2.6057	3.4599	832.60	-0.010190	2.6836e-05	0.10587	supercritical
540.00	612.00	172.39	0.0058008	1119.0	1474.1	4.6704	2.6091	3.4622	832.65	-0.010219	2.6833e-05	0.10599	supercritical
541.00	612.00	172.09	0.0058109	1121.9	1477.5	4.6768	2.6126	3.4646	832.70	-0.010248	2.6831e-05	0.10612	supercritical
542.00	612.00	171.79	0.0058210	1124.7	1481.0	4.6832	2.6160	3.4669	832.75	-0.010276	2.6828e-05	0.10624	supercritical
543.00	612.00	171.50	0.0058310	1127.6	1484.4	4.6896	2.6195	3.4693	832.80	-0.010306	2.6826e-05	0.10637	supercritical
544.00	612.00	171.20	0.0058411	1130.4	1487.9	4.6960	2.6230	3.4716	832.86	-0.010335	2.6824e-05	0.10650	supercritical
545.00	612.00	170.91	0.0058512	1133.3	1491.4	4.7023	2.6264	3.4740	832.91	-0.010364	2.6822e-05	0.10662	supercritical
546.00	612.00	170.61	0.0058613	1136.2	1494.9	4.7087	2.6299	3.4763	832.97	-0.010394	2.6820e-05	0.10675	supercritical
547.00	612.00	170.32	0.0058713	1139.0	1498.3	4.7151	2.6333	3.4787	833.03	-0.010423	2.6818e-05	0.10688	supercritical
548.00	612.00	170.03	0.0058814	1141.9	1501.8	4.7214	2.6368	3.4811	833.10	-0.010453	2.6817e-05	0.10701	supercritical
549.00	612.00	169.74	0.0058915	1144.7	1505.3	4.7278	2.6403	3.4835	833.16	-0.010483	2.6815e-05	0.10714	supercritical
550.00	612.00	169.45	0.0059015	1147.6	1508.8	4.7341	2.6437	3.4859	833.23	-0.010513	2.6814e-05	0.10727	supercritical
551.00	612.00	169.16	0.0059116	1150.5	1512.3	4.7405	2.6472	3.4883	833.30	-0.010543	2.6813e-05	0.10740	supercritical
552.00	612.00	168.87	0.0059217	1153.4	1515.8	4.7468	2.6506	3.4906	833.37	-0.010574	2.6812e-05	0.10753	supercritical
553.00	612.00	168.59	0.0059317	1156.2	1519.3	4.7531	2.6541	3.4931	833.44	-0.010604	2.6811e-05	0.10766	supercritical
554.00	612.00	168.30	0.0059418	1159.1	1522.8	4.7594	2.6576	3.4955	833.52	-0.010635	2.6810e-05	0.10779	supercritical
555.00	612.00	168.02	0.0059518	1162.0	1526.2	4.7657	2.6610	3.4979	833.60	-0.010665	2.6809e-05	0.10793	supercritical
556.00	612.00	167.73	0.0059619	1164.9	1529.7	4.7720	2.6645	3.5003	833.68	-0.010696	2.6809e-05	0.10806	supercritical
557.00	612.00	167.45	0.0059719	1167.8	1533.3	4.7783	2.6680	3.5027	833.76	-0.010727	2.6808e-05	0.10819	supercritical
558.00	612.00	167.17	0.0059820	1170.7	1536.8	4.7846	2.6714	3.5051	833.84	-0.010758	2.6808e-05	0.10833	supercritical
559.00	612.00	166.89	0.0059920	1173.5	1540.3	4.7909	2.6749	3.5076	833.93	-0.010789	2.6808e-05	0.10846	supercritical
560.00	612.00	166.61	0.0060021	1176.4	1543.8	4.7971	2.6783	3.5100	834.01	-0.010820	2.6808e-05	0.10860	supercritical
561.00	612.00	166.33	0.0060121	1179.3	1547.3	4.8034	2.6818	3.5124	834.10	-0.010852	2.6808e-05	0.10873	supercritical
562.00	612.00	166.05	0.0060221	1182.2	1550.8	4.8097	2.6853	3.5149	834.19	-0.010883	2.6808e-05	0.10887	supercritical
563.00	612.00	165.78	0.0060322	1185.1	1554.3	4.8159	2.6887	3.5173	834.29	-0.010915	2.6808e-05	0.10900	supercritical
564.00	612.00	165.50	0.0060422	1188.0	1557.8	4.8222	2.6922	3.5198	834.38	-0.010946	2.6809e-05	0.10914	supercritical
565.00	612.00	165.23	0.0060522	1191.0	1561.3	4.8284	2.6957	3.5222	834.48	-0.010978	2.6809e-05	0.10928	supercritical
566.00	612.00	164.96	0.0060623	1193.9	1564.9	4.8346	2.6991	3.5247	834.57	-0.011010	2.6810e-05	0.10942	supercritical
567.00	612.00	164.68	0.0060723	1196.8	1568.4	4.8409	2.7026	3.5271	834.67	-0.011042	2.6811e-05	0.10955	supercritical
568.00	612.00	164.41	0.0060823	1199.7	1571.9	4.8471	2.7060	3.5296	834.78	-0.011074	2.6812e-05	0.10969	supercritical
569.00	612.00	164.14	0.0060923	1202.6	1575.5	4.8533	2.7095	3.5321	834.88	-0.011106	2.6813e-05	0.10983	supercritical
570.00	612.00	163.87	0.0061023	1205.5	1579.0	4.8595	2.7130	3.5346	834.98	-0.011138	2.6814e-05	0.10997	supercritical
571.00	612.00	163.60	0.0061123	1208.5	1582.5	4.8657	2.7164	3.5370	835.09	-0.011170	2.6815e-05	0.11011	supercritical
572.00	612.00	163.34	0.0061224	1211.4	1586.1	4.8719	2.7199	3.5395	835.20	-0.011202	2.6816e-05	0.11025	supercritical
573.00	612.00	163.07	0.0061324	1214.3	1589.6	4.8781	2.7233	3.5420	835.31	-0.011235	2.6818e-05	0.11040	supercritical
574.00	612.00	162.80	0.0061424	1217.2	1593.1	4.8842	2.7268	3.5445	835.42	-0.011267	2.6819e-05	0.11054	supercritical
575.00	612.00	162.54	0.0061524	1220.2	1596.7	4.8904	2.7303	3.5470	835.53	-0.011299	2.6821e-05	0.11068	supercritical
576.00	612.00	162.28	0.0061624	1223.1	1600.2	4.8966	2.7337	3.5495	835.65	-0.011332	2.6823e-05	0.11082	supercritical
577.00	612.00	162.01	0.0061724	1226.0	1603.8	4.9027	2.7372	3.5520	835.77	-0.011365	2.6824e-05	0.11096	supercritical
578.00	612.00	161.75	0.0061824	1229.0	1607.3	4.9089	2.7406	3.5545	835.88	-0.011397	2.6826e-05	0.11111	supercritical
579.00	612.00	161.49	0.0061924	1231.9	1610.9	4.9150	2.7441	3.5570	836.00	-0.011430	2.6828e-05	0.11125	supercritical
580.00	612.00	161.23	0.0062024	1234.9	1614.5	4.9212	2.7475	3.5595	836.13	-0.011463	2.6831e-05	0.11140	supercritical
581.00	612.00	160.97	0.0062123	1237.8	1618.0	4.9273	2.7510	3.5621	836.25	-0.011495	2.6833e-05	0.11154	supercritical
582.00	612.00	160.71	0.0062223	1240.8	1621.6	4.9334	2.7545	3.5646	836.37	-0.011528	2.6835e-05	0.11169	supercritical
583.00	612.00	160.45	0.0062323	1243.7	1625.2	4.9396	2.7579	3.5671	836.50	-0.011561	2.6838e-05	0.11183	supercritical
584.00	612.00	160.20	0.0062423	1246.7	1628.7	4.9457	2.7614	3.5696	836.63	-0.011594	2.6840e-05	0.11198	supercritical
585.00	612.00	159.94	0.0062523	1249.7	1632.3	4.9518	2.7648	3.5722	836.76	-0.011627	2.6843e-05	0.11212	supercritical
586.00	612.00	159.69	0.0062623	1252.6	1635.9	4.9579	2.7683	3.5747	836.89	-0.011660	2.6846e-05	0.11227	supercritical
587.00	612.00	159.43	0.0062722	1255.6	1639.4	4.9640	2.7717	3.5773	837.02	-0.011693	2.6848e-05	0.11242	supercritical
588.00	612.00	159.18	0.0062822	1258.5	1643.0	4.9701	2.7752	3.5798	837.15	-0.011726	2.6851e-05	0.11257	supercritical
589.00	612.00	158.93	0.0062922	1261.5	1646.6	4.9762	2.7786	3.5823	837.29	-0.011759	2.6854e-05	0.11272	supercritical
590.00	612.00	158.68	0.0063021	1264.5	1650.2	4.9822	2.7821	3.5849	837.42	-0.011792	2.6858e-05	0.11286	supercritical
591.00	612.00	158.43	0.0063121	1267.5	1653.8	4.9883	2.7855	3.5874	837.56	-0.011825	2.6861e-05	0.11301	supercritical
592.00	612.00	158.18	0.0063221	1270.4	1657.4	4.9944	2.7890	3.5900	837.70	-0.011858	2.6864e-05	0.11316	supercritical
593.00	612.00	157.93	0.0063320	1273.4	1660.9	5.0004	2.7924	3.5926	837.84	-0.011892	2.6868e-05	0.11331	supercritical
594.00	612.00	157.68	0.0063420	1276.4	1664.5	5.0065	2.7959	3.5951	837.98	-0.011925	2.6871e-05	0.11346	supercritical
595.00	612.00	157.43	0.0063519	1279.4	1668.1	5.0125	2.7993	3.5977	838.12	-0.011958	2.6875e-05	0.11361	supercritical
596.00	612.00	157.19	0.0063619	1282.4	1671.7	5.0186	2.8028	3.6003	838.27	-0.011991	2.6878e-05	0.11376	supercritical
597.00	612.00	156.94	0.0063718	1285.4	1675.3	5.0246	2.8062	3.6028	838.41	-0.012025	2.6882e-05	0.11392	supercritical
598.00	612.00	156.70	0.0063818	1288.4	1678.9	5.0307	2.8096	3.6054	838.56	-0.012058	2.6886e-05	0.11407	supercritical
599.00	612.00	156.45	0.0063917	1291.4	1682.6	5.0367	2.8131	3.6080	838.71	-0.012091	2.6890e-05	0.11422	supercritical
600.00	612.00	156.21	0.0064017	1294.4	1686.2	5.0427	2.8165	3.6106	838.86	-0.012125	2.6894e-05	0.11437	supercritical
601.00	612.00	155.97	0.0064116	1297.4	1689.8	5.0487	2.8200	3.6132	839.01	-0.012158	2.6898e-05	0.11453	supercritical
602.00	612.00	155.73	0.0064215	1300.4	1693.4	5.0547	2.8234	3.6157	839.16	-0.012191	2.6902e-05	0.11468	supercritical
603.00	612.00	155.49	0.0064315	1303.4	1697.0	5.0607	2.8269	3.6183	839.32	-0.012225	2.6906e-05	0.11483	supercritical
604.00	612.00	155.25	0.0064414	1306.4	1700.6	5.0667	2.8303	3.6209	839.47	-0.012258	2.6911e-05	0.11499	supercritical
605.00	612.00	155.01	0.0064513	1309.4	1704.2	5.0727	2.8337	3.6235	839.63	-0.012291	2.6915e-05	0.11514	supercritical
606.00	612.00	154.77	0.0064613	1312.4	1707.9	5.0787	2.8372	3.6261	839.78	-0.012325	2.6920e-05	0.11530	supercritical
607.00	612.00	154.53	0.0064712	1315.5	1711.5	5.0847	2.8406	3.6287	839.94	-0.012358	2.6924e-05	0.11545	supercritical
608.00	612.00	154.29	0.0064811	1318.5	1715.1	5.0907	2.8440	3.6313	840.10	-0.012391	2.6929e-05	0.11561	supercritical
609.00	612.00	154.06	0.0064910	1321.5	1718.8	5.0966	2.8475	3.6339	840.26	-0.012425	2.6934e-05	0.11576	supercritical
610.00	612.00	153.82	0.0065009	1324.5	1722.4	5.1026	2.8509	3.6365	840.43	-0.012458	2.6939e-05	0.11592	supercritical
611.00	612.00	153.59	0.0065108	1327.6	1726.0	5.1086	2.8543	3.6391	840.59	-0.012492	2.6944e-05	0.11608	supercritical
612.00	612.00	153.36	0.0065208	1330.6	1729.7	5.1145	2.8578	3.6418	840.75	-0.012525	2.6949e-05	0.11623	supercritical
613.00	612.00	153.12	0.0065307	1333.6	1733.3	5.1205	2.8612	3.6444	840.92	-0.012558	2.6954e-05	0.11639	supercritical
614.00	612.00	152.89	0.0065406	1336.7	1737.0	5.1264	2.8646	3.6470	841.09	-0.012592	2.6959e-05	0.11655	supercritical
615.00	612.00	152.66	0.0065505	1339.7	1740.6	5.1323	2.8680	3.6496	841.25	-0.012625	2.6964e-05	0.11671	supercritical
616.00	612.00	152.43	0.0065604	1342.8	1744.3	5.1383	2.8715	3.6522	841.42	-0.012658	2.6969e-05	0.11687	supercritical
617.00	612.00	152.20	0.0065703	1345.8	1747.9	5.1442	2.8749	3.6549	841.59	-0.012692	2.6975e-05	0.11702	supercritical
618.00	612.00	151.97	0.0065802	1348.9	1751.6	5.1501	2.8783	3.6575	841.76	-0.012725	2.6980e-05	0.11718	supercritical
619.00	612.00	151.74	0.0065901	1351.9	1755.2	5.1560	2.8817	3.6601	841.94	-0.012758	2.6986e-05	0.11734	supercritical
620.00	612.00	151.52	0.0066000	1355.0	1758.9	5.1619	2.8852	3.6628	842.11	-0.012791	2.6991e-05	0.11750	supercritical
621.00	612.00	151.29	0.0066098	1358.0	1762.6	5.1678	2.8886	3.6654	842.28	-0.012825	2.6997e-05	0.11766	supercritical
622.00	612.00	151.06	0.0066197	1361.1	1766.2	5.1737	2.8920	3.6680	842.46	-0.012858	2.7003e-05	0.11782	supercritical
623.00	612.00	150.84	0.0066296	1364.2	1769.9	5.1796	2.8954	3.6707	842.63	-0.012891	2.7009e-05	0.11799	supercritical
624.00	612.00	150.61	0.0066395	1367.2	1773.6	5.1855	2.8988	3.6733	842.81	-0.012924	2.7014e-05	0.11815	supercritical
625.00	612.00	150.39	0.0066494	1370.3	1777.2	5.1914	2.9023	3.6760	842.99	-0.012957	2.7020e-05	0.11831	supercritical
