Temperature (K)	Pressure (bar)	Density (kg/m3)	Volume (m3/kg)	Internal Energy (kJ/kg)	Enthalpy (kJ/kg)	Entropy (J/g*K)	Cv (J/g*K)	Cp (J/g*K)	Sound Spd. (m/s)	Joule-Thomson (K/bar)	Viscosity (Pa*s)	Therm. Cond. (W/m*K)	Phase
104.00	522.00	465.28	0.0021493	-54.261	57.931	-0.54589	2.2041	3.2115	1741.3	-0.051908	0.00023623	0.23925	liquid
105.00	522.00	464.27	0.0021539	-51.292	61.142	-0.51516	2.1998	3.2113	1735.2	-0.051853	0.00022925	0.23824	liquid
106.00	522.00	463.27	0.0021586	-48.324	64.353	-0.48472	2.1955	3.2111	1729.2	-0.051795	0.00022266	0.23722	liquid
107.00	522.00	462.27	0.0021633	-45.357	67.564	-0.45457	2.1913	3.2110	1723.1	-0.051737	0.00021644	0.23620	liquid
108.00	522.00	461.26	0.0021680	-42.392	70.775	-0.42470	2.1871	3.2108	1717.1	-0.051676	0.00021055	0.23516	liquid
109.00	522.00	460.26	0.0021727	-39.427	73.986	-0.39511	2.1829	3.2107	1711.0	-0.051615	0.00020498	0.23412	liquid
110.00	522.00	459.26	0.0021774	-36.464	77.197	-0.36579	2.1787	3.2106	1704.9	-0.051552	0.00019969	0.23308	liquid
111.00	522.00	458.26	0.0021822	-33.502	80.407	-0.33674	2.1746	3.2105	1698.9	-0.051487	0.00019468	0.23203	liquid
112.00	522.00	457.26	0.0021869	-30.541	83.618	-0.30794	2.1706	3.2103	1692.8	-0.051421	0.00018991	0.23097	liquid
113.00	522.00	456.26	0.0021917	-27.581	86.828	-0.27941	2.1665	3.2102	1686.8	-0.051354	0.00018538	0.22991	liquid
114.00	522.00	455.26	0.0021966	-24.622	90.038	-0.25112	2.1625	3.2101	1680.7	-0.051286	0.00018106	0.22885	liquid
115.00	522.00	454.26	0.0022014	-21.665	93.248	-0.22309	2.1585	3.2099	1674.7	-0.051216	0.00017694	0.22778	liquid
116.00	522.00	453.26	0.0022063	-18.708	96.458	-0.19530	2.1545	3.2098	1668.7	-0.051145	0.00017302	0.22671	liquid
117.00	522.00	452.26	0.0022111	-15.753	99.668	-0.16775	2.1506	3.2096	1662.7	-0.051073	0.00016926	0.22564	liquid
118.00	522.00	451.26	0.0022160	-12.800	102.88	-0.14043	2.1467	3.2094	1656.6	-0.051000	0.00016568	0.22456	liquid
119.00	522.00	450.26	0.0022209	-9.8470	106.09	-0.11335	2.1428	3.2093	1650.6	-0.050925	0.00016224	0.22348	liquid
120.00	522.00	449.26	0.0022259	-6.8957	109.30	-0.086493	2.1389	3.2091	1644.6	-0.050849	0.00015896	0.22240	liquid
121.00	522.00	448.26	0.0022309	-3.9456	112.50	-0.059862	2.1350	3.2089	1638.7	-0.050772	0.00015580	0.22132	liquid
122.00	522.00	447.26	0.0022358	-0.99694	115.71	-0.033452	2.1312	3.2087	1632.7	-0.050693	0.00015278	0.22024	liquid
123.00	522.00	446.26	0.0022408	1.9504	118.92	-0.0072586	2.1274	3.2085	1626.7	-0.050613	0.00014987	0.21916	liquid
124.00	522.00	445.26	0.0022459	4.8965	122.13	0.018721	2.1236	3.2083	1620.8	-0.050531	0.00014708	0.21808	liquid
125.00	522.00	444.26	0.0022509	7.8411	125.34	0.044490	2.1198	3.2081	1614.8	-0.050449	0.00014439	0.21700	liquid
126.00	522.00	443.27	0.0022560	10.784	128.55	0.070051	2.1161	3.2079	1608.9	-0.050365	0.00014181	0.21591	liquid
127.00	522.00	442.27	0.0022611	13.726	131.75	0.095409	2.1123	3.2077	1603.0	-0.050279	0.00013931	0.21483	liquid
128.00	522.00	441.27	0.0022662	16.667	134.96	0.12057	2.1086	3.2074	1597.1	-0.050192	0.00013691	0.21375	liquid
129.00	522.00	440.27	0.0022713	19.606	138.17	0.14553	2.1049	3.2072	1591.2	-0.050104	0.00013459	0.21267	liquid
130.00	522.00	439.27	0.0022765	22.543	141.38	0.17029	2.1013	3.2070	1585.3	-0.050014	0.00013235	0.21159	liquid
131.00	522.00	438.27	0.0022817	25.480	144.58	0.19487	2.0977	3.2067	1579.4	-0.049922	0.00013019	0.21052	liquid
132.00	522.00	437.28	0.0022869	28.414	147.79	0.21925	2.0941	3.2065	1573.6	-0.049829	0.00012810	0.20944	liquid
133.00	522.00	436.28	0.0022921	31.348	151.00	0.24345	2.0905	3.2062	1567.7	-0.049735	0.00012607	0.20837	liquid
134.00	522.00	435.28	0.0022974	34.279	154.20	0.26746	2.0869	3.2060	1561.9	-0.049639	0.00012412	0.20730	liquid
135.00	522.00	434.28	0.0023027	37.209	157.41	0.29130	2.0834	3.2057	1556.1	-0.049541	0.00012222	0.20623	liquid
136.00	522.00	433.28	0.0023080	40.138	160.61	0.31496	2.0799	3.2055	1550.3	-0.049442	0.00012038	0.20516	liquid
137.00	522.00	432.28	0.0023133	43.065	163.82	0.33844	2.0764	3.2052	1544.6	-0.049342	0.00011860	0.20409	liquid
138.00	522.00	431.29	0.0023186	45.991	167.02	0.36175	2.0729	3.2050	1538.8	-0.049239	0.00011687	0.20303	liquid
139.00	522.00	430.29	0.0023240	48.915	170.23	0.38489	2.0695	3.2047	1533.1	-0.049135	0.00011519	0.20197	liquid
140.00	522.00	429.29	0.0023294	51.838	173.43	0.40786	2.0661	3.2045	1527.3	-0.049029	0.00011355	0.20092	liquid
141.00	522.00	428.29	0.0023349	54.759	176.64	0.43067	2.0627	3.2042	1521.6	-0.048922	0.00011197	0.19987	liquid
142.00	522.00	427.29	0.0023403	57.678	179.84	0.45331	2.0593	3.2040	1515.9	-0.048813	0.00011043	0.19882	liquid
143.00	522.00	426.30	0.0023458	60.596	183.05	0.47580	2.0560	3.2038	1510.3	-0.048702	0.00010893	0.19777	liquid
144.00	522.00	425.30	0.0023513	63.512	186.25	0.49812	2.0527	3.2035	1504.6	-0.048589	0.00010747	0.19673	liquid
145.00	522.00	424.30	0.0023568	66.427	189.45	0.52029	2.0494	3.2033	1499.0	-0.048475	0.00010605	0.19569	liquid
146.00	522.00	423.30	0.0023624	69.340	192.66	0.54231	2.0462	3.2031	1493.4	-0.048359	0.00010466	0.19466	liquid
147.00	522.00	422.30	0.0023680	72.251	195.86	0.56417	2.0430	3.2028	1487.7	-0.048241	0.00010331	0.19363	liquid
148.00	522.00	421.30	0.0023736	75.161	199.06	0.58588	2.0398	3.2026	1482.2	-0.048121	0.00010200	0.19260	liquid
149.00	522.00	420.31	0.0023792	78.069	202.26	0.60745	2.0366	3.2024	1476.6	-0.047999	0.00010072	0.19158	liquid
150.00	522.00	419.31	0.0023849	80.976	205.47	0.62887	2.0335	3.2022	1471.0	-0.047876	9.9468e-05	0.19056	liquid
151.00	522.00	418.31	0.0023906	83.881	208.67	0.65015	2.0304	3.2020	1465.5	-0.047750	9.8248e-05	0.18955	liquid
152.00	522.00	417.31	0.0023963	86.784	211.87	0.67128	2.0273	3.2018	1460.0	-0.047623	9.7057e-05	0.18854	liquid
153.00	522.00	416.31	0.0024020	89.686	215.07	0.69227	2.0242	3.2016	1454.5	-0.047494	9.5894e-05	0.18753	liquid
154.00	522.00	415.31	0.0024078	92.586	218.27	0.71313	2.0212	3.2014	1449.0	-0.047363	9.4758e-05	0.18653	liquid
155.00	522.00	414.31	0.0024136	95.484	221.48	0.73385	2.0182	3.2012	1443.6	-0.047230	9.3648e-05	0.18554	liquid
156.00	522.00	413.32	0.0024195	98.381	224.68	0.75444	2.0153	3.2011	1438.2	-0.047095	9.2563e-05	0.18455	liquid
157.00	522.00	412.32	0.0024253	101.28	227.88	0.77489	2.0123	3.2009	1432.7	-0.046958	9.1502e-05	0.18356	liquid
158.00	522.00	411.32	0.0024312	104.17	231.08	0.79521	2.0094	3.2007	1427.4	-0.046819	9.0465e-05	0.18258	liquid
159.00	522.00	410.32	0.0024371	107.06	234.28	0.81541	2.0066	3.2006	1422.0	-0.046678	8.9450e-05	0.18161	liquid
160.00	522.00	409.32	0.0024431	109.95	237.48	0.83547	2.0037	3.2005	1416.6	-0.046535	8.8456e-05	0.18064	liquid
161.00	522.00	408.32	0.0024490	112.84	240.68	0.85541	2.0009	3.2003	1411.3	-0.046390	8.7484e-05	0.17967	liquid
162.00	522.00	407.32	0.0024550	115.73	243.88	0.87523	1.9981	3.2002	1406.0	-0.046243	8.6532e-05	0.17871	liquid
163.00	522.00	406.33	0.0024611	118.61	247.08	0.89492	1.9954	3.2001	1400.7	-0.046094	8.5600e-05	0.17776	liquid
164.00	522.00	405.33	0.0024671	121.50	250.28	0.91450	1.9926	3.2000	1395.4	-0.045943	8.4687e-05	0.17681	liquid
165.00	522.00	404.33	0.0024732	124.38	253.48	0.93395	1.9899	3.1999	1390.2	-0.045790	8.3793e-05	0.17586	liquid
166.00	522.00	403.33	0.0024794	127.26	256.68	0.95328	1.9873	3.1998	1384.9	-0.045635	8.2916e-05	0.17492	liquid
167.00	522.00	402.33	0.0024855	130.14	259.88	0.97250	1.9846	3.1997	1379.7	-0.045477	8.2057e-05	0.17399	liquid
168.00	522.00	401.33	0.0024917	133.01	263.08	0.99160	1.9820	3.1996	1374.5	-0.045318	8.1214e-05	0.17306	liquid
169.00	522.00	400.33	0.0024979	135.89	266.28	1.0106	1.9795	3.1996	1369.4	-0.045157	8.0388e-05	0.17214	liquid
170.00	522.00	399.33	0.0025042	138.76	269.48	1.0295	1.9769	3.1995	1364.2	-0.044993	7.9578e-05	0.17122	liquid
171.00	522.00	398.34	0.0025104	141.63	272.68	1.0482	1.9744	3.1995	1359.1	-0.044828	7.8783e-05	0.17031	liquid
172.00	522.00	397.34	0.0025168	144.50	275.88	1.0669	1.9719	3.1994	1354.0	-0.044660	7.8003e-05	0.16940	liquid
173.00	522.00	396.34	0.0025231	147.37	279.08	1.0854	1.9695	3.1994	1348.9	-0.044490	7.7238e-05	0.16850	liquid
174.00	522.00	395.34	0.0025295	150.24	282.28	1.1039	1.9671	3.1994	1343.8	-0.044318	7.6486e-05	0.16761	liquid
175.00	522.00	394.34	0.0025359	153.10	285.48	1.1222	1.9647	3.1994	1338.8	-0.044144	7.5749e-05	0.16672	liquid
176.00	522.00	393.34	0.0025423	155.97	288.68	1.1404	1.9623	3.1994	1333.8	-0.043968	7.5025e-05	0.16583	liquid
177.00	522.00	392.34	0.0025488	158.83	291.87	1.1586	1.9600	3.1994	1328.8	-0.043790	7.4314e-05	0.16496	liquid
178.00	522.00	391.35	0.0025553	161.69	295.07	1.1766	1.9577	3.1994	1323.8	-0.043609	7.3615e-05	0.16408	liquid
179.00	522.00	390.35	0.0025618	164.55	298.27	1.1945	1.9555	3.1994	1318.9	-0.043427	7.2929e-05	0.16322	liquid
180.00	522.00	389.35	0.0025684	167.40	301.47	1.2123	1.9532	3.1994	1313.9	-0.043242	7.2255e-05	0.16236	liquid
181.00	522.00	388.35	0.0025750	170.26	304.67	1.2301	1.9510	3.1995	1309.0	-0.043055	7.1593e-05	0.16150	liquid
182.00	522.00	387.36	0.0025816	173.11	307.87	1.2477	1.9489	3.1995	1304.1	-0.042866	7.0942e-05	0.16065	liquid
183.00	522.00	386.36	0.0025883	175.96	311.07	1.2652	1.9467	3.1996	1299.3	-0.042675	7.0302e-05	0.15981	liquid
184.00	522.00	385.36	0.0025950	178.81	314.27	1.2827	1.9446	3.1996	1294.5	-0.042482	6.9673e-05	0.15898	liquid
185.00	522.00	384.36	0.0026017	181.66	317.47	1.3000	1.9426	3.1997	1289.6	-0.042287	6.9055e-05	0.15814	liquid
186.00	522.00	383.37	0.0026085	184.51	320.67	1.3173	1.9405	3.1998	1284.8	-0.042090	6.8447e-05	0.15732	liquid
187.00	522.00	382.37	0.0026153	187.35	323.87	1.3344	1.9385	3.1999	1280.1	-0.041890	6.7849e-05	0.15650	liquid
188.00	522.00	381.37	0.0026221	190.20	327.07	1.3515	1.9365	3.2000	1275.3	-0.041689	6.7261e-05	0.15569	liquid
189.00	522.00	380.38	0.0026290	193.04	330.27	1.3685	1.9346	3.2001	1270.6	-0.041485	6.6682e-05	0.15488	liquid
190.00	522.00	379.38	0.0026359	195.88	333.47	1.3853	1.9327	3.2002	1265.9	-0.041279	6.6113e-05	0.15409	liquid
191.00	522.00	378.38	0.0026428	198.72	336.67	1.4021	1.9308	3.2003	1261.2	-0.041071	6.5553e-05	0.15329	supercritical
192.00	522.00	377.39	0.0026498	201.55	339.87	1.4189	1.9289	3.2004	1256.6	-0.040861	6.5002e-05	0.15250	supercritical
193.00	522.00	376.39	0.0026568	204.39	343.07	1.4355	1.9271	3.2006	1252.0	-0.040649	6.4460e-05	0.15171	supercritical
194.00	522.00	375.40	0.0026638	207.22	346.27	1.4520	1.9253	3.2007	1247.4	-0.040435	6.3926e-05	0.15093	supercritical
195.00	522.00	374.40	0.0026709	210.05	349.47	1.4685	1.9236	3.2009	1242.8	-0.040219	6.3401e-05	0.15016	supercritical
196.00	522.00	373.41	0.0026780	212.88	352.67	1.4848	1.9219	3.2010	1238.2	-0.040001	6.2884e-05	0.14939	supercritical
197.00	522.00	372.41	0.0026852	215.71	355.87	1.5011	1.9202	3.2012	1233.7	-0.039780	6.2375e-05	0.14863	supercritical
198.00	522.00	371.42	0.0026924	218.53	359.08	1.5173	1.9185	3.2013	1229.2	-0.039558	6.1874e-05	0.14788	supercritical
199.00	522.00	370.43	0.0026996	221.36	362.28	1.5335	1.9169	3.2015	1224.7	-0.039334	6.1380e-05	0.14713	supercritical
200.00	522.00	369.43	0.0027068	224.18	365.48	1.5495	1.9153	3.2017	1220.2	-0.039108	6.0894e-05	0.14639	supercritical
201.00	522.00	368.44	0.0027141	227.00	368.68	1.5655	1.9137	3.2019	1215.8	-0.038879	6.0415e-05	0.14565	supercritical
202.00	522.00	367.45	0.0027215	229.82	371.88	1.5814	1.9122	3.2020	1211.4	-0.038649	5.9944e-05	0.14492	supercritical
203.00	522.00	366.46	0.0027288	232.64	375.08	1.5972	1.9107	3.2022	1207.0	-0.038417	5.9479e-05	0.14419	supercritical
204.00	522.00	365.47	0.0027362	235.46	378.29	1.6129	1.9093	3.2024	1202.7	-0.038183	5.9022e-05	0.14347	supercritical
205.00	522.00	364.48	0.0027437	238.27	381.49	1.6286	1.9078	3.2026	1198.3	-0.037947	5.8571e-05	0.14276	supercritical
206.00	522.00	363.49	0.0027511	241.08	384.69	1.6442	1.9064	3.2029	1194.0	-0.037709	5.8127e-05	0.14205	supercritical
207.00	522.00	362.50	0.0027586	243.89	387.90	1.6597	1.9051	3.2031	1189.7	-0.037469	5.7690e-05	0.14135	supercritical
208.00	522.00	361.51	0.0027662	246.70	391.10	1.6751	1.9037	3.2033	1185.5	-0.037228	5.7258e-05	0.14065	supercritical
209.00	522.00	360.52	0.0027738	249.51	394.30	1.6905	1.9024	3.2035	1181.2	-0.036984	5.6833e-05	0.13997	supercritical
210.00	522.00	359.53	0.0027814	252.32	397.51	1.7058	1.9012	3.2037	1177.0	-0.036739	5.6414e-05	0.13928	supercritical
211.00	522.00	358.54	0.0027891	255.12	400.71	1.7210	1.8999	3.2039	1172.8	-0.036492	5.6002e-05	0.13860	supercritical
212.00	522.00	357.56	0.0027968	257.92	403.91	1.7362	1.8987	3.2042	1168.7	-0.036243	5.5595e-05	0.13793	supercritical
213.00	522.00	356.57	0.0028045	260.72	407.12	1.7512	1.8975	3.2044	1164.5	-0.035992	5.5193e-05	0.13727	supercritical
214.00	522.00	355.59	0.0028123	263.52	410.32	1.7662	1.8964	3.2046	1160.4	-0.035740	5.4798e-05	0.13660	supercritical
215.00	522.00	354.60	0.0028201	266.32	413.53	1.7812	1.8953	3.2049	1156.3	-0.035486	5.4408e-05	0.13595	supercritical
216.00	522.00	353.62	0.0028279	269.11	416.73	1.7961	1.8942	3.2051	1152.3	-0.035230	5.4024e-05	0.13530	supercritical
217.00	522.00	352.64	0.0028358	271.91	419.94	1.8109	1.8932	3.2053	1148.2	-0.034973	5.3645e-05	0.13466	supercritical
218.00	522.00	351.65	0.0028437	274.70	423.14	1.8256	1.8922	3.2056	1144.2	-0.034714	5.3271e-05	0.13402	supercritical
219.00	522.00	350.67	0.0028517	277.49	426.35	1.8403	1.8912	3.2058	1140.3	-0.034453	5.2902e-05	0.13339	supercritical
220.00	522.00	349.69	0.0028597	280.28	429.55	1.8549	1.8902	3.2061	1136.3	-0.034191	5.2539e-05	0.13276	supercritical
221.00	522.00	348.71	0.0028677	283.07	432.76	1.8694	1.8893	3.2063	1132.4	-0.033928	5.2180e-05	0.13214	supercritical
222.00	522.00	347.73	0.0028758	285.85	435.97	1.8839	1.8884	3.2066	1128.5	-0.033662	5.1826e-05	0.13153	supercritical
223.00	522.00	346.75	0.0028839	288.63	439.17	1.8983	1.8876	3.2068	1124.6	-0.033396	5.1477e-05	0.13092	supercritical
224.00	522.00	345.78	0.0028920	291.42	442.38	1.9127	1.8868	3.2071	1120.7	-0.033128	5.1133e-05	0.13032	supercritical
225.00	522.00	344.80	0.0029002	294.20	445.59	1.9269	1.8860	3.2073	1116.9	-0.032858	5.0794e-05	0.12972	supercritical
226.00	522.00	343.83	0.0029084	296.97	448.79	1.9412	1.8852	3.2075	1113.1	-0.032587	5.0459e-05	0.12913	supercritical
227.00	522.00	342.85	0.0029167	299.75	452.00	1.9553	1.8845	3.2078	1109.3	-0.032315	5.0129e-05	0.12854	supercritical
228.00	522.00	341.88	0.0029250	302.52	455.21	1.9694	1.8838	3.2080	1105.6	-0.032042	4.9803e-05	0.12796	supercritical
229.00	522.00	340.91	0.0029334	305.30	458.42	1.9835	1.8831	3.2083	1101.9	-0.031767	4.9481e-05	0.12739	supercritical
230.00	522.00	339.94	0.0029417	308.07	461.63	1.9974	1.8825	3.2085	1098.2	-0.031491	4.9164e-05	0.12682	supercritical
231.00	522.00	338.97	0.0029501	310.84	464.84	2.0114	1.8819	3.2087	1094.5	-0.031214	4.8851e-05	0.12626	supercritical
232.00	522.00	338.00	0.0029586	313.61	468.04	2.0252	1.8813	3.2090	1090.8	-0.030936	4.8542e-05	0.12570	supercritical
233.00	522.00	337.03	0.0029671	316.37	471.25	2.0390	1.8808	3.2092	1087.2	-0.030656	4.8237e-05	0.12515	supercritical
234.00	522.00	336.06	0.0029756	319.14	474.46	2.0528	1.8803	3.2094	1083.6	-0.030376	4.7936e-05	0.12460	supercritical
235.00	522.00	335.10	0.0029842	321.90	477.67	2.0665	1.8798	3.2097	1080.1	-0.030094	4.7639e-05	0.12406	supercritical
236.00	522.00	334.13	0.0029928	324.66	480.88	2.0801	1.8794	3.2099	1076.5	-0.029812	4.7345e-05	0.12353	supercritical
237.00	522.00	333.17	0.0030014	327.42	484.09	2.0937	1.8790	3.2101	1073.0	-0.029528	4.7056e-05	0.12300	supercritical
238.00	522.00	332.21	0.0030101	330.17	487.30	2.1072	1.8786	3.2103	1069.5	-0.029244	4.6770e-05	0.12247	supercritical
239.00	522.00	331.25	0.0030189	332.93	490.51	2.1206	1.8782	3.2105	1066.1	-0.028958	4.6489e-05	0.12195	supercritical
240.00	522.00	330.29	0.0030276	335.68	493.72	2.1340	1.8779	3.2108	1062.6	-0.028672	4.6210e-05	0.12144	supercritical
241.00	522.00	329.34	0.0030364	338.43	496.93	2.1474	1.8776	3.2110	1059.2	-0.028385	4.5936e-05	0.12093	supercritical
242.00	522.00	328.38	0.0030453	341.18	500.15	2.1607	1.8774	3.2112	1055.9	-0.028097	4.5664e-05	0.12043	supercritical
243.00	522.00	327.43	0.0030541	343.93	503.36	2.1739	1.8772	3.2114	1052.5	-0.027809	4.5397e-05	0.11993	supercritical
244.00	522.00	326.47	0.0030630	346.68	506.57	2.1871	1.8770	3.2116	1049.2	-0.027520	4.5133e-05	0.11944	supercritical
245.00	522.00	325.52	0.0030720	349.42	509.78	2.2003	1.8768	3.2117	1045.9	-0.027230	4.4872e-05	0.11895	supercritical
246.00	522.00	324.57	0.0030810	352.16	512.99	2.2133	1.8767	3.2119	1042.6	-0.026940	4.4614e-05	0.11847	supercritical
247.00	522.00	323.62	0.0030900	354.91	516.20	2.2264	1.8766	3.2121	1039.4	-0.026649	4.4360e-05	0.11799	supercritical
248.00	522.00	322.68	0.0030991	357.64	519.42	2.2393	1.8765	3.2123	1036.1	-0.026358	4.4109e-05	0.11752	supercritical
249.00	522.00	321.73	0.0031082	360.38	522.63	2.2523	1.8764	3.2124	1032.9	-0.026066	4.3861e-05	0.11705	supercritical
250.00	522.00	320.79	0.0031173	363.12	525.84	2.2652	1.8764	3.2126	1029.8	-0.025774	4.3616e-05	0.11659	supercritical
251.00	522.00	319.85	0.0031265	365.85	529.05	2.2780	1.8764	3.2128	1026.6	-0.025481	4.3374e-05	0.11614	supercritical
252.00	522.00	318.91	0.0031357	368.58	532.27	2.2908	1.8765	3.2129	1023.5	-0.025188	4.3135e-05	0.11568	supercritical
253.00	522.00	317.97	0.0031449	371.31	535.48	2.3035	1.8766	3.2131	1020.4	-0.024895	4.2900e-05	0.11524	supercritical
254.00	522.00	317.03	0.0031542	374.04	538.69	2.3162	1.8767	3.2132	1017.4	-0.024602	4.2667e-05	0.11480	supercritical
255.00	522.00	316.10	0.0031636	376.77	541.91	2.3288	1.8768	3.2133	1014.3	-0.024308	4.2437e-05	0.11436	supercritical
256.00	522.00	315.17	0.0031729	379.49	545.12	2.3414	1.8770	3.2135	1011.3	-0.024015	4.2210e-05	0.11393	supercritical
257.00	522.00	314.24	0.0031823	382.22	548.33	2.3539	1.8772	3.2136	1008.3	-0.023721	4.1986e-05	0.11351	supercritical
258.00	522.00	313.31	0.0031917	384.94	551.55	2.3664	1.8774	3.2137	1005.4	-0.023427	4.1765e-05	0.11309	supercritical
259.00	522.00	312.38	0.0032012	387.66	554.76	2.3788	1.8777	3.2138	1002.4	-0.023134	4.1546e-05	0.11267	supercritical
260.00	522.00	311.46	0.0032107	390.37	557.97	2.3912	1.8779	3.2139	999.52	-0.022840	4.1330e-05	0.11226	supercritical
261.00	522.00	310.53	0.0032203	393.09	561.19	2.4035	1.8782	3.2140	996.64	-0.022546	4.1117e-05	0.11185	supercritical
262.00	522.00	309.61	0.0032299	395.80	564.40	2.4158	1.8786	3.2141	993.79	-0.022253	4.0906e-05	0.11145	supercritical
263.00	522.00	308.69	0.0032395	398.52	567.62	2.4281	1.8790	3.2142	990.96	-0.021960	4.0698e-05	0.11106	supercritical
264.00	522.00	307.78	0.0032491	401.23	570.83	2.4403	1.8794	3.2142	988.15	-0.021667	4.0493e-05	0.11066	supercritical
265.00	522.00	306.86	0.0032588	403.93	574.04	2.4524	1.8798	3.2143	985.37	-0.021374	4.0290e-05	0.11028	supercritical
266.00	522.00	305.95	0.0032685	406.64	577.26	2.4645	1.8802	3.2144	982.62	-0.021082	4.0090e-05	0.10990	supercritical
267.00	522.00	305.04	0.0032783	409.35	580.47	2.4766	1.8807	3.2144	979.89	-0.020790	3.9892e-05	0.10952	supercritical
268.00	522.00	304.13	0.0032881	412.05	583.69	2.4886	1.8812	3.2145	977.19	-0.020499	3.9696e-05	0.10915	supercritical
269.00	522.00	303.22	0.0032979	414.75	586.90	2.5006	1.8818	3.2145	974.52	-0.020208	3.9503e-05	0.10878	supercritical
270.00	522.00	302.32	0.0033078	417.45	590.12	2.5125	1.8823	3.2145	971.87	-0.019918	3.9312e-05	0.10842	supercritical
271.00	522.00	301.42	0.0033177	420.15	593.33	2.5244	1.8829	3.2146	969.24	-0.019628	3.9124e-05	0.10806	supercritical
272.00	522.00	300.52	0.0033276	422.85	596.55	2.5362	1.8835	3.2146	966.64	-0.019339	3.8938e-05	0.10770	supercritical
273.00	522.00	299.62	0.0033376	425.54	599.76	2.5480	1.8842	3.2146	964.07	-0.019050	3.8754e-05	0.10735	supercritical
274.00	522.00	298.72	0.0033476	428.23	602.97	2.5598	1.8849	3.2146	961.52	-0.018762	3.8573e-05	0.10701	supercritical
275.00	522.00	297.83	0.0033576	430.92	606.19	2.5715	1.8856	3.2146	958.99	-0.018475	3.8393e-05	0.10667	supercritical
276.00	522.00	296.94	0.0033677	433.61	609.40	2.5831	1.8863	3.2146	956.49	-0.018189	3.8216e-05	0.10633	supercritical
277.00	522.00	296.05	0.0033778	436.30	612.62	2.5948	1.8871	3.2146	954.01	-0.017904	3.8041e-05	0.10600	supercritical
278.00	522.00	295.17	0.0033879	438.99	615.83	2.6064	1.8878	3.2146	951.56	-0.017619	3.7868e-05	0.10567	supercritical
279.00	522.00	294.29	0.0033981	441.67	619.05	2.6179	1.8886	3.2145	949.14	-0.017335	3.7698e-05	0.10535	supercritical
280.00	522.00	293.41	0.0034083	444.35	622.26	2.6294	1.8895	3.2145	946.73	-0.017053	3.7529e-05	0.10503	supercritical
281.00	522.00	292.53	0.0034185	447.03	625.48	2.6409	1.8903	3.2145	944.36	-0.016771	3.7362e-05	0.10472	supercritical
282.00	522.00	291.65	0.0034288	449.71	628.69	2.6523	1.8912	3.2144	942.00	-0.016491	3.7198e-05	0.10441	supercritical
283.00	522.00	290.78	0.0034390	452.39	631.91	2.6637	1.8921	3.2144	939.67	-0.016211	3.7035e-05	0.10410	supercritical
284.00	522.00	289.91	0.0034494	455.06	635.12	2.6750	1.8931	3.2143	937.37	-0.015933	3.6875e-05	0.10380	supercritical
285.00	522.00	289.04	0.0034597	457.74	638.33	2.6863	1.8940	3.2142	935.09	-0.015656	3.6716e-05	0.10351	supercritical
286.00	522.00	288.17	0.0034701	460.41	641.55	2.6975	1.8950	3.2142	932.83	-0.015380	3.6559e-05	0.10321	supercritical
287.00	522.00	287.31	0.0034805	463.08	644.76	2.7088	1.8960	3.2141	930.59	-0.015106	3.6405e-05	0.10292	supercritical
288.00	522.00	286.45	0.0034910	465.75	647.98	2.7199	1.8971	3.2140	928.38	-0.014833	3.6252e-05	0.10264	supercritical
289.00	522.00	285.59	0.0035015	468.41	651.19	2.7311	1.8982	3.2139	926.20	-0.014561	3.6101e-05	0.10236	supercritical
290.00	522.00	284.74	0.0035120	471.08	654.40	2.7422	1.8992	3.2139	924.03	-0.014290	3.5952e-05	0.10208	supercritical
291.00	522.00	283.89	0.0035225	473.74	657.62	2.7532	1.9004	3.2138	921.89	-0.014021	3.5804e-05	0.10181	supercritical
292.00	522.00	283.04	0.0035331	476.40	660.83	2.7643	1.9015	3.2137	919.77	-0.013753	3.5659e-05	0.10154	supercritical
293.00	522.00	282.19	0.0035437	479.06	664.05	2.7753	1.9027	3.2136	917.68	-0.013487	3.5515e-05	0.10128	supercritical
294.00	522.00	281.35	0.0035543	481.72	667.26	2.7862	1.9038	3.2135	915.61	-0.013223	3.5373e-05	0.10102	supercritical
295.00	522.00	280.51	0.0035650	484.38	670.47	2.7971	1.9051	3.2134	913.56	-0.012960	3.5232e-05	0.10076	supercritical
296.00	522.00	279.67	0.0035757	487.04	673.69	2.8080	1.9063	3.2132	911.53	-0.012698	3.5094e-05	0.10051	supercritical
297.00	522.00	278.83	0.0035864	489.69	676.90	2.8188	1.9076	3.2131	909.53	-0.012439	3.4957e-05	0.10026	supercritical
298.00	522.00	278.00	0.0035971	492.34	680.11	2.8296	1.9088	3.2130	907.55	-0.012180	3.4822e-05	0.10001	supercritical
299.00	522.00	277.17	0.0036079	494.99	683.32	2.8404	1.9101	3.2129	905.59	-0.011924	3.4688e-05	0.099771	supercritical
300.00	522.00	276.34	0.0036187	497.64	686.54	2.8511	1.9115	3.2128	903.65	-0.011669	3.4556e-05	0.099533	supercritical
301.00	522.00	275.52	0.0036295	500.29	689.75	2.8618	1.9128	3.2126	901.73	-0.011416	3.4426e-05	0.099299	supercritical
302.00	522.00	274.70	0.0036404	502.93	692.96	2.8725	1.9142	3.2125	899.84	-0.011165	3.4297e-05	0.099069	supercritical
303.00	522.00	273.88	0.0036513	505.58	696.18	2.8831	1.9156	3.2124	897.97	-0.010916	3.4170e-05	0.098842	supercritical
304.00	522.00	273.06	0.0036622	508.22	699.39	2.8937	1.9170	3.2122	896.11	-0.010669	3.4044e-05	0.098619	supercritical
305.00	522.00	272.25	0.0036731	510.86	702.60	2.9042	1.9185	3.2121	894.28	-0.010423	3.3920e-05	0.098399	supercritical
306.00	522.00	271.44	0.0036841	513.50	705.81	2.9147	1.9199	3.2119	892.48	-0.010180	3.3797e-05	0.098183	supercritical
307.00	522.00	270.63	0.0036950	516.14	709.02	2.9252	1.9214	3.2118	890.69	-0.0099378	3.3676e-05	0.097971	supercritical
308.00	522.00	269.83	0.0037061	518.78	712.24	2.9357	1.9229	3.2117	888.92	-0.0096981	3.3557e-05	0.097762	supercritical
309.00	522.00	269.03	0.0037171	521.42	715.45	2.9461	1.9245	3.2115	887.18	-0.0094604	3.3439e-05	0.097556	supercritical
310.00	522.00	268.23	0.0037281	524.05	718.66	2.9564	1.9260	3.2114	885.45	-0.0092247	3.3322e-05	0.097354	supercritical
311.00	522.00	267.43	0.0037392	526.68	721.87	2.9668	1.9276	3.2112	883.75	-0.0089910	3.3207e-05	0.097156	supercritical
312.00	522.00	266.64	0.0037503	529.31	725.08	2.9771	1.9292	3.2111	882.06	-0.0087594	3.3093e-05	0.096960	supercritical
313.00	522.00	265.85	0.0037615	531.94	728.29	2.9874	1.9308	3.2110	880.40	-0.0085299	3.2980e-05	0.096769	supercritical
314.00	522.00	265.07	0.0037726	534.57	731.50	2.9976	1.9325	3.2108	878.75	-0.0083024	3.2869e-05	0.096580	supercritical
315.00	522.00	264.28	0.0037838	537.20	734.71	3.0078	1.9341	3.2107	877.13	-0.0080771	3.2760e-05	0.096395	supercritical
316.00	522.00	263.50	0.0037950	539.83	737.92	3.0180	1.9358	3.2105	875.52	-0.0078540	3.2651e-05	0.096213	supercritical
317.00	522.00	262.73	0.0038062	542.45	741.13	3.0281	1.9375	3.2104	873.94	-0.0076330	3.2544e-05	0.096034	supercritical
318.00	522.00	261.95	0.0038175	545.07	744.34	3.0383	1.9392	3.2102	872.37	-0.0074142	3.2439e-05	0.095858	supercritical
319.00	522.00	261.18	0.0038287	547.70	747.56	3.0483	1.9410	3.2101	870.82	-0.0071976	3.2334e-05	0.095686	supercritical
320.00	522.00	260.42	0.0038400	550.32	750.77	3.0584	1.9427	3.2100	869.30	-0.0069832	3.2231e-05	0.095517	supercritical
321.00	522.00	259.65	0.0038513	552.94	753.98	3.0684	1.9445	3.2098	867.79	-0.0067710	3.2129e-05	0.095351	supercritical
322.00	522.00	258.89	0.0038627	555.55	757.18	3.0784	1.9463	3.2097	866.30	-0.0065611	3.2029e-05	0.095188	supercritical
323.00	522.00	258.13	0.0038740	558.17	760.39	3.0883	1.9482	3.2096	864.83	-0.0063535	3.1929e-05	0.095028	supercritical
324.00	522.00	257.37	0.0038854	560.79	763.60	3.0983	1.9500	3.2095	863.37	-0.0061481	3.1831e-05	0.094871	supercritical
325.00	522.00	256.62	0.0038968	563.40	766.81	3.1081	1.9519	3.2093	861.94	-0.0059450	3.1734e-05	0.094717	supercritical
326.00	522.00	255.87	0.0039082	566.02	770.02	3.1180	1.9537	3.2092	860.52	-0.0057442	3.1639e-05	0.094566	supercritical
327.00	522.00	255.13	0.0039196	568.63	773.23	3.1278	1.9557	3.2091	859.12	-0.0055458	3.1544e-05	0.094418	supercritical
328.00	522.00	254.38	0.0039311	571.24	776.44	3.1376	1.9576	3.2090	857.74	-0.0053496	3.1451e-05	0.094273	supercritical
329.00	522.00	253.64	0.0039425	573.85	779.65	3.1474	1.9595	3.2089	856.38	-0.0051558	3.1359e-05	0.094131	supercritical
330.00	522.00	252.91	0.0039540	576.46	782.86	3.1571	1.9615	3.2088	855.04	-0.0049644	3.1268e-05	0.093991	supercritical
331.00	522.00	252.17	0.0039655	579.07	786.07	3.1668	1.9634	3.2087	853.71	-0.0047753	3.1178e-05	0.093855	supercritical
332.00	522.00	251.44	0.0039771	581.67	789.28	3.1765	1.9654	3.2086	852.40	-0.0045885	3.1089e-05	0.093721	supercritical
333.00	522.00	250.71	0.0039886	584.28	792.48	3.1862	1.9675	3.2085	851.10	-0.0044041	3.1002e-05	0.093591	supercritical
334.00	522.00	249.99	0.0040002	586.88	795.69	3.1958	1.9695	3.2084	849.83	-0.0042221	3.0915e-05	0.093463	supercritical
335.00	522.00	249.27	0.0040118	589.49	798.90	3.2054	1.9715	3.2084	848.57	-0.0040425	3.0830e-05	0.093337	supercritical
336.00	522.00	248.55	0.0040234	592.09	802.11	3.2150	1.9736	3.2083	847.33	-0.0038653	3.0745e-05	0.093215	supercritical
337.00	522.00	247.83	0.0040350	594.69	805.32	3.2245	1.9757	3.2082	846.10	-0.0036904	3.0662e-05	0.093095	supercritical
338.00	522.00	247.12	0.0040466	597.29	808.53	3.2340	1.9778	3.2082	844.89	-0.0035179	3.0580e-05	0.092978	supercritical
339.00	522.00	246.41	0.0040582	599.89	811.73	3.2435	1.9799	3.2081	843.70	-0.0033479	3.0498e-05	0.092863	supercritical
340.00	522.00	245.71	0.0040699	602.49	814.94	3.2529	1.9821	3.2081	842.52	-0.0031802	3.0418e-05	0.092751	supercritical
341.00	522.00	245.00	0.0040816	605.09	818.15	3.2623	1.9842	3.2080	841.36	-0.0030149	3.0339e-05	0.092642	supercritical
342.00	522.00	244.30	0.0040933	607.69	821.36	3.2717	1.9864	3.2080	840.21	-0.0028520	3.0261e-05	0.092535	supercritical
343.00	522.00	243.61	0.0041050	610.29	824.57	3.2811	1.9886	3.2080	839.08	-0.0026916	3.0184e-05	0.092431	supercritical
344.00	522.00	242.91	0.0041167	612.88	827.77	3.2904	1.9908	3.2080	837.97	-0.0025335	3.0108e-05	0.092329	supercritical
345.00	522.00	242.22	0.0041285	615.48	830.98	3.2998	1.9930	3.2080	836.87	-0.0023778	3.0032e-05	0.092230	supercritical
346.00	522.00	241.53	0.0041402	618.07	834.19	3.3090	1.9952	3.2080	835.78	-0.0022245	2.9958e-05	0.092133	supercritical
347.00	522.00	240.85	0.0041520	620.67	837.40	3.3183	1.9975	3.2080	834.72	-0.0020736	2.9885e-05	0.092039	supercritical
348.00	522.00	240.17	0.0041638	623.26	840.61	3.3275	1.9998	3.2080	833.66	-0.0019251	2.9812e-05	0.091947	supercritical
349.00	522.00	239.49	0.0041755	625.85	843.81	3.3367	2.0020	3.2080	832.62	-0.0017790	2.9741e-05	0.091858	supercritical
350.00	522.00	238.81	0.0041874	628.44	847.02	3.3459	2.0043	3.2081	831.60	-0.0016353	2.9670e-05	0.091771	supercritical
351.00	522.00	238.14	0.0041992	631.03	850.23	3.3551	2.0067	3.2081	830.59	-0.0014939	2.9601e-05	0.091686	supercritical
352.00	522.00	237.47	0.0042110	633.62	853.44	3.3642	2.0090	3.2082	829.59	-0.0013549	2.9532e-05	0.091604	supercritical
353.00	522.00	236.81	0.0042229	636.21	856.65	3.3733	2.0113	3.2083	828.61	-0.0012183	2.9464e-05	0.091524	supercritical
354.00	522.00	236.14	0.0042347	638.80	859.86	3.3824	2.0137	3.2083	827.64	-0.0010841	2.9397e-05	0.091446	supercritical
355.00	522.00	235.48	0.0042466	641.39	863.06	3.3914	2.0161	3.2084	826.69	-0.00095220	2.9331e-05	0.091370	supercritical
356.00	522.00	234.83	0.0042585	643.98	866.27	3.4004	2.0185	3.2085	825.75	-0.00082266	2.9265e-05	0.091297	supercritical
357.00	522.00	234.17	0.0042704	646.57	869.48	3.4094	2.0209	3.2086	824.82	-0.00069546	2.9201e-05	0.091226	supercritical
358.00	522.00	233.52	0.0042823	649.16	872.69	3.4184	2.0233	3.2087	823.91	-0.00057059	2.9137e-05	0.091157	supercritical
359.00	522.00	232.87	0.0042942	651.74	875.90	3.4274	2.0257	3.2089	823.01	-0.00044805	2.9075e-05	0.091091	supercritical
360.00	522.00	232.23	0.0043061	654.33	879.11	3.4363	2.0282	3.2090	822.13	-0.00032782	2.9013e-05	0.091026	supercritical
361.00	522.00	231.59	0.0043180	656.91	882.32	3.4452	2.0307	3.2092	821.25	-0.00020990	2.8952e-05	0.090964	supercritical
362.00	522.00	230.95	0.0043300	659.50	885.53	3.4541	2.0331	3.2093	820.39	-9.4274e-05	2.8891e-05	0.090904	supercritical
363.00	522.00	230.31	0.0043419	662.09	888.74	3.4629	2.0356	3.2095	819.55	1.9065e-05	2.8832e-05	0.090846	supercritical
364.00	522.00	229.68	0.0043539	664.67	891.94	3.4718	2.0381	3.2097	818.71	0.00013013	2.8773e-05	0.090790	supercritical
365.00	522.00	229.05	0.0043659	667.25	895.15	3.4806	2.0407	3.2099	817.89	0.00023893	2.8715e-05	0.090736	supercritical
366.00	522.00	228.42	0.0043779	669.84	898.36	3.4893	2.0432	3.2101	817.08	0.00034547	2.8658e-05	0.090684	supercritical
367.00	522.00	227.80	0.0043899	672.42	901.57	3.4981	2.0457	3.2103	816.28	0.00044978	2.8601e-05	0.090635	supercritical
368.00	522.00	227.18	0.0044019	675.01	904.79	3.5068	2.0483	3.2106	815.50	0.00055186	2.8545e-05	0.090587	supercritical
369.00	522.00	226.56	0.0044139	677.59	908.00	3.5156	2.0509	3.2108	814.73	0.00065172	2.8490e-05	0.090541	supercritical
370.00	522.00	225.94	0.0044259	680.17	911.21	3.5242	2.0535	3.2111	813.97	0.00074937	2.8436e-05	0.090497	supercritical
371.00	522.00	225.33	0.0044379	682.76	914.42	3.5329	2.0561	3.2113	813.22	0.00084484	2.8382e-05	0.090455	supercritical
372.00	522.00	224.72	0.0044500	685.34	917.63	3.5416	2.0587	3.2116	812.48	0.00093812	2.8330e-05	0.090415	supercritical
373.00	522.00	224.11	0.0044620	687.92	920.84	3.5502	2.0613	3.2119	811.75	0.0010292	2.8277e-05	0.090377	supercritical
374.00	522.00	223.51	0.0044741	690.51	924.05	3.5588	2.0640	3.2122	811.04	0.0011182	2.8226e-05	0.090341	supercritical
375.00	522.00	222.91	0.0044862	693.09	927.27	3.5674	2.0666	3.2126	810.34	0.0012051	2.8175e-05	0.090307	supercritical
376.00	522.00	222.31	0.0044982	695.67	930.48	3.5759	2.0693	3.2129	809.65	0.0012898	2.8125e-05	0.090274	supercritical
377.00	522.00	221.71	0.0045103	698.25	933.69	3.5844	2.0719	3.2133	808.97	0.0013724	2.8076e-05	0.090244	supercritical
378.00	522.00	221.12	0.0045224	700.84	936.91	3.5930	2.0746	3.2136	808.30	0.0014529	2.8027e-05	0.090215	supercritical
379.00	522.00	220.53	0.0045345	703.42	940.12	3.6014	2.0773	3.2140	807.64	0.0015314	2.7979e-05	0.090188	supercritical
380.00	522.00	219.95	0.0045466	706.00	943.33	3.6099	2.0800	3.2144	806.99	0.0016078	2.7931e-05	0.090163	supercritical
381.00	522.00	219.36	0.0045587	708.58	946.55	3.6184	2.0828	3.2148	806.35	0.0016821	2.7885e-05	0.090140	supercritical
382.00	522.00	218.78	0.0045708	711.17	949.76	3.6268	2.0855	3.2152	805.72	0.0017544	2.7838e-05	0.090118	supercritical
383.00	522.00	218.20	0.0045829	713.75	952.98	3.6352	2.0882	3.2156	805.11	0.0018247	2.7793e-05	0.090099	supercritical
384.00	522.00	217.63	0.0045950	716.33	956.19	3.6436	2.0910	3.2161	804.50	0.0018930	2.7748e-05	0.090081	supercritical
385.00	522.00	217.05	0.0046072	718.92	959.41	3.6520	2.0938	3.2165	803.91	0.0019594	2.7704e-05	0.090064	supercritical
386.00	522.00	216.48	0.0046193	721.50	962.63	3.6603	2.0966	3.2170	803.32	0.0020237	2.7660e-05	0.090050	supercritical
387.00	522.00	215.92	0.0046314	724.08	965.84	3.6686	2.0993	3.2175	802.74	0.0020862	2.7617e-05	0.090037	supercritical
388.00	522.00	215.35	0.0046436	726.67	969.06	3.6769	2.1021	3.2180	802.18	0.0021467	2.7575e-05	0.090025	supercritical
389.00	522.00	214.79	0.0046557	729.25	972.28	3.6852	2.1050	3.2185	801.62	0.0022052	2.7533e-05	0.090016	supercritical
390.00	522.00	214.23	0.0046679	731.84	975.50	3.6935	2.1078	3.2191	801.08	0.0022619	2.7491e-05	0.090008	supercritical
391.00	522.00	213.67	0.0046800	734.42	978.72	3.7017	2.1106	3.2196	800.54	0.0023167	2.7451e-05	0.090001	supercritical
392.00	522.00	213.12	0.0046922	737.01	981.94	3.7099	2.1135	3.2202	800.01	0.0023697	2.7411e-05	0.089997	supercritical
393.00	522.00	212.57	0.0047044	739.59	985.16	3.7181	2.1163	3.2207	799.49	0.0024208	2.7371e-05	0.089993	supercritical
394.00	522.00	212.02	0.0047165	742.18	988.38	3.7263	2.1192	3.2213	798.98	0.0024701	2.7332e-05	0.089992	supercritical
395.00	522.00	211.47	0.0047287	744.76	991.60	3.7345	2.1221	3.2219	798.48	0.0025176	2.7293e-05	0.089992	supercritical
396.00	522.00	210.93	0.0047409	747.35	994.82	3.7426	2.1249	3.2226	797.99	0.0025633	2.7255e-05	0.089993	supercritical
397.00	522.00	210.39	0.0047531	749.94	998.05	3.7508	2.1278	3.2232	797.51	0.0026072	2.7218e-05	0.089997	supercritical
398.00	522.00	209.85	0.0047652	752.52	1001.3	3.7589	2.1307	3.2238	797.04	0.0026494	2.7181e-05	0.090001	supercritical
399.00	522.00	209.32	0.0047774	755.11	1004.5	3.7670	2.1336	3.2245	796.57	0.0026898	2.7145e-05	0.090007	supercritical
400.00	522.00	208.78	0.0047896	757.70	1007.7	3.7750	2.1366	3.2252	796.12	0.0027285	2.7109e-05	0.090015	supercritical
401.00	522.00	208.25	0.0048018	760.29	1010.9	3.7831	2.1395	3.2259	795.67	0.0027655	2.7074e-05	0.090024	supercritical
402.00	522.00	207.73	0.0048140	762.88	1014.2	3.7911	2.1424	3.2266	795.23	0.0028009	2.7039e-05	0.090035	supercritical
403.00	522.00	207.20	0.0048262	765.47	1017.4	3.7992	2.1454	3.2273	794.80	0.0028346	2.7005e-05	0.090047	supercritical
404.00	522.00	206.68	0.0048384	768.06	1020.6	3.8072	2.1484	3.2280	794.38	0.0028666	2.6971e-05	0.090060	supercritical
405.00	522.00	206.16	0.0048506	770.65	1023.9	3.8151	2.1513	3.2288	793.96	0.0028970	2.6938e-05	0.090075	supercritical
406.00	522.00	205.64	0.0048628	773.24	1027.1	3.8231	2.1543	3.2295	793.56	0.0029258	2.6905e-05	0.090092	supercritical
407.00	522.00	205.13	0.0048751	775.84	1030.3	3.8310	2.1573	3.2303	793.16	0.0029530	2.6872e-05	0.090109	supercritical
408.00	522.00	204.61	0.0048873	778.43	1033.5	3.8390	2.1603	3.2311	792.77	0.0029787	2.6841e-05	0.090129	supercritical
409.00	522.00	204.10	0.0048995	781.02	1036.8	3.8469	2.1633	3.2319	792.38	0.0030028	2.6809e-05	0.090149	supercritical
410.00	522.00	203.60	0.0049117	783.62	1040.0	3.8548	2.1663	3.2328	792.01	0.0030253	2.6778e-05	0.090171	supercritical
411.00	522.00	203.09	0.0049239	786.21	1043.2	3.8626	2.1693	3.2336	791.64	0.0030464	2.6748e-05	0.090195	supercritical
412.00	522.00	202.59	0.0049361	788.81	1046.5	3.8705	2.1723	3.2345	791.28	0.0030659	2.6718e-05	0.090219	supercritical
413.00	522.00	202.09	0.0049484	791.41	1049.7	3.8784	2.1754	3.2353	790.93	0.0030840	2.6688e-05	0.090245	supercritical
414.00	522.00	201.59	0.0049606	794.00	1052.9	3.8862	2.1784	3.2362	790.59	0.0031006	2.6659e-05	0.090273	supercritical
415.00	522.00	201.09	0.0049728	796.60	1056.2	3.8940	2.1815	3.2371	790.25	0.0031158	2.6631e-05	0.090301	supercritical
416.00	522.00	200.60	0.0049850	799.20	1059.4	3.9018	2.1845	3.2380	789.92	0.0031295	2.6602e-05	0.090331	supercritical
417.00	522.00	200.11	0.0049973	801.80	1062.7	3.9096	2.1876	3.2390	789.59	0.0031418	2.6575e-05	0.090363	supercritical
418.00	522.00	199.62	0.0050095	804.40	1065.9	3.9173	2.1907	3.2399	789.28	0.0031527	2.6547e-05	0.090395	supercritical
419.00	522.00	199.13	0.0050217	807.00	1069.1	3.9251	2.1938	3.2409	788.97	0.0031623	2.6520e-05	0.090429	supercritical
420.00	522.00	198.65	0.0050340	809.61	1072.4	3.9328	2.1969	3.2418	788.67	0.0031705	2.6494e-05	0.090464	supercritical
421.00	522.00	198.17	0.0050462	812.21	1075.6	3.9405	2.1999	3.2428	788.37	0.0031774	2.6468e-05	0.090500	supercritical
422.00	522.00	197.69	0.0050584	814.82	1078.9	3.9482	2.2031	3.2438	788.08	0.0031829	2.6442e-05	0.090538	supercritical
423.00	522.00	197.21	0.0050706	817.42	1082.1	3.9559	2.2062	3.2448	787.80	0.0031872	2.6417e-05	0.090577	supercritical
424.00	522.00	196.74	0.0050829	820.03	1085.4	3.9635	2.2093	3.2459	787.52	0.0031902	2.6392e-05	0.090617	supercritical
425.00	522.00	196.27	0.0050951	822.64	1088.6	3.9712	2.2124	3.2469	787.25	0.0031919	2.6367e-05	0.090658	supercritical
426.00	522.00	195.80	0.0051073	825.24	1091.8	3.9788	2.2155	3.2480	786.99	0.0031923	2.6343e-05	0.090701	supercritical
427.00	522.00	195.33	0.0051196	827.85	1095.1	3.9864	2.2187	3.2490	786.74	0.0031915	2.6319e-05	0.090744	supercritical
428.00	522.00	194.86	0.0051318	830.47	1098.3	3.9940	2.2218	3.2501	786.49	0.0031895	2.6296e-05	0.090789	supercritical
429.00	522.00	194.40	0.0051440	833.08	1101.6	4.0016	2.2250	3.2512	786.24	0.0031863	2.6273e-05	0.090835	supercritical
430.00	522.00	193.94	0.0051563	835.69	1104.8	4.0092	2.2281	3.2523	786.00	0.0031820	2.6251e-05	0.090882	supercritical
431.00	522.00	193.48	0.0051685	838.31	1108.1	4.0167	2.2313	3.2535	785.77	0.0031764	2.6228e-05	0.090931	supercritical
432.00	522.00	193.02	0.0051807	840.92	1111.4	4.0243	2.2345	3.2546	785.55	0.0031697	2.6207e-05	0.090980	supercritical
433.00	522.00	192.57	0.0051930	843.54	1114.6	4.0318	2.2377	3.2558	785.33	0.0031619	2.6185e-05	0.091031	supercritical
434.00	522.00	192.12	0.0052052	846.16	1117.9	4.0393	2.2408	3.2570	785.11	0.0031530	2.6164e-05	0.091083	supercritical
435.00	522.00	191.67	0.0052174	848.78	1121.1	4.0468	2.2440	3.2581	784.91	0.0031429	2.6143e-05	0.091135	supercritical
436.00	522.00	191.22	0.0052297	851.40	1124.4	4.0543	2.2472	3.2593	784.70	0.0031318	2.6123e-05	0.091189	supercritical
437.00	522.00	190.77	0.0052419	854.02	1127.6	4.0618	2.2504	3.2606	784.51	0.0031196	2.6103e-05	0.091245	supercritical
438.00	522.00	190.33	0.0052541	856.64	1130.9	4.0692	2.2536	3.2618	784.32	0.0031064	2.6083e-05	0.091301	supercritical
439.00	522.00	189.89	0.0052663	859.26	1134.2	4.0767	2.2569	3.2630	784.13	0.0030921	2.6064e-05	0.091358	supercritical
440.00	522.00	189.45	0.0052786	861.89	1137.4	4.0841	2.2601	3.2643	783.95	0.0030768	2.6045e-05	0.091416	supercritical
441.00	522.00	189.01	0.0052908	864.52	1140.7	4.0915	2.2633	3.2656	783.78	0.0030605	2.6026e-05	0.091476	supercritical
442.00	522.00	188.57	0.0053030	867.14	1144.0	4.0989	2.2665	3.2669	783.61	0.0030432	2.6008e-05	0.091536	supercritical
443.00	522.00	188.14	0.0053152	869.77	1147.2	4.1063	2.2698	3.2681	783.44	0.0030250	2.5989e-05	0.091598	supercritical
444.00	522.00	187.71	0.0053275	872.41	1150.5	4.1137	2.2730	3.2695	783.28	0.0030058	2.5972e-05	0.091660	supercritical
445.00	522.00	187.28	0.0053397	875.04	1153.8	4.1210	2.2763	3.2708	783.13	0.0029856	2.5954e-05	0.091724	supercritical
446.00	522.00	186.85	0.0053519	877.67	1157.0	4.1284	2.2795	3.2721	782.98	0.0029646	2.5937e-05	0.091788	supercritical
447.00	522.00	186.42	0.0053641	880.31	1160.3	4.1357	2.2828	3.2735	782.84	0.0029426	2.5920e-05	0.091854	supercritical
448.00	522.00	186.00	0.0053763	882.94	1163.6	4.1430	2.2860	3.2748	782.70	0.0029197	2.5904e-05	0.091921	supercritical
449.00	522.00	185.58	0.0053885	885.58	1166.9	4.1503	2.2893	3.2762	782.57	0.0028959	2.5888e-05	0.091988	supercritical
450.00	522.00	185.16	0.0054007	888.22	1170.1	4.1576	2.2926	3.2776	782.44	0.0028713	2.5872e-05	0.092057	supercritical
451.00	522.00	184.74	0.0054130	890.86	1173.4	4.1649	2.2958	3.2790	782.31	0.0028458	2.5856e-05	0.092127	supercritical
452.00	522.00	184.33	0.0054252	893.50	1176.7	4.1721	2.2991	3.2804	782.20	0.0028194	2.5841e-05	0.092197	supercritical
453.00	522.00	183.91	0.0054374	896.15	1180.0	4.1794	2.3024	3.2819	782.08	0.0027923	2.5826e-05	0.092269	supercritical
454.00	522.00	183.50	0.0054496	898.79	1183.3	4.1866	2.3057	3.2833	781.97	0.0027643	2.5811e-05	0.092341	supercritical
455.00	522.00	183.09	0.0054618	901.44	1186.5	4.1938	2.3090	3.2848	781.87	0.0027355	2.5797e-05	0.092415	supercritical
456.00	522.00	182.68	0.0054740	904.09	1189.8	4.2011	2.3123	3.2862	781.77	0.0027060	2.5783e-05	0.092489	supercritical
457.00	522.00	182.28	0.0054862	906.74	1193.1	4.2083	2.3156	3.2877	781.67	0.0026757	2.5769e-05	0.092565	supercritical
458.00	522.00	181.87	0.0054984	909.39	1196.4	4.2154	2.3189	3.2892	781.58	0.0026446	2.5756e-05	0.092641	supercritical
459.00	522.00	181.47	0.0055106	912.04	1199.7	4.2226	2.3222	3.2907	781.49	0.0026128	2.5742e-05	0.092718	supercritical
460.00	522.00	181.07	0.0055228	914.70	1203.0	4.2298	2.3255	3.2922	781.41	0.0025802	2.5729e-05	0.092796	supercritical
461.00	522.00	180.67	0.0055350	917.36	1206.3	4.2369	2.3289	3.2938	781.33	0.0025469	2.5716e-05	0.092876	supercritical
462.00	522.00	180.27	0.0055471	920.01	1209.6	4.2441	2.3322	3.2953	781.26	0.0025129	2.5704e-05	0.092956	supercritical
463.00	522.00	179.88	0.0055593	922.67	1212.9	4.2512	2.3355	3.2969	781.19	0.0024783	2.5692e-05	0.093036	supercritical
464.00	522.00	179.48	0.0055715	925.34	1216.2	4.2583	2.3389	3.2984	781.12	0.0024429	2.5680e-05	0.093118	supercritical
465.00	522.00	179.09	0.0055837	928.00	1219.5	4.2654	2.3422	3.3000	781.06	0.0024069	2.5668e-05	0.093201	supercritical
466.00	522.00	178.70	0.0055959	930.66	1222.8	4.2725	2.3455	3.3016	781.00	0.0023702	2.5657e-05	0.093284	supercritical
467.00	522.00	178.32	0.0056080	933.33	1226.1	4.2796	2.3489	3.3032	780.95	0.0023329	2.5646e-05	0.093369	supercritical
468.00	522.00	177.93	0.0056202	936.00	1229.4	4.2867	2.3522	3.3048	780.90	0.0022949	2.5635e-05	0.093454	supercritical
469.00	522.00	177.54	0.0056324	938.67	1232.7	4.2937	2.3556	3.3065	780.86	0.0022564	2.5624e-05	0.093540	supercritical
470.00	522.00	177.16	0.0056445	941.34	1236.0	4.3008	2.3589	3.3081	780.81	0.0022172	2.5613e-05	0.093627	supercritical
471.00	522.00	176.78	0.0056567	944.02	1239.3	4.3078	2.3623	3.3098	780.78	0.0021774	2.5603e-05	0.093715	supercritical
472.00	522.00	176.40	0.0056689	946.69	1242.6	4.3148	2.3657	3.3114	780.74	0.0021370	2.5593e-05	0.093804	supercritical
473.00	522.00	176.02	0.0056810	949.37	1245.9	4.3218	2.3690	3.3131	780.71	0.0020961	2.5584e-05	0.093893	supercritical
474.00	522.00	175.65	0.0056932	952.05	1249.2	4.3288	2.3724	3.3148	780.69	0.0020546	2.5574e-05	0.093984	supercritical
475.00	522.00	175.27	0.0057053	954.73	1252.5	4.3358	2.3758	3.3165	780.66	0.0020126	2.5565e-05	0.094075	supercritical
476.00	522.00	174.90	0.0057175	957.41	1255.9	4.3428	2.3791	3.3182	780.64	0.0019700	2.5556e-05	0.094167	supercritical
477.00	522.00	174.53	0.0057296	960.10	1259.2	4.3498	2.3825	3.3199	780.63	0.0019269	2.5547e-05	0.094260	supercritical
478.00	522.00	174.16	0.0057418	962.79	1262.5	4.3567	2.3859	3.3216	780.62	0.0018832	2.5538e-05	0.094354	supercritical
479.00	522.00	173.79	0.0057539	965.47	1265.8	4.3637	2.3893	3.3234	780.61	0.0018391	2.5530e-05	0.094448	supercritical
480.00	522.00	173.43	0.0057661	968.17	1269.2	4.3706	2.3927	3.3251	780.60	0.0017944	2.5522e-05	0.094543	supercritical
481.00	522.00	173.06	0.0057782	970.86	1272.5	4.3775	2.3961	3.3269	780.60	0.0017493	2.5514e-05	0.094639	supercritical
482.00	522.00	172.70	0.0057903	973.55	1275.8	4.3844	2.3995	3.3287	780.60	0.0017037	2.5506e-05	0.094736	supercritical
483.00	522.00	172.34	0.0058025	976.25	1279.1	4.3913	2.4029	3.3305	780.61	0.0016576	2.5499e-05	0.094834	supercritical
484.00	522.00	171.98	0.0058146	978.95	1282.5	4.3982	2.4063	3.3323	780.62	0.0016111	2.5492e-05	0.094932	supercritical
485.00	522.00	171.62	0.0058267	981.65	1285.8	4.4051	2.4097	3.3341	780.63	0.0015641	2.5485e-05	0.095031	supercritical
486.00	522.00	171.27	0.0058388	984.35	1289.1	4.4120	2.4131	3.3359	780.65	0.0015167	2.5478e-05	0.095131	supercritical
487.00	522.00	170.91	0.0058509	987.05	1292.5	4.4188	2.4165	3.3377	780.66	0.0014689	2.5471e-05	0.095232	supercritical
488.00	522.00	170.56	0.0058631	989.76	1295.8	4.4257	2.4199	3.3396	780.69	0.0014206	2.5465e-05	0.095333	supercritical
489.00	522.00	170.21	0.0058752	992.47	1299.2	4.4325	2.4233	3.3414	780.71	0.0013719	2.5458e-05	0.095435	supercritical
490.00	522.00	169.86	0.0058873	995.18	1302.5	4.4393	2.4267	3.3433	780.74	0.0013228	2.5452e-05	0.095538	supercritical
491.00	522.00	169.51	0.0058994	997.89	1305.8	4.4461	2.4301	3.3451	780.77	0.0012734	2.5447e-05	0.095642	supercritical
492.00	522.00	169.16	0.0059115	1000.6	1309.2	4.4530	2.4335	3.3470	780.80	0.0012235	2.5441e-05	0.095746	supercritical
493.00	522.00	168.82	0.0059236	1003.3	1312.5	4.4598	2.4370	3.3489	780.84	0.0011733	2.5435e-05	0.095851	supercritical
494.00	522.00	168.47	0.0059357	1006.0	1315.9	4.4665	2.4404	3.3508	780.88	0.0011227	2.5430e-05	0.095957	supercritical
495.00	522.00	168.13	0.0059478	1008.8	1319.2	4.4733	2.4438	3.3527	780.92	0.0010718	2.5425e-05	0.096063	supercritical
496.00	522.00	167.79	0.0059598	1011.5	1322.6	4.4801	2.4472	3.3546	780.97	0.0010205	2.5420e-05	0.096171	supercritical
497.00	522.00	167.45	0.0059719	1014.2	1325.9	4.4868	2.4507	3.3566	781.02	0.00096883	2.5416e-05	0.096279	supercritical
498.00	522.00	167.11	0.0059840	1016.9	1329.3	4.4936	2.4541	3.3585	781.07	0.00091687	2.5411e-05	0.096387	supercritical
499.00	522.00	166.78	0.0059961	1019.7	1332.7	4.5003	2.4575	3.3604	781.12	0.00086458	2.5407e-05	0.096496	supercritical
500.00	522.00	166.44	0.0060082	1022.4	1336.0	4.5071	2.4610	3.3624	781.18	0.00081197	2.5403e-05	0.096606	supercritical
501.00	522.00	166.11	0.0060202	1025.1	1339.4	4.5138	2.4644	3.3644	781.24	0.00075906	2.5399e-05	0.096717	supercritical
502.00	522.00	165.77	0.0060323	1027.9	1342.8	4.5205	2.4679	3.3663	781.30	0.00070584	2.5395e-05	0.096829	supercritical
503.00	522.00	165.44	0.0060444	1030.6	1346.1	4.5272	2.4713	3.3683	781.37	0.00065234	2.5391e-05	0.096941	supercritical
504.00	522.00	165.11	0.0060564	1033.3	1349.5	4.5339	2.4747	3.3703	781.43	0.00059855	2.5388e-05	0.097053	supercritical
505.00	522.00	164.79	0.0060685	1036.1	1352.9	4.5406	2.4782	3.3723	781.50	0.00054448	2.5384e-05	0.097167	supercritical
506.00	522.00	164.46	0.0060805	1038.8	1356.2	4.5472	2.4816	3.3743	781.58	0.00049014	2.5381e-05	0.097281	supercritical
507.00	522.00	164.13	0.0060926	1041.6	1359.6	4.5539	2.4851	3.3763	781.65	0.00043554	2.5378e-05	0.097395	supercritical
508.00	522.00	163.81	0.0061046	1044.3	1363.0	4.5606	2.4885	3.3784	781.73	0.00038069	2.5376e-05	0.097511	supercritical
509.00	522.00	163.49	0.0061167	1047.1	1366.4	4.5672	2.4920	3.3804	781.81	0.00032558	2.5373e-05	0.097627	supercritical
510.00	522.00	163.17	0.0061287	1049.8	1369.7	4.5738	2.4954	3.3825	781.90	0.00027024	2.5371e-05	0.097744	supercritical
511.00	522.00	162.85	0.0061407	1052.6	1373.1	4.5805	2.4989	3.3845	781.98	0.00021466	2.5368e-05	0.097861	supercritical
512.00	522.00	162.53	0.0061528	1055.3	1376.5	4.5871	2.5023	3.3866	782.07	0.00015885	2.5366e-05	0.097979	supercritical
513.00	522.00	162.21	0.0061648	1058.1	1379.9	4.5937	2.5058	3.3887	782.16	0.00010282	2.5364e-05	0.098097	supercritical
514.00	522.00	161.90	0.0061768	1060.9	1383.3	4.6003	2.5093	3.3907	782.25	4.6575e-05	2.5362e-05	0.098217	supercritical
515.00	522.00	161.58	0.0061888	1063.6	1386.7	4.6069	2.5127	3.3928	782.35	-9.8782e-06	2.5361e-05	0.098336	supercritical
516.00	522.00	161.27	0.0062008	1066.4	1390.1	4.6135	2.5162	3.3949	782.44	-6.6533e-05	2.5359e-05	0.098457	supercritical
517.00	522.00	160.96	0.0062128	1069.2	1393.5	4.6201	2.5197	3.3970	782.54	-0.00012338	2.5358e-05	0.098578	supercritical
518.00	522.00	160.65	0.0062248	1071.9	1396.9	4.6266	2.5231	3.3991	782.65	-0.00018042	2.5357e-05	0.098700	supercritical
519.00	522.00	160.34	0.0062369	1074.7	1400.3	4.6332	2.5266	3.4013	782.75	-0.00023765	2.5356e-05	0.098822	supercritical
520.00	522.00	160.03	0.0062489	1077.5	1403.7	4.6397	2.5300	3.4034	782.86	-0.00029505	2.5355e-05	0.098945	supercritical
521.00	522.00	159.72	0.0062608	1080.3	1407.1	4.6463	2.5335	3.4055	782.97	-0.00035262	2.5354e-05	0.099068	supercritical
522.00	522.00	159.42	0.0062728	1083.0	1410.5	4.6528	2.5370	3.4077	783.08	-0.00041036	2.5353e-05	0.099192	supercritical
523.00	522.00	159.11	0.0062848	1085.8	1413.9	4.6593	2.5405	3.4098	783.19	-0.00046826	2.5353e-05	0.099317	supercritical
524.00	522.00	158.81	0.0062968	1088.6	1417.3	4.6658	2.5439	3.4120	783.31	-0.00052631	2.5353e-05	0.099442	supercritical
525.00	522.00	158.51	0.0063088	1091.4	1420.7	4.6723	2.5474	3.4141	783.42	-0.00058452	2.5352e-05	0.099568	supercritical
526.00	522.00	158.21	0.0063208	1094.2	1424.1	4.6788	2.5509	3.4163	783.54	-0.00064286	2.5352e-05	0.099694	supercritical
527.00	522.00	157.91	0.0063327	1097.0	1427.6	4.6853	2.5543	3.4185	783.66	-0.00070135	2.5353e-05	0.099821	supercritical
528.00	522.00	157.61	0.0063447	1099.8	1431.0	4.6918	2.5578	3.4207	783.79	-0.00075996	2.5353e-05	0.099949	supercritical
529.00	522.00	157.31	0.0063567	1102.6	1434.4	4.6983	2.5613	3.4229	783.91	-0.00081871	2.5353e-05	0.10008	supercritical
530.00	522.00	157.02	0.0063686	1105.4	1437.8	4.7048	2.5648	3.4251	784.04	-0.00087757	2.5354e-05	0.10021	supercritical
531.00	522.00	156.73	0.0063806	1108.2	1441.2	4.7112	2.5682	3.4273	784.17	-0.00093656	2.5354e-05	0.10033	supercritical
532.00	522.00	156.43	0.0063926	1111.0	1444.7	4.7177	2.5717	3.4295	784.30	-0.00099565	2.5355e-05	0.10046	supercritical
533.00	522.00	156.14	0.0064045	1113.8	1448.1	4.7241	2.5752	3.4318	784.43	-0.0010549	2.5356e-05	0.10060	supercritical
534.00	522.00	155.85	0.0064164	1116.6	1451.5	4.7305	2.5787	3.4340	784.57	-0.0011142	2.5357e-05	0.10073	supercritical
535.00	522.00	155.56	0.0064284	1119.4	1455.0	4.7370	2.5822	3.4362	784.71	-0.0011736	2.5358e-05	0.10086	supercritical
536.00	522.00	155.27	0.0064403	1122.2	1458.4	4.7434	2.5856	3.4385	784.85	-0.0012331	2.5359e-05	0.10099	supercritical
537.00	522.00	154.98	0.0064523	1125.0	1461.8	4.7498	2.5891	3.4407	784.99	-0.0012927	2.5361e-05	0.10112	supercritical
538.00	522.00	154.70	0.0064642	1127.9	1465.3	4.7562	2.5926	3.4430	785.13	-0.0013523	2.5362e-05	0.10126	supercritical
539.00	522.00	154.41	0.0064761	1130.7	1468.7	4.7626	2.5961	3.4453	785.27	-0.0014121	2.5364e-05	0.10139	supercritical
540.00	522.00	154.13	0.0064880	1133.5	1472.2	4.7690	2.5996	3.4475	785.42	-0.0014719	2.5366e-05	0.10152	supercritical
541.00	522.00	153.85	0.0065000	1136.3	1475.6	4.7754	2.6030	3.4498	785.57	-0.0015318	2.5368e-05	0.10166	supercritical
542.00	522.00	153.57	0.0065119	1139.2	1479.1	4.7817	2.6065	3.4521	785.72	-0.0015918	2.5370e-05	0.10179	supercritical
543.00	522.00	153.29	0.0065238	1142.0	1482.5	4.7881	2.6100	3.4544	785.87	-0.0016518	2.5372e-05	0.10193	supercritical
544.00	522.00	153.01	0.0065357	1144.8	1486.0	4.7945	2.6135	3.4567	786.02	-0.0017119	2.5374e-05	0.10206	supercritical
545.00	522.00	152.73	0.0065476	1147.7	1489.4	4.8008	2.6170	3.4590	786.18	-0.0017720	2.5377e-05	0.10220	supercritical
546.00	522.00	152.45	0.0065595	1150.5	1492.9	4.8072	2.6205	3.4613	786.33	-0.0018322	2.5379e-05	0.10234	supercritical
547.00	522.00	152.17	0.0065714	1153.3	1496.4	4.8135	2.6239	3.4636	786.49	-0.0018924	2.5382e-05	0.10248	supercritical
548.00	522.00	151.90	0.0065833	1156.2	1499.8	4.8198	2.6274	3.4659	786.65	-0.0019527	2.5384e-05	0.10261	supercritical
549.00	522.00	151.63	0.0065952	1159.0	1503.3	4.8261	2.6309	3.4683	786.81	-0.0020130	2.5387e-05	0.10275	supercritical
550.00	522.00	151.35	0.0066071	1161.9	1506.8	4.8325	2.6344	3.4706	786.98	-0.0020734	2.5390e-05	0.10289	supercritical
551.00	522.00	151.08	0.0066189	1164.7	1510.2	4.8388	2.6379	3.4730	787.14	-0.0021338	2.5393e-05	0.10303	supercritical
552.00	522.00	150.81	0.0066308	1167.6	1513.7	4.8451	2.6414	3.4753	787.31	-0.0021942	2.5396e-05	0.10317	supercritical
553.00	522.00	150.54	0.0066427	1170.4	1517.2	4.8514	2.6448	3.4777	787.48	-0.0022546	2.5400e-05	0.10331	supercritical
554.00	522.00	150.27	0.0066546	1173.3	1520.7	4.8576	2.6483	3.4800	787.64	-0.0023151	2.5403e-05	0.10345	supercritical
555.00	522.00	150.01	0.0066664	1176.2	1524.2	4.8639	2.6518	3.4824	787.82	-0.0023756	2.5406e-05	0.10360	supercritical
556.00	522.00	149.74	0.0066783	1179.0	1527.6	4.8702	2.6553	3.4848	787.99	-0.0024361	2.5410e-05	0.10374	supercritical
557.00	522.00	149.47	0.0066901	1181.9	1531.1	4.8765	2.6588	3.4871	788.16	-0.0024966	2.5414e-05	0.10388	supercritical
558.00	522.00	149.21	0.0067020	1184.8	1534.6	4.8827	2.6623	3.4895	788.34	-0.0025571	2.5417e-05	0.10402	supercritical
559.00	522.00	148.95	0.0067138	1187.6	1538.1	4.8890	2.6658	3.4919	788.51	-0.0026176	2.5421e-05	0.10417	supercritical
560.00	522.00	148.68	0.0067257	1190.5	1541.6	4.8952	2.6692	3.4943	788.69	-0.0026781	2.5425e-05	0.10431	supercritical
561.00	522.00	148.42	0.0067375	1193.4	1545.1	4.9014	2.6727	3.4967	788.87	-0.0027386	2.5429e-05	0.10446	supercritical
562.00	522.00	148.16	0.0067494	1196.3	1548.6	4.9077	2.6762	3.4991	789.05	-0.0027991	2.5434e-05	0.10460	supercritical
563.00	522.00	147.90	0.0067612	1199.2	1552.1	4.9139	2.6797	3.5015	789.24	-0.0028597	2.5438e-05	0.10475	supercritical
564.00	522.00	147.64	0.0067730	1202.0	1555.6	4.9201	2.6832	3.5039	789.42	-0.0029201	2.5442e-05	0.10489	supercritical
565.00	522.00	147.39	0.0067848	1204.9	1559.1	4.9263	2.6867	3.5063	789.60	-0.0029806	2.5447e-05	0.10504	supercritical
566.00	522.00	147.13	0.0067967	1207.8	1562.6	4.9325	2.6901	3.5088	789.79	-0.0030411	2.5451e-05	0.10519	supercritical
567.00	522.00	146.88	0.0068085	1210.7	1566.1	4.9387	2.6936	3.5112	789.98	-0.0031015	2.5456e-05	0.10533	supercritical
568.00	522.00	146.62	0.0068203	1213.6	1569.6	4.9449	2.6971	3.5136	790.17	-0.0031620	2.5461e-05	0.10548	supercritical
569.00	522.00	146.37	0.0068321	1216.5	1573.1	4.9511	2.7006	3.5161	790.36	-0.0032224	2.5466e-05	0.10563	supercritical
570.00	522.00	146.12	0.0068439	1219.4	1576.7	4.9573	2.7041	3.5185	790.55	-0.0032827	2.5471e-05	0.10578	supercritical
571.00	522.00	145.86	0.0068557	1222.3	1580.2	4.9634	2.7076	3.5210	790.74	-0.0033431	2.5476e-05	0.10593	supercritical
572.00	522.00	145.61	0.0068675	1225.2	1583.7	4.9696	2.7110	3.5234	790.94	-0.0034034	2.5481e-05	0.10608	supercritical
573.00	522.00	145.36	0.0068793	1228.1	1587.2	4.9758	2.7145	3.5259	791.13	-0.0034637	2.5486e-05	0.10623	supercritical
574.00	522.00	145.11	0.0068911	1231.0	1590.8	4.9819	2.7180	3.5283	791.33	-0.0035239	2.5491e-05	0.10638	supercritical
575.00	522.00	144.87	0.0069029	1233.9	1594.3	4.9881	2.7215	3.5308	791.53	-0.0035841	2.5497e-05	0.10653	supercritical
576.00	522.00	144.62	0.0069147	1236.9	1597.8	4.9942	2.7250	3.5333	791.73	-0.0036443	2.5502e-05	0.10668	supercritical
577.00	522.00	144.37	0.0069265	1239.8	1601.3	5.0003	2.7284	3.5358	791.93	-0.0037044	2.5508e-05	0.10683	supercritical
578.00	522.00	144.13	0.0069382	1242.7	1604.9	5.0064	2.7319	3.5382	792.13	-0.0037644	2.5513e-05	0.10698	supercritical
579.00	522.00	143.88	0.0069500	1245.6	1608.4	5.0126	2.7354	3.5407	792.33	-0.0038245	2.5519e-05	0.10713	supercritical
580.00	522.00	143.64	0.0069618	1248.6	1612.0	5.0187	2.7389	3.5432	792.54	-0.0038844	2.5525e-05	0.10729	supercritical
581.00	522.00	143.40	0.0069735	1251.5	1615.5	5.0248	2.7424	3.5457	792.74	-0.0039443	2.5531e-05	0.10744	supercritical
582.00	522.00	143.16	0.0069853	1254.4	1619.1	5.0309	2.7458	3.5482	792.95	-0.0040042	2.5537e-05	0.10759	supercritical
583.00	522.00	142.92	0.0069970	1257.4	1622.6	5.0370	2.7493	3.5507	793.16	-0.0040640	2.5543e-05	0.10775	supercritical
584.00	522.00	142.68	0.0070088	1260.3	1626.2	5.0431	2.7528	3.5532	793.36	-0.0041238	2.5549e-05	0.10790	supercritical
585.00	522.00	142.44	0.0070205	1263.2	1629.7	5.0491	2.7563	3.5557	793.57	-0.0041834	2.5555e-05	0.10806	supercritical
586.00	522.00	142.20	0.0070323	1266.2	1633.3	5.0552	2.7597	3.5583	793.79	-0.0042431	2.5562e-05	0.10821	supercritical
587.00	522.00	141.96	0.0070440	1269.1	1636.8	5.0613	2.7632	3.5608	794.00	-0.0043026	2.5568e-05	0.10837	supercritical
588.00	522.00	141.73	0.0070558	1272.1	1640.4	5.0673	2.7667	3.5633	794.21	-0.0043621	2.5575e-05	0.10852	supercritical
589.00	522.00	141.49	0.0070675	1275.0	1644.0	5.0734	2.7701	3.5658	794.42	-0.0044215	2.5581e-05	0.10868	supercritical
590.00	522.00	141.26	0.0070792	1278.0	1647.5	5.0795	2.7736	3.5684	794.64	-0.0044809	2.5588e-05	0.10884	supercritical
591.00	522.00	141.02	0.0070910	1280.9	1651.1	5.0855	2.7771	3.5709	794.85	-0.0045402	2.5594e-05	0.10899	supercritical
592.00	522.00	140.79	0.0071027	1283.9	1654.7	5.0915	2.7806	3.5734	795.07	-0.0045994	2.5601e-05	0.10915	supercritical
593.00	522.00	140.56	0.0071144	1286.9	1658.2	5.0976	2.7840	3.5760	795.29	-0.0046585	2.5608e-05	0.10931	supercritical
594.00	522.00	140.33	0.0071261	1289.8	1661.8	5.1036	2.7875	3.5785	795.51	-0.0047176	2.5615e-05	0.10947	supercritical
595.00	522.00	140.10	0.0071378	1292.8	1665.4	5.1096	2.7910	3.5811	795.73	-0.0047765	2.5622e-05	0.10963	supercritical
596.00	522.00	139.87	0.0071495	1295.8	1669.0	5.1156	2.7944	3.5836	795.95	-0.0048354	2.5629e-05	0.10979	supercritical
597.00	522.00	139.64	0.0071612	1298.7	1672.6	5.1216	2.7979	3.5862	796.17	-0.0048942	2.5636e-05	0.10995	supercritical
598.00	522.00	139.41	0.0071729	1301.7	1676.2	5.1277	2.8014	3.5887	796.40	-0.0049530	2.5643e-05	0.11010	supercritical
599.00	522.00	139.19	0.0071846	1304.7	1679.7	5.1337	2.8048	3.5913	796.62	-0.0050116	2.5651e-05	0.11027	supercritical
600.00	522.00	138.96	0.0071963	1307.7	1683.3	5.1396	2.8083	3.5939	796.84	-0.0050702	2.5658e-05	0.11043	supercritical
601.00	522.00	138.73	0.0072080	1310.7	1686.9	5.1456	2.8117	3.5964	797.07	-0.0051287	2.5666e-05	0.11059	supercritical
602.00	522.00	138.51	0.0072197	1313.7	1690.5	5.1516	2.8152	3.5990	797.30	-0.0051870	2.5673e-05	0.11075	supercritical
603.00	522.00	138.29	0.0072314	1316.6	1694.1	5.1576	2.8187	3.6016	797.52	-0.0052453	2.5681e-05	0.11091	supercritical
604.00	522.00	138.06	0.0072431	1319.6	1697.7	5.1636	2.8221	3.6042	797.75	-0.0053035	2.5688e-05	0.11107	supercritical
605.00	522.00	137.84	0.0072547	1322.6	1701.3	5.1695	2.8256	3.6068	797.98	-0.0053616	2.5696e-05	0.11123	supercritical
606.00	522.00	137.62	0.0072664	1325.6	1704.9	5.1755	2.8290	3.6094	798.21	-0.0054196	2.5704e-05	0.11140	supercritical
607.00	522.00	137.40	0.0072781	1328.6	1708.6	5.1814	2.8325	3.6119	798.44	-0.0054776	2.5712e-05	0.11156	supercritical
608.00	522.00	137.18	0.0072897	1331.6	1712.2	5.1874	2.8360	3.6145	798.68	-0.0055354	2.5719e-05	0.11172	supercritical
609.00	522.00	136.96	0.0073014	1334.7	1715.8	5.1933	2.8394	3.6171	798.91	-0.0055931	2.5727e-05	0.11189	supercritical
610.00	522.00	136.74	0.0073130	1337.7	1719.4	5.1993	2.8429	3.6197	799.14	-0.0056507	2.5735e-05	0.11205	supercritical
611.00	522.00	136.52	0.0073247	1340.7	1723.0	5.2052	2.8463	3.6223	799.38	-0.0057082	2.5744e-05	0.11222	supercritical
612.00	522.00	136.31	0.0073363	1343.7	1726.6	5.2111	2.8498	3.6250	799.61	-0.0057657	2.5752e-05	0.11238	supercritical
613.00	522.00	136.09	0.0073480	1346.7	1730.3	5.2170	2.8532	3.6276	799.85	-0.0058230	2.5760e-05	0.11255	supercritical
614.00	522.00	135.88	0.0073596	1349.7	1733.9	5.2230	2.8567	3.6302	800.08	-0.0058802	2.5768e-05	0.11271	supercritical
615.00	522.00	135.66	0.0073713	1352.8	1737.5	5.2289	2.8601	3.6328	800.32	-0.0059373	2.5777e-05	0.11288	supercritical
616.00	522.00	135.45	0.0073829	1355.8	1741.2	5.2348	2.8636	3.6354	800.56	-0.0059943	2.5785e-05	0.11304	supercritical
617.00	522.00	135.24	0.0073945	1358.8	1744.8	5.2407	2.8670	3.6380	800.80	-0.0060512	2.5793e-05	0.11321	supercritical
618.00	522.00	135.02	0.0074062	1361.8	1748.4	5.2466	2.8704	3.6407	801.04	-0.0061080	2.5802e-05	0.11338	supercritical
619.00	522.00	134.81	0.0074178	1364.9	1752.1	5.2524	2.8739	3.6433	801.28	-0.0061647	2.5811e-05	0.11354	supercritical
620.00	522.00	134.60	0.0074294	1367.9	1755.7	5.2583	2.8773	3.6459	801.52	-0.0062212	2.5819e-05	0.11371	supercritical
621.00	522.00	134.39	0.0074410	1371.0	1759.4	5.2642	2.8808	3.6485	801.77	-0.0062777	2.5828e-05	0.11388	supercritical
622.00	522.00	134.18	0.0074526	1374.0	1763.0	5.2701	2.8842	3.6512	802.01	-0.0063340	2.5837e-05	0.11405	supercritical
623.00	522.00	133.97	0.0074642	1377.0	1766.7	5.2759	2.8876	3.6538	802.25	-0.0063903	2.5845e-05	0.11421	supercritical
624.00	522.00	133.76	0.0074758	1380.1	1770.3	5.2818	2.8911	3.6565	802.50	-0.0064464	2.5854e-05	0.11438	supercritical
625.00	522.00	133.56	0.0074874	1383.1	1774.0	5.2877	2.8945	3.6591	802.74	-0.0065024	2.5863e-05	0.11455	supercritical
