Temperature (K)	Pressure (bar)	Density (kg/m3)	Volume (m3/kg)	Internal Energy (kJ/kg)	Enthalpy (kJ/kg)	Entropy (J/g*K)	Cv (J/g*K)	Cp (J/g*K)	Sound Spd. (m/s)	Joule-Thomson (K/bar)	Viscosity (Pa*s)	Therm. Cond. (W/m*K)	Phase
102.00	426.00	462.59	0.0021617	-56.581	35.508	-0.56270	2.1962	3.2311	1705.1	-0.051441	0.00023257	0.23392	liquid
103.00	426.00	461.55	0.0021666	-53.559	38.739	-0.53117	2.1917	3.2313	1698.7	-0.051367	0.00022559	0.23289	liquid
104.00	426.00	460.50	0.0021716	-50.538	41.970	-0.49995	2.1872	3.2316	1692.3	-0.051290	0.00021901	0.23184	liquid
105.00	426.00	459.45	0.0021765	-47.517	45.202	-0.46903	2.1828	3.2319	1685.8	-0.051212	0.00021279	0.23079	liquid
106.00	426.00	458.40	0.0021815	-44.497	48.434	-0.43839	2.1784	3.2322	1679.4	-0.051131	0.00020692	0.22973	liquid
107.00	426.00	457.35	0.0021865	-41.478	51.667	-0.40804	2.1741	3.2325	1672.9	-0.051049	0.00020135	0.22866	liquid
108.00	426.00	456.31	0.0021915	-38.459	54.899	-0.37797	2.1698	3.2328	1666.5	-0.050965	0.00019608	0.22759	liquid
109.00	426.00	455.26	0.0021966	-35.441	58.132	-0.34817	2.1655	3.2332	1660.0	-0.050878	0.00019108	0.22651	liquid
110.00	426.00	454.21	0.0022016	-32.424	61.366	-0.31864	2.1613	3.2335	1653.6	-0.050791	0.00018632	0.22542	liquid
111.00	426.00	453.16	0.0022067	-29.408	64.599	-0.28938	2.1571	3.2339	1647.1	-0.050701	0.00018180	0.22433	liquid
112.00	426.00	452.11	0.0022119	-26.392	67.833	-0.26037	2.1529	3.2342	1640.7	-0.050610	0.00017749	0.22324	liquid
113.00	426.00	451.06	0.0022170	-23.377	71.068	-0.23162	2.1488	3.2346	1634.2	-0.050516	0.00017338	0.22214	liquid
114.00	426.00	450.01	0.0022222	-20.362	74.303	-0.20312	2.1447	3.2349	1627.8	-0.050421	0.00016946	0.22103	liquid
115.00	426.00	448.96	0.0022274	-17.348	77.538	-0.17487	2.1406	3.2353	1621.3	-0.050325	0.00016572	0.21993	liquid
116.00	426.00	447.91	0.0022326	-14.336	80.773	-0.14686	2.1365	3.2356	1614.9	-0.050226	0.00016214	0.21882	liquid
117.00	426.00	446.86	0.0022378	-11.323	84.009	-0.11908	2.1325	3.2359	1608.5	-0.050126	0.00015871	0.21771	liquid
118.00	426.00	445.81	0.0022431	-8.3121	87.245	-0.091538	2.1285	3.2363	1602.1	-0.050024	0.00015542	0.21659	liquid
119.00	426.00	444.76	0.0022484	-5.3015	90.481	-0.064226	2.1245	3.2366	1595.7	-0.049920	0.00015227	0.21548	liquid
120.00	426.00	443.70	0.0022538	-2.2918	93.718	-0.037140	2.1206	3.2369	1589.2	-0.049815	0.00014924	0.21436	liquid
121.00	426.00	442.65	0.0022591	0.71703	96.955	-0.010276	2.1166	3.2373	1582.9	-0.049707	0.00014634	0.21325	liquid
122.00	426.00	441.60	0.0022645	3.7250	100.19	0.016370	2.1127	3.2376	1576.5	-0.049597	0.00014354	0.21213	liquid
123.00	426.00	440.55	0.0022699	6.7322	103.43	0.042800	2.1089	3.2379	1570.1	-0.049486	0.00014085	0.21101	liquid
124.00	426.00	439.49	0.0022754	9.7385	106.67	0.069020	2.1050	3.2382	1563.7	-0.049373	0.00013826	0.20989	liquid
125.00	426.00	438.44	0.0022808	12.744	109.91	0.095031	2.1012	3.2386	1557.4	-0.049258	0.00013576	0.20878	liquid
126.00	426.00	437.38	0.0022863	15.748	113.15	0.12084	2.0973	3.2389	1551.0	-0.049140	0.00013335	0.20766	liquid
127.00	426.00	436.33	0.0022919	18.752	116.38	0.14644	2.0936	3.2392	1544.7	-0.049021	0.00013102	0.20654	liquid
128.00	426.00	435.27	0.0022974	21.754	119.62	0.17185	2.0898	3.2395	1538.4	-0.048899	0.00012877	0.20543	liquid
129.00	426.00	434.22	0.0023030	24.756	122.86	0.19706	2.0861	3.2398	1532.0	-0.048776	0.00012660	0.20431	liquid
130.00	426.00	433.16	0.0023086	27.757	126.10	0.22208	2.0824	3.2402	1525.7	-0.048650	0.00012449	0.20320	liquid
131.00	426.00	432.10	0.0023143	30.757	129.34	0.24691	2.0787	3.2405	1519.5	-0.048523	0.00012246	0.20209	liquid
132.00	426.00	431.05	0.0023199	33.755	132.58	0.27156	2.0750	3.2408	1513.2	-0.048393	0.00012049	0.20098	liquid
133.00	426.00	429.99	0.0023257	36.753	135.83	0.29602	2.0714	3.2412	1506.9	-0.048260	0.00011858	0.19988	liquid
134.00	426.00	428.93	0.0023314	39.750	139.07	0.32030	2.0678	3.2415	1500.7	-0.048126	0.00011673	0.19877	liquid
135.00	426.00	427.87	0.0023372	42.746	142.31	0.34440	2.0642	3.2418	1494.5	-0.047989	0.00011493	0.19767	liquid
136.00	426.00	426.81	0.0023430	45.740	145.55	0.36832	2.0606	3.2422	1488.2	-0.047850	0.00011318	0.19657	liquid
137.00	426.00	425.75	0.0023488	48.734	148.79	0.39208	2.0571	3.2425	1482.0	-0.047708	0.00011149	0.19548	liquid
138.00	426.00	424.69	0.0023547	51.727	152.04	0.41566	2.0536	3.2429	1475.9	-0.047564	0.00010984	0.19438	liquid
139.00	426.00	423.62	0.0023606	54.718	155.28	0.43908	2.0501	3.2432	1469.7	-0.047418	0.00010824	0.19329	liquid
140.00	426.00	422.56	0.0023665	57.709	158.52	0.46233	2.0467	3.2436	1463.5	-0.047269	0.00010669	0.19221	liquid
141.00	426.00	421.50	0.0023725	60.698	161.77	0.48541	2.0433	3.2440	1457.4	-0.047118	0.00010517	0.19112	liquid
142.00	426.00	420.44	0.0023785	63.687	165.01	0.50834	2.0399	3.2444	1451.3	-0.046964	0.00010370	0.19004	liquid
143.00	426.00	419.37	0.0023845	66.674	168.25	0.53111	2.0365	3.2448	1445.2	-0.046808	0.00010226	0.18897	liquid
144.00	426.00	418.31	0.0023906	69.661	171.50	0.55372	2.0332	3.2452	1439.1	-0.046649	0.00010087	0.18790	liquid
145.00	426.00	417.24	0.0023967	72.646	174.75	0.57618	2.0299	3.2456	1433.0	-0.046487	9.9503e-05	0.18683	liquid
146.00	426.00	416.17	0.0024028	75.630	177.99	0.59849	2.0266	3.2460	1427.0	-0.046323	9.8175e-05	0.18577	liquid
147.00	426.00	415.11	0.0024090	78.613	181.24	0.62065	2.0233	3.2464	1420.9	-0.046156	9.6878e-05	0.18471	liquid
148.00	426.00	414.04	0.0024152	81.595	184.48	0.64266	2.0201	3.2469	1414.9	-0.045986	9.5614e-05	0.18365	liquid
149.00	426.00	412.97	0.0024215	84.576	187.73	0.66453	2.0169	3.2473	1408.9	-0.045813	9.4380e-05	0.18260	liquid
150.00	426.00	411.90	0.0024278	87.556	190.98	0.68625	2.0138	3.2478	1402.9	-0.045638	9.3175e-05	0.18156	liquid
151.00	426.00	410.83	0.0024341	90.535	194.23	0.70783	2.0106	3.2483	1397.0	-0.045460	9.1998e-05	0.18051	liquid
152.00	426.00	409.76	0.0024404	93.512	197.48	0.72927	2.0075	3.2488	1391.0	-0.045279	9.0849e-05	0.17948	liquid
153.00	426.00	408.69	0.0024468	96.489	200.72	0.75058	2.0045	3.2493	1385.1	-0.045096	8.9725e-05	0.17845	liquid
154.00	426.00	407.62	0.0024533	99.464	203.97	0.77175	2.0014	3.2498	1379.2	-0.044909	8.8627e-05	0.17742	liquid
155.00	426.00	406.55	0.0024597	102.44	207.22	0.79279	1.9984	3.2503	1373.3	-0.044719	8.7554e-05	0.17640	liquid
156.00	426.00	405.47	0.0024663	105.41	210.47	0.81369	1.9955	3.2509	1367.4	-0.044527	8.6503e-05	0.17538	liquid
157.00	426.00	404.40	0.0024728	108.38	213.73	0.83446	1.9925	3.2514	1361.6	-0.044331	8.5476e-05	0.17437	liquid
158.00	426.00	403.32	0.0024794	111.35	216.98	0.85511	1.9896	3.2520	1355.7	-0.044133	8.4471e-05	0.17336	liquid
159.00	426.00	402.25	0.0024860	114.32	220.23	0.87563	1.9867	3.2525	1349.9	-0.043931	8.3487e-05	0.17236	liquid
160.00	426.00	401.17	0.0024927	117.29	223.48	0.89602	1.9839	3.2531	1344.1	-0.043727	8.2524e-05	0.17136	liquid
161.00	426.00	400.10	0.0024994	120.26	226.74	0.91629	1.9810	3.2537	1338.4	-0.043519	8.1581e-05	0.17037	liquid
162.00	426.00	399.02	0.0025062	123.23	229.99	0.93644	1.9782	3.2544	1332.6	-0.043308	8.0657e-05	0.16939	liquid
163.00	426.00	397.94	0.0025129	126.19	233.24	0.95647	1.9755	3.2550	1326.9	-0.043094	7.9752e-05	0.16841	liquid
164.00	426.00	396.86	0.0025198	129.16	236.50	0.97638	1.9728	3.2556	1321.2	-0.042878	7.8865e-05	0.16743	liquid
165.00	426.00	395.78	0.0025267	132.12	239.76	0.99617	1.9701	3.2563	1315.5	-0.042657	7.7996e-05	0.16646	liquid
166.00	426.00	394.70	0.0025336	135.08	243.01	1.0159	1.9674	3.2570	1309.8	-0.042434	7.7144e-05	0.16550	liquid
167.00	426.00	393.62	0.0025405	138.04	246.27	1.0354	1.9648	3.2576	1304.2	-0.042207	7.6309e-05	0.16454	liquid
168.00	426.00	392.54	0.0025475	141.00	249.53	1.0549	1.9622	3.2583	1298.5	-0.041978	7.5490e-05	0.16359	liquid
169.00	426.00	391.46	0.0025546	143.96	252.79	1.0742	1.9596	3.2591	1292.9	-0.041745	7.4687e-05	0.16264	liquid
170.00	426.00	390.37	0.0025617	146.92	256.05	1.0934	1.9570	3.2598	1287.3	-0.041508	7.3898e-05	0.16170	liquid
171.00	426.00	389.29	0.0025688	149.88	259.31	1.1126	1.9545	3.2605	1281.8	-0.041269	7.3125e-05	0.16077	liquid
172.00	426.00	388.20	0.0025760	152.83	262.57	1.1316	1.9521	3.2613	1276.3	-0.041026	7.2366e-05	0.15984	liquid
173.00	426.00	387.12	0.0025832	155.78	265.83	1.1505	1.9496	3.2620	1270.7	-0.040780	7.1622e-05	0.15892	liquid
174.00	426.00	386.03	0.0025904	158.74	269.09	1.1693	1.9472	3.2628	1265.2	-0.040531	7.0891e-05	0.15800	liquid
175.00	426.00	384.95	0.0025978	161.69	272.35	1.1880	1.9448	3.2636	1259.8	-0.040278	7.0173e-05	0.15709	liquid
176.00	426.00	383.86	0.0026051	164.64	275.62	1.2066	1.9425	3.2644	1254.3	-0.040022	6.9468e-05	0.15619	liquid
177.00	426.00	382.77	0.0026125	167.59	278.88	1.2251	1.9402	3.2652	1248.9	-0.039762	6.8776e-05	0.15529	liquid
178.00	426.00	381.68	0.0026200	170.54	282.15	1.2435	1.9379	3.2660	1243.5	-0.039499	6.8097e-05	0.15440	liquid
179.00	426.00	380.60	0.0026275	173.49	285.41	1.2618	1.9356	3.2669	1238.1	-0.039233	6.7429e-05	0.15351	liquid
180.00	426.00	379.51	0.0026350	176.43	288.68	1.2800	1.9334	3.2677	1232.8	-0.038964	6.6773e-05	0.15263	liquid
181.00	426.00	378.42	0.0026426	179.38	291.95	1.2981	1.9312	3.2686	1227.5	-0.038691	6.6128e-05	0.15176	liquid
182.00	426.00	377.33	0.0026502	182.32	295.22	1.3161	1.9291	3.2694	1222.2	-0.038414	6.5495e-05	0.15089	liquid
183.00	426.00	376.24	0.0026579	185.26	298.49	1.3340	1.9270	3.2703	1216.9	-0.038134	6.4872e-05	0.15003	liquid
184.00	426.00	375.14	0.0026656	188.20	301.76	1.3518	1.9249	3.2712	1211.6	-0.037851	6.4260e-05	0.14917	liquid
185.00	426.00	374.05	0.0026734	191.14	305.03	1.3696	1.9228	3.2721	1206.4	-0.037565	6.3658e-05	0.14832	liquid
186.00	426.00	372.96	0.0026813	194.08	308.30	1.3872	1.9208	3.2730	1201.2	-0.037275	6.3066e-05	0.14748	liquid
187.00	426.00	371.87	0.0026891	197.02	311.58	1.4048	1.9188	3.2739	1196.0	-0.036981	6.2485e-05	0.14665	liquid
188.00	426.00	370.77	0.0026971	199.96	314.85	1.4222	1.9169	3.2748	1190.9	-0.036684	6.1913e-05	0.14582	liquid
189.00	426.00	369.68	0.0027051	202.89	318.13	1.4396	1.9150	3.2758	1185.7	-0.036384	6.1350e-05	0.14500	liquid
190.00	426.00	368.58	0.0027131	205.83	321.40	1.4569	1.9131	3.2767	1180.6	-0.036080	6.0796e-05	0.14418	liquid
191.00	426.00	367.49	0.0027212	208.76	324.68	1.4741	1.9112	3.2777	1175.6	-0.035773	6.0252e-05	0.14337	supercritical
192.00	426.00	366.39	0.0027293	211.69	327.96	1.4912	1.9094	3.2786	1170.5	-0.035463	5.9716e-05	0.14256	supercritical
193.00	426.00	365.30	0.0027375	214.62	331.24	1.5082	1.9076	3.2796	1165.5	-0.035149	5.9189e-05	0.14176	supercritical
194.00	426.00	364.20	0.0027457	217.55	334.52	1.5252	1.9058	3.2805	1160.5	-0.034832	5.8670e-05	0.14097	supercritical
195.00	426.00	363.11	0.0027540	220.48	337.80	1.5421	1.9041	3.2815	1155.5	-0.034511	5.8160e-05	0.14018	supercritical
196.00	426.00	362.01	0.0027624	223.40	341.08	1.5589	1.9024	3.2825	1150.6	-0.034187	5.7658e-05	0.13939	supercritical
197.00	426.00	360.91	0.0027707	226.33	344.36	1.5756	1.9008	3.2835	1145.6	-0.033860	5.7163e-05	0.13862	supercritical
198.00	426.00	359.82	0.0027792	229.25	347.65	1.5922	1.8991	3.2844	1140.8	-0.033529	5.6676e-05	0.13785	supercritical
199.00	426.00	358.72	0.0027877	232.18	350.93	1.6087	1.8976	3.2854	1135.9	-0.033195	5.6197e-05	0.13709	supercritical
200.00	426.00	357.62	0.0027963	235.10	354.22	1.6252	1.8960	3.2864	1131.1	-0.032858	5.5725e-05	0.13633	supercritical
201.00	426.00	356.52	0.0028049	238.02	357.51	1.6416	1.8945	3.2874	1126.3	-0.032517	5.5260e-05	0.13558	supercritical
202.00	426.00	355.43	0.0028135	240.94	360.79	1.6579	1.8930	3.2884	1121.5	-0.032173	5.4803e-05	0.13483	supercritical
203.00	426.00	354.33	0.0028222	243.85	364.08	1.6742	1.8915	3.2894	1116.7	-0.031826	5.4352e-05	0.13410	supercritical
204.00	426.00	353.23	0.0028310	246.77	367.37	1.6903	1.8901	3.2904	1112.0	-0.031475	5.3908e-05	0.13336	supercritical
205.00	426.00	352.13	0.0028398	249.69	370.66	1.7064	1.8887	3.2914	1107.3	-0.031122	5.3471e-05	0.13264	supercritical
206.00	426.00	351.03	0.0028487	252.60	373.96	1.7224	1.8873	3.2924	1102.6	-0.030765	5.3041e-05	0.13192	supercritical
207.00	426.00	349.94	0.0028577	255.51	377.25	1.7384	1.8860	3.2934	1098.0	-0.030405	5.2616e-05	0.13121	supercritical
208.00	426.00	348.84	0.0028667	258.42	380.54	1.7543	1.8847	3.2944	1093.4	-0.030042	5.2199e-05	0.13050	supercritical
209.00	426.00	347.74	0.0028757	261.33	383.84	1.7701	1.8834	3.2954	1088.8	-0.029676	5.1787e-05	0.12980	supercritical
210.00	426.00	346.64	0.0028848	264.24	387.13	1.7858	1.8822	3.2963	1084.3	-0.029307	5.1381e-05	0.12911	supercritical
211.00	426.00	345.54	0.0028940	267.15	390.43	1.8015	1.8810	3.2973	1079.7	-0.028935	5.0981e-05	0.12842	supercritical
212.00	426.00	344.45	0.0029032	270.05	393.73	1.8170	1.8798	3.2983	1075.2	-0.028560	5.0588e-05	0.12774	supercritical
213.00	426.00	343.35	0.0029125	272.95	397.03	1.8326	1.8787	3.2993	1070.8	-0.028181	5.0199e-05	0.12706	supercritical
214.00	426.00	342.25	0.0029218	275.86	400.33	1.8480	1.8776	3.3002	1066.4	-0.027800	4.9817e-05	0.12639	supercritical
215.00	426.00	341.15	0.0029312	278.76	403.63	1.8634	1.8765	3.3012	1062.0	-0.027417	4.9440e-05	0.12573	supercritical
216.00	426.00	340.06	0.0029407	281.66	406.93	1.8787	1.8755	3.3021	1057.6	-0.027030	4.9068e-05	0.12508	supercritical
217.00	426.00	338.96	0.0029502	284.55	410.23	1.8940	1.8745	3.3031	1053.2	-0.026640	4.8702e-05	0.12443	supercritical
218.00	426.00	337.87	0.0029598	287.45	413.53	1.9092	1.8735	3.3040	1048.9	-0.026248	4.8340e-05	0.12378	supercritical
219.00	426.00	336.77	0.0029694	290.34	416.84	1.9243	1.8726	3.3049	1044.7	-0.025853	4.7984e-05	0.12314	supercritical
220.00	426.00	335.67	0.0029791	293.24	420.14	1.9394	1.8717	3.3059	1040.4	-0.025456	4.7633e-05	0.12251	supercritical
221.00	426.00	334.58	0.0029888	296.13	423.45	1.9544	1.8708	3.3068	1036.2	-0.025056	4.7287e-05	0.12189	supercritical
222.00	426.00	333.49	0.0029986	299.02	426.76	1.9693	1.8700	3.3077	1032.0	-0.024653	4.6946e-05	0.12127	supercritical
223.00	426.00	332.39	0.0030085	301.90	430.07	1.9842	1.8692	3.3085	1027.8	-0.024248	4.6610e-05	0.12065	supercritical
224.00	426.00	331.30	0.0030184	304.79	433.37	1.9990	1.8684	3.3094	1023.7	-0.023841	4.6278e-05	0.12005	supercritical
225.00	426.00	330.21	0.0030284	307.68	436.68	2.0137	1.8677	3.3103	1019.6	-0.023431	4.5951e-05	0.11945	supercritical
226.00	426.00	329.12	0.0030384	310.56	440.00	2.0284	1.8669	3.3111	1015.6	-0.023019	4.5628e-05	0.11885	supercritical
227.00	426.00	328.03	0.0030485	313.44	443.31	2.0430	1.8663	3.3119	1011.5	-0.022604	4.5310e-05	0.11826	supercritical
228.00	426.00	326.94	0.0030587	316.32	446.62	2.0576	1.8656	3.3127	1007.5	-0.022188	4.4996e-05	0.11768	supercritical
229.00	426.00	325.85	0.0030689	319.20	449.93	2.0721	1.8650	3.3135	1003.6	-0.021769	4.4687e-05	0.11710	supercritical
230.00	426.00	324.76	0.0030792	322.07	453.25	2.0865	1.8644	3.3143	999.64	-0.021348	4.4382e-05	0.11653	supercritical
231.00	426.00	323.67	0.0030895	324.95	456.56	2.1009	1.8639	3.3151	995.74	-0.020926	4.4081e-05	0.11597	supercritical
232.00	426.00	322.59	0.0030999	327.82	459.88	2.1152	1.8633	3.3158	991.87	-0.020501	4.3784e-05	0.11541	supercritical
233.00	426.00	321.50	0.0031104	330.69	463.19	2.1295	1.8629	3.3165	988.04	-0.020075	4.3491e-05	0.11486	supercritical
234.00	426.00	320.42	0.0031209	333.56	466.51	2.1437	1.8624	3.3173	984.23	-0.019647	4.3202e-05	0.11431	supercritical
235.00	426.00	319.33	0.0031315	336.42	469.83	2.1578	1.8620	3.3179	980.46	-0.019217	4.2917e-05	0.11377	supercritical
236.00	426.00	318.25	0.0031422	339.29	473.15	2.1719	1.8616	3.3186	976.72	-0.018785	4.2636e-05	0.11324	supercritical
237.00	426.00	317.17	0.0031529	342.15	476.46	2.1859	1.8612	3.3192	973.01	-0.018353	4.2358e-05	0.11271	supercritical
238.00	426.00	316.09	0.0031636	345.01	479.78	2.1999	1.8609	3.3199	969.34	-0.017918	4.2085e-05	0.11218	supercritical
239.00	426.00	315.02	0.0031744	347.87	483.10	2.2138	1.8606	3.3205	965.70	-0.017482	4.1815e-05	0.11167	supercritical
240.00	426.00	313.94	0.0031853	350.73	486.42	2.2277	1.8603	3.3210	962.09	-0.017045	4.1548e-05	0.11116	supercritical
241.00	426.00	312.86	0.0031963	353.58	489.75	2.2415	1.8601	3.3216	958.51	-0.016607	4.1286e-05	0.11065	supercritical
242.00	426.00	311.79	0.0032073	356.44	493.07	2.2553	1.8599	3.3221	954.97	-0.016168	4.1027e-05	0.11015	supercritical
243.00	426.00	310.72	0.0032183	359.29	496.39	2.2690	1.8597	3.3226	951.46	-0.015727	4.0771e-05	0.10966	supercritical
244.00	426.00	309.65	0.0032295	362.14	499.71	2.2826	1.8595	3.3231	947.98	-0.015286	4.0518e-05	0.10917	supercritical
245.00	426.00	308.58	0.0032406	364.99	503.04	2.2962	1.8594	3.3236	944.54	-0.014844	4.0269e-05	0.10869	supercritical
246.00	426.00	307.51	0.0032519	367.83	506.36	2.3098	1.8593	3.3240	941.13	-0.014401	4.0024e-05	0.10821	supercritical
247.00	426.00	306.45	0.0032632	370.67	509.68	2.3232	1.8593	3.3244	937.75	-0.013957	3.9781e-05	0.10774	supercritical
248.00	426.00	305.39	0.0032746	373.51	513.01	2.3367	1.8592	3.3248	934.40	-0.013513	3.9542e-05	0.10728	supercritical
249.00	426.00	304.32	0.0032860	376.35	516.33	2.3501	1.8592	3.3251	931.09	-0.013068	3.9306e-05	0.10682	supercritical
250.00	426.00	303.26	0.0032975	379.19	519.66	2.3634	1.8593	3.3255	927.81	-0.012623	3.9073e-05	0.10636	supercritical
251.00	426.00	302.21	0.0033090	382.02	522.99	2.3767	1.8593	3.3258	924.57	-0.012178	3.8844e-05	0.10592	supercritical
252.00	426.00	301.15	0.0033206	384.85	526.31	2.3899	1.8594	3.3260	921.35	-0.011732	3.8617e-05	0.10547	supercritical
253.00	426.00	300.10	0.0033323	387.68	529.64	2.4031	1.8595	3.3263	918.17	-0.011286	3.8393e-05	0.10504	supercritical
254.00	426.00	299.05	0.0033440	390.51	532.96	2.4162	1.8597	3.3265	915.02	-0.010840	3.8172e-05	0.10460	supercritical
255.00	426.00	298.00	0.0033557	393.34	536.29	2.4292	1.8599	3.3267	911.91	-0.010394	3.7955e-05	0.10418	supercritical
256.00	426.00	296.95	0.0033676	396.16	539.62	2.4423	1.8601	3.3268	908.83	-0.0099484	3.7740e-05	0.10376	supercritical
257.00	426.00	295.90	0.0033795	398.98	542.94	2.4552	1.8603	3.3270	905.78	-0.0095029	3.7528e-05	0.10334	supercritical
258.00	426.00	294.86	0.0033914	401.80	546.27	2.4682	1.8606	3.3271	902.76	-0.0090577	3.7318e-05	0.10293	supercritical
259.00	426.00	293.82	0.0034034	404.61	549.60	2.4810	1.8609	3.3271	899.78	-0.0086129	3.7112e-05	0.10253	supercritical
260.00	426.00	292.78	0.0034155	407.43	552.92	2.4939	1.8612	3.3272	896.82	-0.0081686	3.6908e-05	0.10213	supercritical
261.00	426.00	291.75	0.0034276	410.24	556.25	2.5066	1.8615	3.3272	893.91	-0.0077250	3.6707e-05	0.10173	supercritical
262.00	426.00	290.72	0.0034398	413.04	559.58	2.5193	1.8619	3.3272	891.02	-0.0072820	3.6508e-05	0.10135	supercritical
263.00	426.00	289.69	0.0034520	415.85	562.91	2.5320	1.8623	3.3271	888.16	-0.0068399	3.6312e-05	0.10096	supercritical
264.00	426.00	288.66	0.0034643	418.65	566.23	2.5446	1.8627	3.3270	885.34	-0.0063986	3.6119e-05	0.10058	supercritical
265.00	426.00	287.63	0.0034766	421.46	569.56	2.5572	1.8632	3.3269	882.55	-0.0059583	3.5929e-05	0.10021	supercritical
266.00	426.00	286.61	0.0034890	424.25	572.89	2.5698	1.8637	3.3268	879.79	-0.0055191	3.5740e-05	0.099843	supercritical
267.00	426.00	285.59	0.0035015	427.05	576.21	2.5822	1.8642	3.3266	877.07	-0.0050811	3.5555e-05	0.099480	supercritical
268.00	426.00	284.58	0.0035140	429.84	579.54	2.5947	1.8648	3.3264	874.37	-0.0046443	3.5372e-05	0.099123	supercritical
269.00	426.00	283.56	0.0035266	432.64	582.87	2.6071	1.8653	3.3262	871.71	-0.0042089	3.5191e-05	0.098770	supercritical
270.00	426.00	282.55	0.0035392	435.42	586.19	2.6194	1.8659	3.3260	869.08	-0.0037750	3.5012e-05	0.098422	supercritical
271.00	426.00	281.54	0.0035519	438.21	589.52	2.6317	1.8666	3.3257	866.48	-0.0033426	3.4836e-05	0.098079	supercritical
272.00	426.00	280.54	0.0035646	440.99	592.84	2.6439	1.8672	3.3254	863.91	-0.0029118	3.4663e-05	0.097742	supercritical
273.00	426.00	279.54	0.0035774	443.77	596.17	2.6562	1.8679	3.3250	861.38	-0.0024827	3.4491e-05	0.097409	supercritical
274.00	426.00	278.54	0.0035902	446.55	599.49	2.6683	1.8686	3.3247	858.87	-0.0020555	3.4322e-05	0.097081	supercritical
275.00	426.00	277.54	0.0036031	449.33	602.82	2.6804	1.8693	3.3243	856.40	-0.0016301	3.4155e-05	0.096757	supercritical
276.00	426.00	276.55	0.0036160	452.10	606.14	2.6925	1.8701	3.3238	853.95	-0.0012068	3.3991e-05	0.096439	supercritical
277.00	426.00	275.56	0.0036290	454.87	609.47	2.7045	1.8709	3.3234	851.54	-0.00078548	3.3828e-05	0.096125	supercritical
278.00	426.00	274.57	0.0036420	457.64	612.79	2.7165	1.8717	3.3229	849.16	-0.00036636	3.3668e-05	0.095816	supercritical
279.00	426.00	273.59	0.0036551	460.41	616.11	2.7284	1.8725	3.3224	846.80	5.0523e-05	3.3510e-05	0.095512	supercritical
280.00	426.00	272.61	0.0036682	463.17	619.43	2.7403	1.8734	3.3219	844.48	0.00046508	3.3354e-05	0.095212	supercritical
281.00	426.00	271.64	0.0036814	465.93	622.76	2.7521	1.8743	3.3213	842.19	0.00087722	3.3200e-05	0.094917	supercritical
282.00	426.00	270.66	0.0036946	468.69	626.08	2.7639	1.8752	3.3207	839.93	0.0012869	3.3048e-05	0.094627	supercritical
283.00	426.00	269.69	0.0037079	471.44	629.40	2.7757	1.8761	3.3201	837.69	0.0016939	3.2898e-05	0.094341	supercritical
284.00	426.00	268.73	0.0037212	474.19	632.72	2.7874	1.8771	3.3195	835.49	0.0020984	3.2750e-05	0.094060	supercritical
285.00	426.00	267.77	0.0037346	476.94	636.04	2.7991	1.8781	3.3188	833.31	0.0025001	3.2605e-05	0.093783	supercritical
286.00	426.00	266.81	0.0037480	479.69	639.36	2.8107	1.8791	3.3181	831.17	0.0028990	3.2461e-05	0.093510	supercritical
287.00	426.00	265.85	0.0037615	482.43	642.67	2.8223	1.8801	3.3174	829.05	0.0032950	3.2319e-05	0.093242	supercritical
288.00	426.00	264.90	0.0037750	485.18	645.99	2.8338	1.8812	3.3167	826.96	0.0036881	3.2179e-05	0.092978	supercritical
289.00	426.00	263.95	0.0037885	487.91	649.31	2.8453	1.8823	3.3159	824.90	0.0040781	3.2041e-05	0.092718	supercritical
290.00	426.00	263.01	0.0038021	490.65	652.62	2.8568	1.8834	3.3152	822.87	0.0044651	3.1904e-05	0.092463	supercritical
291.00	426.00	262.07	0.0038158	493.38	655.94	2.8682	1.8845	3.3144	820.87	0.0048489	3.1770e-05	0.092212	supercritical
292.00	426.00	261.13	0.0038295	496.11	659.25	2.8795	1.8857	3.3136	818.89	0.0052294	3.1637e-05	0.091965	supercritical
293.00	426.00	260.20	0.0038432	498.84	662.56	2.8909	1.8869	3.3127	816.95	0.0056067	3.1507e-05	0.091722	supercritical
294.00	426.00	259.27	0.0038570	501.57	665.88	2.9021	1.8881	3.3119	815.03	0.0059806	3.1378e-05	0.091484	supercritical
295.00	426.00	258.35	0.0038708	504.29	669.19	2.9134	1.8893	3.3110	813.13	0.0063511	3.1250e-05	0.091249	supercritical
296.00	426.00	257.42	0.0038846	507.01	672.50	2.9246	1.8906	3.3101	811.27	0.0067181	3.1125e-05	0.091019	supercritical
297.00	426.00	256.51	0.0038985	509.73	675.81	2.9358	1.8918	3.3092	809.43	0.0070816	3.1001e-05	0.090792	supercritical
298.00	426.00	255.59	0.0039125	512.44	679.12	2.9469	1.8931	3.3082	807.62	0.0074416	3.0879e-05	0.090570	supercritical
299.00	426.00	254.68	0.0039264	515.16	682.42	2.9580	1.8945	3.3073	805.83	0.0077978	3.0759e-05	0.090351	supercritical
300.00	426.00	253.78	0.0039405	517.87	685.73	2.9690	1.8958	3.3063	804.07	0.0081504	3.0640e-05	0.090137	supercritical
301.00	426.00	252.88	0.0039545	520.57	689.04	2.9800	1.8972	3.3053	802.34	0.0084992	3.0523e-05	0.089926	supercritical
302.00	426.00	251.98	0.0039686	523.28	692.34	2.9910	1.8986	3.3043	800.63	0.0088442	3.0407e-05	0.089719	supercritical
303.00	426.00	251.08	0.0039827	525.98	695.65	3.0019	1.9000	3.3033	798.95	0.0091854	3.0293e-05	0.089515	supercritical
304.00	426.00	250.19	0.0039969	528.68	698.95	3.0128	1.9014	3.3023	797.29	0.0095227	3.0181e-05	0.089316	supercritical
305.00	426.00	249.31	0.0040111	531.38	702.25	3.0236	1.9029	3.3013	795.66	0.0098561	3.0070e-05	0.089120	supercritical
306.00	426.00	248.43	0.0040253	534.07	705.55	3.0344	1.9044	3.3002	794.05	0.010186	2.9961e-05	0.088928	supercritical
307.00	426.00	247.55	0.0040396	536.76	708.85	3.0452	1.9059	3.2992	792.46	0.010511	2.9853e-05	0.088739	supercritical
308.00	426.00	246.68	0.0040539	539.45	712.15	3.0559	1.9074	3.2981	790.90	0.010832	2.9747e-05	0.088554	supercritical
309.00	426.00	245.81	0.0040682	542.14	715.45	3.0666	1.9089	3.2970	789.37	0.011150	2.9642e-05	0.088373	supercritical
310.00	426.00	244.94	0.0040826	544.82	718.74	3.0772	1.9105	3.2959	787.86	0.011463	2.9539e-05	0.088195	supercritical
311.00	426.00	244.08	0.0040970	547.51	722.04	3.0879	1.9121	3.2948	786.37	0.011772	2.9437e-05	0.088021	supercritical
312.00	426.00	243.22	0.0041115	550.18	725.33	3.0984	1.9137	3.2937	784.91	0.012077	2.9337e-05	0.087850	supercritical
313.00	426.00	242.37	0.0041259	552.86	728.63	3.1090	1.9153	3.2926	783.47	0.012377	2.9238e-05	0.087682	supercritical
314.00	426.00	241.52	0.0041404	555.54	731.92	3.1195	1.9170	3.2915	782.05	0.012674	2.9140e-05	0.087518	supercritical
315.00	426.00	240.68	0.0041550	558.21	735.21	3.1299	1.9187	3.2904	780.65	0.012966	2.9044e-05	0.087357	supercritical
316.00	426.00	239.84	0.0041695	560.88	738.50	3.1404	1.9204	3.2892	779.28	0.013254	2.8949e-05	0.087200	supercritical
317.00	426.00	239.00	0.0041841	563.54	741.79	3.1508	1.9221	3.2881	777.93	0.013537	2.8855e-05	0.087046	supercritical
318.00	426.00	238.17	0.0041987	566.21	745.07	3.1611	1.9238	3.2870	776.60	0.013817	2.8763e-05	0.086895	supercritical
319.00	426.00	237.34	0.0042134	568.87	748.36	3.1714	1.9256	3.2858	775.29	0.014092	2.8672e-05	0.086747	supercritical
320.00	426.00	236.52	0.0042280	571.53	751.65	3.1817	1.9273	3.2847	774.01	0.014362	2.8583e-05	0.086602	supercritical
321.00	426.00	235.70	0.0042427	574.19	754.93	3.1920	1.9291	3.2835	772.74	0.014629	2.8494e-05	0.086461	supercritical
322.00	426.00	234.88	0.0042575	576.85	758.21	3.2022	1.9309	3.2824	771.50	0.014891	2.8407e-05	0.086323	supercritical
323.00	426.00	234.07	0.0042722	579.50	761.50	3.2123	1.9328	3.2812	770.28	0.015148	2.8321e-05	0.086187	supercritical
324.00	426.00	233.26	0.0042870	582.15	764.78	3.2225	1.9346	3.2801	769.08	0.015402	2.8237e-05	0.086055	supercritical
325.00	426.00	232.46	0.0043018	584.80	768.06	3.2326	1.9365	3.2789	767.90	0.015650	2.8153e-05	0.085926	supercritical
326.00	426.00	231.66	0.0043166	587.45	771.33	3.2427	1.9384	3.2778	766.73	0.015895	2.8071e-05	0.085800	supercritical
327.00	426.00	230.87	0.0043315	590.09	774.61	3.2527	1.9403	3.2766	765.59	0.016135	2.7990e-05	0.085676	supercritical
328.00	426.00	230.08	0.0043464	592.73	777.89	3.2627	1.9422	3.2755	764.47	0.016371	2.7910e-05	0.085556	supercritical
329.00	426.00	229.29	0.0043613	595.37	781.16	3.2727	1.9442	3.2744	763.37	0.016602	2.7832e-05	0.085439	supercritical
330.00	426.00	228.51	0.0043762	598.01	784.44	3.2826	1.9461	3.2732	762.29	0.016829	2.7754e-05	0.085324	supercritical
331.00	426.00	227.73	0.0043911	600.65	787.71	3.2925	1.9481	3.2721	761.22	0.017051	2.7678e-05	0.085212	supercritical
332.00	426.00	226.96	0.0044061	603.28	790.98	3.3024	1.9501	3.2710	760.18	0.017269	2.7603e-05	0.085103	supercritical
333.00	426.00	226.19	0.0044211	605.91	794.25	3.3122	1.9521	3.2699	759.15	0.017483	2.7528e-05	0.084997	supercritical
334.00	426.00	225.43	0.0044361	608.54	797.52	3.3220	1.9542	3.2687	758.14	0.017693	2.7455e-05	0.084893	supercritical
335.00	426.00	224.66	0.0044511	611.17	800.79	3.3318	1.9562	3.2676	757.15	0.017898	2.7383e-05	0.084793	supercritical
336.00	426.00	223.91	0.0044661	613.80	804.05	3.3415	1.9583	3.2665	756.18	0.018098	2.7312e-05	0.084694	supercritical
337.00	426.00	223.16	0.0044812	616.42	807.32	3.3512	1.9604	3.2654	755.22	0.018295	2.7242e-05	0.084599	supercritical
338.00	426.00	222.41	0.0044963	619.04	810.59	3.3609	1.9625	3.2644	754.28	0.018487	2.7173e-05	0.084506	supercritical
339.00	426.00	221.66	0.0045114	621.67	813.85	3.3706	1.9646	3.2633	753.36	0.018675	2.7106e-05	0.084416	supercritical
340.00	426.00	220.92	0.0045265	624.28	817.11	3.3802	1.9668	3.2622	752.46	0.018858	2.7039e-05	0.084328	supercritical
341.00	426.00	220.19	0.0045416	626.90	820.37	3.3897	1.9690	3.2612	751.57	0.019037	2.6973e-05	0.084243	supercritical
342.00	426.00	219.45	0.0045568	629.52	823.63	3.3993	1.9711	3.2601	750.70	0.019212	2.6908e-05	0.084160	supercritical
343.00	426.00	218.73	0.0045719	632.13	826.89	3.4088	1.9733	3.2591	749.85	0.019383	2.6844e-05	0.084080	supercritical
344.00	426.00	218.00	0.0045871	634.74	830.15	3.4183	1.9755	3.2581	749.01	0.019549	2.6781e-05	0.084003	supercritical
345.00	426.00	217.28	0.0046023	637.35	833.41	3.4278	1.9778	3.2571	748.19	0.019712	2.6719e-05	0.083927	supercritical
346.00	426.00	216.57	0.0046175	639.96	836.67	3.4372	1.9800	3.2561	747.38	0.019870	2.6658e-05	0.083854	supercritical
347.00	426.00	215.86	0.0046327	642.57	839.92	3.4466	1.9823	3.2551	746.59	0.020024	2.6598e-05	0.083784	supercritical
348.00	426.00	215.15	0.0046480	645.17	843.18	3.4559	1.9846	3.2542	745.82	0.020174	2.6539e-05	0.083716	supercritical
349.00	426.00	214.44	0.0046632	647.78	846.43	3.4653	1.9869	3.2532	745.06	0.020320	2.6480e-05	0.083650	supercritical
350.00	426.00	213.75	0.0046785	650.38	849.68	3.4746	1.9892	3.2523	744.31	0.020461	2.6423e-05	0.083587	supercritical
351.00	426.00	213.05	0.0046937	652.98	852.94	3.4839	1.9915	3.2513	743.58	0.020599	2.6366e-05	0.083526	supercritical
352.00	426.00	212.36	0.0047090	655.58	856.19	3.4931	1.9938	3.2504	742.87	0.020733	2.6310e-05	0.083467	supercritical
353.00	426.00	211.67	0.0047243	658.18	859.44	3.5023	1.9962	3.2495	742.17	0.020862	2.6256e-05	0.083410	supercritical
354.00	426.00	210.99	0.0047396	660.78	862.69	3.5115	1.9986	3.2487	741.48	0.020988	2.6201e-05	0.083356	supercritical
355.00	426.00	210.31	0.0047550	663.37	865.93	3.5207	2.0009	3.2478	740.80	0.021110	2.6148e-05	0.083303	supercritical
356.00	426.00	209.63	0.0047703	665.97	869.18	3.5298	2.0034	3.2470	740.15	0.021227	2.6096e-05	0.083253	supercritical
357.00	426.00	208.96	0.0047856	668.56	872.43	3.5389	2.0058	3.2461	739.50	0.021341	2.6044e-05	0.083205	supercritical
358.00	426.00	208.29	0.0048010	671.15	875.67	3.5480	2.0082	3.2453	738.87	0.021452	2.5994e-05	0.083160	supercritical
359.00	426.00	207.63	0.0048163	673.74	878.92	3.5571	2.0106	3.2445	738.25	0.021558	2.5944e-05	0.083116	supercritical
360.00	426.00	206.97	0.0048317	676.33	882.16	3.5661	2.0131	3.2438	737.64	0.021661	2.5894e-05	0.083074	supercritical
361.00	426.00	206.31	0.0048471	678.92	885.41	3.5751	2.0156	3.2430	737.05	0.021759	2.5846e-05	0.083035	supercritical
362.00	426.00	205.66	0.0048625	681.51	888.65	3.5840	2.0181	3.2423	736.47	0.021855	2.5798e-05	0.082997	supercritical
363.00	426.00	205.01	0.0048779	684.09	891.89	3.5930	2.0206	3.2416	735.90	0.021946	2.5751e-05	0.082962	supercritical
364.00	426.00	204.36	0.0048933	686.68	895.13	3.6019	2.0231	3.2409	735.35	0.022034	2.5705e-05	0.082929	supercritical
365.00	426.00	203.72	0.0049087	689.26	898.37	3.6108	2.0256	3.2402	734.80	0.022118	2.5660e-05	0.082897	supercritical
366.00	426.00	203.08	0.0049241	691.85	901.61	3.6197	2.0282	3.2395	734.27	0.022199	2.5615e-05	0.082868	supercritical
367.00	426.00	202.45	0.0049395	694.43	904.85	3.6285	2.0307	3.2389	733.75	0.022276	2.5571e-05	0.082840	supercritical
368.00	426.00	201.82	0.0049549	697.01	908.09	3.6373	2.0333	3.2383	733.25	0.022350	2.5528e-05	0.082815	supercritical
369.00	426.00	201.19	0.0049704	699.59	911.33	3.6461	2.0359	3.2377	732.75	0.022420	2.5485e-05	0.082791	supercritical
370.00	426.00	200.57	0.0049858	702.17	914.57	3.6549	2.0385	3.2371	732.27	0.022487	2.5443e-05	0.082769	supercritical
371.00	426.00	199.95	0.0050013	704.75	917.80	3.6636	2.0411	3.2365	731.79	0.022550	2.5402e-05	0.082749	supercritical
372.00	426.00	199.33	0.0050167	707.33	921.04	3.6723	2.0437	3.2360	731.33	0.022610	2.5361e-05	0.082731	supercritical
373.00	426.00	198.72	0.0050322	709.90	924.27	3.6810	2.0464	3.2355	730.88	0.022667	2.5322e-05	0.082715	supercritical
374.00	426.00	198.11	0.0050476	712.48	927.51	3.6897	2.0490	3.2350	730.44	0.022720	2.5282e-05	0.082700	supercritical
375.00	426.00	197.51	0.0050631	715.06	930.74	3.6983	2.0517	3.2345	730.01	0.022771	2.5244e-05	0.082688	supercritical
376.00	426.00	196.91	0.0050786	717.63	933.98	3.7069	2.0544	3.2340	729.59	0.022818	2.5206e-05	0.082677	supercritical
377.00	426.00	196.31	0.0050940	720.21	937.21	3.7155	2.0571	3.2336	729.19	0.022862	2.5168e-05	0.082668	supercritical
378.00	426.00	195.71	0.0051095	722.78	940.45	3.7241	2.0598	3.2332	728.79	0.022903	2.5132e-05	0.082660	supercritical
379.00	426.00	195.12	0.0051250	725.35	943.68	3.7326	2.0625	3.2328	728.40	0.022940	2.5096e-05	0.082655	supercritical
380.00	426.00	194.54	0.0051405	727.93	946.91	3.7411	2.0652	3.2324	728.02	0.022975	2.5060e-05	0.082651	supercritical
381.00	426.00	193.95	0.0051559	730.50	950.14	3.7496	2.0680	3.2321	727.65	0.023007	2.5025e-05	0.082649	supercritical
382.00	426.00	193.37	0.0051714	733.07	953.38	3.7581	2.0707	3.2318	727.30	0.023036	2.4991e-05	0.082648	supercritical
383.00	426.00	192.79	0.0051869	735.64	956.61	3.7665	2.0735	3.2315	726.95	0.023061	2.4957e-05	0.082649	supercritical
384.00	426.00	192.22	0.0052024	738.22	959.84	3.7750	2.0762	3.2312	726.61	0.023084	2.4924e-05	0.082652	supercritical
385.00	426.00	191.65	0.0052179	740.79	963.07	3.7834	2.0790	3.2309	726.28	0.023105	2.4891e-05	0.082657	supercritical
386.00	426.00	191.08	0.0052334	743.36	966.30	3.7917	2.0818	3.2307	725.96	0.023122	2.4859e-05	0.082663	supercritical
387.00	426.00	190.52	0.0052489	745.93	969.53	3.8001	2.0846	3.2305	725.64	0.023136	2.4828e-05	0.082670	supercritical
388.00	426.00	189.96	0.0052644	748.50	972.76	3.8084	2.0875	3.2303	725.34	0.023148	2.4797e-05	0.082680	supercritical
389.00	426.00	189.40	0.0052799	751.07	975.99	3.8168	2.0903	3.2301	725.05	0.023157	2.4767e-05	0.082690	supercritical
390.00	426.00	188.84	0.0052954	753.64	979.22	3.8250	2.0931	3.2300	724.76	0.023164	2.4737e-05	0.082703	supercritical
391.00	426.00	188.29	0.0053109	756.21	982.45	3.8333	2.0960	3.2299	724.48	0.023168	2.4707e-05	0.082717	supercritical
392.00	426.00	187.75	0.0053264	758.78	985.68	3.8416	2.0988	3.2298	724.22	0.023169	2.4679e-05	0.082732	supercritical
393.00	426.00	187.20	0.0053419	761.35	988.91	3.8498	2.1017	3.2297	723.96	0.023168	2.4650e-05	0.082749	supercritical
394.00	426.00	186.66	0.0053574	763.92	992.14	3.8580	2.1046	3.2297	723.70	0.023164	2.4623e-05	0.082768	supercritical
395.00	426.00	186.12	0.0053728	766.49	995.37	3.8662	2.1075	3.2296	723.46	0.023158	2.4595e-05	0.082788	supercritical
396.00	426.00	185.59	0.0053883	769.06	998.60	3.8744	2.1104	3.2296	723.22	0.023150	2.4568e-05	0.082809	supercritical
397.00	426.00	185.05	0.0054038	771.63	1001.8	3.8825	2.1133	3.2296	723.00	0.023139	2.4542e-05	0.082832	supercritical
398.00	426.00	184.52	0.0054193	774.20	1005.1	3.8906	2.1162	3.2297	722.77	0.023125	2.4516e-05	0.082857	supercritical
399.00	426.00	184.00	0.0054348	776.77	1008.3	3.8987	2.1192	3.2297	722.56	0.023110	2.4491e-05	0.082882	supercritical
400.00	426.00	183.48	0.0054503	779.33	1011.5	3.9068	2.1221	3.2298	722.36	0.023092	2.4466e-05	0.082910	supercritical
401.00	426.00	182.96	0.0054658	781.91	1014.7	3.9149	2.1251	3.2299	722.16	0.023072	2.4442e-05	0.082938	supercritical
402.00	426.00	182.44	0.0054813	784.48	1018.0	3.9229	2.1280	3.2301	721.97	0.023049	2.4418e-05	0.082968	supercritical
403.00	426.00	181.92	0.0054968	787.05	1021.2	3.9309	2.1310	3.2302	721.78	0.023025	2.4394e-05	0.083000	supercritical
404.00	426.00	181.41	0.0055123	789.62	1024.4	3.9390	2.1340	3.2304	721.61	0.022998	2.4371e-05	0.083033	supercritical
405.00	426.00	180.91	0.0055277	792.19	1027.7	3.9469	2.1370	3.2306	721.44	0.022970	2.4349e-05	0.083067	supercritical
406.00	426.00	180.40	0.0055432	794.76	1030.9	3.9549	2.1400	3.2308	721.28	0.022939	2.4326e-05	0.083102	supercritical
407.00	426.00	179.90	0.0055587	797.33	1034.1	3.9629	2.1430	3.2311	721.12	0.022906	2.4305e-05	0.083139	supercritical
408.00	426.00	179.40	0.0055742	799.90	1037.4	3.9708	2.1460	3.2313	720.97	0.022872	2.4283e-05	0.083178	supercritical
409.00	426.00	178.90	0.0055897	802.47	1040.6	3.9787	2.1490	3.2316	720.83	0.022835	2.4262e-05	0.083217	supercritical
410.00	426.00	178.41	0.0056051	805.05	1043.8	3.9866	2.1521	3.2319	720.70	0.022796	2.4242e-05	0.083258	supercritical
411.00	426.00	177.92	0.0056206	807.62	1047.1	3.9945	2.1551	3.2323	720.57	0.022756	2.4222e-05	0.083300	supercritical
412.00	426.00	177.43	0.0056361	810.19	1050.3	4.0023	2.1581	3.2326	720.44	0.022713	2.4202e-05	0.083344	supercritical
413.00	426.00	176.94	0.0056515	812.77	1053.5	4.0102	2.1612	3.2330	720.33	0.022669	2.4183e-05	0.083388	supercritical
414.00	426.00	176.46	0.0056670	815.34	1056.8	4.0180	2.1643	3.2334	720.22	0.022623	2.4164e-05	0.083434	supercritical
415.00	426.00	175.98	0.0056824	817.92	1060.0	4.0258	2.1673	3.2338	720.11	0.022576	2.4146e-05	0.083482	supercritical
416.00	426.00	175.50	0.0056979	820.49	1063.2	4.0336	2.1704	3.2343	720.02	0.022526	2.4128e-05	0.083530	supercritical
417.00	426.00	175.03	0.0057133	823.07	1066.5	4.0413	2.1735	3.2347	719.92	0.022475	2.4110e-05	0.083580	supercritical
418.00	426.00	174.56	0.0057288	825.65	1069.7	4.0491	2.1766	3.2352	719.84	0.022422	2.4092e-05	0.083631	supercritical
419.00	426.00	174.09	0.0057442	828.23	1072.9	4.0568	2.1797	3.2357	719.76	0.022368	2.4075e-05	0.083683	supercritical
420.00	426.00	173.62	0.0057596	830.80	1076.2	4.0645	2.1828	3.2363	719.68	0.022312	2.4059e-05	0.083736	supercritical
421.00	426.00	173.16	0.0057751	833.38	1079.4	4.0722	2.1860	3.2368	719.61	0.022255	2.4043e-05	0.083791	supercritical
422.00	426.00	172.70	0.0057905	835.96	1082.6	4.0799	2.1891	3.2374	719.55	0.022195	2.4027e-05	0.083846	supercritical
423.00	426.00	172.24	0.0058059	838.54	1085.9	4.0876	2.1922	3.2380	719.49	0.022135	2.4011e-05	0.083903	supercritical
424.00	426.00	171.78	0.0058213	841.13	1089.1	4.0952	2.1954	3.2386	719.44	0.022073	2.3996e-05	0.083961	supercritical
425.00	426.00	171.33	0.0058367	843.71	1092.4	4.1028	2.1985	3.2392	719.39	0.022009	2.3981e-05	0.084020	supercritical
426.00	426.00	170.88	0.0058522	846.29	1095.6	4.1104	2.2017	3.2399	719.35	0.021945	2.3967e-05	0.084081	supercritical
427.00	426.00	170.43	0.0058676	848.88	1098.8	4.1180	2.2049	3.2406	719.31	0.021878	2.3953e-05	0.084142	supercritical
428.00	426.00	169.98	0.0058830	851.46	1102.1	4.1256	2.2080	3.2413	719.28	0.021811	2.3939e-05	0.084204	supercritical
429.00	426.00	169.54	0.0058983	854.05	1105.3	4.1332	2.2112	3.2420	719.25	0.021742	2.3925e-05	0.084268	supercritical
430.00	426.00	169.10	0.0059137	856.63	1108.6	4.1407	2.2144	3.2427	719.23	0.021671	2.3912e-05	0.084333	supercritical
431.00	426.00	168.66	0.0059291	859.22	1111.8	4.1483	2.2176	3.2435	719.21	0.021600	2.3899e-05	0.084399	supercritical
432.00	426.00	168.22	0.0059445	861.81	1115.0	4.1558	2.2208	3.2443	719.20	0.021527	2.3887e-05	0.084466	supercritical
433.00	426.00	167.79	0.0059599	864.40	1118.3	4.1633	2.2240	3.2451	719.19	0.021453	2.3874e-05	0.084534	supercritical
434.00	426.00	167.36	0.0059752	866.99	1121.5	4.1708	2.2272	3.2459	719.19	0.021378	2.3862e-05	0.084603	supercritical
435.00	426.00	166.93	0.0059906	869.58	1124.8	4.1783	2.2304	3.2468	719.19	0.021302	2.3851e-05	0.084673	supercritical
436.00	426.00	166.50	0.0060060	872.17	1128.0	4.1857	2.2336	3.2476	719.20	0.021224	2.3840e-05	0.084744	supercritical
437.00	426.00	166.08	0.0060213	874.77	1131.3	4.1931	2.2369	3.2485	719.21	0.021146	2.3829e-05	0.084816	supercritical
438.00	426.00	165.65	0.0060367	877.36	1134.5	4.2006	2.2401	3.2494	719.22	0.021066	2.3818e-05	0.084890	supercritical
439.00	426.00	165.23	0.0060520	879.96	1137.8	4.2080	2.2433	3.2503	719.24	0.020985	2.3807e-05	0.084964	supercritical
440.00	426.00	164.82	0.0060674	882.56	1141.0	4.2154	2.2466	3.2513	719.27	0.020903	2.3797e-05	0.085039	supercritical
441.00	426.00	164.40	0.0060827	885.16	1144.3	4.2228	2.2498	3.2522	719.30	0.020820	2.3787e-05	0.085115	supercritical
442.00	426.00	163.99	0.0060980	887.76	1147.5	4.2301	2.2531	3.2532	719.33	0.020737	2.3778e-05	0.085193	supercritical
443.00	426.00	163.58	0.0061133	890.36	1150.8	4.2375	2.2564	3.2542	719.36	0.020652	2.3768e-05	0.085271	supercritical
444.00	426.00	163.17	0.0061286	892.96	1154.0	4.2448	2.2596	3.2552	719.40	0.020566	2.3759e-05	0.085350	supercritical
445.00	426.00	162.76	0.0061439	895.56	1157.3	4.2521	2.2629	3.2562	719.45	0.020479	2.3751e-05	0.085431	supercritical
446.00	426.00	162.36	0.0061593	898.17	1160.6	4.2595	2.2662	3.2573	719.50	0.020392	2.3742e-05	0.085512	supercritical
447.00	426.00	161.96	0.0061745	900.77	1163.8	4.2668	2.2695	3.2584	719.55	0.020303	2.3734e-05	0.085594	supercritical
448.00	426.00	161.56	0.0061898	903.38	1167.1	4.2740	2.2728	3.2595	719.61	0.020214	2.3726e-05	0.085677	supercritical
449.00	426.00	161.16	0.0062051	905.99	1170.3	4.2813	2.2761	3.2606	719.67	0.020124	2.3718e-05	0.085761	supercritical
450.00	426.00	160.76	0.0062204	908.60	1173.6	4.2886	2.2794	3.2617	719.73	0.020033	2.3711e-05	0.085846	supercritical
451.00	426.00	160.37	0.0062357	911.21	1176.9	4.2958	2.2827	3.2628	719.80	0.019941	2.3704e-05	0.085932	supercritical
452.00	426.00	159.98	0.0062509	913.83	1180.1	4.3030	2.2860	3.2640	719.87	0.019849	2.3697e-05	0.086019	supercritical
453.00	426.00	159.59	0.0062662	916.44	1183.4	4.3102	2.2893	3.2652	719.94	0.019755	2.3690e-05	0.086107	supercritical
454.00	426.00	159.20	0.0062815	919.06	1186.6	4.3174	2.2926	3.2664	720.02	0.019661	2.3684e-05	0.086195	supercritical
455.00	426.00	158.81	0.0062967	921.67	1189.9	4.3246	2.2959	3.2676	720.10	0.019567	2.3677e-05	0.086285	supercritical
456.00	426.00	158.43	0.0063119	924.29	1193.2	4.3318	2.2993	3.2688	720.19	0.019471	2.3671e-05	0.086376	supercritical
457.00	426.00	158.05	0.0063272	926.91	1196.5	4.3390	2.3026	3.2701	720.28	0.019375	2.3666e-05	0.086467	supercritical
458.00	426.00	157.67	0.0063424	929.53	1199.7	4.3461	2.3059	3.2713	720.37	0.019278	2.3660e-05	0.086559	supercritical
459.00	426.00	157.29	0.0063576	932.16	1203.0	4.3533	2.3093	3.2726	720.46	0.019181	2.3655e-05	0.086652	supercritical
460.00	426.00	156.92	0.0063728	934.78	1206.3	4.3604	2.3126	3.2739	720.56	0.019083	2.3650e-05	0.086746	supercritical
461.00	426.00	156.54	0.0063880	937.41	1209.5	4.3675	2.3160	3.2752	720.66	0.018984	2.3645e-05	0.086841	supercritical
462.00	426.00	156.17	0.0064033	940.04	1212.8	4.3746	2.3193	3.2766	720.77	0.018885	2.3640e-05	0.086937	supercritical
463.00	426.00	155.80	0.0064184	942.67	1216.1	4.3817	2.3227	3.2779	720.88	0.018785	2.3636e-05	0.087033	supercritical
464.00	426.00	155.43	0.0064336	945.30	1219.4	4.3888	2.3261	3.2793	720.99	0.018684	2.3632e-05	0.087131	supercritical
465.00	426.00	155.07	0.0064488	947.93	1222.7	4.3958	2.3294	3.2807	721.10	0.018584	2.3628e-05	0.087229	supercritical
466.00	426.00	154.70	0.0064640	950.57	1225.9	4.4029	2.3328	3.2821	721.22	0.018482	2.3624e-05	0.087328	supercritical
467.00	426.00	154.34	0.0064792	953.20	1229.2	4.4099	2.3362	3.2835	721.34	0.018380	2.3620e-05	0.087428	supercritical
468.00	426.00	153.98	0.0064943	955.84	1232.5	4.4169	2.3396	3.2849	721.46	0.018278	2.3617e-05	0.087529	supercritical
469.00	426.00	153.62	0.0065095	958.48	1235.8	4.4239	2.3429	3.2864	721.59	0.018175	2.3614e-05	0.087630	supercritical
470.00	426.00	153.27	0.0065246	961.12	1239.1	4.4309	2.3463	3.2878	721.72	0.018071	2.3611e-05	0.087732	supercritical
471.00	426.00	152.91	0.0065398	963.77	1242.4	4.4379	2.3497	3.2893	721.85	0.017968	2.3608e-05	0.087835	supercritical
472.00	426.00	152.56	0.0065549	966.41	1245.7	4.4449	2.3531	3.2908	721.98	0.017863	2.3606e-05	0.087939	supercritical
473.00	426.00	152.21	0.0065700	969.06	1248.9	4.4519	2.3565	3.2923	722.12	0.017759	2.3603e-05	0.088044	supercritical
474.00	426.00	151.86	0.0065852	971.71	1252.2	4.4588	2.3599	3.2938	722.26	0.017654	2.3601e-05	0.088149	supercritical
475.00	426.00	151.51	0.0066003	974.36	1255.5	4.4658	2.3633	3.2953	722.40	0.017548	2.3599e-05	0.088256	supercritical
476.00	426.00	151.16	0.0066154	977.01	1258.8	4.4727	2.3667	3.2969	722.55	0.017442	2.3598e-05	0.088363	supercritical
477.00	426.00	150.82	0.0066305	979.67	1262.1	4.4796	2.3701	3.2985	722.70	0.017336	2.3596e-05	0.088470	supercritical
478.00	426.00	150.48	0.0066456	982.32	1265.4	4.4865	2.3735	3.3000	722.85	0.017230	2.3595e-05	0.088579	supercritical
479.00	426.00	150.13	0.0066607	984.98	1268.7	4.4934	2.3769	3.3016	723.00	0.017123	2.3593e-05	0.088688	supercritical
480.00	426.00	149.80	0.0066758	987.64	1272.0	4.5003	2.3804	3.3032	723.16	0.017016	2.3592e-05	0.088798	supercritical
481.00	426.00	149.46	0.0066908	990.30	1275.3	4.5072	2.3838	3.3048	723.32	0.016908	2.3592e-05	0.088909	supercritical
482.00	426.00	149.12	0.0067059	992.97	1278.6	4.5141	2.3872	3.3065	723.48	0.016800	2.3591e-05	0.089020	supercritical
483.00	426.00	148.79	0.0067210	995.63	1281.9	4.5209	2.3906	3.3081	723.64	0.016692	2.3590e-05	0.089132	supercritical
484.00	426.00	148.46	0.0067360	998.30	1285.3	4.5278	2.3941	3.3098	723.80	0.016584	2.3590e-05	0.089245	supercritical
485.00	426.00	148.12	0.0067511	1001.0	1288.6	4.5346	2.3975	3.3115	723.97	0.016476	2.3590e-05	0.089359	supercritical
486.00	426.00	147.80	0.0067661	1003.6	1291.9	4.5414	2.4009	3.3132	724.14	0.016367	2.3590e-05	0.089473	supercritical
487.00	426.00	147.47	0.0067811	1006.3	1295.2	4.5482	2.4044	3.3149	724.31	0.016258	2.3590e-05	0.089588	supercritical
488.00	426.00	147.14	0.0067962	1009.0	1298.5	4.5550	2.4078	3.3166	724.49	0.016148	2.3590e-05	0.089704	supercritical
489.00	426.00	146.82	0.0068112	1011.7	1301.8	4.5618	2.4112	3.3183	724.66	0.016039	2.3591e-05	0.089820	supercritical
490.00	426.00	146.49	0.0068262	1014.3	1305.1	4.5686	2.4147	3.3200	724.84	0.015929	2.3592e-05	0.089937	supercritical
491.00	426.00	146.17	0.0068412	1017.0	1308.5	4.5754	2.4181	3.3218	725.02	0.015819	2.3592e-05	0.090055	supercritical
492.00	426.00	145.85	0.0068562	1019.7	1311.8	4.5821	2.4216	3.3236	725.21	0.015709	2.3593e-05	0.090174	supercritical
493.00	426.00	145.53	0.0068712	1022.4	1315.1	4.5889	2.4250	3.3253	725.39	0.015599	2.3594e-05	0.090293	supercritical
494.00	426.00	145.22	0.0068862	1025.1	1318.4	4.5956	2.4285	3.3271	725.58	0.015489	2.3596e-05	0.090413	supercritical
495.00	426.00	144.90	0.0069012	1027.8	1321.8	4.6023	2.4319	3.3289	725.77	0.015378	2.3597e-05	0.090533	supercritical
496.00	426.00	144.59	0.0069161	1030.5	1325.1	4.6091	2.4354	3.3308	725.96	0.015268	2.3599e-05	0.090654	supercritical
497.00	426.00	144.28	0.0069311	1033.2	1328.4	4.6158	2.4389	3.3326	726.15	0.015157	2.3601e-05	0.090776	supercritical
498.00	426.00	143.97	0.0069461	1035.9	1331.8	4.6225	2.4423	3.3344	726.35	0.015046	2.3602e-05	0.090899	supercritical
499.00	426.00	143.66	0.0069610	1038.6	1335.1	4.6292	2.4458	3.3363	726.54	0.014935	2.3604e-05	0.091022	supercritical
500.00	426.00	143.35	0.0069760	1041.3	1338.4	4.6359	2.4492	3.3381	726.74	0.014824	2.3607e-05	0.091145	supercritical
501.00	426.00	143.04	0.0069909	1044.0	1341.8	4.6425	2.4527	3.3400	726.94	0.014713	2.3609e-05	0.091270	supercritical
502.00	426.00	142.74	0.0070058	1046.7	1345.1	4.6492	2.4562	3.3419	727.15	0.014601	2.3611e-05	0.091395	supercritical
503.00	426.00	142.43	0.0070208	1049.4	1348.5	4.6558	2.4597	3.3438	727.35	0.014490	2.3614e-05	0.091520	supercritical
504.00	426.00	142.13	0.0070357	1052.1	1351.8	4.6625	2.4631	3.3457	727.56	0.014379	2.3617e-05	0.091647	supercritical
505.00	426.00	141.83	0.0070506	1054.8	1355.1	4.6691	2.4666	3.3476	727.77	0.014267	2.3620e-05	0.091774	supercritical
506.00	426.00	141.53	0.0070655	1057.5	1358.5	4.6757	2.4701	3.3496	727.98	0.014156	2.3623e-05	0.091901	supercritical
507.00	426.00	141.24	0.0070804	1060.2	1361.8	4.6824	2.4736	3.3515	728.19	0.014044	2.3626e-05	0.092029	supercritical
508.00	426.00	140.94	0.0070953	1062.9	1365.2	4.6890	2.4770	3.3535	728.40	0.013933	2.3629e-05	0.092158	supercritical
509.00	426.00	140.64	0.0071102	1065.7	1368.6	4.6956	2.4805	3.3554	728.62	0.013821	2.3632e-05	0.092287	supercritical
510.00	426.00	140.35	0.0071250	1068.4	1371.9	4.7021	2.4840	3.3574	728.83	0.013709	2.3636e-05	0.092417	supercritical
511.00	426.00	140.06	0.0071399	1071.1	1375.3	4.7087	2.4875	3.3594	729.05	0.013598	2.3640e-05	0.092548	supercritical
512.00	426.00	139.77	0.0071548	1073.8	1378.6	4.7153	2.4910	3.3614	729.27	0.013486	2.3643e-05	0.092679	supercritical
513.00	426.00	139.48	0.0071696	1076.6	1382.0	4.7219	2.4945	3.3634	729.49	0.013374	2.3647e-05	0.092810	supercritical
514.00	426.00	139.19	0.0071845	1079.3	1385.4	4.7284	2.4979	3.3654	729.72	0.013263	2.3651e-05	0.092943	supercritical
515.00	426.00	138.90	0.0071993	1082.0	1388.7	4.7349	2.5014	3.3674	729.94	0.013151	2.3655e-05	0.093075	supercritical
516.00	426.00	138.62	0.0072142	1084.8	1392.1	4.7415	2.5049	3.3695	730.17	0.013039	2.3660e-05	0.093209	supercritical
517.00	426.00	138.33	0.0072290	1087.5	1395.5	4.7480	2.5084	3.3715	730.40	0.012928	2.3664e-05	0.093343	supercritical
518.00	426.00	138.05	0.0072438	1090.2	1398.8	4.7545	2.5119	3.3736	730.63	0.012816	2.3669e-05	0.093477	supercritical
519.00	426.00	137.77	0.0072586	1093.0	1402.2	4.7610	2.5154	3.3756	730.86	0.012705	2.3673e-05	0.093612	supercritical
520.00	426.00	137.49	0.0072734	1095.7	1405.6	4.7675	2.5189	3.3777	731.09	0.012593	2.3678e-05	0.093748	supercritical
521.00	426.00	137.21	0.0072882	1098.5	1409.0	4.7740	2.5224	3.3798	731.32	0.012482	2.3683e-05	0.093884	supercritical
522.00	426.00	136.93	0.0073030	1101.2	1412.3	4.7805	2.5259	3.3819	731.56	0.012371	2.3688e-05	0.094021	supercritical
523.00	426.00	136.65	0.0073178	1104.0	1415.7	4.7870	2.5294	3.3840	731.79	0.012259	2.3693e-05	0.094158	supercritical
524.00	426.00	136.38	0.0073326	1106.7	1419.1	4.7934	2.5329	3.3861	732.03	0.012148	2.3698e-05	0.094296	supercritical
525.00	426.00	136.10	0.0073474	1109.5	1422.5	4.7999	2.5364	3.3882	732.27	0.012037	2.3704e-05	0.094435	supercritical
526.00	426.00	135.83	0.0073621	1112.3	1425.9	4.8064	2.5399	3.3904	732.51	0.011926	2.3709e-05	0.094574	supercritical
527.00	426.00	135.56	0.0073769	1115.0	1429.3	4.8128	2.5434	3.3925	732.76	0.011815	2.3714e-05	0.094713	supercritical
528.00	426.00	135.29	0.0073917	1117.8	1432.7	4.8192	2.5469	3.3946	733.00	0.011704	2.3720e-05	0.094853	supercritical
529.00	426.00	135.02	0.0074064	1120.6	1436.1	4.8257	2.5504	3.3968	733.24	0.011593	2.3726e-05	0.094994	supercritical
530.00	426.00	134.75	0.0074212	1123.3	1439.5	4.8321	2.5539	3.3990	733.49	0.011483	2.3732e-05	0.095135	supercritical
531.00	426.00	134.48	0.0074359	1126.1	1442.9	4.8385	2.5574	3.4011	733.74	0.011372	2.3738e-05	0.095276	supercritical
532.00	426.00	134.22	0.0074506	1128.9	1446.3	4.8449	2.5609	3.4033	733.99	0.011262	2.3744e-05	0.095418	supercritical
533.00	426.00	133.95	0.0074653	1131.6	1449.7	4.8513	2.5644	3.4055	734.24	0.011151	2.3750e-05	0.095561	supercritical
534.00	426.00	133.69	0.0074801	1134.4	1453.1	4.8577	2.5679	3.4077	734.49	0.011041	2.3756e-05	0.095704	supercritical
535.00	426.00	133.43	0.0074948	1137.2	1456.5	4.8640	2.5714	3.4099	734.74	0.010931	2.3762e-05	0.095847	supercritical
536.00	426.00	133.17	0.0075095	1140.0	1459.9	4.8704	2.5749	3.4121	734.99	0.010821	2.3769e-05	0.095991	supercritical
537.00	426.00	132.91	0.0075242	1142.8	1463.3	4.8768	2.5785	3.4144	735.25	0.010711	2.3775e-05	0.096136	supercritical
538.00	426.00	132.65	0.0075388	1145.6	1466.7	4.8831	2.5820	3.4166	735.50	0.010602	2.3782e-05	0.096281	supercritical
539.00	426.00	132.39	0.0075535	1148.4	1470.1	4.8895	2.5855	3.4188	735.76	0.010492	2.3789e-05	0.096427	supercritical
540.00	426.00	132.13	0.0075682	1151.2	1473.6	4.8958	2.5890	3.4211	736.02	0.010383	2.3796e-05	0.096573	supercritical
541.00	426.00	131.88	0.0075829	1154.0	1477.0	4.9021	2.5925	3.4234	736.28	0.010274	2.3803e-05	0.096719	supercritical
542.00	426.00	131.62	0.0075975	1156.8	1480.4	4.9085	2.5960	3.4256	736.54	0.010165	2.3810e-05	0.096866	supercritical
543.00	426.00	131.37	0.0076122	1159.6	1483.8	4.9148	2.5995	3.4279	736.80	0.010056	2.3817e-05	0.097014	supercritical
544.00	426.00	131.12	0.0076268	1162.4	1487.3	4.9211	2.6030	3.4302	737.06	0.0099469	2.3824e-05	0.097161	supercritical
545.00	426.00	130.86	0.0076415	1165.2	1490.7	4.9274	2.6065	3.4325	737.33	0.0098383	2.3831e-05	0.097310	supercritical
546.00	426.00	130.61	0.0076561	1168.0	1494.1	4.9337	2.6100	3.4348	737.59	0.0097299	2.3839e-05	0.097459	supercritical
547.00	426.00	130.37	0.0076708	1170.8	1497.6	4.9400	2.6136	3.4371	737.86	0.0096217	2.3846e-05	0.097608	supercritical
548.00	426.00	130.12	0.0076854	1173.6	1501.0	4.9463	2.6171	3.4394	738.12	0.0095136	2.3854e-05	0.097758	supercritical
549.00	426.00	129.87	0.0077000	1176.4	1504.4	4.9525	2.6206	3.4417	738.39	0.0094057	2.3861e-05	0.097908	supercritical
550.00	426.00	129.62	0.0077146	1179.2	1507.9	4.9588	2.6241	3.4440	738.66	0.0092981	2.3869e-05	0.098059	supercritical
551.00	426.00	129.38	0.0077292	1182.1	1511.3	4.9651	2.6276	3.4463	738.93	0.0091906	2.3877e-05	0.098210	supercritical
552.00	426.00	129.14	0.0077438	1184.9	1514.8	4.9713	2.6311	3.4487	739.20	0.0090832	2.3885e-05	0.098362	supercritical
553.00	426.00	128.89	0.0077584	1187.7	1518.2	4.9775	2.6346	3.4510	739.47	0.0089761	2.3893e-05	0.098514	supercritical
554.00	426.00	128.65	0.0077730	1190.6	1521.7	4.9838	2.6381	3.4534	739.74	0.0088692	2.3901e-05	0.098666	supercritical
555.00	426.00	128.41	0.0077876	1193.4	1525.1	4.9900	2.6416	3.4557	740.02	0.0087625	2.3909e-05	0.098819	supercritical
556.00	426.00	128.17	0.0078022	1196.2	1528.6	4.9962	2.6452	3.4581	740.29	0.0086559	2.3917e-05	0.098973	supercritical
557.00	426.00	127.93	0.0078167	1199.1	1532.1	5.0025	2.6487	3.4605	740.57	0.0085496	2.3925e-05	0.099126	supercritical
558.00	426.00	127.69	0.0078313	1201.9	1535.5	5.0087	2.6522	3.4628	740.84	0.0084435	2.3934e-05	0.099281	supercritical
559.00	426.00	127.46	0.0078458	1204.7	1539.0	5.0149	2.6557	3.4652	741.12	0.0083376	2.3942e-05	0.099435	supercritical
560.00	426.00	127.22	0.0078604	1207.6	1542.4	5.0211	2.6592	3.4676	741.40	0.0082319	2.3951e-05	0.099590	supercritical
561.00	426.00	126.99	0.0078749	1210.4	1545.9	5.0272	2.6627	3.4700	741.68	0.0081264	2.3959e-05	0.099746	supercritical
562.00	426.00	126.75	0.0078895	1213.3	1549.4	5.0334	2.6662	3.4724	741.96	0.0080211	2.3968e-05	0.099902	supercritical
563.00	426.00	126.52	0.0079040	1216.2	1552.9	5.0396	2.6697	3.4748	742.24	0.0079161	2.3977e-05	0.10006	supercritical
564.00	426.00	126.29	0.0079185	1219.0	1556.3	5.0458	2.6733	3.4772	742.52	0.0078113	2.3985e-05	0.10021	supercritical
565.00	426.00	126.06	0.0079330	1221.9	1559.8	5.0519	2.6768	3.4796	742.80	0.0077067	2.3994e-05	0.10037	supercritical
566.00	426.00	125.82	0.0079476	1224.7	1563.3	5.0581	2.6803	3.4821	743.08	0.0076023	2.4003e-05	0.10053	supercritical
567.00	426.00	125.60	0.0079621	1227.6	1566.8	5.0642	2.6838	3.4845	743.37	0.0074981	2.4012e-05	0.10069	supercritical
568.00	426.00	125.37	0.0079766	1230.5	1570.3	5.0704	2.6873	3.4869	743.65	0.0073942	2.4021e-05	0.10085	supercritical
569.00	426.00	125.14	0.0079911	1233.3	1573.8	5.0765	2.6908	3.4894	743.94	0.0072905	2.4031e-05	0.10100	supercritical
570.00	426.00	124.91	0.0080055	1236.2	1577.2	5.0826	2.6943	3.4918	744.22	0.0071870	2.4040e-05	0.10116	supercritical
571.00	426.00	124.69	0.0080200	1239.1	1580.7	5.0888	2.6978	3.4943	744.51	0.0070838	2.4049e-05	0.10132	supercritical
572.00	426.00	124.46	0.0080345	1242.0	1584.2	5.0949	2.7013	3.4967	744.80	0.0069808	2.4058e-05	0.10148	supercritical
573.00	426.00	124.24	0.0080490	1244.8	1587.7	5.1010	2.7048	3.4992	745.08	0.0068780	2.4068e-05	0.10164	supercritical
574.00	426.00	124.02	0.0080634	1247.7	1591.2	5.1071	2.7083	3.5017	745.37	0.0067755	2.4077e-05	0.10180	supercritical
575.00	426.00	123.79	0.0080779	1250.6	1594.7	5.1132	2.7118	3.5041	745.66	0.0066733	2.4087e-05	0.10197	supercritical
576.00	426.00	123.57	0.0080923	1253.5	1598.2	5.1193	2.7153	3.5066	745.95	0.0065712	2.4097e-05	0.10213	supercritical
577.00	426.00	123.35	0.0081068	1256.4	1601.7	5.1254	2.7189	3.5091	746.25	0.0064694	2.4106e-05	0.10229	supercritical
578.00	426.00	123.13	0.0081212	1259.3	1605.3	5.1315	2.7224	3.5116	746.54	0.0063679	2.4116e-05	0.10245	supercritical
579.00	426.00	122.92	0.0081357	1262.2	1608.8	5.1375	2.7259	3.5141	746.83	0.0062666	2.4126e-05	0.10261	supercritical
580.00	426.00	122.70	0.0081501	1265.1	1612.3	5.1436	2.7294	3.5166	747.12	0.0061656	2.4136e-05	0.10278	supercritical
581.00	426.00	122.48	0.0081645	1268.0	1615.8	5.1497	2.7329	3.5191	747.42	0.0060648	2.4146e-05	0.10294	supercritical
582.00	426.00	122.27	0.0081789	1270.9	1619.3	5.1557	2.7364	3.5216	747.71	0.0059642	2.4156e-05	0.10310	supercritical
583.00	426.00	122.05	0.0081933	1273.8	1622.8	5.1618	2.7399	3.5241	748.01	0.0058639	2.4166e-05	0.10327	supercritical
584.00	426.00	121.84	0.0082078	1276.7	1626.4	5.1678	2.7434	3.5266	748.30	0.0057639	2.4176e-05	0.10343	supercritical
585.00	426.00	121.62	0.0082222	1279.6	1629.9	5.1738	2.7469	3.5292	748.60	0.0056641	2.4186e-05	0.10360	supercritical
586.00	426.00	121.41	0.0082365	1282.6	1633.4	5.1799	2.7504	3.5317	748.90	0.0055646	2.4197e-05	0.10376	supercritical
587.00	426.00	121.20	0.0082509	1285.5	1637.0	5.1859	2.7539	3.5342	749.19	0.0054653	2.4207e-05	0.10393	supercritical
588.00	426.00	120.99	0.0082653	1288.4	1640.5	5.1919	2.7574	3.5368	749.49	0.0053663	2.4217e-05	0.10410	supercritical
589.00	426.00	120.78	0.0082797	1291.3	1644.0	5.1979	2.7609	3.5393	749.79	0.0052675	2.4228e-05	0.10426	supercritical
590.00	426.00	120.57	0.0082941	1294.3	1647.6	5.2039	2.7644	3.5419	750.09	0.0051690	2.4238e-05	0.10443	supercritical
591.00	426.00	120.36	0.0083084	1297.2	1651.1	5.2099	2.7679	3.5444	750.39	0.0050708	2.4249e-05	0.10460	supercritical
592.00	426.00	120.15	0.0083228	1300.1	1654.7	5.2159	2.7714	3.5470	750.69	0.0049728	2.4259e-05	0.10476	supercritical
593.00	426.00	119.95	0.0083371	1303.1	1658.2	5.2219	2.7748	3.5495	750.99	0.0048751	2.4270e-05	0.10493	supercritical
594.00	426.00	119.74	0.0083515	1306.0	1661.8	5.2279	2.7783	3.5521	751.29	0.0047777	2.4281e-05	0.10510	supercritical
595.00	426.00	119.53	0.0083658	1308.9	1665.3	5.2339	2.7818	3.5547	751.59	0.0046805	2.4291e-05	0.10527	supercritical
596.00	426.00	119.33	0.0083802	1311.9	1668.9	5.2398	2.7853	3.5572	751.90	0.0045836	2.4302e-05	0.10544	supercritical
597.00	426.00	119.13	0.0083945	1314.8	1672.4	5.2458	2.7888	3.5598	752.20	0.0044869	2.4313e-05	0.10560	supercritical
598.00	426.00	118.92	0.0084088	1317.8	1676.0	5.2518	2.7923	3.5624	752.50	0.0043906	2.4324e-05	0.10577	supercritical
599.00	426.00	118.72	0.0084231	1320.7	1679.6	5.2577	2.7958	3.5650	752.81	0.0042945	2.4335e-05	0.10594	supercritical
600.00	426.00	118.52	0.0084375	1323.7	1683.1	5.2637	2.7993	3.5676	753.11	0.0041986	2.4346e-05	0.10611	supercritical
601.00	426.00	118.32	0.0084518	1326.6	1686.7	5.2696	2.8028	3.5702	753.42	0.0041030	2.4357e-05	0.10628	supercritical
602.00	426.00	118.12	0.0084661	1329.6	1690.3	5.2755	2.8062	3.5728	753.72	0.0040077	2.4368e-05	0.10646	supercritical
603.00	426.00	117.92	0.0084804	1332.6	1693.8	5.2815	2.8097	3.5754	754.03	0.0039127	2.4379e-05	0.10663	supercritical
604.00	426.00	117.72	0.0084947	1335.5	1697.4	5.2874	2.8132	3.5780	754.34	0.0038179	2.4391e-05	0.10680	supercritical
605.00	426.00	117.52	0.0085090	1338.5	1701.0	5.2933	2.8167	3.5806	754.65	0.0037234	2.4402e-05	0.10697	supercritical
606.00	426.00	117.33	0.0085232	1341.5	1704.6	5.2992	2.8202	3.5832	754.95	0.0036292	2.4413e-05	0.10714	supercritical
607.00	426.00	117.13	0.0085375	1344.5	1708.2	5.3051	2.8237	3.5858	755.26	0.0035352	2.4425e-05	0.10731	supercritical
608.00	426.00	116.93	0.0085518	1347.4	1711.7	5.3111	2.8271	3.5884	755.57	0.0034416	2.4436e-05	0.10749	supercritical
609.00	426.00	116.74	0.0085661	1350.4	1715.3	5.3170	2.8306	3.5910	755.88	0.0033482	2.4448e-05	0.10766	supercritical
610.00	426.00	116.55	0.0085803	1353.4	1718.9	5.3228	2.8341	3.5937	756.19	0.0032550	2.4459e-05	0.10783	supercritical
611.00	426.00	116.35	0.0085946	1356.4	1722.5	5.3287	2.8376	3.5963	756.50	0.0031622	2.4471e-05	0.10801	supercritical
612.00	426.00	116.16	0.0086088	1359.4	1726.1	5.3346	2.8410	3.5989	756.81	0.0030696	2.4482e-05	0.10818	supercritical
613.00	426.00	115.97	0.0086231	1362.4	1729.7	5.3405	2.8445	3.6016	757.12	0.0029773	2.4494e-05	0.10835	supercritical
614.00	426.00	115.78	0.0086373	1365.4	1733.3	5.3464	2.8480	3.6042	757.43	0.0028852	2.4506e-05	0.10853	supercritical
615.00	426.00	115.59	0.0086515	1368.4	1736.9	5.3522	2.8515	3.6068	757.74	0.0027934	2.4517e-05	0.10870	supercritical
616.00	426.00	115.40	0.0086658	1371.4	1740.5	5.3581	2.8549	3.6095	758.05	0.0027020	2.4529e-05	0.10888	supercritical
617.00	426.00	115.21	0.0086800	1374.4	1744.2	5.3640	2.8584	3.6121	758.37	0.0026107	2.4541e-05	0.10905	supercritical
618.00	426.00	115.02	0.0086942	1377.4	1747.8	5.3698	2.8619	3.6148	758.68	0.0025198	2.4553e-05	0.10923	supercritical
619.00	426.00	114.83	0.0087084	1380.4	1751.4	5.3757	2.8653	3.6174	758.99	0.0024291	2.4565e-05	0.10941	supercritical
620.00	426.00	114.64	0.0087226	1383.4	1755.0	5.3815	2.8688	3.6201	759.31	0.0023387	2.4577e-05	0.10958	supercritical
621.00	426.00	114.46	0.0087368	1386.4	1758.6	5.3873	2.8723	3.6228	759.62	0.0022486	2.4589e-05	0.10976	supercritical
622.00	426.00	114.27	0.0087510	1389.5	1762.2	5.3932	2.8757	3.6254	759.94	0.0021588	2.4601e-05	0.10994	supercritical
623.00	426.00	114.09	0.0087652	1392.5	1765.9	5.3990	2.8792	3.6281	760.25	0.0020692	2.4613e-05	0.11011	supercritical
624.00	426.00	113.90	0.0087794	1395.5	1769.5	5.4048	2.8826	3.6307	760.57	0.0019799	2.4625e-05	0.11029	supercritical
625.00	426.00	113.72	0.0087936	1398.5	1773.1	5.4106	2.8861	3.6334	760.88	0.0018909	2.4637e-05	0.11047	supercritical
