Temperature (K)	Pressure (bar)	Density (kg/m3)	Volume (m3/kg)	Internal Energy (kJ/kg)	Enthalpy (kJ/kg)	Entropy (J/g*K)	Cv (J/g*K)	Cp (J/g*K)	Sound Spd. (m/s)	Joule-Thomson (K/bar)	Viscosity (Pa*s)	Therm. Cond. (W/m*K)	Phase
102.00	419.00	462.24	0.0021634	-56.301	34.345	-0.55926	2.1949	3.2327	1701.5	-0.051392	0.00023119	0.23338	liquid
103.00	419.00	461.19	0.0021683	-53.275	37.577	-0.52772	2.1904	3.2330	1695.0	-0.051316	0.00022427	0.23234	liquid
104.00	419.00	460.14	0.0021733	-50.249	40.810	-0.49648	2.1859	3.2333	1688.6	-0.051238	0.00021774	0.23129	liquid
105.00	419.00	459.08	0.0021782	-47.225	44.044	-0.46554	2.1815	3.2336	1682.1	-0.051157	0.00021158	0.23024	liquid
106.00	419.00	458.03	0.0021833	-44.201	47.278	-0.43489	2.1771	3.2339	1675.6	-0.051075	0.00020576	0.22917	liquid
107.00	419.00	456.98	0.0021883	-41.177	50.512	-0.40452	2.1728	3.2343	1669.1	-0.050991	0.00020024	0.22810	liquid
108.00	419.00	455.93	0.0021933	-38.154	53.746	-0.37443	2.1684	3.2347	1662.6	-0.050904	0.00019501	0.22702	liquid
109.00	419.00	454.88	0.0021984	-35.132	56.981	-0.34462	2.1642	3.2350	1656.2	-0.050816	0.00019005	0.22594	liquid
110.00	419.00	453.82	0.0022035	-32.110	60.216	-0.31507	2.1599	3.2354	1649.7	-0.050726	0.00018534	0.22485	liquid
111.00	419.00	452.77	0.0022086	-29.089	63.452	-0.28579	2.1557	3.2358	1643.2	-0.050635	0.00018085	0.22376	liquid
112.00	419.00	451.72	0.0022138	-26.069	66.688	-0.25677	2.1516	3.2362	1636.7	-0.050541	0.00017657	0.22266	liquid
113.00	419.00	450.66	0.0022189	-23.050	69.924	-0.22800	2.1474	3.2366	1630.2	-0.050446	0.00017250	0.22156	liquid
114.00	419.00	449.61	0.0022242	-20.031	73.161	-0.19948	2.1433	3.2370	1623.8	-0.050348	0.00016861	0.22045	liquid
115.00	419.00	448.56	0.0022294	-17.012	76.398	-0.17121	2.1392	3.2374	1617.3	-0.050249	0.00016489	0.21934	liquid
116.00	419.00	447.50	0.0022346	-13.995	79.636	-0.14318	2.1352	3.2378	1610.8	-0.050149	0.00016133	0.21823	liquid
117.00	419.00	446.45	0.0022399	-10.978	82.874	-0.11539	2.1311	3.2381	1604.4	-0.050046	0.00015792	0.21711	liquid
118.00	419.00	445.39	0.0022452	-7.9624	86.112	-0.087825	2.1271	3.2385	1597.9	-0.049942	0.00015466	0.21600	liquid
119.00	419.00	444.34	0.0022506	-4.9472	89.351	-0.060494	2.1231	3.2389	1591.5	-0.049835	0.00015153	0.21488	liquid
120.00	419.00	443.28	0.0022559	-1.9328	92.590	-0.033388	2.1192	3.2393	1585.0	-0.049727	0.00014852	0.21376	liquid
121.00	419.00	442.22	0.0022613	1.0808	95.829	-0.0065047	2.1153	3.2396	1578.6	-0.049617	0.00014563	0.21264	liquid
122.00	419.00	441.17	0.0022667	4.0936	99.069	0.020161	2.1113	3.2400	1572.2	-0.049505	0.00014285	0.21152	liquid
123.00	419.00	440.11	0.0022722	7.1056	102.31	0.046611	2.1075	3.2404	1565.8	-0.049391	0.00014017	0.21040	liquid
124.00	419.00	439.05	0.0022776	10.117	105.55	0.072851	2.1036	3.2408	1559.4	-0.049275	0.00013760	0.20928	liquid
125.00	419.00	437.99	0.0022831	13.127	108.79	0.098883	2.0997	3.2411	1553.0	-0.049157	0.00013511	0.20816	liquid
126.00	419.00	436.93	0.0022887	16.136	112.03	0.12471	2.0959	3.2415	1546.6	-0.049036	0.00013271	0.20704	liquid
127.00	419.00	435.87	0.0022942	19.145	115.27	0.15034	2.0921	3.2419	1540.2	-0.048914	0.00013040	0.20592	liquid
128.00	419.00	434.81	0.0022998	22.153	118.52	0.17576	2.0884	3.2422	1533.9	-0.048790	0.00012816	0.20480	liquid
129.00	419.00	433.75	0.0023055	25.159	121.76	0.20100	2.0846	3.2426	1527.5	-0.048663	0.00012600	0.20369	liquid
130.00	419.00	432.69	0.0023111	28.165	125.00	0.22604	2.0809	3.2430	1521.2	-0.048534	0.00012390	0.20257	liquid
131.00	419.00	431.63	0.0023168	31.170	128.24	0.25089	2.0772	3.2433	1514.9	-0.048403	0.00012188	0.20146	liquid
132.00	419.00	430.57	0.0023225	34.174	131.49	0.27556	2.0736	3.2437	1508.6	-0.048270	0.00011992	0.20035	liquid
133.00	419.00	429.50	0.0023283	37.177	134.73	0.30004	2.0699	3.2441	1502.3	-0.048135	0.00011801	0.19924	liquid
134.00	419.00	428.44	0.0023341	40.179	137.98	0.32434	2.0663	3.2445	1496.0	-0.047997	0.00011617	0.19813	liquid
135.00	419.00	427.37	0.0023399	43.180	141.22	0.34846	2.0627	3.2449	1489.7	-0.047857	0.00011438	0.19703	liquid
136.00	419.00	426.31	0.0023457	46.180	144.47	0.37241	2.0592	3.2453	1483.5	-0.047714	0.00011264	0.19593	liquid
137.00	419.00	425.24	0.0023516	49.180	147.71	0.39619	2.0556	3.2457	1477.2	-0.047569	0.00011095	0.19483	liquid
138.00	419.00	424.18	0.0023575	52.178	150.96	0.41980	2.0521	3.2461	1471.0	-0.047421	0.00010931	0.19373	liquid
139.00	419.00	423.11	0.0023635	55.175	154.20	0.44323	2.0487	3.2465	1464.8	-0.047271	0.00010772	0.19264	liquid
140.00	419.00	422.04	0.0023694	58.171	157.45	0.46651	2.0452	3.2469	1458.6	-0.047118	0.00010617	0.19155	liquid
141.00	419.00	420.97	0.0023754	61.166	160.70	0.48962	2.0418	3.2474	1452.4	-0.046963	0.00010466	0.19047	liquid
142.00	419.00	419.90	0.0023815	64.160	163.94	0.51257	2.0384	3.2478	1446.3	-0.046805	0.00010319	0.18938	liquid
143.00	419.00	418.83	0.0023876	67.154	167.19	0.53536	2.0350	3.2483	1440.2	-0.046645	0.00010176	0.18831	liquid
144.00	419.00	417.76	0.0023937	70.146	170.44	0.55800	2.0317	3.2487	1434.0	-0.046482	0.00010037	0.18723	liquid
145.00	419.00	416.69	0.0023998	73.137	173.69	0.58049	2.0284	3.2492	1427.9	-0.046316	9.9008e-05	0.18616	liquid
146.00	419.00	415.62	0.0024060	76.127	176.94	0.60282	2.0251	3.2497	1421.8	-0.046147	9.7683e-05	0.18510	liquid
147.00	419.00	414.55	0.0024123	79.116	180.19	0.62500	2.0219	3.2502	1415.8	-0.045976	9.6390e-05	0.18403	liquid
148.00	419.00	413.47	0.0024185	82.104	183.44	0.64704	2.0186	3.2507	1409.7	-0.045802	9.5130e-05	0.18298	liquid
149.00	419.00	412.40	0.0024248	85.091	186.69	0.66893	2.0154	3.2512	1403.7	-0.045625	9.3899e-05	0.18192	liquid
150.00	419.00	411.33	0.0024312	88.077	189.94	0.69068	2.0123	3.2517	1397.6	-0.045445	9.2697e-05	0.18088	liquid
151.00	419.00	410.25	0.0024375	91.062	193.19	0.71229	2.0092	3.2523	1391.6	-0.045262	9.1524e-05	0.17983	liquid
152.00	419.00	409.17	0.0024440	94.045	196.45	0.73376	2.0061	3.2528	1385.7	-0.045076	9.0377e-05	0.17879	liquid
153.00	419.00	408.10	0.0024504	97.028	199.70	0.75509	2.0030	3.2534	1379.7	-0.044888	8.9256e-05	0.17776	liquid
154.00	419.00	407.02	0.0024569	100.01	202.95	0.77629	1.9999	3.2540	1373.7	-0.044696	8.8161e-05	0.17673	liquid
155.00	419.00	405.94	0.0024634	102.99	206.21	0.79735	1.9969	3.2545	1367.8	-0.044501	8.7090e-05	0.17570	liquid
156.00	419.00	404.86	0.0024700	105.97	209.46	0.81828	1.9940	3.2552	1361.9	-0.044304	8.6043e-05	0.17469	liquid
157.00	419.00	403.78	0.0024766	108.95	212.72	0.83908	1.9910	3.2558	1356.0	-0.044103	8.5018e-05	0.17367	liquid
158.00	419.00	402.70	0.0024833	111.93	215.97	0.85976	1.9881	3.2564	1350.2	-0.043899	8.4015e-05	0.17266	liquid
159.00	419.00	401.62	0.0024899	114.90	219.23	0.88030	1.9852	3.2570	1344.3	-0.043692	8.3033e-05	0.17166	liquid
160.00	419.00	400.53	0.0024967	117.88	222.49	0.90073	1.9824	3.2577	1338.5	-0.043482	8.2072e-05	0.17066	liquid
161.00	419.00	399.45	0.0025034	120.85	225.75	0.92103	1.9795	3.2584	1332.7	-0.043268	8.1131e-05	0.16967	liquid
162.00	419.00	398.37	0.0025103	123.83	229.01	0.94120	1.9767	3.2591	1326.9	-0.043052	8.0209e-05	0.16868	liquid
163.00	419.00	397.28	0.0025171	126.80	232.26	0.96126	1.9740	3.2598	1321.1	-0.042832	7.9306e-05	0.16770	liquid
164.00	419.00	396.19	0.0025240	129.77	235.52	0.98120	1.9712	3.2605	1315.4	-0.042609	7.8421e-05	0.16672	liquid
165.00	419.00	395.11	0.0025310	132.74	238.79	1.0010	1.9686	3.2612	1309.6	-0.042383	7.7554e-05	0.16575	liquid
166.00	419.00	394.02	0.0025379	135.71	242.05	1.0207	1.9659	3.2620	1303.9	-0.042153	7.6704e-05	0.16478	liquid
167.00	419.00	392.93	0.0025450	138.68	245.31	1.0403	1.9633	3.2627	1298.3	-0.041920	7.5871e-05	0.16382	liquid
168.00	419.00	391.84	0.0025520	141.64	248.57	1.0598	1.9607	3.2635	1292.6	-0.041684	7.5053e-05	0.16287	liquid
169.00	419.00	390.75	0.0025591	144.61	251.84	1.0792	1.9581	3.2643	1287.0	-0.041444	7.4251e-05	0.16192	liquid
170.00	419.00	389.66	0.0025663	147.57	255.10	1.0984	1.9555	3.2651	1281.3	-0.041201	7.3465e-05	0.16098	liquid
171.00	419.00	388.57	0.0025735	150.54	258.37	1.1176	1.9530	3.2659	1275.7	-0.040955	7.2693e-05	0.16004	liquid
172.00	419.00	387.48	0.0025808	153.50	261.63	1.1366	1.9506	3.2667	1270.2	-0.040705	7.1936e-05	0.15911	liquid
173.00	419.00	386.39	0.0025881	156.46	264.90	1.1556	1.9481	3.2675	1264.6	-0.040452	7.1193e-05	0.15819	liquid
174.00	419.00	385.30	0.0025954	159.42	268.17	1.1744	1.9457	3.2684	1259.1	-0.040195	7.0463e-05	0.15727	liquid
175.00	419.00	384.20	0.0026028	162.38	271.44	1.1931	1.9433	3.2693	1253.6	-0.039935	6.9747e-05	0.15636	liquid
176.00	419.00	383.11	0.0026102	165.34	274.71	1.2118	1.9410	3.2701	1248.1	-0.039671	6.9044e-05	0.15545	liquid
177.00	419.00	382.01	0.0026177	168.30	277.98	1.2303	1.9387	3.2710	1242.6	-0.039404	6.8353e-05	0.15455	liquid
178.00	419.00	380.92	0.0026252	171.25	281.25	1.2487	1.9364	3.2719	1237.2	-0.039133	6.7675e-05	0.15366	liquid
179.00	419.00	379.82	0.0026328	174.21	284.52	1.2671	1.9342	3.2728	1231.8	-0.038859	6.7008e-05	0.15277	liquid
180.00	419.00	378.72	0.0026405	177.16	287.79	1.2853	1.9319	3.2738	1226.4	-0.038582	6.6353e-05	0.15189	liquid
181.00	419.00	377.63	0.0026481	180.11	291.07	1.3034	1.9298	3.2747	1221.0	-0.038301	6.5710e-05	0.15101	liquid
182.00	419.00	376.53	0.0026559	183.06	294.34	1.3215	1.9276	3.2756	1215.7	-0.038016	6.5078e-05	0.15014	liquid
183.00	419.00	375.43	0.0026636	186.01	297.62	1.3394	1.9255	3.2766	1210.4	-0.037728	6.4456e-05	0.14928	liquid
184.00	419.00	374.33	0.0026715	188.96	300.90	1.3573	1.9234	3.2776	1205.1	-0.037436	6.3846e-05	0.14842	liquid
185.00	419.00	373.23	0.0026793	191.91	304.18	1.3751	1.9214	3.2786	1199.8	-0.037141	6.3245e-05	0.14757	liquid
186.00	419.00	372.13	0.0026873	194.86	307.45	1.3927	1.9193	3.2795	1194.6	-0.036842	6.2655e-05	0.14673	liquid
187.00	419.00	371.03	0.0026952	197.80	310.73	1.4103	1.9174	3.2805	1189.4	-0.036539	6.2074e-05	0.14589	liquid
188.00	419.00	369.92	0.0027033	200.75	314.02	1.4278	1.9154	3.2815	1184.2	-0.036233	6.1503e-05	0.14506	liquid
189.00	419.00	368.82	0.0027113	203.69	317.30	1.4452	1.9135	3.2826	1179.0	-0.035924	6.0941e-05	0.14424	liquid
190.00	419.00	367.72	0.0027195	206.63	320.58	1.4626	1.9116	3.2836	1173.9	-0.035611	6.0389e-05	0.14343	liquid
191.00	419.00	366.61	0.0027277	209.58	323.86	1.4798	1.9098	3.2846	1168.8	-0.035294	5.9846e-05	0.14261	supercritical
192.00	419.00	365.51	0.0027359	212.52	327.15	1.4970	1.9079	3.2856	1163.7	-0.034974	5.9311e-05	0.14180	supercritical
193.00	419.00	364.41	0.0027442	215.45	330.44	1.5140	1.9061	3.2867	1158.6	-0.034650	5.8785e-05	0.14100	supercritical
194.00	419.00	363.30	0.0027525	218.39	333.72	1.5310	1.9044	3.2877	1153.6	-0.034323	5.8267e-05	0.14020	supercritical
195.00	419.00	362.20	0.0027609	221.33	337.01	1.5479	1.9027	3.2888	1148.6	-0.033992	5.7758e-05	0.13941	supercritical
196.00	419.00	361.09	0.0027694	224.26	340.30	1.5648	1.9010	3.2898	1143.6	-0.033658	5.7257e-05	0.13863	supercritical
197.00	419.00	359.98	0.0027779	227.20	343.59	1.5815	1.8993	3.2909	1138.7	-0.033320	5.6763e-05	0.13785	supercritical
198.00	419.00	358.88	0.0027865	230.13	346.88	1.5982	1.8977	3.2920	1133.8	-0.032979	5.6277e-05	0.13708	supercritical
199.00	419.00	357.77	0.0027951	233.06	350.17	1.6147	1.8961	3.2930	1128.9	-0.032634	5.5799e-05	0.13631	supercritical
200.00	419.00	356.67	0.0028037	235.99	353.47	1.6313	1.8946	3.2941	1124.0	-0.032286	5.5328e-05	0.13556	supercritical
201.00	419.00	355.56	0.0028125	238.92	356.76	1.6477	1.8930	3.2952	1119.1	-0.031934	5.4864e-05	0.13480	supercritical
202.00	419.00	354.45	0.0028213	241.85	360.06	1.6640	1.8915	3.2963	1114.3	-0.031579	5.4408e-05	0.13406	supercritical
203.00	419.00	353.34	0.0028301	244.77	363.36	1.6803	1.8901	3.2973	1109.6	-0.031221	5.3958e-05	0.13332	supercritical
204.00	419.00	352.24	0.0028390	247.70	366.65	1.6965	1.8887	3.2984	1104.8	-0.030859	5.3515e-05	0.13259	supercritical
205.00	419.00	351.13	0.0028480	250.62	369.95	1.7127	1.8873	3.2995	1100.1	-0.030494	5.3079e-05	0.13186	supercritical
206.00	419.00	350.02	0.0028570	253.55	373.25	1.7287	1.8859	3.3006	1095.4	-0.030125	5.2649e-05	0.13114	supercritical
207.00	419.00	348.91	0.0028660	256.47	376.55	1.7447	1.8846	3.3016	1090.7	-0.029753	5.2226e-05	0.13043	supercritical
208.00	419.00	347.81	0.0028752	259.39	379.86	1.7606	1.8833	3.3027	1086.1	-0.029378	5.1809e-05	0.12972	supercritical
209.00	419.00	346.70	0.0028844	262.30	383.16	1.7765	1.8820	3.3038	1081.5	-0.029000	5.1399e-05	0.12902	supercritical
210.00	419.00	345.59	0.0028936	265.22	386.46	1.7922	1.8808	3.3048	1076.9	-0.028619	5.0994e-05	0.12832	supercritical
211.00	419.00	344.48	0.0029029	268.14	389.77	1.8079	1.8796	3.3059	1072.3	-0.028234	5.0595e-05	0.12763	supercritical
212.00	419.00	343.37	0.0029123	271.05	393.08	1.8236	1.8785	3.3070	1067.8	-0.027846	5.0202e-05	0.12695	supercritical
213.00	419.00	342.27	0.0029217	273.96	396.38	1.8391	1.8773	3.3080	1063.3	-0.027456	4.9815e-05	0.12627	supercritical
214.00	419.00	341.16	0.0029312	276.87	399.69	1.8546	1.8762	3.3090	1058.9	-0.027062	4.9433e-05	0.12561	supercritical
215.00	419.00	340.05	0.0029407	279.78	403.00	1.8701	1.8752	3.3101	1054.4	-0.026665	4.9057e-05	0.12494	supercritical
216.00	419.00	338.95	0.0029503	282.69	406.31	1.8854	1.8741	3.3111	1050.0	-0.026265	4.8686e-05	0.12428	supercritical
217.00	419.00	337.84	0.0029600	285.60	409.62	1.9007	1.8731	3.3121	1045.7	-0.025863	4.8321e-05	0.12363	supercritical
218.00	419.00	336.73	0.0029697	288.50	412.94	1.9160	1.8722	3.3131	1041.3	-0.025457	4.7960e-05	0.12299	supercritical
219.00	419.00	335.63	0.0029795	291.41	416.25	1.9311	1.8712	3.3141	1037.0	-0.025049	4.7605e-05	0.12235	supercritical
220.00	419.00	334.52	0.0029893	294.31	419.56	1.9462	1.8703	3.3151	1032.8	-0.024638	4.7255e-05	0.12172	supercritical
221.00	419.00	333.42	0.0029992	297.21	422.88	1.9613	1.8695	3.3161	1028.5	-0.024224	4.6910e-05	0.12109	supercritical
222.00	419.00	332.31	0.0030092	300.11	426.20	1.9762	1.8686	3.3170	1024.3	-0.023807	4.6569e-05	0.12047	supercritical
223.00	419.00	331.21	0.0030192	303.01	429.51	1.9911	1.8678	3.3180	1020.1	-0.023388	4.6234e-05	0.11986	supercritical
224.00	419.00	330.11	0.0030293	305.90	432.83	2.0060	1.8671	3.3189	1016.0	-0.022967	4.5903e-05	0.11925	supercritical
225.00	419.00	329.00	0.0030395	308.80	436.15	2.0208	1.8663	3.3198	1011.9	-0.022543	4.5577e-05	0.11865	supercritical
226.00	419.00	327.90	0.0030497	311.69	439.47	2.0355	1.8656	3.3207	1007.8	-0.022117	4.5255e-05	0.11805	supercritical
227.00	419.00	326.80	0.0030600	314.58	442.79	2.0502	1.8649	3.3216	1003.7	-0.021688	4.4938e-05	0.11746	supercritical
228.00	419.00	325.70	0.0030703	317.47	446.11	2.0648	1.8643	3.3225	999.71	-0.021257	4.4625e-05	0.11688	supercritical
229.00	419.00	324.60	0.0030807	320.36	449.44	2.0793	1.8637	3.3233	995.72	-0.020824	4.4316e-05	0.11631	supercritical
230.00	419.00	323.50	0.0030912	323.24	452.76	2.0938	1.8631	3.3242	991.77	-0.020388	4.4012e-05	0.11573	supercritical
231.00	419.00	322.40	0.0031017	326.12	456.09	2.1082	1.8626	3.3250	987.85	-0.019951	4.3712e-05	0.11517	supercritical
232.00	419.00	321.31	0.0031123	329.01	459.41	2.1226	1.8620	3.3258	983.96	-0.019512	4.3415e-05	0.11461	supercritical
233.00	419.00	320.21	0.0031229	331.89	462.74	2.1369	1.8616	3.3266	980.11	-0.019070	4.3123e-05	0.11406	supercritical
234.00	419.00	319.12	0.0031336	334.76	466.06	2.1511	1.8611	3.3273	976.28	-0.018627	4.2835e-05	0.11351	supercritical
235.00	419.00	318.02	0.0031444	337.64	469.39	2.1653	1.8607	3.3280	972.50	-0.018183	4.2551e-05	0.11297	supercritical
236.00	419.00	316.93	0.0031553	340.52	472.72	2.1795	1.8603	3.3287	968.74	-0.017736	4.2271e-05	0.11244	supercritical
237.00	419.00	315.84	0.0031662	343.39	476.05	2.1935	1.8599	3.3294	965.02	-0.017288	4.1994e-05	0.11191	supercritical
238.00	419.00	314.75	0.0031771	346.26	479.38	2.2075	1.8596	3.3301	961.33	-0.016839	4.1722e-05	0.11138	supercritical
239.00	419.00	313.66	0.0031881	349.13	482.71	2.2215	1.8593	3.3307	957.67	-0.016388	4.1453e-05	0.11087	supercritical
240.00	419.00	312.58	0.0031992	351.99	486.04	2.2354	1.8590	3.3313	954.05	-0.015935	4.1187e-05	0.11036	supercritical
241.00	419.00	311.49	0.0032104	354.86	489.37	2.2493	1.8588	3.3319	950.46	-0.015482	4.0925e-05	0.10985	supercritical
242.00	419.00	310.41	0.0032216	357.72	492.70	2.2631	1.8586	3.3325	946.90	-0.015027	4.0667e-05	0.10935	supercritical
243.00	419.00	309.32	0.0032329	360.58	496.04	2.2768	1.8584	3.3330	943.38	-0.014571	4.0412e-05	0.10886	supercritical
244.00	419.00	308.24	0.0032442	363.44	499.37	2.2905	1.8583	3.3335	939.89	-0.014114	4.0160e-05	0.10837	supercritical
245.00	419.00	307.16	0.0032556	366.29	502.70	2.3041	1.8582	3.3340	936.44	-0.013657	3.9912e-05	0.10789	supercritical
246.00	419.00	306.09	0.0032671	369.15	506.04	2.3177	1.8581	3.3345	933.02	-0.013198	3.9668e-05	0.10741	supercritical
247.00	419.00	305.01	0.0032786	372.00	509.37	2.3312	1.8580	3.3349	929.63	-0.012739	3.9426e-05	0.10694	supercritical
248.00	419.00	303.94	0.0032902	374.85	512.71	2.3447	1.8580	3.3353	926.28	-0.012279	3.9188e-05	0.10648	supercritical
249.00	419.00	302.86	0.0033018	377.70	516.04	2.3581	1.8580	3.3357	922.96	-0.011819	3.8953e-05	0.10602	supercritical
250.00	419.00	301.79	0.0033135	380.54	519.38	2.3715	1.8580	3.3360	919.67	-0.011358	3.8721e-05	0.10557	supercritical
251.00	419.00	300.73	0.0033253	383.39	522.72	2.3848	1.8581	3.3363	916.41	-0.010897	3.8492e-05	0.10512	supercritical
252.00	419.00	299.66	0.0033371	386.23	526.05	2.3981	1.8582	3.3366	913.19	-0.010436	3.8266e-05	0.10468	supercritical
253.00	419.00	298.60	0.0033490	389.07	529.39	2.4113	1.8583	3.3368	910.01	-0.0099748	3.8043e-05	0.10424	supercritical
254.00	419.00	297.53	0.0033610	391.90	532.73	2.4245	1.8585	3.3371	906.86	-0.0095134	3.7823e-05	0.10381	supercritical
255.00	419.00	296.47	0.0033730	394.74	536.06	2.4376	1.8586	3.3372	903.74	-0.0090521	3.7606e-05	0.10338	supercritical
256.00	419.00	295.42	0.0033850	397.57	539.40	2.4507	1.8588	3.3374	900.65	-0.0085910	3.7392e-05	0.10296	supercritical
257.00	419.00	294.36	0.0033972	400.40	542.74	2.4637	1.8591	3.3375	897.60	-0.0081301	3.7181e-05	0.10255	supercritical
258.00	419.00	293.31	0.0034094	403.22	546.08	2.4766	1.8594	3.3376	894.58	-0.0076696	3.6973e-05	0.10214	supercritical
259.00	419.00	292.26	0.0034216	406.05	549.41	2.4895	1.8597	3.3377	891.59	-0.0072096	3.6767e-05	0.10174	supercritical
260.00	419.00	291.21	0.0034339	408.87	552.75	2.5024	1.8600	3.3377	888.64	-0.0067502	3.6564e-05	0.10134	supercritical
261.00	419.00	290.17	0.0034463	411.69	556.09	2.5152	1.8603	3.3377	885.72	-0.0062915	3.6364e-05	0.10095	supercritical
262.00	419.00	289.12	0.0034587	414.51	559.43	2.5280	1.8607	3.3377	882.83	-0.0058335	3.6166e-05	0.10056	supercritical
263.00	419.00	288.08	0.0034712	417.32	562.76	2.5407	1.8611	3.3376	879.98	-0.0053764	3.5971e-05	0.10018	supercritical
264.00	419.00	287.05	0.0034838	420.13	566.10	2.5534	1.8616	3.3375	877.16	-0.0049202	3.5779e-05	0.099799	supercritical
265.00	419.00	286.01	0.0034964	422.94	569.44	2.5660	1.8620	3.3374	874.37	-0.0044652	3.5589e-05	0.099427	supercritical
266.00	419.00	284.98	0.0035090	425.75	572.78	2.5785	1.8625	3.3372	871.62	-0.0040113	3.5402e-05	0.099060	supercritical
267.00	419.00	283.95	0.0035217	428.55	576.11	2.5911	1.8630	3.3370	868.89	-0.0035586	3.5217e-05	0.098699	supercritical
268.00	419.00	282.92	0.0035345	431.35	579.45	2.6035	1.8636	3.3368	866.20	-0.0031074	3.5035e-05	0.098342	supercritical
269.00	419.00	281.90	0.0035473	434.15	582.79	2.6160	1.8642	3.3365	863.54	-0.0026576	3.4855e-05	0.097991	supercritical
270.00	419.00	280.88	0.0035602	436.95	586.12	2.6283	1.8648	3.3362	860.92	-0.0022094	3.4678e-05	0.097644	supercritical
271.00	419.00	279.86	0.0035732	439.74	589.46	2.6407	1.8654	3.3359	858.32	-0.0017629	3.4503e-05	0.097303	supercritical
272.00	419.00	278.85	0.0035862	442.53	592.80	2.6530	1.8660	3.3356	855.76	-0.0013181	3.4330e-05	0.096967	supercritical
273.00	419.00	277.84	0.0035992	445.32	596.13	2.6652	1.8667	3.3352	853.23	-0.00087513	3.4160e-05	0.096635	supercritical
274.00	419.00	276.83	0.0036123	448.11	599.47	2.6774	1.8674	3.3348	850.73	-0.00043414	3.3992e-05	0.096308	supercritical
275.00	419.00	275.83	0.0036255	450.89	602.80	2.6895	1.8682	3.3343	848.27	4.8087e-06	3.3826e-05	0.095987	supercritical
276.00	419.00	274.82	0.0036387	453.67	606.13	2.7017	1.8689	3.3338	845.83	0.00044162	3.3662e-05	0.095670	supercritical
277.00	419.00	273.83	0.0036520	456.45	609.47	2.7137	1.8697	3.3333	843.43	0.00087620	3.3501e-05	0.095358	supercritical
278.00	419.00	272.83	0.0036653	459.23	612.80	2.7257	1.8705	3.3328	841.05	0.0013085	3.3341e-05	0.095050	supercritical
279.00	419.00	271.84	0.0036786	462.00	616.13	2.7377	1.8714	3.3322	838.71	0.0017383	3.3184e-05	0.094747	supercritical
280.00	419.00	270.85	0.0036921	464.77	619.47	2.7496	1.8722	3.3316	836.40	0.0021657	3.3029e-05	0.094449	supercritical
281.00	419.00	269.87	0.0037055	467.53	622.80	2.7615	1.8731	3.3310	834.12	0.0025905	3.2876e-05	0.094156	supercritical
282.00	419.00	268.89	0.0037190	470.30	626.13	2.7733	1.8740	3.3304	831.86	0.0030126	3.2725e-05	0.093867	supercritical
283.00	419.00	267.91	0.0037326	473.06	629.46	2.7851	1.8750	3.3297	829.64	0.0034319	3.2577e-05	0.093583	supercritical
284.00	419.00	266.93	0.0037462	475.82	632.79	2.7968	1.8759	3.3290	827.45	0.0038485	3.2430e-05	0.093303	supercritical
285.00	419.00	265.96	0.0037599	478.58	636.12	2.8085	1.8769	3.3283	825.29	0.0042621	3.2285e-05	0.093028	supercritical
286.00	419.00	265.00	0.0037736	481.33	639.44	2.8202	1.8779	3.3275	823.16	0.0046727	3.2142e-05	0.092757	supercritical
287.00	419.00	264.04	0.0037874	484.08	642.77	2.8318	1.8790	3.3267	821.05	0.0050802	3.2001e-05	0.092490	supercritical
288.00	419.00	263.08	0.0038012	486.83	646.10	2.8434	1.8800	3.3259	818.98	0.0054846	3.1862e-05	0.092228	supercritical
289.00	419.00	262.12	0.0038150	489.57	649.42	2.8549	1.8811	3.3251	816.94	0.0058858	3.1725e-05	0.091970	supercritical
290.00	419.00	261.17	0.0038289	492.31	652.75	2.8664	1.8822	3.3242	814.92	0.0062837	3.1590e-05	0.091717	supercritical
291.00	419.00	260.22	0.0038429	495.05	656.07	2.8778	1.8834	3.3233	812.93	0.0066782	3.1457e-05	0.091468	supercritical
292.00	419.00	259.28	0.0038569	497.79	659.39	2.8892	1.8845	3.3224	810.97	0.0070692	3.1325e-05	0.091223	supercritical
293.00	419.00	258.34	0.0038709	500.52	662.72	2.9006	1.8857	3.3215	809.04	0.0074568	3.1196e-05	0.090982	supercritical
294.00	419.00	257.40	0.0038850	503.26	666.04	2.9119	1.8869	3.3206	807.14	0.0078407	3.1068e-05	0.090745	supercritical
295.00	419.00	256.47	0.0038991	505.98	669.36	2.9232	1.8882	3.3196	805.26	0.0082211	3.0941e-05	0.090512	supercritical
296.00	419.00	255.54	0.0039133	508.71	672.68	2.9344	1.8894	3.3186	803.41	0.0085977	3.0817e-05	0.090284	supercritical
297.00	419.00	254.62	0.0039275	511.43	675.99	2.9456	1.8907	3.3176	801.59	0.0089706	3.0694e-05	0.090059	supercritical
298.00	419.00	253.70	0.0039417	514.15	679.31	2.9568	1.8920	3.3166	799.80	0.0093397	3.0573e-05	0.089839	supercritical
299.00	419.00	252.78	0.0039560	516.87	682.63	2.9679	1.8933	3.3155	798.03	0.0097049	3.0454e-05	0.089622	supercritical
300.00	419.00	251.87	0.0039703	519.58	685.94	2.9789	1.8947	3.3145	796.29	0.010066	3.0336e-05	0.089409	supercritical
301.00	419.00	250.96	0.0039847	522.30	689.26	2.9900	1.8960	3.3134	794.58	0.010423	3.0220e-05	0.089200	supercritical
302.00	419.00	250.06	0.0039991	525.01	692.57	3.0009	1.8974	3.3123	792.89	0.010777	3.0106e-05	0.088995	supercritical
303.00	419.00	249.16	0.0040136	527.71	695.88	3.0119	1.8989	3.3112	791.23	0.011126	2.9993e-05	0.088794	supercritical
304.00	419.00	248.26	0.0040280	530.42	699.19	3.0228	1.9003	3.3101	789.59	0.011471	2.9882e-05	0.088596	supercritical
305.00	419.00	247.37	0.0040425	533.12	702.50	3.0337	1.9018	3.3089	787.98	0.011812	2.9772e-05	0.088402	supercritical
306.00	419.00	246.48	0.0040571	535.82	705.81	3.0445	1.9032	3.3078	786.39	0.012149	2.9664e-05	0.088212	supercritical
307.00	419.00	245.60	0.0040717	538.51	709.12	3.0553	1.9047	3.3066	784.83	0.012481	2.9557e-05	0.088026	supercritical
308.00	419.00	244.72	0.0040863	541.21	712.42	3.0660	1.9063	3.3055	783.29	0.012809	2.9452e-05	0.087843	supercritical
309.00	419.00	243.84	0.0041010	543.90	715.73	3.0768	1.9078	3.3043	781.78	0.013133	2.9349e-05	0.087663	supercritical
310.00	419.00	242.97	0.0041157	546.58	719.03	3.0874	1.9094	3.3031	780.29	0.013453	2.9246e-05	0.087488	supercritical
311.00	419.00	242.11	0.0041304	549.27	722.33	3.0981	1.9110	3.3019	778.82	0.013768	2.9146e-05	0.087315	supercritical
312.00	419.00	241.25	0.0041452	551.95	725.63	3.1087	1.9126	3.3007	777.38	0.014079	2.9046e-05	0.087146	supercritical
313.00	419.00	240.39	0.0041599	554.63	728.93	3.1192	1.9142	3.2994	775.96	0.014385	2.8949e-05	0.086981	supercritical
314.00	419.00	239.53	0.0041748	557.31	732.23	3.1297	1.9159	3.2982	774.57	0.014687	2.8852e-05	0.086819	supercritical
315.00	419.00	238.68	0.0041896	559.99	735.53	3.1402	1.9175	3.2970	773.19	0.014984	2.8757e-05	0.086660	supercritical
316.00	419.00	237.84	0.0042045	562.66	738.83	3.1507	1.9192	3.2958	771.85	0.015277	2.8663e-05	0.086504	supercritical
317.00	419.00	237.00	0.0042194	565.33	742.12	3.1611	1.9209	3.2945	770.52	0.015565	2.8571e-05	0.086352	supercritical
318.00	419.00	236.16	0.0042344	568.00	745.42	3.1715	1.9227	3.2933	769.21	0.015849	2.8480e-05	0.086203	supercritical
319.00	419.00	235.33	0.0042493	570.66	748.71	3.1818	1.9244	3.2920	767.93	0.016128	2.8390e-05	0.086058	supercritical
320.00	419.00	234.50	0.0042643	573.32	752.00	3.1921	1.9262	3.2908	766.67	0.016403	2.8301e-05	0.085915	supercritical
321.00	419.00	233.68	0.0042794	575.99	755.29	3.2024	1.9280	3.2895	765.43	0.016673	2.8214e-05	0.085776	supercritical
322.00	419.00	232.86	0.0042944	578.64	758.58	3.2126	1.9298	3.2882	764.21	0.016938	2.8128e-05	0.085639	supercritical
323.00	419.00	232.05	0.0043095	581.30	761.87	3.2228	1.9316	3.2870	763.01	0.017199	2.8044e-05	0.085506	supercritical
324.00	419.00	231.24	0.0043246	583.95	765.15	3.2330	1.9335	3.2857	761.83	0.017456	2.7960e-05	0.085376	supercritical
325.00	419.00	230.43	0.0043397	586.60	768.44	3.2431	1.9354	3.2845	760.68	0.017707	2.7878e-05	0.085249	supercritical
326.00	419.00	229.63	0.0043549	589.25	771.72	3.2532	1.9372	3.2832	759.54	0.017954	2.7797e-05	0.085124	supercritical
327.00	419.00	228.83	0.0043701	591.90	775.00	3.2632	1.9392	3.2820	758.42	0.018197	2.7717e-05	0.085003	supercritical
328.00	419.00	228.04	0.0043853	594.54	778.29	3.2732	1.9411	3.2807	757.33	0.018435	2.7638e-05	0.084885	supercritical
329.00	419.00	227.25	0.0044005	597.19	781.57	3.2832	1.9430	3.2795	756.25	0.018668	2.7561e-05	0.084769	supercritical
330.00	419.00	226.46	0.0044157	599.83	784.85	3.2932	1.9450	3.2782	755.19	0.018897	2.7484e-05	0.084657	supercritical
331.00	419.00	225.68	0.0044310	602.46	788.12	3.3031	1.9470	3.2770	754.15	0.019121	2.7409e-05	0.084547	supercritical
332.00	419.00	224.91	0.0044463	605.10	791.40	3.3130	1.9490	3.2758	753.13	0.019340	2.7335e-05	0.084440	supercritical
333.00	419.00	224.13	0.0044616	607.73	794.67	3.3228	1.9510	3.2746	752.13	0.019555	2.7262e-05	0.084336	supercritical
334.00	419.00	223.37	0.0044769	610.36	797.95	3.3326	1.9530	3.2733	751.15	0.019765	2.7190e-05	0.084234	supercritical
335.00	419.00	222.60	0.0044923	612.99	801.22	3.3424	1.9551	3.2721	750.18	0.019971	2.7119e-05	0.084135	supercritical
336.00	419.00	221.84	0.0045077	615.62	804.49	3.3522	1.9572	3.2709	749.24	0.020172	2.7049e-05	0.084039	supercritical
337.00	419.00	221.09	0.0045230	618.25	807.76	3.3619	1.9593	3.2697	748.31	0.020369	2.6981e-05	0.083946	supercritical
338.00	419.00	220.34	0.0045385	620.87	811.03	3.3716	1.9614	3.2686	747.39	0.020561	2.6913e-05	0.083855	supercritical
339.00	419.00	219.59	0.0045539	623.49	814.30	3.3812	1.9635	3.2674	746.50	0.020749	2.6846e-05	0.083766	supercritical
340.00	419.00	218.85	0.0045693	626.11	817.57	3.3909	1.9657	3.2662	745.62	0.020932	2.6780e-05	0.083681	supercritical
341.00	419.00	218.11	0.0045848	628.73	820.83	3.4005	1.9678	3.2651	744.76	0.021111	2.6716e-05	0.083597	supercritical
342.00	419.00	217.38	0.0046003	631.35	824.10	3.4100	1.9700	3.2639	743.92	0.021285	2.6652e-05	0.083517	supercritical
343.00	419.00	216.65	0.0046157	633.96	827.36	3.4195	1.9722	3.2628	743.09	0.021455	2.6589e-05	0.083438	supercritical
344.00	419.00	215.92	0.0046312	636.57	830.62	3.4290	1.9744	3.2617	742.28	0.021621	2.6527e-05	0.083363	supercritical
345.00	419.00	215.20	0.0046468	639.18	833.88	3.4385	1.9766	3.2606	741.48	0.021782	2.6466e-05	0.083289	supercritical
346.00	419.00	214.49	0.0046623	641.79	837.14	3.4479	1.9789	3.2595	740.70	0.021939	2.6406e-05	0.083218	supercritical
347.00	419.00	213.77	0.0046778	644.40	840.40	3.4573	1.9811	3.2584	739.93	0.022091	2.6347e-05	0.083150	supercritical
348.00	419.00	213.06	0.0046934	647.01	843.66	3.4667	1.9834	3.2574	739.18	0.022239	2.6289e-05	0.083084	supercritical
349.00	419.00	212.36	0.0047090	649.61	846.92	3.4761	1.9857	3.2563	738.45	0.022383	2.6232e-05	0.083020	supercritical
350.00	419.00	211.66	0.0047246	652.21	850.17	3.4854	1.9880	3.2553	737.73	0.022523	2.6175e-05	0.082958	supercritical
351.00	419.00	210.96	0.0047402	654.81	853.43	3.4947	1.9903	3.2543	737.03	0.022659	2.6120e-05	0.082899	supercritical
352.00	419.00	210.27	0.0047558	657.41	856.68	3.5039	1.9927	3.2533	736.34	0.022790	2.6065e-05	0.082842	supercritical
353.00	419.00	209.58	0.0047714	660.01	859.93	3.5132	1.9950	3.2523	735.66	0.022917	2.6012e-05	0.082787	supercritical
354.00	419.00	208.90	0.0047870	662.61	863.19	3.5224	1.9974	3.2513	735.00	0.023040	2.5959e-05	0.082735	supercritical
355.00	419.00	208.22	0.0048027	665.20	866.44	3.5315	1.9998	3.2504	734.35	0.023159	2.5906e-05	0.082684	supercritical
356.00	419.00	207.54	0.0048183	667.80	869.69	3.5407	2.0022	3.2494	733.72	0.023274	2.5855e-05	0.082636	supercritical
357.00	419.00	206.87	0.0048340	670.39	872.94	3.5498	2.0046	3.2485	733.10	0.023385	2.5805e-05	0.082590	supercritical
358.00	419.00	206.20	0.0048497	672.98	876.18	3.5589	2.0071	3.2476	732.49	0.023492	2.5755e-05	0.082546	supercritical
359.00	419.00	205.53	0.0048654	675.57	879.43	3.5679	2.0095	3.2467	731.90	0.023595	2.5706e-05	0.082504	supercritical
360.00	419.00	204.87	0.0048810	678.16	882.68	3.5769	2.0120	3.2459	731.31	0.023694	2.5658e-05	0.082465	supercritical
361.00	419.00	204.22	0.0048967	680.75	885.92	3.5860	2.0144	3.2450	730.75	0.023789	2.5611e-05	0.082427	supercritical
362.00	419.00	203.56	0.0049125	683.34	889.17	3.5949	2.0169	3.2442	730.19	0.023881	2.5564e-05	0.082391	supercritical
363.00	419.00	202.92	0.0049282	685.92	892.41	3.6039	2.0194	3.2434	729.65	0.023968	2.5518e-05	0.082358	supercritical
364.00	419.00	202.27	0.0049439	688.51	895.65	3.6128	2.0220	3.2426	729.12	0.024052	2.5473e-05	0.082326	supercritical
365.00	419.00	201.63	0.0049596	691.09	898.90	3.6217	2.0245	3.2419	728.60	0.024133	2.5429e-05	0.082296	supercritical
366.00	419.00	200.99	0.0049754	693.67	902.14	3.6306	2.0270	3.2411	728.09	0.024209	2.5385e-05	0.082269	supercritical
367.00	419.00	200.36	0.0049911	696.25	905.38	3.6394	2.0296	3.2404	727.60	0.024282	2.5342e-05	0.082243	supercritical
368.00	419.00	199.73	0.0050068	698.83	908.62	3.6482	2.0322	3.2397	727.12	0.024351	2.5300e-05	0.082219	supercritical
369.00	419.00	199.10	0.0050226	701.41	911.86	3.6570	2.0348	3.2391	726.64	0.024417	2.5258e-05	0.082197	supercritical
370.00	419.00	198.48	0.0050383	703.99	915.10	3.6658	2.0374	3.2384	726.18	0.024479	2.5217e-05	0.082177	supercritical
371.00	419.00	197.86	0.0050541	706.57	918.34	3.6745	2.0400	3.2378	725.74	0.024538	2.5177e-05	0.082159	supercritical
372.00	419.00	197.24	0.0050699	709.14	921.57	3.6832	2.0426	3.2372	725.30	0.024593	2.5137e-05	0.082142	supercritical
373.00	419.00	196.63	0.0050856	711.72	924.81	3.6919	2.0453	3.2366	724.87	0.024645	2.5099e-05	0.082128	supercritical
374.00	419.00	196.02	0.0051014	714.30	928.05	3.7006	2.0479	3.2360	724.46	0.024693	2.5060e-05	0.082115	supercritical
375.00	419.00	195.42	0.0051172	716.87	931.28	3.7092	2.0506	3.2355	724.05	0.024739	2.5023e-05	0.082104	supercritical
376.00	419.00	194.82	0.0051330	719.44	934.52	3.7178	2.0533	3.2349	723.65	0.024780	2.4986e-05	0.082095	supercritical
377.00	419.00	194.22	0.0051488	722.02	937.75	3.7264	2.0559	3.2344	723.27	0.024819	2.4949e-05	0.082088	supercritical
378.00	419.00	193.63	0.0051646	724.59	940.99	3.7350	2.0586	3.2339	722.90	0.024855	2.4914e-05	0.082082	supercritical
379.00	419.00	193.04	0.0051803	727.16	944.22	3.7435	2.0614	3.2335	722.53	0.024887	2.4879e-05	0.082078	supercritical
380.00	419.00	192.45	0.0051961	729.73	947.45	3.7521	2.0641	3.2331	722.18	0.024916	2.4844e-05	0.082076	supercritical
381.00	419.00	191.87	0.0052119	732.31	950.69	3.7606	2.0668	3.2327	721.83	0.024942	2.4810e-05	0.082076	supercritical
382.00	419.00	191.29	0.0052277	734.88	953.92	3.7690	2.0696	3.2323	721.50	0.024966	2.4777e-05	0.082077	supercritical
383.00	419.00	190.71	0.0052435	737.45	957.15	3.7775	2.0723	3.2319	721.17	0.024986	2.4744e-05	0.082080	supercritical
384.00	419.00	190.14	0.0052593	740.02	960.38	3.7859	2.0751	3.2316	720.85	0.025003	2.4712e-05	0.082084	supercritical
385.00	419.00	189.57	0.0052751	742.59	963.61	3.7943	2.0779	3.2312	720.54	0.025017	2.4680e-05	0.082090	supercritical
386.00	419.00	189.00	0.0052909	745.15	966.84	3.8027	2.0807	3.2310	720.25	0.025029	2.4649e-05	0.082098	supercritical
387.00	419.00	188.44	0.0053067	747.72	970.08	3.8111	2.0835	3.2307	719.96	0.025037	2.4619e-05	0.082107	supercritical
388.00	419.00	187.88	0.0053225	750.29	973.31	3.8194	2.0863	3.2304	719.68	0.025043	2.4589e-05	0.082118	supercritical
389.00	419.00	187.32	0.0053383	752.86	976.54	3.8277	2.0892	3.2302	719.40	0.025046	2.4559e-05	0.082131	supercritical
390.00	419.00	186.77	0.0053541	755.43	979.77	3.8360	2.0920	3.2300	719.14	0.025047	2.4530e-05	0.082145	supercritical
391.00	419.00	186.22	0.0053699	758.00	983.00	3.8443	2.0949	3.2298	718.88	0.025044	2.4502e-05	0.082160	supercritical
392.00	419.00	185.68	0.0053857	760.56	986.23	3.8525	2.0977	3.2297	718.64	0.025039	2.4474e-05	0.082177	supercritical
393.00	419.00	185.13	0.0054016	763.13	989.46	3.8607	2.1006	3.2296	718.40	0.025032	2.4447e-05	0.082196	supercritical
394.00	419.00	184.59	0.0054174	765.70	992.68	3.8690	2.1035	3.2295	718.17	0.025022	2.4420e-05	0.082216	supercritical
395.00	419.00	184.06	0.0054332	768.27	995.91	3.8771	2.1064	3.2294	717.95	0.025009	2.4393e-05	0.082238	supercritical
396.00	419.00	183.52	0.0054490	770.83	999.14	3.8853	2.1093	3.2293	717.73	0.024994	2.4368e-05	0.082261	supercritical
397.00	419.00	182.99	0.0054647	773.40	1002.4	3.8935	2.1122	3.2293	717.52	0.024977	2.4342e-05	0.082285	supercritical
398.00	419.00	182.46	0.0054805	775.97	1005.6	3.9016	2.1151	3.2293	717.32	0.024957	2.4317e-05	0.082311	supercritical
399.00	419.00	181.94	0.0054963	778.54	1008.8	3.9097	2.1181	3.2293	717.13	0.024935	2.4293e-05	0.082339	supercritical
400.00	419.00	181.42	0.0055121	781.10	1012.1	3.9178	2.1210	3.2293	716.95	0.024911	2.4269e-05	0.082368	supercritical
401.00	419.00	180.90	0.0055279	783.67	1015.3	3.9258	2.1240	3.2294	716.77	0.024884	2.4245e-05	0.082398	supercritical
402.00	419.00	180.38	0.0055437	786.24	1018.5	3.9339	2.1269	3.2295	716.60	0.024855	2.4222e-05	0.082430	supercritical
403.00	419.00	179.87	0.0055595	788.81	1021.7	3.9419	2.1299	3.2296	716.44	0.024824	2.4200e-05	0.082463	supercritical
404.00	419.00	179.36	0.0055753	791.37	1025.0	3.9499	2.1329	3.2297	716.28	0.024791	2.4177e-05	0.082497	supercritical
405.00	419.00	178.86	0.0055911	793.94	1028.2	3.9579	2.1359	3.2299	716.13	0.024756	2.4156e-05	0.082533	supercritical
406.00	419.00	178.35	0.0056068	796.51	1031.4	3.9658	2.1389	3.2301	715.99	0.024718	2.4134e-05	0.082570	supercritical
407.00	419.00	177.85	0.0056226	799.08	1034.7	3.9738	2.1419	3.2303	715.86	0.024679	2.4113e-05	0.082608	supercritical
408.00	419.00	177.36	0.0056384	801.65	1037.9	3.9817	2.1449	3.2305	715.73	0.024637	2.4093e-05	0.082648	supercritical
409.00	419.00	176.86	0.0056542	804.22	1041.1	3.9896	2.1479	3.2307	715.60	0.024594	2.4073e-05	0.082689	supercritical
410.00	419.00	176.37	0.0056699	806.79	1044.4	3.9975	2.1510	3.2310	715.49	0.024548	2.4053e-05	0.082732	supercritical
411.00	419.00	175.88	0.0056857	809.36	1047.6	4.0054	2.1540	3.2313	715.38	0.024501	2.4034e-05	0.082775	supercritical
412.00	419.00	175.39	0.0057014	811.93	1050.8	4.0132	2.1571	3.2316	715.28	0.024452	2.4015e-05	0.082820	supercritical
413.00	419.00	174.91	0.0057172	814.50	1054.1	4.0211	2.1601	3.2320	715.18	0.024401	2.3997e-05	0.082866	supercritical
414.00	419.00	174.43	0.0057329	817.08	1057.3	4.0289	2.1632	3.2323	715.09	0.024348	2.3979e-05	0.082914	supercritical
415.00	419.00	173.95	0.0057487	819.65	1060.5	4.0367	2.1663	3.2327	715.00	0.024294	2.3961e-05	0.082963	supercritical
416.00	419.00	173.48	0.0057644	822.22	1063.8	4.0445	2.1694	3.2331	714.92	0.024237	2.3944e-05	0.083013	supercritical
417.00	419.00	173.01	0.0057802	824.80	1067.0	4.0522	2.1725	3.2336	714.85	0.024179	2.3927e-05	0.083064	supercritical
418.00	419.00	172.54	0.0057959	827.37	1070.2	4.0600	2.1756	3.2340	714.78	0.024120	2.3910e-05	0.083116	supercritical
419.00	419.00	172.07	0.0058116	829.95	1073.5	4.0677	2.1787	3.2345	714.72	0.024059	2.3894e-05	0.083170	supercritical
420.00	419.00	171.60	0.0058274	832.52	1076.7	4.0754	2.1818	3.2350	714.66	0.023996	2.3878e-05	0.083225	supercritical
421.00	419.00	171.14	0.0058431	835.10	1079.9	4.0831	2.1849	3.2355	714.61	0.023931	2.3863e-05	0.083281	supercritical
422.00	419.00	170.68	0.0058588	837.68	1083.2	4.0908	2.1880	3.2361	714.57	0.023865	2.3848e-05	0.083338	supercritical
423.00	419.00	170.23	0.0058745	840.25	1086.4	4.0985	2.1912	3.2366	714.53	0.023798	2.3833e-05	0.083396	supercritical
424.00	419.00	169.77	0.0058902	842.83	1089.6	4.1061	2.1943	3.2372	714.49	0.023729	2.3818e-05	0.083455	supercritical
425.00	419.00	169.32	0.0059059	845.41	1092.9	4.1137	2.1975	3.2378	714.46	0.023659	2.3804e-05	0.083516	supercritical
426.00	419.00	168.87	0.0059216	847.99	1096.1	4.1213	2.2006	3.2384	714.44	0.023587	2.3791e-05	0.083578	supercritical
427.00	419.00	168.43	0.0059373	850.57	1099.3	4.1289	2.2038	3.2391	714.42	0.023514	2.3777e-05	0.083641	supercritical
428.00	419.00	167.98	0.0059530	853.16	1102.6	4.1365	2.2070	3.2398	714.40	0.023439	2.3764e-05	0.083705	supercritical
429.00	419.00	167.54	0.0059687	855.74	1105.8	4.1441	2.2102	3.2405	714.39	0.023364	2.3751e-05	0.083770	supercritical
430.00	419.00	167.10	0.0059843	858.32	1109.1	4.1516	2.2133	3.2412	714.39	0.023286	2.3739e-05	0.083836	supercritical
431.00	419.00	166.67	0.0060000	860.91	1112.3	4.1591	2.2165	3.2419	714.39	0.023208	2.3727e-05	0.083903	supercritical
432.00	419.00	166.23	0.0060157	863.49	1115.6	4.1667	2.2197	3.2427	714.39	0.023128	2.3715e-05	0.083972	supercritical
433.00	419.00	165.80	0.0060313	866.08	1118.8	4.1742	2.2230	3.2434	714.40	0.023048	2.3704e-05	0.084041	supercritical
434.00	419.00	165.37	0.0060470	868.67	1122.0	4.1816	2.2262	3.2442	714.42	0.022966	2.3692e-05	0.084112	supercritical
435.00	419.00	164.94	0.0060626	871.26	1125.3	4.1891	2.2294	3.2451	714.43	0.022882	2.3681e-05	0.084183	supercritical
436.00	419.00	164.52	0.0060783	873.85	1128.5	4.1966	2.2326	3.2459	714.46	0.022798	2.3671e-05	0.084256	supercritical
437.00	419.00	164.10	0.0060939	876.44	1131.8	4.2040	2.2358	3.2468	714.48	0.022713	2.3661e-05	0.084329	supercritical
438.00	419.00	163.68	0.0061095	879.03	1135.0	4.2114	2.2391	3.2476	714.51	0.022626	2.3651e-05	0.084404	supercritical
439.00	419.00	163.26	0.0061252	881.63	1138.3	4.2188	2.2423	3.2485	714.55	0.022539	2.3641e-05	0.084480	supercritical
440.00	419.00	162.85	0.0061408	884.22	1141.5	4.2262	2.2456	3.2495	714.59	0.022450	2.3631e-05	0.084556	supercritical
441.00	419.00	162.43	0.0061564	886.82	1144.8	4.2336	2.2488	3.2504	714.63	0.022361	2.3622e-05	0.084634	supercritical
442.00	419.00	162.02	0.0061720	889.41	1148.0	4.2410	2.2521	3.2513	714.68	0.022270	2.3613e-05	0.084713	supercritical
443.00	419.00	161.61	0.0061876	892.01	1151.3	4.2483	2.2554	3.2523	714.73	0.022178	2.3605e-05	0.084792	supercritical
444.00	419.00	161.21	0.0062032	894.61	1154.5	4.2556	2.2586	3.2533	714.79	0.022086	2.3596e-05	0.084873	supercritical
445.00	419.00	160.80	0.0062188	897.21	1157.8	4.2630	2.2619	3.2543	714.85	0.021993	2.3588e-05	0.084955	supercritical
446.00	419.00	160.40	0.0062344	899.81	1161.0	4.2703	2.2652	3.2554	714.91	0.021898	2.3580e-05	0.085037	supercritical
447.00	419.00	160.00	0.0062499	902.42	1164.3	4.2776	2.2685	3.2564	714.98	0.021803	2.3573e-05	0.085121	supercritical
448.00	419.00	159.60	0.0062655	905.02	1167.5	4.2848	2.2718	3.2575	715.05	0.021707	2.3566e-05	0.085205	supercritical
449.00	419.00	159.21	0.0062811	907.63	1170.8	4.2921	2.2751	3.2586	715.13	0.021611	2.3559e-05	0.085291	supercritical
450.00	419.00	158.82	0.0062966	910.24	1174.1	4.2994	2.2784	3.2597	715.21	0.021513	2.3552e-05	0.085377	supercritical
451.00	419.00	158.42	0.0063122	912.84	1177.3	4.3066	2.2817	3.2608	715.29	0.021415	2.3545e-05	0.085464	supercritical
452.00	419.00	158.04	0.0063277	915.45	1180.6	4.3138	2.2850	3.2620	715.37	0.021315	2.3539e-05	0.085552	supercritical
453.00	419.00	157.65	0.0063432	918.07	1183.8	4.3210	2.2883	3.2631	715.46	0.021216	2.3533e-05	0.085642	supercritical
454.00	419.00	157.26	0.0063588	920.68	1187.1	4.3282	2.2916	3.2643	715.56	0.021115	2.3527e-05	0.085732	supercritical
455.00	419.00	156.88	0.0063743	923.29	1190.4	4.3354	2.2950	3.2655	715.65	0.021014	2.3521e-05	0.085822	supercritical
456.00	419.00	156.50	0.0063898	925.91	1193.6	4.3426	2.2983	3.2667	715.75	0.020912	2.3516e-05	0.085914	supercritical
457.00	419.00	156.12	0.0064053	928.53	1196.9	4.3497	2.3016	3.2680	715.86	0.020809	2.3511e-05	0.086007	supercritical
458.00	419.00	155.74	0.0064208	931.15	1200.2	4.3569	2.3050	3.2692	715.96	0.020706	2.3506e-05	0.086100	supercritical
459.00	419.00	155.37	0.0064363	933.77	1203.4	4.3640	2.3083	3.2705	716.07	0.020602	2.3501e-05	0.086195	supercritical
460.00	419.00	155.00	0.0064518	936.39	1206.7	4.3711	2.3117	3.2718	716.18	0.020498	2.3497e-05	0.086290	supercritical
461.00	419.00	154.62	0.0064673	939.01	1210.0	4.3782	2.3150	3.2731	716.30	0.020393	2.3493e-05	0.086386	supercritical
462.00	419.00	154.26	0.0064827	941.64	1213.3	4.3853	2.3184	3.2744	716.42	0.020287	2.3489e-05	0.086483	supercritical
463.00	419.00	153.89	0.0064982	944.27	1216.5	4.3924	2.3217	3.2757	716.54	0.020181	2.3485e-05	0.086581	supercritical
464.00	419.00	153.52	0.0065137	946.89	1219.8	4.3995	2.3251	3.2771	716.66	0.020074	2.3481e-05	0.086680	supercritical
465.00	419.00	153.16	0.0065291	949.52	1223.1	4.4065	2.3285	3.2785	716.79	0.019967	2.3478e-05	0.086779	supercritical
466.00	419.00	152.80	0.0065446	952.16	1226.4	4.4136	2.3318	3.2798	716.92	0.019859	2.3475e-05	0.086880	supercritical
467.00	419.00	152.44	0.0065600	954.79	1229.7	4.4206	2.3352	3.2813	717.06	0.019751	2.3472e-05	0.086981	supercritical
468.00	419.00	152.08	0.0065754	957.43	1232.9	4.4276	2.3386	3.2827	717.19	0.019642	2.3469e-05	0.087083	supercritical
469.00	419.00	151.73	0.0065909	960.06	1236.2	4.4346	2.3420	3.2841	717.33	0.019533	2.3467e-05	0.087185	supercritical
470.00	419.00	151.37	0.0066063	962.70	1239.5	4.4416	2.3454	3.2856	717.47	0.019424	2.3464e-05	0.087289	supercritical
471.00	419.00	151.02	0.0066217	965.34	1242.8	4.4486	2.3488	3.2870	717.62	0.019314	2.3462e-05	0.087393	supercritical
472.00	419.00	150.67	0.0066371	967.98	1246.1	4.4556	2.3522	3.2885	717.77	0.019203	2.3460e-05	0.087498	supercritical
473.00	419.00	150.32	0.0066525	970.63	1249.4	4.4626	2.3555	3.2900	717.92	0.019092	2.3458e-05	0.087604	supercritical
474.00	419.00	149.97	0.0066679	973.27	1252.7	4.4695	2.3590	3.2915	718.07	0.018981	2.3457e-05	0.087711	supercritical
475.00	419.00	149.63	0.0066833	975.92	1256.0	4.4764	2.3624	3.2930	718.22	0.018870	2.3455e-05	0.087818	supercritical
476.00	419.00	149.28	0.0066986	978.57	1259.2	4.4834	2.3658	3.2946	718.38	0.018758	2.3454e-05	0.087926	supercritical
477.00	419.00	148.94	0.0067140	981.22	1262.5	4.4903	2.3692	3.2961	718.54	0.018646	2.3453e-05	0.088035	supercritical
478.00	419.00	148.60	0.0067294	983.88	1265.8	4.4972	2.3726	3.2977	718.70	0.018533	2.3452e-05	0.088145	supercritical
479.00	419.00	148.26	0.0067447	986.53	1269.1	4.5041	2.3760	3.2993	718.87	0.018420	2.3452e-05	0.088256	supercritical
480.00	419.00	147.93	0.0067601	989.19	1272.4	4.5110	2.3794	3.3009	719.04	0.018307	2.3451e-05	0.088367	supercritical
481.00	419.00	147.59	0.0067754	991.85	1275.7	4.5178	2.3828	3.3025	719.21	0.018194	2.3451e-05	0.088479	supercritical
482.00	419.00	147.26	0.0067907	994.51	1279.0	4.5247	2.3863	3.3041	719.38	0.018080	2.3451e-05	0.088591	supercritical
483.00	419.00	146.93	0.0068061	997.17	1282.3	4.5315	2.3897	3.3058	719.55	0.017966	2.3451e-05	0.088705	supercritical
484.00	419.00	146.60	0.0068214	999.84	1285.7	4.5384	2.3931	3.3074	719.73	0.017852	2.3451e-05	0.088819	supercritical
485.00	419.00	146.27	0.0068367	1002.5	1289.0	4.5452	2.3966	3.3091	719.91	0.017738	2.3451e-05	0.088933	supercritical
486.00	419.00	145.94	0.0068520	1005.2	1292.3	4.5520	2.4000	3.3108	720.09	0.017623	2.3452e-05	0.089049	supercritical
487.00	419.00	145.62	0.0068673	1007.8	1295.6	4.5588	2.4034	3.3125	720.28	0.017508	2.3453e-05	0.089165	supercritical
488.00	419.00	145.29	0.0068826	1010.5	1298.9	4.5656	2.4069	3.3142	720.46	0.017393	2.3453e-05	0.089282	supercritical
489.00	419.00	144.97	0.0068978	1013.2	1302.2	4.5724	2.4103	3.3159	720.65	0.017278	2.3454e-05	0.089400	supercritical
490.00	419.00	144.65	0.0069131	1015.9	1305.5	4.5792	2.4138	3.3176	720.84	0.017163	2.3456e-05	0.089518	supercritical
491.00	419.00	144.33	0.0069284	1018.5	1308.8	4.5860	2.4172	3.3194	721.03	0.017047	2.3457e-05	0.089637	supercritical
492.00	419.00	144.02	0.0069436	1021.2	1312.2	4.5927	2.4207	3.3211	721.23	0.016932	2.3458e-05	0.089756	supercritical
493.00	419.00	143.70	0.0069589	1023.9	1315.5	4.5995	2.4241	3.3229	721.42	0.016816	2.3460e-05	0.089877	supercritical
494.00	419.00	143.39	0.0069741	1026.6	1318.8	4.6062	2.4276	3.3247	721.62	0.016700	2.3462e-05	0.089998	supercritical
495.00	419.00	143.07	0.0069894	1029.3	1322.1	4.6129	2.4310	3.3265	721.82	0.016584	2.3464e-05	0.090119	supercritical
496.00	419.00	142.76	0.0070046	1032.0	1325.5	4.6196	2.4345	3.3283	722.02	0.016468	2.3466e-05	0.090242	supercritical
497.00	419.00	142.45	0.0070198	1034.7	1328.8	4.6263	2.4380	3.3301	722.23	0.016351	2.3468e-05	0.090365	supercritical
498.00	419.00	142.15	0.0070351	1037.4	1332.1	4.6330	2.4414	3.3320	722.43	0.016235	2.3470e-05	0.090488	supercritical
499.00	419.00	141.84	0.0070503	1040.1	1335.5	4.6397	2.4449	3.3338	722.64	0.016119	2.3473e-05	0.090612	supercritical
500.00	419.00	141.53	0.0070655	1042.7	1338.8	4.6464	2.4484	3.3357	722.85	0.016002	2.3476e-05	0.090737	supercritical
501.00	419.00	141.23	0.0070807	1045.4	1342.1	4.6531	2.4518	3.3375	723.06	0.015885	2.3478e-05	0.090863	supercritical
502.00	419.00	140.93	0.0070958	1048.2	1345.5	4.6597	2.4553	3.3394	723.27	0.015769	2.3481e-05	0.090989	supercritical
503.00	419.00	140.63	0.0071110	1050.9	1348.8	4.6664	2.4588	3.3413	723.49	0.015652	2.3484e-05	0.091116	supercritical
504.00	419.00	140.33	0.0071262	1053.6	1352.2	4.6730	2.4623	3.3432	723.71	0.015535	2.3488e-05	0.091243	supercritical
505.00	419.00	140.03	0.0071414	1056.3	1355.5	4.6796	2.4657	3.3452	723.92	0.015419	2.3491e-05	0.091371	supercritical
506.00	419.00	139.73	0.0071565	1059.0	1358.8	4.6863	2.4692	3.3471	724.14	0.015302	2.3494e-05	0.091499	supercritical
507.00	419.00	139.44	0.0071717	1061.7	1362.2	4.6929	2.4727	3.3490	724.37	0.015185	2.3498e-05	0.091629	supercritical
508.00	419.00	139.14	0.0071868	1064.4	1365.5	4.6995	2.4762	3.3510	724.59	0.015068	2.3502e-05	0.091758	supercritical
509.00	419.00	138.85	0.0072020	1067.1	1368.9	4.7061	2.4797	3.3529	724.81	0.014951	2.3506e-05	0.091889	supercritical
510.00	419.00	138.56	0.0072171	1069.8	1372.2	4.7126	2.4831	3.3549	725.04	0.014834	2.3510e-05	0.092020	supercritical
511.00	419.00	138.27	0.0072322	1072.6	1375.6	4.7192	2.4866	3.3569	725.27	0.014718	2.3514e-05	0.092151	supercritical
512.00	419.00	137.98	0.0072473	1075.3	1379.0	4.7258	2.4901	3.3589	725.50	0.014601	2.3518e-05	0.092283	supercritical
513.00	419.00	137.69	0.0072624	1078.0	1382.3	4.7323	2.4936	3.3609	725.73	0.014484	2.3522e-05	0.092416	supercritical
514.00	419.00	137.41	0.0072775	1080.8	1385.7	4.7389	2.4971	3.3629	725.96	0.014367	2.3527e-05	0.092550	supercritical
515.00	419.00	137.12	0.0072926	1083.5	1389.0	4.7454	2.5006	3.3649	726.20	0.014251	2.3531e-05	0.092683	supercritical
516.00	419.00	136.84	0.0073077	1086.2	1392.4	4.7520	2.5041	3.3670	726.43	0.014134	2.3536e-05	0.092818	supercritical
517.00	419.00	136.56	0.0073228	1089.0	1395.8	4.7585	2.5076	3.3690	726.67	0.014018	2.3541e-05	0.092953	supercritical
518.00	419.00	136.28	0.0073379	1091.7	1399.1	4.7650	2.5111	3.3711	726.91	0.013901	2.3546e-05	0.093088	supercritical
519.00	419.00	136.00	0.0073529	1094.4	1402.5	4.7715	2.5146	3.3731	727.15	0.013785	2.3551e-05	0.093225	supercritical
520.00	419.00	135.72	0.0073680	1097.2	1405.9	4.7780	2.5181	3.3752	727.39	0.013668	2.3556e-05	0.093361	supercritical
521.00	419.00	135.45	0.0073831	1099.9	1409.3	4.7845	2.5216	3.3773	727.63	0.013552	2.3561e-05	0.093498	supercritical
522.00	419.00	135.17	0.0073981	1102.7	1412.6	4.7909	2.5251	3.3794	727.88	0.013436	2.3567e-05	0.093636	supercritical
523.00	419.00	134.90	0.0074131	1105.4	1416.0	4.7974	2.5286	3.3815	728.13	0.013320	2.3572e-05	0.093775	supercritical
524.00	419.00	134.62	0.0074282	1108.2	1419.4	4.8039	2.5321	3.3836	728.37	0.013204	2.3578e-05	0.093913	supercritical
525.00	419.00	134.35	0.0074432	1110.9	1422.8	4.8103	2.5356	3.3857	728.62	0.013088	2.3584e-05	0.094053	supercritical
526.00	419.00	134.08	0.0074582	1113.7	1426.2	4.8168	2.5391	3.3879	728.87	0.012972	2.3589e-05	0.094193	supercritical
527.00	419.00	133.81	0.0074732	1116.4	1429.6	4.8232	2.5426	3.3900	729.12	0.012856	2.3595e-05	0.094333	supercritical
528.00	419.00	133.54	0.0074882	1119.2	1433.0	4.8296	2.5461	3.3921	729.37	0.012741	2.3601e-05	0.094474	supercritical
529.00	419.00	133.28	0.0075032	1122.0	1436.4	4.8361	2.5496	3.3943	729.63	0.012625	2.3608e-05	0.094616	supercritical
530.00	419.00	133.01	0.0075182	1124.7	1439.8	4.8425	2.5531	3.3965	729.88	0.012510	2.3614e-05	0.094758	supercritical
531.00	419.00	132.75	0.0075332	1127.5	1443.1	4.8489	2.5566	3.3986	730.14	0.012395	2.3620e-05	0.094900	supercritical
532.00	419.00	132.48	0.0075482	1130.3	1446.5	4.8553	2.5601	3.4008	730.40	0.012280	2.3627e-05	0.095043	supercritical
533.00	419.00	132.22	0.0075632	1133.1	1450.0	4.8617	2.5636	3.4030	730.65	0.012165	2.3633e-05	0.095187	supercritical
534.00	419.00	131.96	0.0075781	1135.8	1453.4	4.8680	2.5671	3.4052	730.91	0.012050	2.3640e-05	0.095331	supercritical
535.00	419.00	131.70	0.0075931	1138.6	1456.8	4.8744	2.5706	3.4074	731.17	0.011935	2.3646e-05	0.095475	supercritical
536.00	419.00	131.44	0.0076080	1141.4	1460.2	4.8808	2.5741	3.4096	731.44	0.011821	2.3653e-05	0.095620	supercritical
537.00	419.00	131.18	0.0076230	1144.2	1463.6	4.8871	2.5777	3.4119	731.70	0.011706	2.3660e-05	0.095766	supercritical
538.00	419.00	130.93	0.0076379	1147.0	1467.0	4.8935	2.5812	3.4141	731.96	0.011592	2.3667e-05	0.095912	supercritical
539.00	419.00	130.67	0.0076528	1149.8	1470.4	4.8998	2.5847	3.4163	732.23	0.011478	2.3674e-05	0.096058	supercritical
540.00	419.00	130.42	0.0076678	1152.5	1473.8	4.9062	2.5882	3.4186	732.49	0.011365	2.3682e-05	0.096205	supercritical
541.00	419.00	130.16	0.0076827	1155.3	1477.2	4.9125	2.5917	3.4209	732.76	0.011251	2.3689e-05	0.096353	supercritical
542.00	419.00	129.91	0.0076976	1158.1	1480.7	4.9188	2.5952	3.4231	733.03	0.011137	2.3696e-05	0.096501	supercritical
543.00	419.00	129.66	0.0077125	1160.9	1484.1	4.9251	2.5987	3.4254	733.30	0.011024	2.3704e-05	0.096649	supercritical
544.00	419.00	129.41	0.0077274	1163.7	1487.5	4.9314	2.6022	3.4277	733.57	0.010911	2.3711e-05	0.096798	supercritical
545.00	419.00	129.16	0.0077423	1166.5	1490.9	4.9377	2.6058	3.4300	733.84	0.010798	2.3719e-05	0.096947	supercritical
546.00	419.00	128.91	0.0077571	1169.4	1494.4	4.9440	2.6093	3.4323	734.11	0.010685	2.3727e-05	0.097097	supercritical
547.00	419.00	128.67	0.0077720	1172.2	1497.8	4.9503	2.6128	3.4346	734.39	0.010573	2.3735e-05	0.097247	supercritical
548.00	419.00	128.42	0.0077869	1175.0	1501.2	4.9566	2.6163	3.4369	734.66	0.010461	2.3742e-05	0.097398	supercritical
549.00	419.00	128.18	0.0078018	1177.8	1504.7	4.9628	2.6198	3.4392	734.94	0.010349	2.3750e-05	0.097549	supercritical
550.00	419.00	127.93	0.0078166	1180.6	1508.1	4.9691	2.6233	3.4415	735.21	0.010237	2.3758e-05	0.097701	supercritical
551.00	419.00	127.69	0.0078315	1183.4	1511.6	4.9754	2.6268	3.4438	735.49	0.010125	2.3767e-05	0.097853	supercritical
552.00	419.00	127.45	0.0078463	1186.3	1515.0	4.9816	2.6303	3.4462	735.77	0.010014	2.3775e-05	0.098005	supercritical
553.00	419.00	127.21	0.0078611	1189.1	1518.5	4.9878	2.6339	3.4485	736.05	0.0099023	2.3783e-05	0.098158	supercritical
554.00	419.00	126.97	0.0078760	1191.9	1521.9	4.9941	2.6374	3.4509	736.33	0.0097912	2.3792e-05	0.098312	supercritical
555.00	419.00	126.73	0.0078908	1194.7	1525.4	5.0003	2.6409	3.4532	736.61	0.0096804	2.3800e-05	0.098466	supercritical
556.00	419.00	126.49	0.0079056	1197.6	1528.8	5.0065	2.6444	3.4556	736.89	0.0095698	2.3809e-05	0.098620	supercritical
557.00	419.00	126.26	0.0079204	1200.4	1532.3	5.0127	2.6479	3.4580	737.17	0.0094594	2.3817e-05	0.098775	supercritical
558.00	419.00	126.02	0.0079352	1203.2	1535.7	5.0189	2.6514	3.4604	737.46	0.0093493	2.3826e-05	0.098930	supercritical
559.00	419.00	125.79	0.0079500	1206.1	1539.2	5.0251	2.6549	3.4627	737.74	0.0092393	2.3835e-05	0.099085	supercritical
560.00	419.00	125.55	0.0079648	1208.9	1542.7	5.0313	2.6585	3.4651	738.03	0.0091297	2.3844e-05	0.099241	supercritical
561.00	419.00	125.32	0.0079796	1211.8	1546.1	5.0375	2.6620	3.4675	738.31	0.0090202	2.3853e-05	0.099398	supercritical
562.00	419.00	125.09	0.0079944	1214.6	1549.6	5.0437	2.6655	3.4699	738.60	0.0089110	2.3862e-05	0.099554	supercritical
563.00	419.00	124.86	0.0080091	1217.5	1553.1	5.0499	2.6690	3.4723	738.89	0.0088020	2.3871e-05	0.099712	supercritical
564.00	419.00	124.63	0.0080239	1220.3	1556.5	5.0560	2.6725	3.4748	739.17	0.0086933	2.3880e-05	0.099869	supercritical
565.00	419.00	124.40	0.0080387	1223.2	1560.0	5.0622	2.6760	3.4772	739.46	0.0085848	2.3889e-05	0.10003	supercritical
566.00	419.00	124.17	0.0080534	1226.1	1563.5	5.0683	2.6795	3.4796	739.75	0.0084766	2.3898e-05	0.10019	supercritical
567.00	419.00	123.94	0.0080682	1228.9	1567.0	5.0745	2.6830	3.4820	740.04	0.0083686	2.3908e-05	0.10034	supercritical
568.00	419.00	123.72	0.0080829	1231.8	1570.5	5.0806	2.6866	3.4845	740.34	0.0082608	2.3917e-05	0.10050	supercritical
569.00	419.00	123.49	0.0080976	1234.7	1573.9	5.0867	2.6901	3.4869	740.63	0.0081533	2.3927e-05	0.10066	supercritical
570.00	419.00	123.27	0.0081124	1237.5	1577.4	5.0929	2.6936	3.4894	740.92	0.0080461	2.3936e-05	0.10082	supercritical
571.00	419.00	123.05	0.0081271	1240.4	1580.9	5.0990	2.6971	3.4918	741.21	0.0079391	2.3946e-05	0.10098	supercritical
572.00	419.00	122.82	0.0081418	1243.3	1584.4	5.1051	2.7006	3.4943	741.51	0.0078323	2.3955e-05	0.10114	supercritical
573.00	419.00	122.60	0.0081565	1246.2	1587.9	5.1112	2.7041	3.4968	741.80	0.0077259	2.3965e-05	0.10131	supercritical
574.00	419.00	122.38	0.0081712	1249.0	1591.4	5.1173	2.7076	3.4992	742.10	0.0076197	2.3975e-05	0.10147	supercritical
575.00	419.00	122.16	0.0081859	1251.9	1594.9	5.1234	2.7111	3.5017	742.39	0.0075137	2.3985e-05	0.10163	supercritical
576.00	419.00	121.94	0.0082006	1254.8	1598.4	5.1295	2.7146	3.5042	742.69	0.0074080	2.3995e-05	0.10179	supercritical
577.00	419.00	121.72	0.0082153	1257.7	1601.9	5.1356	2.7181	3.5067	742.99	0.0073026	2.4005e-05	0.10195	supercritical
578.00	419.00	121.51	0.0082300	1260.6	1605.4	5.1416	2.7216	3.5092	743.29	0.0071974	2.4015e-05	0.10212	supercritical
579.00	419.00	121.29	0.0082446	1263.5	1608.9	5.1477	2.7252	3.5117	743.59	0.0070925	2.4025e-05	0.10228	supercritical
580.00	419.00	121.08	0.0082593	1266.4	1612.4	5.1538	2.7287	3.5142	743.89	0.0069879	2.4035e-05	0.10245	supercritical
581.00	419.00	120.86	0.0082740	1269.3	1616.0	5.1598	2.7322	3.5167	744.19	0.0068835	2.4045e-05	0.10261	supercritical
582.00	419.00	120.65	0.0082886	1272.2	1619.5	5.1659	2.7357	3.5192	744.49	0.0067794	2.4056e-05	0.10277	supercritical
583.00	419.00	120.43	0.0083033	1275.1	1623.0	5.1719	2.7392	3.5217	744.79	0.0066756	2.4066e-05	0.10294	supercritical
584.00	419.00	120.22	0.0083179	1278.0	1626.5	5.1780	2.7427	3.5242	745.09	0.0065721	2.4077e-05	0.10310	supercritical
585.00	419.00	120.01	0.0083326	1280.9	1630.1	5.1840	2.7462	3.5268	745.39	0.0064688	2.4087e-05	0.10327	supercritical
586.00	419.00	119.80	0.0083472	1283.8	1633.6	5.1900	2.7497	3.5293	745.70	0.0063658	2.4098e-05	0.10344	supercritical
587.00	419.00	119.59	0.0083618	1286.7	1637.1	5.1960	2.7532	3.5318	746.00	0.0062631	2.4108e-05	0.10360	supercritical
588.00	419.00	119.38	0.0083764	1289.7	1640.6	5.2020	2.7567	3.5344	746.30	0.0061607	2.4119e-05	0.10377	supercritical
589.00	419.00	119.17	0.0083910	1292.6	1644.2	5.2081	2.7602	3.5369	746.61	0.0060585	2.4130e-05	0.10394	supercritical
590.00	419.00	118.97	0.0084056	1295.5	1647.7	5.2141	2.7637	3.5395	746.91	0.0059566	2.4140e-05	0.10410	supercritical
591.00	419.00	118.76	0.0084202	1298.4	1651.3	5.2201	2.7672	3.5420	747.22	0.0058550	2.4151e-05	0.10427	supercritical
592.00	419.00	118.56	0.0084348	1301.4	1654.8	5.2260	2.7707	3.5446	747.53	0.0057537	2.4162e-05	0.10444	supercritical
593.00	419.00	118.35	0.0084494	1304.3	1658.3	5.2320	2.7742	3.5472	747.83	0.0056526	2.4173e-05	0.10461	supercritical
594.00	419.00	118.15	0.0084640	1307.3	1661.9	5.2380	2.7777	3.5497	748.14	0.0055518	2.4184e-05	0.10478	supercritical
595.00	419.00	117.94	0.0084786	1310.2	1665.4	5.2440	2.7812	3.5523	748.45	0.0054514	2.4195e-05	0.10495	supercritical
596.00	419.00	117.74	0.0084932	1313.1	1669.0	5.2499	2.7846	3.5549	748.76	0.0053512	2.4206e-05	0.10512	supercritical
597.00	419.00	117.54	0.0085077	1316.1	1672.6	5.2559	2.7881	3.5575	749.07	0.0052512	2.4217e-05	0.10529	supercritical
598.00	419.00	117.34	0.0085223	1319.0	1676.1	5.2619	2.7916	3.5600	749.38	0.0051516	2.4229e-05	0.10546	supercritical
599.00	419.00	117.14	0.0085369	1322.0	1679.7	5.2678	2.7951	3.5626	749.69	0.0050523	2.4240e-05	0.10563	supercritical
600.00	419.00	116.94	0.0085514	1324.9	1683.2	5.2738	2.7986	3.5652	750.00	0.0049532	2.4251e-05	0.10580	supercritical
601.00	419.00	116.74	0.0085659	1327.9	1686.8	5.2797	2.8021	3.5678	750.31	0.0048544	2.4262e-05	0.10597	supercritical
602.00	419.00	116.54	0.0085805	1330.9	1690.4	5.2856	2.8056	3.5704	750.62	0.0047559	2.4274e-05	0.10614	supercritical
603.00	419.00	116.35	0.0085950	1333.8	1693.9	5.2916	2.8091	3.5730	750.93	0.0046577	2.4285e-05	0.10631	supercritical
604.00	419.00	116.15	0.0086095	1336.8	1697.5	5.2975	2.8126	3.5756	751.24	0.0045598	2.4297e-05	0.10648	supercritical
605.00	419.00	115.95	0.0086241	1339.8	1701.1	5.3034	2.8160	3.5782	751.56	0.0044622	2.4308e-05	0.10666	supercritical
606.00	419.00	115.76	0.0086386	1342.7	1704.7	5.3093	2.8195	3.5809	751.87	0.0043649	2.4320e-05	0.10683	supercritical
607.00	419.00	115.57	0.0086531	1345.7	1708.3	5.3152	2.8230	3.5835	752.18	0.0042678	2.4332e-05	0.10700	supercritical
608.00	419.00	115.37	0.0086676	1348.7	1711.8	5.3211	2.8265	3.5861	752.50	0.0041710	2.4343e-05	0.10718	supercritical
609.00	419.00	115.18	0.0086821	1351.7	1715.4	5.3270	2.8300	3.5887	752.81	0.0040746	2.4355e-05	0.10735	supercritical
610.00	419.00	114.99	0.0086966	1354.6	1719.0	5.3329	2.8334	3.5914	753.13	0.0039784	2.4367e-05	0.10752	supercritical
611.00	419.00	114.80	0.0087111	1357.6	1722.6	5.3388	2.8369	3.5940	753.44	0.0038825	2.4379e-05	0.10770	supercritical
612.00	419.00	114.61	0.0087256	1360.6	1726.2	5.3447	2.8404	3.5966	753.76	0.0037869	2.4390e-05	0.10787	supercritical
613.00	419.00	114.42	0.0087400	1363.6	1729.8	5.3505	2.8439	3.5993	754.07	0.0036916	2.4402e-05	0.10805	supercritical
614.00	419.00	114.23	0.0087545	1366.6	1733.4	5.3564	2.8473	3.6019	754.39	0.0035965	2.4414e-05	0.10822	supercritical
615.00	419.00	114.04	0.0087690	1369.6	1737.0	5.3623	2.8508	3.6045	754.71	0.0035018	2.4426e-05	0.10840	supercritical
616.00	419.00	113.85	0.0087834	1372.6	1740.6	5.3681	2.8543	3.6072	755.02	0.0034074	2.4438e-05	0.10857	supercritical
617.00	419.00	113.66	0.0087979	1375.6	1744.2	5.3740	2.8578	3.6098	755.34	0.0033132	2.4450e-05	0.10875	supercritical
618.00	419.00	113.48	0.0088123	1378.6	1747.8	5.3798	2.8612	3.6125	755.66	0.0032193	2.4463e-05	0.10893	supercritical
619.00	419.00	113.29	0.0088268	1381.6	1751.5	5.3857	2.8647	3.6152	755.98	0.0031258	2.4475e-05	0.10910	supercritical
620.00	419.00	113.11	0.0088412	1384.6	1755.1	5.3915	2.8682	3.6178	756.30	0.0030325	2.4487e-05	0.10928	supercritical
621.00	419.00	112.92	0.0088557	1387.6	1758.7	5.3974	2.8716	3.6205	756.62	0.0029395	2.4499e-05	0.10946	supercritical
622.00	419.00	112.74	0.0088701	1390.7	1762.3	5.4032	2.8751	3.6231	756.94	0.0028468	2.4511e-05	0.10963	supercritical
623.00	419.00	112.56	0.0088845	1393.7	1765.9	5.4090	2.8786	3.6258	757.26	0.0027544	2.4524e-05	0.10981	supercritical
624.00	419.00	112.37	0.0088989	1396.7	1769.6	5.4148	2.8820	3.6285	757.58	0.0026623	2.4536e-05	0.10999	supercritical
625.00	419.00	112.19	0.0089133	1399.7	1773.2	5.4206	2.8855	3.6312	757.90	0.0025704	2.4549e-05	0.11017	supercritical
