Temperature (K)	Pressure (bar)	Density (kg/m3)	Volume (m3/kg)	Internal Energy (kJ/kg)	Enthalpy (kJ/kg)	Entropy (J/g*K)	Cv (J/g*K)	Cp (J/g*K)	Sound Spd. (m/s)	Joule-Thomson (K/bar)	Viscosity (Pa*s)	Therm. Cond. (W/m*K)	Phase
106.00	593.00	466.66	0.0021429	-50.890	76.183	-0.51717	2.2075	3.1985	1763.8	-0.052179	0.00023419	0.24260	liquid
107.00	593.00	465.68	0.0021474	-47.958	79.382	-0.48714	2.2033	3.1981	1758.0	-0.052134	0.00022747	0.24160	liquid
108.00	593.00	464.71	0.0021519	-45.026	82.580	-0.45740	2.1992	3.1976	1752.2	-0.052088	0.00022112	0.24059	liquid
109.00	593.00	463.74	0.0021564	-42.096	85.777	-0.42793	2.1951	3.1972	1746.4	-0.052041	0.00021512	0.23958	liquid
110.00	593.00	462.77	0.0021609	-39.168	88.974	-0.39873	2.1910	3.1968	1740.6	-0.051992	0.00020943	0.23856	liquid
111.00	593.00	461.80	0.0021655	-36.241	92.171	-0.36980	2.1870	3.1964	1734.8	-0.051943	0.00020405	0.23754	liquid
112.00	593.00	460.83	0.0021700	-33.315	95.367	-0.34113	2.1829	3.1960	1729.0	-0.051892	0.00019893	0.23651	liquid
113.00	593.00	459.86	0.0021746	-30.390	98.563	-0.31273	2.1790	3.1956	1723.2	-0.051841	0.00019408	0.23547	liquid
114.00	593.00	458.89	0.0021792	-27.467	101.76	-0.28457	2.1750	3.1952	1717.4	-0.051788	0.00018946	0.23443	liquid
115.00	593.00	457.92	0.0021838	-24.546	104.95	-0.25667	2.1711	3.1947	1711.7	-0.051734	0.00018507	0.23339	liquid
116.00	593.00	456.95	0.0021884	-21.625	108.15	-0.22901	2.1671	3.1943	1705.9	-0.051679	0.00018088	0.23235	liquid
117.00	593.00	455.98	0.0021931	-18.707	111.34	-0.20159	2.1632	3.1939	1700.1	-0.051624	0.00017688	0.23130	liquid
118.00	593.00	455.02	0.0021977	-15.789	114.54	-0.17441	2.1594	3.1934	1694.4	-0.051567	0.00017307	0.23025	liquid
119.00	593.00	454.05	0.0022024	-12.874	117.73	-0.14747	2.1555	3.1929	1688.6	-0.051509	0.00016942	0.22919	liquid
120.00	593.00	453.09	0.0022071	-9.9594	120.92	-0.12075	2.1517	3.1925	1682.9	-0.051450	0.00016594	0.22814	liquid
121.00	593.00	452.12	0.0022118	-7.0467	124.11	-0.094258	2.1479	3.1920	1677.2	-0.051390	0.00016260	0.22708	liquid
122.00	593.00	451.15	0.0022165	-4.1355	127.31	-0.067989	2.1441	3.1915	1671.4	-0.051329	0.00015940	0.22602	liquid
123.00	593.00	450.19	0.0022213	-1.2259	130.50	-0.041937	2.1403	3.1910	1665.7	-0.051267	0.00015633	0.22496	liquid
124.00	593.00	449.23	0.0022261	1.6821	133.69	-0.016101	2.1366	3.1905	1660.0	-0.051204	0.00015339	0.22390	liquid
125.00	593.00	448.26	0.0022308	4.5885	136.88	0.0095236	2.1328	3.1900	1654.3	-0.051139	0.00015056	0.22284	liquid
126.00	593.00	447.30	0.0022356	7.4933	140.07	0.034940	2.1291	3.1895	1648.7	-0.051074	0.00014784	0.22179	liquid
127.00	593.00	446.33	0.0022405	10.396	143.26	0.060151	2.1255	3.1890	1643.0	-0.051008	0.00014522	0.22073	liquid
128.00	593.00	445.37	0.0022453	13.298	146.45	0.085161	2.1218	3.1884	1637.4	-0.050940	0.00014270	0.21967	liquid
129.00	593.00	444.41	0.0022502	16.198	149.63	0.10997	2.1182	3.1879	1631.7	-0.050872	0.00014027	0.21861	liquid
130.00	593.00	443.45	0.0022551	19.096	152.82	0.13459	2.1145	3.1873	1626.1	-0.050802	0.00013793	0.21755	liquid
131.00	593.00	442.49	0.0022600	21.992	156.01	0.15901	2.1109	3.1868	1620.5	-0.050731	0.00013567	0.21650	liquid
132.00	593.00	441.53	0.0022649	24.887	159.19	0.18324	2.1074	3.1862	1614.9	-0.050659	0.00013348	0.21544	liquid
133.00	593.00	440.56	0.0022698	27.780	162.38	0.20729	2.1038	3.1857	1609.4	-0.050586	0.00013137	0.21439	liquid
134.00	593.00	439.60	0.0022748	30.671	165.57	0.23115	2.1003	3.1851	1603.8	-0.050511	0.00012933	0.21334	liquid
135.00	593.00	438.64	0.0022798	33.561	168.75	0.25483	2.0968	3.1845	1598.3	-0.050435	0.00012736	0.21229	liquid
136.00	593.00	437.68	0.0022848	36.449	171.93	0.27833	2.0933	3.1840	1592.7	-0.050358	0.00012545	0.21124	liquid
137.00	593.00	436.72	0.0022898	39.335	175.12	0.30165	2.0899	3.1834	1587.2	-0.050280	0.00012360	0.21020	liquid
138.00	593.00	435.76	0.0022948	42.219	178.30	0.32480	2.0864	3.1828	1581.7	-0.050201	0.00012180	0.20915	liquid
139.00	593.00	434.81	0.0022999	45.101	181.48	0.34778	2.0830	3.1822	1576.2	-0.050120	0.00012006	0.20811	liquid
140.00	593.00	433.85	0.0023050	47.982	184.67	0.37059	2.0796	3.1817	1570.8	-0.050038	0.00011837	0.20708	liquid
141.00	593.00	432.89	0.0023101	50.861	187.85	0.39323	2.0763	3.1811	1565.3	-0.049955	0.00011673	0.20604	liquid
142.00	593.00	431.93	0.0023152	53.738	191.03	0.41571	2.0730	3.1805	1559.9	-0.049870	0.00011514	0.20501	liquid
143.00	593.00	430.97	0.0023203	56.613	194.21	0.43803	2.0697	3.1799	1554.5	-0.049784	0.00011359	0.20399	liquid
144.00	593.00	430.02	0.0023255	59.486	197.39	0.46019	2.0664	3.1794	1549.1	-0.049697	0.00011209	0.20296	liquid
145.00	593.00	429.06	0.0023307	62.358	200.57	0.48219	2.0631	3.1788	1543.7	-0.049608	0.00011062	0.20194	liquid
146.00	593.00	428.10	0.0023359	65.227	203.75	0.50403	2.0599	3.1782	1538.4	-0.049518	0.00010920	0.20093	liquid
147.00	593.00	427.15	0.0023411	68.095	206.92	0.52572	2.0567	3.1776	1533.0	-0.049426	0.00010781	0.19991	liquid
148.00	593.00	426.19	0.0023464	70.961	210.10	0.54727	2.0535	3.1771	1527.7	-0.049333	0.00010646	0.19890	liquid
149.00	593.00	425.23	0.0023517	73.825	213.28	0.56866	2.0504	3.1765	1522.4	-0.049239	0.00010514	0.19790	liquid
150.00	593.00	424.28	0.0023569	76.687	216.45	0.58990	2.0473	3.1760	1517.1	-0.049143	0.00010386	0.19690	liquid
151.00	593.00	423.32	0.0023623	79.547	219.63	0.61101	2.0442	3.1754	1511.9	-0.049046	0.00010260	0.19590	liquid
152.00	593.00	422.37	0.0023676	82.406	222.80	0.63196	2.0411	3.1749	1506.6	-0.048947	0.00010138	0.19491	liquid
153.00	593.00	421.41	0.0023730	85.262	225.98	0.65278	2.0381	3.1743	1501.4	-0.048847	0.00010019	0.19392	liquid
154.00	593.00	420.46	0.0023784	88.117	229.15	0.67346	2.0351	3.1738	1496.2	-0.048745	9.9026e-05	0.19294	liquid
155.00	593.00	419.50	0.0023838	90.969	232.33	0.69400	2.0321	3.1732	1491.0	-0.048642	9.7888e-05	0.19196	liquid
156.00	593.00	418.55	0.0023892	93.820	235.50	0.71440	2.0291	3.1727	1485.8	-0.048538	9.6777e-05	0.19098	liquid
157.00	593.00	417.60	0.0023947	96.669	238.67	0.73467	2.0262	3.1722	1480.7	-0.048431	9.5691e-05	0.19001	liquid
158.00	593.00	416.64	0.0024001	99.516	241.84	0.75481	2.0233	3.1716	1475.5	-0.048324	9.4629e-05	0.18905	liquid
159.00	593.00	415.69	0.0024056	102.36	245.02	0.77482	2.0205	3.1711	1470.4	-0.048215	9.3591e-05	0.18809	liquid
160.00	593.00	414.74	0.0024112	105.20	248.19	0.79470	2.0176	3.1706	1465.3	-0.048104	9.2576e-05	0.18713	liquid
161.00	593.00	413.79	0.0024167	108.05	251.36	0.81446	2.0148	3.1701	1460.2	-0.047992	9.1582e-05	0.18618	liquid
162.00	593.00	412.83	0.0024223	110.89	254.53	0.83408	2.0120	3.1696	1455.2	-0.047878	9.0609e-05	0.18523	liquid
163.00	593.00	411.88	0.0024279	113.72	257.70	0.85359	2.0093	3.1691	1450.2	-0.047762	8.9657e-05	0.18429	liquid
164.00	593.00	410.93	0.0024335	116.56	260.86	0.87297	2.0066	3.1687	1445.1	-0.047645	8.8724e-05	0.18336	liquid
165.00	593.00	409.98	0.0024391	119.39	264.03	0.89223	2.0039	3.1682	1440.1	-0.047527	8.7811e-05	0.18242	liquid
166.00	593.00	409.03	0.0024448	122.22	267.20	0.91137	2.0012	3.1677	1435.2	-0.047407	8.6916e-05	0.18150	liquid
167.00	593.00	408.08	0.0024505	125.05	270.37	0.93040	1.9986	3.1672	1430.2	-0.047285	8.6039e-05	0.18058	liquid
168.00	593.00	407.13	0.0024562	127.88	273.54	0.94930	1.9960	3.1668	1425.3	-0.047162	8.5179e-05	0.17966	liquid
169.00	593.00	406.18	0.0024620	130.71	276.70	0.96810	1.9934	3.1664	1420.4	-0.047037	8.4336e-05	0.17875	liquid
170.00	593.00	405.23	0.0024677	133.53	279.87	0.98678	1.9909	3.1659	1415.5	-0.046911	8.3509e-05	0.17785	liquid
171.00	593.00	404.28	0.0024735	136.35	283.03	1.0053	1.9884	3.1655	1410.6	-0.046783	8.2698e-05	0.17695	liquid
172.00	593.00	403.33	0.0024793	139.17	286.20	1.0238	1.9859	3.1651	1405.8	-0.046653	8.1903e-05	0.17605	liquid
173.00	593.00	402.38	0.0024852	141.99	289.36	1.0421	1.9834	3.1647	1400.9	-0.046522	8.1122e-05	0.17517	liquid
174.00	593.00	401.44	0.0024911	144.81	292.53	1.0604	1.9810	3.1642	1396.1	-0.046389	8.0356e-05	0.17428	liquid
175.00	593.00	400.49	0.0024970	147.62	295.69	1.0785	1.9786	3.1638	1391.3	-0.046255	7.9604e-05	0.17340	liquid
176.00	593.00	399.54	0.0025029	150.44	298.86	1.0965	1.9763	3.1635	1386.6	-0.046119	7.8866e-05	0.17253	liquid
177.00	593.00	398.59	0.0025088	153.25	302.02	1.1145	1.9740	3.1631	1381.8	-0.045981	7.8140e-05	0.17167	liquid
178.00	593.00	397.65	0.0025148	156.06	305.18	1.1323	1.9717	3.1627	1377.1	-0.045842	7.7428e-05	0.17080	liquid
179.00	593.00	396.70	0.0025208	158.86	308.35	1.1500	1.9694	3.1623	1372.4	-0.045701	7.6729e-05	0.16995	liquid
180.00	593.00	395.76	0.0025268	161.67	311.51	1.1676	1.9672	3.1620	1367.7	-0.045559	7.6041e-05	0.16910	liquid
181.00	593.00	394.81	0.0025329	164.47	314.67	1.1851	1.9650	3.1616	1363.1	-0.045415	7.5366e-05	0.16825	liquid
182.00	593.00	393.87	0.0025389	167.27	317.83	1.2026	1.9628	3.1613	1358.4	-0.045269	7.4702e-05	0.16742	liquid
183.00	593.00	392.92	0.0025450	170.07	320.99	1.2199	1.9606	3.1610	1353.8	-0.045122	7.4050e-05	0.16658	liquid
184.00	593.00	391.98	0.0025512	172.87	324.15	1.2371	1.9585	3.1607	1349.2	-0.044973	7.3408e-05	0.16576	liquid
185.00	593.00	391.04	0.0025573	175.66	327.31	1.2542	1.9564	3.1603	1344.6	-0.044823	7.2778e-05	0.16493	liquid
186.00	593.00	390.09	0.0025635	178.46	330.47	1.2713	1.9544	3.1600	1340.1	-0.044671	7.2158e-05	0.16412	liquid
187.00	593.00	389.15	0.0025697	181.25	333.63	1.2882	1.9524	3.1597	1335.5	-0.044517	7.1548e-05	0.16331	liquid
188.00	593.00	388.21	0.0025759	184.04	336.79	1.3051	1.9504	3.1595	1331.0	-0.044362	7.0948e-05	0.16250	liquid
189.00	593.00	387.27	0.0025822	186.83	339.95	1.3218	1.9484	3.1592	1326.6	-0.044205	7.0358e-05	0.16171	liquid
190.00	593.00	386.33	0.0025885	189.61	343.11	1.3385	1.9465	3.1589	1322.1	-0.044047	6.9777e-05	0.16092	liquid
191.00	593.00	385.39	0.0025948	192.40	346.27	1.3551	1.9446	3.1586	1317.6	-0.043887	6.9206e-05	0.16013	supercritical
192.00	593.00	384.45	0.0026011	195.18	349.43	1.3716	1.9428	3.1584	1313.2	-0.043726	6.8643e-05	0.15934	supercritical
193.00	593.00	383.51	0.0026075	197.96	352.59	1.3880	1.9409	3.1581	1308.8	-0.043563	6.8090e-05	0.15857	supercritical
194.00	593.00	382.57	0.0026139	200.74	355.74	1.4043	1.9391	3.1579	1304.5	-0.043398	6.7545e-05	0.15780	supercritical
195.00	593.00	381.63	0.0026203	203.52	358.90	1.4205	1.9374	3.1577	1300.1	-0.043232	6.7009e-05	0.15703	supercritical
196.00	593.00	380.70	0.0026268	206.29	362.06	1.4367	1.9356	3.1575	1295.8	-0.043065	6.6481e-05	0.15627	supercritical
197.00	593.00	379.76	0.0026332	209.07	365.22	1.4527	1.9339	3.1572	1291.5	-0.042895	6.5961e-05	0.15552	supercritical
198.00	593.00	378.82	0.0026397	211.84	368.37	1.4687	1.9323	3.1570	1287.2	-0.042725	6.5449e-05	0.15477	supercritical
199.00	593.00	377.89	0.0026463	214.61	371.53	1.4846	1.9306	3.1568	1282.9	-0.042553	6.4945e-05	0.15403	supercritical
200.00	593.00	376.95	0.0026528	217.37	374.69	1.5005	1.9290	3.1566	1278.7	-0.042379	6.4448e-05	0.15329	supercritical
201.00	593.00	376.02	0.0026594	220.14	377.84	1.5162	1.9274	3.1565	1274.4	-0.042204	6.3959e-05	0.15256	supercritical
202.00	593.00	375.09	0.0026660	222.90	381.00	1.5319	1.9259	3.1563	1270.2	-0.042028	6.3477e-05	0.15183	supercritical
203.00	593.00	374.15	0.0026727	225.67	384.16	1.5475	1.9244	3.1561	1266.1	-0.041850	6.3003e-05	0.15111	supercritical
204.00	593.00	373.22	0.0026794	228.43	387.31	1.5630	1.9229	3.1560	1261.9	-0.041670	6.2535e-05	0.15040	supercritical
205.00	593.00	372.29	0.0026861	231.19	390.47	1.5784	1.9215	3.1558	1257.8	-0.041490	6.2074e-05	0.14969	supercritical
206.00	593.00	371.36	0.0026928	233.94	393.63	1.5938	1.9200	3.1557	1253.7	-0.041307	6.1620e-05	0.14899	supercritical
207.00	593.00	370.43	0.0026996	236.70	396.78	1.6090	1.9186	3.1555	1249.6	-0.041124	6.1172e-05	0.14829	supercritical
208.00	593.00	369.50	0.0027063	239.45	399.94	1.6242	1.9173	3.1554	1245.5	-0.040939	6.0731e-05	0.14760	supercritical
209.00	593.00	368.57	0.0027132	242.20	403.09	1.6394	1.9160	3.1553	1241.5	-0.040752	6.0296e-05	0.14691	supercritical
210.00	593.00	367.65	0.0027200	244.95	406.25	1.6544	1.9147	3.1552	1237.5	-0.040565	5.9867e-05	0.14623	supercritical
211.00	593.00	366.72	0.0027269	247.70	409.40	1.6694	1.9134	3.1551	1233.5	-0.040376	5.9444e-05	0.14556	supercritical
212.00	593.00	365.79	0.0027338	250.44	412.56	1.6843	1.9122	3.1550	1229.5	-0.040185	5.9028e-05	0.14489	supercritical
213.00	593.00	364.87	0.0027407	253.19	415.71	1.6992	1.9110	3.1549	1225.6	-0.039994	5.8617e-05	0.14423	supercritical
214.00	593.00	363.95	0.0027477	255.93	418.87	1.7140	1.9098	3.1548	1221.7	-0.039801	5.8212e-05	0.14357	supercritical
215.00	593.00	363.02	0.0027546	258.67	422.02	1.7287	1.9087	3.1547	1217.8	-0.039607	5.7812e-05	0.14292	supercritical
216.00	593.00	362.10	0.0027617	261.41	425.18	1.7433	1.9076	3.1546	1213.9	-0.039411	5.7418e-05	0.14227	supercritical
217.00	593.00	361.18	0.0027687	264.15	428.33	1.7579	1.9066	3.1545	1210.0	-0.039215	5.7029e-05	0.14163	supercritical
218.00	593.00	360.26	0.0027758	266.88	431.49	1.7724	1.9055	3.1545	1206.2	-0.039017	5.6646e-05	0.14100	supercritical
219.00	593.00	359.34	0.0027829	269.61	434.64	1.7868	1.9045	3.1544	1202.4	-0.038818	5.6268e-05	0.14037	supercritical
220.00	593.00	358.42	0.0027900	272.35	437.79	1.8012	1.9035	3.1544	1198.6	-0.038617	5.5895e-05	0.13974	supercritical
221.00	593.00	357.50	0.0027972	275.08	440.95	1.8155	1.9026	3.1543	1194.8	-0.038416	5.5527e-05	0.13912	supercritical
222.00	593.00	356.59	0.0028044	277.80	444.10	1.8297	1.9017	3.1543	1191.1	-0.038214	5.5164e-05	0.13851	supercritical
223.00	593.00	355.67	0.0028116	280.53	447.26	1.8439	1.9008	3.1543	1187.4	-0.038010	5.4805e-05	0.13790	supercritical
224.00	593.00	354.76	0.0028188	283.25	450.41	1.8580	1.9000	3.1542	1183.7	-0.037805	5.4452e-05	0.13730	supercritical
225.00	593.00	353.84	0.0028261	285.98	453.57	1.8721	1.8992	3.1542	1180.0	-0.037600	5.4103e-05	0.13670	supercritical
226.00	593.00	352.93	0.0028334	288.70	456.72	1.8861	1.8984	3.1542	1176.4	-0.037393	5.3759e-05	0.13611	supercritical
227.00	593.00	352.02	0.0028407	291.42	459.87	1.9000	1.8976	3.1542	1172.8	-0.037185	5.3420e-05	0.13553	supercritical
228.00	593.00	351.11	0.0028481	294.14	463.03	1.9139	1.8969	3.1542	1169.2	-0.036976	5.3084e-05	0.13495	supercritical
229.00	593.00	350.20	0.0028555	296.85	466.18	1.9277	1.8962	3.1542	1165.6	-0.036767	5.2754e-05	0.13437	supercritical
230.00	593.00	349.30	0.0028629	299.57	469.34	1.9414	1.8956	3.1542	1162.0	-0.036556	5.2427e-05	0.13380	supercritical
231.00	593.00	348.39	0.0028704	302.28	472.49	1.9551	1.8950	3.1542	1158.5	-0.036344	5.2105e-05	0.13324	supercritical
232.00	593.00	347.48	0.0028778	304.99	475.64	1.9687	1.8944	3.1542	1155.0	-0.036132	5.1787e-05	0.13268	supercritical
233.00	593.00	346.58	0.0028853	307.70	478.80	1.9823	1.8938	3.1542	1151.5	-0.035919	5.1473e-05	0.13212	supercritical
234.00	593.00	345.68	0.0028929	310.41	481.95	1.9958	1.8933	3.1542	1148.0	-0.035704	5.1163e-05	0.13158	supercritical
235.00	593.00	344.78	0.0029004	313.11	485.11	2.0092	1.8928	3.1542	1144.6	-0.035489	5.0857e-05	0.13103	supercritical
236.00	593.00	343.88	0.0029080	315.81	488.26	2.0226	1.8923	3.1542	1141.2	-0.035274	5.0555e-05	0.13049	supercritical
237.00	593.00	342.98	0.0029157	318.52	491.42	2.0360	1.8919	3.1543	1137.8	-0.035057	5.0256e-05	0.12996	supercritical
238.00	593.00	342.08	0.0029233	321.22	494.57	2.0493	1.8915	3.1543	1134.4	-0.034840	4.9962e-05	0.12943	supercritical
239.00	593.00	341.18	0.0029310	323.92	497.72	2.0625	1.8911	3.1543	1131.1	-0.034622	4.9671e-05	0.12891	supercritical
240.00	593.00	340.29	0.0029387	326.61	500.88	2.0756	1.8908	3.1544	1127.8	-0.034403	4.9384e-05	0.12839	supercritical
241.00	593.00	339.39	0.0029464	329.31	504.03	2.0888	1.8904	3.1544	1124.5	-0.034184	4.9100e-05	0.12788	supercritical
242.00	593.00	338.50	0.0029542	332.00	507.19	2.1018	1.8902	3.1545	1121.2	-0.033964	4.8820e-05	0.12738	supercritical
243.00	593.00	337.61	0.0029620	334.70	510.34	2.1148	1.8899	3.1545	1118.0	-0.033744	4.8544e-05	0.12687	supercritical
244.00	593.00	336.72	0.0029698	337.39	513.50	2.1278	1.8897	3.1546	1114.7	-0.033523	4.8271e-05	0.12638	supercritical
245.00	593.00	335.83	0.0029777	340.08	516.65	2.1407	1.8895	3.1546	1111.5	-0.033301	4.8001e-05	0.12589	supercritical
246.00	593.00	334.95	0.0029855	342.76	519.81	2.1535	1.8894	3.1547	1108.3	-0.033079	4.7735e-05	0.12540	supercritical
247.00	593.00	334.06	0.0029935	345.45	522.96	2.1663	1.8892	3.1548	1105.2	-0.032857	4.7472e-05	0.12492	supercritical
248.00	593.00	333.18	0.0030014	348.13	526.12	2.1791	1.8891	3.1548	1102.0	-0.032634	4.7212e-05	0.12444	supercritical
249.00	593.00	332.30	0.0030094	350.82	529.27	2.1918	1.8891	3.1549	1098.9	-0.032410	4.6955e-05	0.12397	supercritical
250.00	593.00	331.42	0.0030173	353.50	532.43	2.2044	1.8890	3.1550	1095.8	-0.032187	4.6702e-05	0.12350	supercritical
251.00	593.00	330.54	0.0030254	356.18	535.58	2.2170	1.8890	3.1551	1092.8	-0.031963	4.6451e-05	0.12304	supercritical
252.00	593.00	329.66	0.0030334	358.85	538.74	2.2296	1.8890	3.1551	1089.7	-0.031738	4.6204e-05	0.12258	supercritical
253.00	593.00	328.79	0.0030415	361.53	541.89	2.2421	1.8891	3.1552	1086.7	-0.031514	4.5960e-05	0.12213	supercritical
254.00	593.00	327.91	0.0030496	364.20	545.05	2.2545	1.8892	3.1553	1083.7	-0.031289	4.5718e-05	0.12169	supercritical
255.00	593.00	327.04	0.0030577	366.88	548.20	2.2669	1.8893	3.1554	1080.8	-0.031063	4.5480e-05	0.12124	supercritical
256.00	593.00	326.17	0.0030659	369.55	551.36	2.2793	1.8894	3.1555	1077.8	-0.030838	4.5244e-05	0.12081	supercritical
257.00	593.00	325.30	0.0030741	372.22	554.51	2.2916	1.8896	3.1556	1074.9	-0.030613	4.5011e-05	0.12037	supercritical
258.00	593.00	324.43	0.0030823	374.89	557.67	2.3038	1.8898	3.1556	1072.0	-0.030387	4.4781e-05	0.11995	supercritical
259.00	593.00	323.57	0.0030905	377.55	560.82	2.3160	1.8900	3.1557	1069.1	-0.030161	4.4554e-05	0.11952	supercritical
260.00	593.00	322.70	0.0030988	380.22	563.98	2.3282	1.8903	3.1558	1066.2	-0.029935	4.4330e-05	0.11910	supercritical
261.00	593.00	321.84	0.0031071	382.88	567.13	2.3403	1.8906	3.1559	1063.4	-0.029709	4.4108e-05	0.11869	supercritical
262.00	593.00	320.98	0.0031154	385.54	570.29	2.3524	1.8909	3.1560	1060.6	-0.029484	4.3889e-05	0.11828	supercritical
263.00	593.00	320.12	0.0031238	388.21	573.45	2.3644	1.8912	3.1561	1057.8	-0.029258	4.3672e-05	0.11788	supercritical
264.00	593.00	319.27	0.0031322	390.86	576.60	2.3764	1.8916	3.1562	1055.0	-0.029032	4.3458e-05	0.11748	supercritical
265.00	593.00	318.41	0.0031406	393.52	579.76	2.3883	1.8920	3.1563	1052.3	-0.028806	4.3247e-05	0.11708	supercritical
266.00	593.00	317.56	0.0031490	396.18	582.92	2.4002	1.8924	3.1565	1049.5	-0.028580	4.3038e-05	0.11669	supercritical
267.00	593.00	316.71	0.0031575	398.83	586.07	2.4120	1.8929	3.1566	1046.8	-0.028355	4.2831e-05	0.11630	supercritical
268.00	593.00	315.86	0.0031660	401.49	589.23	2.4238	1.8934	3.1567	1044.2	-0.028130	4.2627e-05	0.11592	supercritical
269.00	593.00	315.01	0.0031745	404.14	592.39	2.4356	1.8939	3.1568	1041.5	-0.027905	4.2426e-05	0.11555	supercritical
270.00	593.00	314.17	0.0031830	406.79	595.54	2.4473	1.8944	3.1569	1038.9	-0.027680	4.2226e-05	0.11517	supercritical
271.00	593.00	313.32	0.0031916	409.44	598.70	2.4590	1.8950	3.1570	1036.3	-0.027455	4.2030e-05	0.11480	supercritical
272.00	593.00	312.48	0.0032002	412.09	601.86	2.4706	1.8956	3.1571	1033.7	-0.027231	4.1835e-05	0.11444	supercritical
273.00	593.00	311.64	0.0032088	414.73	605.01	2.4822	1.8962	3.1573	1031.1	-0.027007	4.1643e-05	0.11408	supercritical
274.00	593.00	310.81	0.0032174	417.38	608.17	2.4937	1.8969	3.1574	1028.6	-0.026783	4.1453e-05	0.11373	supercritical
275.00	593.00	309.97	0.0032261	420.02	611.33	2.5052	1.8976	3.1575	1026.0	-0.026560	4.1265e-05	0.11337	supercritical
276.00	593.00	309.14	0.0032348	422.66	614.49	2.5167	1.8983	3.1576	1023.5	-0.026337	4.1079e-05	0.11303	supercritical
277.00	593.00	308.31	0.0032435	425.30	617.64	2.5281	1.8990	3.1578	1021.0	-0.026115	4.0896e-05	0.11269	supercritical
278.00	593.00	307.48	0.0032523	427.94	620.80	2.5395	1.8998	3.1579	1018.6	-0.025893	4.0714e-05	0.11235	supercritical
279.00	593.00	306.65	0.0032610	430.58	623.96	2.5508	1.9005	3.1580	1016.1	-0.025672	4.0535e-05	0.11201	supercritical
280.00	593.00	305.83	0.0032698	433.22	627.12	2.5621	1.9014	3.1582	1013.7	-0.025451	4.0358e-05	0.11168	supercritical
281.00	593.00	305.00	0.0032786	435.85	630.28	2.5734	1.9022	3.1583	1011.3	-0.025231	4.0183e-05	0.11136	supercritical
282.00	593.00	304.18	0.0032875	438.49	633.43	2.5846	1.9031	3.1584	1009.0	-0.025011	4.0010e-05	0.11104	supercritical
283.00	593.00	303.36	0.0032964	441.12	636.59	2.5958	1.9040	3.1586	1006.6	-0.024792	3.9839e-05	0.11072	supercritical
284.00	593.00	302.55	0.0033053	443.75	639.75	2.6069	1.9049	3.1587	1004.3	-0.024574	3.9670e-05	0.11041	supercritical
285.00	593.00	301.73	0.0033142	446.38	642.91	2.6180	1.9058	3.1589	1002.0	-0.024356	3.9503e-05	0.11010	supercritical
286.00	593.00	300.92	0.0033231	449.01	646.07	2.6291	1.9068	3.1590	999.67	-0.024139	3.9338e-05	0.10979	supercritical
287.00	593.00	300.11	0.0033321	451.64	649.23	2.6401	1.9078	3.1592	997.40	-0.023923	3.9174e-05	0.10949	supercritical
288.00	593.00	299.31	0.0033411	454.26	652.39	2.6511	1.9088	3.1593	995.15	-0.023707	3.9013e-05	0.10919	supercritical
289.00	593.00	298.50	0.0033501	456.89	655.55	2.6621	1.9099	3.1595	992.93	-0.023493	3.8854e-05	0.10890	supercritical
290.00	593.00	297.70	0.0033591	459.51	658.71	2.6730	1.9109	3.1596	990.72	-0.023279	3.8696e-05	0.10861	supercritical
291.00	593.00	296.90	0.0033682	462.13	661.87	2.6839	1.9120	3.1598	988.53	-0.023066	3.8540e-05	0.10832	supercritical
292.00	593.00	296.10	0.0033773	464.75	665.03	2.6947	1.9131	3.1599	986.37	-0.022854	3.8386e-05	0.10804	supercritical
293.00	593.00	295.30	0.0033864	467.37	668.19	2.7055	1.9143	3.1601	984.22	-0.022642	3.8234e-05	0.10776	supercritical
294.00	593.00	294.51	0.0033955	469.99	671.35	2.7163	1.9155	3.1603	982.10	-0.022432	3.8083e-05	0.10749	supercritical
295.00	593.00	293.72	0.0034046	472.61	674.51	2.7270	1.9167	3.1604	979.99	-0.022222	3.7935e-05	0.10722	supercritical
296.00	593.00	292.93	0.0034138	475.23	677.67	2.7377	1.9179	3.1606	977.91	-0.022014	3.7788e-05	0.10695	supercritical
297.00	593.00	292.14	0.0034230	477.84	680.83	2.7484	1.9191	3.1608	975.84	-0.021806	3.7642e-05	0.10669	supercritical
298.00	593.00	291.36	0.0034322	480.46	683.99	2.7590	1.9204	3.1610	973.80	-0.021600	3.7499e-05	0.10643	supercritical
299.00	593.00	290.58	0.0034414	483.07	687.15	2.7696	1.9217	3.1611	971.77	-0.021394	3.7357e-05	0.10618	supercritical
300.00	593.00	289.80	0.0034507	485.68	690.31	2.7801	1.9230	3.1613	969.76	-0.021190	3.7216e-05	0.10592	supercritical
301.00	593.00	289.02	0.0034600	488.29	693.47	2.7907	1.9243	3.1615	967.78	-0.020987	3.7077e-05	0.10568	supercritical
302.00	593.00	288.24	0.0034693	490.91	696.63	2.8011	1.9257	3.1617	965.81	-0.020784	3.6940e-05	0.10543	supercritical
303.00	593.00	287.47	0.0034786	493.51	699.80	2.8116	1.9271	3.1619	963.86	-0.020583	3.6805e-05	0.10519	supercritical
304.00	593.00	286.70	0.0034880	496.12	702.96	2.8220	1.9285	3.1621	961.93	-0.020383	3.6671e-05	0.10495	supercritical
305.00	593.00	285.93	0.0034973	498.73	706.12	2.8324	1.9299	3.1623	960.03	-0.020184	3.6538e-05	0.10472	supercritical
306.00	593.00	285.17	0.0035067	501.33	709.28	2.8427	1.9313	3.1625	958.14	-0.019987	3.6407e-05	0.10449	supercritical
307.00	593.00	284.41	0.0035161	503.94	712.44	2.8531	1.9328	3.1627	956.26	-0.019790	3.6278e-05	0.10426	supercritical
308.00	593.00	283.65	0.0035255	506.54	715.61	2.8633	1.9343	3.1629	954.41	-0.019595	3.6150e-05	0.10404	supercritical
309.00	593.00	282.89	0.0035350	509.15	718.77	2.8736	1.9358	3.1632	952.58	-0.019401	3.6023e-05	0.10382	supercritical
310.00	593.00	282.13	0.0035444	511.75	721.93	2.8838	1.9374	3.1634	950.76	-0.019208	3.5898e-05	0.10360	supercritical
311.00	593.00	281.38	0.0035539	514.35	725.10	2.8940	1.9389	3.1636	948.97	-0.019017	3.5774e-05	0.10339	supercritical
312.00	593.00	280.63	0.0035634	516.95	728.26	2.9042	1.9405	3.1638	947.19	-0.018827	3.5652e-05	0.10318	supercritical
313.00	593.00	279.88	0.0035729	519.55	731.43	2.9143	1.9421	3.1641	945.43	-0.018638	3.5531e-05	0.10297	supercritical
314.00	593.00	279.14	0.0035825	522.15	734.59	2.9244	1.9437	3.1643	943.69	-0.018451	3.5412e-05	0.10277	supercritical
315.00	593.00	278.39	0.0035920	524.75	737.75	2.9344	1.9454	3.1646	941.96	-0.018264	3.5294e-05	0.10257	supercritical
316.00	593.00	277.65	0.0036016	527.34	740.92	2.9445	1.9471	3.1648	940.26	-0.018080	3.5177e-05	0.10237	supercritical
317.00	593.00	276.91	0.0036112	529.94	744.08	2.9545	1.9487	3.1651	938.57	-0.017896	3.5062e-05	0.10218	supercritical
318.00	593.00	276.18	0.0036208	532.53	747.25	2.9644	1.9505	3.1653	936.90	-0.017714	3.4948e-05	0.10199	supercritical
319.00	593.00	275.45	0.0036305	535.13	750.41	2.9744	1.9522	3.1656	935.24	-0.017533	3.4835e-05	0.10180	supercritical
320.00	593.00	274.72	0.0036401	537.72	753.58	2.9843	1.9539	3.1659	933.61	-0.017354	3.4723e-05	0.10161	supercritical
321.00	593.00	273.99	0.0036498	540.31	756.75	2.9942	1.9557	3.1662	931.99	-0.017176	3.4613e-05	0.10143	supercritical
322.00	593.00	273.26	0.0036595	542.91	759.91	3.0040	1.9575	3.1664	930.39	-0.017000	3.4504e-05	0.10125	supercritical
323.00	593.00	272.54	0.0036692	545.50	763.08	3.0138	1.9593	3.1667	928.81	-0.016825	3.4397e-05	0.10108	supercritical
324.00	593.00	271.82	0.0036789	548.09	766.25	3.0236	1.9611	3.1670	927.24	-0.016652	3.4290e-05	0.10091	supercritical
325.00	593.00	271.10	0.0036886	550.68	769.41	3.0334	1.9630	3.1673	925.69	-0.016480	3.4185e-05	0.10074	supercritical
326.00	593.00	270.39	0.0036984	553.27	772.58	3.0431	1.9649	3.1676	924.16	-0.016309	3.4081e-05	0.10057	supercritical
327.00	593.00	269.68	0.0037081	555.86	775.75	3.0528	1.9667	3.1679	922.64	-0.016140	3.3979e-05	0.10041	supercritical
328.00	593.00	268.97	0.0037179	558.44	778.92	3.0625	1.9687	3.1683	921.14	-0.015973	3.3877e-05	0.10025	supercritical
329.00	593.00	268.26	0.0037277	561.03	782.08	3.0721	1.9706	3.1686	919.66	-0.015807	3.3777e-05	0.10009	supercritical
330.00	593.00	267.56	0.0037375	563.62	785.25	3.0818	1.9725	3.1689	918.19	-0.015643	3.3677e-05	0.099933	supercritical
331.00	593.00	266.85	0.0037474	566.20	788.42	3.0913	1.9745	3.1693	916.74	-0.015480	3.3579e-05	0.099781	supercritical
332.00	593.00	266.15	0.0037572	568.79	791.59	3.1009	1.9765	3.1696	915.30	-0.015318	3.3482e-05	0.099632	supercritical
333.00	593.00	265.46	0.0037671	571.37	794.76	3.1104	1.9785	3.1699	913.88	-0.015159	3.3386e-05	0.099486	supercritical
334.00	593.00	264.76	0.0037770	573.96	797.93	3.1199	1.9805	3.1703	912.48	-0.015000	3.3292e-05	0.099343	supercritical
335.00	593.00	264.07	0.0037869	576.54	801.10	3.1294	1.9825	3.1707	911.09	-0.014844	3.3198e-05	0.099202	supercritical
336.00	593.00	263.38	0.0037968	579.13	804.27	3.1389	1.9846	3.1710	909.72	-0.014689	3.3105e-05	0.099064	supercritical
337.00	593.00	262.70	0.0038067	581.71	807.44	3.1483	1.9867	3.1714	908.36	-0.014535	3.3014e-05	0.098928	supercritical
338.00	593.00	262.01	0.0038166	584.29	810.62	3.1577	1.9887	3.1718	907.02	-0.014384	3.2924e-05	0.098796	supercritical
339.00	593.00	261.33	0.0038266	586.87	813.79	3.1671	1.9908	3.1722	905.70	-0.014233	3.2834e-05	0.098666	supercritical
340.00	593.00	260.65	0.0038365	589.45	816.96	3.1764	1.9930	3.1726	904.39	-0.014085	3.2746e-05	0.098538	supercritical
341.00	593.00	259.98	0.0038465	592.04	820.13	3.1857	1.9951	3.1730	903.09	-0.013938	3.2658e-05	0.098414	supercritical
342.00	593.00	259.30	0.0038565	594.62	823.31	3.1950	1.9973	3.1735	901.81	-0.013792	3.2572e-05	0.098291	supercritical
343.00	593.00	258.63	0.0038665	597.20	826.48	3.2043	1.9995	3.1739	900.54	-0.013648	3.2487e-05	0.098172	supercritical
344.00	593.00	257.96	0.0038765	599.78	829.65	3.2135	2.0016	3.1743	899.29	-0.013506	3.2403e-05	0.098055	supercritical
345.00	593.00	257.30	0.0038865	602.36	832.83	3.2227	2.0039	3.1748	898.05	-0.013365	3.2319e-05	0.097940	supercritical
346.00	593.00	256.64	0.0038966	604.94	836.00	3.2319	2.0061	3.1752	896.83	-0.013227	3.2237e-05	0.097828	supercritical
347.00	593.00	255.97	0.0039066	607.52	839.18	3.2411	2.0083	3.1757	895.62	-0.013089	3.2156e-05	0.097718	supercritical
348.00	593.00	255.32	0.0039167	610.09	842.36	3.2502	2.0106	3.1761	894.43	-0.012953	3.2075e-05	0.097611	supercritical
349.00	593.00	254.66	0.0039268	612.67	845.53	3.2594	2.0128	3.1766	893.25	-0.012819	3.1996e-05	0.097507	supercritical
350.00	593.00	254.01	0.0039369	615.25	848.71	3.2684	2.0151	3.1771	892.08	-0.012687	3.1917e-05	0.097404	supercritical
351.00	593.00	253.36	0.0039470	617.83	851.89	3.2775	2.0174	3.1776	890.93	-0.012556	3.1839e-05	0.097304	supercritical
352.00	593.00	252.71	0.0039571	620.41	855.06	3.2865	2.0198	3.1781	889.79	-0.012427	3.1763e-05	0.097207	supercritical
353.00	593.00	252.07	0.0039672	622.99	858.24	3.2956	2.0221	3.1786	888.67	-0.012299	3.1687e-05	0.097112	supercritical
354.00	593.00	251.42	0.0039774	625.56	861.42	3.3046	2.0244	3.1791	887.56	-0.012173	3.1612e-05	0.097019	supercritical
355.00	593.00	250.78	0.0039875	628.14	864.60	3.3135	2.0268	3.1797	886.46	-0.012049	3.1538e-05	0.096928	supercritical
356.00	593.00	250.15	0.0039977	630.72	867.78	3.3225	2.0292	3.1802	885.37	-0.011926	3.1465e-05	0.096840	supercritical
357.00	593.00	249.51	0.0040078	633.30	870.96	3.3314	2.0316	3.1808	884.30	-0.011805	3.1392e-05	0.096754	supercritical
358.00	593.00	248.88	0.0040180	635.87	874.14	3.3403	2.0340	3.1813	883.24	-0.011686	3.1321e-05	0.096670	supercritical
359.00	593.00	248.25	0.0040282	638.45	877.32	3.3492	2.0364	3.1819	882.20	-0.011568	3.1250e-05	0.096589	supercritical
360.00	593.00	247.62	0.0040384	641.03	880.51	3.3580	2.0389	3.1825	881.17	-0.011452	3.1180e-05	0.096510	supercritical
361.00	593.00	247.00	0.0040486	643.61	883.69	3.3668	2.0413	3.1831	880.15	-0.011337	3.1111e-05	0.096432	supercritical
362.00	593.00	246.38	0.0040588	646.18	886.87	3.3757	2.0438	3.1837	879.14	-0.011224	3.1043e-05	0.096358	supercritical
363.00	593.00	245.76	0.0040691	648.76	890.06	3.3844	2.0463	3.1843	878.14	-0.011113	3.0976e-05	0.096285	supercritical
364.00	593.00	245.14	0.0040793	651.34	893.24	3.3932	2.0488	3.1849	877.16	-0.011003	3.0909e-05	0.096214	supercritical
365.00	593.00	244.53	0.0040895	653.92	896.43	3.4019	2.0513	3.1855	876.19	-0.010895	3.0844e-05	0.096146	supercritical
366.00	593.00	243.91	0.0040998	656.49	899.61	3.4107	2.0538	3.1862	875.24	-0.010789	3.0779e-05	0.096079	supercritical
367.00	593.00	243.30	0.0041101	659.07	902.80	3.4193	2.0563	3.1868	874.29	-0.010684	3.0715e-05	0.096015	supercritical
368.00	593.00	242.70	0.0041203	661.65	905.99	3.4280	2.0589	3.1875	873.36	-0.010580	3.0651e-05	0.095952	supercritical
369.00	593.00	242.09	0.0041306	664.23	909.17	3.4367	2.0614	3.1882	872.43	-0.010479	3.0588e-05	0.095892	supercritical
370.00	593.00	241.49	0.0041409	666.80	912.36	3.4453	2.0640	3.1888	871.52	-0.010379	3.0526e-05	0.095834	supercritical
371.00	593.00	240.89	0.0041512	669.38	915.55	3.4539	2.0666	3.1895	870.63	-0.010280	3.0465e-05	0.095778	supercritical
372.00	593.00	240.30	0.0041615	671.96	918.74	3.4625	2.0692	3.1902	869.74	-0.010183	3.0405e-05	0.095723	supercritical
373.00	593.00	239.70	0.0041719	674.54	921.93	3.4711	2.0718	3.1910	868.86	-0.010088	3.0345e-05	0.095671	supercritical
374.00	593.00	239.11	0.0041822	677.12	925.12	3.4796	2.0744	3.1917	868.00	-0.0099936	3.0286e-05	0.095621	supercritical
375.00	593.00	238.52	0.0041925	679.70	928.31	3.4881	2.0771	3.1924	867.15	-0.0099013	3.0228e-05	0.095572	supercritical
376.00	593.00	237.93	0.0042029	682.28	931.51	3.4966	2.0797	3.1932	866.31	-0.0098105	3.0170e-05	0.095526	supercritical
377.00	593.00	237.35	0.0042132	684.86	934.70	3.5051	2.0824	3.1939	865.48	-0.0097212	3.0113e-05	0.095481	supercritical
378.00	593.00	236.77	0.0042236	687.44	937.90	3.5136	2.0851	3.1947	864.66	-0.0096335	3.0057e-05	0.095438	supercritical
379.00	593.00	236.19	0.0042339	690.02	941.09	3.5220	2.0878	3.1955	863.85	-0.0095473	3.0002e-05	0.095398	supercritical
380.00	593.00	235.61	0.0042443	692.60	944.29	3.5304	2.0905	3.1963	863.05	-0.0094626	2.9947e-05	0.095359	supercritical
381.00	593.00	235.04	0.0042547	695.18	947.48	3.5388	2.0932	3.1971	862.26	-0.0093794	2.9893e-05	0.095321	supercritical
382.00	593.00	234.46	0.0042650	697.76	950.68	3.5472	2.0959	3.1979	861.49	-0.0092977	2.9839e-05	0.095286	supercritical
383.00	593.00	233.89	0.0042754	700.34	953.88	3.5556	2.0986	3.1987	860.72	-0.0092175	2.9786e-05	0.095252	supercritical
384.00	593.00	233.33	0.0042858	702.93	957.08	3.5639	2.1014	3.1995	859.96	-0.0091388	2.9734e-05	0.095221	supercritical
385.00	593.00	232.76	0.0042962	705.51	960.28	3.5722	2.1041	3.2004	859.22	-0.0090616	2.9683e-05	0.095191	supercritical
386.00	593.00	232.20	0.0043066	708.09	963.48	3.5805	2.1069	3.2012	858.48	-0.0089858	2.9632e-05	0.095162	supercritical
387.00	593.00	231.64	0.0043171	710.68	966.68	3.5888	2.1097	3.2021	857.76	-0.0089115	2.9581e-05	0.095136	supercritical
388.00	593.00	231.08	0.0043275	713.26	969.88	3.5971	2.1124	3.2030	857.04	-0.0088387	2.9532e-05	0.095111	supercritical
389.00	593.00	230.53	0.0043379	715.85	973.09	3.6053	2.1152	3.2039	856.34	-0.0087673	2.9483e-05	0.095088	supercritical
390.00	593.00	229.97	0.0043483	718.43	976.29	3.6136	2.1181	3.2048	855.64	-0.0086973	2.9434e-05	0.095067	supercritical
391.00	593.00	229.42	0.0043588	721.02	979.50	3.6218	2.1209	3.2057	854.96	-0.0086287	2.9386e-05	0.095047	supercritical
392.00	593.00	228.87	0.0043692	723.61	982.70	3.6300	2.1237	3.2066	854.28	-0.0085616	2.9339e-05	0.095029	supercritical
393.00	593.00	228.33	0.0043797	726.19	985.91	3.6381	2.1265	3.2076	853.61	-0.0084958	2.9292e-05	0.095013	supercritical
394.00	593.00	227.78	0.0043901	728.78	989.12	3.6463	2.1294	3.2085	852.96	-0.0084314	2.9246e-05	0.094998	supercritical
395.00	593.00	227.24	0.0044006	731.37	992.33	3.6544	2.1322	3.2095	852.31	-0.0083685	2.9201e-05	0.094985	supercritical
396.00	593.00	226.70	0.0044110	733.96	995.54	3.6625	2.1351	3.2104	851.67	-0.0083069	2.9156e-05	0.094973	supercritical
397.00	593.00	226.17	0.0044215	736.55	998.75	3.6706	2.1380	3.2114	851.04	-0.0082466	2.9111e-05	0.094963	supercritical
398.00	593.00	225.63	0.0044320	739.14	1002.0	3.6787	2.1409	3.2124	850.42	-0.0081877	2.9068e-05	0.094955	supercritical
399.00	593.00	225.10	0.0044425	741.73	1005.2	3.6868	2.1438	3.2134	849.81	-0.0081302	2.9024e-05	0.094948	supercritical
400.00	593.00	224.57	0.0044529	744.33	1008.4	3.6948	2.1467	3.2144	849.21	-0.0080740	2.8982e-05	0.094943	supercritical
401.00	593.00	224.04	0.0044634	746.92	1011.6	3.7029	2.1496	3.2155	848.61	-0.0080191	2.8939e-05	0.094939	supercritical
402.00	593.00	223.52	0.0044739	749.51	1014.8	3.7109	2.1525	3.2165	848.03	-0.0079655	2.8898e-05	0.094937	supercritical
403.00	593.00	222.99	0.0044844	752.11	1018.0	3.7189	2.1555	3.2176	847.45	-0.0079132	2.8857e-05	0.094937	supercritical
404.00	593.00	222.47	0.0044949	754.70	1021.3	3.7268	2.1584	3.2186	846.88	-0.0078622	2.8816e-05	0.094938	supercritical
405.00	593.00	221.96	0.0045054	757.30	1024.5	3.7348	2.1614	3.2197	846.32	-0.0078125	2.8776e-05	0.094940	supercritical
406.00	593.00	221.44	0.0045159	759.90	1027.7	3.7427	2.1643	3.2208	845.77	-0.0077641	2.8736e-05	0.094944	supercritical
407.00	593.00	220.92	0.0045264	762.50	1030.9	3.7507	2.1673	3.2219	845.23	-0.0077169	2.8697e-05	0.094949	supercritical
408.00	593.00	220.41	0.0045369	765.09	1034.1	3.7586	2.1703	3.2230	844.70	-0.0076710	2.8659e-05	0.094956	supercritical
409.00	593.00	219.90	0.0045475	767.69	1037.4	3.7665	2.1733	3.2241	844.17	-0.0076263	2.8621e-05	0.094964	supercritical
410.00	593.00	219.40	0.0045580	770.30	1040.6	3.7743	2.1763	3.2253	843.65	-0.0075828	2.8583e-05	0.094974	supercritical
411.00	593.00	218.89	0.0045685	772.90	1043.8	3.7822	2.1793	3.2264	843.14	-0.0075405	2.8546e-05	0.094985	supercritical
412.00	593.00	218.39	0.0045790	775.50	1047.0	3.7900	2.1823	3.2276	842.64	-0.0074995	2.8510e-05	0.094997	supercritical
413.00	593.00	217.89	0.0045895	778.10	1050.3	3.7979	2.1853	3.2288	842.15	-0.0074596	2.8473e-05	0.095011	supercritical
414.00	593.00	217.39	0.0046001	780.71	1053.5	3.8057	2.1883	3.2299	841.66	-0.0074209	2.8438e-05	0.095026	supercritical
415.00	593.00	216.89	0.0046106	783.31	1056.7	3.8135	2.1914	3.2311	841.18	-0.0073834	2.8403e-05	0.095043	supercritical
416.00	593.00	216.40	0.0046211	785.92	1060.0	3.8212	2.1944	3.2323	840.71	-0.0073470	2.8368e-05	0.095061	supercritical
417.00	593.00	215.90	0.0046317	788.53	1063.2	3.8290	2.1975	3.2336	840.25	-0.0073118	2.8334e-05	0.095080	supercritical
418.00	593.00	215.41	0.0046422	791.14	1066.4	3.8367	2.2005	3.2348	839.79	-0.0072777	2.8300e-05	0.095101	supercritical
419.00	593.00	214.93	0.0046528	793.75	1069.7	3.8445	2.2036	3.2360	839.34	-0.0072448	2.8267e-05	0.095123	supercritical
420.00	593.00	214.44	0.0046633	796.36	1072.9	3.8522	2.2066	3.2373	838.90	-0.0072129	2.8234e-05	0.095146	supercritical
421.00	593.00	213.96	0.0046739	798.97	1076.1	3.8599	2.2097	3.2385	838.47	-0.0071822	2.8201e-05	0.095170	supercritical
422.00	593.00	213.47	0.0046844	801.59	1079.4	3.8676	2.2128	3.2398	838.04	-0.0071526	2.8169e-05	0.095196	supercritical
423.00	593.00	212.99	0.0046950	804.20	1082.6	3.8752	2.2159	3.2411	837.62	-0.0071240	2.8138e-05	0.095223	supercritical
424.00	593.00	212.52	0.0047055	806.82	1085.9	3.8829	2.2190	3.2424	837.21	-0.0070965	2.8107e-05	0.095252	supercritical
425.00	593.00	212.04	0.0047161	809.43	1089.1	3.8905	2.2221	3.2437	836.80	-0.0070700	2.8076e-05	0.095282	supercritical
426.00	593.00	211.57	0.0047266	812.05	1092.3	3.8982	2.2252	3.2450	836.40	-0.0070447	2.8046e-05	0.095312	supercritical
427.00	593.00	211.10	0.0047372	814.67	1095.6	3.9058	2.2284	3.2464	836.01	-0.0070203	2.8016e-05	0.095345	supercritical
428.00	593.00	210.63	0.0047478	817.29	1098.8	3.9134	2.2315	3.2477	835.63	-0.0069970	2.7986e-05	0.095378	supercritical
429.00	593.00	210.16	0.0047583	819.91	1102.1	3.9210	2.2346	3.2491	835.25	-0.0069746	2.7957e-05	0.095413	supercritical
430.00	593.00	209.69	0.0047689	822.54	1105.3	3.9285	2.2378	3.2504	834.87	-0.0069533	2.7928e-05	0.095448	supercritical
431.00	593.00	209.23	0.0047795	825.16	1108.6	3.9361	2.2409	3.2518	834.51	-0.0069330	2.7900e-05	0.095485	supercritical
432.00	593.00	208.77	0.0047900	827.79	1111.8	3.9436	2.2441	3.2532	834.15	-0.0069136	2.7872e-05	0.095524	supercritical
433.00	593.00	208.31	0.0048006	830.42	1115.1	3.9511	2.2472	3.2546	833.80	-0.0068952	2.7845e-05	0.095563	supercritical
434.00	593.00	207.85	0.0048112	833.04	1118.3	3.9586	2.2504	3.2560	833.45	-0.0068778	2.7818e-05	0.095604	supercritical
435.00	593.00	207.39	0.0048217	835.67	1121.6	3.9661	2.2536	3.2575	833.11	-0.0068613	2.7791e-05	0.095645	supercritical
436.00	593.00	206.94	0.0048323	838.31	1124.9	3.9736	2.2567	3.2589	832.78	-0.0068458	2.7765e-05	0.095688	supercritical
437.00	593.00	206.49	0.0048429	840.94	1128.1	3.9811	2.2599	3.2603	832.45	-0.0068311	2.7739e-05	0.095732	supercritical
438.00	593.00	206.04	0.0048534	843.57	1131.4	3.9885	2.2631	3.2618	832.13	-0.0068174	2.7713e-05	0.095777	supercritical
439.00	593.00	205.59	0.0048640	846.21	1134.6	3.9960	2.2663	3.2633	831.81	-0.0068046	2.7688e-05	0.095824	supercritical
440.00	593.00	205.15	0.0048746	848.84	1137.9	4.0034	2.2695	3.2647	831.51	-0.0067927	2.7663e-05	0.095871	supercritical
441.00	593.00	204.70	0.0048852	851.48	1141.2	4.0108	2.2727	3.2662	831.20	-0.0067817	2.7638e-05	0.095920	supercritical
442.00	593.00	204.26	0.0048957	854.12	1144.4	4.0182	2.2759	3.2677	830.91	-0.0067715	2.7614e-05	0.095969	supercritical
443.00	593.00	203.82	0.0049063	856.76	1147.7	4.0256	2.2792	3.2692	830.61	-0.0067622	2.7590e-05	0.096020	supercritical
444.00	593.00	203.38	0.0049169	859.41	1151.0	4.0330	2.2824	3.2708	830.33	-0.0067537	2.7567e-05	0.096072	supercritical
445.00	593.00	202.94	0.0049275	862.05	1154.3	4.0403	2.2856	3.2723	830.05	-0.0067461	2.7544e-05	0.096125	supercritical
446.00	593.00	202.51	0.0049380	864.70	1157.5	4.0477	2.2888	3.2739	829.77	-0.0067393	2.7521e-05	0.096179	supercritical
447.00	593.00	202.08	0.0049486	867.34	1160.8	4.0550	2.2921	3.2754	829.50	-0.0067333	2.7499e-05	0.096234	supercritical
448.00	593.00	201.65	0.0049592	869.99	1164.1	4.0623	2.2953	3.2770	829.24	-0.0067282	2.7477e-05	0.096290	supercritical
449.00	593.00	201.22	0.0049698	872.64	1167.4	4.0696	2.2986	3.2786	828.98	-0.0067238	2.7455e-05	0.096347	supercritical
450.00	593.00	200.79	0.0049804	875.30	1170.6	4.0769	2.3018	3.2801	828.73	-0.0067202	2.7433e-05	0.096405	supercritical
451.00	593.00	200.36	0.0049909	877.95	1173.9	4.0842	2.3051	3.2817	828.48	-0.0067174	2.7412e-05	0.096464	supercritical
452.00	593.00	199.94	0.0050015	880.60	1177.2	4.0915	2.3084	3.2833	828.24	-0.0067154	2.7392e-05	0.096524	supercritical
453.00	593.00	199.52	0.0050121	883.26	1180.5	4.0988	2.3116	3.2850	828.01	-0.0067141	2.7371e-05	0.096586	supercritical
454.00	593.00	199.10	0.0050227	885.92	1183.8	4.1060	2.3149	3.2866	827.77	-0.0067136	2.7351e-05	0.096648	supercritical
455.00	593.00	198.68	0.0050332	888.58	1187.1	4.1132	2.3182	3.2882	827.55	-0.0067137	2.7331e-05	0.096711	supercritical
456.00	593.00	198.26	0.0050438	891.24	1190.3	4.1205	2.3215	3.2899	827.33	-0.0067147	2.7312e-05	0.096775	supercritical
457.00	593.00	197.85	0.0050544	893.91	1193.6	4.1277	2.3247	3.2915	827.11	-0.0067163	2.7292e-05	0.096840	supercritical
458.00	593.00	197.43	0.0050650	896.57	1196.9	4.1349	2.3280	3.2932	826.90	-0.0067187	2.7274e-05	0.096906	supercritical
459.00	593.00	197.02	0.0050755	899.24	1200.2	4.1420	2.3313	3.2949	826.69	-0.0067217	2.7255e-05	0.096973	supercritical
460.00	593.00	196.61	0.0050861	901.91	1203.5	4.1492	2.3346	3.2966	826.49	-0.0067254	2.7237e-05	0.097041	supercritical
461.00	593.00	196.21	0.0050967	904.58	1206.8	4.1564	2.3379	3.2983	826.30	-0.0067298	2.7219e-05	0.097110	supercritical
462.00	593.00	195.80	0.0051073	907.25	1210.1	4.1635	2.3412	3.3000	826.11	-0.0067349	2.7201e-05	0.097180	supercritical
463.00	593.00	195.39	0.0051178	909.92	1213.4	4.1707	2.3445	3.3017	825.92	-0.0067407	2.7183e-05	0.097251	supercritical
464.00	593.00	194.99	0.0051284	912.60	1216.7	4.1778	2.3479	3.3035	825.74	-0.0067471	2.7166e-05	0.097323	supercritical
465.00	593.00	194.59	0.0051390	915.28	1220.0	4.1849	2.3512	3.3052	825.56	-0.0067541	2.7149e-05	0.097396	supercritical
466.00	593.00	194.19	0.0051496	917.96	1223.3	4.1920	2.3545	3.3069	825.39	-0.0067617	2.7133e-05	0.097470	supercritical
467.00	593.00	193.79	0.0051601	920.64	1226.6	4.1991	2.3578	3.3087	825.22	-0.0067700	2.7117e-05	0.097544	supercritical
468.00	593.00	193.40	0.0051707	923.32	1229.9	4.2062	2.3612	3.3105	825.05	-0.0067789	2.7100e-05	0.097620	supercritical
469.00	593.00	193.00	0.0051813	926.00	1233.3	4.2132	2.3645	3.3123	824.90	-0.0067884	2.7085e-05	0.097696	supercritical
470.00	593.00	192.61	0.0051918	928.69	1236.6	4.2203	2.3678	3.3140	824.74	-0.0067985	2.7069e-05	0.097773	supercritical
471.00	593.00	192.22	0.0052024	931.38	1239.9	4.2273	2.3712	3.3158	824.59	-0.0068092	2.7054e-05	0.097851	supercritical
472.00	593.00	191.83	0.0052130	934.07	1243.2	4.2344	2.3745	3.3177	824.44	-0.0068205	2.7039e-05	0.097930	supercritical
473.00	593.00	191.44	0.0052235	936.76	1246.5	4.2414	2.3779	3.3195	824.30	-0.0068323	2.7024e-05	0.098010	supercritical
474.00	593.00	191.05	0.0052341	939.46	1249.8	4.2484	2.3812	3.3213	824.17	-0.0068447	2.7010e-05	0.098091	supercritical
475.00	593.00	190.67	0.0052447	942.15	1253.2	4.2554	2.3846	3.3231	824.03	-0.0068576	2.6996e-05	0.098173	supercritical
476.00	593.00	190.29	0.0052552	944.85	1256.5	4.2624	2.3879	3.3250	823.90	-0.0068711	2.6982e-05	0.098255	supercritical
477.00	593.00	189.91	0.0052658	947.55	1259.8	4.2694	2.3913	3.3268	823.78	-0.0068851	2.6968e-05	0.098338	supercritical
478.00	593.00	189.53	0.0052763	950.25	1263.1	4.2764	2.3946	3.3287	823.66	-0.0068997	2.6955e-05	0.098423	supercritical
479.00	593.00	189.15	0.0052869	952.95	1266.5	4.2833	2.3980	3.3306	823.54	-0.0069147	2.6942e-05	0.098508	supercritical
480.00	593.00	188.77	0.0052974	955.66	1269.8	4.2903	2.4014	3.3325	823.43	-0.0069303	2.6929e-05	0.098593	supercritical
481.00	593.00	188.39	0.0053080	958.37	1273.1	4.2972	2.4047	3.3343	823.32	-0.0069464	2.6916e-05	0.098680	supercritical
482.00	593.00	188.02	0.0053186	961.08	1276.5	4.3041	2.4081	3.3362	823.21	-0.0069630	2.6904e-05	0.098768	supercritical
483.00	593.00	187.65	0.0053291	963.79	1279.8	4.3110	2.4115	3.3382	823.11	-0.0069800	2.6891e-05	0.098856	supercritical
484.00	593.00	187.28	0.0053397	966.50	1283.1	4.3179	2.4149	3.3401	823.02	-0.0069976	2.6879e-05	0.098945	supercritical
485.00	593.00	186.91	0.0053502	969.22	1286.5	4.3248	2.4183	3.3420	822.92	-0.0070156	2.6868e-05	0.099035	supercritical
486.00	593.00	186.54	0.0053608	971.93	1289.8	4.3317	2.4216	3.3439	822.83	-0.0070341	2.6856e-05	0.099125	supercritical
487.00	593.00	186.17	0.0053713	974.65	1293.2	4.3386	2.4250	3.3459	822.75	-0.0070530	2.6845e-05	0.099217	supercritical
488.00	593.00	185.81	0.0053818	977.38	1296.5	4.3455	2.4284	3.3478	822.66	-0.0070724	2.6834e-05	0.099309	supercritical
489.00	593.00	185.45	0.0053924	980.10	1299.9	4.3523	2.4318	3.3498	822.58	-0.0070922	2.6823e-05	0.099402	supercritical
490.00	593.00	185.08	0.0054029	982.82	1303.2	4.3592	2.4352	3.3518	822.51	-0.0071125	2.6812e-05	0.099496	supercritical
491.00	593.00	184.72	0.0054135	985.55	1306.6	4.3660	2.4386	3.3537	822.44	-0.0071331	2.6802e-05	0.099591	supercritical
492.00	593.00	184.37	0.0054240	988.28	1309.9	4.3728	2.4420	3.3557	822.37	-0.0071543	2.6792e-05	0.099686	supercritical
493.00	593.00	184.01	0.0054345	991.01	1313.3	4.3796	2.4454	3.3577	822.31	-0.0071758	2.6782e-05	0.099782	supercritical
494.00	593.00	183.65	0.0054451	993.75	1316.6	4.3865	2.4488	3.3597	822.25	-0.0071977	2.6772e-05	0.099879	supercritical
495.00	593.00	183.30	0.0054556	996.48	1320.0	4.3933	2.4522	3.3617	822.19	-0.0072200	2.6763e-05	0.099976	supercritical
496.00	593.00	182.94	0.0054661	999.22	1323.4	4.4000	2.4556	3.3637	822.13	-0.0072427	2.6753e-05	0.10007	supercritical
497.00	593.00	182.59	0.0054767	1002.0	1326.7	4.4068	2.4590	3.3658	822.08	-0.0072658	2.6744e-05	0.10017	supercritical
498.00	593.00	182.24	0.0054872	1004.7	1330.1	4.4136	2.4625	3.3678	822.04	-0.0072893	2.6735e-05	0.10027	supercritical
499.00	593.00	181.89	0.0054977	1007.5	1333.5	4.4203	2.4659	3.3699	821.99	-0.0073131	2.6727e-05	0.10037	supercritical
500.00	593.00	181.55	0.0055082	1010.2	1336.8	4.4271	2.4693	3.3719	821.95	-0.0073374	2.6718e-05	0.10048	supercritical
501.00	593.00	181.20	0.0055188	1012.9	1340.2	4.4338	2.4727	3.3740	821.91	-0.0073619	2.6710e-05	0.10058	supercritical
502.00	593.00	180.86	0.0055293	1015.7	1343.6	4.4406	2.4761	3.3760	821.88	-0.0073869	2.6702e-05	0.10068	supercritical
503.00	593.00	180.51	0.0055398	1018.5	1347.0	4.4473	2.4796	3.3781	821.85	-0.0074121	2.6694e-05	0.10078	supercritical
504.00	593.00	180.17	0.0055503	1021.2	1350.3	4.4540	2.4830	3.3802	821.82	-0.0074377	2.6686e-05	0.10089	supercritical
505.00	593.00	179.83	0.0055608	1024.0	1353.7	4.4607	2.4864	3.3823	821.79	-0.0074637	2.6679e-05	0.10099	supercritical
506.00	593.00	179.49	0.0055713	1026.7	1357.1	4.4674	2.4898	3.3844	821.77	-0.0074899	2.6671e-05	0.10110	supercritical
507.00	593.00	179.15	0.0055818	1029.5	1360.5	4.4741	2.4933	3.3865	821.75	-0.0075165	2.6664e-05	0.10120	supercritical
508.00	593.00	178.82	0.0055923	1032.3	1363.9	4.4807	2.4967	3.3886	821.74	-0.0075434	2.6657e-05	0.10131	supercritical
509.00	593.00	178.48	0.0056029	1035.0	1367.3	4.4874	2.5001	3.3907	821.73	-0.0075706	2.6650e-05	0.10142	supercritical
510.00	593.00	178.15	0.0056134	1037.8	1370.7	4.4941	2.5036	3.3928	821.72	-0.0075982	2.6644e-05	0.10153	supercritical
511.00	593.00	177.81	0.0056239	1040.6	1374.1	4.5007	2.5070	3.3950	821.71	-0.0076260	2.6637e-05	0.10163	supercritical
512.00	593.00	177.48	0.0056344	1043.3	1377.4	4.5074	2.5104	3.3971	821.70	-0.0076541	2.6631e-05	0.10174	supercritical
513.00	593.00	177.15	0.0056448	1046.1	1380.8	4.5140	2.5139	3.3993	821.70	-0.0076825	2.6625e-05	0.10185	supercritical
514.00	593.00	176.82	0.0056553	1048.9	1384.2	4.5206	2.5173	3.4014	821.70	-0.0077111	2.6619e-05	0.10197	supercritical
515.00	593.00	176.50	0.0056658	1051.7	1387.6	4.5272	2.5208	3.4036	821.71	-0.0077401	2.6614e-05	0.10208	supercritical
516.00	593.00	176.17	0.0056763	1054.4	1391.1	4.5338	2.5242	3.4057	821.72	-0.0077693	2.6608e-05	0.10219	supercritical
517.00	593.00	175.85	0.0056868	1057.2	1394.5	4.5404	2.5276	3.4079	821.73	-0.0077988	2.6603e-05	0.10230	supercritical
518.00	593.00	175.52	0.0056973	1060.0	1397.9	4.5470	2.5311	3.4101	821.74	-0.0078285	2.6598e-05	0.10242	supercritical
519.00	593.00	175.20	0.0057078	1062.8	1401.3	4.5536	2.5345	3.4123	821.75	-0.0078585	2.6593e-05	0.10253	supercritical
520.00	593.00	174.88	0.0057183	1065.6	1404.7	4.5602	2.5380	3.4145	821.77	-0.0078887	2.6588e-05	0.10264	supercritical
521.00	593.00	174.56	0.0057287	1068.4	1408.1	4.5667	2.5414	3.4167	821.79	-0.0079192	2.6583e-05	0.10276	supercritical
522.00	593.00	174.24	0.0057392	1071.2	1411.5	4.5733	2.5449	3.4189	821.82	-0.0079499	2.6579e-05	0.10288	supercritical
523.00	593.00	173.92	0.0057497	1074.0	1414.9	4.5798	2.5483	3.4211	821.84	-0.0079809	2.6574e-05	0.10299	supercritical
524.00	593.00	173.61	0.0057601	1076.8	1418.4	4.5864	2.5518	3.4233	821.87	-0.0080120	2.6570e-05	0.10311	supercritical
525.00	593.00	173.29	0.0057706	1079.6	1421.8	4.5929	2.5552	3.4256	821.90	-0.0080434	2.6566e-05	0.10323	supercritical
526.00	593.00	172.98	0.0057811	1082.4	1425.2	4.5994	2.5587	3.4278	821.94	-0.0080750	2.6562e-05	0.10334	supercritical
527.00	593.00	172.67	0.0057915	1085.2	1428.7	4.6059	2.5621	3.4300	821.97	-0.0081069	2.6559e-05	0.10346	supercritical
528.00	593.00	172.35	0.0058020	1088.0	1432.1	4.6124	2.5656	3.4323	822.01	-0.0081389	2.6555e-05	0.10358	supercritical
529.00	593.00	172.04	0.0058125	1090.8	1435.5	4.6189	2.5691	3.4345	822.05	-0.0081712	2.6552e-05	0.10370	supercritical
530.00	593.00	171.74	0.0058229	1093.7	1439.0	4.6254	2.5725	3.4368	822.09	-0.0082036	2.6549e-05	0.10382	supercritical
531.00	593.00	171.43	0.0058334	1096.5	1442.4	4.6319	2.5760	3.4391	822.14	-0.0082362	2.6546e-05	0.10395	supercritical
532.00	593.00	171.12	0.0058438	1099.3	1445.8	4.6384	2.5794	3.4413	822.19	-0.0082691	2.6543e-05	0.10407	supercritical
533.00	593.00	170.82	0.0058543	1102.1	1449.3	4.6448	2.5829	3.4436	822.24	-0.0083021	2.6540e-05	0.10419	supercritical
534.00	593.00	170.51	0.0058647	1104.9	1452.7	4.6513	2.5863	3.4459	822.29	-0.0083353	2.6537e-05	0.10431	supercritical
535.00	593.00	170.21	0.0058752	1107.8	1456.2	4.6577	2.5898	3.4482	822.35	-0.0083686	2.6535e-05	0.10444	supercritical
536.00	593.00	169.91	0.0058856	1110.6	1459.6	4.6642	2.5933	3.4505	822.40	-0.0084022	2.6532e-05	0.10456	supercritical
537.00	593.00	169.61	0.0058960	1113.4	1463.1	4.6706	2.5967	3.4528	822.46	-0.0084359	2.6530e-05	0.10469	supercritical
538.00	593.00	169.31	0.0059065	1116.3	1466.5	4.6770	2.6002	3.4551	822.53	-0.0084698	2.6528e-05	0.10481	supercritical
539.00	593.00	169.01	0.0059169	1119.1	1470.0	4.6835	2.6037	3.4574	822.59	-0.0085038	2.6526e-05	0.10494	supercritical
540.00	593.00	168.71	0.0059273	1121.9	1473.4	4.6899	2.6071	3.4597	822.66	-0.0085380	2.6525e-05	0.10506	supercritical
541.00	593.00	168.41	0.0059378	1124.8	1476.9	4.6963	2.6106	3.4621	822.73	-0.0085724	2.6523e-05	0.10519	supercritical
542.00	593.00	168.12	0.0059482	1127.6	1480.4	4.7027	2.6140	3.4644	822.80	-0.0086069	2.6521e-05	0.10532	supercritical
543.00	593.00	167.82	0.0059586	1130.5	1483.8	4.7090	2.6175	3.4667	822.87	-0.0086415	2.6520e-05	0.10545	supercritical
544.00	593.00	167.53	0.0059690	1133.3	1487.3	4.7154	2.6210	3.4691	822.94	-0.0086763	2.6519e-05	0.10557	supercritical
545.00	593.00	167.24	0.0059795	1136.2	1490.8	4.7218	2.6244	3.4714	823.02	-0.0087112	2.6518e-05	0.10570	supercritical
546.00	593.00	166.95	0.0059899	1139.0	1494.2	4.7282	2.6279	3.4738	823.10	-0.0087463	2.6517e-05	0.10583	supercritical
547.00	593.00	166.66	0.0060003	1141.9	1497.7	4.7345	2.6314	3.4761	823.18	-0.0087814	2.6516e-05	0.10596	supercritical
548.00	593.00	166.37	0.0060107	1144.8	1501.2	4.7409	2.6348	3.4785	823.26	-0.0088168	2.6515e-05	0.10609	supercritical
549.00	593.00	166.08	0.0060211	1147.6	1504.7	4.7472	2.6383	3.4809	823.35	-0.0088522	2.6515e-05	0.10623	supercritical
550.00	593.00	165.80	0.0060315	1150.5	1508.1	4.7536	2.6418	3.4832	823.44	-0.0088877	2.6514e-05	0.10636	supercritical
551.00	593.00	165.51	0.0060419	1153.3	1511.6	4.7599	2.6452	3.4856	823.53	-0.0089234	2.6514e-05	0.10649	supercritical
552.00	593.00	165.23	0.0060523	1156.2	1515.1	4.7662	2.6487	3.4880	823.62	-0.0089592	2.6514e-05	0.10662	supercritical
553.00	593.00	164.94	0.0060627	1159.1	1518.6	4.7725	2.6522	3.4904	823.71	-0.0089951	2.6514e-05	0.10676	supercritical
554.00	593.00	164.66	0.0060731	1162.0	1522.1	4.7788	2.6556	3.4928	823.80	-0.0090311	2.6514e-05	0.10689	supercritical
555.00	593.00	164.38	0.0060835	1164.8	1525.6	4.7851	2.6591	3.4952	823.90	-0.0090672	2.6514e-05	0.10702	supercritical
556.00	593.00	164.10	0.0060939	1167.7	1529.1	4.7914	2.6626	3.4976	824.00	-0.0091034	2.6514e-05	0.10716	supercritical
557.00	593.00	163.82	0.0061043	1170.6	1532.6	4.7977	2.6660	3.5000	824.10	-0.0091397	2.6515e-05	0.10729	supercritical
558.00	593.00	163.54	0.0061147	1173.5	1536.1	4.8040	2.6695	3.5024	824.20	-0.0091761	2.6515e-05	0.10743	supercritical
559.00	593.00	163.26	0.0061250	1176.4	1539.6	4.8103	2.6730	3.5048	824.31	-0.0092125	2.6516e-05	0.10757	supercritical
560.00	593.00	162.99	0.0061354	1179.3	1543.1	4.8165	2.6764	3.5073	824.41	-0.0092491	2.6517e-05	0.10770	supercritical
561.00	593.00	162.71	0.0061458	1182.2	1546.6	4.8228	2.6799	3.5097	824.52	-0.0092857	2.6518e-05	0.10784	supercritical
562.00	593.00	162.44	0.0061562	1185.1	1550.1	4.8290	2.6834	3.5121	824.63	-0.0093225	2.6519e-05	0.10798	supercritical
563.00	593.00	162.17	0.0061665	1188.0	1553.6	4.8353	2.6868	3.5146	824.74	-0.0093593	2.6520e-05	0.10812	supercritical
564.00	593.00	161.89	0.0061769	1190.9	1557.1	4.8415	2.6903	3.5170	824.85	-0.0093962	2.6521e-05	0.10826	supercritical
565.00	593.00	161.62	0.0061873	1193.8	1560.7	4.8478	2.6938	3.5195	824.97	-0.0094331	2.6522e-05	0.10840	supercritical
566.00	593.00	161.35	0.0061976	1196.7	1564.2	4.8540	2.6972	3.5219	825.09	-0.0094701	2.6524e-05	0.10854	supercritical
567.00	593.00	161.08	0.0062080	1199.6	1567.7	4.8602	2.7007	3.5244	825.20	-0.0095072	2.6525e-05	0.10868	supercritical
568.00	593.00	160.81	0.0062183	1202.5	1571.2	4.8664	2.7042	3.5268	825.32	-0.0095444	2.6527e-05	0.10882	supercritical
569.00	593.00	160.55	0.0062287	1205.4	1574.8	4.8726	2.7076	3.5293	825.44	-0.0095816	2.6529e-05	0.10896	supercritical
570.00	593.00	160.28	0.0062390	1208.3	1578.3	4.8788	2.7111	3.5317	825.57	-0.0096189	2.6531e-05	0.10910	supercritical
571.00	593.00	160.02	0.0062494	1211.2	1581.8	4.8850	2.7146	3.5342	825.69	-0.0096562	2.6533e-05	0.10924	supercritical
572.00	593.00	159.75	0.0062597	1214.2	1585.4	4.8912	2.7180	3.5367	825.82	-0.0096936	2.6535e-05	0.10938	supercritical
573.00	593.00	159.49	0.0062701	1217.1	1588.9	4.8974	2.7215	3.5392	825.95	-0.0097310	2.6537e-05	0.10953	supercritical
574.00	593.00	159.23	0.0062804	1220.0	1592.4	4.9036	2.7250	3.5417	826.08	-0.0097685	2.6539e-05	0.10967	supercritical
575.00	593.00	158.96	0.0062908	1222.9	1596.0	4.9097	2.7284	3.5441	826.21	-0.0098061	2.6542e-05	0.10981	supercritical
576.00	593.00	158.70	0.0063011	1225.9	1599.5	4.9159	2.7319	3.5466	826.34	-0.0098436	2.6544e-05	0.10996	supercritical
577.00	593.00	158.44	0.0063114	1228.8	1603.1	4.9220	2.7353	3.5491	826.47	-0.0098813	2.6547e-05	0.11010	supercritical
578.00	593.00	158.18	0.0063218	1231.7	1606.6	4.9282	2.7388	3.5516	826.61	-0.0099189	2.6550e-05	0.11025	supercritical
579.00	593.00	157.93	0.0063321	1234.7	1610.2	4.9343	2.7423	3.5541	826.75	-0.0099566	2.6552e-05	0.11039	supercritical
580.00	593.00	157.67	0.0063424	1237.6	1613.7	4.9405	2.7457	3.5567	826.88	-0.0099943	2.6555e-05	0.11054	supercritical
581.00	593.00	157.41	0.0063527	1240.6	1617.3	4.9466	2.7492	3.5592	827.02	-0.010032	2.6558e-05	0.11069	supercritical
582.00	593.00	157.16	0.0063630	1243.5	1620.9	4.9527	2.7526	3.5617	827.17	-0.010070	2.6562e-05	0.11083	supercritical
583.00	593.00	156.90	0.0063734	1246.5	1624.4	4.9588	2.7561	3.5642	827.31	-0.010108	2.6565e-05	0.11098	supercritical
584.00	593.00	156.65	0.0063837	1249.4	1628.0	4.9649	2.7596	3.5667	827.45	-0.010146	2.6568e-05	0.11113	supercritical
585.00	593.00	156.40	0.0063940	1252.4	1631.6	4.9711	2.7630	3.5692	827.60	-0.010183	2.6571e-05	0.11128	supercritical
586.00	593.00	156.15	0.0064043	1255.3	1635.1	4.9771	2.7665	3.5718	827.75	-0.010221	2.6575e-05	0.11142	supercritical
587.00	593.00	155.89	0.0064146	1258.3	1638.7	4.9832	2.7699	3.5743	827.89	-0.010259	2.6579e-05	0.11157	supercritical
588.00	593.00	155.64	0.0064249	1261.3	1642.3	4.9893	2.7734	3.5769	828.04	-0.010297	2.6582e-05	0.11172	supercritical
589.00	593.00	155.40	0.0064352	1264.2	1645.8	4.9954	2.7768	3.5794	828.20	-0.010335	2.6586e-05	0.11187	supercritical
590.00	593.00	155.15	0.0064455	1267.2	1649.4	5.0015	2.7803	3.5819	828.35	-0.010373	2.6590e-05	0.11202	supercritical
591.00	593.00	154.90	0.0064558	1270.2	1653.0	5.0075	2.7838	3.5845	828.50	-0.010411	2.6594e-05	0.11217	supercritical
592.00	593.00	154.65	0.0064661	1273.2	1656.6	5.0136	2.7872	3.5870	828.66	-0.010449	2.6598e-05	0.11233	supercritical
593.00	593.00	154.41	0.0064764	1276.1	1660.2	5.0197	2.7907	3.5896	828.81	-0.010487	2.6602e-05	0.11248	supercritical
594.00	593.00	154.16	0.0064866	1279.1	1663.8	5.0257	2.7941	3.5921	828.97	-0.010525	2.6606e-05	0.11263	supercritical
595.00	593.00	153.92	0.0064969	1282.1	1667.4	5.0318	2.7976	3.5947	829.13	-0.010563	2.6610e-05	0.11278	supercritical
596.00	593.00	153.68	0.0065072	1285.1	1671.0	5.0378	2.8010	3.5973	829.29	-0.010601	2.6615e-05	0.11293	supercritical
597.00	593.00	153.43	0.0065175	1288.1	1674.6	5.0438	2.8045	3.5998	829.45	-0.010639	2.6619e-05	0.11309	supercritical
598.00	593.00	153.19	0.0065278	1291.1	1678.2	5.0499	2.8079	3.6024	829.62	-0.010677	2.6624e-05	0.11324	supercritical
599.00	593.00	152.95	0.0065380	1294.1	1681.8	5.0559	2.8114	3.6050	829.78	-0.010715	2.6628e-05	0.11339	supercritical
600.00	593.00	152.71	0.0065483	1297.1	1685.4	5.0619	2.8148	3.6076	829.95	-0.010753	2.6633e-05	0.11355	supercritical
601.00	593.00	152.47	0.0065586	1300.1	1689.0	5.0679	2.8182	3.6101	830.11	-0.010791	2.6638e-05	0.11370	supercritical
602.00	593.00	152.23	0.0065688	1303.1	1692.6	5.0739	2.8217	3.6127	830.28	-0.010829	2.6643e-05	0.11386	supercritical
603.00	593.00	152.00	0.0065791	1306.1	1696.2	5.0799	2.8251	3.6153	830.45	-0.010867	2.6648e-05	0.11401	supercritical
604.00	593.00	151.76	0.0065893	1309.1	1699.8	5.0859	2.8286	3.6179	830.62	-0.010905	2.6653e-05	0.11417	supercritical
605.00	593.00	151.52	0.0065996	1312.1	1703.4	5.0919	2.8320	3.6205	830.79	-0.010943	2.6658e-05	0.11432	supercritical
606.00	593.00	151.29	0.0066099	1315.1	1707.1	5.0979	2.8355	3.6231	830.96	-0.010981	2.6663e-05	0.11448	supercritical
607.00	593.00	151.06	0.0066201	1318.1	1710.7	5.1038	2.8389	3.6257	831.14	-0.011019	2.6668e-05	0.11464	supercritical
608.00	593.00	150.82	0.0066304	1321.1	1714.3	5.1098	2.8423	3.6283	831.31	-0.011057	2.6674e-05	0.11480	supercritical
609.00	593.00	150.59	0.0066406	1324.2	1717.9	5.1158	2.8458	3.6309	831.49	-0.011094	2.6679e-05	0.11495	supercritical
610.00	593.00	150.36	0.0066508	1327.2	1721.6	5.1217	2.8492	3.6335	831.66	-0.011132	2.6685e-05	0.11511	supercritical
611.00	593.00	150.13	0.0066611	1330.2	1725.2	5.1277	2.8527	3.6361	831.84	-0.011170	2.6690e-05	0.11527	supercritical
612.00	593.00	149.90	0.0066713	1333.2	1728.9	5.1336	2.8561	3.6387	832.02	-0.011208	2.6696e-05	0.11543	supercritical
613.00	593.00	149.67	0.0066815	1336.3	1732.5	5.1396	2.8595	3.6413	832.20	-0.011246	2.6702e-05	0.11559	supercritical
614.00	593.00	149.44	0.0066918	1339.3	1736.1	5.1455	2.8630	3.6439	832.38	-0.011284	2.6707e-05	0.11575	supercritical
615.00	593.00	149.21	0.0067020	1342.4	1739.8	5.1515	2.8664	3.6466	832.57	-0.011321	2.6713e-05	0.11591	supercritical
616.00	593.00	148.98	0.0067122	1345.4	1743.4	5.1574	2.8698	3.6492	832.75	-0.011359	2.6719e-05	0.11607	supercritical
617.00	593.00	148.76	0.0067224	1348.4	1747.1	5.1633	2.8732	3.6518	832.93	-0.011397	2.6725e-05	0.11623	supercritical
618.00	593.00	148.53	0.0067327	1351.5	1750.7	5.1692	2.8767	3.6544	833.12	-0.011434	2.6731e-05	0.11639	supercritical
619.00	593.00	148.30	0.0067429	1354.5	1754.4	5.1751	2.8801	3.6571	833.31	-0.011472	2.6738e-05	0.11655	supercritical
620.00	593.00	148.08	0.0067531	1357.6	1758.0	5.1810	2.8835	3.6597	833.49	-0.011510	2.6744e-05	0.11671	supercritical
621.00	593.00	147.86	0.0067633	1360.6	1761.7	5.1869	2.8869	3.6623	833.68	-0.011547	2.6750e-05	0.11687	supercritical
622.00	593.00	147.63	0.0067735	1363.7	1765.4	5.1928	2.8904	3.6650	833.87	-0.011585	2.6757e-05	0.11703	supercritical
623.00	593.00	147.41	0.0067837	1366.8	1769.0	5.1987	2.8938	3.6676	834.06	-0.011622	2.6763e-05	0.11720	supercritical
624.00	593.00	147.19	0.0067939	1369.8	1772.7	5.2046	2.8972	3.6702	834.25	-0.011660	2.6769e-05	0.11736	supercritical
625.00	593.00	146.97	0.0068041	1372.9	1776.4	5.2105	2.9006	3.6729	834.45	-0.011697	2.6776e-05	0.11752	supercritical
