Temperature (K)	Pressure (bar)	Density (kg/m3)	Volume (m3/kg)	Internal Energy (kJ/kg)	Enthalpy (kJ/kg)	Entropy (J/g*K)	Cv (J/g*K)	Cp (J/g*K)	Sound Spd. (m/s)	Joule-Thomson (K/bar)	Viscosity (Pa*s)	Therm. Cond. (W/m*K)	Phase
102.00	372.00	459.80	0.0021748	-54.355	26.549	-0.53574	2.1863	3.2442	1676.5	-0.051038	0.00022184	0.22968	liquid
103.00	372.00	458.73	0.0021799	-51.300	29.793	-0.50409	2.1817	3.2447	1669.8	-0.050948	0.00021535	0.22862	liquid
104.00	372.00	457.65	0.0021851	-48.246	33.038	-0.47274	2.1772	3.2453	1663.1	-0.050856	0.00020922	0.22755	liquid
105.00	372.00	456.57	0.0021902	-45.192	36.284	-0.44168	2.1727	3.2459	1656.4	-0.050762	0.00020343	0.22647	liquid
106.00	372.00	455.50	0.0021954	-42.139	39.530	-0.41091	2.1682	3.2465	1649.7	-0.050666	0.00019795	0.22538	liquid
107.00	372.00	454.42	0.0022006	-39.086	42.777	-0.38042	2.1638	3.2472	1643.0	-0.050567	0.00019275	0.22429	liquid
108.00	372.00	453.34	0.0022058	-36.033	46.025	-0.35021	2.1595	3.2478	1636.3	-0.050466	0.00018782	0.22319	liquid
109.00	372.00	452.26	0.0022111	-32.980	49.273	-0.32027	2.1552	3.2485	1629.6	-0.050363	0.00018313	0.22208	liquid
110.00	372.00	451.18	0.0022164	-29.928	52.522	-0.29060	2.1509	3.2492	1622.9	-0.050258	0.00017867	0.22097	liquid
111.00	372.00	450.10	0.0022217	-26.877	55.771	-0.26120	2.1467	3.2498	1616.2	-0.050151	0.00017441	0.21986	liquid
112.00	372.00	449.02	0.0022271	-23.825	59.021	-0.23205	2.1424	3.2505	1609.4	-0.050041	0.00017036	0.21874	liquid
113.00	372.00	447.94	0.0022324	-20.775	62.272	-0.20315	2.1382	3.2512	1602.7	-0.049930	0.00016649	0.21761	liquid
114.00	372.00	446.86	0.0022378	-17.724	65.524	-0.17450	2.1341	3.2519	1596.0	-0.049816	0.00016279	0.21648	liquid
115.00	372.00	445.78	0.0022433	-14.674	68.776	-0.14610	2.1300	3.2526	1589.3	-0.049700	0.00015925	0.21535	liquid
116.00	372.00	444.69	0.0022487	-11.624	72.029	-0.11793	2.1259	3.2533	1582.6	-0.049583	0.00015586	0.21422	liquid
117.00	372.00	443.61	0.0022542	-8.5751	75.283	-0.090005	2.1218	3.2540	1575.9	-0.049462	0.00015260	0.21308	liquid
118.00	372.00	442.52	0.0022598	-5.5263	78.537	-0.062308	2.1177	3.2547	1569.2	-0.049340	0.00014948	0.21195	liquid
119.00	372.00	441.44	0.0022653	-2.4780	81.792	-0.034839	2.1137	3.2554	1562.6	-0.049215	0.00014648	0.21081	liquid
120.00	372.00	440.35	0.0022709	0.56990	85.048	-0.0075939	2.1097	3.2561	1555.9	-0.049089	0.00014360	0.20967	liquid
121.00	372.00	439.27	0.0022765	3.6173	88.304	0.019431	2.1057	3.2568	1549.2	-0.048959	0.00014083	0.20853	liquid
122.00	372.00	438.18	0.0022822	6.6641	91.561	0.046239	2.1018	3.2575	1542.6	-0.048828	0.00013816	0.20739	liquid
123.00	372.00	437.09	0.0022879	9.7105	94.819	0.072834	2.0979	3.2582	1535.9	-0.048694	0.00013559	0.20625	liquid
124.00	372.00	436.00	0.0022936	12.756	98.078	0.099219	2.0940	3.2589	1529.3	-0.048557	0.00013310	0.20511	liquid
125.00	372.00	434.91	0.0022993	15.802	101.34	0.12540	2.0901	3.2596	1522.6	-0.048419	0.00013071	0.20397	liquid
126.00	372.00	433.82	0.0023051	18.846	104.60	0.15137	2.0862	3.2604	1516.0	-0.048277	0.00012839	0.20283	liquid
127.00	372.00	432.72	0.0023109	21.891	107.86	0.17715	2.0824	3.2611	1509.4	-0.048133	0.00012616	0.20169	liquid
128.00	372.00	431.63	0.0023168	24.934	111.12	0.20273	2.0786	3.2618	1502.8	-0.047987	0.00012399	0.20055	liquid
129.00	372.00	430.54	0.0023227	27.977	114.38	0.22812	2.0749	3.2626	1496.2	-0.047838	0.00012190	0.19941	liquid
130.00	372.00	429.44	0.0023286	31.020	117.64	0.25331	2.0711	3.2633	1489.6	-0.047686	0.00011987	0.19828	liquid
131.00	372.00	428.34	0.0023346	34.062	120.91	0.27832	2.0674	3.2640	1483.1	-0.047531	0.00011791	0.19715	liquid
132.00	372.00	427.25	0.0023406	37.103	124.17	0.30315	2.0637	3.2648	1476.5	-0.047374	0.00011600	0.19602	liquid
133.00	372.00	426.15	0.0023466	40.144	127.44	0.32779	2.0600	3.2656	1470.0	-0.047213	0.00011415	0.19489	liquid
134.00	372.00	425.05	0.0023527	43.184	130.70	0.35226	2.0564	3.2664	1463.4	-0.047050	0.00011236	0.19376	liquid
135.00	372.00	423.95	0.0023588	46.224	133.97	0.37654	2.0528	3.2671	1456.9	-0.046884	0.00011062	0.19264	liquid
136.00	372.00	422.85	0.0023649	49.263	137.24	0.40066	2.0492	3.2679	1450.4	-0.046715	0.00010893	0.19152	liquid
137.00	372.00	421.74	0.0023711	52.301	140.51	0.42460	2.0457	3.2688	1443.9	-0.046543	0.00010728	0.19040	liquid
138.00	372.00	420.64	0.0023773	55.339	143.78	0.44838	2.0421	3.2696	1437.5	-0.046368	0.00010568	0.18929	liquid
139.00	372.00	419.54	0.0023836	58.376	147.05	0.47199	2.0386	3.2704	1431.0	-0.046190	0.00010413	0.18818	liquid
140.00	372.00	418.43	0.0023899	61.412	150.32	0.49544	2.0352	3.2713	1424.5	-0.046009	0.00010261	0.18707	liquid
141.00	372.00	417.32	0.0023962	64.448	153.59	0.51872	2.0317	3.2721	1418.1	-0.045825	0.00010114	0.18597	liquid
142.00	372.00	416.21	0.0024026	67.483	156.86	0.54185	2.0283	3.2730	1411.7	-0.045637	9.9700e-05	0.18487	liquid
143.00	372.00	415.11	0.0024090	70.518	160.13	0.56482	2.0249	3.2739	1405.3	-0.045446	9.8300e-05	0.18377	liquid
144.00	372.00	413.99	0.0024155	73.552	163.41	0.58764	2.0216	3.2748	1398.9	-0.045252	9.6935e-05	0.18268	liquid
145.00	372.00	412.88	0.0024220	76.585	166.68	0.61031	2.0183	3.2757	1392.5	-0.045054	9.5604e-05	0.18159	liquid
146.00	372.00	411.77	0.0024285	79.618	169.96	0.63282	2.0150	3.2767	1386.2	-0.044853	9.4305e-05	0.18051	liquid
147.00	372.00	410.66	0.0024351	82.650	173.24	0.65519	2.0117	3.2776	1379.9	-0.044648	9.3038e-05	0.17943	liquid
148.00	372.00	409.54	0.0024418	85.681	176.51	0.67742	2.0085	3.2786	1373.5	-0.044440	9.1801e-05	0.17835	liquid
149.00	372.00	408.42	0.0024484	88.712	179.79	0.69950	2.0053	3.2796	1367.2	-0.044228	9.0593e-05	0.17728	liquid
150.00	372.00	407.31	0.0024552	91.742	183.07	0.72144	2.0021	3.2806	1361.0	-0.044013	8.9413e-05	0.17622	liquid
151.00	372.00	406.19	0.0024619	94.772	186.36	0.74324	1.9990	3.2816	1354.7	-0.043794	8.8260e-05	0.17516	liquid
152.00	372.00	405.07	0.0024687	97.801	189.64	0.76490	1.9958	3.2827	1348.4	-0.043572	8.7133e-05	0.17410	liquid
153.00	372.00	403.95	0.0024756	100.83	192.92	0.78643	1.9928	3.2837	1342.2	-0.043346	8.6031e-05	0.17305	liquid
154.00	372.00	402.82	0.0024825	103.86	196.20	0.80783	1.9897	3.2848	1336.0	-0.043115	8.4954e-05	0.17200	liquid
155.00	372.00	401.70	0.0024894	106.88	199.49	0.82909	1.9867	3.2859	1329.8	-0.042882	8.3901e-05	0.17096	liquid
156.00	372.00	400.57	0.0024964	109.91	202.78	0.85023	1.9837	3.2870	1323.6	-0.042644	8.2870e-05	0.16992	liquid
157.00	372.00	399.45	0.0025035	112.94	206.06	0.87124	1.9808	3.2882	1317.5	-0.042402	8.1861e-05	0.16889	liquid
158.00	372.00	398.32	0.0025106	115.96	209.35	0.89212	1.9778	3.2893	1311.3	-0.042157	8.0874e-05	0.16787	liquid
159.00	372.00	397.19	0.0025177	118.98	212.64	0.91287	1.9750	3.2905	1305.2	-0.041907	7.9907e-05	0.16685	liquid
160.00	372.00	396.06	0.0025249	122.01	215.93	0.93351	1.9721	3.2917	1299.1	-0.041654	7.8961e-05	0.16583	liquid
161.00	372.00	394.93	0.0025321	125.03	219.23	0.95402	1.9693	3.2929	1293.0	-0.041396	7.8033e-05	0.16482	liquid
162.00	372.00	393.79	0.0025394	128.05	222.52	0.97441	1.9665	3.2941	1287.0	-0.041134	7.7125e-05	0.16382	liquid
163.00	372.00	392.66	0.0025467	131.08	225.81	0.99469	1.9637	3.2954	1280.9	-0.040869	7.6235e-05	0.16282	liquid
164.00	372.00	391.52	0.0025541	134.10	229.11	1.0148	1.9610	3.2967	1274.9	-0.040599	7.5363e-05	0.16183	liquid
165.00	372.00	390.39	0.0025616	137.12	232.41	1.0349	1.9583	3.2980	1268.9	-0.040324	7.4508e-05	0.16084	liquid
166.00	372.00	389.25	0.0025691	140.14	235.71	1.0548	1.9556	3.2993	1262.9	-0.040046	7.3670e-05	0.15986	liquid
167.00	372.00	388.11	0.0025766	143.16	239.01	1.0746	1.9530	3.3006	1257.0	-0.039763	7.2848e-05	0.15889	liquid
168.00	372.00	386.97	0.0025842	146.18	242.31	1.0944	1.9504	3.3020	1251.1	-0.039476	7.2041e-05	0.15792	liquid
169.00	372.00	385.83	0.0025918	149.19	245.61	1.1140	1.9478	3.3033	1245.1	-0.039185	7.1251e-05	0.15695	liquid
170.00	372.00	384.68	0.0025995	152.21	248.91	1.1334	1.9453	3.3047	1239.2	-0.038889	7.0475e-05	0.15600	liquid
171.00	372.00	383.54	0.0026073	155.23	252.22	1.1528	1.9428	3.3061	1233.4	-0.038589	6.9713e-05	0.15504	liquid
172.00	372.00	382.39	0.0026151	158.24	255.53	1.1721	1.9403	3.3076	1227.5	-0.038285	6.8966e-05	0.15410	liquid
173.00	372.00	381.24	0.0026230	161.26	258.83	1.1913	1.9379	3.3090	1221.7	-0.037976	6.8233e-05	0.15316	liquid
174.00	372.00	380.10	0.0026309	164.27	262.14	1.2104	1.9355	3.3105	1215.9	-0.037662	6.7513e-05	0.15223	liquid
175.00	372.00	378.95	0.0026389	167.29	265.46	1.2293	1.9331	3.3120	1210.1	-0.037344	6.6806e-05	0.15130	liquid
176.00	372.00	377.79	0.0026469	170.30	268.77	1.2482	1.9308	3.3135	1204.4	-0.037022	6.6112e-05	0.15038	liquid
177.00	372.00	376.64	0.0026550	173.32	272.08	1.2670	1.9285	3.3150	1198.7	-0.036694	6.5430e-05	0.14946	liquid
178.00	372.00	375.49	0.0026632	176.33	275.40	1.2857	1.9262	3.3165	1192.9	-0.036363	6.4761e-05	0.14855	liquid
179.00	372.00	374.33	0.0026714	179.34	278.72	1.3043	1.9240	3.3181	1187.3	-0.036026	6.4103e-05	0.14765	liquid
180.00	372.00	373.18	0.0026797	182.35	282.03	1.3228	1.9218	3.3196	1181.6	-0.035685	6.3457e-05	0.14676	liquid
181.00	372.00	372.02	0.0026880	185.36	285.36	1.3411	1.9196	3.3212	1176.0	-0.035340	6.2822e-05	0.14587	liquid
182.00	372.00	370.86	0.0026964	188.37	288.68	1.3595	1.9175	3.3228	1170.4	-0.034989	6.2198e-05	0.14498	liquid
183.00	372.00	369.70	0.0027049	191.38	292.00	1.3777	1.9154	3.3244	1164.8	-0.034634	6.1584e-05	0.14411	liquid
184.00	372.00	368.54	0.0027134	194.39	295.33	1.3958	1.9133	3.3260	1159.2	-0.034275	6.0981e-05	0.14324	liquid
185.00	372.00	367.38	0.0027220	197.40	298.65	1.4138	1.9113	3.3277	1153.7	-0.033910	6.0389e-05	0.14238	liquid
186.00	372.00	366.22	0.0027306	200.40	301.98	1.4318	1.9093	3.3293	1148.2	-0.033541	5.9806e-05	0.14152	liquid
187.00	372.00	365.05	0.0027393	203.41	305.31	1.4496	1.9074	3.3310	1142.7	-0.033167	5.9233e-05	0.14067	liquid
188.00	372.00	363.89	0.0027481	206.41	308.64	1.4674	1.9054	3.3326	1137.3	-0.032788	5.8669e-05	0.13983	liquid
189.00	372.00	362.72	0.0027569	209.42	311.98	1.4851	1.9035	3.3343	1131.8	-0.032405	5.8115e-05	0.13900	liquid
190.00	372.00	361.55	0.0027659	212.42	315.31	1.5027	1.9017	3.3360	1126.4	-0.032017	5.7570e-05	0.13817	liquid
191.00	372.00	360.38	0.0027748	215.43	318.65	1.5202	1.8998	3.3377	1121.1	-0.031624	5.7034e-05	0.13735	supercritical
192.00	372.00	359.21	0.0027839	218.43	321.99	1.5376	1.8980	3.3394	1115.7	-0.031226	5.6506e-05	0.13652	supercritical
193.00	372.00	358.04	0.0027930	221.43	325.33	1.5550	1.8963	3.3412	1110.4	-0.030823	5.5987e-05	0.13571	supercritical
194.00	372.00	356.87	0.0028021	224.43	328.67	1.5722	1.8945	3.3429	1105.1	-0.030416	5.5476e-05	0.13490	supercritical
195.00	372.00	355.70	0.0028114	227.43	332.01	1.5894	1.8928	3.3446	1099.9	-0.030004	5.4974e-05	0.13409	supercritical
196.00	372.00	354.53	0.0028207	230.43	335.36	1.6065	1.8912	3.3464	1094.6	-0.029587	5.4479e-05	0.13330	supercritical
197.00	372.00	353.35	0.0028300	233.43	338.71	1.6236	1.8895	3.3481	1089.4	-0.029165	5.3992e-05	0.13251	supercritical
198.00	372.00	352.18	0.0028395	236.43	342.06	1.6405	1.8879	3.3498	1084.3	-0.028739	5.3513e-05	0.13173	supercritical
199.00	372.00	351.00	0.0028490	239.42	345.41	1.6574	1.8864	3.3516	1079.1	-0.028308	5.3041e-05	0.13095	supercritical
200.00	372.00	349.82	0.0028586	242.42	348.76	1.6742	1.8849	3.3533	1074.0	-0.027872	5.2577e-05	0.13018	supercritical
201.00	372.00	348.65	0.0028682	245.41	352.11	1.6910	1.8834	3.3551	1068.9	-0.027431	5.2119e-05	0.12942	supercritical
202.00	372.00	347.47	0.0028780	248.41	355.47	1.7076	1.8819	3.3568	1063.9	-0.026986	5.1669e-05	0.12866	supercritical
203.00	372.00	346.29	0.0028878	251.40	358.83	1.7242	1.8805	3.3586	1058.9	-0.026536	5.1226e-05	0.12791	supercritical
204.00	372.00	345.11	0.0028976	254.39	362.19	1.7407	1.8791	3.3603	1053.9	-0.026082	5.0789e-05	0.12717	supercritical
205.00	372.00	343.93	0.0029076	257.38	365.55	1.7571	1.8777	3.3621	1048.9	-0.025622	5.0359e-05	0.12644	supercritical
206.00	372.00	342.75	0.0029176	260.38	368.91	1.7735	1.8764	3.3638	1044.0	-0.025159	4.9935e-05	0.12571	supercritical
207.00	372.00	341.57	0.0029277	263.36	372.27	1.7898	1.8751	3.3656	1039.1	-0.024691	4.9518e-05	0.12498	supercritical
208.00	372.00	340.38	0.0029379	266.35	375.64	1.8060	1.8738	3.3673	1034.2	-0.024218	4.9107e-05	0.12427	supercritical
209.00	372.00	339.20	0.0029481	269.34	379.01	1.8222	1.8726	3.3690	1029.4	-0.023741	4.8702e-05	0.12356	supercritical
210.00	372.00	338.02	0.0029584	272.33	382.38	1.8383	1.8714	3.3707	1024.6	-0.023259	4.8304e-05	0.12285	supercritical
211.00	372.00	336.84	0.0029688	275.31	385.75	1.8543	1.8702	3.3724	1019.8	-0.022773	4.7911e-05	0.12216	supercritical
212.00	372.00	335.65	0.0029793	278.29	389.12	1.8702	1.8691	3.3741	1015.1	-0.022283	4.7523e-05	0.12146	supercritical
213.00	372.00	334.47	0.0029898	281.28	392.50	1.8861	1.8680	3.3758	1010.4	-0.021788	4.7142e-05	0.12078	supercritical
214.00	372.00	333.28	0.0030004	284.26	395.88	1.9019	1.8669	3.3775	1005.7	-0.021289	4.6766e-05	0.12010	supercritical
215.00	372.00	332.10	0.0030111	287.24	399.25	1.9177	1.8659	3.3791	1001.1	-0.020787	4.6395e-05	0.11943	supercritical
216.00	372.00	330.92	0.0030219	290.22	402.63	1.9334	1.8649	3.3808	996.50	-0.020279	4.6030e-05	0.11877	supercritical
217.00	372.00	329.73	0.0030328	293.20	406.02	1.9490	1.8640	3.3824	991.94	-0.019768	4.5670e-05	0.11811	supercritical
218.00	372.00	328.55	0.0030437	296.17	409.40	1.9645	1.8630	3.3840	987.41	-0.019253	4.5316e-05	0.11746	supercritical
219.00	372.00	327.36	0.0030547	299.15	412.78	1.9800	1.8621	3.3856	982.92	-0.018734	4.4966e-05	0.11681	supercritical
220.00	372.00	326.18	0.0030658	302.12	416.17	1.9954	1.8613	3.3871	978.46	-0.018212	4.4622e-05	0.11618	supercritical
221.00	372.00	324.99	0.0030770	305.09	419.56	2.0108	1.8604	3.3887	974.04	-0.017685	4.4282e-05	0.11554	supercritical
222.00	372.00	323.81	0.0030882	308.06	422.95	2.0261	1.8596	3.3902	969.65	-0.017155	4.3947e-05	0.11492	supercritical
223.00	372.00	322.63	0.0030996	311.03	426.34	2.0414	1.8589	3.3917	965.30	-0.016621	4.3617e-05	0.11430	supercritical
224.00	372.00	321.44	0.0031110	314.00	429.73	2.0565	1.8581	3.3931	960.98	-0.016084	4.3292e-05	0.11369	supercritical
225.00	372.00	320.26	0.0031225	316.97	433.12	2.0716	1.8574	3.3946	956.70	-0.015543	4.2971e-05	0.11308	supercritical
226.00	372.00	319.08	0.0031340	319.93	436.52	2.0867	1.8567	3.3960	952.46	-0.014999	4.2655e-05	0.11248	supercritical
227.00	372.00	317.89	0.0031457	322.90	439.92	2.1017	1.8561	3.3974	948.25	-0.014452	4.2343e-05	0.11189	supercritical
228.00	372.00	316.71	0.0031574	325.86	443.31	2.1166	1.8555	3.3987	944.08	-0.013901	4.2035e-05	0.11130	supercritical
229.00	372.00	315.53	0.0031693	328.82	446.71	2.1315	1.8549	3.4000	939.95	-0.013348	4.1732e-05	0.11072	supercritical
230.00	372.00	314.35	0.0031812	331.78	450.11	2.1463	1.8544	3.4013	935.85	-0.012792	4.1433e-05	0.11015	supercritical
231.00	372.00	313.17	0.0031931	334.73	453.52	2.1611	1.8538	3.4026	931.79	-0.012232	4.1139e-05	0.10958	supercritical
232.00	372.00	311.99	0.0032052	337.69	456.92	2.1758	1.8534	3.4038	927.77	-0.011671	4.0848e-05	0.10902	supercritical
233.00	372.00	310.82	0.0032173	340.64	460.32	2.1904	1.8529	3.4050	923.78	-0.011106	4.0562e-05	0.10847	supercritical
234.00	372.00	309.64	0.0032296	343.59	463.73	2.2050	1.8525	3.4061	919.84	-0.010539	4.0279e-05	0.10792	supercritical
235.00	372.00	308.46	0.0032419	346.54	467.14	2.2195	1.8521	3.4073	915.93	-0.0099698	4.0000e-05	0.10738	supercritical
236.00	372.00	307.29	0.0032543	349.49	470.54	2.2340	1.8517	3.4083	912.06	-0.0093982	3.9726e-05	0.10684	supercritical
237.00	372.00	306.12	0.0032667	352.43	473.95	2.2484	1.8514	3.4093	908.22	-0.0088245	3.9455e-05	0.10631	supercritical
238.00	372.00	304.94	0.0032793	355.37	477.36	2.2628	1.8511	3.4103	904.43	-0.0082488	3.9187e-05	0.10579	supercritical
239.00	372.00	303.77	0.0032919	358.31	480.77	2.2771	1.8509	3.4113	900.67	-0.0076712	3.8924e-05	0.10527	supercritical
240.00	372.00	302.60	0.0033046	361.25	484.18	2.2913	1.8506	3.4122	896.95	-0.0070919	3.8664e-05	0.10476	supercritical
241.00	372.00	301.44	0.0033175	364.19	487.60	2.3055	1.8504	3.4130	893.27	-0.0065110	3.8408e-05	0.10426	supercritical
242.00	372.00	300.27	0.0033303	367.12	491.01	2.3197	1.8502	3.4139	889.63	-0.0059285	3.8155e-05	0.10376	supercritical
243.00	372.00	299.11	0.0033433	370.05	494.43	2.3337	1.8501	3.4146	886.03	-0.0053448	3.7906e-05	0.10327	supercritical
244.00	372.00	297.94	0.0033564	372.98	497.84	2.3478	1.8500	3.4153	882.46	-0.0047598	3.7660e-05	0.10278	supercritical
245.00	372.00	296.78	0.0033695	375.91	501.26	2.3617	1.8499	3.4160	878.94	-0.0041738	3.7417e-05	0.10230	supercritical
246.00	372.00	295.62	0.0033827	378.84	504.67	2.3756	1.8498	3.4166	875.45	-0.0035869	3.7178e-05	0.10183	supercritical
247.00	372.00	294.47	0.0033960	381.76	508.09	2.3895	1.8498	3.4172	872.00	-0.0029992	3.6943e-05	0.10136	supercritical
248.00	372.00	293.31	0.0034094	384.68	511.51	2.4033	1.8498	3.4177	868.59	-0.0024108	3.6710e-05	0.10090	supercritical
249.00	372.00	292.16	0.0034228	387.60	514.92	2.4171	1.8498	3.4182	865.22	-0.0018220	3.6481e-05	0.10044	supercritical
250.00	372.00	291.01	0.0034364	390.51	518.34	2.4308	1.8499	3.4186	861.89	-0.0012329	3.6255e-05	0.099991	supercritical
251.00	372.00	289.86	0.0034500	393.42	521.76	2.4444	1.8500	3.4190	858.59	-0.00064352	3.6032e-05	0.099547	supercritical
252.00	372.00	288.71	0.0034637	396.33	525.18	2.4580	1.8501	3.4193	855.34	-5.4139e-05	3.5812e-05	0.099110	supercritical
253.00	372.00	287.57	0.0034774	399.24	528.60	2.4716	1.8503	3.4196	852.12	0.00053513	3.5595e-05	0.098678	supercritical
254.00	372.00	286.43	0.0034913	402.14	532.02	2.4850	1.8504	3.4198	848.94	0.0011241	3.5381e-05	0.098252	supercritical
255.00	372.00	285.29	0.0035052	405.05	535.44	2.4985	1.8507	3.4199	845.80	0.0017127	3.5170e-05	0.097832	supercritical
256.00	372.00	284.15	0.0035193	407.94	538.86	2.5119	1.8509	3.4200	842.70	0.0023007	3.4962e-05	0.097417	supercritical
257.00	372.00	283.02	0.0035333	410.84	542.28	2.5252	1.8511	3.4201	839.64	0.0028880	3.4757e-05	0.097009	supercritical
258.00	372.00	281.89	0.0035475	413.73	545.70	2.5385	1.8514	3.4201	836.62	0.0034744	3.4555e-05	0.096606	supercritical
259.00	372.00	280.76	0.0035618	416.62	549.12	2.5517	1.8518	3.4200	833.63	0.0040597	3.4355e-05	0.096209	supercritical
260.00	372.00	279.63	0.0035761	419.51	552.54	2.5649	1.8521	3.4199	830.68	0.0046439	3.4159e-05	0.095817	supercritical
261.00	372.00	278.51	0.0035905	422.39	555.96	2.5780	1.8525	3.4197	827.77	0.0052267	3.3965e-05	0.095431	supercritical
262.00	372.00	277.39	0.0036050	425.27	559.38	2.5911	1.8529	3.4195	824.90	0.0058080	3.3773e-05	0.095051	supercritical
263.00	372.00	276.28	0.0036195	428.15	562.80	2.6041	1.8533	3.4192	822.07	0.0063876	3.3585e-05	0.094676	supercritical
264.00	372.00	275.17	0.0036342	431.03	566.22	2.6171	1.8538	3.4189	819.27	0.0069655	3.3399e-05	0.094307	supercritical
265.00	372.00	274.06	0.0036489	433.90	569.64	2.6300	1.8542	3.4185	816.51	0.0075413	3.3216e-05	0.093943	supercritical
266.00	372.00	272.95	0.0036636	436.77	573.05	2.6429	1.8548	3.4181	813.79	0.0081151	3.3035e-05	0.093585	supercritical
267.00	372.00	271.85	0.0036785	439.63	576.47	2.6557	1.8553	3.4176	811.11	0.0086866	3.2857e-05	0.093232	supercritical
268.00	372.00	270.75	0.0036934	442.49	579.89	2.6685	1.8559	3.4170	808.46	0.0092556	3.2681e-05	0.092885	supercritical
269.00	372.00	269.66	0.0037084	445.35	583.31	2.6812	1.8564	3.4164	805.85	0.0098221	3.2508e-05	0.092543	supercritical
270.00	372.00	268.57	0.0037235	448.21	586.72	2.6939	1.8571	3.4157	803.28	0.010386	3.2338e-05	0.092206	supercritical
271.00	372.00	267.48	0.0037386	451.06	590.14	2.7065	1.8577	3.4150	800.75	0.010947	3.2169e-05	0.091874	supercritical
272.00	372.00	266.39	0.0037538	453.91	593.55	2.7191	1.8584	3.4143	798.25	0.011505	3.2003e-05	0.091548	supercritical
273.00	372.00	265.31	0.0037691	456.76	596.97	2.7316	1.8591	3.4134	795.78	0.012059	3.1840e-05	0.091226	supercritical
274.00	372.00	264.24	0.0037845	459.60	600.38	2.7441	1.8598	3.4126	793.35	0.012611	3.1679e-05	0.090910	supercritical
275.00	372.00	263.17	0.0037999	462.44	603.79	2.7565	1.8605	3.4117	790.96	0.013159	3.1520e-05	0.090599	supercritical
276.00	372.00	262.10	0.0038154	465.27	607.20	2.7689	1.8613	3.4107	788.61	0.013703	3.1363e-05	0.090293	supercritical
277.00	372.00	261.03	0.0038309	468.10	610.61	2.7813	1.8621	3.4097	786.29	0.014244	3.1209e-05	0.089992	supercritical
278.00	372.00	259.97	0.0038465	470.93	614.02	2.7935	1.8629	3.4086	784.00	0.014781	3.1057e-05	0.089696	supercritical
279.00	372.00	258.92	0.0038622	473.76	617.43	2.8058	1.8638	3.4075	781.75	0.015313	3.0907e-05	0.089405	supercritical
280.00	372.00	257.87	0.0038780	476.58	620.84	2.8180	1.8646	3.4063	779.54	0.015842	3.0759e-05	0.089118	supercritical
281.00	372.00	256.82	0.0038938	479.39	624.24	2.8301	1.8655	3.4051	777.35	0.016367	3.0613e-05	0.088837	supercritical
282.00	372.00	255.78	0.0039096	482.21	627.65	2.8422	1.8665	3.4038	775.21	0.016887	3.0470e-05	0.088560	supercritical
283.00	372.00	254.74	0.0039256	485.02	631.05	2.8543	1.8674	3.4025	773.09	0.017402	3.0329e-05	0.088288	supercritical
284.00	372.00	253.71	0.0039416	487.83	634.45	2.8663	1.8684	3.4012	771.01	0.017914	3.0189e-05	0.088021	supercritical
285.00	372.00	252.68	0.0039576	490.63	637.85	2.8782	1.8694	3.3998	768.97	0.018420	3.0052e-05	0.087758	supercritical
286.00	372.00	251.65	0.0039737	493.43	641.25	2.8901	1.8704	3.3984	766.96	0.018921	2.9917e-05	0.087500	supercritical
287.00	372.00	250.63	0.0039899	496.23	644.65	2.9020	1.8714	3.3969	764.98	0.019418	2.9783e-05	0.087246	supercritical
288.00	372.00	249.62	0.0040061	499.02	648.05	2.9138	1.8725	3.3954	763.03	0.019909	2.9652e-05	0.086997	supercritical
289.00	372.00	248.61	0.0040224	501.81	651.44	2.9256	1.8736	3.3938	761.11	0.020396	2.9523e-05	0.086752	supercritical
290.00	372.00	247.60	0.0040388	504.59	654.83	2.9373	1.8747	3.3922	759.23	0.020877	2.9395e-05	0.086512	supercritical
291.00	372.00	246.60	0.0040552	507.37	658.22	2.9489	1.8759	3.3906	757.38	0.021353	2.9270e-05	0.086276	supercritical
292.00	372.00	245.60	0.0040716	510.15	661.61	2.9606	1.8770	3.3889	755.56	0.021823	2.9146e-05	0.086044	supercritical
293.00	372.00	244.61	0.0040881	512.93	665.00	2.9722	1.8782	3.3872	753.77	0.022288	2.9024e-05	0.085817	supercritical
294.00	372.00	243.63	0.0041047	515.70	668.39	2.9837	1.8794	3.3855	752.01	0.022748	2.8904e-05	0.085594	supercritical
295.00	372.00	242.64	0.0041213	518.46	671.77	2.9952	1.8806	3.3838	750.28	0.023201	2.8786e-05	0.085375	supercritical
296.00	372.00	241.67	0.0041379	521.23	675.16	3.0066	1.8819	3.3820	748.59	0.023649	2.8669e-05	0.085160	supercritical
297.00	372.00	240.69	0.0041546	523.99	678.54	3.0180	1.8832	3.3801	746.92	0.024091	2.8555e-05	0.084950	supercritical
298.00	372.00	239.73	0.0041714	526.74	681.92	3.0294	1.8845	3.3783	745.28	0.024528	2.8442e-05	0.084743	supercritical
299.00	372.00	238.77	0.0041882	529.49	685.29	3.0407	1.8858	3.3764	743.67	0.024958	2.8330e-05	0.084540	supercritical
300.00	372.00	237.81	0.0042050	532.24	688.67	3.0520	1.8871	3.3745	742.09	0.025382	2.8221e-05	0.084342	supercritical
301.00	372.00	236.86	0.0042219	534.99	692.04	3.0632	1.8885	3.3726	740.54	0.025800	2.8113e-05	0.084147	supercritical
302.00	372.00	235.91	0.0042389	537.73	695.41	3.0744	1.8899	3.3706	739.02	0.026212	2.8007e-05	0.083956	supercritical
303.00	372.00	234.97	0.0042559	540.47	698.78	3.0855	1.8913	3.3687	737.52	0.026618	2.7902e-05	0.083769	supercritical
304.00	372.00	234.03	0.0042729	543.20	702.15	3.0966	1.8927	3.3667	736.05	0.027018	2.7799e-05	0.083586	supercritical
305.00	372.00	233.10	0.0042900	545.93	705.52	3.1077	1.8942	3.3646	734.61	0.027411	2.7697e-05	0.083407	supercritical
306.00	372.00	232.18	0.0043071	548.66	708.88	3.1187	1.8957	3.3626	733.20	0.027798	2.7598e-05	0.083231	supercritical
307.00	372.00	231.26	0.0043242	551.38	712.24	3.1297	1.8972	3.3606	731.81	0.028179	2.7499e-05	0.083059	supercritical
308.00	372.00	230.34	0.0043414	554.10	715.60	3.1406	1.8987	3.3585	730.45	0.028553	2.7402e-05	0.082890	supercritical
309.00	372.00	229.43	0.0043586	556.82	718.96	3.1515	1.9002	3.3564	729.12	0.028921	2.7307e-05	0.082725	supercritical
310.00	372.00	228.52	0.0043759	559.53	722.32	3.1623	1.9018	3.3543	727.81	0.029283	2.7213e-05	0.082564	supercritical
311.00	372.00	227.62	0.0043932	562.24	725.67	3.1731	1.9034	3.3522	726.53	0.029638	2.7121e-05	0.082406	supercritical
312.00	372.00	226.73	0.0044105	564.95	729.02	3.1839	1.9050	3.3501	725.27	0.029986	2.7030e-05	0.082252	supercritical
313.00	372.00	225.84	0.0044279	567.65	732.37	3.1946	1.9066	3.3480	724.04	0.030328	2.6941e-05	0.082101	supercritical
314.00	372.00	224.96	0.0044453	570.35	735.72	3.2053	1.9082	3.3459	722.83	0.030664	2.6853e-05	0.081953	supercritical
315.00	372.00	224.08	0.0044628	573.05	739.06	3.2159	1.9099	3.3437	721.64	0.030993	2.6766e-05	0.081809	supercritical
316.00	372.00	223.20	0.0044802	575.74	742.40	3.2265	1.9116	3.3416	720.48	0.031315	2.6681e-05	0.081668	supercritical
317.00	372.00	222.33	0.0044977	578.43	745.74	3.2370	1.9133	3.3394	719.35	0.031631	2.6597e-05	0.081530	supercritical
318.00	372.00	221.47	0.0045153	581.11	749.08	3.2476	1.9150	3.3373	718.23	0.031940	2.6514e-05	0.081396	supercritical
319.00	372.00	220.61	0.0045328	583.80	752.42	3.2580	1.9168	3.3351	717.14	0.032243	2.6433e-05	0.081265	supercritical
320.00	372.00	219.76	0.0045504	586.48	755.75	3.2685	1.9185	3.3330	716.07	0.032540	2.6353e-05	0.081137	supercritical
321.00	372.00	218.91	0.0045681	589.15	759.08	3.2789	1.9203	3.3308	715.02	0.032829	2.6274e-05	0.081012	supercritical
322.00	372.00	218.07	0.0045857	591.83	762.41	3.2892	1.9221	3.3287	714.00	0.033113	2.6196e-05	0.080890	supercritical
323.00	372.00	217.23	0.0046034	594.50	765.74	3.2995	1.9240	3.3265	713.00	0.033389	2.6120e-05	0.080771	supercritical
324.00	372.00	216.40	0.0046211	597.16	769.07	3.3098	1.9258	3.3244	712.01	0.033660	2.6045e-05	0.080655	supercritical
325.00	372.00	215.57	0.0046388	599.83	772.39	3.3201	1.9277	3.3222	711.05	0.033924	2.5971e-05	0.080543	supercritical
326.00	372.00	214.75	0.0046566	602.49	775.71	3.3303	1.9296	3.3201	710.11	0.034181	2.5899e-05	0.080433	supercritical
327.00	372.00	213.93	0.0046744	605.14	779.03	3.3404	1.9315	3.3179	709.19	0.034432	2.5828e-05	0.080326	supercritical
328.00	372.00	213.12	0.0046921	607.80	782.35	3.3506	1.9334	3.3158	708.29	0.034676	2.5757e-05	0.080222	supercritical
329.00	372.00	212.32	0.0047100	610.45	785.66	3.3606	1.9353	3.3137	707.41	0.034914	2.5688e-05	0.080121	supercritical
330.00	372.00	211.51	0.0047278	613.10	788.97	3.3707	1.9373	3.3116	706.55	0.035146	2.5620e-05	0.080022	supercritical
331.00	372.00	210.72	0.0047457	615.75	792.29	3.3807	1.9392	3.3095	705.71	0.035371	2.5553e-05	0.079927	supercritical
332.00	372.00	209.93	0.0047636	618.39	795.59	3.3907	1.9412	3.3074	704.89	0.035591	2.5488e-05	0.079834	supercritical
333.00	372.00	209.14	0.0047815	621.03	798.90	3.4006	1.9433	3.3053	704.08	0.035803	2.5423e-05	0.079744	supercritical
334.00	372.00	208.36	0.0047994	623.67	802.20	3.4105	1.9453	3.3033	703.30	0.036010	2.5359e-05	0.079656	supercritical
335.00	372.00	207.58	0.0048173	626.30	805.51	3.4204	1.9473	3.3012	702.53	0.036210	2.5297e-05	0.079571	supercritical
336.00	372.00	206.81	0.0048353	628.93	808.81	3.4303	1.9494	3.2992	701.78	0.036405	2.5235e-05	0.079489	supercritical
337.00	372.00	206.05	0.0048533	631.56	812.11	3.4401	1.9515	3.2972	701.05	0.036593	2.5175e-05	0.079410	supercritical
338.00	372.00	205.29	0.0048712	634.19	815.40	3.4498	1.9536	3.2952	700.34	0.036775	2.5116e-05	0.079333	supercritical
339.00	372.00	204.53	0.0048893	636.82	818.70	3.4596	1.9557	3.2932	699.64	0.036951	2.5057e-05	0.079259	supercritical
340.00	372.00	203.78	0.0049073	639.44	821.99	3.4693	1.9579	3.2912	698.96	0.037121	2.5000e-05	0.079187	supercritical
341.00	372.00	203.03	0.0049253	642.06	825.28	3.4789	1.9600	3.2893	698.29	0.037285	2.4943e-05	0.079117	supercritical
342.00	372.00	202.29	0.0049434	644.67	828.57	3.4885	1.9622	3.2873	697.65	0.037444	2.4888e-05	0.079050	supercritical
343.00	372.00	201.56	0.0049614	647.29	831.85	3.4981	1.9644	3.2854	697.02	0.037596	2.4833e-05	0.078986	supercritical
344.00	372.00	200.82	0.0049795	649.90	835.14	3.5077	1.9666	3.2835	696.40	0.037743	2.4780e-05	0.078924	supercritical
345.00	372.00	200.10	0.0049976	652.51	838.42	3.5172	1.9688	3.2817	695.80	0.037884	2.4727e-05	0.078864	supercritical
346.00	372.00	199.38	0.0050157	655.12	841.70	3.5267	1.9711	3.2798	695.21	0.038019	2.4675e-05	0.078807	supercritical
347.00	372.00	198.66	0.0050338	657.72	844.98	3.5362	1.9733	3.2780	694.64	0.038148	2.4624e-05	0.078752	supercritical
348.00	372.00	197.95	0.0050519	660.33	848.26	3.5456	1.9756	3.2762	694.09	0.038272	2.4574e-05	0.078699	supercritical
349.00	372.00	197.24	0.0050700	662.93	851.53	3.5550	1.9779	3.2744	693.55	0.038391	2.4525e-05	0.078649	supercritical
350.00	372.00	196.54	0.0050881	665.53	854.81	3.5644	1.9802	3.2726	693.02	0.038504	2.4477e-05	0.078601	supercritical
351.00	372.00	195.84	0.0051063	668.12	858.08	3.5737	1.9825	3.2709	692.51	0.038612	2.4429e-05	0.078555	supercritical
352.00	372.00	195.14	0.0051244	670.72	861.35	3.5830	1.9848	3.2692	692.01	0.038714	2.4383e-05	0.078511	supercritical
353.00	372.00	194.45	0.0051426	673.31	864.62	3.5923	1.9872	3.2675	691.53	0.038811	2.4337e-05	0.078470	supercritical
354.00	372.00	193.77	0.0051608	675.90	867.88	3.6015	1.9896	3.2659	691.06	0.038903	2.4292e-05	0.078431	supercritical
355.00	372.00	193.09	0.0051789	678.49	871.15	3.6107	1.9920	3.2642	690.60	0.038990	2.4248e-05	0.078394	supercritical
356.00	372.00	192.41	0.0051971	681.08	874.41	3.6199	1.9944	3.2626	690.15	0.039071	2.4204e-05	0.078359	supercritical
357.00	372.00	191.74	0.0052153	683.66	877.67	3.6291	1.9968	3.2610	689.72	0.039148	2.4162e-05	0.078326	supercritical
358.00	372.00	191.08	0.0052335	686.25	880.93	3.6382	1.9992	3.2595	689.30	0.039219	2.4120e-05	0.078295	supercritical
359.00	372.00	190.42	0.0052517	688.83	884.19	3.6473	2.0017	3.2580	688.90	0.039286	2.4079e-05	0.078266	supercritical
360.00	372.00	189.76	0.0052699	691.41	887.45	3.6563	2.0041	3.2565	688.50	0.039348	2.4038e-05	0.078239	supercritical
361.00	372.00	189.11	0.0052881	693.99	890.70	3.6654	2.0066	3.2550	688.12	0.039405	2.3999e-05	0.078215	supercritical
362.00	372.00	188.46	0.0053063	696.57	893.96	3.6744	2.0091	3.2536	687.75	0.039457	2.3960e-05	0.078192	supercritical
363.00	372.00	187.81	0.0053245	699.14	897.21	3.6834	2.0116	3.2521	687.39	0.039505	2.3922e-05	0.078171	supercritical
364.00	372.00	187.17	0.0053427	701.72	900.46	3.6923	2.0141	3.2508	687.04	0.039548	2.3884e-05	0.078153	supercritical
365.00	372.00	186.54	0.0053609	704.29	903.71	3.7012	2.0166	3.2494	686.71	0.039586	2.3847e-05	0.078136	supercritical
366.00	372.00	185.90	0.0053791	706.86	906.96	3.7101	2.0192	3.2481	686.38	0.039620	2.3811e-05	0.078121	supercritical
367.00	372.00	185.28	0.0053973	709.43	910.21	3.7190	2.0218	3.2468	686.07	0.039650	2.3776e-05	0.078108	supercritical
368.00	372.00	184.65	0.0054155	712.00	913.46	3.7278	2.0243	3.2455	685.77	0.039675	2.3741e-05	0.078097	supercritical
369.00	372.00	184.04	0.0054337	714.57	916.70	3.7366	2.0269	3.2443	685.47	0.039697	2.3707e-05	0.078087	supercritical
370.00	372.00	183.42	0.0054520	717.13	919.94	3.7454	2.0295	3.2431	685.19	0.039713	2.3673e-05	0.078080	supercritical
371.00	372.00	182.81	0.0054702	719.70	923.19	3.7541	2.0321	3.2419	684.92	0.039726	2.3641e-05	0.078074	supercritical
372.00	372.00	182.20	0.0054884	722.26	926.43	3.7629	2.0348	3.2408	684.66	0.039735	2.3608e-05	0.078071	supercritical
373.00	372.00	181.60	0.0055066	724.82	929.67	3.7716	2.0374	3.2397	684.41	0.039739	2.3577e-05	0.078069	supercritical
374.00	372.00	181.00	0.0055248	727.38	932.91	3.7802	2.0401	3.2386	684.16	0.039740	2.3546e-05	0.078068	supercritical
375.00	372.00	180.41	0.0055430	729.94	936.15	3.7889	2.0428	3.2375	683.93	0.039737	2.3516e-05	0.078070	supercritical
376.00	372.00	179.82	0.0055612	732.50	939.38	3.7975	2.0454	3.2365	683.71	0.039730	2.3486e-05	0.078073	supercritical
377.00	372.00	179.23	0.0055795	735.06	942.62	3.8061	2.0481	3.2355	683.49	0.039719	2.3457e-05	0.078078	supercritical
378.00	372.00	178.65	0.0055977	737.62	945.85	3.8147	2.0508	3.2345	683.29	0.039704	2.3428e-05	0.078085	supercritical
379.00	372.00	178.07	0.0056159	740.18	949.09	3.8232	2.0536	3.2336	683.09	0.039686	2.3400e-05	0.078093	supercritical
380.00	372.00	177.49	0.0056341	742.73	952.32	3.8317	2.0563	3.2327	682.91	0.039664	2.3373e-05	0.078103	supercritical
381.00	372.00	176.92	0.0056523	745.29	955.55	3.8402	2.0590	3.2319	682.73	0.039639	2.3346e-05	0.078115	supercritical
382.00	372.00	176.35	0.0056705	747.84	958.78	3.8487	2.0618	3.2310	682.56	0.039610	2.3319e-05	0.078128	supercritical
383.00	372.00	175.79	0.0056887	750.40	962.01	3.8571	2.0646	3.2302	682.40	0.039578	2.3294e-05	0.078143	supercritical
384.00	372.00	175.23	0.0057068	752.95	965.24	3.8656	2.0674	3.2294	682.25	0.039543	2.3268e-05	0.078160	supercritical
385.00	372.00	174.67	0.0057250	755.50	968.47	3.8740	2.0702	3.2287	682.10	0.039504	2.3243e-05	0.078178	supercritical
386.00	372.00	174.12	0.0057432	758.05	971.70	3.8823	2.0730	3.2280	681.96	0.039462	2.3219e-05	0.078198	supercritical
387.00	372.00	173.57	0.0057614	760.61	974.93	3.8907	2.0758	3.2273	681.84	0.039417	2.3196e-05	0.078219	supercritical
388.00	372.00	173.02	0.0057796	763.16	978.16	3.8990	2.0786	3.2267	681.72	0.039369	2.3172e-05	0.078242	supercritical
389.00	372.00	172.48	0.0057977	765.71	981.38	3.9073	2.0814	3.2260	681.60	0.039318	2.3150e-05	0.078266	supercritical
390.00	372.00	171.94	0.0058159	768.26	984.61	3.9156	2.0843	3.2255	681.50	0.039264	2.3127e-05	0.078292	supercritical
391.00	372.00	171.41	0.0058340	770.81	987.83	3.9239	2.0872	3.2249	681.40	0.039207	2.3106e-05	0.078319	supercritical
392.00	372.00	170.88	0.0058522	773.36	991.06	3.9321	2.0900	3.2244	681.31	0.039147	2.3084e-05	0.078348	supercritical
393.00	372.00	170.35	0.0058703	775.91	994.28	3.9403	2.0929	3.2239	681.22	0.039084	2.3064e-05	0.078379	supercritical
394.00	372.00	169.82	0.0058885	778.45	997.51	3.9485	2.0958	3.2234	681.15	0.039018	2.3043e-05	0.078411	supercritical
395.00	372.00	169.30	0.0059066	781.00	1000.7	3.9567	2.0987	3.2230	681.08	0.038950	2.3023e-05	0.078444	supercritical
396.00	372.00	168.78	0.0059247	783.55	1004.0	3.9648	2.1016	3.2226	681.01	0.038879	2.3004e-05	0.078479	supercritical
397.00	372.00	168.27	0.0059429	786.10	1007.2	3.9729	2.1046	3.2222	680.96	0.038806	2.2985e-05	0.078515	supercritical
398.00	372.00	167.76	0.0059610	788.65	1010.4	3.9811	2.1075	3.2219	680.91	0.038730	2.2966e-05	0.078552	supercritical
399.00	372.00	167.25	0.0059791	791.20	1013.6	3.9891	2.1104	3.2216	680.86	0.038651	2.2948e-05	0.078591	supercritical
400.00	372.00	166.74	0.0059972	793.74	1016.8	3.9972	2.1134	3.2213	680.83	0.038570	2.2930e-05	0.078632	supercritical
401.00	372.00	166.24	0.0060153	796.29	1020.1	4.0052	2.1164	3.2211	680.80	0.038487	2.2913e-05	0.078673	supercritical
402.00	372.00	165.74	0.0060334	798.84	1023.3	4.0133	2.1193	3.2208	680.77	0.038401	2.2896e-05	0.078716	supercritical
403.00	372.00	165.25	0.0060515	801.39	1026.5	4.0213	2.1223	3.2206	680.75	0.038313	2.2880e-05	0.078761	supercritical
404.00	372.00	164.76	0.0060695	803.94	1029.7	4.0292	2.1253	3.2205	680.74	0.038223	2.2864e-05	0.078807	supercritical
405.00	372.00	164.27	0.0060876	806.49	1032.9	4.0372	2.1283	3.2204	680.73	0.038130	2.2848e-05	0.078854	supercritical
406.00	372.00	163.78	0.0061057	809.03	1036.2	4.0451	2.1313	3.2203	680.73	0.038036	2.2833e-05	0.078902	supercritical
407.00	372.00	163.30	0.0061237	811.58	1039.4	4.0531	2.1344	3.2202	680.74	0.037939	2.2818e-05	0.078952	supercritical
408.00	372.00	162.82	0.0061418	814.13	1042.6	4.0610	2.1374	3.2201	680.75	0.037841	2.2804e-05	0.079003	supercritical
409.00	372.00	162.34	0.0061598	816.68	1045.8	4.0689	2.1404	3.2201	680.77	0.037740	2.2789e-05	0.079055	supercritical
410.00	372.00	161.87	0.0061778	819.23	1049.0	4.0767	2.1435	3.2201	680.79	0.037637	2.2776e-05	0.079108	supercritical
411.00	372.00	161.40	0.0061958	821.78	1052.3	4.0846	2.1465	3.2202	680.81	0.037533	2.2762e-05	0.079163	supercritical
412.00	372.00	160.93	0.0062139	824.33	1055.5	4.0924	2.1496	3.2203	680.85	0.037426	2.2749e-05	0.079219	supercritical
413.00	372.00	160.47	0.0062319	826.88	1058.7	4.1002	2.1527	3.2204	680.88	0.037318	2.2737e-05	0.079276	supercritical
414.00	372.00	160.00	0.0062499	829.43	1061.9	4.1080	2.1558	3.2205	680.93	0.037208	2.2724e-05	0.079335	supercritical
415.00	372.00	159.54	0.0062678	831.98	1065.1	4.1158	2.1589	3.2206	680.97	0.037097	2.2713e-05	0.079395	supercritical
416.00	372.00	159.09	0.0062858	834.53	1068.4	4.1235	2.1620	3.2208	681.03	0.036983	2.2701e-05	0.079456	supercritical
417.00	372.00	158.63	0.0063038	837.09	1071.6	4.1312	2.1651	3.2210	681.08	0.036868	2.2690e-05	0.079518	supercritical
418.00	372.00	158.18	0.0063217	839.64	1074.8	4.1390	2.1682	3.2213	681.15	0.036751	2.2679e-05	0.079581	supercritical
419.00	372.00	157.74	0.0063397	842.19	1078.0	4.1467	2.1713	3.2215	681.21	0.036633	2.2668e-05	0.079645	supercritical
420.00	372.00	157.29	0.0063576	844.75	1081.3	4.1543	2.1744	3.2218	681.28	0.036513	2.2658e-05	0.079711	supercritical
421.00	372.00	156.85	0.0063756	847.30	1084.5	4.1620	2.1776	3.2222	681.36	0.036392	2.2648e-05	0.079777	supercritical
422.00	372.00	156.41	0.0063935	849.86	1087.7	4.1696	2.1807	3.2225	681.44	0.036270	2.2638e-05	0.079845	supercritical
423.00	372.00	155.97	0.0064114	852.41	1090.9	4.1773	2.1839	3.2229	681.52	0.036145	2.2629e-05	0.079914	supercritical
424.00	372.00	155.54	0.0064293	854.97	1094.1	4.1849	2.1870	3.2233	681.61	0.036020	2.2620e-05	0.079984	supercritical
425.00	372.00	155.11	0.0064472	857.53	1097.4	4.1925	2.1902	3.2237	681.71	0.035893	2.2611e-05	0.080056	supercritical
426.00	372.00	154.68	0.0064651	860.09	1100.6	4.2000	2.1934	3.2242	681.80	0.035765	2.2603e-05	0.080128	supercritical
427.00	372.00	154.25	0.0064830	862.65	1103.8	4.2076	2.1966	3.2246	681.91	0.035635	2.2595e-05	0.080201	supercritical
428.00	372.00	153.83	0.0065009	865.21	1107.0	4.2152	2.1997	3.2251	682.01	0.035505	2.2587e-05	0.080276	supercritical
429.00	372.00	153.40	0.0065187	867.77	1110.3	4.2227	2.2029	3.2257	682.12	0.035373	2.2579e-05	0.080351	supercritical
430.00	372.00	152.99	0.0065366	870.33	1113.5	4.2302	2.2061	3.2262	682.24	0.035240	2.2572e-05	0.080428	supercritical
431.00	372.00	152.57	0.0065544	872.89	1116.7	4.2377	2.2094	3.2268	682.35	0.035106	2.2565e-05	0.080506	supercritical
432.00	372.00	152.16	0.0065722	875.46	1119.9	4.2452	2.2126	3.2274	682.47	0.034971	2.2559e-05	0.080584	supercritical
433.00	372.00	151.74	0.0065901	878.02	1123.2	4.2526	2.2158	3.2280	682.60	0.034834	2.2552e-05	0.080664	supercritical
434.00	372.00	151.33	0.0066079	880.59	1126.4	4.2601	2.2190	3.2287	682.73	0.034697	2.2546e-05	0.080745	supercritical
435.00	372.00	150.93	0.0066257	883.15	1129.6	4.2675	2.2223	3.2293	682.86	0.034558	2.2540e-05	0.080827	supercritical
436.00	372.00	150.52	0.0066435	885.72	1132.9	4.2749	2.2255	3.2300	683.00	0.034419	2.2534e-05	0.080909	supercritical
437.00	372.00	150.12	0.0066612	888.29	1136.1	4.2823	2.2288	3.2308	683.14	0.034279	2.2529e-05	0.080993	supercritical
438.00	372.00	149.72	0.0066790	890.86	1139.3	4.2897	2.2320	3.2315	683.28	0.034138	2.2524e-05	0.081078	supercritical
439.00	372.00	149.33	0.0066968	893.43	1142.6	4.2971	2.2353	3.2323	683.43	0.033996	2.2519e-05	0.081164	supercritical
440.00	372.00	148.93	0.0067145	896.00	1145.8	4.3044	2.2385	3.2331	683.58	0.033853	2.2515e-05	0.081250	supercritical
441.00	372.00	148.54	0.0067323	898.58	1149.0	4.3118	2.2418	3.2339	683.73	0.033709	2.2510e-05	0.081338	supercritical
442.00	372.00	148.15	0.0067500	901.15	1152.3	4.3191	2.2451	3.2347	683.88	0.033564	2.2506e-05	0.081427	supercritical
443.00	372.00	147.76	0.0067677	903.73	1155.5	4.3264	2.2484	3.2356	684.04	0.033419	2.2502e-05	0.081516	supercritical
444.00	372.00	147.37	0.0067854	906.31	1158.7	4.3337	2.2517	3.2365	684.21	0.033273	2.2499e-05	0.081607	supercritical
445.00	372.00	146.99	0.0068031	908.88	1162.0	4.3410	2.2549	3.2374	684.37	0.033126	2.2495e-05	0.081698	supercritical
446.00	372.00	146.61	0.0068208	911.46	1165.2	4.3483	2.2582	3.2383	684.54	0.032978	2.2492e-05	0.081791	supercritical
447.00	372.00	146.23	0.0068385	914.04	1168.4	4.3555	2.2616	3.2393	684.71	0.032830	2.2489e-05	0.081884	supercritical
448.00	372.00	145.85	0.0068562	916.63	1171.7	4.3628	2.2649	3.2402	684.89	0.032681	2.2487e-05	0.081978	supercritical
449.00	372.00	145.48	0.0068739	919.21	1174.9	4.3700	2.2682	3.2412	685.07	0.032532	2.2484e-05	0.082073	supercritical
450.00	372.00	145.11	0.0068915	921.80	1178.2	4.3772	2.2715	3.2423	685.25	0.032382	2.2482e-05	0.082169	supercritical
451.00	372.00	144.74	0.0069091	924.38	1181.4	4.3844	2.2748	3.2433	685.43	0.032231	2.2480e-05	0.082266	supercritical
452.00	372.00	144.37	0.0069268	926.97	1184.6	4.3916	2.2781	3.2444	685.62	0.032080	2.2478e-05	0.082364	supercritical
453.00	372.00	144.00	0.0069444	929.56	1187.9	4.3987	2.2815	3.2454	685.81	0.031928	2.2476e-05	0.082463	supercritical
454.00	372.00	143.64	0.0069620	932.15	1191.1	4.4059	2.2848	3.2465	686.00	0.031776	2.2475e-05	0.082562	supercritical
455.00	372.00	143.27	0.0069796	934.74	1194.4	4.4130	2.2882	3.2476	686.19	0.031623	2.2474e-05	0.082663	supercritical
456.00	372.00	142.91	0.0069972	937.34	1197.6	4.4202	2.2915	3.2488	686.39	0.031470	2.2473e-05	0.082764	supercritical
457.00	372.00	142.56	0.0070148	939.93	1200.9	4.4273	2.2949	3.2499	686.59	0.031316	2.2472e-05	0.082866	supercritical
458.00	372.00	142.20	0.0070324	942.53	1204.1	4.4344	2.2982	3.2511	686.79	0.031162	2.2472e-05	0.082969	supercritical
459.00	372.00	141.85	0.0070499	945.13	1207.4	4.4415	2.3016	3.2523	687.00	0.031008	2.2471e-05	0.083073	supercritical
460.00	372.00	141.49	0.0070675	947.73	1210.6	4.4486	2.3050	3.2535	687.20	0.030853	2.2471e-05	0.083177	supercritical
461.00	372.00	141.14	0.0070850	950.33	1213.9	4.4556	2.3083	3.2548	687.41	0.030697	2.2471e-05	0.083283	supercritical
462.00	372.00	140.79	0.0071025	952.93	1217.1	4.4627	2.3117	3.2560	687.62	0.030542	2.2471e-05	0.083389	supercritical
463.00	372.00	140.45	0.0071201	955.54	1220.4	4.4697	2.3151	3.2573	687.84	0.030386	2.2472e-05	0.083496	supercritical
464.00	372.00	140.10	0.0071376	958.14	1223.7	4.4768	2.3185	3.2586	688.06	0.030230	2.2472e-05	0.083604	supercritical
465.00	372.00	139.76	0.0071551	960.75	1226.9	4.4838	2.3218	3.2599	688.27	0.030073	2.2473e-05	0.083712	supercritical
466.00	372.00	139.42	0.0071726	963.36	1230.2	4.4908	2.3252	3.2612	688.50	0.029916	2.2474e-05	0.083822	supercritical
467.00	372.00	139.08	0.0071901	965.97	1233.4	4.4978	2.3286	3.2626	688.72	0.029759	2.2475e-05	0.083932	supercritical
468.00	372.00	138.74	0.0072075	968.59	1236.7	4.5048	2.3320	3.2639	688.94	0.029602	2.2476e-05	0.084043	supercritical
469.00	372.00	138.41	0.0072250	971.20	1240.0	4.5117	2.3354	3.2653	689.17	0.029444	2.2478e-05	0.084154	supercritical
470.00	372.00	138.08	0.0072424	973.82	1243.2	4.5187	2.3388	3.2667	689.40	0.029287	2.2479e-05	0.084267	supercritical
471.00	372.00	137.74	0.0072599	976.44	1246.5	4.5256	2.3422	3.2681	689.63	0.029129	2.2481e-05	0.084380	supercritical
472.00	372.00	137.41	0.0072773	979.06	1249.8	4.5326	2.3456	3.2696	689.87	0.028971	2.2483e-05	0.084494	supercritical
473.00	372.00	137.09	0.0072947	981.68	1253.0	4.5395	2.3491	3.2710	690.10	0.028812	2.2485e-05	0.084609	supercritical
474.00	372.00	136.76	0.0073121	984.30	1256.3	4.5464	2.3525	3.2725	690.34	0.028654	2.2487e-05	0.084724	supercritical
475.00	372.00	136.43	0.0073295	986.93	1259.6	4.5533	2.3559	3.2740	690.58	0.028495	2.2490e-05	0.084840	supercritical
476.00	372.00	136.11	0.0073469	989.56	1262.9	4.5602	2.3593	3.2755	690.82	0.028337	2.2492e-05	0.084957	supercritical
477.00	372.00	135.79	0.0073643	992.19	1266.1	4.5670	2.3628	3.2770	691.07	0.028178	2.2495e-05	0.085075	supercritical
478.00	372.00	135.47	0.0073817	994.82	1269.4	4.5739	2.3662	3.2785	691.31	0.028019	2.2498e-05	0.085193	supercritical
479.00	372.00	135.15	0.0073990	997.45	1272.7	4.5808	2.3696	3.2801	691.56	0.027860	2.2501e-05	0.085312	supercritical
480.00	372.00	134.84	0.0074164	1000.1	1276.0	4.5876	2.3731	3.2817	691.81	0.027701	2.2504e-05	0.085432	supercritical
481.00	372.00	134.52	0.0074337	1002.7	1279.3	4.5944	2.3765	3.2832	692.06	0.027542	2.2508e-05	0.085553	supercritical
482.00	372.00	134.21	0.0074510	1005.4	1282.5	4.6013	2.3799	3.2848	692.31	0.027383	2.2511e-05	0.085674	supercritical
483.00	372.00	133.90	0.0074684	1008.0	1285.8	4.6081	2.3834	3.2865	692.57	0.027224	2.2515e-05	0.085796	supercritical
484.00	372.00	133.59	0.0074857	1010.6	1289.1	4.6149	2.3868	3.2881	692.82	0.027064	2.2519e-05	0.085918	supercritical
485.00	372.00	133.28	0.0075030	1013.3	1292.4	4.6217	2.3903	3.2897	693.08	0.026905	2.2523e-05	0.086041	supercritical
486.00	372.00	132.97	0.0075203	1015.9	1295.7	4.6284	2.3937	3.2914	693.34	0.026746	2.2527e-05	0.086165	supercritical
487.00	372.00	132.67	0.0075375	1018.6	1299.0	4.6352	2.3972	3.2931	693.60	0.026587	2.2531e-05	0.086290	supercritical
488.00	372.00	132.37	0.0075548	1021.2	1302.3	4.6420	2.4007	3.2948	693.86	0.026428	2.2536e-05	0.086415	supercritical
489.00	372.00	132.06	0.0075721	1023.9	1305.6	4.6487	2.4041	3.2965	694.13	0.026269	2.2540e-05	0.086541	supercritical
490.00	372.00	131.76	0.0075893	1026.6	1308.9	4.6554	2.4076	3.2982	694.39	0.026110	2.2545e-05	0.086667	supercritical
491.00	372.00	131.47	0.0076066	1029.2	1312.2	4.6622	2.4110	3.2999	694.66	0.025951	2.2550e-05	0.086794	supercritical
492.00	372.00	131.17	0.0076238	1031.9	1315.5	4.6689	2.4145	3.3017	694.93	0.025792	2.2554e-05	0.086922	supercritical
493.00	372.00	130.87	0.0076410	1034.5	1318.8	4.6756	2.4180	3.3034	695.20	0.025633	2.2560e-05	0.087051	supercritical
494.00	372.00	130.58	0.0076582	1037.2	1322.1	4.6823	2.4215	3.3052	695.47	0.025475	2.2565e-05	0.087180	supercritical
495.00	372.00	130.29	0.0076754	1039.9	1325.4	4.6890	2.4249	3.3070	695.75	0.025316	2.2570e-05	0.087309	supercritical
496.00	372.00	129.99	0.0076926	1042.5	1328.7	4.6956	2.4284	3.3088	696.02	0.025158	2.2575e-05	0.087440	supercritical
497.00	372.00	129.70	0.0077098	1045.2	1332.0	4.7023	2.4319	3.3106	696.30	0.024999	2.2581e-05	0.087571	supercritical
498.00	372.00	129.42	0.0077270	1047.9	1335.3	4.7090	2.4354	3.3124	696.58	0.024841	2.2587e-05	0.087702	supercritical
499.00	372.00	129.13	0.0077441	1050.5	1338.6	4.7156	2.4389	3.3143	696.85	0.024683	2.2593e-05	0.087834	supercritical
500.00	372.00	128.84	0.0077613	1053.2	1341.9	4.7223	2.4423	3.3161	697.13	0.024525	2.2598e-05	0.087967	supercritical
501.00	372.00	128.56	0.0077784	1055.9	1345.3	4.7289	2.4458	3.3180	697.42	0.024367	2.2604e-05	0.088100	supercritical
502.00	372.00	128.28	0.0077956	1058.6	1348.6	4.7355	2.4493	3.3199	697.70	0.024210	2.2611e-05	0.088234	supercritical
503.00	372.00	128.00	0.0078127	1061.3	1351.9	4.7421	2.4528	3.3217	697.98	0.024052	2.2617e-05	0.088369	supercritical
504.00	372.00	127.72	0.0078298	1064.0	1355.2	4.7487	2.4563	3.3236	698.27	0.023895	2.2623e-05	0.088504	supercritical
505.00	372.00	127.44	0.0078469	1066.6	1358.5	4.7553	2.4598	3.3256	698.55	0.023738	2.2630e-05	0.088640	supercritical
506.00	372.00	127.16	0.0078640	1069.3	1361.9	4.7619	2.4633	3.3275	698.84	0.023581	2.2636e-05	0.088776	supercritical
507.00	372.00	126.89	0.0078811	1072.0	1365.2	4.7684	2.4668	3.3294	699.13	0.023424	2.2643e-05	0.088913	supercritical
508.00	372.00	126.61	0.0078982	1074.7	1368.5	4.7750	2.4703	3.3314	699.42	0.023268	2.2650e-05	0.089050	supercritical
509.00	372.00	126.34	0.0079153	1077.4	1371.9	4.7816	2.4738	3.3333	699.71	0.023112	2.2657e-05	0.089188	supercritical
510.00	372.00	126.07	0.0079323	1080.1	1375.2	4.7881	2.4773	3.3353	700.01	0.022956	2.2664e-05	0.089327	supercritical
511.00	372.00	125.80	0.0079494	1082.8	1378.5	4.7946	2.4808	3.3373	700.30	0.022800	2.2671e-05	0.089466	supercritical
512.00	372.00	125.53	0.0079664	1085.5	1381.9	4.8012	2.4843	3.3393	700.59	0.022644	2.2678e-05	0.089605	supercritical
513.00	372.00	125.26	0.0079834	1088.2	1385.2	4.8077	2.4878	3.3413	700.89	0.022489	2.2686e-05	0.089746	supercritical
514.00	372.00	124.99	0.0080005	1090.9	1388.6	4.8142	2.4913	3.3433	701.19	0.022334	2.2693e-05	0.089886	supercritical
515.00	372.00	124.73	0.0080175	1093.7	1391.9	4.8207	2.4948	3.3454	701.48	0.022179	2.2701e-05	0.090028	supercritical
516.00	372.00	124.46	0.0080345	1096.4	1395.2	4.8272	2.4983	3.3474	701.78	0.022025	2.2708e-05	0.090169	supercritical
517.00	372.00	124.20	0.0080515	1099.1	1398.6	4.8337	2.5018	3.3495	702.08	0.021870	2.2716e-05	0.090312	supercritical
518.00	372.00	123.94	0.0080685	1101.8	1401.9	4.8401	2.5053	3.3515	702.39	0.021716	2.2724e-05	0.090455	supercritical
519.00	372.00	123.68	0.0080854	1104.5	1405.3	4.8466	2.5089	3.3536	702.69	0.021563	2.2732e-05	0.090598	supercritical
520.00	372.00	123.42	0.0081024	1107.2	1408.7	4.8531	2.5124	3.3557	702.99	0.021409	2.2740e-05	0.090742	supercritical
521.00	372.00	123.16	0.0081194	1110.0	1412.0	4.8595	2.5159	3.3578	703.29	0.021256	2.2748e-05	0.090886	supercritical
522.00	372.00	122.91	0.0081363	1112.7	1415.4	4.8660	2.5194	3.3599	703.60	0.021103	2.2757e-05	0.091031	supercritical
523.00	372.00	122.65	0.0081533	1115.4	1418.7	4.8724	2.5229	3.3620	703.91	0.020950	2.2765e-05	0.091177	supercritical
524.00	372.00	122.40	0.0081702	1118.2	1422.1	4.8788	2.5264	3.3641	704.21	0.020798	2.2773e-05	0.091323	supercritical
525.00	372.00	122.14	0.0081871	1120.9	1425.5	4.8852	2.5300	3.3663	704.52	0.020646	2.2782e-05	0.091469	supercritical
526.00	372.00	121.89	0.0082040	1123.6	1428.8	4.8916	2.5335	3.3684	704.83	0.020495	2.2790e-05	0.091616	supercritical
527.00	372.00	121.64	0.0082209	1126.4	1432.2	4.8980	2.5370	3.3706	705.14	0.020343	2.2799e-05	0.091764	supercritical
528.00	372.00	121.39	0.0082378	1129.1	1435.6	4.9044	2.5405	3.3727	705.45	0.020192	2.2808e-05	0.091912	supercritical
529.00	372.00	121.14	0.0082547	1131.9	1438.9	4.9108	2.5440	3.3749	705.76	0.020041	2.2817e-05	0.092060	supercritical
530.00	372.00	120.90	0.0082716	1134.6	1442.3	4.9172	2.5476	3.3771	706.07	0.019891	2.2826e-05	0.092209	supercritical
531.00	372.00	120.65	0.0082885	1137.4	1445.7	4.9236	2.5511	3.3793	706.39	0.019741	2.2835e-05	0.092358	supercritical
532.00	372.00	120.40	0.0083053	1140.1	1449.1	4.9299	2.5546	3.3815	706.70	0.019591	2.2844e-05	0.092508	supercritical
533.00	372.00	120.16	0.0083222	1142.9	1452.5	4.9363	2.5581	3.3837	707.01	0.019442	2.2853e-05	0.092659	supercritical
534.00	372.00	119.92	0.0083390	1145.6	1455.8	4.9426	2.5617	3.3859	707.33	0.019293	2.2862e-05	0.092809	supercritical
535.00	372.00	119.68	0.0083559	1148.4	1459.2	4.9490	2.5652	3.3881	707.65	0.019144	2.2872e-05	0.092961	supercritical
536.00	372.00	119.44	0.0083727	1151.2	1462.6	4.9553	2.5687	3.3904	707.96	0.018996	2.2881e-05	0.093113	supercritical
537.00	372.00	119.20	0.0083895	1153.9	1466.0	4.9616	2.5722	3.3926	708.28	0.018848	2.2891e-05	0.093265	supercritical
538.00	372.00	118.96	0.0084063	1156.7	1469.4	4.9679	2.5758	3.3949	708.60	0.018700	2.2900e-05	0.093418	supercritical
539.00	372.00	118.72	0.0084231	1159.5	1472.8	4.9742	2.5793	3.3971	708.92	0.018553	2.2910e-05	0.093571	supercritical
540.00	372.00	118.48	0.0084399	1162.2	1476.2	4.9805	2.5828	3.3994	709.24	0.018406	2.2920e-05	0.093724	supercritical
541.00	372.00	118.25	0.0084567	1165.0	1479.6	4.9868	2.5863	3.4017	709.56	0.018259	2.2930e-05	0.093878	supercritical
542.00	372.00	118.02	0.0084735	1167.8	1483.0	4.9931	2.5899	3.4040	709.88	0.018113	2.2939e-05	0.094033	supercritical
543.00	372.00	117.78	0.0084902	1170.6	1486.4	4.9994	2.5934	3.4062	710.20	0.017967	2.2949e-05	0.094188	supercritical
544.00	372.00	117.55	0.0085070	1173.4	1489.8	5.0056	2.5969	3.4086	710.52	0.017822	2.2959e-05	0.094343	supercritical
545.00	372.00	117.32	0.0085237	1176.1	1493.2	5.0119	2.6004	3.4109	710.85	0.017677	2.2970e-05	0.094499	supercritical
546.00	372.00	117.09	0.0085405	1178.9	1496.6	5.0182	2.6040	3.4132	711.17	0.017532	2.2980e-05	0.094655	supercritical
547.00	372.00	116.86	0.0085572	1181.7	1500.1	5.0244	2.6075	3.4155	711.50	0.017388	2.2990e-05	0.094812	supercritical
548.00	372.00	116.63	0.0085739	1184.5	1503.5	5.0306	2.6110	3.4178	711.82	0.017244	2.3000e-05	0.094969	supercritical
549.00	372.00	116.41	0.0085907	1187.3	1506.9	5.0369	2.6146	3.4202	712.15	0.017100	2.3011e-05	0.095127	supercritical
550.00	372.00	116.18	0.0086074	1190.1	1510.3	5.0431	2.6181	3.4225	712.47	0.016957	2.3021e-05	0.095285	supercritical
551.00	372.00	115.95	0.0086241	1192.9	1513.7	5.0493	2.6216	3.4249	712.80	0.016814	2.3032e-05	0.095443	supercritical
552.00	372.00	115.73	0.0086408	1195.7	1517.2	5.0555	2.6252	3.4272	713.13	0.016672	2.3042e-05	0.095602	supercritical
553.00	372.00	115.51	0.0086574	1198.5	1520.6	5.0617	2.6287	3.4296	713.46	0.016530	2.3053e-05	0.095761	supercritical
554.00	372.00	115.29	0.0086741	1201.3	1524.0	5.0679	2.6322	3.4320	713.79	0.016388	2.3064e-05	0.095921	supercritical
555.00	372.00	115.06	0.0086908	1204.2	1527.5	5.0741	2.6357	3.4344	714.12	0.016247	2.3075e-05	0.096081	supercritical
556.00	372.00	114.84	0.0087074	1207.0	1530.9	5.0803	2.6393	3.4368	714.45	0.016106	2.3086e-05	0.096241	supercritical
557.00	372.00	114.62	0.0087241	1209.8	1534.3	5.0865	2.6428	3.4392	714.78	0.015965	2.3096e-05	0.096402	supercritical
558.00	372.00	114.41	0.0087407	1212.6	1537.8	5.0927	2.6463	3.4416	715.11	0.015825	2.3107e-05	0.096563	supercritical
559.00	372.00	114.19	0.0087574	1215.4	1541.2	5.0988	2.6499	3.4440	715.44	0.015686	2.3118e-05	0.096725	supercritical
560.00	372.00	113.97	0.0087740	1218.3	1544.7	5.1050	2.6534	3.4464	715.77	0.015546	2.3130e-05	0.096887	supercritical
561.00	372.00	113.76	0.0087906	1221.1	1548.1	5.1111	2.6569	3.4488	716.11	0.015408	2.3141e-05	0.097049	supercritical
562.00	372.00	113.54	0.0088072	1223.9	1551.6	5.1173	2.6604	3.4513	716.44	0.015269	2.3152e-05	0.097212	supercritical
563.00	372.00	113.33	0.0088238	1226.8	1555.0	5.1234	2.6640	3.4537	716.77	0.015131	2.3163e-05	0.097375	supercritical
564.00	372.00	113.12	0.0088404	1229.6	1558.5	5.1296	2.6675	3.4561	717.11	0.014994	2.3175e-05	0.097539	supercritical
565.00	372.00	112.90	0.0088570	1232.4	1561.9	5.1357	2.6710	3.4586	717.44	0.014856	2.3186e-05	0.097703	supercritical
566.00	372.00	112.69	0.0088736	1235.3	1565.4	5.1418	2.6745	3.4610	717.78	0.014720	2.3198e-05	0.097867	supercritical
567.00	372.00	112.48	0.0088902	1238.1	1568.8	5.1479	2.6781	3.4635	718.11	0.014583	2.3209e-05	0.098032	supercritical
568.00	372.00	112.27	0.0089068	1241.0	1572.3	5.1540	2.6816	3.4660	718.45	0.014447	2.3221e-05	0.098197	supercritical
569.00	372.00	112.07	0.0089233	1243.8	1575.8	5.1601	2.6851	3.4684	718.79	0.014312	2.3232e-05	0.098363	supercritical
570.00	372.00	111.86	0.0089399	1246.7	1579.2	5.1662	2.6887	3.4709	719.12	0.014176	2.3244e-05	0.098528	supercritical
571.00	372.00	111.65	0.0089564	1249.5	1582.7	5.1723	2.6922	3.4734	719.46	0.014042	2.3256e-05	0.098695	supercritical
572.00	372.00	111.45	0.0089729	1252.4	1586.2	5.1784	2.6957	3.4759	719.80	0.013907	2.3268e-05	0.098861	supercritical
573.00	372.00	111.24	0.0089895	1255.3	1589.7	5.1844	2.6992	3.4784	720.14	0.013773	2.3279e-05	0.099028	supercritical
574.00	372.00	111.04	0.0090060	1258.1	1593.1	5.1905	2.7027	3.4809	720.48	0.013640	2.3291e-05	0.099196	supercritical
575.00	372.00	110.83	0.0090225	1261.0	1596.6	5.1966	2.7063	3.4834	720.82	0.013507	2.3303e-05	0.099363	supercritical
576.00	372.00	110.63	0.0090390	1263.9	1600.1	5.2026	2.7098	3.4859	721.15	0.013374	2.3315e-05	0.099531	supercritical
577.00	372.00	110.43	0.0090555	1266.7	1603.6	5.2087	2.7133	3.4884	721.49	0.013242	2.3327e-05	0.099700	supercritical
578.00	372.00	110.23	0.0090720	1269.6	1607.1	5.2147	2.7168	3.4910	721.84	0.013110	2.3340e-05	0.099868	supercritical
579.00	372.00	110.03	0.0090885	1272.5	1610.6	5.2208	2.7204	3.4935	722.18	0.012979	2.3352e-05	0.10004	supercritical
580.00	372.00	109.83	0.0091050	1275.4	1614.1	5.2268	2.7239	3.4960	722.52	0.012848	2.3364e-05	0.10021	supercritical
581.00	372.00	109.63	0.0091214	1278.3	1617.6	5.2328	2.7274	3.4986	722.86	0.012717	2.3376e-05	0.10038	supercritical
582.00	372.00	109.43	0.0091379	1281.1	1621.1	5.2388	2.7309	3.5011	723.20	0.012587	2.3389e-05	0.10055	supercritical
583.00	372.00	109.24	0.0091544	1284.0	1624.6	5.2448	2.7344	3.5037	723.54	0.012457	2.3401e-05	0.10072	supercritical
584.00	372.00	109.04	0.0091708	1286.9	1628.1	5.2508	2.7379	3.5062	723.89	0.012328	2.3413e-05	0.10089	supercritical
585.00	372.00	108.85	0.0091872	1289.8	1631.6	5.2568	2.7415	3.5088	724.23	0.012199	2.3426e-05	0.10106	supercritical
586.00	372.00	108.65	0.0092037	1292.7	1635.1	5.2628	2.7450	3.5113	724.57	0.012070	2.3438e-05	0.10123	supercritical
587.00	372.00	108.46	0.0092201	1295.6	1638.6	5.2688	2.7485	3.5139	724.92	0.011942	2.3451e-05	0.10140	supercritical
588.00	372.00	108.27	0.0092365	1298.5	1642.1	5.2748	2.7520	3.5165	725.26	0.011815	2.3463e-05	0.10157	supercritical
589.00	372.00	108.07	0.0092529	1301.4	1645.6	5.2808	2.7555	3.5191	725.60	0.011687	2.3476e-05	0.10175	supercritical
590.00	372.00	107.88	0.0092693	1304.3	1649.2	5.2868	2.7590	3.5216	725.95	0.011561	2.3489e-05	0.10192	supercritical
591.00	372.00	107.69	0.0092857	1307.3	1652.7	5.2927	2.7625	3.5242	726.29	0.011434	2.3501e-05	0.10209	supercritical
592.00	372.00	107.50	0.0093021	1310.2	1656.2	5.2987	2.7660	3.5268	726.64	0.011308	2.3514e-05	0.10227	supercritical
593.00	372.00	107.31	0.0093185	1313.1	1659.7	5.3046	2.7696	3.5294	726.98	0.011183	2.3527e-05	0.10244	supercritical
594.00	372.00	107.13	0.0093349	1316.0	1663.3	5.3106	2.7731	3.5320	727.33	0.011058	2.3540e-05	0.10261	supercritical
595.00	372.00	106.94	0.0093512	1318.9	1666.8	5.3165	2.7766	3.5346	727.68	0.010933	2.3553e-05	0.10279	supercritical
596.00	372.00	106.75	0.0093676	1321.9	1670.3	5.3225	2.7801	3.5372	728.02	0.010809	2.3566e-05	0.10296	supercritical
597.00	372.00	106.56	0.0093840	1324.8	1673.9	5.3284	2.7836	3.5398	728.37	0.010685	2.3579e-05	0.10314	supercritical
598.00	372.00	106.38	0.0094003	1327.7	1677.4	5.3343	2.7871	3.5425	728.72	0.010561	2.3592e-05	0.10331	supercritical
599.00	372.00	106.19	0.0094167	1330.7	1681.0	5.3403	2.7906	3.5451	729.06	0.010438	2.3605e-05	0.10349	supercritical
600.00	372.00	106.01	0.0094330	1333.6	1684.5	5.3462	2.7941	3.5477	729.41	0.010316	2.3618e-05	0.10367	supercritical
601.00	372.00	105.83	0.0094493	1336.5	1688.1	5.3521	2.7976	3.5503	729.76	0.010194	2.3631e-05	0.10384	supercritical
602.00	372.00	105.65	0.0094656	1339.5	1691.6	5.3580	2.8011	3.5530	730.11	0.010072	2.3644e-05	0.10402	supercritical
603.00	372.00	105.46	0.0094820	1342.4	1695.2	5.3639	2.8046	3.5556	730.46	0.0099505	2.3658e-05	0.10419	supercritical
604.00	372.00	105.28	0.0094983	1345.4	1698.7	5.3698	2.8081	3.5582	730.80	0.0098295	2.3671e-05	0.10437	supercritical
605.00	372.00	105.10	0.0095146	1348.3	1702.3	5.3757	2.8116	3.5609	731.15	0.0097090	2.3684e-05	0.10455	supercritical
606.00	372.00	104.92	0.0095309	1351.3	1705.8	5.3816	2.8151	3.5635	731.50	0.0095889	2.3697e-05	0.10473	supercritical
607.00	372.00	104.74	0.0095471	1354.3	1709.4	5.3874	2.8186	3.5662	731.85	0.0094692	2.3711e-05	0.10491	supercritical
608.00	372.00	104.57	0.0095634	1357.2	1713.0	5.3933	2.8221	3.5688	732.20	0.0093499	2.3724e-05	0.10508	supercritical
609.00	372.00	104.39	0.0095797	1360.2	1716.5	5.3992	2.8256	3.5715	732.55	0.0092311	2.3738e-05	0.10526	supercritical
610.00	372.00	104.21	0.0095960	1363.1	1720.1	5.4050	2.8291	3.5742	732.90	0.0091126	2.3751e-05	0.10544	supercritical
611.00	372.00	104.03	0.0096122	1366.1	1723.7	5.4109	2.8325	3.5768	733.25	0.0089946	2.3765e-05	0.10562	supercritical
612.00	372.00	103.86	0.0096285	1369.1	1727.3	5.4167	2.8360	3.5795	733.60	0.0088770	2.3778e-05	0.10580	supercritical
613.00	372.00	103.68	0.0096447	1372.1	1730.9	5.4226	2.8395	3.5822	733.95	0.0087598	2.3792e-05	0.10598	supercritical
614.00	372.00	103.51	0.0096610	1375.0	1734.4	5.4284	2.8430	3.5848	734.30	0.0086430	2.3805e-05	0.10616	supercritical
615.00	372.00	103.34	0.0096772	1378.0	1738.0	5.4343	2.8465	3.5875	734.65	0.0085266	2.3819e-05	0.10634	supercritical
616.00	372.00	103.16	0.0096934	1381.0	1741.6	5.4401	2.8500	3.5902	735.00	0.0084107	2.3833e-05	0.10652	supercritical
617.00	372.00	102.99	0.0097097	1384.0	1745.2	5.4459	2.8535	3.5929	735.36	0.0082951	2.3847e-05	0.10670	supercritical
618.00	372.00	102.82	0.0097259	1387.0	1748.8	5.4517	2.8569	3.5956	735.71	0.0081800	2.3860e-05	0.10688	supercritical
619.00	372.00	102.65	0.0097421	1390.0	1752.4	5.4576	2.8604	3.5983	736.06	0.0080652	2.3874e-05	0.10706	supercritical
620.00	372.00	102.48	0.0097583	1393.0	1756.0	5.4634	2.8639	3.6010	736.41	0.0079509	2.3888e-05	0.10725	supercritical
621.00	372.00	102.31	0.0097745	1396.0	1759.6	5.4692	2.8674	3.6037	736.76	0.0078370	2.3902e-05	0.10743	supercritical
622.00	372.00	102.14	0.0097907	1399.0	1763.2	5.4750	2.8709	3.6064	737.11	0.0077234	2.3916e-05	0.10761	supercritical
623.00	372.00	101.97	0.0098069	1402.0	1766.8	5.4808	2.8743	3.6091	737.47	0.0076103	2.3930e-05	0.10779	supercritical
624.00	372.00	101.80	0.0098231	1405.0	1770.4	5.4866	2.8778	3.6118	737.82	0.0074976	2.3944e-05	0.10797	supercritical
625.00	372.00	101.63	0.0098392	1408.0	1774.0	5.4923	2.8813	3.6145	738.17	0.0073853	2.3958e-05	0.10816	supercritical
