Temperature (K)	Pressure (bar)	Density (kg/m3)	Volume (m3/kg)	Internal Energy (kJ/kg)	Enthalpy (kJ/kg)	Entropy (J/g*K)	Cv (J/g*K)	Cp (J/g*K)	Sound Spd. (m/s)	Joule-Thomson (K/bar)	Viscosity (Pa*s)	Therm. Cond. (W/m*K)	Phase
106.00	598.00	466.89	0.0021418	-51.063	77.018	-0.51941	2.2083	3.1977	1766.2	-0.052203	0.00023500	0.24297	liquid
107.00	598.00	465.92	0.0021463	-48.133	80.215	-0.48938	2.2041	3.1972	1760.4	-0.052159	0.00022824	0.24197	liquid
108.00	598.00	464.95	0.0021508	-45.204	83.412	-0.45964	2.2000	3.1968	1754.6	-0.052114	0.00022186	0.24097	liquid
109.00	598.00	463.98	0.0021553	-42.276	86.609	-0.43018	2.1959	3.1964	1748.9	-0.052068	0.00021583	0.23996	liquid
110.00	598.00	463.01	0.0021598	-39.350	89.805	-0.40099	2.1918	3.1959	1743.1	-0.052020	0.00021012	0.23894	liquid
111.00	598.00	462.04	0.0021643	-36.425	93.001	-0.37207	2.1878	3.1955	1737.3	-0.051972	0.00020470	0.23792	liquid
112.00	598.00	461.07	0.0021689	-33.502	96.196	-0.34341	2.1838	3.1951	1731.5	-0.051922	0.00019957	0.23689	liquid
113.00	598.00	460.10	0.0021734	-30.579	99.391	-0.31502	2.1798	3.1946	1725.7	-0.051871	0.00019469	0.23586	liquid
114.00	598.00	459.14	0.0021780	-27.659	102.59	-0.28687	2.1759	3.1942	1720.0	-0.051820	0.00019005	0.23482	liquid
115.00	598.00	458.17	0.0021826	-24.740	105.78	-0.25898	2.1719	3.1938	1714.2	-0.051767	0.00018563	0.23378	liquid
116.00	598.00	457.21	0.0021872	-21.822	108.97	-0.23133	2.1680	3.1933	1708.4	-0.051713	0.00018143	0.23274	liquid
117.00	598.00	456.24	0.0021918	-18.905	112.17	-0.20392	2.1641	3.1929	1702.7	-0.051658	0.00017741	0.23169	liquid
118.00	598.00	455.27	0.0021965	-15.991	115.36	-0.17675	2.1602	3.1924	1696.9	-0.051602	0.00017358	0.23064	liquid
119.00	598.00	454.31	0.0022011	-13.077	118.55	-0.14981	2.1564	3.1919	1691.2	-0.051546	0.00016992	0.22959	liquid
120.00	598.00	453.35	0.0022058	-10.165	121.74	-0.12310	2.1526	3.1914	1685.5	-0.051488	0.00016642	0.22854	liquid
121.00	598.00	452.38	0.0022105	-7.2551	124.93	-0.096616	2.1488	3.1909	1679.8	-0.051429	0.00016307	0.22748	liquid
122.00	598.00	451.42	0.0022152	-4.3464	128.12	-0.070355	2.1450	3.1904	1674.1	-0.051369	0.00015986	0.22642	liquid
123.00	598.00	450.46	0.0022200	-1.4393	131.31	-0.044313	2.1412	3.1899	1668.4	-0.051308	0.00015678	0.22537	liquid
124.00	598.00	449.50	0.0022247	1.4662	134.50	-0.018486	2.1375	3.1894	1662.7	-0.051246	0.00015382	0.22431	liquid
125.00	598.00	448.53	0.0022295	4.3701	137.69	0.0071300	2.1337	3.1888	1657.0	-0.051183	0.00015098	0.22325	liquid
126.00	598.00	447.57	0.0022343	7.2723	140.88	0.032537	2.1300	3.1883	1651.4	-0.051119	0.00014825	0.22219	liquid
127.00	598.00	446.61	0.0022391	10.173	144.07	0.057739	2.1264	3.1878	1645.8	-0.051054	0.00014563	0.22113	liquid
128.00	598.00	445.65	0.0022439	13.072	147.26	0.082739	2.1227	3.1872	1640.1	-0.050988	0.00014310	0.22008	liquid
129.00	598.00	444.69	0.0022487	15.969	150.44	0.10754	2.1191	3.1866	1634.5	-0.050920	0.00014066	0.21902	liquid
130.00	598.00	443.73	0.0022536	18.865	153.63	0.13215	2.1154	3.1861	1628.9	-0.050852	0.00013831	0.21796	liquid
131.00	598.00	442.77	0.0022585	21.759	156.82	0.15656	2.1119	3.1855	1623.3	-0.050782	0.00013605	0.21691	liquid
132.00	598.00	441.81	0.0022634	24.651	160.00	0.18078	2.1083	3.1849	1617.8	-0.050711	0.00013386	0.21586	liquid
133.00	598.00	440.86	0.0022683	27.541	163.19	0.20482	2.1047	3.1844	1612.2	-0.050639	0.00013174	0.21480	liquid
134.00	598.00	439.90	0.0022733	30.430	166.37	0.22867	2.1012	3.1838	1606.7	-0.050566	0.00012969	0.21375	liquid
135.00	598.00	438.94	0.0022782	33.317	169.55	0.25234	2.0977	3.1832	1601.1	-0.050492	0.00012772	0.21271	liquid
136.00	598.00	437.98	0.0022832	36.202	172.74	0.27583	2.0942	3.1826	1595.6	-0.050416	0.00012580	0.21166	liquid
137.00	598.00	437.03	0.0022882	39.085	175.92	0.29914	2.0908	3.1820	1590.1	-0.050339	0.00012394	0.21062	liquid
138.00	598.00	436.07	0.0022932	41.966	179.10	0.32228	2.0874	3.1814	1584.6	-0.050261	0.00012214	0.20958	liquid
139.00	598.00	435.11	0.0022983	44.846	182.28	0.34525	2.0840	3.1808	1579.2	-0.050182	0.00012040	0.20854	liquid
140.00	598.00	434.16	0.0023033	47.724	185.46	0.36805	2.0806	3.1802	1573.7	-0.050102	0.00011871	0.20750	liquid
141.00	598.00	433.20	0.0023084	50.600	188.64	0.39068	2.0772	3.1796	1568.3	-0.050020	0.00011706	0.20647	liquid
142.00	598.00	432.25	0.0023135	53.474	191.82	0.41315	2.0739	3.1790	1562.9	-0.049937	0.00011547	0.20544	liquid
143.00	598.00	431.29	0.0023186	56.347	195.00	0.43546	2.0706	3.1784	1557.5	-0.049852	0.00011391	0.20442	liquid
144.00	598.00	430.34	0.0023238	59.217	198.18	0.45760	2.0673	3.1778	1552.1	-0.049766	0.00011241	0.20339	liquid
145.00	598.00	429.38	0.0023289	62.086	201.36	0.47959	2.0641	3.1772	1546.8	-0.049679	0.00011094	0.20237	liquid
146.00	598.00	428.43	0.0023341	64.952	204.53	0.50143	2.0608	3.1766	1541.4	-0.049591	0.00010951	0.20136	liquid
147.00	598.00	427.47	0.0023393	67.817	207.71	0.52311	2.0576	3.1761	1536.1	-0.049501	0.00010812	0.20035	liquid
148.00	598.00	426.52	0.0023446	70.680	210.89	0.54464	2.0545	3.1755	1530.8	-0.049409	0.00010677	0.19934	liquid
149.00	598.00	425.57	0.0023498	73.542	214.06	0.56602	2.0513	3.1749	1525.5	-0.049317	0.00010545	0.19834	liquid
150.00	598.00	424.61	0.0023551	76.401	217.23	0.58726	2.0482	3.1743	1520.3	-0.049223	0.00010416	0.19734	liquid
151.00	598.00	423.66	0.0023604	79.258	220.41	0.60835	2.0451	3.1737	1515.0	-0.049127	0.00010290	0.19634	liquid
152.00	598.00	422.71	0.0023657	82.114	223.58	0.62929	2.0421	3.1732	1509.8	-0.049030	0.00010168	0.19535	liquid
153.00	598.00	421.76	0.0023710	84.967	226.76	0.65010	2.0390	3.1726	1504.6	-0.048932	0.00010049	0.19436	liquid
154.00	598.00	420.81	0.0023764	87.819	229.93	0.67077	2.0360	3.1720	1499.4	-0.048832	9.9319e-05	0.19338	liquid
155.00	598.00	419.85	0.0023818	90.669	233.10	0.69129	2.0330	3.1715	1494.2	-0.048731	9.8180e-05	0.19240	liquid
156.00	598.00	418.90	0.0023872	93.517	236.27	0.71169	2.0301	3.1709	1489.0	-0.048628	9.7067e-05	0.19143	liquid
157.00	598.00	417.95	0.0023926	96.362	239.44	0.73195	2.0272	3.1704	1483.9	-0.048524	9.5979e-05	0.19046	liquid
158.00	598.00	417.00	0.0023981	99.206	242.61	0.75208	2.0243	3.1698	1478.8	-0.048418	9.4915e-05	0.18949	liquid
159.00	598.00	416.05	0.0024035	102.05	245.78	0.77207	2.0214	3.1693	1473.7	-0.048311	9.3876e-05	0.18853	liquid
160.00	598.00	415.10	0.0024090	104.89	248.95	0.79194	2.0186	3.1687	1468.6	-0.048202	9.2858e-05	0.18758	liquid
161.00	598.00	414.15	0.0024146	107.73	252.12	0.81168	2.0158	3.1682	1463.6	-0.048091	9.1863e-05	0.18663	liquid
162.00	598.00	413.20	0.0024201	110.56	255.29	0.83130	2.0130	3.1677	1458.5	-0.047980	9.0889e-05	0.18568	liquid
163.00	598.00	412.26	0.0024257	113.40	258.45	0.85079	2.0102	3.1672	1453.5	-0.047866	8.9935e-05	0.18474	liquid
164.00	598.00	411.31	0.0024313	116.23	261.62	0.87016	2.0075	3.1667	1448.5	-0.047751	8.9001e-05	0.18381	liquid
165.00	598.00	410.36	0.0024369	119.06	264.79	0.88941	2.0048	3.1662	1443.5	-0.047635	8.8086e-05	0.18288	liquid
166.00	598.00	409.41	0.0024425	121.89	267.95	0.90854	2.0022	3.1657	1438.6	-0.047517	8.7190e-05	0.18195	liquid
167.00	598.00	408.46	0.0024482	124.72	271.12	0.92755	1.9996	3.1652	1433.6	-0.047398	8.6312e-05	0.18103	liquid
168.00	598.00	407.52	0.0024539	127.54	274.28	0.94645	1.9970	3.1647	1428.7	-0.047277	8.5451e-05	0.18012	liquid
169.00	598.00	406.57	0.0024596	130.36	277.45	0.96523	1.9944	3.1643	1423.8	-0.047154	8.4606e-05	0.17921	liquid
170.00	598.00	405.62	0.0024653	133.18	280.61	0.98389	1.9918	3.1638	1418.9	-0.047030	8.3779e-05	0.17830	liquid
171.00	598.00	404.68	0.0024711	136.00	283.78	1.0024	1.9893	3.1634	1414.1	-0.046904	8.2967e-05	0.17740	liquid
172.00	598.00	403.73	0.0024769	138.82	286.94	1.0209	1.9869	3.1629	1409.3	-0.046777	8.2170e-05	0.17651	liquid
173.00	598.00	402.79	0.0024827	141.64	290.10	1.0392	1.9844	3.1625	1404.4	-0.046648	8.1388e-05	0.17562	liquid
174.00	598.00	401.84	0.0024885	144.45	293.26	1.0575	1.9820	3.1621	1399.7	-0.046517	8.0621e-05	0.17474	liquid
175.00	598.00	400.90	0.0024944	147.26	296.43	1.0756	1.9796	3.1616	1394.9	-0.046385	7.9868e-05	0.17386	liquid
176.00	598.00	399.96	0.0025003	150.07	299.59	1.0936	1.9772	3.1612	1390.1	-0.046252	7.9129e-05	0.17299	liquid
177.00	598.00	399.01	0.0025062	152.88	302.75	1.1115	1.9749	3.1608	1385.4	-0.046117	7.8403e-05	0.17213	liquid
178.00	598.00	398.07	0.0025121	155.68	305.91	1.1293	1.9726	3.1604	1380.7	-0.045980	7.7690e-05	0.17127	liquid
179.00	598.00	397.13	0.0025181	158.49	309.07	1.1470	1.9704	3.1600	1376.0	-0.045842	7.6989e-05	0.17041	liquid
180.00	598.00	396.19	0.0025241	161.29	312.23	1.1646	1.9681	3.1597	1371.3	-0.045702	7.6301e-05	0.16956	liquid
181.00	598.00	395.24	0.0025301	164.09	315.39	1.1821	1.9659	3.1593	1366.7	-0.045560	7.5625e-05	0.16872	liquid
182.00	598.00	394.30	0.0025361	166.89	318.55	1.1995	1.9637	3.1589	1362.1	-0.045417	7.4960e-05	0.16788	liquid
183.00	598.00	393.36	0.0025422	169.68	321.71	1.2168	1.9616	3.1586	1357.5	-0.045273	7.4307e-05	0.16705	liquid
184.00	598.00	392.42	0.0025483	172.48	324.86	1.2340	1.9595	3.1582	1352.9	-0.045126	7.3664e-05	0.16622	liquid
185.00	598.00	391.48	0.0025544	175.27	328.02	1.2512	1.9574	3.1579	1348.3	-0.044979	7.3033e-05	0.16540	liquid
186.00	598.00	390.54	0.0025605	178.06	331.18	1.2682	1.9554	3.1576	1343.8	-0.044829	7.2412e-05	0.16458	liquid
187.00	598.00	389.60	0.0025667	180.85	334.34	1.2851	1.9533	3.1573	1339.3	-0.044679	7.1801e-05	0.16378	liquid
188.00	598.00	388.67	0.0025729	183.63	337.49	1.3019	1.9513	3.1569	1334.8	-0.044526	7.1200e-05	0.16297	liquid
189.00	598.00	387.73	0.0025791	186.42	340.65	1.3187	1.9494	3.1566	1330.3	-0.044372	7.0609e-05	0.16217	liquid
190.00	598.00	386.79	0.0025854	189.20	343.81	1.3354	1.9475	3.1564	1325.9	-0.044217	7.0028e-05	0.16138	liquid
191.00	598.00	385.85	0.0025916	191.98	346.96	1.3519	1.9456	3.1561	1321.4	-0.044060	6.9456e-05	0.16060	supercritical
192.00	598.00	384.92	0.0025980	194.76	350.12	1.3684	1.9437	3.1558	1317.0	-0.043901	6.8893e-05	0.15981	supercritical
193.00	598.00	383.98	0.0026043	197.54	353.28	1.3848	1.9419	3.1555	1312.6	-0.043741	6.8338e-05	0.15904	supercritical
194.00	598.00	383.05	0.0026106	200.32	356.43	1.4011	1.9401	3.1553	1308.3	-0.043580	6.7793e-05	0.15827	supercritical
195.00	598.00	382.11	0.0026170	203.09	359.59	1.4173	1.9383	3.1550	1303.9	-0.043416	6.7256e-05	0.15750	supercritical
196.00	598.00	381.18	0.0026234	205.86	362.74	1.4335	1.9366	3.1548	1299.6	-0.043252	6.6727e-05	0.15674	supercritical
197.00	598.00	380.25	0.0026299	208.63	365.90	1.4495	1.9349	3.1545	1295.3	-0.043086	6.6207e-05	0.15599	supercritical
198.00	598.00	379.32	0.0026363	211.40	369.05	1.4655	1.9332	3.1543	1291.1	-0.042918	6.5694e-05	0.15524	supercritical
199.00	598.00	378.38	0.0026428	214.16	372.20	1.4814	1.9316	3.1541	1286.8	-0.042749	6.5189e-05	0.15450	supercritical
200.00	598.00	377.45	0.0026493	216.93	375.36	1.4972	1.9300	3.1539	1282.6	-0.042579	6.4692e-05	0.15376	supercritical
201.00	598.00	376.52	0.0026559	219.69	378.51	1.5129	1.9284	3.1537	1278.4	-0.042407	6.4202e-05	0.15303	supercritical
202.00	598.00	375.59	0.0026625	222.45	381.67	1.5286	1.9268	3.1535	1274.2	-0.042234	6.3719e-05	0.15230	supercritical
203.00	598.00	374.66	0.0026691	225.21	384.82	1.5441	1.9253	3.1533	1270.0	-0.042059	6.3244e-05	0.15159	supercritical
204.00	598.00	373.74	0.0026757	227.97	387.97	1.5596	1.9238	3.1531	1265.9	-0.041883	6.2775e-05	0.15087	supercritical
205.00	598.00	372.81	0.0026823	230.72	391.13	1.5751	1.9224	3.1529	1261.8	-0.041705	6.2314e-05	0.15016	supercritical
206.00	598.00	371.88	0.0026890	233.47	394.28	1.5904	1.9210	3.1528	1257.7	-0.041526	6.1859e-05	0.14946	supercritical
207.00	598.00	370.96	0.0026957	236.23	397.43	1.6057	1.9196	3.1526	1253.6	-0.041346	6.1410e-05	0.14876	supercritical
208.00	598.00	370.03	0.0027025	238.98	400.58	1.6209	1.9182	3.1525	1249.6	-0.041164	6.0968e-05	0.14807	supercritical
209.00	598.00	369.11	0.0027092	241.72	403.74	1.6360	1.9169	3.1523	1245.5	-0.040981	6.0533e-05	0.14739	supercritical
210.00	598.00	368.18	0.0027160	244.47	406.89	1.6510	1.9156	3.1522	1241.5	-0.040797	6.0103e-05	0.14671	supercritical
211.00	598.00	367.26	0.0027229	247.21	410.04	1.6660	1.9144	3.1521	1237.6	-0.040611	5.9680e-05	0.14603	supercritical
212.00	598.00	366.34	0.0027297	249.96	413.19	1.6809	1.9131	3.1520	1233.6	-0.040424	5.9262e-05	0.14537	supercritical
213.00	598.00	365.42	0.0027366	252.70	416.34	1.6957	1.9119	3.1518	1229.7	-0.040236	5.8851e-05	0.14470	supercritical
214.00	598.00	364.50	0.0027435	255.43	419.50	1.7105	1.9108	3.1517	1225.8	-0.040046	5.8445e-05	0.14404	supercritical
215.00	598.00	363.58	0.0027504	258.17	422.65	1.7252	1.9096	3.1516	1221.9	-0.039856	5.8045e-05	0.14339	supercritical
216.00	598.00	362.66	0.0027574	260.91	425.80	1.7398	1.9085	3.1515	1218.0	-0.039664	5.7650e-05	0.14275	supercritical
217.00	598.00	361.74	0.0027644	263.64	428.95	1.7544	1.9075	3.1514	1214.2	-0.039471	5.7261e-05	0.14211	supercritical
218.00	598.00	360.83	0.0027714	266.37	432.10	1.7689	1.9064	3.1514	1210.3	-0.039276	5.6877e-05	0.14147	supercritical
219.00	598.00	359.91	0.0027785	269.10	435.25	1.7833	1.9054	3.1513	1206.5	-0.039081	5.6498e-05	0.14084	supercritical
220.00	598.00	359.00	0.0027855	271.83	438.40	1.7976	1.9045	3.1512	1202.8	-0.038884	5.6124e-05	0.14022	supercritical
221.00	598.00	358.08	0.0027927	274.56	441.56	1.8119	1.9035	3.1512	1199.0	-0.038686	5.5755e-05	0.13960	supercritical
222.00	598.00	357.17	0.0027998	277.28	444.71	1.8262	1.9026	3.1511	1195.3	-0.038487	5.5392e-05	0.13899	supercritical
223.00	598.00	356.26	0.0028070	280.00	447.86	1.8403	1.9017	3.1511	1191.6	-0.038288	5.5033e-05	0.13838	supercritical
224.00	598.00	355.35	0.0028141	282.72	451.01	1.8544	1.9009	3.1510	1187.9	-0.038087	5.4679e-05	0.13778	supercritical
225.00	598.00	354.44	0.0028214	285.44	454.16	1.8684	1.9001	3.1510	1184.2	-0.037884	5.4329e-05	0.13718	supercritical
226.00	598.00	353.53	0.0028286	288.16	457.31	1.8824	1.8993	3.1509	1180.6	-0.037681	5.3985e-05	0.13659	supercritical
227.00	598.00	352.62	0.0028359	290.88	460.46	1.8963	1.8986	3.1509	1177.0	-0.037477	5.3644e-05	0.13600	supercritical
228.00	598.00	351.72	0.0028432	293.59	463.61	1.9102	1.8978	3.1509	1173.4	-0.037272	5.3309e-05	0.13542	supercritical
229.00	598.00	350.81	0.0028505	296.30	466.76	1.9240	1.8971	3.1509	1169.8	-0.037066	5.2977e-05	0.13485	supercritical
230.00	598.00	349.91	0.0028579	299.01	469.91	1.9377	1.8965	3.1509	1166.3	-0.036859	5.2650e-05	0.13428	supercritical
231.00	598.00	349.01	0.0028653	301.72	473.07	1.9514	1.8959	3.1508	1162.8	-0.036652	5.2327e-05	0.13371	supercritical
232.00	598.00	348.10	0.0028727	304.43	476.22	1.9650	1.8953	3.1508	1159.3	-0.036443	5.2008e-05	0.13315	supercritical
233.00	598.00	347.20	0.0028801	307.13	479.37	1.9785	1.8947	3.1508	1155.8	-0.036233	5.1694e-05	0.13260	supercritical
234.00	598.00	346.31	0.0028876	309.84	482.52	1.9920	1.8942	3.1508	1152.3	-0.036023	5.1383e-05	0.13205	supercritical
235.00	598.00	345.41	0.0028951	312.54	485.67	2.0055	1.8937	3.1509	1148.9	-0.035812	5.1076e-05	0.13151	supercritical
236.00	598.00	344.51	0.0029027	315.24	488.82	2.0188	1.8932	3.1509	1145.5	-0.035600	5.0774e-05	0.13097	supercritical
237.00	598.00	343.62	0.0029102	317.94	491.97	2.0322	1.8928	3.1509	1142.1	-0.035387	5.0475e-05	0.13044	supercritical
238.00	598.00	342.72	0.0029178	320.64	495.12	2.0454	1.8924	3.1509	1138.8	-0.035174	5.0180e-05	0.12991	supercritical
239.00	598.00	341.83	0.0029254	323.33	498.27	2.0586	1.8920	3.1509	1135.4	-0.034960	4.9888e-05	0.12939	supercritical
240.00	598.00	340.94	0.0029331	326.03	501.42	2.0718	1.8917	3.1510	1132.1	-0.034745	4.9601e-05	0.12887	supercritical
241.00	598.00	340.05	0.0029407	328.72	504.57	2.0849	1.8913	3.1510	1128.8	-0.034530	4.9316e-05	0.12836	supercritical
242.00	598.00	339.16	0.0029484	331.41	507.73	2.0980	1.8911	3.1511	1125.6	-0.034314	4.9036e-05	0.12785	supercritical
243.00	598.00	338.28	0.0029562	334.10	510.88	2.1109	1.8908	3.1511	1122.3	-0.034097	4.8759e-05	0.12735	supercritical
244.00	598.00	337.39	0.0029639	336.78	514.03	2.1239	1.8906	3.1511	1119.1	-0.033880	4.8485e-05	0.12685	supercritical
245.00	598.00	336.51	0.0029717	339.47	517.18	2.1368	1.8904	3.1512	1115.9	-0.033663	4.8215e-05	0.12636	supercritical
246.00	598.00	335.62	0.0029795	342.15	520.33	2.1496	1.8902	3.1512	1112.7	-0.033445	4.7948e-05	0.12587	supercritical
247.00	598.00	334.74	0.0029874	344.84	523.48	2.1624	1.8901	3.1513	1109.6	-0.033226	4.7684e-05	0.12539	supercritical
248.00	598.00	333.86	0.0029952	347.52	526.63	2.1751	1.8900	3.1514	1106.4	-0.033007	4.7424e-05	0.12491	supercritical
249.00	598.00	332.99	0.0030031	350.20	529.78	2.1878	1.8899	3.1514	1103.3	-0.032788	4.7166e-05	0.12444	supercritical
250.00	598.00	332.11	0.0030111	352.87	532.94	2.2004	1.8899	3.1515	1100.3	-0.032568	4.6912e-05	0.12397	supercritical
251.00	598.00	331.23	0.0030190	355.55	536.09	2.2130	1.8899	3.1516	1097.2	-0.032348	4.6661e-05	0.12351	supercritical
252.00	598.00	330.36	0.0030270	358.22	539.24	2.2256	1.8899	3.1516	1094.2	-0.032127	4.6413e-05	0.12305	supercritical
253.00	598.00	329.49	0.0030350	360.90	542.39	2.2380	1.8900	3.1517	1091.1	-0.031906	4.6168e-05	0.12260	supercritical
254.00	598.00	328.62	0.0030430	363.57	545.54	2.2505	1.8900	3.1518	1088.2	-0.031685	4.5926e-05	0.12215	supercritical
255.00	598.00	327.75	0.0030511	366.24	548.69	2.2629	1.8901	3.1519	1085.2	-0.031464	4.5687e-05	0.12171	supercritical
256.00	598.00	326.88	0.0030592	368.91	551.85	2.2752	1.8903	3.1520	1082.2	-0.031243	4.5451e-05	0.12127	supercritical
257.00	598.00	326.02	0.0030673	371.57	555.00	2.2875	1.8905	3.1520	1079.3	-0.031021	4.5218e-05	0.12084	supercritical
258.00	598.00	325.16	0.0030755	374.24	558.15	2.2997	1.8907	3.1521	1076.4	-0.030799	4.4987e-05	0.12041	supercritical
259.00	598.00	324.29	0.0030836	376.90	561.30	2.3119	1.8909	3.1522	1073.5	-0.030577	4.4759e-05	0.11999	supercritical
260.00	598.00	323.43	0.0030918	379.56	564.45	2.3241	1.8911	3.1523	1070.7	-0.030355	4.4534e-05	0.11957	supercritical
261.00	598.00	322.58	0.0031000	382.22	567.61	2.3362	1.8914	3.1524	1067.8	-0.030133	4.4312e-05	0.11916	supercritical
262.00	598.00	321.72	0.0031083	384.88	570.76	2.3482	1.8917	3.1525	1065.0	-0.029911	4.4092e-05	0.11875	supercritical
263.00	598.00	320.87	0.0031166	387.54	573.91	2.3602	1.8921	3.1526	1062.2	-0.029689	4.3875e-05	0.11834	supercritical
264.00	598.00	320.01	0.0031249	390.20	577.06	2.3722	1.8925	3.1527	1059.5	-0.029467	4.3660e-05	0.11794	supercritical
265.00	598.00	319.16	0.0031332	392.85	580.22	2.3841	1.8929	3.1528	1056.7	-0.029246	4.3448e-05	0.11754	supercritical
266.00	598.00	318.31	0.0031416	395.50	583.37	2.3960	1.8933	3.1529	1054.0	-0.029024	4.3239e-05	0.11715	supercritical
267.00	598.00	317.47	0.0031499	398.16	586.52	2.4078	1.8937	3.1531	1051.3	-0.028802	4.3032e-05	0.11677	supercritical
268.00	598.00	316.62	0.0031584	400.81	589.68	2.4196	1.8942	3.1532	1048.6	-0.028581	4.2827e-05	0.11638	supercritical
269.00	598.00	315.78	0.0031668	403.46	592.83	2.4313	1.8947	3.1533	1046.0	-0.028359	4.2625e-05	0.11601	supercritical
270.00	598.00	314.94	0.0031753	406.10	595.98	2.4430	1.8953	3.1534	1043.4	-0.028138	4.2425e-05	0.11563	supercritical
271.00	598.00	314.10	0.0031837	408.75	599.14	2.4547	1.8958	3.1535	1040.7	-0.027917	4.2228e-05	0.11526	supercritical
272.00	598.00	313.26	0.0031923	411.39	602.29	2.4663	1.8964	3.1536	1038.2	-0.027697	4.2032e-05	0.11490	supercritical
273.00	598.00	312.42	0.0032008	414.04	605.44	2.4779	1.8971	3.1538	1035.6	-0.027477	4.1839e-05	0.11454	supercritical
274.00	598.00	311.59	0.0032094	416.68	608.60	2.4894	1.8977	3.1539	1033.0	-0.027257	4.1649e-05	0.11418	supercritical
275.00	598.00	310.76	0.0032179	419.32	611.75	2.5009	1.8984	3.1540	1030.5	-0.027037	4.1460e-05	0.11383	supercritical
276.00	598.00	309.93	0.0032266	421.96	614.91	2.5124	1.8991	3.1542	1028.0	-0.026818	4.1274e-05	0.11348	supercritical
277.00	598.00	309.10	0.0032352	424.60	618.06	2.5238	1.8998	3.1543	1025.5	-0.026600	4.1090e-05	0.11314	supercritical
278.00	598.00	308.28	0.0032439	427.23	621.21	2.5351	1.9006	3.1544	1023.1	-0.026381	4.0908e-05	0.11280	supercritical
279.00	598.00	307.45	0.0032525	429.87	624.37	2.5465	1.9014	3.1546	1020.6	-0.026164	4.0729e-05	0.11247	supercritical
280.00	598.00	306.63	0.0032613	432.50	627.52	2.5578	1.9022	3.1547	1018.2	-0.025946	4.0551e-05	0.11214	supercritical
281.00	598.00	305.81	0.0032700	435.13	630.68	2.5690	1.9030	3.1549	1015.8	-0.025730	4.0375e-05	0.11181	supercritical
282.00	598.00	304.99	0.0032788	437.76	633.83	2.5802	1.9039	3.1550	1013.4	-0.025514	4.0202e-05	0.11149	supercritical
283.00	598.00	304.18	0.0032875	440.39	636.99	2.5914	1.9048	3.1552	1011.1	-0.025298	4.0030e-05	0.11117	supercritical
284.00	598.00	303.37	0.0032963	443.02	640.14	2.6025	1.9057	3.1553	1008.8	-0.025083	3.9860e-05	0.11086	supercritical
285.00	598.00	302.56	0.0033052	445.65	643.30	2.6136	1.9066	3.1555	1006.4	-0.024869	3.9693e-05	0.11055	supercritical
286.00	598.00	301.75	0.0033140	448.28	646.45	2.6247	1.9076	3.1556	1004.2	-0.024655	3.9527e-05	0.11024	supercritical
287.00	598.00	300.94	0.0033229	450.90	649.61	2.6357	1.9086	3.1558	1001.9	-0.024443	3.9363e-05	0.10994	supercritical
288.00	598.00	300.14	0.0033318	453.52	652.77	2.6466	1.9096	3.1560	999.63	-0.024230	3.9201e-05	0.10964	supercritical
289.00	598.00	299.34	0.0033407	456.15	655.92	2.6576	1.9107	3.1561	997.40	-0.024019	3.9041e-05	0.10934	supercritical
290.00	598.00	298.54	0.0033497	458.77	659.08	2.6685	1.9117	3.1563	995.19	-0.023808	3.8883e-05	0.10905	supercritical
291.00	598.00	297.74	0.0033587	461.39	662.23	2.6794	1.9128	3.1565	993.00	-0.023599	3.8727e-05	0.10877	supercritical
292.00	598.00	296.94	0.0033676	464.01	665.39	2.6902	1.9140	3.1566	990.84	-0.023390	3.8572e-05	0.10849	supercritical
293.00	598.00	296.15	0.0033767	466.62	668.55	2.7010	1.9151	3.1568	988.69	-0.023182	3.8419e-05	0.10821	supercritical
294.00	598.00	295.36	0.0033857	469.24	671.70	2.7117	1.9163	3.1570	986.56	-0.022974	3.8268e-05	0.10793	supercritical
295.00	598.00	294.57	0.0033948	471.85	674.86	2.7224	1.9175	3.1572	984.45	-0.022768	3.8119e-05	0.10766	supercritical
296.00	598.00	293.79	0.0034038	474.47	678.02	2.7331	1.9187	3.1574	982.36	-0.022563	3.7971e-05	0.10739	supercritical
297.00	598.00	293.00	0.0034129	477.08	681.18	2.7438	1.9199	3.1576	980.30	-0.022358	3.7825e-05	0.10713	supercritical
298.00	598.00	292.22	0.0034221	479.69	684.33	2.7544	1.9212	3.1578	978.25	-0.022155	3.7681e-05	0.10687	supercritical
299.00	598.00	291.44	0.0034312	482.31	687.49	2.7650	1.9225	3.1580	976.22	-0.021952	3.7538e-05	0.10661	supercritical
300.00	598.00	290.66	0.0034404	484.91	690.65	2.7755	1.9238	3.1582	974.21	-0.021751	3.7397e-05	0.10636	supercritical
301.00	598.00	289.89	0.0034496	487.52	693.81	2.7860	1.9251	3.1584	972.22	-0.021551	3.7258e-05	0.10611	supercritical
302.00	598.00	289.12	0.0034588	490.13	696.97	2.7965	1.9265	3.1586	970.25	-0.021351	3.7120e-05	0.10587	supercritical
303.00	598.00	288.35	0.0034680	492.74	700.13	2.8069	1.9279	3.1588	968.30	-0.021153	3.6984e-05	0.10562	supercritical
304.00	598.00	287.58	0.0034773	495.34	703.28	2.8174	1.9293	3.1590	966.37	-0.020956	3.6850e-05	0.10539	supercritical
305.00	598.00	286.82	0.0034865	497.95	706.44	2.8277	1.9307	3.1592	964.45	-0.020760	3.6716e-05	0.10515	supercritical
306.00	598.00	286.06	0.0034958	500.55	709.60	2.8381	1.9321	3.1594	962.56	-0.020565	3.6585e-05	0.10492	supercritical
307.00	598.00	285.30	0.0035051	503.16	712.76	2.8484	1.9336	3.1597	960.68	-0.020371	3.6455e-05	0.10469	supercritical
308.00	598.00	284.54	0.0035145	505.76	715.92	2.8587	1.9351	3.1599	958.82	-0.020179	3.6326e-05	0.10447	supercritical
309.00	598.00	283.78	0.0035238	508.36	719.08	2.8689	1.9366	3.1602	956.99	-0.019987	3.6199e-05	0.10425	supercritical
310.00	598.00	283.03	0.0035332	510.96	722.24	2.8791	1.9382	3.1604	955.17	-0.019797	3.6074e-05	0.10403	supercritical
311.00	598.00	282.28	0.0035426	513.56	725.40	2.8893	1.9397	3.1606	953.36	-0.019609	3.5949e-05	0.10381	supercritical
312.00	598.00	281.53	0.0035520	516.16	728.56	2.8994	1.9413	3.1609	951.58	-0.019421	3.5827e-05	0.10360	supercritical
313.00	598.00	280.79	0.0035614	518.75	731.72	2.9096	1.9429	3.1611	949.82	-0.019235	3.5705e-05	0.10339	supercritical
314.00	598.00	280.04	0.0035709	521.35	734.89	2.9196	1.9445	3.1614	948.07	-0.019049	3.5585e-05	0.10319	supercritical
315.00	598.00	279.30	0.0035803	523.94	738.05	2.9297	1.9462	3.1617	946.34	-0.018866	3.5467e-05	0.10299	supercritical
316.00	598.00	278.57	0.0035898	526.54	741.21	2.9397	1.9478	3.1620	944.63	-0.018683	3.5349e-05	0.10279	supercritical
317.00	598.00	277.83	0.0035993	529.13	744.37	2.9497	1.9495	3.1622	942.93	-0.018502	3.5233e-05	0.10260	supercritical
318.00	598.00	277.10	0.0036088	531.73	747.53	2.9597	1.9512	3.1625	941.26	-0.018322	3.5119e-05	0.10240	supercritical
319.00	598.00	276.37	0.0036184	534.32	750.70	2.9696	1.9530	3.1628	939.60	-0.018144	3.5006e-05	0.10221	supercritical
320.00	598.00	275.64	0.0036279	536.91	753.86	2.9795	1.9547	3.1631	937.96	-0.017967	3.4894e-05	0.10203	supercritical
321.00	598.00	274.92	0.0036375	539.50	757.02	2.9894	1.9565	3.1634	936.33	-0.017791	3.4783e-05	0.10185	supercritical
322.00	598.00	274.19	0.0036471	542.09	760.19	2.9992	1.9583	3.1637	934.73	-0.017617	3.4673e-05	0.10167	supercritical
323.00	598.00	273.47	0.0036567	544.68	763.35	3.0090	1.9601	3.1640	933.13	-0.017444	3.4565e-05	0.10149	supercritical
324.00	598.00	272.76	0.0036663	547.27	766.51	3.0188	1.9619	3.1643	931.56	-0.017273	3.4458e-05	0.10132	supercritical
325.00	598.00	272.04	0.0036759	549.86	769.68	3.0285	1.9638	3.1646	930.01	-0.017103	3.4353e-05	0.10115	supercritical
326.00	598.00	271.33	0.0036856	552.45	772.84	3.0383	1.9656	3.1650	928.47	-0.016934	3.4248e-05	0.10098	supercritical
327.00	598.00	270.62	0.0036952	555.03	776.01	3.0480	1.9675	3.1653	926.94	-0.016767	3.4145e-05	0.10082	supercritical
328.00	598.00	269.91	0.0037049	557.62	779.17	3.0576	1.9694	3.1657	925.43	-0.016602	3.4043e-05	0.10065	supercritical
329.00	598.00	269.21	0.0037146	560.20	782.34	3.0673	1.9713	3.1660	923.94	-0.016438	3.3942e-05	0.10050	supercritical
330.00	598.00	268.50	0.0037243	562.79	785.51	3.0769	1.9733	3.1664	922.47	-0.016275	3.3842e-05	0.10034	supercritical
331.00	598.00	267.80	0.0037341	565.37	788.67	3.0865	1.9753	3.1667	921.01	-0.016114	3.3743e-05	0.10019	supercritical
332.00	598.00	267.11	0.0037438	567.96	791.84	3.0960	1.9772	3.1671	919.57	-0.015954	3.3646e-05	0.10004	supercritical
333.00	598.00	266.41	0.0037536	570.54	795.01	3.1055	1.9792	3.1675	918.14	-0.015796	3.3549e-05	0.099889	supercritical
334.00	598.00	265.72	0.0037634	573.13	798.17	3.1150	1.9813	3.1679	916.73	-0.015639	3.3454e-05	0.099745	supercritical
335.00	598.00	265.03	0.0037732	575.71	801.34	3.1245	1.9833	3.1682	915.34	-0.015484	3.3360e-05	0.099603	supercritical
336.00	598.00	264.34	0.0037830	578.29	804.51	3.1339	1.9853	3.1686	913.96	-0.015331	3.3267e-05	0.099464	supercritical
337.00	598.00	263.66	0.0037928	580.87	807.68	3.1434	1.9874	3.1691	912.59	-0.015179	3.3175e-05	0.099327	supercritical
338.00	598.00	262.98	0.0038026	583.45	810.85	3.1528	1.9895	3.1695	911.24	-0.015028	3.3084e-05	0.099194	supercritical
339.00	598.00	262.30	0.0038125	586.03	814.02	3.1621	1.9916	3.1699	909.91	-0.014880	3.2994e-05	0.099063	supercritical
340.00	598.00	261.62	0.0038223	588.61	817.19	3.1715	1.9937	3.1703	908.59	-0.014732	3.2905e-05	0.098934	supercritical
341.00	598.00	260.95	0.0038322	591.19	820.36	3.1808	1.9959	3.1708	907.29	-0.014586	3.2817e-05	0.098808	supercritical
342.00	598.00	260.27	0.0038421	593.77	823.53	3.1901	1.9980	3.1712	906.00	-0.014442	3.2730e-05	0.098685	supercritical
343.00	598.00	259.61	0.0038520	596.35	826.70	3.1993	2.0002	3.1717	904.73	-0.014300	3.2644e-05	0.098565	supercritical
344.00	598.00	258.94	0.0038619	598.93	829.87	3.2085	2.0024	3.1721	903.47	-0.014159	3.2560e-05	0.098447	supercritical
345.00	598.00	258.28	0.0038718	601.51	833.05	3.2178	2.0046	3.1726	902.22	-0.014019	3.2476e-05	0.098331	supercritical
346.00	598.00	257.61	0.0038818	604.09	836.22	3.2269	2.0068	3.1731	900.99	-0.013881	3.2393e-05	0.098218	supercritical
347.00	598.00	256.96	0.0038917	606.67	839.39	3.2361	2.0091	3.1735	899.77	-0.013745	3.2311e-05	0.098107	supercritical
348.00	598.00	256.30	0.0039017	609.24	842.57	3.2452	2.0113	3.1740	898.57	-0.013610	3.2230e-05	0.097999	supercritical
349.00	598.00	255.65	0.0039117	611.82	845.74	3.2543	2.0136	3.1745	897.38	-0.013477	3.2150e-05	0.097893	supercritical
350.00	598.00	254.99	0.0039217	614.40	848.92	3.2634	2.0159	3.1751	896.21	-0.013345	3.2071e-05	0.097790	supercritical
351.00	598.00	254.35	0.0039317	616.98	852.09	3.2725	2.0182	3.1756	895.05	-0.013215	3.1993e-05	0.097689	supercritical
352.00	598.00	253.70	0.0039417	619.55	855.27	3.2815	2.0205	3.1761	893.90	-0.013087	3.1916e-05	0.097591	supercritical
353.00	598.00	253.06	0.0039517	622.13	858.44	3.2905	2.0228	3.1766	892.77	-0.012960	3.1839e-05	0.097494	supercritical
354.00	598.00	252.42	0.0039617	624.71	861.62	3.2995	2.0252	3.1772	891.65	-0.012835	3.1764e-05	0.097401	supercritical
355.00	598.00	251.78	0.0039718	627.29	864.80	3.3085	2.0276	3.1778	890.54	-0.012711	3.1689e-05	0.097309	supercritical
356.00	598.00	251.14	0.0039818	629.86	867.98	3.3174	2.0299	3.1783	889.45	-0.012589	3.1615e-05	0.097220	supercritical
357.00	598.00	250.51	0.0039919	632.44	871.15	3.3263	2.0323	3.1789	888.37	-0.012469	3.1543e-05	0.097133	supercritical
358.00	598.00	249.88	0.0040020	635.02	874.33	3.3352	2.0347	3.1795	887.30	-0.012350	3.1471e-05	0.097048	supercritical
359.00	598.00	249.25	0.0040121	637.59	877.51	3.3441	2.0372	3.1801	886.25	-0.012233	3.1399e-05	0.096966	supercritical
360.00	598.00	248.62	0.0040222	640.17	880.69	3.3529	2.0396	3.1807	885.21	-0.012117	3.1329e-05	0.096885	supercritical
361.00	598.00	248.00	0.0040323	642.75	883.87	3.3618	2.0421	3.1813	884.18	-0.012003	3.1260e-05	0.096807	supercritical
362.00	598.00	247.38	0.0040424	645.32	887.06	3.3706	2.0445	3.1819	883.16	-0.011891	3.1191e-05	0.096731	supercritical
363.00	598.00	246.76	0.0040525	647.90	890.24	3.3793	2.0470	3.1826	882.16	-0.011780	3.1123e-05	0.096657	supercritical
364.00	598.00	246.15	0.0040626	650.48	893.42	3.3881	2.0495	3.1832	881.17	-0.011670	3.1056e-05	0.096586	supercritical
365.00	598.00	245.53	0.0040728	653.05	896.60	3.3968	2.0520	3.1839	880.19	-0.011562	3.0990e-05	0.096516	supercritical
366.00	598.00	244.92	0.0040829	655.63	899.79	3.4055	2.0545	3.1845	879.22	-0.011456	3.0924e-05	0.096449	supercritical
367.00	598.00	244.31	0.0040931	658.21	902.97	3.4142	2.0571	3.1852	878.27	-0.011351	3.0860e-05	0.096384	supercritical
368.00	598.00	243.71	0.0041033	660.78	906.16	3.4229	2.0596	3.1859	877.32	-0.011248	3.0796e-05	0.096320	supercritical
369.00	598.00	243.10	0.0041135	663.36	909.35	3.4316	2.0622	3.1866	876.39	-0.011147	3.0733e-05	0.096259	supercritical
370.00	598.00	242.50	0.0041236	665.94	912.53	3.4402	2.0647	3.1873	875.47	-0.011047	3.0670e-05	0.096200	supercritical
371.00	598.00	241.91	0.0041338	668.52	915.72	3.4488	2.0673	3.1880	874.57	-0.010948	3.0608e-05	0.096143	supercritical
372.00	598.00	241.31	0.0041440	671.09	918.91	3.4574	2.0699	3.1887	873.67	-0.010851	3.0547e-05	0.096087	supercritical
373.00	598.00	240.72	0.0041543	673.67	922.10	3.4659	2.0725	3.1895	872.79	-0.010756	3.0487e-05	0.096034	supercritical
374.00	598.00	240.13	0.0041645	676.25	925.29	3.4745	2.0752	3.1902	871.91	-0.010662	3.0428e-05	0.095983	supercritical
375.00	598.00	239.54	0.0041747	678.83	928.48	3.4830	2.0778	3.1910	871.05	-0.010569	3.0369e-05	0.095933	supercritical
376.00	598.00	238.95	0.0041849	681.41	931.67	3.4915	2.0805	3.1918	870.20	-0.010479	3.0311e-05	0.095886	supercritical
377.00	598.00	238.37	0.0041952	683.99	934.86	3.5000	2.0831	3.1925	869.36	-0.010389	3.0254e-05	0.095840	supercritical
378.00	598.00	237.79	0.0042054	686.57	938.05	3.5084	2.0858	3.1933	868.53	-0.010301	3.0197e-05	0.095797	supercritical
379.00	598.00	237.21	0.0042157	689.15	941.25	3.5169	2.0885	3.1941	867.71	-0.010215	3.0141e-05	0.095755	supercritical
380.00	598.00	236.63	0.0042260	691.73	944.44	3.5253	2.0912	3.1949	866.91	-0.010130	3.0086e-05	0.095715	supercritical
381.00	598.00	236.06	0.0042362	694.31	947.64	3.5337	2.0939	3.1958	866.11	-0.010047	3.0031e-05	0.095677	supercritical
382.00	598.00	235.49	0.0042465	696.89	950.83	3.5421	2.0966	3.1966	865.33	-0.0099646	2.9977e-05	0.095641	supercritical
383.00	598.00	234.92	0.0042568	699.47	954.03	3.5504	2.0993	3.1975	864.55	-0.0098841	2.9924e-05	0.095606	supercritical
384.00	598.00	234.35	0.0042671	702.06	957.23	3.5587	2.1021	3.1983	863.79	-0.0098050	2.9871e-05	0.095573	supercritical
385.00	598.00	233.79	0.0042774	704.64	960.43	3.5671	2.1048	3.1992	863.03	-0.0097274	2.9819e-05	0.095543	supercritical
386.00	598.00	233.23	0.0042877	707.22	963.63	3.5754	2.1076	3.2001	862.29	-0.0096513	2.9767e-05	0.095513	supercritical
387.00	598.00	232.67	0.0042980	709.81	966.83	3.5836	2.1104	3.2010	861.55	-0.0095765	2.9717e-05	0.095486	supercritical
388.00	598.00	232.11	0.0043083	712.39	970.03	3.5919	2.1132	3.2019	860.83	-0.0095032	2.9667e-05	0.095460	supercritical
389.00	598.00	231.55	0.0043187	714.98	973.23	3.6002	2.1160	3.2028	860.11	-0.0094313	2.9617e-05	0.095436	supercritical
390.00	598.00	231.00	0.0043290	717.56	976.43	3.6084	2.1188	3.2037	859.41	-0.0093608	2.9568e-05	0.095414	supercritical
391.00	598.00	230.45	0.0043393	720.15	979.64	3.6166	2.1216	3.2046	858.71	-0.0092917	2.9520e-05	0.095393	supercritical
392.00	598.00	229.90	0.0043497	722.73	982.84	3.6248	2.1244	3.2056	858.03	-0.0092239	2.9472e-05	0.095374	supercritical
393.00	598.00	229.36	0.0043600	725.32	986.05	3.6329	2.1272	3.2065	857.35	-0.0091576	2.9425e-05	0.095357	supercritical
394.00	598.00	228.81	0.0043703	727.91	989.26	3.6411	2.1301	3.2075	856.68	-0.0090926	2.9378e-05	0.095342	supercritical
395.00	598.00	228.27	0.0043807	730.50	992.47	3.6492	2.1330	3.2085	856.03	-0.0090289	2.9332e-05	0.095328	supercritical
396.00	598.00	227.74	0.0043911	733.09	995.67	3.6573	2.1358	3.2095	855.38	-0.0089667	2.9287e-05	0.095315	supercritical
397.00	598.00	227.20	0.0044014	735.68	998.88	3.6654	2.1387	3.2105	854.74	-0.0089057	2.9242e-05	0.095304	supercritical
398.00	598.00	226.67	0.0044118	738.27	1002.1	3.6735	2.1416	3.2115	854.11	-0.0088461	2.9198e-05	0.095295	supercritical
399.00	598.00	226.13	0.0044222	740.86	1005.3	3.6816	2.1445	3.2125	853.49	-0.0087878	2.9154e-05	0.095288	supercritical
400.00	598.00	225.60	0.0044325	743.45	1008.5	3.6896	2.1474	3.2136	852.88	-0.0087308	2.9111e-05	0.095282	supercritical
401.00	598.00	225.08	0.0044429	746.05	1011.7	3.6976	2.1503	3.2146	852.28	-0.0086751	2.9068e-05	0.095277	supercritical
402.00	598.00	224.55	0.0044533	748.64	1014.9	3.7056	2.1532	3.2157	851.68	-0.0086207	2.9026e-05	0.095274	supercritical
403.00	598.00	224.03	0.0044637	751.24	1018.2	3.7136	2.1562	3.2168	851.10	-0.0085675	2.8985e-05	0.095272	supercritical
404.00	598.00	223.51	0.0044741	753.83	1021.4	3.7216	2.1591	3.2179	850.52	-0.0085157	2.8944e-05	0.095273	supercritical
405.00	598.00	222.99	0.0044845	756.43	1024.6	3.7296	2.1621	3.2190	849.95	-0.0084651	2.8903e-05	0.095274	supercritical
406.00	598.00	222.47	0.0044949	759.03	1027.8	3.7375	2.1650	3.2201	849.39	-0.0084157	2.8863e-05	0.095277	supercritical
407.00	598.00	221.96	0.0045053	761.62	1031.0	3.7454	2.1680	3.2212	848.84	-0.0083676	2.8823e-05	0.095281	supercritical
408.00	598.00	221.45	0.0045157	764.22	1034.3	3.7533	2.1710	3.2223	848.30	-0.0083207	2.8785e-05	0.095287	supercritical
409.00	598.00	220.94	0.0045261	766.82	1037.5	3.7612	2.1740	3.2235	847.76	-0.0082750	2.8746e-05	0.095295	supercritical
410.00	598.00	220.43	0.0045365	769.43	1040.7	3.7691	2.1769	3.2246	847.23	-0.0082305	2.8708e-05	0.095304	supercritical
411.00	598.00	219.93	0.0045470	772.03	1043.9	3.7770	2.1799	3.2258	846.71	-0.0081872	2.8671e-05	0.095314	supercritical
412.00	598.00	219.42	0.0045574	774.63	1047.2	3.7848	2.1830	3.2270	846.20	-0.0081451	2.8634e-05	0.095325	supercritical
413.00	598.00	218.92	0.0045678	777.23	1050.4	3.7926	2.1860	3.2282	845.70	-0.0081042	2.8597e-05	0.095338	supercritical
414.00	598.00	218.42	0.0045782	779.84	1053.6	3.8004	2.1890	3.2294	845.21	-0.0080644	2.8561e-05	0.095353	supercritical
415.00	598.00	217.93	0.0045887	782.45	1056.8	3.8082	2.1920	3.2306	844.72	-0.0080258	2.8525e-05	0.095369	supercritical
416.00	598.00	217.43	0.0045991	785.05	1060.1	3.8160	2.1951	3.2318	844.24	-0.0079883	2.8490e-05	0.095386	supercritical
417.00	598.00	216.94	0.0046095	787.66	1063.3	3.8238	2.1981	3.2330	843.76	-0.0079520	2.8456e-05	0.095404	supercritical
418.00	598.00	216.45	0.0046200	790.27	1066.5	3.8315	2.2012	3.2343	843.30	-0.0079167	2.8421e-05	0.095424	supercritical
419.00	598.00	215.96	0.0046304	792.88	1069.8	3.8392	2.2043	3.2355	842.84	-0.0078826	2.8388e-05	0.095445	supercritical
420.00	598.00	215.48	0.0046409	795.49	1073.0	3.8469	2.2073	3.2368	842.39	-0.0078496	2.8354e-05	0.095468	supercritical
421.00	598.00	214.99	0.0046513	798.11	1076.3	3.8546	2.2104	3.2381	841.95	-0.0078176	2.8321e-05	0.095491	supercritical
422.00	598.00	214.51	0.0046618	800.72	1079.5	3.8623	2.2135	3.2394	841.51	-0.0077868	2.8289e-05	0.095516	supercritical
423.00	598.00	214.03	0.0046722	803.34	1082.7	3.8700	2.2166	3.2407	841.08	-0.0077570	2.8257e-05	0.095543	supercritical
424.00	598.00	213.55	0.0046827	805.95	1086.0	3.8776	2.2197	3.2420	840.66	-0.0077282	2.8225e-05	0.095570	supercritical
425.00	598.00	213.08	0.0046931	808.57	1089.2	3.8853	2.2228	3.2433	840.25	-0.0077005	2.8194e-05	0.095599	supercritical
426.00	598.00	212.60	0.0047036	811.19	1092.5	3.8929	2.2259	3.2447	839.84	-0.0076738	2.8164e-05	0.095630	supercritical
427.00	598.00	212.13	0.0047140	813.81	1095.7	3.9005	2.2290	3.2460	839.44	-0.0076482	2.8133e-05	0.095661	supercritical
428.00	598.00	211.66	0.0047245	816.43	1099.0	3.9081	2.2322	3.2474	839.05	-0.0076235	2.8103e-05	0.095694	supercritical
429.00	598.00	211.20	0.0047349	819.05	1102.2	3.9157	2.2353	3.2488	838.66	-0.0075999	2.8074e-05	0.095727	supercritical
430.00	598.00	210.73	0.0047454	821.68	1105.5	3.9233	2.2384	3.2501	838.28	-0.0075772	2.8045e-05	0.095762	supercritical
431.00	598.00	210.27	0.0047559	824.30	1108.7	3.9308	2.2416	3.2515	837.90	-0.0075555	2.8016e-05	0.095799	supercritical
432.00	598.00	209.80	0.0047663	826.93	1112.0	3.9383	2.2447	3.2530	837.54	-0.0075348	2.7988e-05	0.095836	supercritical
433.00	598.00	209.35	0.0047768	829.55	1115.2	3.9459	2.2479	3.2544	837.18	-0.0075151	2.7960e-05	0.095875	supercritical
434.00	598.00	208.89	0.0047873	832.18	1118.5	3.9534	2.2511	3.2558	836.82	-0.0074963	2.7932e-05	0.095915	supercritical
435.00	598.00	208.43	0.0047977	834.81	1121.7	3.9609	2.2542	3.2572	836.47	-0.0074784	2.7905e-05	0.095956	supercritical
436.00	598.00	207.98	0.0048082	837.45	1125.0	3.9684	2.2574	3.2587	836.13	-0.0074614	2.7879e-05	0.095998	supercritical
437.00	598.00	207.53	0.0048187	840.08	1128.2	3.9758	2.2606	3.2601	835.79	-0.0074454	2.7852e-05	0.096041	supercritical
438.00	598.00	207.08	0.0048292	842.71	1131.5	3.9833	2.2638	3.2616	835.47	-0.0074303	2.7826e-05	0.096085	supercritical
439.00	598.00	206.63	0.0048396	845.35	1134.8	3.9907	2.2670	3.2631	835.14	-0.0074160	2.7801e-05	0.096131	supercritical
440.00	598.00	206.18	0.0048501	847.99	1138.0	3.9981	2.2702	3.2646	834.82	-0.0074026	2.7775e-05	0.096178	supercritical
441.00	598.00	205.74	0.0048606	850.63	1141.3	4.0056	2.2734	3.2661	834.51	-0.0073902	2.7750e-05	0.096225	supercritical
442.00	598.00	205.29	0.0048710	853.27	1144.6	4.0130	2.2766	3.2676	834.21	-0.0073785	2.7726e-05	0.096274	supercritical
443.00	598.00	204.85	0.0048815	855.91	1147.8	4.0203	2.2798	3.2691	833.91	-0.0073677	2.7702e-05	0.096324	supercritical
444.00	598.00	204.42	0.0048920	858.55	1151.1	4.0277	2.2830	3.2707	833.61	-0.0073578	2.7678e-05	0.096375	supercritical
445.00	598.00	203.98	0.0049025	861.20	1154.4	4.0351	2.2863	3.2722	833.32	-0.0073487	2.7654e-05	0.096428	supercritical
446.00	598.00	203.54	0.0049129	863.84	1157.6	4.0424	2.2895	3.2738	833.04	-0.0073404	2.7631e-05	0.096481	supercritical
447.00	598.00	203.11	0.0049234	866.49	1160.9	4.0498	2.2927	3.2754	832.76	-0.0073329	2.7608e-05	0.096535	supercritical
448.00	598.00	202.68	0.0049339	869.14	1164.2	4.0571	2.2960	3.2769	832.49	-0.0073262	2.7586e-05	0.096590	supercritical
449.00	598.00	202.25	0.0049444	871.79	1167.5	4.0644	2.2992	3.2785	832.23	-0.0073203	2.7564e-05	0.096647	supercritical
450.00	598.00	201.82	0.0049549	874.45	1170.7	4.0717	2.3025	3.2801	831.97	-0.0073152	2.7542e-05	0.096704	supercritical
451.00	598.00	201.40	0.0049653	877.10	1174.0	4.0790	2.3057	3.2817	831.71	-0.0073109	2.7521e-05	0.096763	supercritical
452.00	598.00	200.97	0.0049758	879.76	1177.3	4.0862	2.3090	3.2834	831.46	-0.0073073	2.7499e-05	0.096822	supercritical
453.00	598.00	200.55	0.0049863	882.41	1180.6	4.0935	2.3123	3.2850	831.22	-0.0073045	2.7479e-05	0.096883	supercritical
454.00	598.00	200.13	0.0049968	885.07	1183.9	4.1007	2.3155	3.2866	830.98	-0.0073024	2.7458e-05	0.096944	supercritical
455.00	598.00	199.71	0.0050072	887.73	1187.2	4.1080	2.3188	3.2883	830.74	-0.0073010	2.7438e-05	0.097007	supercritical
456.00	598.00	199.29	0.0050177	890.40	1190.5	4.1152	2.3221	3.2900	830.52	-0.0073004	2.7418e-05	0.097070	supercritical
457.00	598.00	198.88	0.0050282	893.06	1193.7	4.1224	2.3254	3.2916	830.29	-0.0073004	2.7398e-05	0.097135	supercritical
458.00	598.00	198.46	0.0050387	895.73	1197.0	4.1296	2.3287	3.2933	830.07	-0.0073012	2.7379e-05	0.097200	supercritical
459.00	598.00	198.05	0.0050492	898.39	1200.3	4.1368	2.3320	3.2950	829.86	-0.0073027	2.7360e-05	0.097267	supercritical
460.00	598.00	197.64	0.0050596	901.06	1203.6	4.1440	2.3352	3.2967	829.65	-0.0073048	2.7342e-05	0.097334	supercritical
461.00	598.00	197.23	0.0050701	903.73	1206.9	4.1511	2.3386	3.2984	829.45	-0.0073076	2.7323e-05	0.097402	supercritical
462.00	598.00	196.83	0.0050806	906.41	1210.2	4.1583	2.3419	3.3001	829.25	-0.0073111	2.7305e-05	0.097471	supercritical
463.00	598.00	196.42	0.0050911	909.08	1213.5	4.1654	2.3452	3.3019	829.05	-0.0073152	2.7287e-05	0.097542	supercritical
464.00	598.00	196.02	0.0051015	911.76	1216.8	4.1725	2.3485	3.3036	828.86	-0.0073200	2.7270e-05	0.097613	supercritical
465.00	598.00	195.62	0.0051120	914.44	1220.1	4.1796	2.3518	3.3054	828.68	-0.0073254	2.7253e-05	0.097685	supercritical
466.00	598.00	195.22	0.0051225	917.12	1223.4	4.1867	2.3551	3.3071	828.50	-0.0073315	2.7236e-05	0.097758	supercritical
467.00	598.00	194.82	0.0051329	919.80	1226.7	4.1938	2.3584	3.3089	828.32	-0.0073381	2.7219e-05	0.097832	supercritical
468.00	598.00	194.42	0.0051434	922.48	1230.1	4.2009	2.3618	3.3107	828.15	-0.0073454	2.7203e-05	0.097907	supercritical
469.00	598.00	194.03	0.0051539	925.17	1233.4	4.2080	2.3651	3.3125	827.98	-0.0073533	2.7187e-05	0.097982	supercritical
470.00	598.00	193.64	0.0051644	927.86	1236.7	4.2150	2.3684	3.3143	827.82	-0.0073618	2.7171e-05	0.098059	supercritical
471.00	598.00	193.24	0.0051748	930.54	1240.0	4.2221	2.3718	3.3161	827.66	-0.0073708	2.7155e-05	0.098136	supercritical
472.00	598.00	192.85	0.0051853	933.24	1243.3	4.2291	2.3751	3.3179	827.51	-0.0073804	2.7140e-05	0.098215	supercritical
473.00	598.00	192.46	0.0051958	935.93	1246.6	4.2361	2.3785	3.3197	827.36	-0.0073906	2.7125e-05	0.098294	supercritical
474.00	598.00	192.08	0.0052062	938.62	1250.0	4.2432	2.3818	3.3216	827.22	-0.0074014	2.7110e-05	0.098374	supercritical
475.00	598.00	191.69	0.0052167	941.32	1253.3	4.2502	2.3852	3.3234	827.08	-0.0074127	2.7096e-05	0.098455	supercritical
476.00	598.00	191.31	0.0052272	944.02	1256.6	4.2572	2.3885	3.3253	826.94	-0.0074245	2.7081e-05	0.098537	supercritical
477.00	598.00	190.93	0.0052376	946.72	1259.9	4.2641	2.3919	3.3271	826.81	-0.0074369	2.7067e-05	0.098620	supercritical
478.00	598.00	190.55	0.0052481	949.42	1263.3	4.2711	2.3952	3.3290	826.68	-0.0074498	2.7054e-05	0.098703	supercritical
479.00	598.00	190.17	0.0052585	952.13	1266.6	4.2781	2.3986	3.3309	826.55	-0.0074633	2.7040e-05	0.098788	supercritical
480.00	598.00	189.79	0.0052690	954.83	1269.9	4.2850	2.4020	3.3328	826.43	-0.0074772	2.7027e-05	0.098873	supercritical
481.00	598.00	189.41	0.0052794	957.54	1273.3	4.2919	2.4053	3.3347	826.32	-0.0074916	2.7014e-05	0.098959	supercritical
482.00	598.00	189.04	0.0052899	960.25	1276.6	4.2989	2.4087	3.3366	826.21	-0.0075065	2.7001e-05	0.099046	supercritical
483.00	598.00	188.67	0.0053004	962.96	1279.9	4.3058	2.4121	3.3385	826.10	-0.0075220	2.6989e-05	0.099133	supercritical
484.00	598.00	188.30	0.0053108	965.68	1283.3	4.3127	2.4155	3.3404	825.99	-0.0075379	2.6976e-05	0.099222	supercritical
485.00	598.00	187.93	0.0053213	968.39	1286.6	4.3196	2.4189	3.3424	825.89	-0.0075542	2.6964e-05	0.099311	supercritical
486.00	598.00	187.56	0.0053317	971.11	1289.9	4.3265	2.4222	3.3443	825.80	-0.0075711	2.6952e-05	0.099401	supercritical
487.00	598.00	187.19	0.0053422	973.83	1293.3	4.3334	2.4256	3.3463	825.70	-0.0075883	2.6941e-05	0.099492	supercritical
488.00	598.00	186.82	0.0053526	976.56	1296.6	4.3402	2.4290	3.3482	825.61	-0.0076061	2.6929e-05	0.099584	supercritical
489.00	598.00	186.46	0.0053631	979.28	1300.0	4.3471	2.4324	3.3502	825.53	-0.0076242	2.6918e-05	0.099676	supercritical
490.00	598.00	186.10	0.0053735	982.01	1303.3	4.3539	2.4358	3.3522	825.45	-0.0076429	2.6907e-05	0.099769	supercritical
491.00	598.00	185.74	0.0053839	984.74	1306.7	4.3608	2.4392	3.3541	825.37	-0.0076619	2.6897e-05	0.099863	supercritical
492.00	598.00	185.38	0.0053944	987.47	1310.1	4.3676	2.4426	3.3561	825.29	-0.0076813	2.6886e-05	0.099958	supercritical
493.00	598.00	185.02	0.0054048	990.20	1313.4	4.3744	2.4460	3.3581	825.22	-0.0077012	2.6876e-05	0.10005	supercritical
494.00	598.00	184.66	0.0054153	992.93	1316.8	4.3812	2.4494	3.3602	825.15	-0.0077215	2.6866e-05	0.10015	supercritical
495.00	598.00	184.31	0.0054257	995.67	1320.1	4.3880	2.4528	3.3622	825.09	-0.0077422	2.6856e-05	0.10025	supercritical
496.00	598.00	183.95	0.0054361	998.41	1323.5	4.3948	2.4562	3.3642	825.03	-0.0077632	2.6846e-05	0.10034	supercritical
497.00	598.00	183.60	0.0054466	1001.2	1326.9	4.4016	2.4596	3.3662	824.97	-0.0077847	2.6837e-05	0.10044	supercritical
498.00	598.00	183.25	0.0054570	1003.9	1330.2	4.4083	2.4630	3.3683	824.92	-0.0078065	2.6828e-05	0.10054	supercritical
499.00	598.00	182.90	0.0054674	1006.6	1333.6	4.4151	2.4665	3.3703	824.87	-0.0078287	2.6819e-05	0.10064	supercritical
500.00	598.00	182.55	0.0054779	1009.4	1337.0	4.4219	2.4699	3.3724	824.82	-0.0078513	2.6810e-05	0.10074	supercritical
501.00	598.00	182.21	0.0054883	1012.1	1340.3	4.4286	2.4733	3.3744	824.78	-0.0078742	2.6801e-05	0.10084	supercritical
502.00	598.00	181.86	0.0054987	1014.9	1343.7	4.4353	2.4767	3.3765	824.74	-0.0078975	2.6793e-05	0.10095	supercritical
503.00	598.00	181.52	0.0055091	1017.6	1347.1	4.4420	2.4801	3.3786	824.70	-0.0079212	2.6785e-05	0.10105	supercritical
504.00	598.00	181.17	0.0055195	1020.4	1350.5	4.4488	2.4835	3.3807	824.66	-0.0079451	2.6777e-05	0.10115	supercritical
505.00	598.00	180.83	0.0055300	1023.2	1353.9	4.4555	2.4870	3.3828	824.63	-0.0079694	2.6769e-05	0.10126	supercritical
506.00	598.00	180.49	0.0055404	1025.9	1357.2	4.4622	2.4904	3.3849	824.60	-0.0079941	2.6762e-05	0.10136	supercritical
507.00	598.00	180.15	0.0055508	1028.7	1360.6	4.4688	2.4938	3.3870	824.58	-0.0080190	2.6754e-05	0.10147	supercritical
508.00	598.00	179.82	0.0055612	1031.4	1364.0	4.4755	2.4973	3.3891	824.56	-0.0080443	2.6747e-05	0.10157	supercritical
509.00	598.00	179.48	0.0055716	1034.2	1367.4	4.4822	2.5007	3.3912	824.54	-0.0080699	2.6740e-05	0.10168	supercritical
510.00	598.00	179.15	0.0055820	1037.0	1370.8	4.4888	2.5041	3.3934	824.52	-0.0080958	2.6733e-05	0.10179	supercritical
511.00	598.00	178.81	0.0055924	1039.8	1374.2	4.4955	2.5076	3.3955	824.51	-0.0081220	2.6726e-05	0.10190	supercritical
512.00	598.00	178.48	0.0056028	1042.5	1377.6	4.5021	2.5110	3.3977	824.50	-0.0081485	2.6720e-05	0.10200	supercritical
513.00	598.00	178.15	0.0056132	1045.3	1381.0	4.5088	2.5144	3.3998	824.49	-0.0081752	2.6714e-05	0.10211	supercritical
514.00	598.00	177.82	0.0056236	1048.1	1384.4	4.5154	2.5179	3.4020	824.49	-0.0082023	2.6707e-05	0.10222	supercritical
515.00	598.00	177.49	0.0056340	1050.9	1387.8	4.5220	2.5213	3.4041	824.48	-0.0082296	2.6701e-05	0.10234	supercritical
516.00	598.00	177.17	0.0056444	1053.7	1391.2	4.5286	2.5248	3.4063	824.48	-0.0082572	2.6696e-05	0.10245	supercritical
517.00	598.00	176.84	0.0056548	1056.4	1394.6	4.5352	2.5282	3.4085	824.49	-0.0082851	2.6690e-05	0.10256	supercritical
518.00	598.00	176.52	0.0056652	1059.2	1398.0	4.5418	2.5316	3.4107	824.50	-0.0083132	2.6685e-05	0.10267	supercritical
519.00	598.00	176.19	0.0056756	1062.0	1401.4	4.5484	2.5351	3.4129	824.50	-0.0083416	2.6679e-05	0.10279	supercritical
520.00	598.00	175.87	0.0056860	1064.8	1404.8	4.5549	2.5385	3.4151	824.52	-0.0083703	2.6674e-05	0.10290	supercritical
521.00	598.00	175.55	0.0056964	1067.6	1408.2	4.5615	2.5420	3.4173	824.53	-0.0083992	2.6669e-05	0.10301	supercritical
522.00	598.00	175.23	0.0057067	1070.4	1411.7	4.5681	2.5454	3.4195	824.55	-0.0084283	2.6665e-05	0.10313	supercritical
523.00	598.00	174.91	0.0057171	1073.2	1415.1	4.5746	2.5489	3.4217	824.57	-0.0084576	2.6660e-05	0.10325	supercritical
524.00	598.00	174.60	0.0057275	1076.0	1418.5	4.5811	2.5523	3.4240	824.59	-0.0084872	2.6656e-05	0.10336	supercritical
525.00	598.00	174.28	0.0057379	1078.8	1421.9	4.5877	2.5558	3.4262	824.62	-0.0085171	2.6651e-05	0.10348	supercritical
526.00	598.00	173.97	0.0057482	1081.6	1425.4	4.5942	2.5592	3.4284	824.64	-0.0085471	2.6647e-05	0.10360	supercritical
527.00	598.00	173.65	0.0057586	1084.4	1428.8	4.6007	2.5627	3.4307	824.67	-0.0085773	2.6643e-05	0.10372	supercritical
528.00	598.00	173.34	0.0057690	1087.2	1432.2	4.6072	2.5661	3.4329	824.71	-0.0086078	2.6640e-05	0.10383	supercritical
529.00	598.00	173.03	0.0057793	1090.1	1435.7	4.6137	2.5696	3.4352	824.74	-0.0086385	2.6636e-05	0.10395	supercritical
530.00	598.00	172.72	0.0057897	1092.9	1439.1	4.6202	2.5731	3.4374	824.78	-0.0086694	2.6632e-05	0.10407	supercritical
531.00	598.00	172.41	0.0058001	1095.7	1442.5	4.6267	2.5765	3.4397	824.82	-0.0087005	2.6629e-05	0.10420	supercritical
532.00	598.00	172.10	0.0058104	1098.5	1446.0	4.6332	2.5800	3.4420	824.86	-0.0087317	2.6626e-05	0.10432	supercritical
533.00	598.00	171.80	0.0058208	1101.3	1449.4	4.6396	2.5834	3.4443	824.91	-0.0087632	2.6623e-05	0.10444	supercritical
534.00	598.00	171.49	0.0058311	1104.2	1452.9	4.6461	2.5869	3.4466	824.96	-0.0087948	2.6620e-05	0.10456	supercritical
535.00	598.00	171.19	0.0058415	1107.0	1456.3	4.6525	2.5903	3.4489	825.00	-0.0088267	2.6617e-05	0.10468	supercritical
536.00	598.00	170.89	0.0058518	1109.8	1459.8	4.6590	2.5938	3.4512	825.06	-0.0088587	2.6615e-05	0.10481	supercritical
537.00	598.00	170.58	0.0058622	1112.7	1463.2	4.6654	2.5973	3.4535	825.11	-0.0088908	2.6612e-05	0.10493	supercritical
538.00	598.00	170.28	0.0058725	1115.5	1466.7	4.6718	2.6007	3.4558	825.17	-0.0089232	2.6610e-05	0.10506	supercritical
539.00	598.00	169.99	0.0058829	1118.3	1470.1	4.6783	2.6042	3.4581	825.23	-0.0089557	2.6608e-05	0.10518	supercritical
540.00	598.00	169.69	0.0058932	1121.2	1473.6	4.6847	2.6076	3.4604	825.29	-0.0089884	2.6606e-05	0.10531	supercritical
541.00	598.00	169.39	0.0059035	1124.0	1477.0	4.6911	2.6111	3.4628	825.35	-0.0090212	2.6604e-05	0.10544	supercritical
542.00	598.00	169.09	0.0059139	1126.9	1480.5	4.6975	2.6146	3.4651	825.41	-0.0090542	2.6602e-05	0.10556	supercritical
543.00	598.00	168.80	0.0059242	1129.7	1484.0	4.7039	2.6180	3.4674	825.48	-0.0090873	2.6601e-05	0.10569	supercritical
544.00	598.00	168.51	0.0059345	1132.6	1487.4	4.7102	2.6215	3.4698	825.55	-0.0091206	2.6599e-05	0.10582	supercritical
545.00	598.00	168.21	0.0059449	1135.4	1490.9	4.7166	2.6250	3.4721	825.62	-0.0091540	2.6598e-05	0.10595	supercritical
546.00	598.00	167.92	0.0059552	1138.3	1494.4	4.7230	2.6284	3.4745	825.70	-0.0091875	2.6597e-05	0.10608	supercritical
547.00	598.00	167.63	0.0059655	1141.1	1497.9	4.7293	2.6319	3.4768	825.77	-0.0092212	2.6596e-05	0.10621	supercritical
548.00	598.00	167.34	0.0059758	1144.0	1501.3	4.7357	2.6354	3.4792	825.85	-0.0092550	2.6595e-05	0.10634	supercritical
549.00	598.00	167.05	0.0059861	1146.9	1504.8	4.7420	2.6388	3.4816	825.93	-0.0092890	2.6594e-05	0.10647	supercritical
550.00	598.00	166.77	0.0059965	1149.7	1508.3	4.7484	2.6423	3.4840	826.01	-0.0093231	2.6593e-05	0.10660	supercritical
551.00	598.00	166.48	0.0060068	1152.6	1511.8	4.7547	2.6458	3.4863	826.10	-0.0093572	2.6593e-05	0.10673	supercritical
552.00	598.00	166.19	0.0060171	1155.5	1515.3	4.7610	2.6492	3.4887	826.18	-0.0093916	2.6592e-05	0.10686	supercritical
553.00	598.00	165.91	0.0060274	1158.3	1518.8	4.7674	2.6527	3.4911	826.27	-0.0094260	2.6592e-05	0.10700	supercritical
554.00	598.00	165.63	0.0060377	1161.2	1522.3	4.7737	2.6561	3.4935	826.36	-0.0094605	2.6592e-05	0.10713	supercritical
555.00	598.00	165.34	0.0060480	1164.1	1525.8	4.7800	2.6596	3.4959	826.45	-0.0094951	2.6592e-05	0.10726	supercritical
556.00	598.00	165.06	0.0060583	1167.0	1529.3	4.7863	2.6631	3.4983	826.55	-0.0095299	2.6592e-05	0.10740	supercritical
557.00	598.00	164.78	0.0060686	1169.9	1532.8	4.7925	2.6665	3.5007	826.64	-0.0095647	2.6592e-05	0.10753	supercritical
558.00	598.00	164.50	0.0060789	1172.7	1536.3	4.7988	2.6700	3.5032	826.74	-0.0095996	2.6592e-05	0.10767	supercritical
559.00	598.00	164.23	0.0060892	1175.6	1539.8	4.8051	2.6735	3.5056	826.84	-0.0096347	2.6593e-05	0.10780	supercritical
560.00	598.00	163.95	0.0060994	1178.5	1543.3	4.8114	2.6769	3.5080	826.94	-0.0096698	2.6593e-05	0.10794	supercritical
561.00	598.00	163.67	0.0061097	1181.4	1546.8	4.8176	2.6804	3.5104	827.04	-0.0097050	2.6594e-05	0.10808	supercritical
562.00	598.00	163.40	0.0061200	1184.3	1550.3	4.8239	2.6839	3.5129	827.15	-0.0097403	2.6595e-05	0.10821	supercritical
563.00	598.00	163.12	0.0061303	1187.2	1553.8	4.8301	2.6873	3.5153	827.25	-0.0097757	2.6596e-05	0.10835	supercritical
564.00	598.00	162.85	0.0061406	1190.1	1557.3	4.8364	2.6908	3.5178	827.36	-0.0098111	2.6597e-05	0.10849	supercritical
565.00	598.00	162.58	0.0061508	1193.0	1560.8	4.8426	2.6943	3.5202	827.47	-0.0098467	2.6598e-05	0.10863	supercritical
566.00	598.00	162.31	0.0061611	1195.9	1564.4	4.8488	2.6977	3.5227	827.58	-0.0098823	2.6599e-05	0.10877	supercritical
567.00	598.00	162.04	0.0061714	1198.8	1567.9	4.8551	2.7012	3.5251	827.69	-0.0099180	2.6601e-05	0.10891	supercritical
568.00	598.00	161.77	0.0061816	1201.7	1571.4	4.8613	2.7047	3.5276	827.81	-0.0099537	2.6602e-05	0.10905	supercritical
569.00	598.00	161.50	0.0061919	1204.7	1574.9	4.8675	2.7081	3.5300	827.93	-0.0099895	2.6604e-05	0.10919	supercritical
570.00	598.00	161.23	0.0062022	1207.6	1578.5	4.8737	2.7116	3.5325	828.04	-0.010025	2.6605e-05	0.10933	supercritical
571.00	598.00	160.97	0.0062124	1210.5	1582.0	4.8799	2.7151	3.5350	828.16	-0.010061	2.6607e-05	0.10947	supercritical
572.00	598.00	160.70	0.0062227	1213.4	1585.5	4.8861	2.7185	3.5375	828.29	-0.010097	2.6609e-05	0.10961	supercritical
573.00	598.00	160.44	0.0062329	1216.3	1589.1	4.8922	2.7220	3.5400	828.41	-0.010133	2.6611e-05	0.10976	supercritical
574.00	598.00	160.17	0.0062432	1219.3	1592.6	4.8984	2.7254	3.5424	828.53	-0.010170	2.6613e-05	0.10990	supercritical
575.00	598.00	159.91	0.0062534	1222.2	1596.2	4.9046	2.7289	3.5449	828.66	-0.010206	2.6615e-05	0.11004	supercritical
576.00	598.00	159.65	0.0062637	1225.1	1599.7	4.9107	2.7324	3.5474	828.79	-0.010242	2.6618e-05	0.11019	supercritical
577.00	598.00	159.39	0.0062739	1228.1	1603.3	4.9169	2.7358	3.5499	828.92	-0.010278	2.6620e-05	0.11033	supercritical
578.00	598.00	159.13	0.0062842	1231.0	1606.8	4.9230	2.7393	3.5524	829.05	-0.010314	2.6623e-05	0.11047	supercritical
579.00	598.00	158.87	0.0062944	1234.0	1610.4	4.9292	2.7427	3.5549	829.18	-0.010351	2.6625e-05	0.11062	supercritical
580.00	598.00	158.61	0.0063046	1236.9	1613.9	4.9353	2.7462	3.5574	829.31	-0.010387	2.6628e-05	0.11077	supercritical
581.00	598.00	158.36	0.0063149	1239.8	1617.5	4.9415	2.7497	3.5600	829.45	-0.010424	2.6631e-05	0.11091	supercritical
582.00	598.00	158.10	0.0063251	1242.8	1621.0	4.9476	2.7531	3.5625	829.59	-0.010460	2.6634e-05	0.11106	supercritical
583.00	598.00	157.85	0.0063353	1245.7	1624.6	4.9537	2.7566	3.5650	829.73	-0.010496	2.6637e-05	0.11120	supercritical
584.00	598.00	157.59	0.0063455	1248.7	1628.2	4.9598	2.7600	3.5675	829.87	-0.010533	2.6640e-05	0.11135	supercritical
585.00	598.00	157.34	0.0063558	1251.7	1631.7	4.9659	2.7635	3.5700	830.01	-0.010570	2.6643e-05	0.11150	supercritical
586.00	598.00	157.08	0.0063660	1254.6	1635.3	4.9720	2.7670	3.5726	830.15	-0.010606	2.6646e-05	0.11165	supercritical
587.00	598.00	156.83	0.0063762	1257.6	1638.9	4.9781	2.7704	3.5751	830.29	-0.010643	2.6650e-05	0.11180	supercritical
588.00	598.00	156.58	0.0063864	1260.6	1642.5	4.9842	2.7739	3.5777	830.44	-0.010679	2.6653e-05	0.11195	supercritical
589.00	598.00	156.33	0.0063966	1263.5	1646.0	4.9903	2.7773	3.5802	830.59	-0.010716	2.6657e-05	0.11210	supercritical
590.00	598.00	156.08	0.0064068	1266.5	1649.6	4.9964	2.7808	3.5827	830.73	-0.010753	2.6660e-05	0.11225	supercritical
591.00	598.00	155.84	0.0064170	1269.5	1653.2	5.0024	2.7842	3.5853	830.88	-0.010789	2.6664e-05	0.11240	supercritical
592.00	598.00	155.59	0.0064272	1272.4	1656.8	5.0085	2.7877	3.5878	831.04	-0.010826	2.6668e-05	0.11255	supercritical
593.00	598.00	155.34	0.0064374	1275.4	1660.4	5.0145	2.7911	3.5904	831.19	-0.010863	2.6672e-05	0.11270	supercritical
594.00	598.00	155.10	0.0064476	1278.4	1664.0	5.0206	2.7946	3.5930	831.34	-0.010899	2.6676e-05	0.11285	supercritical
595.00	598.00	154.85	0.0064578	1281.4	1667.6	5.0266	2.7980	3.5955	831.50	-0.010936	2.6680e-05	0.11300	supercritical
596.00	598.00	154.61	0.0064680	1284.4	1671.2	5.0327	2.8015	3.5981	831.65	-0.010973	2.6684e-05	0.11315	supercritical
597.00	598.00	154.36	0.0064782	1287.4	1674.8	5.0387	2.8049	3.6007	831.81	-0.011009	2.6688e-05	0.11331	supercritical
598.00	598.00	154.12	0.0064884	1290.4	1678.4	5.0447	2.8084	3.6032	831.97	-0.011046	2.6693e-05	0.11346	supercritical
599.00	598.00	153.88	0.0064986	1293.4	1682.0	5.0508	2.8118	3.6058	832.13	-0.011083	2.6697e-05	0.11361	supercritical
600.00	598.00	153.64	0.0065088	1296.3	1685.6	5.0568	2.8153	3.6084	832.29	-0.011120	2.6702e-05	0.11377	supercritical
601.00	598.00	153.40	0.0065189	1299.4	1689.2	5.0628	2.8187	3.6110	832.45	-0.011156	2.6706e-05	0.11392	supercritical
602.00	598.00	153.16	0.0065291	1302.4	1692.8	5.0688	2.8221	3.6135	832.62	-0.011193	2.6711e-05	0.11407	supercritical
603.00	598.00	152.92	0.0065393	1305.4	1696.4	5.0748	2.8256	3.6161	832.78	-0.011230	2.6716e-05	0.11423	supercritical
604.00	598.00	152.68	0.0065495	1308.4	1700.0	5.0808	2.8290	3.6187	832.95	-0.011267	2.6721e-05	0.11438	supercritical
605.00	598.00	152.45	0.0065596	1311.4	1703.6	5.0868	2.8325	3.6213	833.11	-0.011303	2.6726e-05	0.11454	supercritical
606.00	598.00	152.21	0.0065698	1314.4	1707.3	5.0928	2.8359	3.6239	833.28	-0.011340	2.6731e-05	0.11470	supercritical
607.00	598.00	151.98	0.0065799	1317.4	1710.9	5.0987	2.8393	3.6265	833.45	-0.011377	2.6736e-05	0.11485	supercritical
608.00	598.00	151.74	0.0065901	1320.4	1714.5	5.1047	2.8428	3.6291	833.62	-0.011413	2.6741e-05	0.11501	supercritical
609.00	598.00	151.51	0.0066003	1323.5	1718.2	5.1107	2.8462	3.6317	833.80	-0.011450	2.6746e-05	0.11517	supercritical
610.00	598.00	151.28	0.0066104	1326.5	1721.8	5.1166	2.8497	3.6343	833.97	-0.011487	2.6752e-05	0.11532	supercritical
611.00	598.00	151.04	0.0066206	1329.5	1725.4	5.1226	2.8531	3.6369	834.14	-0.011523	2.6757e-05	0.11548	supercritical
612.00	598.00	150.81	0.0066307	1332.5	1729.1	5.1285	2.8565	3.6395	834.32	-0.011560	2.6762e-05	0.11564	supercritical
613.00	598.00	150.58	0.0066409	1335.6	1732.7	5.1345	2.8600	3.6421	834.49	-0.011597	2.6768e-05	0.11580	supercritical
614.00	598.00	150.35	0.0066510	1338.6	1736.3	5.1404	2.8634	3.6448	834.67	-0.011633	2.6774e-05	0.11596	supercritical
615.00	598.00	150.12	0.0066611	1341.7	1740.0	5.1464	2.8668	3.6474	834.85	-0.011670	2.6779e-05	0.11612	supercritical
616.00	598.00	149.90	0.0066713	1344.7	1743.6	5.1523	2.8703	3.6500	835.03	-0.011706	2.6785e-05	0.11628	supercritical
617.00	598.00	149.67	0.0066814	1347.7	1747.3	5.1582	2.8737	3.6526	835.21	-0.011743	2.6791e-05	0.11644	supercritical
618.00	598.00	149.44	0.0066915	1350.8	1750.9	5.1641	2.8771	3.6553	835.39	-0.011779	2.6797e-05	0.11660	supercritical
619.00	598.00	149.22	0.0067017	1353.8	1754.6	5.1700	2.8805	3.6579	835.58	-0.011816	2.6803e-05	0.11676	supercritical
620.00	598.00	148.99	0.0067118	1356.9	1758.3	5.1760	2.8840	3.6605	835.76	-0.011852	2.6809e-05	0.11692	supercritical
621.00	598.00	148.77	0.0067219	1360.0	1761.9	5.1819	2.8874	3.6631	835.94	-0.011889	2.6815e-05	0.11708	supercritical
622.00	598.00	148.54	0.0067321	1363.0	1765.6	5.1877	2.8908	3.6658	836.13	-0.011925	2.6821e-05	0.11724	supercritical
623.00	598.00	148.32	0.0067422	1366.1	1769.3	5.1936	2.8942	3.6684	836.32	-0.011961	2.6828e-05	0.11741	supercritical
624.00	598.00	148.10	0.0067523	1369.1	1772.9	5.1995	2.8976	3.6711	836.50	-0.011998	2.6834e-05	0.11757	supercritical
625.00	598.00	147.88	0.0067624	1372.2	1776.6	5.2054	2.9011	3.6737	836.69	-0.012034	2.6840e-05	0.11773	supercritical
