Temperature (K)	Pressure (bar)	Density (kg/m3)	Volume (m3/kg)	Internal Energy (kJ/kg)	Enthalpy (kJ/kg)	Entropy (J/g*K)	Cv (J/g*K)	Cp (J/g*K)	Sound Spd. (m/s)	Joule-Thomson (K/bar)	Viscosity (Pa*s)	Therm. Cond. (W/m*K)	Phase
102.00	456.00	464.10	0.0021547	-57.757	40.499	-0.57724	2.2015	3.2246	1720.6	-0.051638	0.00023851	0.23624	liquid
103.00	456.00	463.06	0.0021595	-54.752	43.723	-0.54578	2.1970	3.2247	1714.3	-0.051571	0.00023125	0.23522	liquid
104.00	456.00	462.03	0.0021644	-51.747	46.948	-0.51463	2.1926	3.2248	1708.0	-0.051503	0.00022441	0.23419	liquid
105.00	456.00	461.00	0.0021692	-48.744	50.173	-0.48377	2.1882	3.2249	1701.6	-0.051432	0.00021796	0.23315	liquid
106.00	456.00	459.96	0.0021741	-45.741	53.398	-0.45320	2.1839	3.2251	1695.3	-0.051359	0.00021186	0.23210	liquid
107.00	456.00	458.93	0.0021790	-42.739	56.623	-0.42292	2.1795	3.2252	1689.0	-0.051285	0.00020609	0.23105	liquid
108.00	456.00	457.90	0.0021839	-39.738	59.848	-0.39291	2.1753	3.2254	1682.7	-0.051209	0.00020063	0.22999	liquid
109.00	456.00	456.86	0.0021888	-36.738	63.074	-0.36318	2.1711	3.2256	1676.4	-0.051131	0.00019545	0.22892	liquid
110.00	456.00	455.83	0.0021938	-33.738	66.299	-0.33373	2.1669	3.2258	1670.1	-0.051052	0.00019053	0.22785	liquid
111.00	456.00	454.80	0.0021988	-30.740	69.525	-0.30453	2.1627	3.2259	1663.7	-0.050971	0.00018585	0.22677	liquid
112.00	456.00	453.76	0.0022038	-27.742	72.751	-0.27560	2.1586	3.2261	1657.4	-0.050888	0.00018140	0.22569	liquid
113.00	456.00	452.73	0.0022088	-24.745	75.978	-0.24692	2.1544	3.2263	1651.1	-0.050804	0.00017716	0.22460	liquid
114.00	456.00	451.70	0.0022139	-21.749	79.204	-0.21850	2.1504	3.2265	1644.8	-0.050718	0.00017312	0.22351	liquid
115.00	456.00	450.66	0.0022190	-18.754	82.430	-0.19032	2.1463	3.2267	1638.5	-0.050631	0.00016926	0.22242	liquid
116.00	456.00	449.63	0.0022241	-15.760	85.657	-0.16238	2.1423	3.2268	1632.2	-0.050542	0.00016557	0.22132	liquid
117.00	456.00	448.59	0.0022292	-12.767	88.884	-0.13468	2.1383	3.2270	1625.9	-0.050451	0.00016204	0.22022	liquid
118.00	456.00	447.56	0.0022343	-9.7745	92.111	-0.10721	2.1343	3.2272	1619.6	-0.050359	0.00015866	0.21912	liquid
119.00	456.00	446.53	0.0022395	-6.7833	95.338	-0.079981	2.1304	3.2273	1613.3	-0.050265	0.00015543	0.21802	liquid
120.00	456.00	445.49	0.0022447	-3.7930	98.566	-0.052973	2.1264	3.2275	1607.1	-0.050170	0.00015232	0.21691	liquid
121.00	456.00	444.46	0.0022499	-0.80371	101.79	-0.026188	2.1225	3.2276	1600.8	-0.050072	0.00014933	0.21581	liquid
122.00	456.00	443.42	0.0022552	2.1846	105.02	0.00037733	2.1186	3.2278	1594.6	-0.049974	0.00014647	0.21470	liquid
123.00	456.00	442.39	0.0022605	5.1718	108.25	0.026727	2.1148	3.2279	1588.3	-0.049873	0.00014371	0.21360	liquid
124.00	456.00	441.35	0.0022658	8.1580	111.48	0.052865	2.1109	3.2280	1582.1	-0.049771	0.00014106	0.21249	liquid
125.00	456.00	440.32	0.0022711	11.143	114.71	0.078794	2.1071	3.2282	1575.9	-0.049667	0.00013850	0.21139	liquid
126.00	456.00	439.28	0.0022765	14.127	117.93	0.10452	2.1033	3.2283	1569.7	-0.049561	0.00013603	0.21028	liquid
127.00	456.00	438.24	0.0022818	17.110	121.16	0.13004	2.0996	3.2284	1563.5	-0.049453	0.00013365	0.20918	liquid
128.00	456.00	437.21	0.0022872	20.092	124.39	0.15536	2.0958	3.2286	1557.3	-0.049344	0.00013136	0.20807	liquid
129.00	456.00	436.17	0.0022927	23.073	127.62	0.18049	2.0921	3.2287	1551.1	-0.049233	0.00012914	0.20697	liquid
130.00	456.00	435.13	0.0022981	26.052	130.85	0.20542	2.0884	3.2288	1545.0	-0.049120	0.00012700	0.20587	liquid
131.00	456.00	434.10	0.0023036	29.031	134.08	0.23016	2.0847	3.2289	1538.8	-0.049004	0.00012492	0.20477	liquid
132.00	456.00	433.06	0.0023092	32.008	137.31	0.25472	2.0811	3.2291	1532.7	-0.048887	0.00012291	0.20367	liquid
133.00	456.00	432.02	0.0023147	34.984	140.53	0.27909	2.0775	3.2292	1526.6	-0.048768	0.00012097	0.20258	liquid
134.00	456.00	430.98	0.0023203	37.959	143.76	0.30328	2.0739	3.2293	1520.5	-0.048647	0.00011908	0.20148	liquid
135.00	456.00	429.94	0.0023259	40.933	146.99	0.32729	2.0703	3.2295	1514.4	-0.048524	0.00011725	0.20039	liquid
136.00	456.00	428.90	0.0023315	43.905	150.22	0.35112	2.0668	3.2296	1508.3	-0.048399	0.00011548	0.19931	liquid
137.00	456.00	427.86	0.0023372	46.877	153.45	0.37478	2.0633	3.2297	1502.3	-0.048272	0.00011376	0.19822	liquid
138.00	456.00	426.82	0.0023429	49.847	156.68	0.39827	2.0598	3.2299	1496.2	-0.048143	0.00011209	0.19714	liquid
139.00	456.00	425.78	0.0023486	52.816	159.91	0.42159	2.0563	3.2300	1490.2	-0.048011	0.00011046	0.19606	liquid
140.00	456.00	424.74	0.0023544	55.783	163.14	0.44475	2.0529	3.2302	1484.2	-0.047878	0.00010888	0.19498	liquid
141.00	456.00	423.70	0.0023601	58.750	166.37	0.46774	2.0495	3.2303	1478.2	-0.047742	0.00010735	0.19391	liquid
142.00	456.00	422.66	0.0023660	61.715	169.60	0.49057	2.0461	3.2305	1472.2	-0.047604	0.00010585	0.19284	liquid
143.00	456.00	421.62	0.0023718	64.679	172.83	0.51324	2.0427	3.2307	1466.2	-0.047463	0.00010440	0.19178	liquid
144.00	456.00	420.58	0.0023777	67.641	176.06	0.53575	2.0394	3.2308	1460.3	-0.047321	0.00010298	0.19071	liquid
145.00	456.00	419.53	0.0023836	70.603	179.30	0.55811	2.0361	3.2310	1454.4	-0.047176	0.00010160	0.18966	liquid
146.00	456.00	418.49	0.0023895	73.563	182.53	0.58032	2.0329	3.2312	1448.5	-0.047028	0.00010025	0.18860	liquid
147.00	456.00	417.45	0.0023955	76.522	185.76	0.60238	2.0296	3.2314	1442.6	-0.046879	9.8939e-05	0.18755	liquid
148.00	456.00	416.40	0.0024015	79.479	188.99	0.62428	2.0264	3.2316	1436.7	-0.046727	9.7659e-05	0.18651	liquid
149.00	456.00	415.36	0.0024076	82.436	192.22	0.64605	2.0232	3.2318	1430.9	-0.046572	9.6411e-05	0.18547	liquid
150.00	456.00	414.31	0.0024136	85.391	195.45	0.66766	2.0201	3.2320	1425.0	-0.046416	9.5192e-05	0.18443	liquid
151.00	456.00	413.27	0.0024197	88.344	198.68	0.68914	2.0170	3.2323	1419.2	-0.046256	9.4002e-05	0.18340	liquid
152.00	456.00	412.22	0.0024259	91.297	201.92	0.71048	2.0139	3.2325	1413.4	-0.046094	9.2839e-05	0.18237	liquid
153.00	456.00	411.17	0.0024321	94.248	205.15	0.73167	2.0108	3.2328	1407.6	-0.045930	9.1703e-05	0.18135	liquid
154.00	456.00	410.13	0.0024383	97.198	208.38	0.75274	2.0078	3.2330	1401.9	-0.045763	9.0594e-05	0.18033	liquid
155.00	456.00	409.08	0.0024445	100.15	211.62	0.77366	2.0048	3.2333	1396.1	-0.045594	8.9509e-05	0.17932	liquid
156.00	456.00	408.03	0.0024508	103.09	214.85	0.79446	2.0018	3.2336	1390.4	-0.045422	8.8448e-05	0.17831	liquid
157.00	456.00	406.98	0.0024571	106.04	218.08	0.81512	1.9988	3.2339	1384.7	-0.045248	8.7410e-05	0.17731	liquid
158.00	456.00	405.93	0.0024635	108.98	221.32	0.83565	1.9959	3.2342	1379.0	-0.045070	8.6395e-05	0.17631	liquid
159.00	456.00	404.89	0.0024698	111.93	224.55	0.85606	1.9931	3.2345	1373.4	-0.044891	8.5401e-05	0.17532	liquid
160.00	456.00	403.84	0.0024763	114.87	227.79	0.87634	1.9902	3.2348	1367.7	-0.044708	8.4429e-05	0.17433	liquid
161.00	456.00	402.79	0.0024827	117.81	231.02	0.89649	1.9874	3.2351	1362.1	-0.044523	8.3476e-05	0.17335	liquid
162.00	456.00	401.74	0.0024892	120.75	234.26	0.91653	1.9846	3.2355	1356.5	-0.044335	8.2544e-05	0.17237	liquid
163.00	456.00	400.68	0.0024957	123.69	237.49	0.93644	1.9818	3.2358	1350.9	-0.044145	8.1630e-05	0.17140	liquid
164.00	456.00	399.63	0.0025023	126.62	240.73	0.95623	1.9791	3.2362	1345.4	-0.043952	8.0736e-05	0.17043	liquid
165.00	456.00	398.58	0.0025089	129.56	243.96	0.97591	1.9764	3.2366	1339.8	-0.043756	7.9858e-05	0.16947	liquid
166.00	456.00	397.53	0.0025155	132.49	247.20	0.99546	1.9737	3.2370	1334.3	-0.043557	7.8999e-05	0.16852	liquid
167.00	456.00	396.48	0.0025222	135.43	250.44	1.0149	1.9711	3.2374	1328.8	-0.043356	7.8156e-05	0.16757	liquid
168.00	456.00	395.42	0.0025289	138.36	253.68	1.0342	1.9685	3.2378	1323.3	-0.043151	7.7330e-05	0.16663	liquid
169.00	456.00	394.37	0.0025357	141.29	256.91	1.0535	1.9659	3.2382	1317.9	-0.042944	7.6519e-05	0.16569	liquid
170.00	456.00	393.32	0.0025425	144.21	260.15	1.0726	1.9634	3.2387	1312.4	-0.042734	7.5724e-05	0.16476	liquid
171.00	456.00	392.26	0.0025493	147.14	263.39	1.0916	1.9609	3.2391	1307.0	-0.042522	7.4944e-05	0.16383	liquid
172.00	456.00	391.21	0.0025562	150.07	266.63	1.1104	1.9584	3.2396	1301.6	-0.042306	7.4179e-05	0.16291	liquid
173.00	456.00	390.15	0.0025631	152.99	269.87	1.1292	1.9560	3.2400	1296.3	-0.042088	7.3428e-05	0.16199	liquid
174.00	456.00	389.10	0.0025701	155.92	273.11	1.1479	1.9535	3.2405	1290.9	-0.041867	7.2691e-05	0.16109	liquid
175.00	456.00	388.04	0.0025771	158.84	276.35	1.1665	1.9512	3.2410	1285.6	-0.041643	7.1967e-05	0.16018	liquid
176.00	456.00	386.98	0.0025841	161.76	279.59	1.1849	1.9488	3.2415	1280.3	-0.041416	7.1256e-05	0.15929	liquid
177.00	456.00	385.93	0.0025912	164.68	282.83	1.2033	1.9465	3.2420	1275.0	-0.041186	7.0558e-05	0.15839	liquid
178.00	456.00	384.87	0.0025983	167.59	286.08	1.2216	1.9442	3.2425	1269.8	-0.040953	6.9872e-05	0.15751	liquid
179.00	456.00	383.81	0.0026054	170.51	289.32	1.2397	1.9420	3.2431	1264.6	-0.040718	6.9199e-05	0.15663	liquid
180.00	456.00	382.75	0.0026126	173.43	292.56	1.2578	1.9397	3.2436	1259.4	-0.040479	6.8537e-05	0.15576	liquid
181.00	456.00	381.70	0.0026199	176.34	295.81	1.2758	1.9375	3.2442	1254.2	-0.040238	6.7887e-05	0.15489	liquid
182.00	456.00	380.64	0.0026272	179.25	299.05	1.2937	1.9354	3.2447	1249.0	-0.039994	6.7248e-05	0.15403	liquid
183.00	456.00	379.58	0.0026345	182.16	302.30	1.3114	1.9333	3.2453	1243.9	-0.039747	6.6620e-05	0.15318	liquid
184.00	456.00	378.52	0.0026419	185.07	305.54	1.3291	1.9312	3.2459	1238.8	-0.039496	6.6003e-05	0.15233	liquid
185.00	456.00	377.46	0.0026493	187.98	308.79	1.3467	1.9291	3.2465	1233.7	-0.039244	6.5396e-05	0.15149	liquid
186.00	456.00	376.40	0.0026567	190.89	312.03	1.3642	1.9271	3.2471	1228.6	-0.038988	6.4799e-05	0.15065	liquid
187.00	456.00	375.34	0.0026642	193.79	315.28	1.3816	1.9251	3.2477	1223.6	-0.038729	6.4213e-05	0.14982	liquid
188.00	456.00	374.28	0.0026718	196.70	318.53	1.3990	1.9231	3.2483	1218.6	-0.038467	6.3636e-05	0.14900	liquid
189.00	456.00	373.22	0.0026794	199.60	321.78	1.4162	1.9212	3.2489	1213.6	-0.038203	6.3068e-05	0.14818	liquid
190.00	456.00	372.16	0.0026870	202.50	325.03	1.4333	1.9193	3.2495	1208.6	-0.037935	6.2510e-05	0.14737	liquid
191.00	456.00	371.10	0.0026947	205.40	328.28	1.4504	1.9174	3.2501	1203.7	-0.037665	6.1960e-05	0.14657	supercritical
192.00	456.00	370.04	0.0027024	208.30	331.53	1.4674	1.9156	3.2508	1198.8	-0.037392	6.1420e-05	0.14577	supercritical
193.00	456.00	368.98	0.0027102	211.20	334.78	1.4843	1.9138	3.2514	1193.9	-0.037116	6.0888e-05	0.14497	supercritical
194.00	456.00	367.92	0.0027180	214.09	338.03	1.5011	1.9120	3.2521	1189.0	-0.036837	6.0365e-05	0.14418	supercritical
195.00	456.00	366.86	0.0027258	216.99	341.28	1.5178	1.9103	3.2527	1184.2	-0.036555	5.9850e-05	0.14340	supercritical
196.00	456.00	365.80	0.0027337	219.88	344.54	1.5344	1.9086	3.2534	1179.4	-0.036270	5.9343e-05	0.14262	supercritical
197.00	456.00	364.74	0.0027417	222.77	347.79	1.5510	1.9069	3.2541	1174.6	-0.035983	5.8844e-05	0.14185	supercritical
198.00	456.00	363.68	0.0027497	225.66	351.04	1.5675	1.9053	3.2548	1169.8	-0.035693	5.8353e-05	0.14109	supercritical
199.00	456.00	362.62	0.0027577	228.55	354.30	1.5839	1.9037	3.2554	1165.1	-0.035399	5.7869e-05	0.14033	supercritical
200.00	456.00	361.56	0.0027658	231.43	357.56	1.6002	1.9021	3.2561	1160.4	-0.035104	5.7393e-05	0.13958	supercritical
201.00	456.00	360.50	0.0027739	234.32	360.81	1.6164	1.9006	3.2568	1155.7	-0.034805	5.6924e-05	0.13883	supercritical
202.00	456.00	359.44	0.0027821	237.20	364.07	1.6326	1.8991	3.2575	1151.1	-0.034504	5.6462e-05	0.13809	supercritical
203.00	456.00	358.38	0.0027904	240.09	367.33	1.6487	1.8976	3.2582	1146.5	-0.034200	5.6007e-05	0.13736	supercritical
204.00	456.00	357.32	0.0027986	242.97	370.59	1.6647	1.8962	3.2589	1141.9	-0.033893	5.5559e-05	0.13663	supercritical
205.00	456.00	356.26	0.0028070	245.85	373.84	1.6806	1.8947	3.2596	1137.3	-0.033583	5.5118e-05	0.13591	supercritical
206.00	456.00	355.20	0.0028154	248.72	377.10	1.6965	1.8934	3.2602	1132.7	-0.033271	5.4683e-05	0.13520	supercritical
207.00	456.00	354.14	0.0028238	251.60	380.37	1.7123	1.8920	3.2609	1128.2	-0.032956	5.4255e-05	0.13449	supercritical
208.00	456.00	353.08	0.0028323	254.48	383.63	1.7280	1.8907	3.2616	1123.7	-0.032639	5.3833e-05	0.13379	supercritical
209.00	456.00	352.02	0.0028408	257.35	386.89	1.7436	1.8894	3.2623	1119.3	-0.032319	5.3417e-05	0.13309	supercritical
210.00	456.00	350.96	0.0028493	260.22	390.15	1.7592	1.8882	3.2630	1114.9	-0.031997	5.3007e-05	0.13240	supercritical
211.00	456.00	349.90	0.0028580	263.09	393.41	1.7747	1.8870	3.2637	1110.4	-0.031672	5.2604e-05	0.13172	supercritical
212.00	456.00	348.84	0.0028666	265.96	396.68	1.7901	1.8858	3.2644	1106.1	-0.031344	5.2206e-05	0.13104	supercritical
213.00	456.00	347.78	0.0028754	268.83	399.94	1.8055	1.8847	3.2651	1101.7	-0.031014	5.1813e-05	0.13037	supercritical
214.00	456.00	346.73	0.0028841	271.69	403.21	1.8208	1.8835	3.2658	1097.4	-0.030682	5.1427e-05	0.12970	supercritical
215.00	456.00	345.67	0.0028929	274.56	406.47	1.8360	1.8825	3.2664	1093.1	-0.030347	5.1046e-05	0.12904	supercritical
216.00	456.00	344.61	0.0029018	277.42	409.74	1.8512	1.8814	3.2671	1088.8	-0.030010	5.0670e-05	0.12839	supercritical
217.00	456.00	343.56	0.0029107	280.28	413.01	1.8663	1.8804	3.2678	1084.6	-0.029670	5.0300e-05	0.12774	supercritical
218.00	456.00	342.50	0.0029197	283.14	416.28	1.8813	1.8794	3.2685	1080.4	-0.029329	4.9935e-05	0.12710	supercritical
219.00	456.00	341.44	0.0029287	286.00	419.55	1.8963	1.8784	3.2691	1076.2	-0.028985	4.9575e-05	0.12647	supercritical
220.00	456.00	340.39	0.0029378	288.85	422.82	1.9112	1.8775	3.2698	1072.1	-0.028638	4.9220e-05	0.12584	supercritical
221.00	456.00	339.34	0.0029469	291.71	426.09	1.9260	1.8766	3.2704	1068.0	-0.028290	4.8870e-05	0.12521	supercritical
222.00	456.00	338.28	0.0029561	294.56	429.36	1.9408	1.8758	3.2711	1063.9	-0.027940	4.8525e-05	0.12460	supercritical
223.00	456.00	337.23	0.0029653	297.41	432.63	1.9555	1.8750	3.2717	1059.8	-0.027587	4.8185e-05	0.12399	supercritical
224.00	456.00	336.18	0.0029746	300.26	435.90	1.9701	1.8742	3.2723	1055.8	-0.027233	4.7850e-05	0.12338	supercritical
225.00	456.00	335.13	0.0029839	303.11	439.17	1.9847	1.8734	3.2730	1051.8	-0.026876	4.7519e-05	0.12278	supercritical
226.00	456.00	334.08	0.0029933	305.95	442.45	1.9992	1.8727	3.2736	1047.8	-0.026518	4.7192e-05	0.12219	supercritical
227.00	456.00	333.03	0.0030027	308.79	445.72	2.0137	1.8720	3.2742	1043.9	-0.026158	4.6870e-05	0.12160	supercritical
228.00	456.00	331.98	0.0030122	311.64	448.99	2.0280	1.8713	3.2748	1040.0	-0.025795	4.6553e-05	0.12102	supercritical
229.00	456.00	330.93	0.0030217	314.48	452.27	2.0424	1.8707	3.2754	1036.1	-0.025432	4.6240e-05	0.12044	supercritical
230.00	456.00	329.89	0.0030313	317.32	455.54	2.0567	1.8701	3.2759	1032.2	-0.025066	4.5931e-05	0.11988	supercritical
231.00	456.00	328.84	0.0030410	320.15	458.82	2.0709	1.8695	3.2765	1028.4	-0.024699	4.5626e-05	0.11931	supercritical
232.00	456.00	327.80	0.0030507	322.99	462.10	2.0850	1.8690	3.2770	1024.6	-0.024330	4.5325e-05	0.11875	supercritical
233.00	456.00	326.76	0.0030604	325.82	465.37	2.0991	1.8685	3.2776	1020.8	-0.023960	4.5029e-05	0.11820	supercritical
234.00	456.00	325.71	0.0030702	328.65	468.65	2.1132	1.8680	3.2781	1017.1	-0.023588	4.4736e-05	0.11766	supercritical
235.00	456.00	324.67	0.0030800	331.48	471.93	2.1271	1.8676	3.2786	1013.4	-0.023215	4.4447e-05	0.11712	supercritical
236.00	456.00	323.63	0.0030899	334.31	475.21	2.1411	1.8671	3.2791	1009.7	-0.022840	4.4163e-05	0.11658	supercritical
237.00	456.00	322.60	0.0030999	337.14	478.49	2.1549	1.8668	3.2796	1006.1	-0.022464	4.3882e-05	0.11605	supercritical
238.00	456.00	321.56	0.0031099	339.96	481.77	2.1687	1.8664	3.2801	1002.5	-0.022087	4.3604e-05	0.11553	supercritical
239.00	456.00	320.52	0.0031199	342.78	485.05	2.1825	1.8661	3.2805	998.90	-0.021709	4.3331e-05	0.11501	supercritical
240.00	456.00	319.49	0.0031300	345.60	488.33	2.1962	1.8658	3.2809	995.35	-0.021329	4.3061e-05	0.11450	supercritical
241.00	456.00	318.46	0.0031402	348.42	491.61	2.2098	1.8655	3.2814	991.83	-0.020949	4.2794e-05	0.11399	supercritical
242.00	456.00	317.42	0.0031504	351.24	494.89	2.2234	1.8653	3.2818	988.34	-0.020568	4.2531e-05	0.11349	supercritical
243.00	456.00	316.39	0.0031606	354.05	498.17	2.2370	1.8651	3.2822	984.88	-0.020185	4.2272e-05	0.11300	supercritical
244.00	456.00	315.37	0.0031709	356.86	501.46	2.2504	1.8650	3.2825	981.45	-0.019802	4.2016e-05	0.11251	supercritical
245.00	456.00	314.34	0.0031813	359.67	504.74	2.2639	1.8648	3.2829	978.05	-0.019418	4.1763e-05	0.11203	supercritical
246.00	456.00	313.31	0.0031917	362.48	508.02	2.2772	1.8647	3.2832	974.69	-0.019034	4.1514e-05	0.11155	supercritical
247.00	456.00	312.29	0.0032021	365.29	511.31	2.2906	1.8646	3.2836	971.35	-0.018648	4.1268e-05	0.11108	supercritical
248.00	456.00	311.27	0.0032127	368.09	514.59	2.3038	1.8646	3.2839	968.04	-0.018262	4.1025e-05	0.11061	supercritical
249.00	456.00	310.25	0.0032232	370.90	517.87	2.3170	1.8646	3.2842	964.77	-0.017876	4.0785e-05	0.11015	supercritical
250.00	456.00	309.23	0.0032338	373.70	521.16	2.3302	1.8646	3.2844	961.52	-0.017489	4.0548e-05	0.10969	supercritical
251.00	456.00	308.21	0.0032445	376.49	524.44	2.3433	1.8646	3.2847	958.31	-0.017102	4.0315e-05	0.10924	supercritical
252.00	456.00	307.20	0.0032552	379.29	527.73	2.3564	1.8647	3.2849	955.12	-0.016715	4.0084e-05	0.10879	supercritical
253.00	456.00	306.19	0.0032660	382.08	531.01	2.3694	1.8648	3.2851	951.97	-0.016327	3.9857e-05	0.10836	supercritical
254.00	456.00	305.18	0.0032768	384.88	534.30	2.3823	1.8650	3.2853	948.84	-0.015940	3.9632e-05	0.10792	supercritical
255.00	456.00	304.17	0.0032876	387.67	537.58	2.3952	1.8651	3.2855	945.75	-0.015552	3.9411e-05	0.10749	supercritical
256.00	456.00	303.16	0.0032986	390.45	540.87	2.4081	1.8653	3.2857	942.69	-0.015164	3.9192e-05	0.10707	supercritical
257.00	456.00	302.16	0.0033095	393.24	544.15	2.4209	1.8655	3.2858	939.65	-0.014776	3.8976e-05	0.10665	supercritical
258.00	456.00	301.16	0.0033205	396.02	547.44	2.4337	1.8658	3.2859	936.65	-0.014389	3.8763e-05	0.10624	supercritical
259.00	456.00	300.16	0.0033316	398.81	550.73	2.4464	1.8661	3.2860	933.68	-0.014002	3.8553e-05	0.10583	supercritical
260.00	456.00	299.16	0.0033427	401.58	554.01	2.4591	1.8664	3.2861	930.74	-0.013615	3.8345e-05	0.10542	supercritical
261.00	456.00	298.16	0.0033539	404.36	557.30	2.4717	1.8667	3.2861	927.82	-0.013228	3.8140e-05	0.10503	supercritical
262.00	456.00	297.17	0.0033651	407.14	560.58	2.4842	1.8671	3.2862	924.94	-0.012842	3.7938e-05	0.10463	supercritical
263.00	456.00	296.18	0.0033763	409.91	563.87	2.4968	1.8675	3.2862	922.09	-0.012457	3.7738e-05	0.10425	supercritical
264.00	456.00	295.19	0.0033876	412.68	567.16	2.5092	1.8679	3.2862	919.27	-0.012072	3.7541e-05	0.10386	supercritical
265.00	456.00	294.20	0.0033990	415.45	570.44	2.5216	1.8683	3.2862	916.47	-0.011687	3.7346e-05	0.10349	supercritical
266.00	456.00	293.22	0.0034104	418.22	573.73	2.5340	1.8688	3.2861	913.71	-0.011304	3.7154e-05	0.10311	supercritical
267.00	456.00	292.24	0.0034218	420.98	577.02	2.5464	1.8693	3.2860	910.98	-0.010921	3.6964e-05	0.10275	supercritical
268.00	456.00	291.26	0.0034333	423.74	580.30	2.5586	1.8699	3.2860	908.27	-0.010540	3.6777e-05	0.10238	supercritical
269.00	456.00	290.29	0.0034449	426.50	583.59	2.5709	1.8704	3.2859	905.60	-0.010159	3.6593e-05	0.10203	supercritical
270.00	456.00	289.31	0.0034565	429.26	586.87	2.5831	1.8710	3.2857	902.96	-0.0097792	3.6410e-05	0.10167	supercritical
271.00	456.00	288.34	0.0034681	432.01	590.16	2.5952	1.8716	3.2856	900.34	-0.0094006	3.6230e-05	0.10132	supercritical
272.00	456.00	287.37	0.0034798	434.77	593.44	2.6073	1.8723	3.2854	897.75	-0.0090232	3.6052e-05	0.10098	supercritical
273.00	456.00	286.41	0.0034915	437.52	596.73	2.6194	1.8729	3.2852	895.20	-0.0086471	3.5877e-05	0.10064	supercritical
274.00	456.00	285.45	0.0035033	440.27	600.01	2.6314	1.8736	3.2850	892.67	-0.0082723	3.5704e-05	0.10031	supercritical
275.00	456.00	284.49	0.0035151	443.01	603.30	2.6434	1.8744	3.2848	890.17	-0.0078989	3.5533e-05	0.099980	supercritical
276.00	456.00	283.53	0.0035270	445.76	606.58	2.6553	1.8751	3.2845	887.69	-0.0075270	3.5364e-05	0.099655	supercritical
277.00	456.00	282.58	0.0035389	448.50	609.87	2.6672	1.8759	3.2843	885.25	-0.0071567	3.5198e-05	0.099336	supercritical
278.00	456.00	281.63	0.0035508	451.24	613.15	2.6790	1.8767	3.2840	882.84	-0.0067880	3.5033e-05	0.099020	supercritical
279.00	456.00	280.68	0.0035628	453.97	616.44	2.6908	1.8775	3.2837	880.45	-0.0064209	3.4871e-05	0.098710	supercritical
280.00	456.00	279.73	0.0035748	456.71	619.72	2.7025	1.8784	3.2834	878.09	-0.0060557	3.4711e-05	0.098404	supercritical
281.00	456.00	278.79	0.0035869	459.44	623.00	2.7142	1.8793	3.2830	875.76	-0.0056922	3.4553e-05	0.098102	supercritical
282.00	456.00	277.85	0.0035990	462.17	626.29	2.7259	1.8802	3.2827	873.46	-0.0053306	3.4397e-05	0.097805	supercritical
283.00	456.00	276.92	0.0036112	464.90	629.57	2.7375	1.8811	3.2823	871.18	-0.0049709	3.4243e-05	0.097513	supercritical
284.00	456.00	275.98	0.0036234	467.62	632.85	2.7491	1.8820	3.2819	868.94	-0.0046133	3.4091e-05	0.097224	supercritical
285.00	456.00	275.05	0.0036357	470.35	636.13	2.7606	1.8830	3.2815	866.72	-0.0042578	3.3941e-05	0.096941	supercritical
286.00	456.00	274.13	0.0036479	473.07	639.41	2.7721	1.8840	3.2811	864.52	-0.0039043	3.3793e-05	0.096661	supercritical
287.00	456.00	273.20	0.0036603	475.79	642.70	2.7836	1.8851	3.2806	862.36	-0.0035531	3.3646e-05	0.096386	supercritical
288.00	456.00	272.28	0.0036726	478.50	645.98	2.7950	1.8861	3.2802	860.22	-0.0032041	3.3502e-05	0.096115	supercritical
289.00	456.00	271.37	0.0036850	481.22	649.26	2.8064	1.8872	3.2797	858.11	-0.0028575	3.3360e-05	0.095848	supercritical
290.00	456.00	270.45	0.0036975	483.93	652.53	2.8177	1.8883	3.2792	856.02	-0.0025132	3.3219e-05	0.095586	supercritical
291.00	456.00	269.54	0.0037100	486.64	655.81	2.8290	1.8894	3.2787	853.96	-0.0021713	3.3080e-05	0.095327	supercritical
292.00	456.00	268.64	0.0037225	489.35	659.09	2.8402	1.8906	3.2782	851.93	-0.0018319	3.2943e-05	0.095073	supercritical
293.00	456.00	267.73	0.0037351	492.05	662.37	2.8514	1.8918	3.2777	849.92	-0.0014951	3.2808e-05	0.094823	supercritical
294.00	456.00	266.83	0.0037477	494.75	665.65	2.8626	1.8930	3.2771	847.94	-0.0011608	3.2675e-05	0.094577	supercritical
295.00	456.00	265.94	0.0037603	497.45	668.92	2.8737	1.8942	3.2765	845.98	-0.00082918	3.2543e-05	0.094335	supercritical
296.00	456.00	265.04	0.0037730	500.15	672.20	2.8848	1.8955	3.2760	844.05	-0.00050024	3.2413e-05	0.094096	supercritical
297.00	456.00	264.15	0.0037857	502.85	675.48	2.8958	1.8967	3.2754	842.15	-0.00017405	3.2285e-05	0.093862	supercritical
298.00	456.00	263.27	0.0037984	505.54	678.75	2.9069	1.8980	3.2748	840.27	0.00014936	3.2159e-05	0.093632	supercritical
299.00	456.00	262.38	0.0038112	508.23	682.03	2.9178	1.8994	3.2742	838.41	0.00046994	3.2034e-05	0.093406	supercritical
300.00	456.00	261.50	0.0038240	510.92	685.30	2.9288	1.9007	3.2735	836.58	0.00078764	3.1911e-05	0.093183	supercritical
301.00	456.00	260.63	0.0038369	513.61	688.57	2.9396	1.9021	3.2729	834.77	0.0011024	3.1789e-05	0.092964	supercritical
302.00	456.00	259.76	0.0038498	516.30	691.85	2.9505	1.9035	3.2723	832.99	0.0014142	3.1669e-05	0.092749	supercritical
303.00	456.00	258.89	0.0038627	518.98	695.12	2.9613	1.9049	3.2716	831.23	0.0017230	3.1551e-05	0.092538	supercritical
304.00	456.00	258.02	0.0038756	521.66	698.39	2.9721	1.9063	3.2710	829.50	0.0020288	3.1434e-05	0.092330	supercritical
305.00	456.00	257.16	0.0038886	524.34	701.66	2.9828	1.9078	3.2703	827.79	0.0023315	3.1319e-05	0.092127	supercritical
306.00	456.00	256.30	0.0039016	527.02	704.93	2.9935	1.9092	3.2696	826.10	0.0026311	3.1205e-05	0.091926	supercritical
307.00	456.00	255.45	0.0039147	529.69	708.20	3.0042	1.9107	3.2689	824.44	0.0029275	3.1093e-05	0.091730	supercritical
308.00	456.00	254.60	0.0039277	532.36	711.47	3.0148	1.9123	3.2682	822.80	0.0032207	3.0982e-05	0.091537	supercritical
309.00	456.00	253.75	0.0039409	535.03	714.74	3.0254	1.9138	3.2675	821.19	0.0035107	3.0872e-05	0.091347	supercritical
310.00	456.00	252.91	0.0039540	537.70	718.00	3.0360	1.9154	3.2668	819.59	0.0037975	3.0765e-05	0.091161	supercritical
311.00	456.00	252.07	0.0039672	540.37	721.27	3.0465	1.9170	3.2661	818.02	0.0040809	3.0658e-05	0.090978	supercritical
312.00	456.00	251.23	0.0039804	543.03	724.53	3.0570	1.9186	3.2654	816.47	0.0043611	3.0553e-05	0.090799	supercritical
313.00	456.00	250.40	0.0039936	545.69	727.80	3.0674	1.9202	3.2646	814.94	0.0046379	3.0450e-05	0.090624	supercritical
314.00	456.00	249.57	0.0040069	548.35	731.06	3.0779	1.9218	3.2639	813.44	0.0049114	3.0347e-05	0.090451	supercritical
315.00	456.00	248.75	0.0040201	551.01	734.33	3.0882	1.9235	3.2632	811.96	0.0051814	3.0247e-05	0.090282	supercritical
316.00	456.00	247.93	0.0040335	553.66	737.59	3.0986	1.9252	3.2624	810.50	0.0054481	3.0147e-05	0.090116	supercritical
317.00	456.00	247.11	0.0040468	556.32	740.85	3.1089	1.9269	3.2617	809.06	0.0057113	3.0049e-05	0.089954	supercritical
318.00	456.00	246.30	0.0040602	558.97	744.11	3.1191	1.9286	3.2609	807.64	0.0059711	2.9952e-05	0.089795	supercritical
319.00	456.00	245.49	0.0040736	561.62	747.37	3.1294	1.9304	3.2602	806.24	0.0062274	2.9857e-05	0.089639	supercritical
320.00	456.00	244.68	0.0040870	564.27	750.63	3.1396	1.9322	3.2595	804.86	0.0064803	2.9763e-05	0.089486	supercritical
321.00	456.00	243.88	0.0041004	566.91	753.89	3.1498	1.9340	3.2587	803.51	0.0067296	2.9670e-05	0.089336	supercritical
322.00	456.00	243.08	0.0041139	569.56	757.15	3.1599	1.9358	3.2580	802.17	0.0069754	2.9578e-05	0.089189	supercritical
323.00	456.00	242.28	0.0041274	572.20	760.41	3.1700	1.9376	3.2572	800.85	0.0072177	2.9488e-05	0.089046	supercritical
324.00	456.00	241.49	0.0041409	574.84	763.67	3.1801	1.9395	3.2565	799.56	0.0074564	2.9398e-05	0.088905	supercritical
325.00	456.00	240.71	0.0041544	577.48	766.92	3.1901	1.9413	3.2557	798.28	0.0076916	2.9310e-05	0.088768	supercritical
326.00	456.00	239.92	0.0041680	580.12	770.18	3.2001	1.9432	3.2550	797.02	0.0079233	2.9224e-05	0.088633	supercritical
327.00	456.00	239.14	0.0041816	582.75	773.43	3.2101	1.9451	3.2542	795.79	0.0081513	2.9138e-05	0.088502	supercritical
328.00	456.00	238.37	0.0041952	585.38	776.69	3.2200	1.9471	3.2535	794.57	0.0083758	2.9054e-05	0.088373	supercritical
329.00	456.00	237.60	0.0042088	588.02	779.94	3.2299	1.9490	3.2527	793.37	0.0085967	2.8970e-05	0.088247	supercritical
330.00	456.00	236.83	0.0042225	590.65	783.19	3.2398	1.9510	3.2520	792.19	0.0088141	2.8888e-05	0.088125	supercritical
331.00	456.00	236.06	0.0042362	593.27	786.44	3.2496	1.9530	3.2513	791.03	0.0090278	2.8807e-05	0.088004	supercritical
332.00	456.00	235.30	0.0042499	595.90	789.69	3.2594	1.9550	3.2506	789.88	0.0092380	2.8727e-05	0.087887	supercritical
333.00	456.00	234.55	0.0042636	598.52	792.94	3.2692	1.9570	3.2498	788.76	0.0094445	2.8649e-05	0.087773	supercritical
334.00	456.00	233.79	0.0042773	601.15	796.19	3.2789	1.9590	3.2491	787.65	0.0096475	2.8571e-05	0.087661	supercritical
335.00	456.00	233.04	0.0042911	603.77	799.44	3.2887	1.9611	3.2484	786.56	0.0098469	2.8494e-05	0.087552	supercritical
336.00	456.00	232.30	0.0043048	606.39	802.69	3.2983	1.9632	3.2477	785.49	0.010043	2.8419e-05	0.087446	supercritical
337.00	456.00	231.56	0.0043186	609.01	805.94	3.3080	1.9652	3.2470	784.43	0.010235	2.8344e-05	0.087342	supercritical
338.00	456.00	230.82	0.0043324	611.62	809.18	3.3176	1.9674	3.2463	783.40	0.010424	2.8271e-05	0.087241	supercritical
339.00	456.00	230.08	0.0043463	614.24	812.43	3.3272	1.9695	3.2456	782.37	0.010609	2.8198e-05	0.087143	supercritical
340.00	456.00	229.35	0.0043601	616.85	815.68	3.3368	1.9716	3.2450	781.37	0.010790	2.8127e-05	0.087047	supercritical
341.00	456.00	228.63	0.0043740	619.47	818.92	3.3463	1.9738	3.2443	780.38	0.010968	2.8056e-05	0.086954	supercritical
342.00	456.00	227.90	0.0043878	622.08	822.16	3.3558	1.9760	3.2436	779.41	0.011142	2.7987e-05	0.086864	supercritical
343.00	456.00	227.18	0.0044017	624.69	825.41	3.3652	1.9782	3.2430	778.46	0.011313	2.7919e-05	0.086775	supercritical
344.00	456.00	226.47	0.0044157	627.30	828.65	3.3747	1.9804	3.2424	777.52	0.011481	2.7851e-05	0.086690	supercritical
345.00	456.00	225.75	0.0044296	629.90	831.89	3.3841	1.9826	3.2417	776.60	0.011645	2.7785e-05	0.086607	supercritical
346.00	456.00	225.05	0.0044435	632.51	835.13	3.3935	1.9849	3.2411	775.69	0.011805	2.7719e-05	0.086526	supercritical
347.00	456.00	224.34	0.0044575	635.11	838.37	3.4028	1.9871	3.2405	774.80	0.011962	2.7654e-05	0.086448	supercritical
348.00	456.00	223.64	0.0044714	637.72	841.61	3.4122	1.9894	3.2399	773.92	0.012115	2.7591e-05	0.086372	supercritical
349.00	456.00	222.94	0.0044854	640.32	844.85	3.4215	1.9917	3.2393	773.06	0.012265	2.7528e-05	0.086298	supercritical
350.00	456.00	222.25	0.0044994	642.92	848.09	3.4307	1.9940	3.2387	772.22	0.012412	2.7466e-05	0.086227	supercritical
351.00	456.00	221.56	0.0045134	645.52	851.33	3.4400	1.9963	3.2382	771.39	0.012555	2.7405e-05	0.086158	supercritical
352.00	456.00	220.87	0.0045275	648.12	854.57	3.4492	1.9987	3.2376	770.57	0.012694	2.7345e-05	0.086091	supercritical
353.00	456.00	220.19	0.0045415	650.71	857.81	3.4584	2.0010	3.2371	769.77	0.012831	2.7285e-05	0.086027	supercritical
354.00	456.00	219.51	0.0045555	653.31	861.04	3.4675	2.0034	3.2366	768.98	0.012963	2.7227e-05	0.085965	supercritical
355.00	456.00	218.84	0.0045696	655.91	864.28	3.4766	2.0058	3.2361	768.21	0.013093	2.7169e-05	0.085905	supercritical
356.00	456.00	218.17	0.0045837	658.50	867.52	3.4857	2.0082	3.2356	767.45	0.013219	2.7113e-05	0.085847	supercritical
357.00	456.00	217.50	0.0045978	661.09	870.75	3.4948	2.0106	3.2351	766.70	0.013342	2.7057e-05	0.085792	supercritical
358.00	456.00	216.83	0.0046119	663.69	873.99	3.5039	2.0130	3.2346	765.97	0.013462	2.7001e-05	0.085738	supercritical
359.00	456.00	216.17	0.0046260	666.28	877.22	3.5129	2.0155	3.2342	765.25	0.013578	2.6947e-05	0.085687	supercritical
360.00	456.00	215.51	0.0046401	668.87	880.45	3.5219	2.0179	3.2337	764.54	0.013691	2.6894e-05	0.085638	supercritical
361.00	456.00	214.86	0.0046542	671.46	883.69	3.5309	2.0204	3.2333	763.85	0.013801	2.6841e-05	0.085591	supercritical
362.00	456.00	214.21	0.0046683	674.05	886.92	3.5398	2.0229	3.2329	763.17	0.013908	2.6789e-05	0.085546	supercritical
363.00	456.00	213.56	0.0046825	676.63	890.15	3.5487	2.0254	3.2325	762.51	0.014011	2.6738e-05	0.085503	supercritical
364.00	456.00	212.92	0.0046966	679.22	893.39	3.5576	2.0279	3.2321	761.85	0.014112	2.6687e-05	0.085462	supercritical
365.00	456.00	212.28	0.0047108	681.81	896.62	3.5665	2.0304	3.2318	761.21	0.014209	2.6638e-05	0.085423	supercritical
366.00	456.00	211.64	0.0047250	684.39	899.85	3.5753	2.0330	3.2314	760.58	0.014303	2.6589e-05	0.085386	supercritical
367.00	456.00	211.01	0.0047391	686.98	903.08	3.5841	2.0355	3.2311	759.97	0.014394	2.6540e-05	0.085352	supercritical
368.00	456.00	210.38	0.0047533	689.56	906.31	3.5929	2.0381	3.2308	759.36	0.014482	2.6493e-05	0.085319	supercritical
369.00	456.00	209.75	0.0047675	692.14	909.54	3.6017	2.0407	3.2305	758.77	0.014567	2.6446e-05	0.085288	supercritical
370.00	456.00	209.13	0.0047817	694.73	912.77	3.6104	2.0433	3.2302	758.19	0.014649	2.6400e-05	0.085259	supercritical
371.00	456.00	208.51	0.0047959	697.31	916.00	3.6192	2.0459	3.2299	757.62	0.014728	2.6355e-05	0.085231	supercritical
372.00	456.00	207.89	0.0048101	699.89	919.23	3.6278	2.0485	3.2297	757.06	0.014804	2.6310e-05	0.085206	supercritical
373.00	456.00	207.28	0.0048243	702.47	922.46	3.6365	2.0512	3.2295	756.51	0.014877	2.6266e-05	0.085183	supercritical
374.00	456.00	206.67	0.0048386	705.05	925.69	3.6452	2.0538	3.2292	755.98	0.014948	2.6222e-05	0.085161	supercritical
375.00	456.00	206.07	0.0048528	707.63	928.92	3.6538	2.0565	3.2291	755.45	0.015015	2.6180e-05	0.085141	supercritical
376.00	456.00	205.46	0.0048670	710.21	932.15	3.6624	2.0591	3.2289	754.94	0.015080	2.6138e-05	0.085123	supercritical
377.00	456.00	204.86	0.0048813	712.79	935.38	3.6710	2.0618	3.2287	754.43	0.015142	2.6096e-05	0.085107	supercritical
378.00	456.00	204.27	0.0048955	715.37	938.61	3.6795	2.0645	3.2286	753.94	0.015201	2.6055e-05	0.085093	supercritical
379.00	456.00	203.68	0.0049098	717.95	941.84	3.6880	2.0672	3.2285	753.46	0.015257	2.6015e-05	0.085080	supercritical
380.00	456.00	203.09	0.0049240	720.53	945.06	3.6966	2.0700	3.2284	752.99	0.015311	2.5976e-05	0.085069	supercritical
381.00	456.00	202.50	0.0049383	723.11	948.29	3.7050	2.0727	3.2283	752.53	0.015362	2.5937e-05	0.085060	supercritical
382.00	456.00	201.92	0.0049526	725.68	951.52	3.7135	2.0754	3.2282	752.07	0.015410	2.5899e-05	0.085053	supercritical
383.00	456.00	201.34	0.0049668	728.26	954.75	3.7219	2.0782	3.2282	751.63	0.015456	2.5861e-05	0.085047	supercritical
384.00	456.00	200.76	0.0049811	730.84	957.98	3.7304	2.0810	3.2282	751.20	0.015499	2.5824e-05	0.085043	supercritical
385.00	456.00	200.19	0.0049954	733.42	961.20	3.7388	2.0838	3.2281	750.78	0.015539	2.5787e-05	0.085040	supercritical
386.00	456.00	199.61	0.0050097	735.99	964.43	3.7471	2.0865	3.2282	750.37	0.015577	2.5751e-05	0.085040	supercritical
387.00	456.00	199.05	0.0050239	738.57	967.66	3.7555	2.0894	3.2282	749.96	0.015613	2.5716e-05	0.085040	supercritical
388.00	456.00	198.48	0.0050382	741.15	970.89	3.7638	2.0922	3.2282	749.57	0.015646	2.5681e-05	0.085043	supercritical
389.00	456.00	197.92	0.0050525	743.72	974.12	3.7721	2.0950	3.2283	749.19	0.015676	2.5647e-05	0.085047	supercritical
390.00	456.00	197.36	0.0050668	746.30	977.35	3.7804	2.0978	3.2284	748.81	0.015704	2.5613e-05	0.085053	supercritical
391.00	456.00	196.81	0.0050811	748.88	980.57	3.7887	2.1007	3.2285	748.45	0.015730	2.5580e-05	0.085060	supercritical
392.00	456.00	196.26	0.0050954	751.45	983.80	3.7969	2.1035	3.2286	748.09	0.015754	2.5547e-05	0.085069	supercritical
393.00	456.00	195.71	0.0051097	754.03	987.03	3.8051	2.1064	3.2288	747.74	0.015775	2.5515e-05	0.085079	supercritical
394.00	456.00	195.16	0.0051240	756.61	990.26	3.8134	2.1093	3.2289	747.40	0.015794	2.5484e-05	0.085091	supercritical
395.00	456.00	194.62	0.0051383	759.18	993.49	3.8215	2.1122	3.2291	747.07	0.015810	2.5453e-05	0.085104	supercritical
396.00	456.00	194.08	0.0051526	761.76	996.72	3.8297	2.1151	3.2293	746.74	0.015825	2.5422e-05	0.085119	supercritical
397.00	456.00	193.54	0.0051669	764.34	999.95	3.8378	2.1180	3.2296	746.43	0.015837	2.5392e-05	0.085135	supercritical
398.00	456.00	193.01	0.0051812	766.92	1003.2	3.8460	2.1209	3.2298	746.12	0.015847	2.5363e-05	0.085153	supercritical
399.00	456.00	192.47	0.0051955	769.49	1006.4	3.8541	2.1238	3.2301	745.82	0.015855	2.5334e-05	0.085173	supercritical
400.00	456.00	191.95	0.0052098	772.07	1009.6	3.8622	2.1267	3.2304	745.53	0.015860	2.5305e-05	0.085193	supercritical
401.00	456.00	191.42	0.0052241	774.65	1012.9	3.8702	2.1297	3.2307	745.25	0.015864	2.5277e-05	0.085216	supercritical
402.00	456.00	190.90	0.0052384	777.23	1016.1	3.8783	2.1326	3.2310	744.98	0.015866	2.5250e-05	0.085239	supercritical
403.00	456.00	190.38	0.0052527	779.81	1019.3	3.8863	2.1356	3.2313	744.71	0.015865	2.5223e-05	0.085264	supercritical
404.00	456.00	189.86	0.0052670	782.39	1022.6	3.8943	2.1386	3.2317	744.45	0.015863	2.5196e-05	0.085291	supercritical
405.00	456.00	189.35	0.0052813	784.97	1025.8	3.9023	2.1416	3.2321	744.20	0.015858	2.5170e-05	0.085318	supercritical
406.00	456.00	188.83	0.0052956	787.55	1029.0	3.9103	2.1446	3.2325	743.95	0.015852	2.5144e-05	0.085348	supercritical
407.00	456.00	188.33	0.0053099	790.13	1032.3	3.9182	2.1476	3.2329	743.72	0.015844	2.5119e-05	0.085378	supercritical
408.00	456.00	187.82	0.0053242	792.71	1035.5	3.9262	2.1506	3.2333	743.49	0.015834	2.5094e-05	0.085410	supercritical
409.00	456.00	187.32	0.0053385	795.29	1038.7	3.9341	2.1536	3.2338	743.26	0.015822	2.5070e-05	0.085443	supercritical
410.00	456.00	186.82	0.0053529	797.87	1042.0	3.9420	2.1566	3.2343	743.05	0.015808	2.5046e-05	0.085478	supercritical
411.00	456.00	186.32	0.0053672	800.45	1045.2	3.9499	2.1597	3.2348	742.84	0.015793	2.5022e-05	0.085514	supercritical
412.00	456.00	185.82	0.0053815	803.03	1048.4	3.9577	2.1627	3.2353	742.64	0.015775	2.4999e-05	0.085551	supercritical
413.00	456.00	185.33	0.0053958	805.62	1051.7	3.9656	2.1657	3.2358	742.44	0.015756	2.4976e-05	0.085589	supercritical
414.00	456.00	184.84	0.0054101	808.20	1054.9	3.9734	2.1688	3.2364	742.25	0.015736	2.4954e-05	0.085629	supercritical
415.00	456.00	184.35	0.0054244	810.79	1058.1	3.9812	2.1719	3.2370	742.07	0.015713	2.4932e-05	0.085670	supercritical
416.00	456.00	183.87	0.0054386	813.37	1061.4	3.9890	2.1750	3.2376	741.89	0.015689	2.4911e-05	0.085713	supercritical
417.00	456.00	183.39	0.0054529	815.96	1064.6	3.9968	2.1780	3.2382	741.72	0.015663	2.4890e-05	0.085756	supercritical
418.00	456.00	182.91	0.0054672	818.55	1067.9	4.0045	2.1811	3.2388	741.56	0.015636	2.4869e-05	0.085801	supercritical
419.00	456.00	182.43	0.0054815	821.13	1071.1	4.0123	2.1842	3.2395	741.40	0.015607	2.4849e-05	0.085847	supercritical
420.00	456.00	181.96	0.0054958	823.72	1074.3	4.0200	2.1873	3.2401	741.25	0.015577	2.4829e-05	0.085894	supercritical
421.00	456.00	181.48	0.0055101	826.31	1077.6	4.0277	2.1904	3.2408	741.11	0.015545	2.4809e-05	0.085943	supercritical
422.00	456.00	181.02	0.0055244	828.90	1080.8	4.0354	2.1936	3.2415	740.97	0.015511	2.4790e-05	0.085992	supercritical
423.00	456.00	180.55	0.0055387	831.49	1084.1	4.0430	2.1967	3.2423	740.84	0.015477	2.4772e-05	0.086043	supercritical
424.00	456.00	180.08	0.0055529	834.08	1087.3	4.0507	2.1998	3.2430	740.71	0.015440	2.4753e-05	0.086095	supercritical
425.00	456.00	179.62	0.0055672	836.67	1090.5	4.0583	2.2030	3.2438	740.59	0.015402	2.4735e-05	0.086148	supercritical
426.00	456.00	179.16	0.0055815	839.27	1093.8	4.0660	2.2061	3.2446	740.47	0.015363	2.4717e-05	0.086203	supercritical
427.00	456.00	178.71	0.0055958	841.86	1097.0	4.0736	2.2093	3.2454	740.36	0.015323	2.4700e-05	0.086258	supercritical
428.00	456.00	178.25	0.0056100	844.46	1100.3	4.0812	2.2124	3.2462	740.26	0.015281	2.4683e-05	0.086315	supercritical
429.00	456.00	177.80	0.0056243	847.05	1103.5	4.0887	2.2156	3.2470	740.16	0.015238	2.4667e-05	0.086373	supercritical
430.00	456.00	177.35	0.0056386	849.65	1106.8	4.0963	2.2188	3.2479	740.07	0.015193	2.4650e-05	0.086431	supercritical
431.00	456.00	176.90	0.0056528	852.25	1110.0	4.1039	2.2220	3.2488	739.98	0.015148	2.4634e-05	0.086491	supercritical
432.00	456.00	176.46	0.0056671	854.85	1113.3	4.1114	2.2252	3.2497	739.89	0.015101	2.4619e-05	0.086553	supercritical
433.00	456.00	176.02	0.0056813	857.45	1116.5	4.1189	2.2284	3.2506	739.82	0.015052	2.4603e-05	0.086615	supercritical
434.00	456.00	175.57	0.0056956	860.05	1119.8	4.1264	2.2316	3.2515	739.74	0.015003	2.4589e-05	0.086678	supercritical
435.00	456.00	175.14	0.0057098	862.65	1123.0	4.1339	2.2348	3.2525	739.68	0.014952	2.4574e-05	0.086742	supercritical
436.00	456.00	174.70	0.0057241	865.26	1126.3	4.1414	2.2380	3.2534	739.61	0.014901	2.4560e-05	0.086808	supercritical
437.00	456.00	174.27	0.0057383	867.86	1129.5	4.1488	2.2412	3.2544	739.56	0.014848	2.4546e-05	0.086874	supercritical
438.00	456.00	173.84	0.0057525	870.47	1132.8	4.1562	2.2444	3.2554	739.50	0.014794	2.4532e-05	0.086942	supercritical
439.00	456.00	173.41	0.0057668	873.07	1136.0	4.1637	2.2477	3.2564	739.46	0.014739	2.4519e-05	0.087011	supercritical
440.00	456.00	172.98	0.0057810	875.68	1139.3	4.1711	2.2509	3.2575	739.41	0.014682	2.4506e-05	0.087080	supercritical
441.00	456.00	172.56	0.0057952	878.29	1142.6	4.1785	2.2542	3.2585	739.37	0.014625	2.4493e-05	0.087151	supercritical
442.00	456.00	172.13	0.0058094	880.90	1145.8	4.1859	2.2574	3.2596	739.34	0.014567	2.4480e-05	0.087222	supercritical
443.00	456.00	171.71	0.0058237	883.51	1149.1	4.1932	2.2607	3.2607	739.31	0.014508	2.4468e-05	0.087295	supercritical
444.00	456.00	171.30	0.0058379	886.13	1152.3	4.2006	2.2639	3.2618	739.29	0.014448	2.4456e-05	0.087369	supercritical
445.00	456.00	170.88	0.0058521	888.74	1155.6	4.2079	2.2672	3.2629	739.27	0.014386	2.4445e-05	0.087443	supercritical
446.00	456.00	170.47	0.0058663	891.36	1158.9	4.2152	2.2705	3.2641	739.25	0.014324	2.4433e-05	0.087519	supercritical
447.00	456.00	170.05	0.0058805	893.97	1162.1	4.2226	2.2737	3.2652	739.24	0.014261	2.4422e-05	0.087596	supercritical
448.00	456.00	169.64	0.0058947	896.59	1165.4	4.2299	2.2770	3.2664	739.23	0.014197	2.4412e-05	0.087673	supercritical
449.00	456.00	169.24	0.0059089	899.21	1168.7	4.2371	2.2803	3.2676	739.23	0.014132	2.4401e-05	0.087752	supercritical
450.00	456.00	168.83	0.0059230	901.83	1171.9	4.2444	2.2836	3.2688	739.23	0.014067	2.4391e-05	0.087832	supercritical
451.00	456.00	168.43	0.0059372	904.46	1175.2	4.2517	2.2869	3.2700	739.23	0.014000	2.4381e-05	0.087912	supercritical
452.00	456.00	168.03	0.0059514	907.08	1178.5	4.2589	2.2902	3.2712	739.24	0.013933	2.4371e-05	0.087993	supercritical
453.00	456.00	167.63	0.0059656	909.71	1181.7	4.2661	2.2935	3.2725	739.26	0.013864	2.4362e-05	0.088076	supercritical
454.00	456.00	167.23	0.0059797	912.33	1185.0	4.2734	2.2968	3.2738	739.27	0.013795	2.4353e-05	0.088159	supercritical
455.00	456.00	166.84	0.0059939	914.96	1188.3	4.2806	2.3001	3.2750	739.29	0.013726	2.4344e-05	0.088243	supercritical
456.00	456.00	166.44	0.0060081	917.59	1191.6	4.2878	2.3034	3.2763	739.32	0.013655	2.4335e-05	0.088328	supercritical
457.00	456.00	166.05	0.0060222	920.22	1194.8	4.2949	2.3068	3.2777	739.35	0.013584	2.4327e-05	0.088414	supercritical
458.00	456.00	165.66	0.0060364	922.86	1198.1	4.3021	2.3101	3.2790	739.38	0.013512	2.4319e-05	0.088501	supercritical
459.00	456.00	165.28	0.0060505	925.49	1201.4	4.3093	2.3134	3.2803	739.42	0.013439	2.4311e-05	0.088589	supercritical
460.00	456.00	164.89	0.0060647	928.13	1204.7	4.3164	2.3168	3.2817	739.46	0.013366	2.4303e-05	0.088678	supercritical
461.00	456.00	164.51	0.0060788	930.76	1208.0	4.3235	2.3201	3.2831	739.50	0.013292	2.4296e-05	0.088767	supercritical
462.00	456.00	164.12	0.0060929	933.40	1211.2	4.3306	2.3234	3.2845	739.55	0.013217	2.4289e-05	0.088858	supercritical
463.00	456.00	163.75	0.0061070	936.05	1214.5	4.3377	2.3268	3.2859	739.60	0.013142	2.4282e-05	0.088949	supercritical
464.00	456.00	163.37	0.0061212	938.69	1217.8	4.3448	2.3301	3.2873	739.65	0.013066	2.4275e-05	0.089041	supercritical
465.00	456.00	162.99	0.0061353	941.33	1221.1	4.3519	2.3335	3.2887	739.71	0.012989	2.4269e-05	0.089134	supercritical
466.00	456.00	162.62	0.0061494	943.98	1224.4	4.3590	2.3369	3.2902	739.77	0.012912	2.4262e-05	0.089228	supercritical
467.00	456.00	162.25	0.0061635	946.63	1227.7	4.3660	2.3402	3.2917	739.83	0.012834	2.4256e-05	0.089323	supercritical
468.00	456.00	161.88	0.0061776	949.28	1231.0	4.3731	2.3436	3.2931	739.90	0.012756	2.4251e-05	0.089418	supercritical
469.00	456.00	161.51	0.0061917	951.93	1234.3	4.3801	2.3470	3.2946	739.97	0.012677	2.4245e-05	0.089515	supercritical
470.00	456.00	161.14	0.0062058	954.58	1237.6	4.3871	2.3503	3.2961	740.05	0.012597	2.4240e-05	0.089612	supercritical
471.00	456.00	160.78	0.0062199	957.23	1240.9	4.3941	2.3537	3.2977	740.12	0.012517	2.4234e-05	0.089710	supercritical
472.00	456.00	160.41	0.0062339	959.89	1244.2	4.4011	2.3571	3.2992	740.20	0.012437	2.4230e-05	0.089809	supercritical
473.00	456.00	160.05	0.0062480	962.55	1247.5	4.4081	2.3605	3.3008	740.29	0.012356	2.4225e-05	0.089908	supercritical
474.00	456.00	159.69	0.0062621	965.21	1250.8	4.4151	2.3639	3.3023	740.37	0.012274	2.4220e-05	0.090009	supercritical
475.00	456.00	159.33	0.0062762	967.87	1254.1	4.4220	2.3673	3.3039	740.46	0.012193	2.4216e-05	0.090110	supercritical
476.00	456.00	158.98	0.0062902	970.53	1257.4	4.4290	2.3707	3.3055	740.56	0.012110	2.4212e-05	0.090212	supercritical
477.00	456.00	158.62	0.0063043	973.20	1260.7	4.4359	2.3741	3.3071	740.65	0.012027	2.4208e-05	0.090315	supercritical
478.00	456.00	158.27	0.0063183	975.87	1264.0	4.4429	2.3775	3.3087	740.75	0.011944	2.4204e-05	0.090418	supercritical
479.00	456.00	157.92	0.0063324	978.54	1267.3	4.4498	2.3809	3.3104	740.85	0.011861	2.4201e-05	0.090522	supercritical
480.00	456.00	157.57	0.0063464	981.21	1270.6	4.4567	2.3843	3.3120	740.95	0.011776	2.4197e-05	0.090627	supercritical
481.00	456.00	157.22	0.0063604	983.88	1273.9	4.4636	2.3877	3.3137	741.06	0.011692	2.4194e-05	0.090733	supercritical
482.00	456.00	156.88	0.0063745	986.56	1277.2	4.4705	2.3911	3.3153	741.17	0.011607	2.4191e-05	0.090840	supercritical
483.00	456.00	156.53	0.0063885	989.23	1280.5	4.4773	2.3945	3.3170	741.28	0.011522	2.4189e-05	0.090947	supercritical
484.00	456.00	156.19	0.0064025	991.91	1283.9	4.4842	2.3979	3.3187	741.40	0.011437	2.4186e-05	0.091055	supercritical
485.00	456.00	155.85	0.0064165	994.59	1287.2	4.4910	2.4014	3.3204	741.52	0.011351	2.4184e-05	0.091164	supercritical
486.00	456.00	155.51	0.0064305	997.27	1290.5	4.4979	2.4048	3.3221	741.64	0.011264	2.4181e-05	0.091273	supercritical
487.00	456.00	155.17	0.0064445	999.96	1293.8	4.5047	2.4082	3.3239	741.76	0.011178	2.4179e-05	0.091384	supercritical
488.00	456.00	154.83	0.0064585	1002.6	1297.2	4.5115	2.4116	3.3256	741.88	0.011091	2.4178e-05	0.091495	supercritical
489.00	456.00	154.50	0.0064725	1005.3	1300.5	4.5183	2.4151	3.3274	742.01	0.011004	2.4176e-05	0.091606	supercritical
490.00	456.00	154.17	0.0064865	1008.0	1303.8	4.5251	2.4185	3.3291	742.14	0.010916	2.4174e-05	0.091719	supercritical
491.00	456.00	153.84	0.0065004	1010.7	1307.1	4.5319	2.4219	3.3309	742.28	0.010829	2.4173e-05	0.091832	supercritical
492.00	456.00	153.51	0.0065144	1013.4	1310.5	4.5387	2.4254	3.3327	742.41	0.010741	2.4172e-05	0.091945	supercritical
493.00	456.00	153.18	0.0065284	1016.1	1313.8	4.5455	2.4288	3.3345	742.55	0.010652	2.4171e-05	0.092060	supercritical
494.00	456.00	152.85	0.0065423	1018.8	1317.1	4.5522	2.4323	3.3363	742.69	0.010564	2.4170e-05	0.092175	supercritical
495.00	456.00	152.53	0.0065563	1021.5	1320.5	4.5590	2.4357	3.3382	742.83	0.010475	2.4169e-05	0.092291	supercritical
496.00	456.00	152.20	0.0065702	1024.2	1323.8	4.5657	2.4392	3.3400	742.98	0.010386	2.4169e-05	0.092407	supercritical
497.00	456.00	151.88	0.0065842	1026.9	1327.2	4.5725	2.4426	3.3419	743.12	0.010297	2.4169e-05	0.092525	supercritical
498.00	456.00	151.56	0.0065981	1029.6	1330.5	4.5792	2.4461	3.3437	743.27	0.010208	2.4168e-05	0.092642	supercritical
499.00	456.00	151.24	0.0066121	1032.3	1333.8	4.5859	2.4495	3.3456	743.43	0.010118	2.4168e-05	0.092761	supercritical
500.00	456.00	150.92	0.0066260	1035.0	1337.2	4.5926	2.4530	3.3475	743.58	0.010028	2.4169e-05	0.092880	supercritical
501.00	456.00	150.60	0.0066399	1037.8	1340.5	4.5993	2.4564	3.3494	743.74	0.0099383	2.4169e-05	0.093000	supercritical
502.00	456.00	150.29	0.0066538	1040.5	1343.9	4.6060	2.4599	3.3513	743.89	0.0098482	2.4169e-05	0.093120	supercritical
503.00	456.00	149.98	0.0066677	1043.2	1347.2	4.6126	2.4634	3.3532	744.05	0.0097578	2.4170e-05	0.093242	supercritical
504.00	456.00	149.66	0.0066816	1045.9	1350.6	4.6193	2.4668	3.3551	744.22	0.0096674	2.4171e-05	0.093363	supercritical
505.00	456.00	149.35	0.0066955	1048.6	1354.0	4.6259	2.4703	3.3571	744.38	0.0095767	2.4172e-05	0.093486	supercritical
506.00	456.00	149.04	0.0067094	1051.4	1357.3	4.6326	2.4738	3.3590	744.55	0.0094859	2.4173e-05	0.093609	supercritical
507.00	456.00	148.74	0.0067233	1054.1	1360.7	4.6392	2.4772	3.3610	744.72	0.0093950	2.4174e-05	0.093732	supercritical
508.00	456.00	148.43	0.0067372	1056.8	1364.0	4.6458	2.4807	3.3630	744.89	0.0093040	2.4175e-05	0.093857	supercritical
509.00	456.00	148.12	0.0067511	1059.5	1367.4	4.6525	2.4842	3.3649	745.06	0.0092128	2.4177e-05	0.093981	supercritical
510.00	456.00	147.82	0.0067649	1062.3	1370.8	4.6591	2.4876	3.3669	745.23	0.0091216	2.4178e-05	0.094107	supercritical
511.00	456.00	147.52	0.0067788	1065.0	1374.1	4.6657	2.4911	3.3689	745.41	0.0090302	2.4180e-05	0.094233	supercritical
512.00	456.00	147.22	0.0067927	1067.8	1377.5	4.6722	2.4946	3.3709	745.59	0.0089387	2.4182e-05	0.094360	supercritical
513.00	456.00	146.92	0.0068065	1070.5	1380.9	4.6788	2.4981	3.3730	745.77	0.0088472	2.4184e-05	0.094487	supercritical
514.00	456.00	146.62	0.0068204	1073.2	1384.2	4.6854	2.5015	3.3750	745.95	0.0087555	2.4186e-05	0.094615	supercritical
515.00	456.00	146.32	0.0068342	1076.0	1387.6	4.6920	2.5050	3.3770	746.13	0.0086638	2.4188e-05	0.094744	supercritical
516.00	456.00	146.03	0.0068480	1078.7	1391.0	4.6985	2.5085	3.3791	746.32	0.0085720	2.4191e-05	0.094873	supercritical
517.00	456.00	145.73	0.0068619	1081.5	1394.4	4.7051	2.5120	3.3811	746.51	0.0084802	2.4193e-05	0.095002	supercritical
518.00	456.00	145.44	0.0068757	1084.2	1397.8	4.7116	2.5155	3.3832	746.70	0.0083883	2.4196e-05	0.095133	supercritical
519.00	456.00	145.15	0.0068895	1087.0	1401.1	4.7181	2.5190	3.3853	746.89	0.0082963	2.4199e-05	0.095263	supercritical
520.00	456.00	144.86	0.0069033	1089.7	1404.5	4.7246	2.5224	3.3874	747.08	0.0082043	2.4202e-05	0.095395	supercritical
521.00	456.00	144.57	0.0069171	1092.5	1407.9	4.7311	2.5259	3.3895	747.27	0.0081123	2.4205e-05	0.095527	supercritical
522.00	456.00	144.28	0.0069309	1095.3	1411.3	4.7377	2.5294	3.3916	747.47	0.0080202	2.4208e-05	0.095659	supercritical
523.00	456.00	143.99	0.0069447	1098.0	1414.7	4.7441	2.5329	3.3937	747.67	0.0079281	2.4212e-05	0.095793	supercritical
524.00	456.00	143.71	0.0069585	1100.8	1418.1	4.7506	2.5364	3.3958	747.87	0.0078360	2.4215e-05	0.095926	supercritical
525.00	456.00	143.42	0.0069723	1103.6	1421.5	4.7571	2.5399	3.3979	748.07	0.0077439	2.4219e-05	0.096060	supercritical
526.00	456.00	143.14	0.0069861	1106.3	1424.9	4.7636	2.5434	3.4001	748.27	0.0076517	2.4222e-05	0.096195	supercritical
527.00	456.00	142.86	0.0069998	1109.1	1428.3	4.7700	2.5469	3.4022	748.48	0.0075596	2.4226e-05	0.096331	supercritical
528.00	456.00	142.58	0.0070136	1111.9	1431.7	4.7765	2.5504	3.4044	748.68	0.0074674	2.4230e-05	0.096466	supercritical
529.00	456.00	142.30	0.0070274	1114.7	1435.1	4.7829	2.5539	3.4065	748.89	0.0073753	2.4234e-05	0.096603	supercritical
530.00	456.00	142.02	0.0070411	1117.4	1438.5	4.7894	2.5574	3.4087	749.10	0.0072832	2.4238e-05	0.096740	supercritical
531.00	456.00	141.75	0.0070549	1120.2	1441.9	4.7958	2.5608	3.4109	749.31	0.0071911	2.4242e-05	0.096877	supercritical
532.00	456.00	141.47	0.0070686	1123.0	1445.3	4.8022	2.5643	3.4131	749.52	0.0070990	2.4247e-05	0.097015	supercritical
533.00	456.00	141.20	0.0070824	1125.8	1448.7	4.8086	2.5678	3.4153	749.73	0.0070070	2.4251e-05	0.097154	supercritical
534.00	456.00	140.92	0.0070961	1128.6	1452.2	4.8150	2.5713	3.4175	749.95	0.0069149	2.4256e-05	0.097293	supercritical
535.00	456.00	140.65	0.0071098	1131.4	1455.6	4.8214	2.5748	3.4197	750.16	0.0068230	2.4260e-05	0.097432	supercritical
536.00	456.00	140.38	0.0071236	1134.2	1459.0	4.8278	2.5783	3.4219	750.38	0.0067310	2.4265e-05	0.097572	supercritical
537.00	456.00	140.11	0.0071373	1137.0	1462.4	4.8342	2.5818	3.4241	750.60	0.0066391	2.4270e-05	0.097713	supercritical
538.00	456.00	139.84	0.0071510	1139.8	1465.9	4.8406	2.5853	3.4264	750.82	0.0065473	2.4275e-05	0.097854	supercritical
539.00	456.00	139.57	0.0071647	1142.6	1469.3	4.8469	2.5888	3.4286	751.04	0.0064555	2.4280e-05	0.097996	supercritical
540.00	456.00	139.31	0.0071784	1145.4	1472.7	4.8533	2.5923	3.4308	751.27	0.0063638	2.4286e-05	0.098138	supercritical
541.00	456.00	139.04	0.0071921	1148.2	1476.1	4.8596	2.5958	3.4331	751.49	0.0062722	2.4291e-05	0.098280	supercritical
542.00	456.00	138.78	0.0072058	1151.0	1479.6	4.8660	2.5993	3.4354	751.72	0.0061806	2.4296e-05	0.098424	supercritical
543.00	456.00	138.51	0.0072195	1153.8	1483.0	4.8723	2.6028	3.4376	751.94	0.0060890	2.4302e-05	0.098567	supercritical
544.00	456.00	138.25	0.0072331	1156.6	1486.4	4.8786	2.6063	3.4399	752.17	0.0059976	2.4307e-05	0.098711	supercritical
545.00	456.00	137.99	0.0072468	1159.4	1489.9	4.8850	2.6098	3.4422	752.40	0.0059062	2.4313e-05	0.098856	supercritical
546.00	456.00	137.73	0.0072605	1162.3	1493.3	4.8913	2.6133	3.4445	752.63	0.0058150	2.4319e-05	0.099001	supercritical
547.00	456.00	137.47	0.0072741	1165.1	1496.8	4.8976	2.6168	3.4468	752.86	0.0057238	2.4325e-05	0.099146	supercritical
548.00	456.00	137.22	0.0072878	1167.9	1500.2	4.9039	2.6203	3.4491	753.10	0.0056327	2.4331e-05	0.099292	supercritical
549.00	456.00	136.96	0.0073014	1170.7	1503.7	4.9102	2.6238	3.4514	753.33	0.0055417	2.4337e-05	0.099439	supercritical
550.00	456.00	136.70	0.0073151	1173.6	1507.1	4.9164	2.6274	3.4537	753.57	0.0054508	2.4343e-05	0.099586	supercritical
551.00	456.00	136.45	0.0073287	1176.4	1510.6	4.9227	2.6309	3.4561	753.80	0.0053600	2.4350e-05	0.099733	supercritical
552.00	456.00	136.20	0.0073424	1179.2	1514.0	4.9290	2.6344	3.4584	754.04	0.0052693	2.4356e-05	0.099881	supercritical
553.00	456.00	135.94	0.0073560	1182.1	1517.5	4.9353	2.6379	3.4607	754.28	0.0051787	2.4362e-05	0.10003	supercritical
554.00	456.00	135.69	0.0073696	1184.9	1521.0	4.9415	2.6414	3.4631	754.52	0.0050882	2.4369e-05	0.10018	supercritical
555.00	456.00	135.44	0.0073832	1187.8	1524.4	4.9478	2.6449	3.4654	754.76	0.0049979	2.4376e-05	0.10033	supercritical
556.00	456.00	135.19	0.0073968	1190.6	1527.9	4.9540	2.6484	3.4678	755.01	0.0049076	2.4382e-05	0.10048	supercritical
557.00	456.00	134.94	0.0074104	1193.4	1531.4	4.9602	2.6519	3.4702	755.25	0.0048175	2.4389e-05	0.10063	supercritical
558.00	456.00	134.70	0.0074241	1196.3	1534.8	4.9665	2.6554	3.4725	755.49	0.0047275	2.4396e-05	0.10078	supercritical
559.00	456.00	134.45	0.0074376	1199.2	1538.3	4.9727	2.6589	3.4749	755.74	0.0046376	2.4403e-05	0.10093	supercritical
560.00	456.00	134.21	0.0074512	1202.0	1541.8	4.9789	2.6624	3.4773	755.99	0.0045479	2.4410e-05	0.10108	supercritical
561.00	456.00	133.96	0.0074648	1204.9	1545.3	4.9851	2.6659	3.4797	756.24	0.0044583	2.4417e-05	0.10123	supercritical
562.00	456.00	133.72	0.0074784	1207.7	1548.7	4.9913	2.6694	3.4821	756.48	0.0043688	2.4425e-05	0.10138	supercritical
563.00	456.00	133.48	0.0074920	1210.6	1552.2	4.9975	2.6729	3.4845	756.73	0.0042794	2.4432e-05	0.10154	supercritical
564.00	456.00	133.23	0.0075055	1213.5	1555.7	5.0037	2.6764	3.4869	756.99	0.0041902	2.4439e-05	0.10169	supercritical
565.00	456.00	132.99	0.0075191	1216.3	1559.2	5.0099	2.6799	3.4893	757.24	0.0041012	2.4447e-05	0.10184	supercritical
566.00	456.00	132.76	0.0075327	1219.2	1562.7	5.0160	2.6834	3.4917	757.49	0.0040123	2.4454e-05	0.10200	supercritical
567.00	456.00	132.52	0.0075462	1222.1	1566.2	5.0222	2.6869	3.4941	757.74	0.0039235	2.4462e-05	0.10215	supercritical
568.00	456.00	132.28	0.0075598	1225.0	1569.7	5.0283	2.6904	3.4966	758.00	0.0038349	2.4470e-05	0.10231	supercritical
569.00	456.00	132.04	0.0075733	1227.8	1573.2	5.0345	2.6939	3.4990	758.26	0.0037464	2.4478e-05	0.10246	supercritical
570.00	456.00	131.81	0.0075869	1230.7	1576.7	5.0406	2.6974	3.5015	758.51	0.0036581	2.4486e-05	0.10262	supercritical
571.00	456.00	131.57	0.0076004	1233.6	1580.2	5.0468	2.7009	3.5039	758.77	0.0035700	2.4494e-05	0.10277	supercritical
572.00	456.00	131.34	0.0076139	1236.5	1583.7	5.0529	2.7044	3.5064	759.03	0.0034820	2.4502e-05	0.10293	supercritical
573.00	456.00	131.11	0.0076274	1239.4	1587.2	5.0590	2.7079	3.5088	759.29	0.0033942	2.4510e-05	0.10309	supercritical
574.00	456.00	130.87	0.0076410	1242.3	1590.7	5.0652	2.7114	3.5113	759.55	0.0033065	2.4518e-05	0.10325	supercritical
575.00	456.00	130.64	0.0076545	1245.2	1594.2	5.0713	2.7149	3.5137	759.81	0.0032190	2.4526e-05	0.10340	supercritical
576.00	456.00	130.41	0.0076680	1248.1	1597.7	5.0774	2.7184	3.5162	760.07	0.0031316	2.4534e-05	0.10356	supercritical
577.00	456.00	130.18	0.0076815	1251.0	1601.2	5.0835	2.7219	3.5187	760.33	0.0030445	2.4543e-05	0.10372	supercritical
578.00	456.00	129.96	0.0076950	1253.9	1604.8	5.0896	2.7254	3.5212	760.60	0.0029575	2.4551e-05	0.10388	supercritical
579.00	456.00	129.73	0.0077085	1256.8	1608.3	5.0957	2.7289	3.5237	760.86	0.0028707	2.4560e-05	0.10404	supercritical
580.00	456.00	129.50	0.0077219	1259.7	1611.8	5.1018	2.7324	3.5262	761.13	0.0027840	2.4568e-05	0.10420	supercritical
581.00	456.00	129.28	0.0077354	1262.6	1615.3	5.1078	2.7359	3.5286	761.40	0.0026975	2.4577e-05	0.10436	supercritical
582.00	456.00	129.05	0.0077489	1265.5	1618.9	5.1139	2.7394	3.5311	761.66	0.0026112	2.4586e-05	0.10452	supercritical
583.00	456.00	128.83	0.0077624	1268.4	1622.4	5.1200	2.7429	3.5337	761.93	0.0025251	2.4595e-05	0.10468	supercritical
584.00	456.00	128.60	0.0077758	1271.4	1625.9	5.1260	2.7463	3.5362	762.20	0.0024392	2.4604e-05	0.10484	supercritical
585.00	456.00	128.38	0.0077893	1274.3	1629.5	5.1321	2.7498	3.5387	762.47	0.0023534	2.4613e-05	0.10500	supercritical
586.00	456.00	128.16	0.0078027	1277.2	1633.0	5.1381	2.7533	3.5412	762.74	0.0022678	2.4622e-05	0.10516	supercritical
587.00	456.00	127.94	0.0078162	1280.1	1636.6	5.1442	2.7568	3.5437	763.01	0.0021825	2.4631e-05	0.10533	supercritical
588.00	456.00	127.72	0.0078296	1283.1	1640.1	5.1502	2.7603	3.5463	763.28	0.0020973	2.4640e-05	0.10549	supercritical
589.00	456.00	127.50	0.0078431	1286.0	1643.7	5.1562	2.7638	3.5488	763.55	0.0020122	2.4649e-05	0.10565	supercritical
590.00	456.00	127.28	0.0078565	1288.9	1647.2	5.1622	2.7673	3.5513	763.83	0.0019274	2.4658e-05	0.10582	supercritical
591.00	456.00	127.07	0.0078699	1291.9	1650.8	5.1683	2.7708	3.5539	764.10	0.0018428	2.4668e-05	0.10598	supercritical
592.00	456.00	126.85	0.0078834	1294.8	1654.3	5.1743	2.7743	3.5564	764.38	0.0017584	2.4677e-05	0.10614	supercritical
593.00	456.00	126.63	0.0078968	1297.8	1657.9	5.1803	2.7777	3.5590	764.65	0.0016741	2.4687e-05	0.10631	supercritical
594.00	456.00	126.42	0.0079102	1300.7	1661.4	5.1863	2.7812	3.5615	764.93	0.0015900	2.4696e-05	0.10647	supercritical
595.00	456.00	126.21	0.0079236	1303.7	1665.0	5.1923	2.7847	3.5641	765.20	0.0015062	2.4706e-05	0.10664	supercritical
596.00	456.00	125.99	0.0079370	1306.6	1668.6	5.1983	2.7882	3.5666	765.48	0.0014225	2.4715e-05	0.10680	supercritical
597.00	456.00	125.78	0.0079504	1309.6	1672.1	5.2042	2.7917	3.5692	765.76	0.0013391	2.4725e-05	0.10697	supercritical
598.00	456.00	125.57	0.0079638	1312.5	1675.7	5.2102	2.7952	3.5718	766.04	0.0012558	2.4735e-05	0.10714	supercritical
599.00	456.00	125.36	0.0079772	1315.5	1679.3	5.2162	2.7986	3.5743	766.32	0.0011727	2.4745e-05	0.10730	supercritical
600.00	456.00	125.15	0.0079906	1318.5	1682.8	5.2221	2.8021	3.5769	766.60	0.0010899	2.4754e-05	0.10747	supercritical
601.00	456.00	124.94	0.0080040	1321.4	1686.4	5.2281	2.8056	3.5795	766.88	0.0010072	2.4764e-05	0.10764	supercritical
602.00	456.00	124.73	0.0080173	1324.4	1690.0	5.2341	2.8091	3.5821	767.16	0.00092474	2.4774e-05	0.10780	supercritical
603.00	456.00	124.52	0.0080307	1327.4	1693.6	5.2400	2.8126	3.5847	767.44	0.00084248	2.4784e-05	0.10797	supercritical
604.00	456.00	124.32	0.0080441	1330.4	1697.2	5.2460	2.8160	3.5873	767.73	0.00076043	2.4794e-05	0.10814	supercritical
605.00	456.00	124.11	0.0080574	1333.3	1700.8	5.2519	2.8195	3.5899	768.01	0.00067858	2.4805e-05	0.10831	supercritical
606.00	456.00	123.90	0.0080708	1336.3	1704.4	5.2578	2.8230	3.5925	768.29	0.00059694	2.4815e-05	0.10848	supercritical
607.00	456.00	123.70	0.0080841	1339.3	1707.9	5.2637	2.8264	3.5951	768.58	0.00051551	2.4825e-05	0.10865	supercritical
608.00	456.00	123.49	0.0080975	1342.3	1711.5	5.2697	2.8299	3.5977	768.86	0.00043428	2.4835e-05	0.10882	supercritical
609.00	456.00	123.29	0.0081108	1345.3	1715.1	5.2756	2.8334	3.6003	769.15	0.00035326	2.4846e-05	0.10899	supercritical
610.00	456.00	123.09	0.0081242	1348.3	1718.7	5.2815	2.8369	3.6029	769.43	0.00027245	2.4856e-05	0.10916	supercritical
611.00	456.00	122.89	0.0081375	1351.3	1722.3	5.2874	2.8403	3.6055	769.72	0.00019185	2.4867e-05	0.10933	supercritical
612.00	456.00	122.69	0.0081508	1354.3	1726.0	5.2933	2.8438	3.6081	770.01	0.00011146	2.4877e-05	0.10950	supercritical
613.00	456.00	122.49	0.0081642	1357.3	1729.6	5.2992	2.8473	3.6107	770.30	3.1277e-05	2.4888e-05	0.10967	supercritical
614.00	456.00	122.29	0.0081775	1360.3	1733.2	5.3051	2.8507	3.6134	770.59	-4.8691e-05	2.4898e-05	0.10984	supercritical
615.00	456.00	122.09	0.0081908	1363.3	1736.8	5.3110	2.8542	3.6160	770.87	-0.00012845	2.4909e-05	0.11001	supercritical
616.00	456.00	121.89	0.0082041	1366.3	1740.4	5.3168	2.8576	3.6186	771.16	-0.00020799	2.4920e-05	0.11019	supercritical
617.00	456.00	121.69	0.0082174	1369.3	1744.0	5.3227	2.8611	3.6213	771.45	-0.00028732	2.4931e-05	0.11036	supercritical
618.00	456.00	121.50	0.0082307	1372.3	1747.6	5.3286	2.8646	3.6239	771.74	-0.00036644	2.4941e-05	0.11053	supercritical
619.00	456.00	121.30	0.0082440	1375.3	1751.3	5.3344	2.8680	3.6265	772.04	-0.00044534	2.4952e-05	0.11071	supercritical
620.00	456.00	121.11	0.0082573	1378.4	1754.9	5.3403	2.8715	3.6292	772.33	-0.00052403	2.4963e-05	0.11088	supercritical
621.00	456.00	120.91	0.0082706	1381.4	1758.5	5.3461	2.8749	3.6318	772.62	-0.00060250	2.4974e-05	0.11105	supercritical
622.00	456.00	120.72	0.0082838	1384.4	1762.2	5.3520	2.8784	3.6345	772.91	-0.00068076	2.4985e-05	0.11123	supercritical
623.00	456.00	120.52	0.0082971	1387.5	1765.8	5.3578	2.8818	3.6371	773.20	-0.00075880	2.4996e-05	0.11140	supercritical
624.00	456.00	120.33	0.0083104	1390.5	1769.4	5.3637	2.8853	3.6398	773.50	-0.00083662	2.5007e-05	0.11158	supercritical
625.00	456.00	120.14	0.0083237	1393.5	1773.1	5.3695	2.8887	3.6425	773.79	-0.00091423	2.5018e-05	0.11175	supercritical
