Temperature (K)	Pressure (bar)	Density (kg/m3)	Volume (m3/kg)	Internal Energy (kJ/kg)	Enthalpy (kJ/kg)	Entropy (J/g*K)	Cv (J/g*K)	Cp (J/g*K)	Sound Spd. (m/s)	Joule-Thomson (K/bar)	Viscosity (Pa*s)	Therm. Cond. (W/m*K)	Phase
106.00	606.00	467.26	0.0021401	-51.338	78.354	-0.52296	2.2096	3.1964	1770.0	-0.052240	0.00023629	0.24357	liquid
107.00	606.00	466.29	0.0021446	-48.412	81.550	-0.49295	2.2055	3.1959	1764.3	-0.052198	0.00022948	0.24257	liquid
108.00	606.00	465.32	0.0021490	-45.486	84.745	-0.46323	2.2013	3.1955	1758.5	-0.052155	0.00022305	0.24157	liquid
109.00	606.00	464.36	0.0021535	-42.562	87.941	-0.43378	2.1972	3.1950	1752.7	-0.052110	0.00021696	0.24056	liquid
110.00	606.00	463.39	0.0021580	-39.639	91.135	-0.40460	2.1932	3.1945	1747.0	-0.052064	0.00021121	0.23955	liquid
111.00	606.00	462.43	0.0021625	-36.718	94.330	-0.37569	2.1892	3.1941	1741.2	-0.052017	0.00020575	0.23853	liquid
112.00	606.00	461.46	0.0021670	-33.798	97.524	-0.34705	2.1852	3.1936	1735.5	-0.051969	0.00020058	0.23750	liquid
113.00	606.00	460.50	0.0021716	-30.880	100.72	-0.31866	2.1812	3.1932	1729.7	-0.051920	0.00019566	0.23647	liquid
114.00	606.00	459.53	0.0021761	-27.963	103.91	-0.29053	2.1772	3.1927	1724.0	-0.051869	0.00019099	0.23544	liquid
115.00	606.00	458.57	0.0021807	-25.047	107.10	-0.26265	2.1733	3.1922	1718.2	-0.051818	0.00018654	0.23440	liquid
116.00	606.00	457.61	0.0021853	-22.133	110.29	-0.23501	2.1694	3.1917	1712.5	-0.051766	0.00018230	0.23336	liquid
117.00	606.00	456.65	0.0021899	-19.221	113.49	-0.20762	2.1655	3.1913	1706.8	-0.051713	0.00017826	0.23232	liquid
118.00	606.00	455.68	0.0021945	-16.310	116.68	-0.18046	2.1616	3.1908	1701.1	-0.051659	0.00017441	0.23127	liquid
119.00	606.00	454.72	0.0021991	-13.400	119.87	-0.15353	2.1578	3.1903	1695.4	-0.051604	0.00017072	0.23022	liquid
120.00	606.00	453.76	0.0022038	-10.492	123.06	-0.12684	2.1540	3.1897	1689.7	-0.051547	0.00016720	0.22917	liquid
121.00	606.00	452.80	0.0022085	-7.5861	126.25	-0.10037	2.1502	3.1892	1684.0	-0.051490	0.00016383	0.22812	liquid
122.00	606.00	451.84	0.0022132	-4.6813	129.44	-0.074124	2.1464	3.1887	1678.3	-0.051432	0.00016059	0.22706	liquid
123.00	606.00	450.88	0.0022179	-1.7781	132.62	-0.048096	2.1426	3.1881	1672.6	-0.051373	0.00015750	0.22601	liquid
124.00	606.00	449.93	0.0022226	1.1234	135.81	-0.022283	2.1389	3.1876	1667.0	-0.051313	0.00015452	0.22495	liquid
125.00	606.00	448.97	0.0022273	4.0233	139.00	0.0033180	2.1352	3.1870	1661.3	-0.051252	0.00015167	0.22390	liquid
126.00	606.00	448.01	0.0022321	6.9216	142.19	0.028710	2.1315	3.1865	1655.7	-0.051189	0.00014892	0.22284	liquid
127.00	606.00	447.05	0.0022369	9.8182	145.37	0.053898	2.1278	3.1859	1650.1	-0.051126	0.00014628	0.22179	liquid
128.00	606.00	446.10	0.0022417	12.713	148.56	0.078883	2.1241	3.1853	1644.5	-0.051062	0.00014374	0.22073	liquid
129.00	606.00	445.14	0.0022465	15.606	151.74	0.10367	2.1205	3.1847	1638.9	-0.050996	0.00014129	0.21968	liquid
130.00	606.00	444.18	0.0022513	18.498	154.93	0.12826	2.1169	3.1841	1633.3	-0.050930	0.00013893	0.21862	liquid
131.00	606.00	443.23	0.0022562	21.387	158.11	0.15266	2.1133	3.1835	1627.8	-0.050862	0.00013665	0.21757	liquid
132.00	606.00	442.27	0.0022610	24.275	161.29	0.17686	2.1097	3.1829	1622.2	-0.050793	0.00013445	0.21652	liquid
133.00	606.00	441.32	0.0022659	27.162	164.48	0.20088	2.1062	3.1823	1616.7	-0.050724	0.00013232	0.21547	liquid
134.00	606.00	440.37	0.0022708	30.046	167.66	0.22472	2.1027	3.1817	1611.2	-0.050653	0.00013027	0.21442	liquid
135.00	606.00	439.41	0.0022758	32.929	170.84	0.24837	2.0992	3.1811	1605.7	-0.050580	0.00012828	0.21338	liquid
136.00	606.00	438.46	0.0022807	35.810	174.02	0.27185	2.0957	3.1804	1600.2	-0.050507	0.00012636	0.21233	liquid
137.00	606.00	437.51	0.0022857	38.689	177.20	0.29514	2.0923	3.1798	1594.7	-0.050432	0.00012449	0.21129	liquid
138.00	606.00	436.55	0.0022907	41.566	180.38	0.31827	2.0888	3.1792	1589.3	-0.050357	0.00012269	0.21025	liquid
139.00	606.00	435.60	0.0022957	44.441	183.56	0.34122	2.0854	3.1786	1583.9	-0.050280	0.00012094	0.20922	liquid
140.00	606.00	434.65	0.0023007	47.315	186.74	0.36400	2.0821	3.1779	1578.4	-0.050201	0.00011924	0.20818	liquid
141.00	606.00	433.70	0.0023058	50.186	189.92	0.38662	2.0787	3.1773	1573.0	-0.050122	0.00011759	0.20715	liquid
142.00	606.00	432.75	0.0023108	53.056	193.09	0.40907	2.0754	3.1767	1567.7	-0.050041	0.00011598	0.20613	liquid
143.00	606.00	431.79	0.0023159	55.924	196.27	0.43136	2.0721	3.1760	1562.3	-0.049959	0.00011443	0.20510	liquid
144.00	606.00	430.84	0.0023210	58.790	199.44	0.45349	2.0688	3.1754	1556.9	-0.049876	0.00011291	0.20408	liquid
145.00	606.00	429.89	0.0023262	61.655	202.62	0.47547	2.0656	3.1748	1551.6	-0.049791	0.00011144	0.20306	liquid
146.00	606.00	428.94	0.0023313	64.517	205.79	0.49728	2.0623	3.1742	1546.3	-0.049705	0.00011001	0.20205	liquid
147.00	606.00	427.99	0.0023365	67.377	208.97	0.51895	2.0591	3.1735	1541.0	-0.049617	0.00010861	0.20104	liquid
148.00	606.00	427.05	0.0023417	70.236	212.14	0.54046	2.0560	3.1729	1535.7	-0.049529	0.00010725	0.20003	liquid
149.00	606.00	426.10	0.0023469	73.092	215.31	0.56183	2.0528	3.1723	1530.5	-0.049439	0.00010593	0.19903	liquid
150.00	606.00	425.15	0.0023521	75.947	218.49	0.58304	2.0497	3.1717	1525.2	-0.049347	0.00010464	0.19803	liquid
151.00	606.00	424.20	0.0023574	78.800	221.66	0.60412	2.0466	3.1711	1520.0	-0.049255	0.00010338	0.19704	liquid
152.00	606.00	423.25	0.0023627	81.651	224.83	0.62505	2.0436	3.1705	1514.8	-0.049160	0.00010215	0.19605	liquid
153.00	606.00	422.30	0.0023680	84.500	228.00	0.64583	2.0405	3.1699	1509.6	-0.049065	0.00010096	0.19506	liquid
154.00	606.00	421.36	0.0023733	87.347	231.17	0.66648	2.0375	3.1693	1504.4	-0.048968	9.9786e-05	0.19408	liquid
155.00	606.00	420.41	0.0023786	90.192	234.34	0.68699	2.0346	3.1687	1499.3	-0.048869	9.8644e-05	0.19311	liquid
156.00	606.00	419.46	0.0023840	93.035	237.51	0.70737	2.0316	3.1681	1494.2	-0.048769	9.7528e-05	0.19213	liquid
157.00	606.00	418.52	0.0023894	95.876	240.67	0.72761	2.0287	3.1675	1489.1	-0.048668	9.6437e-05	0.19116	liquid
158.00	606.00	417.57	0.0023948	98.716	243.84	0.74772	2.0258	3.1669	1484.0	-0.048565	9.5371e-05	0.19020	liquid
159.00	606.00	416.63	0.0024002	101.55	247.01	0.76770	2.0229	3.1664	1478.9	-0.048461	9.4329e-05	0.18924	liquid
160.00	606.00	415.68	0.0024057	104.39	250.17	0.78755	2.0201	3.1658	1473.9	-0.048355	9.3309e-05	0.18829	liquid
161.00	606.00	414.74	0.0024112	107.22	253.34	0.80727	2.0173	3.1652	1468.8	-0.048248	9.2311e-05	0.18734	liquid
162.00	606.00	413.79	0.0024167	110.05	256.50	0.82687	2.0145	3.1647	1463.8	-0.048140	9.1335e-05	0.18640	liquid
163.00	606.00	412.85	0.0024222	112.88	259.67	0.84634	2.0118	3.1641	1458.8	-0.048029	9.0379e-05	0.18546	liquid
164.00	606.00	411.91	0.0024277	115.71	262.83	0.86569	2.0091	3.1636	1453.9	-0.047918	8.9442e-05	0.18452	liquid
165.00	606.00	410.96	0.0024333	118.54	266.00	0.88492	2.0064	3.1631	1448.9	-0.047805	8.8525e-05	0.18360	liquid
166.00	606.00	410.02	0.0024389	121.36	269.16	0.90404	2.0037	3.1625	1444.0	-0.047690	8.7627e-05	0.18267	liquid
167.00	606.00	409.08	0.0024445	124.18	272.32	0.92303	2.0011	3.1620	1439.1	-0.047574	8.6747e-05	0.18175	liquid
168.00	606.00	408.14	0.0024502	127.00	275.48	0.94190	1.9985	3.1615	1434.2	-0.047456	8.5884e-05	0.18084	liquid
169.00	606.00	407.19	0.0024558	129.82	278.64	0.96067	1.9959	3.1610	1429.3	-0.047337	8.5038e-05	0.17993	liquid
170.00	606.00	406.25	0.0024615	132.64	281.80	0.97931	1.9934	3.1605	1424.4	-0.047216	8.4208e-05	0.17903	liquid
171.00	606.00	405.31	0.0024672	135.45	284.96	0.99785	1.9909	3.1600	1419.6	-0.047094	8.3394e-05	0.17813	liquid
172.00	606.00	404.37	0.0024730	138.26	288.12	1.0163	1.9884	3.1596	1414.8	-0.046970	8.2596e-05	0.17724	liquid
173.00	606.00	403.43	0.0024787	141.07	291.28	1.0346	1.9859	3.1591	1410.0	-0.046845	8.1813e-05	0.17635	liquid
174.00	606.00	402.49	0.0024845	143.88	294.44	1.0528	1.9835	3.1586	1405.3	-0.046718	8.1044e-05	0.17547	liquid
175.00	606.00	401.55	0.0024903	146.69	297.60	1.0709	1.9811	3.1582	1400.5	-0.046590	8.0289e-05	0.17460	liquid
176.00	606.00	400.61	0.0024962	149.49	300.76	1.0889	1.9788	3.1577	1395.8	-0.046460	7.9548e-05	0.17373	liquid
177.00	606.00	399.68	0.0025020	152.29	303.92	1.1068	1.9764	3.1573	1391.1	-0.046329	7.8820e-05	0.17286	liquid
178.00	606.00	398.74	0.0025079	155.09	307.07	1.1246	1.9741	3.1569	1386.4	-0.046196	7.8106e-05	0.17200	liquid
179.00	606.00	397.80	0.0025138	157.89	310.23	1.1422	1.9719	3.1564	1381.7	-0.046062	7.7404e-05	0.17115	liquid
180.00	606.00	396.86	0.0025198	160.69	313.39	1.1598	1.9696	3.1560	1377.1	-0.045926	7.6714e-05	0.17030	liquid
181.00	606.00	395.93	0.0025257	163.48	316.54	1.1773	1.9674	3.1556	1372.5	-0.045788	7.6036e-05	0.16946	liquid
182.00	606.00	394.99	0.0025317	166.28	319.70	1.1947	1.9653	3.1552	1367.9	-0.045649	7.5370e-05	0.16862	liquid
183.00	606.00	394.06	0.0025377	169.07	322.85	1.2120	1.9631	3.1548	1363.3	-0.045509	7.4715e-05	0.16779	liquid
184.00	606.00	393.12	0.0025437	171.86	326.01	1.2292	1.9610	3.1544	1358.7	-0.045367	7.4072e-05	0.16696	liquid
185.00	606.00	392.19	0.0025498	174.64	329.16	1.2463	1.9589	3.1541	1354.2	-0.045223	7.3439e-05	0.16614	liquid
186.00	606.00	391.25	0.0025559	177.43	332.31	1.2633	1.9569	3.1537	1349.7	-0.045078	7.2817e-05	0.16533	liquid
187.00	606.00	390.32	0.0025620	180.21	335.47	1.2802	1.9549	3.1534	1345.2	-0.044931	7.2204e-05	0.16452	liquid
188.00	606.00	389.39	0.0025681	182.99	338.62	1.2970	1.9529	3.1530	1340.7	-0.044783	7.1602e-05	0.16372	liquid
189.00	606.00	388.46	0.0025743	185.77	341.77	1.3137	1.9509	3.1527	1336.3	-0.044634	7.1010e-05	0.16292	liquid
190.00	606.00	387.52	0.0025805	188.55	344.93	1.3304	1.9490	3.1524	1331.9	-0.044482	7.0427e-05	0.16213	liquid
191.00	606.00	386.59	0.0025867	191.33	348.08	1.3469	1.9471	3.1520	1327.5	-0.044330	6.9854e-05	0.16134	supercritical
192.00	606.00	385.66	0.0025929	194.10	351.23	1.3634	1.9452	3.1517	1323.1	-0.044176	6.9290e-05	0.16056	supercritical
193.00	606.00	384.73	0.0025992	196.87	354.38	1.3797	1.9434	3.1514	1318.7	-0.044020	6.8734e-05	0.15978	supercritical
194.00	606.00	383.80	0.0026055	199.64	357.53	1.3960	1.9416	3.1511	1314.4	-0.043863	6.8187e-05	0.15901	supercritical
195.00	606.00	382.88	0.0026118	202.41	360.69	1.4122	1.9398	3.1508	1310.1	-0.043705	6.7649e-05	0.15825	supercritical
196.00	606.00	381.95	0.0026182	205.18	363.84	1.4283	1.9381	3.1506	1305.8	-0.043545	6.7119e-05	0.15749	supercritical
197.00	606.00	381.02	0.0026245	207.94	366.99	1.4444	1.9364	3.1503	1301.5	-0.043383	6.6597e-05	0.15674	supercritical
198.00	606.00	380.09	0.0026309	210.70	370.14	1.4603	1.9347	3.1500	1297.2	-0.043221	6.6084e-05	0.15599	supercritical
199.00	606.00	379.17	0.0026374	213.46	373.29	1.4762	1.9331	3.1498	1293.0	-0.043056	6.5577e-05	0.15525	supercritical
200.00	606.00	378.24	0.0026438	216.22	376.44	1.4920	1.9315	3.1496	1288.8	-0.042891	6.5079e-05	0.15451	supercritical
201.00	606.00	377.32	0.0026503	218.98	379.59	1.5077	1.9299	3.1493	1284.6	-0.042724	6.4588e-05	0.15378	supercritical
202.00	606.00	376.39	0.0026568	221.73	382.73	1.5233	1.9283	3.1491	1280.5	-0.042555	6.4104e-05	0.15306	supercritical
203.00	606.00	375.47	0.0026633	224.49	385.88	1.5389	1.9268	3.1489	1276.3	-0.042385	6.3628e-05	0.15234	supercritical
204.00	606.00	374.55	0.0026699	227.24	389.03	1.5543	1.9253	3.1487	1272.2	-0.042214	6.3158e-05	0.15163	supercritical
205.00	606.00	373.63	0.0026765	229.99	392.18	1.5697	1.9239	3.1485	1268.1	-0.042042	6.2695e-05	0.15092	supercritical
206.00	606.00	372.71	0.0026831	232.73	395.33	1.5851	1.9225	3.1483	1264.0	-0.041868	6.2239e-05	0.15022	supercritical
207.00	606.00	371.79	0.0026897	235.48	398.48	1.6003	1.9211	3.1481	1260.0	-0.041692	6.1790e-05	0.14952	supercritical
208.00	606.00	370.87	0.0026964	238.22	401.63	1.6155	1.9197	3.1479	1255.9	-0.041516	6.1346e-05	0.14883	supercritical
209.00	606.00	369.95	0.0027031	240.97	404.77	1.6306	1.9184	3.1477	1251.9	-0.041338	6.0910e-05	0.14814	supercritical
210.00	606.00	369.03	0.0027098	243.71	407.92	1.6456	1.9171	3.1476	1248.0	-0.041159	6.0479e-05	0.14746	supercritical
211.00	606.00	368.11	0.0027165	246.45	411.07	1.6606	1.9159	3.1474	1244.0	-0.040978	6.0055e-05	0.14679	supercritical
212.00	606.00	367.20	0.0027233	249.18	414.22	1.6754	1.9146	3.1473	1240.1	-0.040797	5.9636e-05	0.14612	supercritical
213.00	606.00	366.28	0.0027301	251.92	417.36	1.6902	1.9134	3.1471	1236.1	-0.040614	5.9223e-05	0.14546	supercritical
214.00	606.00	365.37	0.0027370	254.65	420.51	1.7050	1.9123	3.1470	1232.3	-0.040430	5.8816e-05	0.14480	supercritical
215.00	606.00	364.46	0.0027438	257.38	423.66	1.7197	1.9111	3.1468	1228.4	-0.040244	5.8415e-05	0.14415	supercritical
216.00	606.00	363.54	0.0027507	260.11	426.80	1.7343	1.9100	3.1467	1224.5	-0.040058	5.8019e-05	0.14350	supercritical
217.00	606.00	362.63	0.0027576	262.84	429.95	1.7488	1.9090	3.1466	1220.7	-0.039870	5.7629e-05	0.14286	supercritical
218.00	606.00	361.72	0.0027645	265.57	433.10	1.7633	1.9079	3.1465	1216.9	-0.039681	5.7244e-05	0.14223	supercritical
219.00	606.00	360.81	0.0027715	268.29	436.24	1.7777	1.9069	3.1464	1213.1	-0.039491	5.6864e-05	0.14160	supercritical
220.00	606.00	359.90	0.0027785	271.01	439.39	1.7920	1.9059	3.1463	1209.4	-0.039300	5.6489e-05	0.14098	supercritical
221.00	606.00	359.00	0.0027855	273.73	442.54	1.8063	1.9050	3.1462	1205.6	-0.039108	5.6120e-05	0.14036	supercritical
222.00	606.00	358.09	0.0027926	276.45	445.68	1.8205	1.9041	3.1461	1201.9	-0.038915	5.5755e-05	0.13974	supercritical
223.00	606.00	357.19	0.0027997	279.17	448.83	1.8346	1.9032	3.1461	1198.2	-0.038721	5.5395e-05	0.13914	supercritical
224.00	606.00	356.28	0.0028068	281.88	451.97	1.8487	1.9024	3.1460	1194.6	-0.038525	5.5040e-05	0.13853	supercritical
225.00	606.00	355.38	0.0028139	284.60	455.12	1.8627	1.9015	3.1459	1190.9	-0.038329	5.4689e-05	0.13794	supercritical
226.00	606.00	354.48	0.0028211	287.31	458.27	1.8766	1.9008	3.1459	1187.3	-0.038132	5.4344e-05	0.13735	supercritical
227.00	606.00	353.58	0.0028283	290.02	461.41	1.8905	1.9000	3.1458	1183.7	-0.037933	5.4002e-05	0.13676	supercritical
228.00	606.00	352.68	0.0028355	292.73	464.56	1.9044	1.8993	3.1458	1180.1	-0.037734	5.3665e-05	0.13618	supercritical
229.00	606.00	351.78	0.0028427	295.43	467.70	1.9181	1.8986	3.1457	1176.6	-0.037534	5.3333e-05	0.13560	supercritical
230.00	606.00	350.88	0.0028500	298.14	470.85	1.9318	1.8979	3.1457	1173.1	-0.037333	5.3005e-05	0.13503	supercritical
231.00	606.00	349.98	0.0028573	300.84	473.99	1.9455	1.8973	3.1457	1169.5	-0.037131	5.2681e-05	0.13447	supercritical
232.00	606.00	349.09	0.0028646	303.55	477.14	1.9591	1.8967	3.1456	1166.1	-0.036928	5.2361e-05	0.13391	supercritical
233.00	606.00	348.19	0.0028720	306.24	480.29	1.9726	1.8962	3.1456	1162.6	-0.036725	5.2046e-05	0.13336	supercritical
234.00	606.00	347.30	0.0028793	308.94	483.43	1.9861	1.8956	3.1456	1159.2	-0.036520	5.1734e-05	0.13281	supercritical
235.00	606.00	346.41	0.0028868	311.64	486.58	1.9995	1.8951	3.1456	1155.8	-0.036315	5.1426e-05	0.13226	supercritical
236.00	606.00	345.52	0.0028942	314.33	489.72	2.0128	1.8946	3.1456	1152.4	-0.036109	5.1122e-05	0.13172	supercritical
237.00	606.00	344.63	0.0029017	317.03	492.87	2.0261	1.8942	3.1456	1149.0	-0.035902	5.0823e-05	0.13119	supercritical
238.00	606.00	343.74	0.0029091	319.72	496.01	2.0394	1.8938	3.1456	1145.6	-0.035695	5.0526e-05	0.13066	supercritical
239.00	606.00	342.86	0.0029167	322.41	499.16	2.0526	1.8934	3.1456	1142.3	-0.035487	5.0234e-05	0.13014	supercritical
240.00	606.00	341.97	0.0029242	325.10	502.31	2.0657	1.8931	3.1456	1139.0	-0.035278	4.9945e-05	0.12962	supercritical
241.00	606.00	341.09	0.0029318	327.78	505.45	2.0788	1.8928	3.1457	1135.7	-0.035069	4.9660e-05	0.12911	supercritical
242.00	606.00	340.21	0.0029394	330.47	508.60	2.0918	1.8925	3.1457	1132.5	-0.034859	4.9379e-05	0.12860	supercritical
243.00	606.00	339.33	0.0029470	333.15	511.74	2.1048	1.8922	3.1457	1129.3	-0.034648	4.9100e-05	0.12810	supercritical
244.00	606.00	338.45	0.0029547	335.83	514.89	2.1177	1.8920	3.1458	1126.0	-0.034437	4.8826e-05	0.12760	supercritical
245.00	606.00	337.57	0.0029624	338.52	518.03	2.1306	1.8918	3.1458	1122.9	-0.034226	4.8554e-05	0.12711	supercritical
246.00	606.00	336.69	0.0029701	341.19	521.18	2.1434	1.8916	3.1458	1119.7	-0.034014	4.8287e-05	0.12662	supercritical
247.00	606.00	335.82	0.0029778	343.87	524.33	2.1562	1.8915	3.1459	1116.5	-0.033801	4.8022e-05	0.12614	supercritical
248.00	606.00	334.94	0.0029856	346.55	527.47	2.1689	1.8914	3.1459	1113.4	-0.033588	4.7760e-05	0.12566	supercritical
249.00	606.00	334.07	0.0029934	349.22	530.62	2.1815	1.8913	3.1460	1110.3	-0.033375	4.7502e-05	0.12519	supercritical
250.00	606.00	333.20	0.0030012	351.89	533.76	2.1941	1.8913	3.1460	1107.3	-0.033161	4.7247e-05	0.12472	supercritical
251.00	606.00	332.33	0.0030090	354.56	536.91	2.2067	1.8913	3.1461	1104.2	-0.032947	4.6995e-05	0.12426	supercritical
252.00	606.00	331.47	0.0030169	357.23	540.06	2.2192	1.8913	3.1462	1101.2	-0.032733	4.6746e-05	0.12380	supercritical
253.00	606.00	330.60	0.0030248	359.90	543.20	2.2317	1.8914	3.1462	1098.2	-0.032518	4.6500e-05	0.12335	supercritical
254.00	606.00	329.74	0.0030327	362.57	546.35	2.2441	1.8914	3.1463	1095.2	-0.032303	4.6257e-05	0.12290	supercritical
255.00	606.00	328.87	0.0030407	365.23	549.49	2.2564	1.8915	3.1464	1092.2	-0.032088	4.6017e-05	0.12246	supercritical
256.00	606.00	328.01	0.0030486	367.89	552.64	2.2688	1.8917	3.1465	1089.3	-0.031872	4.5780e-05	0.12202	supercritical
257.00	606.00	327.16	0.0030567	370.55	555.79	2.2810	1.8918	3.1466	1086.4	-0.031657	4.5546e-05	0.12158	supercritical
258.00	606.00	326.30	0.0030647	373.21	558.93	2.2932	1.8920	3.1466	1083.5	-0.031441	4.5314e-05	0.12115	supercritical
259.00	606.00	325.44	0.0030727	375.87	562.08	2.3054	1.8923	3.1467	1080.6	-0.031225	4.5086e-05	0.12073	supercritical
260.00	606.00	324.59	0.0030808	378.53	565.23	2.3175	1.8925	3.1468	1077.8	-0.031009	4.4859e-05	0.12031	supercritical
261.00	606.00	323.74	0.0030889	381.18	568.37	2.3296	1.8928	3.1469	1074.9	-0.030793	4.4636e-05	0.11990	supercritical
262.00	606.00	322.89	0.0030971	383.84	571.52	2.3417	1.8931	3.1470	1072.1	-0.030577	4.4415e-05	0.11948	supercritical
263.00	606.00	322.04	0.0031052	386.49	574.67	2.3536	1.8935	3.1471	1069.3	-0.030361	4.4197e-05	0.11908	supercritical
264.00	606.00	321.19	0.0031134	389.14	577.82	2.3656	1.8938	3.1472	1066.6	-0.030145	4.3982e-05	0.11868	supercritical
265.00	606.00	320.35	0.0031216	391.79	580.96	2.3775	1.8942	3.1473	1063.8	-0.029930	4.3769e-05	0.11828	supercritical
266.00	606.00	319.50	0.0031299	394.44	584.11	2.3893	1.8946	3.1475	1061.1	-0.029714	4.3558e-05	0.11789	supercritical
267.00	606.00	318.66	0.0031381	397.09	587.26	2.4011	1.8951	3.1476	1058.4	-0.029498	4.3350e-05	0.11750	supercritical
268.00	606.00	317.82	0.0031464	399.73	590.41	2.4129	1.8956	3.1477	1055.7	-0.029282	4.3145e-05	0.11712	supercritical
269.00	606.00	316.98	0.0031547	402.38	593.55	2.4246	1.8961	3.1478	1053.1	-0.029067	4.2942e-05	0.11674	supercritical
270.00	606.00	316.15	0.0031631	405.02	596.70	2.4363	1.8966	3.1479	1050.5	-0.028852	4.2741e-05	0.11636	supercritical
271.00	606.00	315.31	0.0031714	407.66	599.85	2.4480	1.8972	3.1481	1047.9	-0.028637	4.2543e-05	0.11599	supercritical
272.00	606.00	314.48	0.0031798	410.30	603.00	2.4596	1.8978	3.1482	1045.3	-0.028422	4.2346e-05	0.11563	supercritical
273.00	606.00	313.65	0.0031882	412.94	606.15	2.4711	1.8984	3.1483	1042.7	-0.028208	4.2153e-05	0.11527	supercritical
274.00	606.00	312.83	0.0031967	415.58	609.29	2.4826	1.8991	3.1485	1040.2	-0.027993	4.1961e-05	0.11491	supercritical
275.00	606.00	312.00	0.0032051	418.21	612.44	2.4941	1.8997	3.1486	1037.6	-0.027780	4.1772e-05	0.11456	supercritical
276.00	606.00	311.18	0.0032136	420.85	615.59	2.5055	1.9004	3.1488	1035.1	-0.027566	4.1585e-05	0.11421	supercritical
277.00	606.00	310.35	0.0032221	423.48	618.74	2.5169	1.9012	3.1489	1032.6	-0.027353	4.1400e-05	0.11386	supercritical
278.00	606.00	309.53	0.0032307	426.11	621.89	2.5283	1.9019	3.1490	1030.2	-0.027141	4.1217e-05	0.11352	supercritical
279.00	606.00	308.72	0.0032392	428.74	625.04	2.5396	1.9027	3.1492	1027.7	-0.026928	4.1036e-05	0.11319	supercritical
280.00	606.00	307.90	0.0032478	431.37	628.19	2.5508	1.9035	3.1494	1025.3	-0.026717	4.0858e-05	0.11286	supercritical
281.00	606.00	307.09	0.0032564	434.00	631.34	2.5621	1.9044	3.1495	1022.9	-0.026506	4.0681e-05	0.11253	supercritical
282.00	606.00	306.27	0.0032650	436.62	634.49	2.5732	1.9052	3.1497	1020.6	-0.026295	4.0506e-05	0.11221	supercritical
283.00	606.00	305.46	0.0032737	439.25	637.64	2.5844	1.9061	3.1498	1018.2	-0.026085	4.0334e-05	0.11189	supercritical
284.00	606.00	304.66	0.0032824	441.87	640.79	2.5955	1.9070	3.1500	1015.9	-0.025875	4.0163e-05	0.11157	supercritical
285.00	606.00	303.85	0.0032911	444.50	643.94	2.6066	1.9080	3.1502	1013.6	-0.025667	3.9995e-05	0.11126	supercritical
286.00	606.00	303.05	0.0032998	447.12	647.09	2.6176	1.9089	3.1504	1011.3	-0.025458	3.9828e-05	0.11095	supercritical
287.00	606.00	302.25	0.0033085	449.74	650.24	2.6286	1.9099	3.1505	1009.0	-0.025251	3.9664e-05	0.11065	supercritical
288.00	606.00	301.45	0.0033173	452.36	653.39	2.6396	1.9109	3.1507	1006.7	-0.025044	3.9501e-05	0.11035	supercritical
289.00	606.00	300.65	0.0033261	454.98	656.54	2.6505	1.9120	3.1509	1004.5	-0.024838	3.9340e-05	0.11005	supercritical
290.00	606.00	299.86	0.0033349	457.59	659.69	2.6614	1.9130	3.1511	1002.3	-0.024632	3.9181e-05	0.10976	supercritical
291.00	606.00	299.07	0.0033437	460.21	662.84	2.6722	1.9141	3.1513	1000.1	-0.024428	3.9023e-05	0.10947	supercritical
292.00	606.00	298.28	0.0033526	462.82	665.99	2.6830	1.9153	3.1515	997.93	-0.024224	3.8868e-05	0.10919	supercritical
293.00	606.00	297.49	0.0033615	465.44	669.14	2.6938	1.9164	3.1517	995.78	-0.024021	3.8714e-05	0.10891	supercritical
294.00	606.00	296.70	0.0033704	468.05	672.30	2.7045	1.9176	3.1519	993.65	-0.023818	3.8562e-05	0.10863	supercritical
295.00	606.00	295.92	0.0033793	470.66	675.45	2.7152	1.9188	3.1521	991.54	-0.023617	3.8412e-05	0.10836	supercritical
296.00	606.00	295.14	0.0033882	473.27	678.60	2.7259	1.9200	3.1523	989.44	-0.023417	3.8263e-05	0.10809	supercritical
297.00	606.00	294.36	0.0033972	475.88	681.75	2.7365	1.9212	3.1525	987.37	-0.023217	3.8117e-05	0.10783	supercritical
298.00	606.00	293.58	0.0034062	478.49	684.90	2.7471	1.9225	3.1527	985.32	-0.023018	3.7971e-05	0.10757	supercritical
299.00	606.00	292.81	0.0034152	481.10	688.06	2.7577	1.9238	3.1530	983.28	-0.022820	3.7828e-05	0.10731	supercritical
300.00	606.00	292.04	0.0034242	483.70	691.21	2.7682	1.9251	3.1532	981.27	-0.022624	3.7686e-05	0.10705	supercritical
301.00	606.00	291.27	0.0034333	486.31	694.36	2.7787	1.9264	3.1534	979.27	-0.022428	3.7546e-05	0.10680	supercritical
302.00	606.00	290.50	0.0034423	488.91	697.52	2.7892	1.9278	3.1536	977.30	-0.022233	3.7407e-05	0.10656	supercritical
303.00	606.00	289.74	0.0034514	491.51	700.67	2.7996	1.9291	3.1539	975.34	-0.022039	3.7270e-05	0.10631	supercritical
304.00	606.00	288.97	0.0034605	494.12	703.82	2.8100	1.9305	3.1541	973.40	-0.021847	3.7135e-05	0.10607	supercritical
305.00	606.00	288.21	0.0034697	496.72	706.98	2.8204	1.9320	3.1544	971.48	-0.021655	3.7001e-05	0.10584	supercritical
306.00	606.00	287.46	0.0034788	499.32	710.13	2.8307	1.9334	3.1546	969.58	-0.021464	3.6868e-05	0.10560	supercritical
307.00	606.00	286.70	0.0034880	501.92	713.29	2.8410	1.9349	3.1549	967.70	-0.021275	3.6737e-05	0.10537	supercritical
308.00	606.00	285.95	0.0034972	504.52	716.44	2.8512	1.9364	3.1552	965.83	-0.021087	3.6608e-05	0.10515	supercritical
309.00	606.00	285.20	0.0035064	507.11	719.60	2.8615	1.9379	3.1554	963.99	-0.020899	3.6480e-05	0.10493	supercritical
310.00	606.00	284.45	0.0035156	509.71	722.75	2.8717	1.9394	3.1557	962.16	-0.020713	3.6353e-05	0.10471	supercritical
311.00	606.00	283.70	0.0035248	512.31	725.91	2.8818	1.9410	3.1560	960.35	-0.020529	3.6228e-05	0.10449	supercritical
312.00	606.00	282.96	0.0035341	514.90	729.07	2.8920	1.9426	3.1563	958.56	-0.020345	3.6104e-05	0.10428	supercritical
313.00	606.00	282.22	0.0035434	517.50	732.22	2.9021	1.9442	3.1565	956.79	-0.020162	3.5982e-05	0.10407	supercritical
314.00	606.00	281.48	0.0035527	520.09	735.38	2.9121	1.9458	3.1568	955.03	-0.019981	3.5861e-05	0.10386	supercritical
315.00	606.00	280.74	0.0035620	522.68	738.54	2.9222	1.9474	3.1571	953.29	-0.019801	3.5742e-05	0.10366	supercritical
316.00	606.00	280.01	0.0035713	525.27	741.69	2.9322	1.9491	3.1574	951.57	-0.019622	3.5624e-05	0.10346	supercritical
317.00	606.00	279.28	0.0035806	527.86	744.85	2.9422	1.9508	3.1578	949.87	-0.019445	3.5507e-05	0.10326	supercritical
318.00	606.00	278.55	0.0035900	530.45	748.01	2.9521	1.9525	3.1581	948.18	-0.019269	3.5391e-05	0.10307	supercritical
319.00	606.00	277.82	0.0035994	533.04	751.17	2.9620	1.9542	3.1584	946.52	-0.019094	3.5277e-05	0.10288	supercritical
320.00	606.00	277.10	0.0036088	535.63	754.33	2.9719	1.9560	3.1587	944.87	-0.018920	3.5164e-05	0.10269	supercritical
321.00	606.00	276.38	0.0036182	538.22	757.48	2.9818	1.9577	3.1591	943.23	-0.018748	3.5053e-05	0.10251	supercritical
322.00	606.00	275.66	0.0036277	540.81	760.64	2.9916	1.9595	3.1594	941.61	-0.018577	3.4942e-05	0.10233	supercritical
323.00	606.00	274.94	0.0036371	543.40	763.80	3.0014	1.9613	3.1597	940.01	-0.018407	3.4833e-05	0.10215	supercritical
324.00	606.00	274.23	0.0036466	545.98	766.96	3.0111	1.9631	3.1601	938.43	-0.018239	3.4726e-05	0.10197	supercritical
325.00	606.00	273.52	0.0036561	548.57	770.12	3.0209	1.9650	3.1605	936.86	-0.018072	3.4619e-05	0.10180	supercritical
326.00	606.00	272.81	0.0036656	551.15	773.28	3.0306	1.9669	3.1608	935.31	-0.017907	3.4514e-05	0.10163	supercritical
327.00	606.00	272.10	0.0036751	553.74	776.45	3.0403	1.9687	3.1612	933.78	-0.017743	3.4409e-05	0.10147	supercritical
328.00	606.00	271.40	0.0036846	556.32	779.61	3.0499	1.9707	3.1616	932.26	-0.017580	3.4306e-05	0.10130	supercritical
329.00	606.00	270.70	0.0036942	558.90	782.77	3.0596	1.9726	3.1620	930.76	-0.017419	3.4205e-05	0.10114	supercritical
330.00	606.00	270.00	0.0037037	561.49	785.93	3.0692	1.9745	3.1624	929.28	-0.017259	3.4104e-05	0.10099	supercritical
331.00	606.00	269.30	0.0037133	564.07	789.09	3.0787	1.9765	3.1628	927.81	-0.017101	3.4004e-05	0.10083	supercritical
332.00	606.00	268.61	0.0037229	566.65	792.26	3.0883	1.9785	3.1632	926.35	-0.016944	3.3906e-05	0.10068	supercritical
333.00	606.00	267.92	0.0037325	569.23	795.42	3.0978	1.9805	3.1636	924.92	-0.016788	3.3809e-05	0.10053	supercritical
334.00	606.00	267.23	0.0037421	571.81	798.58	3.1073	1.9825	3.1640	923.49	-0.016634	3.3713e-05	0.10038	supercritical
335.00	606.00	266.54	0.0037517	574.39	801.75	3.1167	1.9845	3.1644	922.09	-0.016481	3.3618e-05	0.10024	supercritical
336.00	606.00	265.86	0.0037614	576.97	804.91	3.1262	1.9866	3.1649	920.70	-0.016330	3.3524e-05	0.10010	supercritical
337.00	606.00	265.18	0.0037711	579.55	808.08	3.1356	1.9886	3.1653	919.32	-0.016181	3.3431e-05	0.099963	supercritical
338.00	606.00	264.50	0.0037807	582.13	811.24	3.1449	1.9907	3.1658	917.96	-0.016032	3.3339e-05	0.099828	supercritical
339.00	606.00	263.82	0.0037904	584.71	814.41	3.1543	1.9928	3.1662	916.61	-0.015886	3.3248e-05	0.099695	supercritical
340.00	606.00	263.15	0.0038001	587.29	817.58	3.1636	1.9949	3.1667	915.28	-0.015740	3.3159e-05	0.099565	supercritical
341.00	606.00	262.48	0.0038098	589.87	820.74	3.1729	1.9971	3.1672	913.97	-0.015597	3.3070e-05	0.099437	supercritical
342.00	606.00	261.81	0.0038196	592.44	823.91	3.1822	1.9992	3.1676	912.67	-0.015454	3.2982e-05	0.099313	supercritical
343.00	606.00	261.14	0.0038293	595.02	827.08	3.1914	2.0014	3.1681	911.38	-0.015314	3.2895e-05	0.099190	supercritical
344.00	606.00	260.48	0.0038391	597.60	830.25	3.2007	2.0036	3.1686	910.11	-0.015175	3.2810e-05	0.099071	supercritical
345.00	606.00	259.82	0.0038488	600.17	833.41	3.2099	2.0058	3.1691	908.85	-0.015037	3.2725e-05	0.098953	supercritical
346.00	606.00	259.16	0.0038586	602.75	836.58	3.2190	2.0080	3.1697	907.61	-0.014901	3.2641e-05	0.098839	supercritical
347.00	606.00	258.50	0.0038684	605.33	839.75	3.2282	2.0103	3.1702	906.38	-0.014766	3.2559e-05	0.098727	supercritical
348.00	606.00	257.85	0.0038782	607.90	842.92	3.2373	2.0125	3.1707	905.16	-0.014633	3.2477e-05	0.098617	supercritical
349.00	606.00	257.20	0.0038880	610.48	846.10	3.2464	2.0148	3.1713	903.96	-0.014501	3.2396e-05	0.098509	supercritical
350.00	606.00	256.55	0.0038979	613.06	849.27	3.2555	2.0171	3.1718	902.77	-0.014371	3.2316e-05	0.098405	supercritical
351.00	606.00	255.90	0.0039077	615.63	852.44	3.2645	2.0194	3.1724	901.60	-0.014243	3.2237e-05	0.098302	supercritical
352.00	606.00	255.26	0.0039176	618.21	855.61	3.2736	2.0217	3.1729	900.44	-0.014115	3.2159e-05	0.098202	supercritical
353.00	606.00	254.62	0.0039274	620.78	858.79	3.2826	2.0240	3.1735	899.29	-0.013990	3.2082e-05	0.098104	supercritical
354.00	606.00	253.98	0.0039373	623.36	861.96	3.2915	2.0264	3.1741	898.16	-0.013866	3.2005e-05	0.098009	supercritical
355.00	606.00	253.35	0.0039472	625.93	865.13	3.3005	2.0287	3.1747	897.04	-0.013743	3.1930e-05	0.097916	supercritical
356.00	606.00	252.71	0.0039571	628.51	868.31	3.3094	2.0311	3.1753	895.93	-0.013623	3.1856e-05	0.097825	supercritical
357.00	606.00	252.08	0.0039670	631.08	871.48	3.3183	2.0335	3.1759	894.84	-0.013503	3.1782e-05	0.097736	supercritical
358.00	606.00	251.45	0.0039769	633.66	874.66	3.3272	2.0359	3.1766	893.76	-0.013385	3.1709e-05	0.097650	supercritical
359.00	606.00	250.83	0.0039868	636.24	877.84	3.3361	2.0383	3.1772	892.69	-0.013269	3.1637e-05	0.097566	supercritical
360.00	606.00	250.20	0.0039968	638.81	881.01	3.3449	2.0408	3.1778	891.64	-0.013154	3.1566e-05	0.097484	supercritical
361.00	606.00	249.58	0.0040067	641.39	884.19	3.3537	2.0432	3.1785	890.59	-0.013041	3.1496e-05	0.097404	supercritical
362.00	606.00	248.96	0.0040167	643.96	887.37	3.3625	2.0457	3.1792	889.56	-0.012929	3.1426e-05	0.097327	supercritical
363.00	606.00	248.35	0.0040266	646.54	890.55	3.3713	2.0482	3.1798	888.55	-0.012818	3.1358e-05	0.097251	supercritical
364.00	606.00	247.73	0.0040366	649.11	893.73	3.3801	2.0507	3.1805	887.54	-0.012710	3.1290e-05	0.097178	supercritical
365.00	606.00	247.12	0.0040466	651.69	896.91	3.3888	2.0532	3.1812	886.55	-0.012602	3.1223e-05	0.097107	supercritical
366.00	606.00	246.51	0.0040566	654.27	900.09	3.3975	2.0557	3.1819	885.57	-0.012497	3.1156e-05	0.097038	supercritical
367.00	606.00	245.91	0.0040666	656.84	903.28	3.4062	2.0582	3.1826	884.60	-0.012392	3.1091e-05	0.096971	supercritical
368.00	606.00	245.30	0.0040766	659.42	906.46	3.4148	2.0608	3.1834	883.64	-0.012290	3.1026e-05	0.096906	supercritical
369.00	606.00	244.70	0.0040866	661.99	909.64	3.4235	2.0633	3.1841	882.70	-0.012188	3.0962e-05	0.096844	supercritical
370.00	606.00	244.10	0.0040966	664.57	912.83	3.4321	2.0659	3.1848	881.76	-0.012088	3.0899e-05	0.096783	supercritical
371.00	606.00	243.51	0.0041067	667.15	916.01	3.4407	2.0685	3.1856	880.84	-0.011990	3.0837e-05	0.096724	supercritical
372.00	606.00	242.91	0.0041167	669.73	919.20	3.4493	2.0711	3.1864	879.93	-0.011893	3.0775e-05	0.096667	supercritical
373.00	606.00	242.32	0.0041268	672.30	922.39	3.4578	2.0737	3.1871	879.03	-0.011798	3.0714e-05	0.096612	supercritical
374.00	606.00	241.73	0.0041368	674.88	925.57	3.4663	2.0763	3.1879	878.15	-0.011704	3.0654e-05	0.096560	supercritical
375.00	606.00	241.14	0.0041469	677.46	928.76	3.4749	2.0790	3.1887	877.27	-0.011612	3.0594e-05	0.096509	supercritical
376.00	606.00	240.56	0.0041570	680.04	931.95	3.4834	2.0816	3.1895	876.40	-0.011521	3.0535e-05	0.096460	supercritical
377.00	606.00	239.98	0.0041671	682.62	935.14	3.4918	2.0843	3.1903	875.55	-0.011431	3.0477e-05	0.096413	supercritical
378.00	606.00	239.40	0.0041771	685.20	938.33	3.5003	2.0869	3.1912	874.71	-0.011343	3.0419e-05	0.096368	supercritical
379.00	606.00	238.82	0.0041872	687.78	941.52	3.5087	2.0896	3.1920	873.88	-0.011256	3.0363e-05	0.096324	supercritical
380.00	606.00	238.25	0.0041973	690.36	944.71	3.5171	2.0923	3.1929	873.05	-0.011171	3.0307e-05	0.096283	supercritical
381.00	606.00	237.67	0.0042075	692.94	947.91	3.5255	2.0950	3.1937	872.24	-0.011087	3.0251e-05	0.096243	supercritical
382.00	606.00	237.10	0.0042176	695.52	951.10	3.5339	2.0977	3.1946	871.44	-0.011005	3.0196e-05	0.096206	supercritical
383.00	606.00	236.54	0.0042277	698.10	954.30	3.5422	2.1005	3.1955	870.65	-0.010924	3.0142e-05	0.096170	supercritical
384.00	606.00	235.97	0.0042378	700.68	957.49	3.5506	2.1032	3.1964	869.87	-0.010845	3.0089e-05	0.096135	supercritical
385.00	606.00	235.41	0.0042480	703.26	960.69	3.5589	2.1060	3.1973	869.10	-0.010767	3.0036e-05	0.096103	supercritical
386.00	606.00	234.85	0.0042581	705.85	963.89	3.5672	2.1087	3.1982	868.35	-0.010690	2.9984e-05	0.096072	supercritical
387.00	606.00	234.29	0.0042682	708.43	967.09	3.5755	2.1115	3.1991	867.60	-0.010614	2.9932e-05	0.096044	supercritical
388.00	606.00	233.73	0.0042784	711.01	970.29	3.5837	2.1143	3.2001	866.86	-0.010540	2.9881e-05	0.096016	supercritical
389.00	606.00	233.18	0.0042886	713.60	973.49	3.5920	2.1171	3.2010	866.13	-0.010468	2.9831e-05	0.095991	supercritical
390.00	606.00	232.63	0.0042987	716.18	976.69	3.6002	2.1199	3.2020	865.41	-0.010397	2.9781e-05	0.095967	supercritical
391.00	606.00	232.08	0.0043089	718.77	979.89	3.6084	2.1227	3.2029	864.70	-0.010327	2.9732e-05	0.095945	supercritical
392.00	606.00	231.53	0.0043191	721.36	983.09	3.6166	2.1255	3.2039	864.00	-0.010258	2.9684e-05	0.095925	supercritical
393.00	606.00	230.99	0.0043293	723.95	986.30	3.6247	2.1284	3.2049	863.31	-0.010191	2.9636e-05	0.095906	supercritical
394.00	606.00	230.44	0.0043394	726.53	989.50	3.6329	2.1312	3.2059	862.63	-0.010125	2.9589e-05	0.095889	supercritical
395.00	606.00	229.90	0.0043496	729.12	992.71	3.6410	2.1341	3.2069	861.96	-0.010060	2.9542e-05	0.095874	supercritical
396.00	606.00	229.37	0.0043598	731.71	995.92	3.6491	2.1369	3.2080	861.29	-0.0099970	2.9496e-05	0.095860	supercritical
397.00	606.00	228.83	0.0043700	734.30	999.13	3.6572	2.1398	3.2090	860.64	-0.0099350	2.9450e-05	0.095848	supercritical
398.00	606.00	228.30	0.0043802	736.89	1002.3	3.6653	2.1427	3.2101	860.00	-0.0098743	2.9405e-05	0.095837	supercritical
399.00	606.00	227.77	0.0043905	739.48	1005.5	3.6733	2.1456	3.2111	859.36	-0.0098149	2.9361e-05	0.095828	supercritical
400.00	606.00	227.24	0.0044007	742.08	1008.8	3.6814	2.1485	3.2122	858.74	-0.0097567	2.9317e-05	0.095821	supercritical
401.00	606.00	226.71	0.0044109	744.67	1012.0	3.6894	2.1514	3.2133	858.12	-0.0096998	2.9274e-05	0.095815	supercritical
402.00	606.00	226.19	0.0044211	747.26	1015.2	3.6974	2.1543	3.2144	857.51	-0.0096442	2.9231e-05	0.095811	supercritical
403.00	606.00	225.66	0.0044313	749.86	1018.4	3.7054	2.1573	3.2155	856.91	-0.0095898	2.9189e-05	0.095808	supercritical
404.00	606.00	225.15	0.0044416	752.46	1021.6	3.7134	2.1602	3.2166	856.32	-0.0095366	2.9147e-05	0.095806	supercritical
405.00	606.00	224.63	0.0044518	755.05	1024.8	3.7213	2.1632	3.2177	855.74	-0.0094846	2.9106e-05	0.095807	supercritical
406.00	606.00	224.11	0.0044621	757.65	1028.1	3.7292	2.1661	3.2189	855.16	-0.0094339	2.9065e-05	0.095808	supercritical
407.00	606.00	223.60	0.0044723	760.25	1031.3	3.7372	2.1691	3.2200	854.60	-0.0093843	2.9025e-05	0.095811	supercritical
408.00	606.00	223.09	0.0044826	762.85	1034.5	3.7451	2.1721	3.2212	854.04	-0.0093360	2.8985e-05	0.095816	supercritical
409.00	606.00	222.58	0.0044928	765.45	1037.7	3.7530	2.1750	3.2224	853.49	-0.0092888	2.8946e-05	0.095822	supercritical
410.00	606.00	222.07	0.0045031	768.05	1040.9	3.7608	2.1780	3.2236	852.95	-0.0092428	2.8907e-05	0.095829	supercritical
411.00	606.00	221.57	0.0045133	770.65	1044.2	3.7687	2.1810	3.2248	852.41	-0.0091980	2.8869e-05	0.095838	supercritical
412.00	606.00	221.06	0.0045236	773.26	1047.4	3.7765	2.1841	3.2260	851.89	-0.0091543	2.8831e-05	0.095849	supercritical
413.00	606.00	220.56	0.0045338	775.86	1050.6	3.7843	2.1871	3.2272	851.37	-0.0091118	2.8794e-05	0.095860	supercritical
414.00	606.00	220.07	0.0045441	778.47	1053.8	3.7921	2.1901	3.2284	850.86	-0.0090704	2.8757e-05	0.095873	supercritical
415.00	606.00	219.57	0.0045544	781.07	1057.1	3.7999	2.1931	3.2297	850.36	-0.0090301	2.8721e-05	0.095888	supercritical
416.00	606.00	219.07	0.0045647	783.68	1060.3	3.8077	2.1962	3.2309	849.87	-0.0089910	2.8685e-05	0.095904	supercritical
417.00	606.00	218.58	0.0045749	786.29	1063.5	3.8155	2.1992	3.2322	849.38	-0.0089529	2.8650e-05	0.095921	supercritical
418.00	606.00	218.09	0.0045852	788.90	1066.8	3.8232	2.2023	3.2335	848.90	-0.0089159	2.8615e-05	0.095939	supercritical
419.00	606.00	217.60	0.0045955	791.51	1070.0	3.8309	2.2053	3.2347	848.43	-0.0088800	2.8580e-05	0.095959	supercritical
420.00	606.00	217.12	0.0046058	794.12	1073.2	3.8387	2.2084	3.2360	847.96	-0.0088452	2.8546e-05	0.095981	supercritical
421.00	606.00	216.64	0.0046161	796.74	1076.5	3.8463	2.2115	3.2373	847.51	-0.0088114	2.8513e-05	0.096003	supercritical
422.00	606.00	216.15	0.0046263	799.35	1079.7	3.8540	2.2146	3.2387	847.06	-0.0087787	2.8480e-05	0.096027	supercritical
423.00	606.00	215.67	0.0046366	801.97	1082.9	3.8617	2.2177	3.2400	846.61	-0.0087471	2.8447e-05	0.096052	supercritical
424.00	606.00	215.20	0.0046469	804.58	1086.2	3.8694	2.2208	3.2413	846.18	-0.0087164	2.8415e-05	0.096078	supercritical
425.00	606.00	214.72	0.0046572	807.20	1089.4	3.8770	2.2239	3.2427	845.75	-0.0086868	2.8383e-05	0.096106	supercritical
426.00	606.00	214.25	0.0046675	809.82	1092.7	3.8846	2.2270	3.2441	845.33	-0.0086582	2.8352e-05	0.096135	supercritical
427.00	606.00	213.78	0.0046778	812.44	1095.9	3.8922	2.2301	3.2454	844.91	-0.0086306	2.8321e-05	0.096165	supercritical
428.00	606.00	213.31	0.0046881	815.06	1099.2	3.8998	2.2332	3.2468	844.51	-0.0086039	2.8290e-05	0.096196	supercritical
429.00	606.00	212.84	0.0046984	817.69	1102.4	3.9074	2.2364	3.2482	844.11	-0.0085783	2.8260e-05	0.096229	supercritical
430.00	606.00	212.37	0.0047087	820.31	1105.7	3.9150	2.2395	3.2496	843.71	-0.0085536	2.8230e-05	0.096263	supercritical
431.00	606.00	211.91	0.0047190	822.94	1108.9	3.9225	2.2426	3.2511	843.32	-0.0085299	2.8201e-05	0.096298	supercritical
432.00	606.00	211.45	0.0047293	825.57	1112.2	3.9300	2.2458	3.2525	842.94	-0.0085071	2.8172e-05	0.096334	supercritical
433.00	606.00	210.99	0.0047396	828.19	1115.4	3.9376	2.2489	3.2539	842.57	-0.0084852	2.8144e-05	0.096372	supercritical
434.00	606.00	210.53	0.0047499	830.82	1118.7	3.9451	2.2521	3.2554	842.20	-0.0084643	2.8116e-05	0.096410	supercritical
435.00	606.00	210.07	0.0047603	833.45	1121.9	3.9526	2.2553	3.2568	841.84	-0.0084443	2.8088e-05	0.096450	supercritical
436.00	606.00	209.62	0.0047706	836.09	1125.2	3.9600	2.2585	3.2583	841.48	-0.0084252	2.8060e-05	0.096491	supercritical
437.00	606.00	209.17	0.0047809	838.72	1128.4	3.9675	2.2616	3.2598	841.13	-0.0084070	2.8033e-05	0.096533	supercritical
438.00	606.00	208.72	0.0047912	841.36	1131.7	3.9750	2.2648	3.2613	840.79	-0.0083897	2.8007e-05	0.096576	supercritical
439.00	606.00	208.27	0.0048015	843.99	1135.0	3.9824	2.2680	3.2628	840.45	-0.0083733	2.7981e-05	0.096621	supercritical
440.00	606.00	207.82	0.0048118	846.63	1138.2	3.9898	2.2712	3.2643	840.12	-0.0083577	2.7955e-05	0.096666	supercritical
441.00	606.00	207.38	0.0048221	849.27	1141.5	3.9972	2.2744	3.2659	839.80	-0.0083430	2.7929e-05	0.096713	supercritical
442.00	606.00	206.93	0.0048325	851.91	1144.8	4.0046	2.2776	3.2674	839.48	-0.0083291	2.7904e-05	0.096761	supercritical
443.00	606.00	206.49	0.0048428	854.56	1148.0	4.0120	2.2808	3.2689	839.17	-0.0083161	2.7879e-05	0.096809	supercritical
444.00	606.00	206.05	0.0048531	857.20	1151.3	4.0194	2.2841	3.2705	838.86	-0.0083039	2.7855e-05	0.096859	supercritical
445.00	606.00	205.62	0.0048634	859.85	1154.6	4.0268	2.2873	3.2721	838.56	-0.0082925	2.7831e-05	0.096910	supercritical
446.00	606.00	205.18	0.0048737	862.49	1157.8	4.0341	2.2905	3.2737	838.26	-0.0082819	2.7807e-05	0.096962	supercritical
447.00	606.00	204.75	0.0048841	865.14	1161.1	4.0414	2.2938	3.2752	837.97	-0.0082721	2.7784e-05	0.097016	supercritical
448.00	606.00	204.32	0.0048944	867.79	1164.4	4.0488	2.2970	3.2768	837.69	-0.0082631	2.7761e-05	0.097070	supercritical
449.00	606.00	203.89	0.0049047	870.45	1167.7	4.0561	2.3002	3.2785	837.41	-0.0082549	2.7738e-05	0.097125	supercritical
450.00	606.00	203.46	0.0049150	873.10	1171.0	4.0634	2.3035	3.2801	837.14	-0.0082474	2.7715e-05	0.097181	supercritical
451.00	606.00	203.03	0.0049253	875.76	1174.2	4.0706	2.3067	3.2817	836.87	-0.0082407	2.7693e-05	0.097239	supercritical
452.00	606.00	202.61	0.0049357	878.41	1177.5	4.0779	2.3100	3.2833	836.61	-0.0082348	2.7672e-05	0.097297	supercritical
453.00	606.00	202.18	0.0049460	881.07	1180.8	4.0852	2.3133	3.2850	836.35	-0.0082296	2.7650e-05	0.097357	supercritical
454.00	606.00	201.76	0.0049563	883.73	1184.1	4.0924	2.3165	3.2867	836.10	-0.0082251	2.7629e-05	0.097417	supercritical
455.00	606.00	201.34	0.0049666	886.39	1187.4	4.0997	2.3198	3.2883	835.85	-0.0082213	2.7608e-05	0.097478	supercritical
456.00	606.00	200.93	0.0049769	889.06	1190.7	4.1069	2.3231	3.2900	835.61	-0.0082183	2.7588e-05	0.097541	supercritical
457.00	606.00	200.51	0.0049873	891.72	1194.0	4.1141	2.3264	3.2917	835.37	-0.0082159	2.7568e-05	0.097604	supercritical
458.00	606.00	200.10	0.0049976	894.39	1197.2	4.1213	2.3297	3.2934	835.14	-0.0082143	2.7548e-05	0.097668	supercritical
459.00	606.00	199.68	0.0050079	897.06	1200.5	4.1285	2.3330	3.2951	834.92	-0.0082133	2.7528e-05	0.097734	supercritical
460.00	606.00	199.27	0.0050182	899.73	1203.8	4.1356	2.3362	3.2968	834.69	-0.0082130	2.7509e-05	0.097800	supercritical
461.00	606.00	198.86	0.0050285	902.40	1207.1	4.1428	2.3395	3.2986	834.48	-0.0082134	2.7490e-05	0.097867	supercritical
462.00	606.00	198.46	0.0050389	905.08	1210.4	4.1499	2.3429	3.3003	834.27	-0.0082144	2.7472e-05	0.097935	supercritical
463.00	606.00	198.05	0.0050492	907.75	1213.7	4.1571	2.3462	3.3021	834.06	-0.0082161	2.7453e-05	0.098005	supercritical
464.00	606.00	197.65	0.0050595	910.43	1217.0	4.1642	2.3495	3.3038	833.86	-0.0082184	2.7435e-05	0.098075	supercritical
465.00	606.00	197.25	0.0050698	913.11	1220.3	4.1713	2.3528	3.3056	833.66	-0.0082213	2.7417e-05	0.098146	supercritical
466.00	606.00	196.84	0.0050801	915.79	1223.6	4.1784	2.3561	3.3074	833.47	-0.0082249	2.7400e-05	0.098218	supercritical
467.00	606.00	196.45	0.0050905	918.47	1227.0	4.1855	2.3594	3.3092	833.28	-0.0082290	2.7383e-05	0.098291	supercritical
468.00	606.00	196.05	0.0051008	921.16	1230.3	4.1926	2.3628	3.3110	833.10	-0.0082338	2.7366e-05	0.098364	supercritical
469.00	606.00	195.65	0.0051111	923.84	1233.6	4.1997	2.3661	3.3128	832.92	-0.0082392	2.7349e-05	0.098439	supercritical
470.00	606.00	195.26	0.0051214	926.53	1236.9	4.2067	2.3694	3.3146	832.74	-0.0082452	2.7333e-05	0.098515	supercritical
471.00	606.00	194.87	0.0051317	929.22	1240.2	4.2138	2.3728	3.3164	832.57	-0.0082517	2.7317e-05	0.098591	supercritical
472.00	606.00	194.48	0.0051420	931.92	1243.5	4.2208	2.3761	3.3182	832.41	-0.0082588	2.7301e-05	0.098668	supercritical
473.00	606.00	194.09	0.0051524	934.61	1246.8	4.2278	2.3794	3.3201	832.25	-0.0082665	2.7285e-05	0.098747	supercritical
474.00	606.00	193.70	0.0051627	937.31	1250.2	4.2348	2.3828	3.3219	832.09	-0.0082747	2.7270e-05	0.098826	supercritical
475.00	606.00	193.31	0.0051730	940.00	1253.5	4.2419	2.3861	3.3238	831.94	-0.0082835	2.7255e-05	0.098906	supercritical
476.00	606.00	192.93	0.0051833	942.70	1256.8	4.2488	2.3895	3.3257	831.79	-0.0082928	2.7240e-05	0.098986	supercritical
477.00	606.00	192.54	0.0051936	945.41	1260.1	4.2558	2.3928	3.3275	831.65	-0.0083027	2.7226e-05	0.099068	supercritical
478.00	606.00	192.16	0.0052039	948.11	1263.5	4.2628	2.3962	3.3294	831.51	-0.0083131	2.7211e-05	0.099151	supercritical
479.00	606.00	191.78	0.0052142	950.82	1266.8	4.2698	2.3996	3.3313	831.37	-0.0083239	2.7197e-05	0.099234	supercritical
480.00	606.00	191.41	0.0052245	953.52	1270.1	4.2767	2.4029	3.3332	831.24	-0.0083353	2.7184e-05	0.099318	supercritical
481.00	606.00	191.03	0.0052348	956.23	1273.5	4.2836	2.4063	3.3352	831.11	-0.0083472	2.7170e-05	0.099403	supercritical
482.00	606.00	190.65	0.0052451	958.94	1276.8	4.2906	2.4097	3.3371	830.99	-0.0083596	2.7157e-05	0.099489	supercritical
483.00	606.00	190.28	0.0052554	961.66	1280.1	4.2975	2.4130	3.3390	830.87	-0.0083725	2.7144e-05	0.099576	supercritical
484.00	606.00	189.91	0.0052657	964.37	1283.5	4.3044	2.4164	3.3409	830.76	-0.0083858	2.7131e-05	0.099663	supercritical
485.00	606.00	189.54	0.0052760	967.09	1286.8	4.3113	2.4198	3.3429	830.64	-0.0083997	2.7118e-05	0.099751	supercritical
486.00	606.00	189.17	0.0052863	969.81	1290.2	4.3182	2.4232	3.3448	830.54	-0.0084139	2.7106e-05	0.099841	supercritical
487.00	606.00	188.80	0.0052966	972.53	1293.5	4.3251	2.4266	3.3468	830.43	-0.0084287	2.7094e-05	0.099930	supercritical
488.00	606.00	188.43	0.0053069	975.26	1296.9	4.3319	2.4300	3.3488	830.33	-0.0084439	2.7082e-05	0.10002	supercritical
489.00	606.00	188.07	0.0053172	977.98	1300.2	4.3388	2.4333	3.3508	830.24	-0.0084595	2.7071e-05	0.10011	supercritical
490.00	606.00	187.70	0.0053275	980.71	1303.6	4.3456	2.4367	3.3528	830.14	-0.0084756	2.7059e-05	0.10020	supercritical
491.00	606.00	187.34	0.0053378	983.44	1306.9	4.3525	2.4401	3.3548	830.05	-0.0084920	2.7048e-05	0.10030	supercritical
492.00	606.00	186.98	0.0053481	986.17	1310.3	4.3593	2.4435	3.3568	829.97	-0.0085090	2.7037e-05	0.10039	supercritical
493.00	606.00	186.62	0.0053584	988.91	1313.6	4.3661	2.4469	3.3588	829.89	-0.0085263	2.7026e-05	0.10049	supercritical
494.00	606.00	186.27	0.0053687	991.64	1317.0	4.3729	2.4503	3.3608	829.81	-0.0085440	2.7016e-05	0.10058	supercritical
495.00	606.00	185.91	0.0053790	994.38	1320.3	4.3797	2.4537	3.3628	829.73	-0.0085621	2.7005e-05	0.10068	supercritical
496.00	606.00	185.55	0.0053892	997.12	1323.7	4.3865	2.4571	3.3649	829.66	-0.0085807	2.6995e-05	0.10077	supercritical
497.00	606.00	185.20	0.0053995	999.87	1327.1	4.3933	2.4606	3.3669	829.59	-0.0085996	2.6985e-05	0.10087	supercritical
498.00	606.00	184.85	0.0054098	1002.6	1330.4	4.4001	2.4640	3.3690	829.53	-0.0086189	2.6976e-05	0.10097	supercritical
499.00	606.00	184.50	0.0054201	1005.4	1333.8	4.4068	2.4674	3.3710	829.47	-0.0086385	2.6966e-05	0.10107	supercritical
500.00	606.00	184.15	0.0054304	1008.1	1337.2	4.4136	2.4708	3.3731	829.41	-0.0086586	2.6957e-05	0.10117	supercritical
501.00	606.00	183.80	0.0054406	1010.9	1340.6	4.4203	2.4742	3.3752	829.35	-0.0086790	2.6948e-05	0.10127	supercritical
502.00	606.00	183.46	0.0054509	1013.6	1343.9	4.4270	2.4776	3.3773	829.30	-0.0086997	2.6939e-05	0.10137	supercritical
503.00	606.00	183.11	0.0054612	1016.4	1347.3	4.4338	2.4810	3.3793	829.26	-0.0087208	2.6931e-05	0.10147	supercritical
504.00	606.00	182.77	0.0054715	1019.1	1350.7	4.4405	2.4845	3.3814	829.21	-0.0087422	2.6922e-05	0.10157	supercritical
505.00	606.00	182.42	0.0054817	1021.9	1354.1	4.4472	2.4879	3.3836	829.17	-0.0087640	2.6914e-05	0.10168	supercritical
506.00	606.00	182.08	0.0054920	1024.6	1357.5	4.4539	2.4913	3.3857	829.13	-0.0087861	2.6906e-05	0.10178	supercritical
507.00	606.00	181.74	0.0055023	1027.4	1360.8	4.4606	2.4947	3.3878	829.10	-0.0088086	2.6898e-05	0.10189	supercritical
508.00	606.00	181.41	0.0055125	1030.2	1364.2	4.4672	2.4982	3.3899	829.06	-0.0088313	2.6890e-05	0.10199	supercritical
509.00	606.00	181.07	0.0055228	1032.9	1367.6	4.4739	2.5016	3.3920	829.03	-0.0088544	2.6883e-05	0.10210	supercritical
510.00	606.00	180.73	0.0055330	1035.7	1371.0	4.4806	2.5050	3.3942	829.01	-0.0088778	2.6875e-05	0.10220	supercritical
511.00	606.00	180.40	0.0055433	1038.5	1374.4	4.4872	2.5085	3.3963	828.98	-0.0089015	2.6868e-05	0.10231	supercritical
512.00	606.00	180.07	0.0055535	1041.3	1377.8	4.4939	2.5119	3.3985	828.96	-0.0089254	2.6861e-05	0.10242	supercritical
513.00	606.00	179.73	0.0055638	1044.0	1381.2	4.5005	2.5153	3.4007	828.95	-0.0089497	2.6855e-05	0.10253	supercritical
514.00	606.00	179.40	0.0055741	1046.8	1384.6	4.5071	2.5188	3.4028	828.93	-0.0089743	2.6848e-05	0.10264	supercritical
515.00	606.00	179.07	0.0055843	1049.6	1388.0	4.5137	2.5222	3.4050	828.92	-0.0089991	2.6842e-05	0.10275	supercritical
516.00	606.00	178.75	0.0055945	1052.4	1391.4	4.5203	2.5256	3.4072	828.91	-0.0090242	2.6835e-05	0.10286	supercritical
517.00	606.00	178.42	0.0056048	1055.2	1394.8	4.5269	2.5291	3.4094	828.91	-0.0090496	2.6829e-05	0.10297	supercritical
518.00	606.00	178.09	0.0056150	1058.0	1398.2	4.5335	2.5325	3.4116	828.90	-0.0090752	2.6824e-05	0.10308	supercritical
519.00	606.00	177.77	0.0056253	1060.8	1401.7	4.5401	2.5360	3.4138	828.90	-0.0091012	2.6818e-05	0.10319	supercritical
520.00	606.00	177.45	0.0056355	1063.6	1405.1	4.5467	2.5394	3.4160	828.91	-0.0091273	2.6812e-05	0.10331	supercritical
521.00	606.00	177.12	0.0056458	1066.4	1408.5	4.5533	2.5429	3.4182	828.91	-0.0091537	2.6807e-05	0.10342	supercritical
522.00	606.00	176.80	0.0056560	1069.2	1411.9	4.5598	2.5463	3.4204	828.92	-0.0091804	2.6802e-05	0.10354	supercritical
523.00	606.00	176.48	0.0056662	1072.0	1415.3	4.5664	2.5498	3.4227	828.93	-0.0092073	2.6797e-05	0.10365	supercritical
524.00	606.00	176.17	0.0056765	1074.8	1418.8	4.5729	2.5532	3.4249	828.94	-0.0092344	2.6792e-05	0.10377	supercritical
525.00	606.00	175.85	0.0056867	1077.6	1422.2	4.5794	2.5566	3.4271	828.96	-0.0092618	2.6787e-05	0.10388	supercritical
526.00	606.00	175.53	0.0056969	1080.4	1425.6	4.5860	2.5601	3.4294	828.98	-0.0092894	2.6783e-05	0.10400	supercritical
527.00	606.00	175.22	0.0057071	1083.2	1429.0	4.5925	2.5636	3.4316	829.00	-0.0093172	2.6778e-05	0.10412	supercritical
528.00	606.00	174.91	0.0057174	1086.0	1432.5	4.5990	2.5670	3.4339	829.02	-0.0093452	2.6774e-05	0.10424	supercritical
529.00	606.00	174.59	0.0057276	1088.8	1435.9	4.6055	2.5705	3.4362	829.05	-0.0093735	2.6770e-05	0.10436	supercritical
530.00	606.00	174.28	0.0057378	1091.6	1439.3	4.6120	2.5739	3.4384	829.08	-0.0094019	2.6766e-05	0.10447	supercritical
531.00	606.00	173.97	0.0057480	1094.5	1442.8	4.6185	2.5774	3.4407	829.11	-0.0094306	2.6763e-05	0.10459	supercritical
532.00	606.00	173.66	0.0057582	1097.3	1446.2	4.6249	2.5808	3.4430	829.14	-0.0094594	2.6759e-05	0.10472	supercritical
533.00	606.00	173.36	0.0057684	1100.1	1449.7	4.6314	2.5843	3.4453	829.18	-0.0094885	2.6756e-05	0.10484	supercritical
534.00	606.00	173.05	0.0057786	1102.9	1453.1	4.6379	2.5877	3.4476	829.22	-0.0095177	2.6752e-05	0.10496	supercritical
535.00	606.00	172.75	0.0057888	1105.8	1456.6	4.6443	2.5912	3.4499	829.26	-0.0095471	2.6749e-05	0.10508	supercritical
536.00	606.00	172.44	0.0057990	1108.6	1460.0	4.6508	2.5946	3.4522	829.30	-0.0095768	2.6746e-05	0.10520	supercritical
537.00	606.00	172.14	0.0058092	1111.4	1463.5	4.6572	2.5981	3.4545	829.34	-0.0096065	2.6743e-05	0.10533	supercritical
538.00	606.00	171.84	0.0058194	1114.3	1466.9	4.6636	2.6016	3.4568	829.39	-0.0096365	2.6741e-05	0.10545	supercritical
539.00	606.00	171.54	0.0058296	1117.1	1470.4	4.6700	2.6050	3.4591	829.44	-0.0096666	2.6738e-05	0.10558	supercritical
540.00	606.00	171.24	0.0058398	1119.9	1473.8	4.6765	2.6085	3.4615	829.49	-0.0096969	2.6736e-05	0.10570	supercritical
541.00	606.00	170.94	0.0058500	1122.8	1477.3	4.6829	2.6119	3.4638	829.55	-0.0097274	2.6734e-05	0.10583	supercritical
542.00	606.00	170.64	0.0058602	1125.6	1480.8	4.6893	2.6154	3.4662	829.61	-0.0097580	2.6731e-05	0.10595	supercritical
543.00	606.00	170.35	0.0058704	1128.5	1484.2	4.6957	2.6189	3.4685	829.66	-0.0097888	2.6729e-05	0.10608	supercritical
544.00	606.00	170.05	0.0058806	1131.3	1487.7	4.7020	2.6223	3.4708	829.73	-0.0098197	2.6728e-05	0.10621	supercritical
545.00	606.00	169.76	0.0058908	1134.2	1491.2	4.7084	2.6258	3.4732	829.79	-0.0098508	2.6726e-05	0.10633	supercritical
546.00	606.00	169.46	0.0059009	1137.1	1494.7	4.7148	2.6293	3.4756	829.85	-0.0098820	2.6724e-05	0.10646	supercritical
547.00	606.00	169.17	0.0059111	1139.9	1498.1	4.7211	2.6327	3.4779	829.92	-0.0099133	2.6723e-05	0.10659	supercritical
548.00	606.00	168.88	0.0059213	1142.8	1501.6	4.7275	2.6362	3.4803	829.99	-0.0099448	2.6722e-05	0.10672	supercritical
549.00	606.00	168.59	0.0059315	1145.6	1505.1	4.7338	2.6396	3.4827	830.06	-0.0099765	2.6720e-05	0.10685	supercritical
550.00	606.00	168.30	0.0059416	1148.5	1508.6	4.7402	2.6431	3.4851	830.14	-0.010008	2.6719e-05	0.10698	supercritical
551.00	606.00	168.02	0.0059518	1151.4	1512.1	4.7465	2.6466	3.4875	830.21	-0.010040	2.6718e-05	0.10711	supercritical
552.00	606.00	167.73	0.0059620	1154.3	1515.6	4.7528	2.6500	3.4898	830.29	-0.010072	2.6718e-05	0.10724	supercritical
553.00	606.00	167.44	0.0059721	1157.1	1519.0	4.7592	2.6535	3.4922	830.37	-0.010104	2.6717e-05	0.10738	supercritical
554.00	606.00	167.16	0.0059823	1160.0	1522.5	4.7655	2.6570	3.4946	830.45	-0.010136	2.6717e-05	0.10751	supercritical
555.00	606.00	166.88	0.0059925	1162.9	1526.0	4.7718	2.6604	3.4971	830.53	-0.010169	2.6716e-05	0.10764	supercritical
556.00	606.00	166.59	0.0060026	1165.8	1529.5	4.7781	2.6639	3.4995	830.62	-0.010201	2.6716e-05	0.10778	supercritical
557.00	606.00	166.31	0.0060128	1168.7	1533.0	4.7844	2.6674	3.5019	830.71	-0.010234	2.6716e-05	0.10791	supercritical
558.00	606.00	166.03	0.0060229	1171.5	1536.5	4.7907	2.6708	3.5043	830.80	-0.010267	2.6716e-05	0.10804	supercritical
559.00	606.00	165.75	0.0060331	1174.4	1540.0	4.7969	2.6743	3.5067	830.89	-0.010299	2.6716e-05	0.10818	supercritical
560.00	606.00	165.48	0.0060432	1177.3	1543.5	4.8032	2.6777	3.5092	830.98	-0.010332	2.6716e-05	0.10832	supercritical
561.00	606.00	165.20	0.0060534	1180.2	1547.1	4.8095	2.6812	3.5116	831.08	-0.010365	2.6716e-05	0.10845	supercritical
562.00	606.00	164.92	0.0060635	1183.1	1550.6	4.8157	2.6847	3.5140	831.17	-0.010398	2.6717e-05	0.10859	supercritical
563.00	606.00	164.65	0.0060736	1186.0	1554.1	4.8220	2.6881	3.5165	831.27	-0.010431	2.6717e-05	0.10872	supercritical
564.00	606.00	164.37	0.0060838	1188.9	1557.6	4.8282	2.6916	3.5189	831.37	-0.010465	2.6718e-05	0.10886	supercritical
565.00	606.00	164.10	0.0060939	1191.8	1561.1	4.8344	2.6951	3.5214	831.47	-0.010498	2.6719e-05	0.10900	supercritical
566.00	606.00	163.83	0.0061040	1194.7	1564.6	4.8407	2.6985	3.5238	831.58	-0.010531	2.6720e-05	0.10914	supercritical
567.00	606.00	163.55	0.0061142	1197.7	1568.2	4.8469	2.7020	3.5263	831.68	-0.010565	2.6721e-05	0.10928	supercritical
568.00	606.00	163.28	0.0061243	1200.6	1571.7	4.8531	2.7054	3.5288	831.79	-0.010598	2.6722e-05	0.10942	supercritical
569.00	606.00	163.02	0.0061344	1203.5	1575.2	4.8593	2.7089	3.5312	831.90	-0.010632	2.6723e-05	0.10956	supercritical
570.00	606.00	162.75	0.0061445	1206.4	1578.8	4.8655	2.7124	3.5337	832.01	-0.010666	2.6724e-05	0.10970	supercritical
571.00	606.00	162.48	0.0061546	1209.3	1582.3	4.8717	2.7158	3.5362	832.12	-0.010699	2.6726e-05	0.10984	supercritical
572.00	606.00	162.21	0.0061648	1212.2	1585.8	4.8779	2.7193	3.5387	832.24	-0.010733	2.6727e-05	0.10998	supercritical
573.00	606.00	161.95	0.0061749	1215.2	1589.4	4.8841	2.7228	3.5411	832.35	-0.010767	2.6729e-05	0.11012	supercritical
574.00	606.00	161.68	0.0061850	1218.1	1592.9	4.8903	2.7262	3.5436	832.47	-0.010801	2.6731e-05	0.11026	supercritical
575.00	606.00	161.42	0.0061951	1221.0	1596.5	4.8964	2.7297	3.5461	832.59	-0.010835	2.6733e-05	0.11041	supercritical
576.00	606.00	161.16	0.0062052	1224.0	1600.0	4.9026	2.7331	3.5486	832.71	-0.010869	2.6735e-05	0.11055	supercritical
577.00	606.00	160.89	0.0062153	1226.9	1603.6	4.9088	2.7366	3.5511	832.83	-0.010903	2.6737e-05	0.11069	supercritical
578.00	606.00	160.63	0.0062254	1229.9	1607.1	4.9149	2.7401	3.5536	832.95	-0.010938	2.6739e-05	0.11084	supercritical
579.00	606.00	160.37	0.0062355	1232.8	1610.7	4.9211	2.7435	3.5561	833.08	-0.010972	2.6741e-05	0.11098	supercritical
580.00	606.00	160.11	0.0062456	1235.7	1614.2	4.9272	2.7470	3.5587	833.21	-0.011006	2.6744e-05	0.11113	supercritical
581.00	606.00	159.85	0.0062557	1238.7	1617.8	4.9333	2.7504	3.5612	833.33	-0.011040	2.6746e-05	0.11127	supercritical
582.00	606.00	159.60	0.0062658	1241.6	1621.3	4.9395	2.7539	3.5637	833.46	-0.011075	2.6749e-05	0.11142	supercritical
583.00	606.00	159.34	0.0062758	1244.6	1624.9	4.9456	2.7573	3.5662	833.60	-0.011109	2.6752e-05	0.11156	supercritical
584.00	606.00	159.09	0.0062859	1247.5	1628.5	4.9517	2.7608	3.5687	833.73	-0.011143	2.6754e-05	0.11171	supercritical
585.00	606.00	158.83	0.0062960	1250.5	1632.0	4.9578	2.7642	3.5713	833.86	-0.011178	2.6757e-05	0.11186	supercritical
586.00	606.00	158.58	0.0063061	1253.5	1635.6	4.9639	2.7677	3.5738	834.00	-0.011212	2.6760e-05	0.11200	supercritical
587.00	606.00	158.32	0.0063162	1256.4	1639.2	4.9700	2.7712	3.5764	834.14	-0.011247	2.6763e-05	0.11215	supercritical
588.00	606.00	158.07	0.0063262	1259.4	1642.8	4.9761	2.7746	3.5789	834.27	-0.011282	2.6766e-05	0.11230	supercritical
589.00	606.00	157.82	0.0063363	1262.4	1646.4	4.9822	2.7781	3.5814	834.41	-0.011316	2.6770e-05	0.11245	supercritical
590.00	606.00	157.57	0.0063464	1265.3	1649.9	4.9882	2.7815	3.5840	834.56	-0.011351	2.6773e-05	0.11260	supercritical
591.00	606.00	157.32	0.0063564	1268.3	1653.5	4.9943	2.7850	3.5865	834.70	-0.011385	2.6777e-05	0.11275	supercritical
592.00	606.00	157.07	0.0063665	1271.3	1657.1	5.0004	2.7884	3.5891	834.84	-0.011420	2.6780e-05	0.11290	supercritical
593.00	606.00	156.82	0.0063766	1274.3	1660.7	5.0064	2.7919	3.5917	834.99	-0.011455	2.6784e-05	0.11305	supercritical
594.00	606.00	156.58	0.0063866	1277.3	1664.3	5.0125	2.7953	3.5942	835.13	-0.011489	2.6787e-05	0.11320	supercritical
595.00	606.00	156.33	0.0063967	1280.2	1667.9	5.0185	2.7988	3.5968	835.28	-0.011524	2.6791e-05	0.11335	supercritical
596.00	606.00	156.09	0.0064067	1283.2	1671.5	5.0246	2.8022	3.5993	835.43	-0.011559	2.6795e-05	0.11350	supercritical
597.00	606.00	155.84	0.0064168	1286.2	1675.1	5.0306	2.8057	3.6019	835.58	-0.011594	2.6799e-05	0.11365	supercritical
598.00	606.00	155.60	0.0064268	1289.2	1678.7	5.0367	2.8091	3.6045	835.73	-0.011628	2.6803e-05	0.11381	supercritical
599.00	606.00	155.35	0.0064369	1292.2	1682.3	5.0427	2.8125	3.6071	835.89	-0.011663	2.6807e-05	0.11396	supercritical
600.00	606.00	155.11	0.0064469	1295.2	1685.9	5.0487	2.8160	3.6096	836.04	-0.011698	2.6812e-05	0.11411	supercritical
601.00	606.00	154.87	0.0064570	1298.2	1689.5	5.0547	2.8194	3.6122	836.20	-0.011733	2.6816e-05	0.11427	supercritical
602.00	606.00	154.63	0.0064670	1301.2	1693.1	5.0607	2.8229	3.6148	836.36	-0.011767	2.6820e-05	0.11442	supercritical
603.00	606.00	154.39	0.0064770	1304.2	1696.7	5.0667	2.8263	3.6174	836.51	-0.011802	2.6825e-05	0.11457	supercritical
604.00	606.00	154.15	0.0064871	1307.2	1700.4	5.0727	2.8298	3.6200	836.67	-0.011837	2.6829e-05	0.11473	supercritical
605.00	606.00	153.91	0.0064971	1310.3	1704.0	5.0787	2.8332	3.6226	836.83	-0.011872	2.6834e-05	0.11488	supercritical
606.00	606.00	153.68	0.0065071	1313.3	1707.6	5.0847	2.8366	3.6252	837.00	-0.011906	2.6839e-05	0.11504	supercritical
607.00	606.00	153.44	0.0065171	1316.3	1711.2	5.0907	2.8401	3.6278	837.16	-0.011941	2.6844e-05	0.11520	supercritical
608.00	606.00	153.21	0.0065272	1319.3	1714.9	5.0966	2.8435	3.6304	837.32	-0.011976	2.6848e-05	0.11535	supercritical
609.00	606.00	152.97	0.0065372	1322.3	1718.5	5.1026	2.8469	3.6330	837.49	-0.012011	2.6853e-05	0.11551	supercritical
610.00	606.00	152.74	0.0065472	1325.4	1722.1	5.1086	2.8504	3.6356	837.66	-0.012046	2.6858e-05	0.11566	supercritical
611.00	606.00	152.50	0.0065572	1328.4	1725.8	5.1145	2.8538	3.6382	837.83	-0.012080	2.6864e-05	0.11582	supercritical
612.00	606.00	152.27	0.0065672	1331.4	1729.4	5.1205	2.8572	3.6408	837.99	-0.012115	2.6869e-05	0.11598	supercritical
613.00	606.00	152.04	0.0065772	1334.5	1733.0	5.1264	2.8607	3.6434	838.16	-0.012150	2.6874e-05	0.11614	supercritical
614.00	606.00	151.81	0.0065872	1337.5	1736.7	5.1324	2.8641	3.6461	838.34	-0.012184	2.6879e-05	0.11630	supercritical
615.00	606.00	151.58	0.0065972	1340.5	1740.3	5.1383	2.8675	3.6487	838.51	-0.012219	2.6885e-05	0.11645	supercritical
616.00	606.00	151.35	0.0066072	1343.6	1744.0	5.1442	2.8709	3.6513	838.68	-0.012254	2.6890e-05	0.11661	supercritical
617.00	606.00	151.12	0.0066172	1346.6	1747.6	5.1502	2.8744	3.6539	838.86	-0.012289	2.6896e-05	0.11677	supercritical
618.00	606.00	150.89	0.0066272	1349.7	1751.3	5.1561	2.8778	3.6565	839.03	-0.012323	2.6902e-05	0.11693	supercritical
619.00	606.00	150.67	0.0066372	1352.7	1755.0	5.1620	2.8812	3.6592	839.21	-0.012358	2.6907e-05	0.11709	supercritical
620.00	606.00	150.44	0.0066472	1355.8	1758.6	5.1679	2.8846	3.6618	839.39	-0.012392	2.6913e-05	0.11725	supercritical
621.00	606.00	150.21	0.0066572	1358.9	1762.3	5.1738	2.8881	3.6644	839.57	-0.012427	2.6919e-05	0.11741	supercritical
622.00	606.00	149.99	0.0066672	1361.9	1765.9	5.1797	2.8915	3.6671	839.75	-0.012462	2.6925e-05	0.11758	supercritical
623.00	606.00	149.76	0.0066772	1365.0	1769.6	5.1856	2.8949	3.6697	839.93	-0.012496	2.6931e-05	0.11774	supercritical
624.00	606.00	149.54	0.0066872	1368.0	1773.3	5.1915	2.8983	3.6724	840.11	-0.012531	2.6937e-05	0.11790	supercritical
625.00	606.00	149.32	0.0066971	1371.1	1777.0	5.1974	2.9017	3.6750	840.29	-0.012565	2.6943e-05	0.11806	supercritical
