Temperature (K)	Pressure (bar)	Density (kg/m3)	Volume (m3/kg)	Internal Energy (kJ/kg)	Enthalpy (kJ/kg)	Entropy (J/g*K)	Cv (J/g*K)	Cp (J/g*K)	Sound Spd. (m/s)	Joule-Thomson (K/bar)	Viscosity (Pa*s)	Therm. Cond. (W/m*K)	Phase
103.00	484.00	464.45	0.0021531	-55.827	48.384	-0.55916	2.2020	3.2189	1728.5	-0.051747	0.00023652	0.23737	liquid
104.00	484.00	463.43	0.0021578	-52.837	51.602	-0.52806	2.1975	3.2189	1722.3	-0.051684	0.00022943	0.23635	liquid
105.00	484.00	462.41	0.0021626	-49.849	54.821	-0.49726	2.1932	3.2189	1716.1	-0.051620	0.00022276	0.23533	liquid
106.00	484.00	461.39	0.0021674	-46.861	58.040	-0.46674	2.1889	3.2189	1709.9	-0.051555	0.00021645	0.23429	liquid
107.00	484.00	460.37	0.0021722	-43.875	61.259	-0.43652	2.1846	3.2189	1703.7	-0.051487	0.00021049	0.23325	liquid
108.00	484.00	459.35	0.0021770	-40.889	64.478	-0.40658	2.1803	3.2189	1697.5	-0.051418	0.00020485	0.23220	liquid
109.00	484.00	458.33	0.0021819	-37.905	67.697	-0.37691	2.1761	3.2190	1691.3	-0.051348	0.00019950	0.23114	liquid
110.00	484.00	457.31	0.0021867	-34.921	70.916	-0.34751	2.1720	3.2190	1685.1	-0.051275	0.00019443	0.23008	liquid
111.00	484.00	456.29	0.0021916	-31.939	74.135	-0.31838	2.1678	3.2191	1678.9	-0.051202	0.00018961	0.22902	liquid
112.00	484.00	455.27	0.0021965	-28.957	77.354	-0.28951	2.1637	3.2191	1672.7	-0.051127	0.00018503	0.22795	liquid
113.00	484.00	454.25	0.0022014	-25.976	80.573	-0.26089	2.1596	3.2191	1666.5	-0.051050	0.00018066	0.22687	liquid
114.00	484.00	453.23	0.0022064	-22.997	83.792	-0.23253	2.1556	3.2192	1660.3	-0.050972	0.00017651	0.22579	liquid
115.00	484.00	452.21	0.0022114	-20.018	87.011	-0.20442	2.1516	3.2192	1654.1	-0.050893	0.00017254	0.22471	liquid
116.00	484.00	451.19	0.0022164	-17.041	90.231	-0.17654	2.1476	3.2192	1647.9	-0.050812	0.00016875	0.22363	liquid
117.00	484.00	450.17	0.0022214	-14.064	93.450	-0.14891	2.1436	3.2193	1641.7	-0.050730	0.00016513	0.22254	liquid
118.00	484.00	449.15	0.0022264	-11.089	96.669	-0.12151	2.1396	3.2193	1635.6	-0.050646	0.00016166	0.22145	liquid
119.00	484.00	448.14	0.0022315	-8.1146	99.888	-0.094345	2.1357	3.2193	1629.4	-0.050560	0.00015834	0.22036	liquid
120.00	484.00	447.12	0.0022366	-5.1415	103.11	-0.067405	2.1318	3.2193	1623.3	-0.050474	0.00015515	0.21926	liquid
121.00	484.00	446.10	0.0022417	-2.1694	106.33	-0.040689	2.1279	3.2193	1617.1	-0.050385	0.00015210	0.21817	liquid
122.00	484.00	445.08	0.0022468	0.80142	109.55	-0.014192	2.1240	3.2193	1611.0	-0.050296	0.00014917	0.21707	liquid
123.00	484.00	444.06	0.0022520	3.7711	112.77	0.012088	2.1202	3.2193	1604.9	-0.050204	0.00014635	0.21598	liquid
124.00	484.00	443.04	0.0022571	6.7396	115.98	0.038155	2.1164	3.2193	1598.8	-0.050112	0.00014363	0.21488	liquid
125.00	484.00	442.02	0.0022623	9.7069	119.20	0.064012	2.1126	3.2192	1592.7	-0.050017	0.00014102	0.21379	liquid
126.00	484.00	441.00	0.0022676	12.673	122.42	0.089663	2.1088	3.2192	1586.6	-0.049921	0.00013850	0.21269	liquid
127.00	484.00	439.98	0.0022728	15.638	125.64	0.11511	2.1050	3.2192	1580.5	-0.049823	0.00013608	0.21160	liquid
128.00	484.00	438.96	0.0022781	18.602	128.86	0.14036	2.1013	3.2191	1574.5	-0.049724	0.00013374	0.21050	liquid
129.00	484.00	437.94	0.0022834	21.564	132.08	0.16541	2.0976	3.2191	1568.4	-0.049623	0.00013148	0.20941	liquid
130.00	484.00	436.92	0.0022887	24.525	135.30	0.19027	2.0939	3.2191	1562.4	-0.049520	0.00012929	0.20832	liquid
131.00	484.00	435.90	0.0022941	27.485	138.52	0.21494	2.0903	3.2190	1556.4	-0.049416	0.00012718	0.20723	liquid
132.00	484.00	434.88	0.0022995	30.443	141.74	0.23942	2.0867	3.2190	1550.3	-0.049310	0.00012514	0.20614	liquid
133.00	484.00	433.86	0.0023049	33.400	144.96	0.26371	2.0831	3.2189	1544.4	-0.049202	0.00012316	0.20506	liquid
134.00	484.00	432.84	0.0023103	36.356	148.18	0.28782	2.0795	3.2189	1538.4	-0.049092	0.00012124	0.20397	liquid
135.00	484.00	431.82	0.0023158	39.311	151.39	0.31175	2.0759	3.2189	1532.4	-0.048981	0.00011938	0.20289	liquid
136.00	484.00	430.80	0.0023213	42.264	154.61	0.33551	2.0724	3.2188	1526.5	-0.048867	0.00011758	0.20181	liquid
137.00	484.00	429.78	0.0023268	45.216	157.83	0.35909	2.0689	3.2188	1520.5	-0.048752	0.00011584	0.20074	liquid
138.00	484.00	428.76	0.0023323	48.166	161.05	0.38250	2.0654	3.2187	1514.6	-0.048635	0.00011414	0.19967	liquid
139.00	484.00	427.73	0.0023379	51.115	164.27	0.40574	2.0620	3.2187	1508.7	-0.048516	0.00011249	0.19860	liquid
140.00	484.00	426.71	0.0023435	54.063	167.49	0.42881	2.0586	3.2187	1502.8	-0.048395	0.00011089	0.19753	liquid
141.00	484.00	425.69	0.0023491	57.009	170.71	0.45172	2.0552	3.2186	1497.0	-0.048272	0.00010933	0.19646	liquid
142.00	484.00	424.67	0.0023548	59.954	173.93	0.47447	2.0518	3.2186	1491.1	-0.048147	0.00010782	0.19540	liquid
143.00	484.00	423.65	0.0023605	62.898	177.14	0.49705	2.0484	3.2186	1485.3	-0.048020	0.00010634	0.19435	liquid
144.00	484.00	422.62	0.0023662	65.840	180.36	0.51948	2.0451	3.2186	1479.5	-0.047891	0.00010491	0.19330	liquid
145.00	484.00	421.60	0.0023719	68.780	183.58	0.54176	2.0418	3.2186	1473.7	-0.047760	0.00010351	0.19225	liquid
146.00	484.00	420.58	0.0023777	71.720	186.80	0.56388	2.0386	3.2186	1467.9	-0.047627	0.00010215	0.19120	liquid
147.00	484.00	419.55	0.0023835	74.658	190.02	0.58585	2.0354	3.2186	1462.1	-0.047492	0.00010082	0.19016	liquid
148.00	484.00	418.53	0.0023893	77.594	193.24	0.60767	2.0322	3.2186	1456.4	-0.047355	9.9526e-05	0.18912	liquid
149.00	484.00	417.50	0.0023952	80.529	196.46	0.62934	2.0290	3.2186	1450.7	-0.047215	9.8264e-05	0.18809	liquid
150.00	484.00	416.48	0.0024011	83.462	199.67	0.65087	2.0258	3.2186	1445.0	-0.047074	9.7031e-05	0.18706	liquid
151.00	484.00	415.46	0.0024070	86.394	202.89	0.67226	2.0227	3.2187	1439.3	-0.046930	9.5829e-05	0.18604	liquid
152.00	484.00	414.43	0.0024130	89.325	206.11	0.69351	2.0196	3.2187	1433.6	-0.046784	9.4654e-05	0.18502	liquid
153.00	484.00	413.41	0.0024189	92.254	209.33	0.71461	2.0166	3.2187	1428.0	-0.046635	9.3507e-05	0.18401	liquid
154.00	484.00	412.38	0.0024249	95.182	212.55	0.73558	2.0135	3.2188	1422.3	-0.046485	9.2386e-05	0.18300	liquid
155.00	484.00	411.35	0.0024310	98.108	215.77	0.75642	2.0106	3.2189	1416.7	-0.046332	9.1291e-05	0.18199	liquid
156.00	484.00	410.33	0.0024371	101.03	218.99	0.77712	2.0076	3.2189	1411.1	-0.046177	9.0219e-05	0.18099	liquid
157.00	484.00	409.30	0.0024432	103.96	222.21	0.79768	2.0046	3.2190	1405.5	-0.046020	8.9172e-05	0.18000	liquid
158.00	484.00	408.28	0.0024493	106.88	225.43	0.81812	2.0017	3.2191	1400.0	-0.045860	8.8147e-05	0.17901	liquid
159.00	484.00	407.25	0.0024555	109.80	228.64	0.83843	1.9989	3.2192	1394.5	-0.045698	8.7145e-05	0.17802	liquid
160.00	484.00	406.22	0.0024617	112.72	231.86	0.85862	1.9960	3.2193	1388.9	-0.045534	8.6163e-05	0.17704	liquid
161.00	484.00	405.19	0.0024679	115.63	235.08	0.87868	1.9932	3.2194	1383.4	-0.045367	8.5203e-05	0.17607	liquid
162.00	484.00	404.17	0.0024742	118.55	238.30	0.89861	1.9904	3.2196	1378.0	-0.045198	8.4262e-05	0.17510	liquid
163.00	484.00	403.14	0.0024805	121.46	241.52	0.91842	1.9876	3.2197	1372.5	-0.045027	8.3340e-05	0.17413	liquid
164.00	484.00	402.11	0.0024869	124.38	244.74	0.93812	1.9849	3.2199	1367.1	-0.044853	8.2438e-05	0.17317	liquid
165.00	484.00	401.08	0.0024932	127.29	247.96	0.95769	1.9822	3.2200	1361.7	-0.044677	8.1553e-05	0.17222	liquid
166.00	484.00	400.06	0.0024997	130.20	251.18	0.97715	1.9796	3.2202	1356.3	-0.044498	8.0687e-05	0.17127	liquid
167.00	484.00	399.03	0.0025061	133.11	254.40	0.99649	1.9769	3.2204	1350.9	-0.044317	7.9837e-05	0.17033	liquid
168.00	484.00	398.00	0.0025126	136.01	257.62	1.0157	1.9743	3.2205	1345.6	-0.044133	7.9004e-05	0.16939	liquid
169.00	484.00	396.97	0.0025191	138.92	260.84	1.0348	1.9717	3.2207	1340.2	-0.043948	7.8186e-05	0.16846	liquid
170.00	484.00	395.94	0.0025256	141.82	264.06	1.0538	1.9692	3.2209	1334.9	-0.043759	7.7385e-05	0.16754	liquid
171.00	484.00	394.91	0.0025322	144.73	267.29	1.0727	1.9667	3.2212	1329.7	-0.043568	7.6599e-05	0.16662	liquid
172.00	484.00	393.88	0.0025388	147.63	270.51	1.0915	1.9642	3.2214	1324.4	-0.043375	7.5827e-05	0.16570	liquid
173.00	484.00	392.85	0.0025455	150.53	273.73	1.1102	1.9618	3.2216	1319.2	-0.043179	7.5070e-05	0.16480	liquid
174.00	484.00	391.82	0.0025522	153.42	276.95	1.1287	1.9594	3.2219	1313.9	-0.042980	7.4327e-05	0.16389	liquid
175.00	484.00	390.79	0.0025589	156.32	280.17	1.1472	1.9570	3.2221	1308.7	-0.042780	7.3597e-05	0.16300	liquid
176.00	484.00	389.76	0.0025657	159.22	283.39	1.1656	1.9546	3.2224	1303.6	-0.042576	7.2881e-05	0.16211	liquid
177.00	484.00	388.73	0.0025725	162.11	286.62	1.1838	1.9523	3.2227	1298.4	-0.042370	7.2177e-05	0.16122	liquid
178.00	484.00	387.70	0.0025793	165.00	289.84	1.2020	1.9500	3.2229	1293.3	-0.042162	7.1486e-05	0.16034	liquid
179.00	484.00	386.67	0.0025862	167.89	293.06	1.2200	1.9478	3.2232	1288.2	-0.041951	7.0807e-05	0.15947	liquid
180.00	484.00	385.64	0.0025931	170.78	296.29	1.2380	1.9455	3.2235	1283.1	-0.041737	7.0141e-05	0.15860	liquid
181.00	484.00	384.61	0.0026001	173.67	299.51	1.2559	1.9433	3.2239	1278.1	-0.041521	6.9485e-05	0.15774	liquid
182.00	484.00	383.58	0.0026070	176.55	302.73	1.2736	1.9412	3.2242	1273.0	-0.041303	6.8841e-05	0.15689	liquid
183.00	484.00	382.55	0.0026141	179.44	305.96	1.2913	1.9390	3.2245	1268.0	-0.041082	6.8208e-05	0.15604	liquid
184.00	484.00	381.51	0.0026211	182.32	309.18	1.3089	1.9369	3.2248	1263.0	-0.040858	6.7586e-05	0.15519	liquid
185.00	484.00	380.48	0.0026282	185.20	312.41	1.3263	1.9349	3.2252	1258.1	-0.040632	6.6974e-05	0.15436	liquid
186.00	484.00	379.45	0.0026354	188.08	315.63	1.3437	1.9328	3.2255	1253.1	-0.040403	6.6373e-05	0.15353	liquid
187.00	484.00	378.42	0.0026426	190.96	318.86	1.3610	1.9308	3.2259	1248.2	-0.040172	6.5781e-05	0.15270	liquid
188.00	484.00	377.39	0.0026498	193.83	322.08	1.3782	1.9289	3.2263	1243.3	-0.039938	6.5199e-05	0.15188	liquid
189.00	484.00	376.36	0.0026570	196.71	325.31	1.3954	1.9269	3.2266	1238.4	-0.039702	6.4627e-05	0.15107	liquid
190.00	484.00	375.33	0.0026643	199.58	328.54	1.4124	1.9250	3.2270	1233.6	-0.039464	6.4064e-05	0.15027	liquid
191.00	484.00	374.30	0.0026717	202.46	331.76	1.4293	1.9232	3.2274	1228.8	-0.039222	6.3511e-05	0.14947	supercritical
192.00	484.00	373.26	0.0026791	205.33	334.99	1.4462	1.9213	3.2278	1224.0	-0.038979	6.2966e-05	0.14867	supercritical
193.00	484.00	372.23	0.0026865	208.19	338.22	1.4629	1.9195	3.2282	1219.2	-0.038733	6.2430e-05	0.14788	supercritical
194.00	484.00	371.20	0.0026939	211.06	341.45	1.4796	1.9177	3.2286	1214.5	-0.038484	6.1902e-05	0.14710	supercritical
195.00	484.00	370.17	0.0027014	213.93	344.68	1.4962	1.9160	3.2290	1209.8	-0.038233	6.1382e-05	0.14632	supercritical
196.00	484.00	369.14	0.0027090	216.79	347.91	1.5127	1.9143	3.2295	1205.1	-0.037979	6.0871e-05	0.14555	supercritical
197.00	484.00	368.11	0.0027166	219.65	351.14	1.5292	1.9126	3.2299	1200.4	-0.037723	6.0368e-05	0.14478	supercritical
198.00	484.00	367.08	0.0027242	222.52	354.37	1.5455	1.9110	3.2303	1195.7	-0.037465	5.9873e-05	0.14402	supercritical
199.00	484.00	366.05	0.0027319	225.38	357.60	1.5618	1.9093	3.2308	1191.1	-0.037204	5.9385e-05	0.14327	supercritical
200.00	484.00	365.02	0.0027396	228.23	360.83	1.5780	1.9078	3.2312	1186.5	-0.036941	5.8904e-05	0.14252	supercritical
201.00	484.00	363.99	0.0027473	231.09	364.06	1.5941	1.9062	3.2317	1182.0	-0.036675	5.8431e-05	0.14178	supercritical
202.00	484.00	362.96	0.0027551	233.94	367.29	1.6102	1.9047	3.2321	1177.4	-0.036407	5.7965e-05	0.14104	supercritical
203.00	484.00	361.93	0.0027630	236.80	370.52	1.6261	1.9032	3.2326	1172.9	-0.036137	5.7506e-05	0.14031	supercritical
204.00	484.00	360.90	0.0027708	239.65	373.76	1.6420	1.9018	3.2330	1168.4	-0.035864	5.7054e-05	0.13959	supercritical
205.00	484.00	359.87	0.0027788	242.50	376.99	1.6578	1.9003	3.2335	1163.9	-0.035589	5.6609e-05	0.13887	supercritical
206.00	484.00	358.85	0.0027867	245.35	380.22	1.6736	1.8990	3.2339	1159.5	-0.035312	5.6170e-05	0.13816	supercritical
207.00	484.00	357.82	0.0027947	248.19	383.46	1.6892	1.8976	3.2344	1155.1	-0.035033	5.5738e-05	0.13746	supercritical
208.00	484.00	356.79	0.0028028	251.04	386.69	1.7048	1.8963	3.2349	1150.7	-0.034751	5.5312e-05	0.13676	supercritical
209.00	484.00	355.76	0.0028109	253.88	389.93	1.7203	1.8950	3.2353	1146.4	-0.034467	5.4893e-05	0.13606	supercritical
210.00	484.00	354.74	0.0028190	256.72	393.16	1.7358	1.8937	3.2358	1142.0	-0.034181	5.4479e-05	0.13538	supercritical
211.00	484.00	353.71	0.0028272	259.56	396.40	1.7511	1.8925	3.2363	1137.7	-0.033893	5.4072e-05	0.13470	supercritical
212.00	484.00	352.68	0.0028354	262.40	399.64	1.7664	1.8913	3.2367	1133.4	-0.033602	5.3670e-05	0.13402	supercritical
213.00	484.00	351.66	0.0028437	265.24	402.87	1.7817	1.8902	3.2372	1129.2	-0.033310	5.3274e-05	0.13335	supercritical
214.00	484.00	350.63	0.0028520	268.07	406.11	1.7968	1.8890	3.2377	1125.0	-0.033015	5.2884e-05	0.13269	supercritical
215.00	484.00	349.61	0.0028603	270.91	409.35	1.8119	1.8879	3.2381	1120.8	-0.032718	5.2499e-05	0.13203	supercritical
216.00	484.00	348.59	0.0028687	273.74	412.59	1.8270	1.8869	3.2386	1116.6	-0.032420	5.2120e-05	0.13138	supercritical
217.00	484.00	347.56	0.0028772	276.57	415.83	1.8419	1.8858	3.2391	1112.4	-0.032119	5.1746e-05	0.13074	supercritical
218.00	484.00	346.54	0.0028857	279.40	419.06	1.8568	1.8848	3.2395	1108.3	-0.031816	5.1377e-05	0.13010	supercritical
219.00	484.00	345.52	0.0028942	282.23	422.30	1.8716	1.8839	3.2400	1104.2	-0.031512	5.1013e-05	0.12946	supercritical
220.00	484.00	344.50	0.0029028	285.05	425.54	1.8864	1.8829	3.2405	1100.2	-0.031205	5.0655e-05	0.12884	supercritical
221.00	484.00	343.48	0.0029114	287.87	428.79	1.9011	1.8820	3.2409	1096.1	-0.030897	5.0301e-05	0.12821	supercritical
222.00	484.00	342.46	0.0029200	290.70	432.03	1.9157	1.8812	3.2414	1092.1	-0.030587	4.9953e-05	0.12760	supercritical
223.00	484.00	341.44	0.0029288	293.52	435.27	1.9303	1.8803	3.2418	1088.2	-0.030275	4.9609e-05	0.12699	supercritical
224.00	484.00	340.42	0.0029375	296.33	438.51	1.9448	1.8795	3.2423	1084.2	-0.029961	4.9270e-05	0.12639	supercritical
225.00	484.00	339.41	0.0029463	299.15	441.75	1.9593	1.8788	3.2427	1080.3	-0.029646	4.8935e-05	0.12579	supercritical
226.00	484.00	338.39	0.0029552	301.97	445.00	1.9736	1.8780	3.2432	1076.4	-0.029329	4.8605e-05	0.12519	supercritical
227.00	484.00	337.38	0.0029640	304.78	448.24	1.9880	1.8773	3.2436	1072.5	-0.029011	4.8280e-05	0.12461	supercritical
228.00	484.00	336.36	0.0029730	307.59	451.48	2.0022	1.8766	3.2440	1068.7	-0.028691	4.7959e-05	0.12403	supercritical
229.00	484.00	335.35	0.0029820	310.40	454.73	2.0164	1.8760	3.2444	1064.9	-0.028369	4.7642e-05	0.12345	supercritical
230.00	484.00	334.34	0.0029910	313.21	457.97	2.0306	1.8754	3.2448	1061.1	-0.028046	4.7329e-05	0.12288	supercritical
231.00	484.00	333.33	0.0030001	316.01	461.22	2.0446	1.8748	3.2452	1057.3	-0.027721	4.7021e-05	0.12232	supercritical
232.00	484.00	332.32	0.0030092	318.82	464.46	2.0586	1.8742	3.2456	1053.6	-0.027396	4.6717e-05	0.12176	supercritical
233.00	484.00	331.31	0.0030183	321.62	467.71	2.0726	1.8737	3.2460	1049.9	-0.027068	4.6417e-05	0.12121	supercritical
234.00	484.00	330.30	0.0030275	324.42	470.95	2.0865	1.8732	3.2464	1046.2	-0.026740	4.6121e-05	0.12067	supercritical
235.00	484.00	329.30	0.0030368	327.22	474.20	2.1004	1.8728	3.2468	1042.6	-0.026410	4.5828e-05	0.12013	supercritical
236.00	484.00	328.29	0.0030461	330.02	477.45	2.1141	1.8723	3.2472	1039.0	-0.026079	4.5540e-05	0.11959	supercritical
237.00	484.00	327.29	0.0030554	332.81	480.70	2.1279	1.8719	3.2475	1035.4	-0.025747	4.5255e-05	0.11906	supercritical
238.00	484.00	326.28	0.0030648	335.61	483.94	2.1415	1.8716	3.2479	1031.8	-0.025414	4.4975e-05	0.11854	supercritical
239.00	484.00	325.28	0.0030742	338.40	487.19	2.1552	1.8713	3.2482	1028.3	-0.025080	4.4698e-05	0.11802	supercritical
240.00	484.00	324.28	0.0030837	341.19	490.44	2.1687	1.8710	3.2485	1024.8	-0.024745	4.4424e-05	0.11751	supercritical
241.00	484.00	323.29	0.0030932	343.97	493.69	2.1822	1.8707	3.2489	1021.3	-0.024409	4.4154e-05	0.11700	supercritical
242.00	484.00	322.29	0.0031028	346.76	496.94	2.1957	1.8704	3.2492	1017.9	-0.024072	4.3888e-05	0.11650	supercritical
243.00	484.00	321.29	0.0031124	349.55	500.19	2.2091	1.8702	3.2495	1014.5	-0.023734	4.3625e-05	0.11600	supercritical
244.00	484.00	320.30	0.0031221	352.33	503.44	2.2224	1.8701	3.2498	1011.1	-0.023395	4.3365e-05	0.11551	supercritical
245.00	484.00	319.31	0.0031318	355.11	506.69	2.2357	1.8699	3.2501	1007.7	-0.023056	4.3109e-05	0.11503	supercritical
246.00	484.00	318.32	0.0031415	357.89	509.94	2.2490	1.8698	3.2503	1004.4	-0.022716	4.2856e-05	0.11455	supercritical
247.00	484.00	317.33	0.0031513	360.66	513.19	2.2622	1.8697	3.2506	1001.1	-0.022376	4.2607e-05	0.11407	supercritical
248.00	484.00	316.34	0.0031612	363.44	516.44	2.2753	1.8696	3.2508	997.85	-0.022035	4.2360e-05	0.11360	supercritical
249.00	484.00	315.35	0.0031710	366.21	519.69	2.2884	1.8696	3.2511	994.60	-0.021694	4.2117e-05	0.11314	supercritical
250.00	484.00	314.37	0.0031810	368.98	522.94	2.3014	1.8696	3.2513	991.39	-0.021352	4.1877e-05	0.11268	supercritical
251.00	484.00	313.39	0.0031909	371.75	526.19	2.3144	1.8697	3.2515	988.21	-0.021010	4.1640e-05	0.11223	supercritical
252.00	484.00	312.41	0.0032009	374.52	529.44	2.3273	1.8697	3.2517	985.05	-0.020667	4.1406e-05	0.11178	supercritical
253.00	484.00	311.43	0.0032110	377.28	532.69	2.3402	1.8698	3.2519	981.92	-0.020324	4.1175e-05	0.11134	supercritical
254.00	484.00	310.45	0.0032211	380.04	535.95	2.3530	1.8699	3.2520	978.82	-0.019981	4.0947e-05	0.11090	supercritical
255.00	484.00	309.48	0.0032312	382.81	539.20	2.3658	1.8701	3.2522	975.75	-0.019638	4.0722e-05	0.11047	supercritical
256.00	484.00	308.51	0.0032414	385.56	542.45	2.3785	1.8703	3.2523	972.71	-0.019295	4.0500e-05	0.11004	supercritical
257.00	484.00	307.53	0.0032517	388.32	545.70	2.3912	1.8705	3.2525	969.70	-0.018952	4.0280e-05	0.10962	supercritical
258.00	484.00	306.57	0.0032619	391.08	548.96	2.4038	1.8707	3.2526	966.71	-0.018609	4.0063e-05	0.10921	supercritical
259.00	484.00	305.60	0.0032723	393.83	552.21	2.4164	1.8710	3.2527	963.75	-0.018266	3.9850e-05	0.10879	supercritical
260.00	484.00	304.63	0.0032826	396.58	555.46	2.4290	1.8713	3.2528	960.82	-0.017924	3.9638e-05	0.10839	supercritical
261.00	484.00	303.67	0.0032930	399.33	558.71	2.4414	1.8716	3.2529	957.92	-0.017581	3.9430e-05	0.10799	supercritical
262.00	484.00	302.71	0.0033035	402.08	561.97	2.4539	1.8720	3.2529	955.05	-0.017239	3.9224e-05	0.10759	supercritical
263.00	484.00	301.75	0.0033140	404.82	565.22	2.4663	1.8723	3.2530	952.20	-0.016897	3.9021e-05	0.10720	supercritical
264.00	484.00	300.80	0.0033245	407.57	568.47	2.4786	1.8728	3.2530	949.39	-0.016556	3.8820e-05	0.10681	supercritical
265.00	484.00	299.84	0.0033351	410.31	571.73	2.4909	1.8732	3.2531	946.60	-0.016215	3.8622e-05	0.10643	supercritical
266.00	484.00	298.89	0.0033457	413.05	574.98	2.5032	1.8737	3.2531	943.84	-0.015875	3.8426e-05	0.10605	supercritical
267.00	484.00	297.94	0.0033563	415.78	578.23	2.5154	1.8742	3.2531	941.10	-0.015535	3.8233e-05	0.10568	supercritical
268.00	484.00	297.00	0.0033670	418.52	581.48	2.5275	1.8747	3.2530	938.40	-0.015196	3.8042e-05	0.10532	supercritical
269.00	484.00	296.05	0.0033778	421.25	584.74	2.5397	1.8752	3.2530	935.72	-0.014858	3.7854e-05	0.10495	supercritical
270.00	484.00	295.11	0.0033886	423.98	587.99	2.5517	1.8758	3.2530	933.07	-0.014520	3.7668e-05	0.10460	supercritical
271.00	484.00	294.17	0.0033994	426.71	591.24	2.5637	1.8764	3.2529	930.45	-0.014183	3.7484e-05	0.10424	supercritical
272.00	484.00	293.23	0.0034102	429.44	594.50	2.5757	1.8770	3.2528	927.85	-0.013848	3.7303e-05	0.10390	supercritical
273.00	484.00	292.30	0.0034211	432.17	597.75	2.5877	1.8777	3.2528	925.28	-0.013513	3.7124e-05	0.10355	supercritical
274.00	484.00	291.37	0.0034321	434.89	601.00	2.5996	1.8784	3.2527	922.74	-0.013179	3.6947e-05	0.10321	supercritical
275.00	484.00	290.44	0.0034431	437.61	604.25	2.6114	1.8791	3.2525	920.22	-0.012846	3.6773e-05	0.10288	supercritical
276.00	484.00	289.51	0.0034541	440.33	607.51	2.6232	1.8798	3.2524	917.73	-0.012515	3.6600e-05	0.10255	supercritical
277.00	484.00	288.59	0.0034652	443.05	610.76	2.6350	1.8806	3.2523	915.27	-0.012184	3.6430e-05	0.10222	supercritical
278.00	484.00	287.67	0.0034762	445.76	614.01	2.6467	1.8814	3.2521	912.84	-0.011855	3.6262e-05	0.10190	supercritical
279.00	484.00	286.75	0.0034874	448.47	617.26	2.6584	1.8822	3.2520	910.43	-0.011528	3.6096e-05	0.10159	supercritical
280.00	484.00	285.83	0.0034986	451.19	620.52	2.6700	1.8831	3.2518	908.05	-0.011201	3.5932e-05	0.10128	supercritical
281.00	484.00	284.92	0.0035098	453.89	623.77	2.6816	1.8839	3.2516	905.69	-0.010876	3.5770e-05	0.10097	supercritical
282.00	484.00	284.01	0.0035210	456.60	627.02	2.6932	1.8848	3.2514	903.36	-0.010553	3.5611e-05	0.10067	supercritical
283.00	484.00	283.10	0.0035323	459.31	630.27	2.7047	1.8858	3.2512	901.06	-0.010230	3.5453e-05	0.10037	supercritical
284.00	484.00	282.20	0.0035436	462.01	633.52	2.7161	1.8867	3.2510	898.78	-0.0099100	3.5297e-05	0.10007	supercritical
285.00	484.00	281.29	0.0035550	464.71	636.77	2.7276	1.8877	3.2507	896.53	-0.0095912	3.5143e-05	0.099785	supercritical
286.00	484.00	280.40	0.0035664	467.41	640.02	2.7389	1.8887	3.2505	894.31	-0.0092740	3.4991e-05	0.099500	supercritical
287.00	484.00	279.50	0.0035778	470.11	643.27	2.7503	1.8897	3.2502	892.11	-0.0089586	3.4842e-05	0.099218	supercritical
288.00	484.00	278.61	0.0035893	472.80	646.52	2.7616	1.8908	3.2500	889.93	-0.0086450	3.4693e-05	0.098941	supercritical
289.00	484.00	277.72	0.0036008	475.49	649.77	2.7729	1.8918	3.2497	887.78	-0.0083331	3.4547e-05	0.098669	supercritical
290.00	484.00	276.83	0.0036123	478.19	653.02	2.7841	1.8929	3.2494	885.65	-0.0080232	3.4403e-05	0.098400	supercritical
291.00	484.00	275.94	0.0036239	480.87	656.27	2.7953	1.8941	3.2491	883.55	-0.0077152	3.4260e-05	0.098135	supercritical
292.00	484.00	275.06	0.0036355	483.56	659.52	2.8064	1.8952	3.2488	881.48	-0.0074091	3.4120e-05	0.097874	supercritical
293.00	484.00	274.19	0.0036472	486.25	662.77	2.8175	1.8964	3.2485	879.43	-0.0071051	3.3981e-05	0.097618	supercritical
294.00	484.00	273.31	0.0036588	488.93	666.02	2.8286	1.8976	3.2481	877.40	-0.0068031	3.3844e-05	0.097365	supercritical
295.00	484.00	272.44	0.0036706	491.61	669.27	2.8396	1.8988	3.2478	875.40	-0.0065032	3.3708e-05	0.097117	supercritical
296.00	484.00	271.57	0.0036823	494.29	672.51	2.8506	1.9001	3.2475	873.42	-0.0062054	3.3574e-05	0.096872	supercritical
297.00	484.00	270.70	0.0036941	496.97	675.76	2.8616	1.9013	3.2471	871.47	-0.0059099	3.3442e-05	0.096631	supercritical
298.00	484.00	269.84	0.0037059	499.64	679.01	2.8725	1.9026	3.2467	869.54	-0.0056166	3.3312e-05	0.096394	supercritical
299.00	484.00	268.98	0.0037177	502.32	682.25	2.8833	1.9039	3.2464	867.63	-0.0053255	3.3183e-05	0.096161	supercritical
300.00	484.00	268.13	0.0037296	504.99	685.50	2.8942	1.9053	3.2460	865.75	-0.0050368	3.3056e-05	0.095932	supercritical
301.00	484.00	267.27	0.0037415	507.66	688.75	2.9050	1.9066	3.2456	863.89	-0.0047504	3.2931e-05	0.095706	supercritical
302.00	484.00	266.42	0.0037534	510.33	691.99	2.9157	1.9080	3.2452	862.05	-0.0044663	3.2807e-05	0.095484	supercritical
303.00	484.00	265.58	0.0037654	512.99	695.24	2.9265	1.9094	3.2448	860.24	-0.0041847	3.2685e-05	0.095266	supercritical
304.00	484.00	264.73	0.0037774	515.66	698.48	2.9372	1.9109	3.2444	858.45	-0.0039056	3.2564e-05	0.095052	supercritical
305.00	484.00	263.89	0.0037894	518.32	701.73	2.9478	1.9123	3.2440	856.68	-0.0036289	3.2445e-05	0.094841	supercritical
306.00	484.00	263.06	0.0038015	520.98	704.97	2.9584	1.9138	3.2436	854.94	-0.0033547	3.2327e-05	0.094634	supercritical
307.00	484.00	262.22	0.0038135	523.64	708.21	2.9690	1.9153	3.2432	853.21	-0.0030831	3.2211e-05	0.094430	supercritical
308.00	484.00	261.39	0.0038257	526.29	711.46	2.9796	1.9168	3.2427	851.51	-0.0028141	3.2096e-05	0.094230	supercritical
309.00	484.00	260.57	0.0038378	528.95	714.70	2.9901	1.9183	3.2423	849.84	-0.0025477	3.1983e-05	0.094033	supercritical
310.00	484.00	259.74	0.0038500	531.60	717.94	3.0006	1.9199	3.2419	848.18	-0.0022839	3.1871e-05	0.093840	supercritical
311.00	484.00	258.92	0.0038622	534.25	721.18	3.0110	1.9215	3.2414	846.54	-0.0020228	3.1761e-05	0.093650	supercritical
312.00	484.00	258.11	0.0038744	536.90	724.42	3.0214	1.9231	3.2410	844.93	-0.0017644	3.1652e-05	0.093464	supercritical
313.00	484.00	257.29	0.0038866	539.55	727.66	3.0318	1.9247	3.2406	843.34	-0.0015087	3.1545e-05	0.093281	supercritical
314.00	484.00	256.48	0.0038989	542.20	730.90	3.0421	1.9264	3.2401	841.76	-0.0012557	3.1438e-05	0.093102	supercritical
315.00	484.00	255.68	0.0039112	544.84	734.14	3.0524	1.9280	3.2397	840.21	-0.0010055	3.1334e-05	0.092925	supercritical
316.00	484.00	254.87	0.0039235	547.48	737.38	3.0627	1.9297	3.2392	838.68	-0.00075814	3.1230e-05	0.092752	supercritical
317.00	484.00	254.07	0.0039359	550.13	740.62	3.0729	1.9314	3.2388	837.18	-0.00051354	3.1128e-05	0.092583	supercritical
318.00	484.00	253.28	0.0039483	552.77	743.86	3.0831	1.9332	3.2383	835.69	-0.00027176	3.1027e-05	0.092416	supercritical
319.00	484.00	252.48	0.0039607	555.40	747.10	3.0933	1.9349	3.2379	834.22	-3.2837e-05	3.0928e-05	0.092253	supercritical
320.00	484.00	251.69	0.0039731	558.04	750.34	3.1034	1.9367	3.2374	832.77	0.00020323	3.0830e-05	0.092093	supercritical
321.00	484.00	250.91	0.0039855	560.67	753.57	3.1135	1.9385	3.2370	831.34	0.00043641	3.0733e-05	0.091936	supercritical
322.00	484.00	250.13	0.0039980	563.31	756.81	3.1236	1.9403	3.2365	829.93	0.00066670	3.0637e-05	0.091782	supercritical
323.00	484.00	249.35	0.0040105	565.94	760.05	3.1336	1.9421	3.2361	828.54	0.00089407	3.0543e-05	0.091631	supercritical
324.00	484.00	248.57	0.0040230	568.57	763.28	3.1436	1.9440	3.2356	827.17	0.0011185	3.0450e-05	0.091483	supercritical
325.00	484.00	247.80	0.0040355	571.20	766.52	3.1536	1.9458	3.2352	825.82	0.0013400	3.0358e-05	0.091339	supercritical
326.00	484.00	247.03	0.0040481	573.82	769.75	3.1635	1.9477	3.2347	824.49	0.0015586	3.0267e-05	0.091197	supercritical
327.00	484.00	246.26	0.0040607	576.45	772.99	3.1734	1.9496	3.2343	823.18	0.0017742	3.0178e-05	0.091058	supercritical
328.00	484.00	245.50	0.0040733	579.07	776.22	3.1833	1.9515	3.2339	821.88	0.0019869	3.0089e-05	0.090922	supercritical
329.00	484.00	244.74	0.0040859	581.70	779.46	3.1931	1.9535	3.2334	820.61	0.0021965	3.0002e-05	0.090789	supercritical
330.00	484.00	243.99	0.0040986	584.32	782.69	3.2030	1.9555	3.2330	819.35	0.0024032	2.9916e-05	0.090659	supercritical
331.00	484.00	243.24	0.0041112	586.94	785.92	3.2127	1.9574	3.2326	818.11	0.0026069	2.9831e-05	0.090532	supercritical
332.00	484.00	242.49	0.0041239	589.56	789.15	3.2225	1.9594	3.2322	816.89	0.0028076	2.9747e-05	0.090408	supercritical
333.00	484.00	241.74	0.0041366	592.17	792.39	3.2322	1.9615	3.2317	815.68	0.0030053	2.9665e-05	0.090286	supercritical
334.00	484.00	241.00	0.0041493	594.79	795.62	3.2419	1.9635	3.2313	814.50	0.0032000	2.9583e-05	0.090167	supercritical
335.00	484.00	240.26	0.0041621	597.40	798.85	3.2516	1.9655	3.2309	813.33	0.0033917	2.9502e-05	0.090051	supercritical
336.00	484.00	239.53	0.0041748	600.02	802.08	3.2612	1.9676	3.2305	812.18	0.0035804	2.9423e-05	0.089938	supercritical
337.00	484.00	238.80	0.0041876	602.63	805.31	3.2708	1.9697	3.2301	811.04	0.0037661	2.9345e-05	0.089827	supercritical
338.00	484.00	238.07	0.0042004	605.24	808.54	3.2804	1.9718	3.2297	809.92	0.0039488	2.9267e-05	0.089719	supercritical
339.00	484.00	237.35	0.0042132	607.85	811.77	3.2899	1.9739	3.2294	808.82	0.0041285	2.9191e-05	0.089613	supercritical
340.00	484.00	236.63	0.0042261	610.46	815.00	3.2994	1.9761	3.2290	807.74	0.0043051	2.9116e-05	0.089510	supercritical
341.00	484.00	235.91	0.0042389	613.06	818.23	3.3089	1.9782	3.2286	806.67	0.0044788	2.9041e-05	0.089410	supercritical
342.00	484.00	235.20	0.0042518	615.67	821.46	3.3184	1.9804	3.2283	805.62	0.0046495	2.8968e-05	0.089313	supercritical
343.00	484.00	234.49	0.0042647	618.27	824.68	3.3278	1.9826	3.2279	804.58	0.0048172	2.8896e-05	0.089217	supercritical
344.00	484.00	233.78	0.0042775	620.88	827.91	3.3372	1.9848	3.2276	803.56	0.0049818	2.8824e-05	0.089125	supercritical
345.00	484.00	233.08	0.0042905	623.48	831.14	3.3465	1.9870	3.2272	802.56	0.0051435	2.8754e-05	0.089034	supercritical
346.00	484.00	232.38	0.0043034	626.08	834.37	3.3559	1.9893	3.2269	801.57	0.0053023	2.8684e-05	0.088947	supercritical
347.00	484.00	231.68	0.0043163	628.68	837.59	3.3652	1.9916	3.2266	800.60	0.0054580	2.8616e-05	0.088861	supercritical
348.00	484.00	230.99	0.0043293	631.28	840.82	3.3745	1.9938	3.2263	799.64	0.0056108	2.8548e-05	0.088778	supercritical
349.00	484.00	230.30	0.0043422	633.88	844.04	3.3837	1.9961	3.2260	798.69	0.0057607	2.8482e-05	0.088698	supercritical
350.00	484.00	229.61	0.0043552	636.48	847.27	3.3930	1.9984	3.2257	797.77	0.0059076	2.8416e-05	0.088620	supercritical
351.00	484.00	228.93	0.0043682	639.07	850.50	3.4022	2.0007	3.2254	796.85	0.0060516	2.8351e-05	0.088544	supercritical
352.00	484.00	228.25	0.0043812	641.67	853.72	3.4113	2.0031	3.2252	795.95	0.0061926	2.8287e-05	0.088470	supercritical
353.00	484.00	227.57	0.0043942	644.26	856.95	3.4205	2.0054	3.2249	795.07	0.0063308	2.8224e-05	0.088399	supercritical
354.00	484.00	226.90	0.0044073	646.86	860.17	3.4296	2.0078	3.2247	794.20	0.0064660	2.8162e-05	0.088330	supercritical
355.00	484.00	226.23	0.0044203	649.45	863.40	3.4387	2.0102	3.2244	793.34	0.0065984	2.8100e-05	0.088264	supercritical
356.00	484.00	225.56	0.0044334	652.04	866.62	3.4478	2.0126	3.2242	792.50	0.0067279	2.8040e-05	0.088199	supercritical
357.00	484.00	224.90	0.0044465	654.64	869.84	3.4568	2.0150	3.2240	791.67	0.0068545	2.7980e-05	0.088137	supercritical
358.00	484.00	224.24	0.0044595	657.23	873.07	3.4658	2.0174	3.2238	790.86	0.0069783	2.7921e-05	0.088077	supercritical
359.00	484.00	223.58	0.0044726	659.82	876.29	3.4748	2.0199	3.2236	790.06	0.0070993	2.7863e-05	0.088019	supercritical
360.00	484.00	222.93	0.0044857	662.41	879.52	3.4838	2.0223	3.2235	789.27	0.0072175	2.7806e-05	0.087963	supercritical
361.00	484.00	222.28	0.0044988	665.00	882.74	3.4927	2.0248	3.2233	788.49	0.0073328	2.7749e-05	0.087909	supercritical
362.00	484.00	221.63	0.0045120	667.58	885.96	3.5017	2.0273	3.2232	787.73	0.0074454	2.7693e-05	0.087858	supercritical
363.00	484.00	220.99	0.0045251	670.17	889.19	3.5106	2.0298	3.2230	786.98	0.0075552	2.7639e-05	0.087808	supercritical
364.00	484.00	220.35	0.0045382	672.76	892.41	3.5194	2.0323	3.2229	786.25	0.0076623	2.7584e-05	0.087761	supercritical
365.00	484.00	219.71	0.0045514	675.34	895.63	3.5283	2.0348	3.2228	785.52	0.0077666	2.7531e-05	0.087715	supercritical
366.00	484.00	219.08	0.0045645	677.93	898.85	3.5371	2.0374	3.2227	784.81	0.0078683	2.7478e-05	0.087672	supercritical
367.00	484.00	218.45	0.0045777	680.52	902.08	3.5459	2.0399	3.2227	784.11	0.0079672	2.7426e-05	0.087630	supercritical
368.00	484.00	217.82	0.0045909	683.10	905.30	3.5546	2.0425	3.2226	783.43	0.0080635	2.7375e-05	0.087591	supercritical
369.00	484.00	217.20	0.0046041	685.68	908.52	3.5634	2.0451	3.2226	782.75	0.0081571	2.7325e-05	0.087554	supercritical
370.00	484.00	216.58	0.0046173	688.27	911.74	3.5721	2.0477	3.2225	782.09	0.0082481	2.7275e-05	0.087518	supercritical
371.00	484.00	215.96	0.0046305	690.85	914.97	3.5808	2.0503	3.2225	781.44	0.0083365	2.7226e-05	0.087484	supercritical
372.00	484.00	215.35	0.0046437	693.44	918.19	3.5895	2.0529	3.2225	780.80	0.0084223	2.7178e-05	0.087453	supercritical
373.00	484.00	214.74	0.0046569	696.02	921.41	3.5981	2.0555	3.2225	780.17	0.0085055	2.7130e-05	0.087423	supercritical
374.00	484.00	214.13	0.0046701	698.60	924.63	3.6068	2.0582	3.2225	779.55	0.0085862	2.7083e-05	0.087395	supercritical
375.00	484.00	213.52	0.0046833	701.18	927.86	3.6154	2.0608	3.2226	778.95	0.0086643	2.7037e-05	0.087369	supercritical
376.00	484.00	212.92	0.0046966	703.76	931.08	3.6239	2.0635	3.2227	778.35	0.0087399	2.6991e-05	0.087345	supercritical
377.00	484.00	212.32	0.0047098	706.35	934.30	3.6325	2.0662	3.2227	777.77	0.0088131	2.6946e-05	0.087322	supercritical
378.00	484.00	211.73	0.0047231	708.93	937.52	3.6410	2.0689	3.2228	777.20	0.0088838	2.6902e-05	0.087302	supercritical
379.00	484.00	211.13	0.0047363	711.51	940.75	3.6496	2.0716	3.2229	776.64	0.0089520	2.6858e-05	0.087283	supercritical
380.00	484.00	210.54	0.0047496	714.09	943.97	3.6580	2.0743	3.2231	776.08	0.0090178	2.6815e-05	0.087266	supercritical
381.00	484.00	209.96	0.0047629	716.67	947.19	3.6665	2.0770	3.2232	775.54	0.0090812	2.6773e-05	0.087250	supercritical
382.00	484.00	209.37	0.0047761	719.25	950.42	3.6750	2.0798	3.2233	775.01	0.0091423	2.6731e-05	0.087237	supercritical
383.00	484.00	208.79	0.0047894	721.83	953.64	3.6834	2.0825	3.2235	774.49	0.0092010	2.6690e-05	0.087225	supercritical
384.00	484.00	208.22	0.0048027	724.41	956.86	3.6918	2.0853	3.2237	773.98	0.0092574	2.6650e-05	0.087215	supercritical
385.00	484.00	207.64	0.0048160	726.99	960.09	3.7002	2.0881	3.2239	773.48	0.0093115	2.6610e-05	0.087206	supercritical
386.00	484.00	207.07	0.0048293	729.58	963.31	3.7085	2.0909	3.2241	772.99	0.0093633	2.6570e-05	0.087199	supercritical
387.00	484.00	206.50	0.0048426	732.16	966.54	3.7169	2.0936	3.2244	772.51	0.0094128	2.6531e-05	0.087194	supercritical
388.00	484.00	205.94	0.0048559	734.74	969.76	3.7252	2.0965	3.2246	772.04	0.0094601	2.6493e-05	0.087191	supercritical
389.00	484.00	205.37	0.0048692	737.32	972.99	3.7335	2.0993	3.2249	771.58	0.0095052	2.6456e-05	0.087189	supercritical
390.00	484.00	204.81	0.0048825	739.90	976.21	3.7418	2.1021	3.2252	771.13	0.0095481	2.6419e-05	0.087188	supercritical
391.00	484.00	204.26	0.0048958	742.48	979.44	3.7501	2.1049	3.2255	770.68	0.0095889	2.6382e-05	0.087190	supercritical
392.00	484.00	203.70	0.0049091	745.06	982.66	3.7583	2.1078	3.2258	770.25	0.0096275	2.6346e-05	0.087193	supercritical
393.00	484.00	203.15	0.0049224	747.64	985.89	3.7665	2.1107	3.2262	769.82	0.0096640	2.6311e-05	0.087197	supercritical
394.00	484.00	202.60	0.0049357	750.22	989.11	3.7747	2.1135	3.2265	769.41	0.0096984	2.6276e-05	0.087203	supercritical
395.00	484.00	202.06	0.0049491	752.81	992.34	3.7829	2.1164	3.2269	769.00	0.0097308	2.6242e-05	0.087210	supercritical
396.00	484.00	201.52	0.0049624	755.39	995.57	3.7910	2.1193	3.2273	768.60	0.0097611	2.6208e-05	0.087220	supercritical
397.00	484.00	200.98	0.0049757	757.97	998.80	3.7992	2.1222	3.2277	768.21	0.0097894	2.6175e-05	0.087230	supercritical
398.00	484.00	200.44	0.0049890	760.55	1002.0	3.8073	2.1251	3.2281	767.83	0.0098157	2.6142e-05	0.087242	supercritical
399.00	484.00	199.91	0.0050024	763.14	1005.3	3.8154	2.1280	3.2285	767.46	0.0098401	2.6110e-05	0.087256	supercritical
400.00	484.00	199.37	0.0050157	765.72	1008.5	3.8235	2.1310	3.2290	767.10	0.0098625	2.6078e-05	0.087271	supercritical
401.00	484.00	198.85	0.0050290	768.30	1011.7	3.8316	2.1339	3.2295	766.74	0.0098829	2.6047e-05	0.087287	supercritical
402.00	484.00	198.32	0.0050424	770.89	1014.9	3.8396	2.1369	3.2300	766.39	0.0099015	2.6016e-05	0.087305	supercritical
403.00	484.00	197.80	0.0050557	773.47	1018.2	3.8476	2.1398	3.2305	766.05	0.0099182	2.5986e-05	0.087325	supercritical
404.00	484.00	197.28	0.0050691	776.06	1021.4	3.8556	2.1428	3.2310	765.72	0.0099331	2.5956e-05	0.087345	supercritical
405.00	484.00	196.76	0.0050824	778.64	1024.6	3.8636	2.1458	3.2316	765.40	0.0099461	2.5927e-05	0.087368	supercritical
406.00	484.00	196.24	0.0050957	781.23	1027.9	3.8716	2.1488	3.2321	765.08	0.0099574	2.5898e-05	0.087391	supercritical
407.00	484.00	195.73	0.0051091	783.82	1031.1	3.8795	2.1517	3.2327	764.77	0.0099669	2.5869e-05	0.087416	supercritical
408.00	484.00	195.22	0.0051224	786.40	1034.3	3.8875	2.1547	3.2333	764.47	0.0099746	2.5841e-05	0.087442	supercritical
409.00	484.00	194.71	0.0051358	788.99	1037.6	3.8954	2.1578	3.2339	764.17	0.0099806	2.5814e-05	0.087470	supercritical
410.00	484.00	194.21	0.0051491	791.58	1040.8	3.9033	2.1608	3.2346	763.89	0.0099848	2.5787e-05	0.087499	supercritical
411.00	484.00	193.71	0.0051625	794.17	1044.0	3.9112	2.1638	3.2352	763.61	0.0099874	2.5760e-05	0.087530	supercritical
412.00	484.00	193.21	0.0051758	796.76	1047.3	3.9190	2.1668	3.2359	763.34	0.0099884	2.5734e-05	0.087561	supercritical
413.00	484.00	192.71	0.0051892	799.35	1050.5	3.9269	2.1699	3.2366	763.07	0.0099877	2.5709e-05	0.087594	supercritical
414.00	484.00	192.21	0.0052025	801.94	1053.7	3.9347	2.1729	3.2373	762.81	0.0099854	2.5683e-05	0.087629	supercritical
415.00	484.00	191.72	0.0052159	804.53	1057.0	3.9425	2.1760	3.2380	762.56	0.0099815	2.5658e-05	0.087664	supercritical
416.00	484.00	191.23	0.0052292	807.12	1060.2	3.9503	2.1791	3.2387	762.32	0.0099761	2.5634e-05	0.087701	supercritical
417.00	484.00	190.75	0.0052426	809.72	1063.5	3.9581	2.1822	3.2395	762.08	0.0099691	2.5610e-05	0.087739	supercritical
418.00	484.00	190.26	0.0052559	812.31	1066.7	3.9658	2.1852	3.2402	761.85	0.0099606	2.5586e-05	0.087779	supercritical
419.00	484.00	189.78	0.0052692	814.90	1069.9	3.9736	2.1883	3.2410	761.63	0.0099505	2.5563e-05	0.087819	supercritical
420.00	484.00	189.30	0.0052826	817.50	1073.2	3.9813	2.1914	3.2418	761.41	0.0099391	2.5540e-05	0.087861	supercritical
421.00	484.00	188.82	0.0052959	820.10	1076.4	3.9890	2.1945	3.2426	761.20	0.0099261	2.5518e-05	0.087904	supercritical
422.00	484.00	188.35	0.0053093	822.69	1079.7	3.9967	2.1976	3.2435	760.99	0.0099118	2.5496e-05	0.087949	supercritical
423.00	484.00	187.88	0.0053226	825.29	1082.9	4.0044	2.2008	3.2443	760.79	0.0098960	2.5474e-05	0.087994	supercritical
424.00	484.00	187.41	0.0053360	827.89	1086.2	4.0121	2.2039	3.2452	760.60	0.0098788	2.5453e-05	0.088041	supercritical
425.00	484.00	186.94	0.0053493	830.49	1089.4	4.0197	2.2070	3.2461	760.41	0.0098603	2.5432e-05	0.088089	supercritical
426.00	484.00	186.48	0.0053626	833.09	1092.6	4.0273	2.2102	3.2470	760.23	0.0098404	2.5412e-05	0.088138	supercritical
427.00	484.00	186.01	0.0053760	835.69	1095.9	4.0350	2.2133	3.2479	760.06	0.0098192	2.5392e-05	0.088189	supercritical
428.00	484.00	185.55	0.0053893	838.30	1099.1	4.0426	2.2165	3.2488	759.89	0.0097967	2.5372e-05	0.088240	supercritical
429.00	484.00	185.09	0.0054027	840.90	1102.4	4.0501	2.2196	3.2498	759.73	0.0097730	2.5353e-05	0.088293	supercritical
430.00	484.00	184.64	0.0054160	843.50	1105.6	4.0577	2.2228	3.2508	759.57	0.0097479	2.5334e-05	0.088346	supercritical
431.00	484.00	184.19	0.0054293	846.11	1108.9	4.0653	2.2260	3.2518	759.42	0.0097217	2.5315e-05	0.088401	supercritical
432.00	484.00	183.73	0.0054426	848.72	1112.1	4.0728	2.2292	3.2528	759.27	0.0096942	2.5297e-05	0.088457	supercritical
433.00	484.00	183.29	0.0054560	851.33	1115.4	4.0803	2.2324	3.2538	759.13	0.0096655	2.5279e-05	0.088514	supercritical
434.00	484.00	182.84	0.0054693	853.94	1118.6	4.0878	2.2356	3.2548	759.00	0.0096356	2.5261e-05	0.088573	supercritical
435.00	484.00	182.39	0.0054826	856.55	1121.9	4.0953	2.2388	3.2559	758.87	0.0096046	2.5244e-05	0.088632	supercritical
436.00	484.00	181.95	0.0054959	859.16	1125.2	4.1028	2.2420	3.2569	758.75	0.0095724	2.5227e-05	0.088692	supercritical
437.00	484.00	181.51	0.0055093	861.77	1128.4	4.1103	2.2452	3.2580	758.63	0.0095392	2.5210e-05	0.088754	supercritical
438.00	484.00	181.07	0.0055226	864.38	1131.7	4.1177	2.2484	3.2591	758.51	0.0095048	2.5194e-05	0.088816	supercritical
439.00	484.00	180.64	0.0055359	867.00	1134.9	4.1251	2.2516	3.2602	758.41	0.0094693	2.5178e-05	0.088880	supercritical
440.00	484.00	180.21	0.0055492	869.62	1138.2	4.1326	2.2548	3.2614	758.30	0.0094328	2.5162e-05	0.088945	supercritical
441.00	484.00	179.77	0.0055625	872.23	1141.5	4.1400	2.2581	3.2625	758.20	0.0093952	2.5147e-05	0.089010	supercritical
442.00	484.00	179.35	0.0055758	874.85	1144.7	4.1473	2.2613	3.2637	758.11	0.0093567	2.5132e-05	0.089077	supercritical
443.00	484.00	178.92	0.0055891	877.47	1148.0	4.1547	2.2646	3.2648	758.02	0.0093171	2.5117e-05	0.089145	supercritical
444.00	484.00	178.49	0.0056024	880.09	1151.3	4.1621	2.2678	3.2660	757.94	0.0092765	2.5103e-05	0.089214	supercritical
445.00	484.00	178.07	0.0056157	882.72	1154.5	4.1694	2.2711	3.2672	757.86	0.0092349	2.5088e-05	0.089284	supercritical
446.00	484.00	177.65	0.0056290	885.34	1157.8	4.1768	2.2743	3.2685	757.79	0.0091925	2.5075e-05	0.089354	supercritical
447.00	484.00	177.23	0.0056423	887.97	1161.1	4.1841	2.2776	3.2697	757.72	0.0091490	2.5061e-05	0.089426	supercritical
448.00	484.00	176.82	0.0056556	890.59	1164.3	4.1914	2.2809	3.2710	757.65	0.0091047	2.5048e-05	0.089499	supercritical
449.00	484.00	176.40	0.0056689	893.22	1167.6	4.1987	2.2842	3.2722	757.59	0.0090594	2.5035e-05	0.089573	supercritical
450.00	484.00	175.99	0.0056822	895.85	1170.9	4.2060	2.2874	3.2735	757.54	0.0090133	2.5022e-05	0.089647	supercritical
451.00	484.00	175.58	0.0056955	898.48	1174.1	4.2132	2.2907	3.2748	757.49	0.0089663	2.5010e-05	0.089723	supercritical
452.00	484.00	175.17	0.0057087	901.12	1177.4	4.2205	2.2940	3.2761	757.44	0.0089185	2.4998e-05	0.089800	supercritical
453.00	484.00	174.76	0.0057220	903.75	1180.7	4.2277	2.2973	3.2774	757.40	0.0088698	2.4986e-05	0.089877	supercritical
454.00	484.00	174.36	0.0057353	906.39	1184.0	4.2350	2.3006	3.2788	757.36	0.0088203	2.4974e-05	0.089956	supercritical
455.00	484.00	173.96	0.0057486	909.02	1187.3	4.2422	2.3039	3.2801	757.33	0.0087700	2.4963e-05	0.090035	supercritical
456.00	484.00	173.56	0.0057618	911.66	1190.5	4.2494	2.3072	3.2815	757.30	0.0087189	2.4952e-05	0.090116	supercritical
457.00	484.00	173.16	0.0057751	914.30	1193.8	4.2566	2.3106	3.2829	757.27	0.0086671	2.4941e-05	0.090197	supercritical
458.00	484.00	172.76	0.0057883	916.95	1197.1	4.2638	2.3139	3.2843	757.25	0.0086145	2.4931e-05	0.090279	supercritical
459.00	484.00	172.37	0.0058016	919.59	1200.4	4.2709	2.3172	3.2857	757.23	0.0085612	2.4921e-05	0.090363	supercritical
460.00	484.00	171.97	0.0058148	922.23	1203.7	4.2781	2.3205	3.2871	757.22	0.0085071	2.4911e-05	0.090447	supercritical
461.00	484.00	171.58	0.0058281	924.88	1207.0	4.2852	2.3239	3.2886	757.21	0.0084524	2.4901e-05	0.090532	supercritical
462.00	484.00	171.19	0.0058413	927.53	1210.3	4.2923	2.3272	3.2900	757.20	0.0083969	2.4891e-05	0.090618	supercritical
463.00	484.00	170.81	0.0058546	930.18	1213.5	4.2995	2.3305	3.2915	757.20	0.0083408	2.4882e-05	0.090704	supercritical
464.00	484.00	170.42	0.0058678	932.83	1216.8	4.3066	2.3339	3.2930	757.20	0.0082840	2.4873e-05	0.090792	supercritical
465.00	484.00	170.04	0.0058810	935.48	1220.1	4.3137	2.3372	3.2945	757.21	0.0082266	2.4864e-05	0.090880	supercritical
466.00	484.00	169.66	0.0058943	938.14	1223.4	4.3207	2.3406	3.2960	757.22	0.0081685	2.4856e-05	0.090970	supercritical
467.00	484.00	169.28	0.0059075	940.80	1226.7	4.3278	2.3439	3.2975	757.23	0.0081098	2.4848e-05	0.091060	supercritical
468.00	484.00	168.90	0.0059207	943.45	1230.0	4.3349	2.3473	3.2991	757.25	0.0080505	2.4840e-05	0.091151	supercritical
469.00	484.00	168.52	0.0059339	946.11	1233.3	4.3419	2.3507	3.3006	757.27	0.0079906	2.4832e-05	0.091243	supercritical
470.00	484.00	168.15	0.0059471	948.78	1236.6	4.3489	2.3540	3.3022	757.29	0.0079301	2.4824e-05	0.091335	supercritical
471.00	484.00	167.78	0.0059604	951.44	1239.9	4.3559	2.3574	3.3037	757.32	0.0078691	2.4817e-05	0.091429	supercritical
472.00	484.00	167.40	0.0059736	954.11	1243.2	4.3630	2.3608	3.3053	757.35	0.0078075	2.4810e-05	0.091523	supercritical
473.00	484.00	167.04	0.0059868	956.77	1246.5	4.3700	2.3642	3.3069	757.39	0.0077454	2.4803e-05	0.091618	supercritical
474.00	484.00	166.67	0.0060000	959.44	1249.8	4.3769	2.3675	3.3086	757.42	0.0076827	2.4796e-05	0.091714	supercritical
475.00	484.00	166.30	0.0060131	962.11	1253.1	4.3839	2.3709	3.3102	757.47	0.0076195	2.4790e-05	0.091811	supercritical
476.00	484.00	165.94	0.0060263	964.79	1256.5	4.3909	2.3743	3.3118	757.51	0.0075558	2.4784e-05	0.091909	supercritical
477.00	484.00	165.58	0.0060395	967.46	1259.8	4.3978	2.3777	3.3135	757.56	0.0074916	2.4778e-05	0.092007	supercritical
478.00	484.00	165.22	0.0060527	970.14	1263.1	4.4048	2.3811	3.3151	757.61	0.0074270	2.4772e-05	0.092106	supercritical
479.00	484.00	164.86	0.0060659	972.81	1266.4	4.4117	2.3845	3.3168	757.66	0.0073619	2.4766e-05	0.092206	supercritical
480.00	484.00	164.50	0.0060790	975.49	1269.7	4.4186	2.3879	3.3185	757.72	0.0072963	2.4761e-05	0.092307	supercritical
481.00	484.00	164.14	0.0060922	978.18	1273.0	4.4255	2.3913	3.3202	757.78	0.0072302	2.4756e-05	0.092409	supercritical
482.00	484.00	163.79	0.0061054	980.86	1276.4	4.4324	2.3947	3.3219	757.84	0.0071638	2.4751e-05	0.092511	supercritical
483.00	484.00	163.44	0.0061185	983.55	1279.7	4.4393	2.3981	3.3236	757.91	0.0070969	2.4746e-05	0.092614	supercritical
484.00	484.00	163.09	0.0061317	986.23	1283.0	4.4462	2.4015	3.3254	757.98	0.0070296	2.4741e-05	0.092718	supercritical
485.00	484.00	162.74	0.0061448	988.92	1286.3	4.4531	2.4049	3.3271	758.05	0.0069619	2.4737e-05	0.092822	supercritical
486.00	484.00	162.39	0.0061580	991.62	1289.7	4.4599	2.4083	3.3289	758.12	0.0068938	2.4733e-05	0.092927	supercritical
487.00	484.00	162.05	0.0061711	994.31	1293.0	4.4667	2.4118	3.3306	758.20	0.0068253	2.4729e-05	0.093033	supercritical
488.00	484.00	161.70	0.0061843	997.01	1296.3	4.4736	2.4152	3.3324	758.28	0.0067565	2.4725e-05	0.093140	supercritical
489.00	484.00	161.36	0.0061974	999.70	1299.7	4.4804	2.4186	3.3342	758.37	0.0066873	2.4721e-05	0.093248	supercritical
490.00	484.00	161.02	0.0062105	1002.4	1303.0	4.4872	2.4220	3.3360	758.45	0.0066177	2.4718e-05	0.093356	supercritical
491.00	484.00	160.68	0.0062236	1005.1	1306.3	4.4940	2.4255	3.3378	758.54	0.0065479	2.4714e-05	0.093465	supercritical
492.00	484.00	160.34	0.0062368	1007.8	1309.7	4.5008	2.4289	3.3397	758.63	0.0064776	2.4711e-05	0.093574	supercritical
493.00	484.00	160.00	0.0062499	1010.5	1313.0	4.5076	2.4323	3.3415	758.73	0.0064071	2.4708e-05	0.093685	supercritical
494.00	484.00	159.67	0.0062630	1013.2	1316.4	4.5144	2.4358	3.3434	758.82	0.0063363	2.4706e-05	0.093796	supercritical
495.00	484.00	159.33	0.0062761	1015.9	1319.7	4.5211	2.4392	3.3452	758.92	0.0062651	2.4703e-05	0.093908	supercritical
496.00	484.00	159.00	0.0062892	1018.6	1323.0	4.5279	2.4426	3.3471	759.03	0.0061937	2.4701e-05	0.094020	supercritical
497.00	484.00	158.67	0.0063023	1021.4	1326.4	4.5346	2.4461	3.3490	759.13	0.0061219	2.4698e-05	0.094133	supercritical
498.00	484.00	158.34	0.0063154	1024.1	1329.7	4.5414	2.4495	3.3509	759.24	0.0060499	2.4696e-05	0.094247	supercritical
499.00	484.00	158.02	0.0063285	1026.8	1333.1	4.5481	2.4530	3.3528	759.35	0.0059777	2.4695e-05	0.094361	supercritical
500.00	484.00	157.69	0.0063415	1029.5	1336.4	4.5548	2.4564	3.3547	759.46	0.0059051	2.4693e-05	0.094476	supercritical
501.00	484.00	157.37	0.0063546	1032.2	1339.8	4.5615	2.4599	3.3566	759.57	0.0058324	2.4691e-05	0.094592	supercritical
502.00	484.00	157.04	0.0063677	1035.0	1343.2	4.5682	2.4633	3.3585	759.69	0.0057594	2.4690e-05	0.094709	supercritical
503.00	484.00	156.72	0.0063808	1037.7	1346.5	4.5749	2.4668	3.3605	759.81	0.0056861	2.4689e-05	0.094826	supercritical
504.00	484.00	156.40	0.0063938	1040.4	1349.9	4.5816	2.4702	3.3624	759.93	0.0056127	2.4688e-05	0.094944	supercritical
505.00	484.00	156.08	0.0064069	1043.1	1353.2	4.5882	2.4737	3.3644	760.06	0.0055390	2.4687e-05	0.095062	supercritical
506.00	484.00	155.76	0.0064199	1045.9	1356.6	4.5949	2.4771	3.3664	760.18	0.0054651	2.4686e-05	0.095181	supercritical
507.00	484.00	155.45	0.0064330	1048.6	1360.0	4.6015	2.4806	3.3683	760.31	0.0053910	2.4685e-05	0.095301	supercritical
508.00	484.00	155.13	0.0064460	1051.4	1363.3	4.6082	2.4841	3.3703	760.44	0.0053167	2.4685e-05	0.095421	supercritical
509.00	484.00	154.82	0.0064591	1054.1	1366.7	4.6148	2.4875	3.3723	760.58	0.0052422	2.4685e-05	0.095542	supercritical
510.00	484.00	154.51	0.0064721	1056.8	1370.1	4.6214	2.4910	3.3743	760.71	0.0051676	2.4685e-05	0.095664	supercritical
511.00	484.00	154.20	0.0064851	1059.6	1373.5	4.6280	2.4944	3.3764	760.85	0.0050928	2.4685e-05	0.095786	supercritical
512.00	484.00	153.89	0.0064982	1062.3	1376.8	4.6346	2.4979	3.3784	760.99	0.0050178	2.4685e-05	0.095909	supercritical
513.00	484.00	153.58	0.0065112	1065.1	1380.2	4.6412	2.5014	3.3804	761.13	0.0049426	2.4685e-05	0.096032	supercritical
514.00	484.00	153.28	0.0065242	1067.8	1383.6	4.6478	2.5049	3.3825	761.27	0.0048674	2.4686e-05	0.096157	supercritical
515.00	484.00	152.97	0.0065372	1070.6	1387.0	4.6544	2.5083	3.3845	761.42	0.0047919	2.4686e-05	0.096281	supercritical
516.00	484.00	152.67	0.0065502	1073.3	1390.4	4.6610	2.5118	3.3866	761.57	0.0047164	2.4687e-05	0.096407	supercritical
517.00	484.00	152.36	0.0065632	1076.1	1393.8	4.6675	2.5153	3.3887	761.72	0.0046407	2.4688e-05	0.096532	supercritical
518.00	484.00	152.06	0.0065762	1078.9	1397.1	4.6741	2.5187	3.3908	761.87	0.0045648	2.4689e-05	0.096659	supercritical
519.00	484.00	151.76	0.0065892	1081.6	1400.5	4.6806	2.5222	3.3929	762.02	0.0044889	2.4690e-05	0.096786	supercritical
520.00	484.00	151.46	0.0066022	1084.4	1403.9	4.6871	2.5257	3.3950	762.18	0.0044129	2.4691e-05	0.096914	supercritical
521.00	484.00	151.17	0.0066152	1087.2	1407.3	4.6937	2.5292	3.3971	762.34	0.0043367	2.4693e-05	0.097042	supercritical
522.00	484.00	150.87	0.0066281	1089.9	1410.7	4.7002	2.5327	3.3992	762.50	0.0042605	2.4694e-05	0.097171	supercritical
523.00	484.00	150.58	0.0066411	1092.7	1414.1	4.7067	2.5361	3.4013	762.66	0.0041841	2.4696e-05	0.097300	supercritical
524.00	484.00	150.28	0.0066541	1095.5	1417.5	4.7132	2.5396	3.4034	762.82	0.0041077	2.4698e-05	0.097430	supercritical
525.00	484.00	149.99	0.0066670	1098.3	1420.9	4.7197	2.5431	3.4056	762.99	0.0040312	2.4700e-05	0.097561	supercritical
526.00	484.00	149.70	0.0066800	1101.0	1424.3	4.7262	2.5466	3.4077	763.15	0.0039546	2.4702e-05	0.097692	supercritical
527.00	484.00	149.41	0.0066930	1103.8	1427.8	4.7326	2.5501	3.4099	763.32	0.0038779	2.4704e-05	0.097823	supercritical
528.00	484.00	149.12	0.0067059	1106.6	1431.2	4.7391	2.5536	3.4121	763.49	0.0038012	2.4706e-05	0.097956	supercritical
529.00	484.00	148.83	0.0067189	1109.4	1434.6	4.7456	2.5570	3.4142	763.67	0.0037244	2.4709e-05	0.098088	supercritical
530.00	484.00	148.55	0.0067318	1112.2	1438.0	4.7520	2.5605	3.4164	763.84	0.0036476	2.4711e-05	0.098222	supercritical
531.00	484.00	148.26	0.0067447	1115.0	1441.4	4.7585	2.5640	3.4186	764.02	0.0035707	2.4714e-05	0.098356	supercritical
532.00	484.00	147.98	0.0067577	1117.8	1444.8	4.7649	2.5675	3.4208	764.19	0.0034938	2.4717e-05	0.098490	supercritical
533.00	484.00	147.70	0.0067706	1120.6	1448.3	4.7713	2.5710	3.4230	764.37	0.0034168	2.4720e-05	0.098625	supercritical
534.00	484.00	147.42	0.0067835	1123.4	1451.7	4.7777	2.5745	3.4252	764.55	0.0033398	2.4723e-05	0.098760	supercritical
535.00	484.00	147.14	0.0067964	1126.2	1455.1	4.7841	2.5780	3.4274	764.74	0.0032628	2.4726e-05	0.098897	supercritical
536.00	484.00	146.86	0.0068093	1129.0	1458.5	4.7906	2.5815	3.4297	764.92	0.0031857	2.4729e-05	0.099033	supercritical
537.00	484.00	146.58	0.0068222	1131.8	1462.0	4.7969	2.5849	3.4319	765.11	0.0031087	2.4733e-05	0.099170	supercritical
538.00	484.00	146.30	0.0068351	1134.6	1465.4	4.8033	2.5884	3.4341	765.29	0.0030316	2.4736e-05	0.099308	supercritical
539.00	484.00	146.03	0.0068480	1137.4	1468.8	4.8097	2.5919	3.4364	765.48	0.0029545	2.4740e-05	0.099446	supercritical
540.00	484.00	145.75	0.0068609	1140.2	1472.3	4.8161	2.5954	3.4387	765.67	0.0028774	2.4744e-05	0.099584	supercritical
541.00	484.00	145.48	0.0068738	1143.0	1475.7	4.8224	2.5989	3.4409	765.86	0.0028003	2.4748e-05	0.099724	supercritical
542.00	484.00	145.21	0.0068867	1145.8	1479.1	4.8288	2.6024	3.4432	766.06	0.0027232	2.4752e-05	0.099863	supercritical
543.00	484.00	144.94	0.0068996	1148.7	1482.6	4.8352	2.6059	3.4455	766.25	0.0026461	2.4756e-05	0.10000	supercritical
544.00	484.00	144.67	0.0069124	1151.5	1486.0	4.8415	2.6094	3.4478	766.45	0.0025690	2.4760e-05	0.10014	supercritical
545.00	484.00	144.40	0.0069253	1154.3	1489.5	4.8478	2.6129	3.4500	766.65	0.0024919	2.4764e-05	0.10029	supercritical
546.00	484.00	144.13	0.0069382	1157.1	1492.9	4.8542	2.6164	3.4523	766.85	0.0024149	2.4769e-05	0.10043	supercritical
547.00	484.00	143.86	0.0069510	1160.0	1496.4	4.8605	2.6199	3.4546	767.05	0.0023378	2.4773e-05	0.10057	supercritical
548.00	484.00	143.60	0.0069639	1162.8	1499.8	4.8668	2.6234	3.4570	767.25	0.0022608	2.4778e-05	0.10071	supercritical
549.00	484.00	143.33	0.0069767	1165.6	1503.3	4.8731	2.6269	3.4593	767.45	0.0021839	2.4782e-05	0.10085	supercritical
550.00	484.00	143.07	0.0069896	1168.5	1506.8	4.8794	2.6304	3.4616	767.66	0.0021069	2.4787e-05	0.10100	supercritical
551.00	484.00	142.81	0.0070024	1171.3	1510.2	4.8857	2.6339	3.4639	767.86	0.0020300	2.4792e-05	0.10114	supercritical
552.00	484.00	142.55	0.0070152	1174.2	1513.7	4.8920	2.6374	3.4663	768.07	0.0019532	2.4797e-05	0.10129	supercritical
553.00	484.00	142.29	0.0070281	1177.0	1517.2	4.8982	2.6408	3.4686	768.28	0.0018763	2.4802e-05	0.10143	supercritical
554.00	484.00	142.03	0.0070409	1179.9	1520.6	4.9045	2.6443	3.4710	768.49	0.0017996	2.4807e-05	0.10158	supercritical
555.00	484.00	141.77	0.0070537	1182.7	1524.1	4.9108	2.6478	3.4733	768.70	0.0017229	2.4813e-05	0.10172	supercritical
556.00	484.00	141.51	0.0070665	1185.6	1527.6	4.9170	2.6513	3.4757	768.91	0.0016462	2.4818e-05	0.10187	supercritical
557.00	484.00	141.26	0.0070793	1188.4	1531.1	4.9233	2.6548	3.4780	769.13	0.0015696	2.4824e-05	0.10202	supercritical
558.00	484.00	141.00	0.0070921	1191.3	1534.5	4.9295	2.6583	3.4804	769.34	0.0014930	2.4829e-05	0.10216	supercritical
559.00	484.00	140.75	0.0071049	1194.1	1538.0	4.9357	2.6618	3.4828	769.56	0.0014165	2.4835e-05	0.10231	supercritical
560.00	484.00	140.49	0.0071177	1197.0	1541.5	4.9420	2.6653	3.4852	769.78	0.0013401	2.4841e-05	0.10246	supercritical
561.00	484.00	140.24	0.0071305	1199.9	1545.0	4.9482	2.6688	3.4876	770.00	0.0012638	2.4846e-05	0.10261	supercritical
562.00	484.00	139.99	0.0071433	1202.7	1548.5	4.9544	2.6723	3.4900	770.22	0.0011875	2.4852e-05	0.10276	supercritical
563.00	484.00	139.74	0.0071561	1205.6	1552.0	4.9606	2.6758	3.4924	770.44	0.0011113	2.4858e-05	0.10291	supercritical
564.00	484.00	139.49	0.0071689	1208.5	1555.5	4.9668	2.6793	3.4948	770.66	0.0010352	2.4864e-05	0.10306	supercritical
565.00	484.00	139.24	0.0071816	1211.4	1559.0	4.9730	2.6828	3.4972	770.88	0.00095914	2.4871e-05	0.10321	supercritical
566.00	484.00	139.00	0.0071944	1214.2	1562.5	4.9792	2.6863	3.4996	771.11	0.00088318	2.4877e-05	0.10336	supercritical
567.00	484.00	138.75	0.0072072	1217.1	1566.0	4.9854	2.6898	3.5020	771.33	0.00080731	2.4883e-05	0.10351	supercritical
568.00	484.00	138.51	0.0072199	1220.0	1569.5	4.9915	2.6933	3.5045	771.56	0.00073152	2.4890e-05	0.10366	supercritical
569.00	484.00	138.26	0.0072327	1222.9	1573.0	4.9977	2.6968	3.5069	771.79	0.00065583	2.4896e-05	0.10381	supercritical
570.00	484.00	138.02	0.0072454	1225.8	1576.5	5.0039	2.7002	3.5093	772.02	0.00058023	2.4903e-05	0.10397	supercritical
571.00	484.00	137.78	0.0072582	1228.7	1580.0	5.0100	2.7037	3.5118	772.25	0.00050473	2.4910e-05	0.10412	supercritical
572.00	484.00	137.53	0.0072709	1231.6	1583.5	5.0162	2.7072	3.5142	772.48	0.00042932	2.4917e-05	0.10427	supercritical
573.00	484.00	137.29	0.0072837	1234.5	1587.0	5.0223	2.7107	3.5167	772.71	0.00035402	2.4923e-05	0.10443	supercritical
574.00	484.00	137.05	0.0072964	1237.4	1590.5	5.0284	2.7142	3.5191	772.95	0.00027882	2.4930e-05	0.10458	supercritical
575.00	484.00	136.82	0.0073091	1240.3	1594.0	5.0346	2.7177	3.5216	773.18	0.00020372	2.4937e-05	0.10474	supercritical
576.00	484.00	136.58	0.0073218	1243.2	1597.6	5.0407	2.7212	3.5241	773.42	0.00012873	2.4945e-05	0.10489	supercritical
577.00	484.00	136.34	0.0073346	1246.1	1601.1	5.0468	2.7247	3.5266	773.65	5.3851e-05	2.4952e-05	0.10505	supercritical
578.00	484.00	136.10	0.0073473	1249.0	1604.6	5.0529	2.7282	3.5290	773.89	-2.0917e-05	2.4959e-05	0.10520	supercritical
579.00	484.00	135.87	0.0073600	1251.9	1608.2	5.0590	2.7317	3.5315	774.13	-9.5572e-05	2.4966e-05	0.10536	supercritical
580.00	484.00	135.64	0.0073727	1254.9	1611.7	5.0651	2.7351	3.5340	774.37	-0.00017011	2.4974e-05	0.10551	supercritical
581.00	484.00	135.40	0.0073854	1257.8	1615.2	5.0712	2.7386	3.5365	774.61	-0.00024453	2.4981e-05	0.10567	supercritical
582.00	484.00	135.17	0.0073981	1260.7	1618.8	5.0773	2.7421	3.5390	774.85	-0.00031884	2.4989e-05	0.10583	supercritical
583.00	484.00	134.94	0.0074108	1263.6	1622.3	5.0834	2.7456	3.5415	775.09	-0.00039302	2.4996e-05	0.10599	supercritical
584.00	484.00	134.71	0.0074234	1266.5	1625.8	5.0894	2.7491	3.5440	775.34	-0.00046708	2.5004e-05	0.10615	supercritical
585.00	484.00	134.48	0.0074361	1269.5	1629.4	5.0955	2.7526	3.5465	775.58	-0.00054101	2.5012e-05	0.10630	supercritical
586.00	484.00	134.25	0.0074488	1272.4	1632.9	5.1016	2.7561	3.5490	775.83	-0.00061482	2.5020e-05	0.10646	supercritical
587.00	484.00	134.02	0.0074615	1275.4	1636.5	5.1076	2.7595	3.5516	776.07	-0.00068850	2.5028e-05	0.10662	supercritical
588.00	484.00	133.79	0.0074741	1278.3	1640.0	5.1137	2.7630	3.5541	776.32	-0.00076205	2.5036e-05	0.10678	supercritical
589.00	484.00	133.57	0.0074868	1281.2	1643.6	5.1197	2.7665	3.5566	776.57	-0.00083547	2.5044e-05	0.10694	supercritical
590.00	484.00	133.34	0.0074995	1284.2	1647.2	5.1257	2.7700	3.5591	776.81	-0.00090875	2.5052e-05	0.10710	supercritical
591.00	484.00	133.12	0.0075121	1287.1	1650.7	5.1318	2.7735	3.5617	777.06	-0.00098190	2.5060e-05	0.10726	supercritical
592.00	484.00	132.89	0.0075248	1290.1	1654.3	5.1378	2.7769	3.5642	777.31	-0.0010549	2.5069e-05	0.10743	supercritical
593.00	484.00	132.67	0.0075374	1293.0	1657.8	5.1438	2.7804	3.5668	777.57	-0.0011278	2.5077e-05	0.10759	supercritical
594.00	484.00	132.45	0.0075501	1296.0	1661.4	5.1498	2.7839	3.5693	777.82	-0.0012005	2.5085e-05	0.10775	supercritical
595.00	484.00	132.23	0.0075627	1298.9	1665.0	5.1558	2.7874	3.5719	778.07	-0.0012731	2.5094e-05	0.10791	supercritical
596.00	484.00	132.01	0.0075753	1301.9	1668.6	5.1618	2.7909	3.5744	778.32	-0.0013456	2.5102e-05	0.10807	supercritical
597.00	484.00	131.79	0.0075880	1304.9	1672.1	5.1678	2.7943	3.5770	778.58	-0.0014179	2.5111e-05	0.10824	supercritical
598.00	484.00	131.57	0.0076006	1307.8	1675.7	5.1738	2.7978	3.5795	778.83	-0.0014901	2.5120e-05	0.10840	supercritical
599.00	484.00	131.35	0.0076132	1310.8	1679.3	5.1798	2.8013	3.5821	779.09	-0.0015621	2.5128e-05	0.10856	supercritical
600.00	484.00	131.13	0.0076258	1313.8	1682.9	5.1858	2.8047	3.5847	779.35	-0.0016340	2.5137e-05	0.10873	supercritical
601.00	484.00	130.92	0.0076384	1316.8	1686.5	5.1917	2.8082	3.5873	779.60	-0.0017057	2.5146e-05	0.10889	supercritical
602.00	484.00	130.70	0.0076510	1319.7	1690.0	5.1977	2.8117	3.5898	779.86	-0.0017773	2.5155e-05	0.10906	supercritical
603.00	484.00	130.49	0.0076636	1322.7	1693.6	5.2037	2.8152	3.5924	780.12	-0.0018487	2.5164e-05	0.10922	supercritical
604.00	484.00	130.27	0.0076762	1325.7	1697.2	5.2096	2.8186	3.5950	780.38	-0.0019200	2.5173e-05	0.10939	supercritical
605.00	484.00	130.06	0.0076888	1328.7	1700.8	5.2156	2.8221	3.5976	780.64	-0.0019911	2.5182e-05	0.10956	supercritical
606.00	484.00	129.85	0.0077014	1331.7	1704.4	5.2215	2.8256	3.6002	780.90	-0.0020621	2.5191e-05	0.10972	supercritical
607.00	484.00	129.63	0.0077140	1334.7	1708.0	5.2275	2.8290	3.6028	781.17	-0.0021329	2.5200e-05	0.10989	supercritical
608.00	484.00	129.42	0.0077266	1337.7	1711.6	5.2334	2.8325	3.6054	781.43	-0.0022035	2.5210e-05	0.11006	supercritical
609.00	484.00	129.21	0.0077391	1340.7	1715.2	5.2393	2.8360	3.6080	781.69	-0.0022740	2.5219e-05	0.11022	supercritical
610.00	484.00	129.00	0.0077517	1343.7	1718.8	5.2452	2.8394	3.6106	781.96	-0.0023444	2.5229e-05	0.11039	supercritical
611.00	484.00	128.79	0.0077643	1346.7	1722.5	5.2512	2.8429	3.6132	782.22	-0.0024146	2.5238e-05	0.11056	supercritical
612.00	484.00	128.59	0.0077768	1349.7	1726.1	5.2571	2.8463	3.6158	782.49	-0.0024846	2.5247e-05	0.11073	supercritical
613.00	484.00	128.38	0.0077894	1352.7	1729.7	5.2630	2.8498	3.6184	782.75	-0.0025545	2.5257e-05	0.11089	supercritical
614.00	484.00	128.17	0.0078020	1355.7	1733.3	5.2689	2.8533	3.6210	783.02	-0.0026242	2.5267e-05	0.11106	supercritical
615.00	484.00	127.97	0.0078145	1358.7	1736.9	5.2748	2.8567	3.6237	783.29	-0.0026937	2.5276e-05	0.11123	supercritical
616.00	484.00	127.76	0.0078270	1361.7	1740.6	5.2807	2.8602	3.6263	783.55	-0.0027631	2.5286e-05	0.11140	supercritical
617.00	484.00	127.56	0.0078396	1364.8	1744.2	5.2865	2.8636	3.6289	783.82	-0.0028323	2.5296e-05	0.11157	supercritical
618.00	484.00	127.35	0.0078521	1367.8	1747.8	5.2924	2.8671	3.6315	784.09	-0.0029014	2.5306e-05	0.11174	supercritical
619.00	484.00	127.15	0.0078647	1370.8	1751.4	5.2983	2.8705	3.6342	784.36	-0.0029702	2.5316e-05	0.11191	supercritical
620.00	484.00	126.95	0.0078772	1373.8	1755.1	5.3042	2.8740	3.6368	784.63	-0.0030390	2.5326e-05	0.11208	supercritical
621.00	484.00	126.75	0.0078897	1376.9	1758.7	5.3100	2.8774	3.6394	784.90	-0.0031075	2.5336e-05	0.11226	supercritical
622.00	484.00	126.55	0.0079022	1379.9	1762.4	5.3159	2.8809	3.6421	785.18	-0.0031759	2.5346e-05	0.11243	supercritical
623.00	484.00	126.35	0.0079148	1382.9	1766.0	5.3217	2.8843	3.6447	785.45	-0.0032441	2.5356e-05	0.11260	supercritical
624.00	484.00	126.15	0.0079273	1386.0	1769.7	5.3276	2.8878	3.6474	785.72	-0.0033122	2.5366e-05	0.11277	supercritical
625.00	484.00	125.95	0.0079398	1389.0	1773.3	5.3334	2.8912	3.6500	785.99	-0.0033801	2.5376e-05	0.11294	supercritical
