Temperature (K)	Pressure (bar)	Density (kg/m3)	Volume (m3/kg)	Internal Energy (kJ/kg)	Enthalpy (kJ/kg)	Entropy (J/g*K)	Cv (J/g*K)	Cp (J/g*K)	Sound Spd. (m/s)	Joule-Thomson (K/bar)	Viscosity (Pa*s)	Therm. Cond. (W/m*K)	Phase
102.00	302.00	456.00	0.0021930	-51.235	14.994	-0.49916	2.1728	3.2641	1637.4	-0.050406	0.00020778	0.22404	liquid
103.00	302.00	454.88	0.0021984	-48.133	18.258	-0.46731	2.1682	3.2652	1630.3	-0.050293	0.00020193	0.22294	liquid
104.00	302.00	453.76	0.0022038	-45.031	21.524	-0.43576	2.1635	3.2662	1623.3	-0.050177	0.00019639	0.22183	liquid
105.00	302.00	452.64	0.0022092	-41.928	24.791	-0.40450	2.1590	3.2673	1616.2	-0.050059	0.00019114	0.22071	liquid
106.00	302.00	451.52	0.0022147	-38.826	28.059	-0.37352	2.1544	3.2685	1609.1	-0.049937	0.00018616	0.21958	liquid
107.00	302.00	450.40	0.0022202	-35.723	31.328	-0.34283	2.1500	3.2696	1602.0	-0.049813	0.00018143	0.21845	liquid
108.00	302.00	449.28	0.0022258	-32.621	34.598	-0.31241	2.1455	3.2708	1594.9	-0.049686	0.00017693	0.21732	liquid
109.00	302.00	448.16	0.0022314	-29.518	37.869	-0.28225	2.1411	3.2720	1587.9	-0.049556	0.00017264	0.21617	liquid
110.00	302.00	447.03	0.0022370	-26.415	41.142	-0.25237	2.1368	3.2732	1580.8	-0.049424	0.00016855	0.21502	liquid
111.00	302.00	445.91	0.0022426	-23.311	44.416	-0.22274	2.1325	3.2744	1573.7	-0.049289	0.00016465	0.21387	liquid
112.00	302.00	444.78	0.0022483	-20.208	47.691	-0.19337	2.1282	3.2756	1566.6	-0.049151	0.00016092	0.21272	liquid
113.00	302.00	443.65	0.0022540	-17.104	50.967	-0.16425	2.1239	3.2769	1559.5	-0.049010	0.00015734	0.21156	liquid
114.00	302.00	442.52	0.0022598	-14.001	54.244	-0.13537	2.1197	3.2781	1552.4	-0.048867	0.00015392	0.21039	liquid
115.00	302.00	441.39	0.0022656	-10.897	57.523	-0.10673	2.1155	3.2794	1545.3	-0.048721	0.00015064	0.20923	liquid
116.00	302.00	440.26	0.0022714	-7.7926	60.803	-0.078335	2.1113	3.2806	1538.2	-0.048571	0.00014749	0.20806	liquid
117.00	302.00	439.13	0.0022772	-4.6884	64.084	-0.050169	2.1072	3.2819	1531.1	-0.048419	0.00014446	0.20689	liquid
118.00	302.00	437.99	0.0022831	-1.5840	67.367	-0.022232	2.1031	3.2832	1524.0	-0.048264	0.00014155	0.20571	liquid
119.00	302.00	436.86	0.0022891	1.5205	70.651	0.0054801	2.0990	3.2845	1516.9	-0.048106	0.00013875	0.20454	liquid
120.00	302.00	435.72	0.0022951	4.6252	73.936	0.032971	2.0949	3.2858	1509.8	-0.047945	0.00013605	0.20337	liquid
121.00	302.00	434.58	0.0023011	7.7300	77.222	0.060245	2.0909	3.2872	1502.8	-0.047780	0.00013345	0.20219	liquid
122.00	302.00	433.44	0.0023071	10.835	80.510	0.087306	2.0869	3.2885	1495.7	-0.047613	0.00013094	0.20102	liquid
123.00	302.00	432.30	0.0023132	13.940	83.800	0.11416	2.0829	3.2899	1488.6	-0.047442	0.00012852	0.19984	liquid
124.00	302.00	431.15	0.0023194	17.045	87.090	0.14080	2.0790	3.2912	1481.6	-0.047268	0.00012617	0.19867	liquid
125.00	302.00	430.01	0.0023255	20.150	90.382	0.16724	2.0750	3.2926	1474.5	-0.047090	0.00012391	0.19749	liquid
126.00	302.00	428.86	0.0023318	23.256	93.675	0.19348	2.0711	3.2940	1467.5	-0.046909	0.00012172	0.19632	liquid
127.00	302.00	427.71	0.0023380	26.361	96.970	0.21953	2.0673	3.2954	1460.4	-0.046724	0.00011960	0.19515	liquid
128.00	302.00	426.56	0.0023443	29.467	100.27	0.24538	2.0634	3.2968	1453.4	-0.046536	0.00011754	0.19398	liquid
129.00	302.00	425.41	0.0023507	32.573	103.56	0.27104	2.0596	3.2983	1446.4	-0.046344	0.00011555	0.19281	liquid
130.00	302.00	424.25	0.0023571	35.679	106.86	0.29652	2.0558	3.2997	1439.4	-0.046149	0.00011361	0.19164	liquid
131.00	302.00	423.10	0.0023635	38.785	110.16	0.32181	2.0520	3.3012	1432.4	-0.045949	0.00011174	0.19047	liquid
132.00	302.00	421.94	0.0023700	41.891	113.47	0.34692	2.0483	3.3027	1425.4	-0.045746	0.00010992	0.18931	liquid
133.00	302.00	420.78	0.0023765	44.997	116.77	0.37185	2.0446	3.3043	1418.4	-0.045539	0.00010815	0.18815	liquid
134.00	302.00	419.62	0.0023831	48.103	120.07	0.39661	2.0409	3.3058	1411.4	-0.045328	0.00010643	0.18699	liquid
135.00	302.00	418.45	0.0023898	51.210	123.38	0.42119	2.0373	3.3074	1404.5	-0.045113	0.00010476	0.18583	liquid
136.00	302.00	417.29	0.0023964	54.316	126.69	0.44561	2.0337	3.3090	1397.5	-0.044893	0.00010313	0.18468	liquid
137.00	302.00	416.12	0.0024031	57.423	130.00	0.46985	2.0301	3.3106	1390.6	-0.044670	0.00010155	0.18353	liquid
138.00	302.00	414.95	0.0024099	60.530	133.31	0.49394	2.0265	3.3122	1383.7	-0.044442	0.00010001	0.18238	liquid
139.00	302.00	413.78	0.0024167	63.637	136.62	0.51786	2.0230	3.3139	1376.8	-0.044209	9.8505e-05	0.18124	liquid
140.00	302.00	412.61	0.0024236	66.744	139.94	0.54162	2.0195	3.3156	1369.9	-0.043972	9.7042e-05	0.18010	liquid
141.00	302.00	411.43	0.0024305	69.852	143.25	0.56523	2.0160	3.3173	1363.0	-0.043731	9.5617e-05	0.17896	liquid
142.00	302.00	410.25	0.0024375	72.959	146.57	0.58868	2.0126	3.3191	1356.1	-0.043485	9.4227e-05	0.17783	liquid
143.00	302.00	409.08	0.0024445	76.067	149.89	0.61197	2.0092	3.3208	1349.2	-0.043234	9.2871e-05	0.17670	liquid
144.00	302.00	407.89	0.0024516	79.175	153.21	0.63512	2.0058	3.3227	1342.4	-0.042979	9.1548e-05	0.17558	liquid
145.00	302.00	406.71	0.0024588	82.283	156.54	0.65812	2.0025	3.3245	1335.6	-0.042719	9.0257e-05	0.17446	liquid
146.00	302.00	405.52	0.0024659	85.391	159.86	0.68098	1.9992	3.3264	1328.7	-0.042453	8.8996e-05	0.17334	liquid
147.00	302.00	404.34	0.0024732	88.500	163.19	0.70369	1.9959	3.3283	1321.9	-0.042183	8.7765e-05	0.17223	liquid
148.00	302.00	403.15	0.0024805	91.608	166.52	0.72626	1.9926	3.3302	1315.1	-0.041908	8.6563e-05	0.17113	liquid
149.00	302.00	401.95	0.0024879	94.717	169.85	0.74869	1.9894	3.3322	1308.4	-0.041627	8.5387e-05	0.17002	liquid
150.00	302.00	400.76	0.0024953	97.827	173.18	0.77099	1.9862	3.3342	1301.6	-0.041342	8.4239e-05	0.16893	liquid
151.00	302.00	399.56	0.0025027	100.94	176.52	0.79315	1.9831	3.3362	1294.8	-0.041051	8.3116e-05	0.16783	liquid
152.00	302.00	398.36	0.0025103	104.05	179.86	0.81518	1.9800	3.3383	1288.1	-0.040754	8.2018e-05	0.16675	liquid
153.00	302.00	397.16	0.0025179	107.16	183.20	0.83708	1.9769	3.3404	1281.4	-0.040452	8.0943e-05	0.16566	liquid
154.00	302.00	395.96	0.0025255	110.27	186.54	0.85884	1.9738	3.3425	1274.7	-0.040145	7.9892e-05	0.16458	liquid
155.00	302.00	394.75	0.0025332	113.38	189.88	0.88048	1.9708	3.3447	1268.0	-0.039831	7.8864e-05	0.16351	liquid
156.00	302.00	393.54	0.0025410	116.49	193.23	0.90200	1.9678	3.3469	1261.3	-0.039513	7.7857e-05	0.16244	liquid
157.00	302.00	392.33	0.0025489	119.60	196.57	0.92339	1.9649	3.3491	1254.7	-0.039188	7.6872e-05	0.16138	liquid
158.00	302.00	391.12	0.0025568	122.71	199.92	0.94467	1.9620	3.3514	1248.1	-0.038857	7.5907e-05	0.16033	liquid
159.00	302.00	389.90	0.0025647	125.82	203.28	0.96582	1.9591	3.3537	1241.5	-0.038521	7.4961e-05	0.15927	liquid
160.00	302.00	388.68	0.0025728	128.93	206.63	0.98685	1.9562	3.3561	1234.9	-0.038178	7.4035e-05	0.15823	liquid
161.00	302.00	387.46	0.0025809	132.05	209.99	1.0078	1.9534	3.3585	1228.3	-0.037829	7.3128e-05	0.15719	liquid
162.00	302.00	386.24	0.0025891	135.16	213.35	1.0286	1.9506	3.3609	1221.7	-0.037474	7.2239e-05	0.15615	liquid
163.00	302.00	385.01	0.0025973	138.27	216.71	1.0493	1.9479	3.3633	1215.2	-0.037113	7.1368e-05	0.15513	liquid
164.00	302.00	383.79	0.0026056	141.39	220.08	1.0698	1.9451	3.3658	1208.7	-0.036745	7.0513e-05	0.15410	liquid
165.00	302.00	382.56	0.0026140	144.50	223.44	1.0903	1.9425	3.3684	1202.1	-0.036371	6.9675e-05	0.15308	liquid
166.00	302.00	381.32	0.0026225	147.61	226.81	1.1107	1.9398	3.3709	1195.7	-0.035991	6.8854e-05	0.15207	liquid
167.00	302.00	380.09	0.0026310	150.73	230.18	1.1309	1.9372	3.3735	1189.2	-0.035603	6.8048e-05	0.15107	liquid
168.00	302.00	378.85	0.0026396	153.84	233.56	1.1511	1.9346	3.3762	1182.8	-0.035209	6.7258e-05	0.15007	liquid
169.00	302.00	377.61	0.0026483	156.96	236.94	1.1711	1.9321	3.3788	1176.3	-0.034809	6.6482e-05	0.14907	liquid
170.00	302.00	376.36	0.0026570	160.08	240.32	1.1911	1.9296	3.3816	1169.9	-0.034401	6.5721e-05	0.14809	liquid
171.00	302.00	375.12	0.0026658	163.19	243.70	1.2109	1.9271	3.3843	1163.6	-0.033987	6.4974e-05	0.14711	liquid
172.00	302.00	373.87	0.0026747	166.31	247.09	1.2306	1.9246	3.3871	1157.2	-0.033565	6.4241e-05	0.14613	liquid
173.00	302.00	372.62	0.0026837	169.43	250.47	1.2503	1.9222	3.3899	1150.9	-0.033137	6.3522e-05	0.14516	liquid
174.00	302.00	371.37	0.0026928	172.54	253.87	1.2698	1.9199	3.3927	1144.5	-0.032701	6.2815e-05	0.14420	liquid
175.00	302.00	370.11	0.0027019	175.66	257.26	1.2893	1.9175	3.3956	1138.3	-0.032258	6.2121e-05	0.14324	liquid
176.00	302.00	368.85	0.0027111	178.78	260.66	1.3086	1.9152	3.3985	1132.0	-0.031808	6.1440e-05	0.14229	liquid
177.00	302.00	367.59	0.0027204	181.90	264.06	1.3279	1.9130	3.4015	1125.7	-0.031350	6.0770e-05	0.14135	liquid
178.00	302.00	366.32	0.0027298	185.02	267.46	1.3471	1.9107	3.4045	1119.5	-0.030885	6.0113e-05	0.14041	liquid
179.00	302.00	365.06	0.0027393	188.14	270.87	1.3662	1.9085	3.4075	1113.3	-0.030413	5.9467e-05	0.13948	liquid
180.00	302.00	363.79	0.0027488	191.26	274.27	1.3851	1.9064	3.4105	1107.2	-0.029933	5.8832e-05	0.13856	liquid
181.00	302.00	362.52	0.0027585	194.38	277.69	1.4041	1.9042	3.4136	1101.0	-0.029445	5.8208e-05	0.13764	liquid
182.00	302.00	361.24	0.0027682	197.50	281.10	1.4229	1.9022	3.4167	1094.9	-0.028950	5.7595e-05	0.13673	liquid
183.00	302.00	359.97	0.0027780	200.62	284.52	1.4416	1.9001	3.4199	1088.8	-0.028447	5.6993e-05	0.13583	liquid
184.00	302.00	358.69	0.0027880	203.75	287.94	1.4602	1.8981	3.4230	1082.7	-0.027936	5.6400e-05	0.13493	liquid
185.00	302.00	357.40	0.0027980	206.87	291.37	1.4788	1.8961	3.4262	1076.7	-0.027417	5.5818e-05	0.13404	liquid
186.00	302.00	356.12	0.0028080	209.99	294.79	1.4973	1.8941	3.4294	1070.7	-0.026891	5.5245e-05	0.13316	liquid
187.00	302.00	354.83	0.0028182	213.11	298.23	1.5157	1.8922	3.4327	1064.7	-0.026356	5.4682e-05	0.13228	liquid
188.00	302.00	353.54	0.0028285	216.24	301.66	1.5340	1.8903	3.4359	1058.7	-0.025814	5.4128e-05	0.13142	liquid
189.00	302.00	352.25	0.0028389	219.36	305.10	1.5522	1.8885	3.4392	1052.8	-0.025263	5.3583e-05	0.13056	liquid
190.00	302.00	350.96	0.0028494	222.49	308.54	1.5704	1.8867	3.4425	1046.9	-0.024704	5.3047e-05	0.12972	liquid
191.00	302.00	349.66	0.0028599	225.61	311.98	1.5885	1.8849	3.4458	1041.0	-0.024137	5.2520e-05	0.12887	supercritical
192.00	302.00	348.36	0.0028706	228.74	315.43	1.6065	1.8832	3.4492	1035.2	-0.023562	5.2002e-05	0.12801	supercritical
193.00	302.00	347.06	0.0028814	231.86	318.88	1.6244	1.8815	3.4525	1029.4	-0.022979	5.1491e-05	0.12717	supercritical
194.00	302.00	345.75	0.0028922	234.99	322.33	1.6423	1.8798	3.4559	1023.6	-0.022388	5.0989e-05	0.12633	supercritical
195.00	302.00	344.45	0.0029032	238.12	325.79	1.6600	1.8781	3.4593	1017.8	-0.021788	5.0495e-05	0.12550	supercritical
196.00	302.00	343.14	0.0029143	241.24	329.25	1.6777	1.8765	3.4627	1012.1	-0.021180	5.0009e-05	0.12468	supercritical
197.00	302.00	341.83	0.0029255	244.37	332.72	1.6954	1.8750	3.4661	1006.4	-0.020564	4.9530e-05	0.12387	supercritical
198.00	302.00	340.51	0.0029367	247.50	336.19	1.7129	1.8734	3.4695	1000.8	-0.019939	4.9059e-05	0.12306	supercritical
199.00	302.00	339.20	0.0029481	250.62	339.66	1.7304	1.8720	3.4730	995.15	-0.019307	4.8595e-05	0.12226	supercritical
200.00	302.00	337.88	0.0029596	253.75	343.13	1.7478	1.8705	3.4764	989.57	-0.018665	4.8138e-05	0.12147	supercritical
201.00	302.00	336.56	0.0029712	256.88	346.61	1.7652	1.8691	3.4798	984.02	-0.018016	4.7689e-05	0.12068	supercritical
202.00	302.00	335.24	0.0029830	260.01	350.09	1.7825	1.8677	3.4833	978.50	-0.017358	4.7246e-05	0.11990	supercritical
203.00	302.00	333.91	0.0029948	263.13	353.58	1.7997	1.8663	3.4867	973.02	-0.016692	4.6810e-05	0.11913	supercritical
204.00	302.00	332.59	0.0030067	266.26	357.06	1.8168	1.8650	3.4901	967.57	-0.016018	4.6381e-05	0.11836	supercritical
205.00	302.00	331.26	0.0030188	269.39	360.56	1.8339	1.8637	3.4936	962.16	-0.015336	4.5958e-05	0.11760	supercritical
206.00	302.00	329.93	0.0030310	272.52	364.05	1.8509	1.8624	3.4970	956.79	-0.014645	4.5542e-05	0.11685	supercritical
207.00	302.00	328.60	0.0030432	275.64	367.55	1.8678	1.8612	3.5004	951.46	-0.013946	4.5132e-05	0.11611	supercritical
208.00	302.00	327.26	0.0030556	278.77	371.05	1.8847	1.8600	3.5038	946.16	-0.013239	4.4728e-05	0.11537	supercritical
209.00	302.00	325.93	0.0030682	281.90	374.56	1.9015	1.8589	3.5072	940.90	-0.012525	4.4330e-05	0.11464	supercritical
210.00	302.00	324.59	0.0030808	285.03	378.07	1.9183	1.8578	3.5105	935.68	-0.011802	4.3938e-05	0.11391	supercritical
211.00	302.00	323.25	0.0030936	288.15	381.58	1.9350	1.8567	3.5139	930.50	-0.011071	4.3552e-05	0.11320	supercritical
212.00	302.00	321.91	0.0031064	291.28	385.09	1.9516	1.8556	3.5172	925.35	-0.010332	4.3172e-05	0.11249	supercritical
213.00	302.00	320.57	0.0031194	294.41	388.61	1.9681	1.8546	3.5205	920.25	-0.0095855	4.2797e-05	0.11178	supercritical
214.00	302.00	319.23	0.0031326	297.53	392.14	1.9846	1.8536	3.5238	915.19	-0.0088313	4.2427e-05	0.11109	supercritical
215.00	302.00	317.88	0.0031458	300.66	395.66	2.0011	1.8527	3.5270	910.17	-0.0080695	4.2064e-05	0.11040	supercritical
216.00	302.00	316.54	0.0031592	303.78	399.19	2.0174	1.8518	3.5302	905.19	-0.0073002	4.1705e-05	0.10972	supercritical
217.00	302.00	315.19	0.0031727	306.91	402.72	2.0338	1.8509	3.5334	900.26	-0.0065235	4.1352e-05	0.10904	supercritical
218.00	302.00	313.84	0.0031863	310.03	406.26	2.0500	1.8500	3.5365	895.36	-0.0057396	4.1004e-05	0.10838	supercritical
219.00	302.00	312.50	0.0032000	313.15	409.79	2.0662	1.8492	3.5396	890.51	-0.0049485	4.0661e-05	0.10772	supercritical
220.00	302.00	311.15	0.0032139	316.27	413.34	2.0823	1.8484	3.5426	885.71	-0.0041504	4.0322e-05	0.10706	supercritical
221.00	302.00	309.80	0.0032279	319.40	416.88	2.0984	1.8477	3.5456	880.94	-0.0033454	3.9989e-05	0.10642	supercritical
222.00	302.00	308.45	0.0032421	322.52	420.43	2.1144	1.8470	3.5485	876.22	-0.0025337	3.9661e-05	0.10578	supercritical
223.00	302.00	307.10	0.0032563	325.64	423.98	2.1304	1.8463	3.5514	871.55	-0.0017154	3.9337e-05	0.10515	supercritical
224.00	302.00	305.74	0.0032707	328.75	427.53	2.1463	1.8456	3.5543	866.92	-0.00089072	3.9019e-05	0.10452	supercritical
225.00	302.00	304.39	0.0032852	331.87	431.08	2.1621	1.8450	3.5570	862.34	-5.9815e-05	3.8704e-05	0.10390	supercritical
226.00	302.00	303.04	0.0032999	334.99	434.64	2.1779	1.8444	3.5597	857.80	0.00077713	3.8394e-05	0.10329	supercritical
227.00	302.00	301.69	0.0033147	338.10	438.20	2.1936	1.8438	3.5624	853.31	0.0016199	3.8089e-05	0.10269	supercritical
228.00	302.00	300.34	0.0033296	341.21	441.77	2.2093	1.8433	3.5649	848.87	0.0024684	3.7788e-05	0.10209	supercritical
229.00	302.00	298.98	0.0033447	344.33	445.33	2.2249	1.8428	3.5674	844.47	0.0033223	3.7492e-05	0.10150	supercritical
230.00	302.00	297.63	0.0033599	347.44	448.90	2.2404	1.8423	3.5699	840.12	0.0041815	3.7200e-05	0.10092	supercritical
231.00	302.00	296.28	0.0033752	350.54	452.47	2.2559	1.8419	3.5722	835.82	0.0050456	3.6912e-05	0.10035	supercritical
232.00	302.00	294.93	0.0033906	353.65	456.05	2.2714	1.8415	3.5745	831.56	0.0059146	3.6628e-05	0.099779	supercritical
233.00	302.00	293.58	0.0034062	356.75	459.62	2.2867	1.8411	3.5766	827.36	0.0067881	3.6348e-05	0.099218	supercritical
234.00	302.00	292.23	0.0034220	359.86	463.20	2.3021	1.8408	3.5787	823.20	0.0076659	3.6072e-05	0.098664	supercritical
235.00	302.00	290.88	0.0034378	362.96	466.78	2.3173	1.8404	3.5807	819.09	0.0085477	3.5801e-05	0.098117	supercritical
236.00	302.00	289.53	0.0034538	366.06	470.36	2.3325	1.8401	3.5826	815.03	0.0094334	3.5533e-05	0.097577	supercritical
237.00	302.00	288.19	0.0034700	369.15	473.95	2.3477	1.8399	3.5845	811.02	0.010323	3.5269e-05	0.097044	supercritical
238.00	302.00	286.84	0.0034862	372.25	477.53	2.3628	1.8397	3.5862	807.06	0.011215	3.5009e-05	0.096518	supercritical
239.00	302.00	285.50	0.0035026	375.34	481.12	2.3778	1.8395	3.5878	803.15	0.012110	3.4753e-05	0.096000	supercritical
240.00	302.00	284.16	0.0035192	378.43	484.71	2.3928	1.8393	3.5893	799.29	0.013008	3.4500e-05	0.095488	supercritical
241.00	302.00	282.82	0.0035359	381.51	488.30	2.4077	1.8392	3.5907	795.47	0.013909	3.4251e-05	0.094983	supercritical
242.00	302.00	281.48	0.0035527	384.60	491.89	2.4226	1.8390	3.5920	791.71	0.014811	3.4006e-05	0.094485	supercritical
243.00	302.00	280.14	0.0035696	387.68	495.48	2.4374	1.8390	3.5932	788.00	0.015716	3.3765e-05	0.093994	supercritical
244.00	302.00	278.81	0.0035867	390.76	499.07	2.4522	1.8389	3.5943	784.34	0.016621	3.3527e-05	0.093510	supercritical
245.00	302.00	277.48	0.0036039	393.83	502.67	2.4669	1.8389	3.5953	780.73	0.017528	3.3292e-05	0.093033	supercritical
246.00	302.00	276.15	0.0036213	396.90	506.26	2.4815	1.8389	3.5962	777.17	0.018436	3.3061e-05	0.092562	supercritical
247.00	302.00	274.82	0.0036387	399.97	509.86	2.4961	1.8389	3.5969	773.66	0.019344	3.2834e-05	0.092099	supercritical
248.00	302.00	273.50	0.0036564	403.04	513.46	2.5107	1.8390	3.5975	770.21	0.020253	3.2610e-05	0.091642	supercritical
249.00	302.00	272.18	0.0036741	406.10	517.06	2.5251	1.8390	3.5981	766.80	0.021161	3.2389e-05	0.091192	supercritical
250.00	302.00	270.86	0.0036920	409.16	520.65	2.5396	1.8392	3.5984	763.44	0.022068	3.2171e-05	0.090748	supercritical
251.00	302.00	269.54	0.0037100	412.21	524.25	2.5539	1.8393	3.5987	760.14	0.022975	3.1957e-05	0.090312	supercritical
252.00	302.00	268.23	0.0037281	415.26	527.85	2.5682	1.8395	3.5988	756.88	0.023881	3.1746e-05	0.089882	supercritical
253.00	302.00	266.92	0.0037464	418.31	531.45	2.5825	1.8397	3.5989	753.67	0.024785	3.1538e-05	0.089458	supercritical
254.00	302.00	265.62	0.0037648	421.35	535.05	2.5967	1.8399	3.5988	750.52	0.025687	3.1334e-05	0.089041	supercritical
255.00	302.00	264.32	0.0037833	424.39	538.65	2.6108	1.8401	3.5985	747.42	0.026586	3.1132e-05	0.088631	supercritical
256.00	302.00	263.02	0.0038020	427.43	542.25	2.6249	1.8404	3.5982	744.36	0.027483	3.0934e-05	0.088227	supercritical
257.00	302.00	261.73	0.0038207	430.46	545.84	2.6389	1.8407	3.5977	741.36	0.028378	3.0738e-05	0.087829	supercritical
258.00	302.00	260.44	0.0038396	433.48	549.44	2.6529	1.8410	3.5971	738.41	0.029268	3.0546e-05	0.087438	supercritical
259.00	302.00	259.16	0.0038587	436.51	553.04	2.6668	1.8414	3.5964	735.50	0.030156	3.0357e-05	0.087054	supercritical
260.00	302.00	257.88	0.0038778	439.52	556.63	2.6807	1.8417	3.5955	732.65	0.031039	3.0170e-05	0.086675	supercritical
261.00	302.00	256.60	0.0038971	442.54	560.23	2.6945	1.8421	3.5945	729.84	0.031917	2.9987e-05	0.086303	supercritical
262.00	302.00	255.33	0.0039165	445.55	563.82	2.7082	1.8426	3.5934	727.09	0.032791	2.9806e-05	0.085937	supercritical
263.00	302.00	254.07	0.0039360	448.55	567.42	2.7219	1.8430	3.5922	724.38	0.033660	2.9629e-05	0.085577	supercritical
264.00	302.00	252.81	0.0039556	451.55	571.01	2.7355	1.8435	3.5908	721.72	0.034524	2.9454e-05	0.085223	supercritical
265.00	302.00	251.55	0.0039753	454.54	574.60	2.7491	1.8440	3.5894	719.12	0.035381	2.9282e-05	0.084876	supercritical
266.00	302.00	250.30	0.0039952	457.53	578.19	2.7626	1.8445	3.5878	716.55	0.036233	2.9112e-05	0.084534	supercritical
267.00	302.00	249.06	0.0040151	460.52	581.77	2.7761	1.8451	3.5860	714.04	0.037079	2.8946e-05	0.084198	supercritical
268.00	302.00	247.82	0.0040352	463.50	585.36	2.7895	1.8456	3.5842	711.58	0.037917	2.8782e-05	0.083868	supercritical
269.00	302.00	246.58	0.0040554	466.47	588.94	2.8028	1.8462	3.5823	709.16	0.038749	2.8621e-05	0.083544	supercritical
270.00	302.00	245.36	0.0040757	469.44	592.52	2.8161	1.8469	3.5802	706.79	0.039573	2.8462e-05	0.083225	supercritical
271.00	302.00	244.14	0.0040961	472.40	596.10	2.8293	1.8475	3.5780	704.46	0.040390	2.8306e-05	0.082913	supercritical
272.00	302.00	242.92	0.0041166	475.36	599.68	2.8425	1.8482	3.5757	702.19	0.041199	2.8152e-05	0.082606	supercritical
273.00	302.00	241.71	0.0041372	478.31	603.25	2.8556	1.8489	3.5733	699.95	0.042000	2.8001e-05	0.082304	supercritical
274.00	302.00	240.51	0.0041579	481.26	606.83	2.8687	1.8496	3.5708	697.77	0.042792	2.7853e-05	0.082008	supercritical
275.00	302.00	239.31	0.0041787	484.20	610.40	2.8817	1.8503	3.5682	695.62	0.043576	2.7707e-05	0.081718	supercritical
276.00	302.00	238.12	0.0041996	487.13	613.96	2.8947	1.8511	3.5655	693.53	0.044350	2.7564e-05	0.081433	supercritical
277.00	302.00	236.93	0.0042206	490.06	617.53	2.9075	1.8519	3.5627	691.47	0.045116	2.7423e-05	0.081153	supercritical
278.00	302.00	235.76	0.0042417	492.99	621.09	2.9204	1.8527	3.5598	689.46	0.045872	2.7284e-05	0.080879	supercritical
279.00	302.00	234.59	0.0042628	495.91	624.65	2.9332	1.8536	3.5568	687.50	0.046619	2.7148e-05	0.080609	supercritical
280.00	302.00	233.42	0.0042841	498.82	628.20	2.9459	1.8544	3.5537	685.57	0.047355	2.7014e-05	0.080345	supercritical
281.00	302.00	232.26	0.0043055	501.73	631.75	2.9585	1.8553	3.5505	683.69	0.048082	2.6882e-05	0.080086	supercritical
282.00	302.00	231.11	0.0043269	504.63	635.30	2.9711	1.8562	3.5472	681.85	0.048799	2.6752e-05	0.079832	supercritical
283.00	302.00	229.97	0.0043484	507.53	638.85	2.9837	1.8571	3.5439	680.05	0.049505	2.6625e-05	0.079583	supercritical
284.00	302.00	228.83	0.0043700	510.41	642.39	2.9962	1.8581	3.5405	678.29	0.050201	2.6500e-05	0.079339	supercritical
285.00	302.00	227.70	0.0043917	513.30	645.93	3.0086	1.8590	3.5370	676.57	0.050885	2.6377e-05	0.079100	supercritical
286.00	302.00	226.58	0.0044135	516.18	649.46	3.0210	1.8600	3.5334	674.89	0.051559	2.6257e-05	0.078866	supercritical
287.00	302.00	225.46	0.0044353	519.05	653.00	3.0333	1.8611	3.5297	673.25	0.052222	2.6138e-05	0.078636	supercritical
288.00	302.00	224.35	0.0044572	521.91	656.52	3.0456	1.8621	3.5260	671.65	0.052874	2.6022e-05	0.078411	supercritical
289.00	302.00	223.25	0.0044792	524.77	660.05	3.0578	1.8632	3.5223	670.09	0.053515	2.5907e-05	0.078191	supercritical
290.00	302.00	222.16	0.0045013	527.63	663.57	3.0700	1.8642	3.5184	668.56	0.054144	2.5795e-05	0.077975	supercritical
291.00	302.00	221.07	0.0045234	530.48	667.08	3.0821	1.8654	3.5145	667.07	0.054762	2.5685e-05	0.077764	supercritical
292.00	302.00	219.99	0.0045456	533.32	670.60	3.0941	1.8665	3.5106	665.62	0.055368	2.5576e-05	0.077557	supercritical
293.00	302.00	218.92	0.0045678	536.16	674.11	3.1061	1.8676	3.5066	664.20	0.055963	2.5470e-05	0.077355	supercritical
294.00	302.00	217.86	0.0045902	538.99	677.61	3.1181	1.8688	3.5025	662.82	0.056545	2.5365e-05	0.077157	supercritical
295.00	302.00	216.80	0.0046125	541.81	681.11	3.1300	1.8700	3.4985	661.47	0.057116	2.5263e-05	0.076963	supercritical
296.00	302.00	215.75	0.0046350	544.63	684.61	3.1418	1.8712	3.4943	660.15	0.057675	2.5162e-05	0.076774	supercritical
297.00	302.00	214.71	0.0046575	547.44	688.10	3.1536	1.8724	3.4902	658.87	0.058222	2.5063e-05	0.076588	supercritical
298.00	302.00	213.67	0.0046800	550.25	691.59	3.1653	1.8737	3.4860	657.62	0.058758	2.4966e-05	0.076407	supercritical
299.00	302.00	212.65	0.0047026	553.05	695.07	3.1770	1.8750	3.4817	656.41	0.059281	2.4871e-05	0.076230	supercritical
300.00	302.00	211.63	0.0047253	555.85	698.55	3.1886	1.8763	3.4775	655.23	0.059792	2.4777e-05	0.076057	supercritical
301.00	302.00	210.62	0.0047480	558.64	702.03	3.2001	1.8776	3.4732	654.07	0.060291	2.4685e-05	0.075887	supercritical
302.00	302.00	209.61	0.0047708	561.42	705.50	3.2117	1.8790	3.4689	652.95	0.060778	2.4595e-05	0.075722	supercritical
303.00	302.00	208.61	0.0047936	564.20	708.96	3.2231	1.8803	3.4645	651.86	0.061253	2.4507e-05	0.075561	supercritical
304.00	302.00	207.62	0.0048164	566.97	712.43	3.2345	1.8817	3.4602	650.80	0.061716	2.4420e-05	0.075403	supercritical
305.00	302.00	206.64	0.0048393	569.74	715.88	3.2459	1.8831	3.4558	649.77	0.062167	2.4335e-05	0.075249	supercritical
306.00	302.00	205.67	0.0048622	572.50	719.34	3.2572	1.8846	3.4514	648.76	0.062605	2.4251e-05	0.075099	supercritical
307.00	302.00	204.70	0.0048852	575.25	722.79	3.2684	1.8860	3.4470	647.79	0.063032	2.4169e-05	0.074953	supercritical
308.00	302.00	203.74	0.0049082	578.00	726.23	3.2796	1.8875	3.4426	646.84	0.063447	2.4089e-05	0.074810	supercritical
309.00	302.00	202.79	0.0049312	580.75	729.67	3.2908	1.8890	3.4382	645.92	0.063850	2.4010e-05	0.074671	supercritical
310.00	302.00	201.84	0.0049543	583.49	733.11	3.3019	1.8905	3.4338	645.02	0.064241	2.3933e-05	0.074535	supercritical
311.00	302.00	200.91	0.0049774	586.22	736.54	3.3130	1.8920	3.4294	644.15	0.064620	2.3857e-05	0.074403	supercritical
312.00	302.00	199.98	0.0050006	588.95	739.97	3.3240	1.8936	3.4250	643.31	0.064987	2.3782e-05	0.074274	supercritical
313.00	302.00	199.05	0.0050238	591.67	743.39	3.3349	1.8952	3.4207	642.49	0.065342	2.3709e-05	0.074149	supercritical
314.00	302.00	198.14	0.0050470	594.39	746.81	3.3458	1.8968	3.4163	641.70	0.065686	2.3638e-05	0.074027	supercritical
315.00	302.00	197.23	0.0050702	597.10	750.22	3.3567	1.8984	3.4119	640.93	0.066018	2.3568e-05	0.073909	supercritical
316.00	302.00	196.33	0.0050935	599.81	753.63	3.3675	1.9000	3.4075	640.19	0.066339	2.3499e-05	0.073793	supercritical
317.00	302.00	195.44	0.0051167	602.51	757.04	3.3782	1.9017	3.4032	639.47	0.066648	2.3431e-05	0.073681	supercritical
318.00	302.00	194.55	0.0051401	605.21	760.44	3.3889	1.9034	3.3988	638.77	0.066946	2.3365e-05	0.073572	supercritical
319.00	302.00	193.67	0.0051634	607.90	763.84	3.3996	1.9051	3.3945	638.09	0.067232	2.3300e-05	0.073467	supercritical
320.00	302.00	192.80	0.0051867	610.59	767.23	3.4102	1.9068	3.3902	637.44	0.067507	2.3237e-05	0.073364	supercritical
321.00	302.00	191.93	0.0052101	613.27	770.62	3.4208	1.9085	3.3860	636.81	0.067771	2.3174e-05	0.073265	supercritical
322.00	302.00	191.08	0.0052335	615.95	774.00	3.4313	1.9103	3.3817	636.20	0.068025	2.3113e-05	0.073168	supercritical
323.00	302.00	190.23	0.0052569	618.62	777.38	3.4418	1.9121	3.3775	635.61	0.068267	2.3053e-05	0.073075	supercritical
324.00	302.00	189.38	0.0052803	621.29	780.75	3.4522	1.9139	3.3733	635.04	0.068498	2.2995e-05	0.072984	supercritical
325.00	302.00	188.55	0.0053038	623.95	784.13	3.4626	1.9157	3.3691	634.49	0.068719	2.2937e-05	0.072897	supercritical
326.00	302.00	187.72	0.0053272	626.61	787.49	3.4730	1.9175	3.3650	633.95	0.068929	2.2881e-05	0.072812	supercritical
327.00	302.00	186.89	0.0053507	629.27	790.86	3.4833	1.9194	3.3609	633.44	0.069129	2.2826e-05	0.072730	supercritical
328.00	302.00	186.08	0.0053741	631.92	794.21	3.4935	1.9213	3.3568	632.95	0.069319	2.2771e-05	0.072652	supercritical
329.00	302.00	185.27	0.0053976	634.56	797.57	3.5037	1.9232	3.3528	632.48	0.069498	2.2718e-05	0.072576	supercritical
330.00	302.00	184.46	0.0054211	637.20	800.92	3.5139	1.9251	3.3487	632.02	0.069667	2.2667e-05	0.072502	supercritical
331.00	302.00	183.67	0.0054446	639.84	804.27	3.5240	1.9270	3.3448	631.58	0.069826	2.2616e-05	0.072432	supercritical
332.00	302.00	182.88	0.0054681	642.47	807.61	3.5341	1.9290	3.3408	631.16	0.069976	2.2566e-05	0.072364	supercritical
333.00	302.00	182.09	0.0054916	645.10	810.95	3.5442	1.9310	3.3370	630.76	0.070115	2.2517e-05	0.072299	supercritical
334.00	302.00	181.32	0.0055152	647.73	814.28	3.5542	1.9330	3.3331	630.37	0.070245	2.2470e-05	0.072236	supercritical
335.00	302.00	180.55	0.0055387	650.35	817.61	3.5641	1.9350	3.3293	630.00	0.070366	2.2423e-05	0.072176	supercritical
336.00	302.00	179.78	0.0055622	652.96	820.94	3.5740	1.9370	3.3255	629.64	0.070478	2.2377e-05	0.072119	supercritical
337.00	302.00	179.03	0.0055857	655.58	824.27	3.5839	1.9391	3.3218	629.30	0.070580	2.2332e-05	0.072064	supercritical
338.00	302.00	178.28	0.0056093	658.19	827.59	3.5938	1.9412	3.3181	628.98	0.070673	2.2289e-05	0.072012	supercritical
339.00	302.00	177.53	0.0056328	660.79	830.90	3.6035	1.9433	3.3145	628.67	0.070757	2.2246e-05	0.071963	supercritical
340.00	302.00	176.79	0.0056563	663.39	834.21	3.6133	1.9454	3.3109	628.37	0.070833	2.2204e-05	0.071915	supercritical
341.00	302.00	176.06	0.0056799	665.99	837.52	3.6230	1.9475	3.3073	628.09	0.070900	2.2163e-05	0.071871	supercritical
342.00	302.00	175.33	0.0057034	668.59	840.83	3.6327	1.9497	3.3038	627.83	0.070959	2.2123e-05	0.071828	supercritical
343.00	302.00	174.61	0.0057269	671.18	844.13	3.6423	1.9518	3.3004	627.57	0.071009	2.2083e-05	0.071788	supercritical
344.00	302.00	173.90	0.0057505	673.77	847.43	3.6519	1.9540	3.2970	627.33	0.071051	2.2045e-05	0.071751	supercritical
345.00	302.00	173.19	0.0057740	676.35	850.73	3.6615	1.9562	3.2936	627.11	0.071085	2.2007e-05	0.071716	supercritical
346.00	302.00	172.49	0.0057975	678.93	854.02	3.6710	1.9584	3.2903	626.90	0.071111	2.1971e-05	0.071683	supercritical
347.00	302.00	171.79	0.0058210	681.51	857.31	3.6805	1.9607	3.2871	626.70	0.071130	2.1935e-05	0.071652	supercritical
348.00	302.00	171.10	0.0058445	684.09	860.59	3.6900	1.9629	3.2839	626.51	0.071140	2.1900e-05	0.071624	supercritical
349.00	302.00	170.41	0.0058680	686.66	863.87	3.6994	1.9652	3.2807	626.33	0.071144	2.1865e-05	0.071598	supercritical
350.00	302.00	169.73	0.0058915	689.23	867.15	3.7088	1.9675	3.2776	626.17	0.071140	2.1832e-05	0.071574	supercritical
351.00	302.00	169.06	0.0059150	691.79	870.43	3.7181	1.9698	3.2745	626.02	0.071128	2.1799e-05	0.071552	supercritical
352.00	302.00	168.39	0.0059385	694.36	873.70	3.7274	1.9721	3.2715	625.88	0.071110	2.1767e-05	0.071533	supercritical
353.00	302.00	167.73	0.0059620	696.92	876.97	3.7367	1.9745	3.2686	625.75	0.071085	2.1736e-05	0.071515	supercritical
354.00	302.00	167.07	0.0059855	699.48	880.24	3.7460	1.9768	3.2657	625.63	0.071053	2.1705e-05	0.071500	supercritical
355.00	302.00	166.42	0.0060089	702.03	883.50	3.7552	1.9792	3.2628	625.52	0.071014	2.1675e-05	0.071487	supercritical
356.00	302.00	165.77	0.0060324	704.59	886.76	3.7643	1.9816	3.2600	625.42	0.070969	2.1646e-05	0.071476	supercritical
357.00	302.00	165.13	0.0060558	707.14	890.02	3.7735	1.9840	3.2573	625.34	0.070917	2.1618e-05	0.071467	supercritical
358.00	302.00	164.49	0.0060792	709.69	893.28	3.7826	1.9865	3.2546	625.26	0.070859	2.1590e-05	0.071460	supercritical
359.00	302.00	163.86	0.0061027	712.23	896.53	3.7917	1.9889	3.2520	625.19	0.070795	2.1563e-05	0.071455	supercritical
360.00	302.00	163.24	0.0061261	714.78	899.78	3.8007	1.9914	3.2494	625.13	0.070725	2.1537e-05	0.071452	supercritical
361.00	302.00	162.62	0.0061495	717.32	903.03	3.8097	1.9938	3.2468	625.09	0.070649	2.1511e-05	0.071451	supercritical
362.00	302.00	162.00	0.0061728	719.86	906.28	3.8187	1.9963	3.2444	625.05	0.070568	2.1486e-05	0.071452	supercritical
363.00	302.00	161.39	0.0061962	722.39	909.52	3.8276	1.9988	3.2419	625.02	0.070481	2.1461e-05	0.071455	supercritical
364.00	302.00	160.78	0.0062196	724.93	912.76	3.8366	2.0013	3.2395	625.00	0.070388	2.1437e-05	0.071459	supercritical
365.00	302.00	160.18	0.0062429	727.46	916.00	3.8454	2.0039	3.2372	624.99	0.070290	2.1414e-05	0.071466	supercritical
366.00	302.00	159.59	0.0062662	730.00	919.24	3.8543	2.0064	3.2349	624.98	0.070186	2.1391e-05	0.071474	supercritical
367.00	302.00	158.99	0.0062896	732.52	922.47	3.8631	2.0090	3.2327	624.99	0.070078	2.1369e-05	0.071485	supercritical
368.00	302.00	158.41	0.0063129	735.05	925.70	3.8719	2.0116	3.2305	625.00	0.069965	2.1348e-05	0.071497	supercritical
369.00	302.00	157.82	0.0063362	737.58	928.93	3.8807	2.0142	3.2284	625.02	0.069846	2.1327e-05	0.071511	supercritical
370.00	302.00	157.25	0.0063594	740.10	932.16	3.8894	2.0168	3.2264	625.05	0.069723	2.1306e-05	0.071527	supercritical
371.00	302.00	156.67	0.0063827	742.63	935.38	3.8981	2.0194	3.2243	625.09	0.069595	2.1287e-05	0.071544	supercritical
372.00	302.00	156.11	0.0064059	745.15	938.61	3.9068	2.0220	3.2224	625.13	0.069463	2.1267e-05	0.071563	supercritical
373.00	302.00	155.54	0.0064292	747.67	941.83	3.9154	2.0247	3.2205	625.18	0.069326	2.1248e-05	0.071584	supercritical
374.00	302.00	154.98	0.0064524	750.19	945.05	3.9241	2.0274	3.2186	625.24	0.069185	2.1230e-05	0.071607	supercritical
375.00	302.00	154.43	0.0064756	752.70	948.27	3.9327	2.0300	3.2168	625.30	0.069040	2.1213e-05	0.071631	supercritical
376.00	302.00	153.88	0.0064988	755.22	951.48	3.9412	2.0327	3.2150	625.38	0.068890	2.1195e-05	0.071658	supercritical
377.00	302.00	153.33	0.0065219	757.73	954.70	3.9498	2.0354	3.2133	625.46	0.068737	2.1179e-05	0.071685	supercritical
378.00	302.00	152.79	0.0065451	760.25	957.91	3.9583	2.0382	3.2116	625.54	0.068579	2.1162e-05	0.071715	supercritical
379.00	302.00	152.25	0.0065682	762.76	961.12	3.9668	2.0409	3.2100	625.63	0.068418	2.1147e-05	0.071746	supercritical
380.00	302.00	151.71	0.0065913	765.27	964.33	3.9752	2.0436	3.2085	625.73	0.068253	2.1131e-05	0.071778	supercritical
381.00	302.00	151.18	0.0066144	767.78	967.54	3.9836	2.0464	3.2070	625.84	0.068085	2.1117e-05	0.071812	supercritical
382.00	302.00	150.66	0.0066375	770.29	970.74	3.9920	2.0492	3.2055	625.95	0.067913	2.1102e-05	0.071848	supercritical
383.00	302.00	150.14	0.0066606	772.80	973.95	4.0004	2.0520	3.2041	626.06	0.067737	2.1088e-05	0.071886	supercritical
384.00	302.00	149.62	0.0066836	775.30	977.15	4.0088	2.0548	3.2027	626.19	0.067558	2.1075e-05	0.071924	supercritical
385.00	302.00	149.11	0.0067067	777.81	980.35	4.0171	2.0576	3.2014	626.31	0.067376	2.1062e-05	0.071965	supercritical
386.00	302.00	148.60	0.0067297	780.32	983.55	4.0254	2.0604	3.2001	626.45	0.067191	2.1049e-05	0.072007	supercritical
387.00	302.00	148.09	0.0067527	782.82	986.75	4.0337	2.0632	3.1989	626.59	0.067003	2.1037e-05	0.072050	supercritical
388.00	302.00	147.59	0.0067756	785.33	989.95	4.0419	2.0661	3.1977	626.73	0.066812	2.1025e-05	0.072095	supercritical
389.00	302.00	147.09	0.0067986	787.83	993.15	4.0502	2.0689	3.1965	626.88	0.066617	2.1014e-05	0.072141	supercritical
390.00	302.00	146.59	0.0068215	790.33	996.34	4.0584	2.0718	3.1954	627.04	0.066421	2.1003e-05	0.072189	supercritical
391.00	302.00	146.10	0.0068445	792.84	999.54	4.0666	2.0747	3.1944	627.20	0.066221	2.0993e-05	0.072238	supercritical
392.00	302.00	145.62	0.0068674	795.34	1002.7	4.0747	2.0776	3.1934	627.36	0.066019	2.0982e-05	0.072289	supercritical
393.00	302.00	145.13	0.0068903	797.84	1005.9	4.0828	2.0805	3.1924	627.53	0.065814	2.0973e-05	0.072341	supercritical
394.00	302.00	144.65	0.0069131	800.34	1009.1	4.0910	2.0834	3.1915	627.71	0.065606	2.0963e-05	0.072395	supercritical
395.00	302.00	144.18	0.0069360	802.84	1012.3	4.0990	2.0863	3.1907	627.89	0.065397	2.0954e-05	0.072449	supercritical
396.00	302.00	143.70	0.0069588	805.34	1015.5	4.1071	2.0892	3.1898	628.07	0.065185	2.0946e-05	0.072506	supercritical
397.00	302.00	143.23	0.0069816	807.84	1018.7	4.1152	2.0922	3.1891	628.26	0.064970	2.0937e-05	0.072563	supercritical
398.00	302.00	142.77	0.0070044	810.34	1021.9	4.1232	2.0951	3.1883	628.45	0.064754	2.0930e-05	0.072622	supercritical
399.00	302.00	142.30	0.0070272	812.84	1025.1	4.1312	2.0981	3.1876	628.65	0.064535	2.0922e-05	0.072682	supercritical
400.00	302.00	141.84	0.0070500	815.34	1028.3	4.1392	2.1011	3.1870	628.85	0.064314	2.0915e-05	0.072744	supercritical
401.00	302.00	141.39	0.0070727	817.84	1031.4	4.1471	2.1041	3.1864	629.06	0.064092	2.0908e-05	0.072806	supercritical
402.00	302.00	140.94	0.0070954	820.34	1034.6	4.1551	2.1071	3.1858	629.27	0.063867	2.0901e-05	0.072870	supercritical
403.00	302.00	140.49	0.0071181	822.84	1037.8	4.1630	2.1101	3.1853	629.48	0.063641	2.0895e-05	0.072936	supercritical
404.00	302.00	140.04	0.0071408	825.34	1041.0	4.1709	2.1131	3.1848	629.70	0.063413	2.0889e-05	0.073002	supercritical
405.00	302.00	139.60	0.0071635	827.84	1044.2	4.1787	2.1161	3.1843	629.92	0.063183	2.0884e-05	0.073070	supercritical
406.00	302.00	139.16	0.0071861	830.34	1047.4	4.1866	2.1192	3.1839	630.14	0.062951	2.0879e-05	0.073139	supercritical
407.00	302.00	138.72	0.0072087	832.84	1050.5	4.1944	2.1222	3.1835	630.37	0.062718	2.0874e-05	0.073210	supercritical
408.00	302.00	138.29	0.0072314	835.34	1053.7	4.2022	2.1253	3.1832	630.60	0.062483	2.0869e-05	0.073281	supercritical
409.00	302.00	137.86	0.0072539	837.84	1056.9	4.2100	2.1283	3.1829	630.84	0.062247	2.0865e-05	0.073354	supercritical
410.00	302.00	137.43	0.0072765	840.35	1060.1	4.2178	2.1314	3.1827	631.08	0.062009	2.0861e-05	0.073428	supercritical
411.00	302.00	137.00	0.0072991	842.85	1063.3	4.2255	2.1345	3.1824	631.32	0.061770	2.0857e-05	0.073503	supercritical
412.00	302.00	136.58	0.0073216	845.35	1066.5	4.2333	2.1376	3.1823	631.56	0.061530	2.0854e-05	0.073579	supercritical
413.00	302.00	136.16	0.0073441	847.85	1069.6	4.2410	2.1407	3.1821	631.81	0.061288	2.0850e-05	0.073656	supercritical
414.00	302.00	135.75	0.0073666	850.35	1072.8	4.2487	2.1438	3.1820	632.06	0.061045	2.0847e-05	0.073735	supercritical
415.00	302.00	135.33	0.0073891	852.86	1076.0	4.2564	2.1469	3.1819	632.32	0.060801	2.0845e-05	0.073814	supercritical
416.00	302.00	134.92	0.0074115	855.36	1079.2	4.2640	2.1501	3.1819	632.58	0.060556	2.0843e-05	0.073895	supercritical
417.00	302.00	134.52	0.0074340	857.87	1082.4	4.2717	2.1532	3.1819	632.84	0.060310	2.0840e-05	0.073977	supercritical
418.00	302.00	134.11	0.0074564	860.37	1085.6	4.2793	2.1563	3.1819	633.10	0.060063	2.0839e-05	0.074060	supercritical
419.00	302.00	133.71	0.0074788	862.88	1088.7	4.2869	2.1595	3.1820	633.37	0.059815	2.0837e-05	0.074144	supercritical
420.00	302.00	133.31	0.0075012	865.38	1091.9	4.2945	2.1626	3.1821	633.64	0.059566	2.0836e-05	0.074229	supercritical
421.00	302.00	132.92	0.0075235	867.89	1095.1	4.3020	2.1658	3.1823	633.91	0.059316	2.0835e-05	0.074315	supercritical
422.00	302.00	132.52	0.0075459	870.40	1098.3	4.3096	2.1690	3.1824	634.18	0.059065	2.0834e-05	0.074402	supercritical
423.00	302.00	132.13	0.0075682	872.90	1101.5	4.3171	2.1722	3.1827	634.46	0.058813	2.0833e-05	0.074491	supercritical
424.00	302.00	131.74	0.0075905	875.41	1104.6	4.3246	2.1754	3.1829	634.74	0.058561	2.0833e-05	0.074580	supercritical
425.00	302.00	131.36	0.0076128	877.92	1107.8	4.3321	2.1785	3.1832	635.02	0.058308	2.0833e-05	0.074670	supercritical
426.00	302.00	130.97	0.0076351	880.43	1111.0	4.3396	2.1818	3.1835	635.31	0.058054	2.0833e-05	0.074762	supercritical
427.00	302.00	130.59	0.0076573	882.95	1114.2	4.3471	2.1850	3.1838	635.60	0.057800	2.0834e-05	0.074854	supercritical
428.00	302.00	130.22	0.0076796	885.46	1117.4	4.3545	2.1882	3.1842	635.89	0.057545	2.0834e-05	0.074947	supercritical
429.00	302.00	129.84	0.0077018	887.97	1120.6	4.3620	2.1914	3.1846	636.18	0.057290	2.0835e-05	0.075042	supercritical
430.00	302.00	129.47	0.0077240	890.49	1123.8	4.3694	2.1946	3.1850	636.47	0.057034	2.0836e-05	0.075137	supercritical
431.00	302.00	129.10	0.0077462	893.00	1126.9	4.3768	2.1979	3.1855	636.77	0.056777	2.0838e-05	0.075233	supercritical
432.00	302.00	128.73	0.0077683	895.52	1130.1	4.3842	2.2011	3.1860	637.07	0.056520	2.0839e-05	0.075330	supercritical
433.00	302.00	128.36	0.0077905	898.04	1133.3	4.3915	2.2044	3.1865	637.37	0.056263	2.0841e-05	0.075429	supercritical
434.00	302.00	128.00	0.0078126	900.55	1136.5	4.3989	2.2076	3.1871	637.67	0.056005	2.0843e-05	0.075528	supercritical
435.00	302.00	127.64	0.0078347	903.07	1139.7	4.4062	2.2109	3.1876	637.98	0.055747	2.0845e-05	0.075628	supercritical
436.00	302.00	127.28	0.0078568	905.60	1142.9	4.4135	2.2142	3.1883	638.29	0.055489	2.0847e-05	0.075729	supercritical
437.00	302.00	126.92	0.0078788	908.12	1146.1	4.4208	2.2175	3.1889	638.60	0.055230	2.0850e-05	0.075831	supercritical
438.00	302.00	126.57	0.0079009	910.64	1149.2	4.4281	2.2207	3.1896	638.91	0.054971	2.0852e-05	0.075933	supercritical
439.00	302.00	126.22	0.0079229	913.17	1152.4	4.4354	2.2240	3.1903	639.22	0.054712	2.0855e-05	0.076037	supercritical
440.00	302.00	125.87	0.0079449	915.69	1155.6	4.4427	2.2273	3.1910	639.54	0.054453	2.0858e-05	0.076142	supercritical
441.00	302.00	125.52	0.0079669	918.22	1158.8	4.4499	2.2306	3.1917	639.85	0.054193	2.0862e-05	0.076247	supercritical
442.00	302.00	125.17	0.0079889	920.75	1162.0	4.4571	2.2339	3.1925	640.17	0.053934	2.0865e-05	0.076353	supercritical
443.00	302.00	124.83	0.0080109	923.28	1165.2	4.4644	2.2372	3.1933	640.49	0.053674	2.0869e-05	0.076460	supercritical
444.00	302.00	124.49	0.0080328	925.81	1168.4	4.4716	2.2406	3.1942	640.81	0.053414	2.0873e-05	0.076568	supercritical
445.00	302.00	124.15	0.0080547	928.34	1171.6	4.4787	2.2439	3.1950	641.14	0.053154	2.0877e-05	0.076677	supercritical
446.00	302.00	123.81	0.0080767	930.87	1174.8	4.4859	2.2472	3.1959	641.46	0.052894	2.0881e-05	0.076787	supercritical
447.00	302.00	123.48	0.0080985	933.41	1178.0	4.4931	2.2505	3.1968	641.79	0.052634	2.0885e-05	0.076898	supercritical
448.00	302.00	123.15	0.0081204	935.95	1181.2	4.5002	2.2539	3.1978	642.12	0.052375	2.0890e-05	0.077009	supercritical
449.00	302.00	122.82	0.0081423	938.48	1184.4	4.5073	2.2572	3.1987	642.45	0.052115	2.0895e-05	0.077121	supercritical
450.00	302.00	122.49	0.0081641	941.02	1187.6	4.5145	2.2606	3.1997	642.78	0.051855	2.0899e-05	0.077234	supercritical
451.00	302.00	122.16	0.0081859	943.56	1190.8	4.5216	2.2639	3.2007	643.12	0.051595	2.0904e-05	0.077348	supercritical
452.00	302.00	121.84	0.0082077	946.11	1194.0	4.5287	2.2673	3.2018	643.45	0.051336	2.0910e-05	0.077463	supercritical
453.00	302.00	121.51	0.0082295	948.65	1197.2	4.5357	2.2707	3.2028	643.79	0.051076	2.0915e-05	0.077578	supercritical
454.00	302.00	121.19	0.0082513	951.20	1200.4	4.5428	2.2740	3.2039	644.13	0.050817	2.0921e-05	0.077694	supercritical
455.00	302.00	120.87	0.0082730	953.75	1203.6	4.5499	2.2774	3.2050	644.46	0.050558	2.0926e-05	0.077811	supercritical
456.00	302.00	120.56	0.0082948	956.29	1206.8	4.5569	2.2808	3.2061	644.81	0.050299	2.0932e-05	0.077929	supercritical
457.00	302.00	120.24	0.0083165	958.85	1210.0	4.5639	2.2842	3.2073	645.15	0.050040	2.0938e-05	0.078048	supercritical
458.00	302.00	119.93	0.0083382	961.40	1213.2	4.5709	2.2876	3.2085	645.49	0.049781	2.0944e-05	0.078167	supercritical
459.00	302.00	119.62	0.0083599	963.95	1216.4	4.5779	2.2910	3.2097	645.84	0.049523	2.0950e-05	0.078287	supercritical
460.00	302.00	119.31	0.0083816	966.51	1219.6	4.5849	2.2943	3.2109	646.18	0.049265	2.0957e-05	0.078408	supercritical
461.00	302.00	119.00	0.0084032	969.07	1222.8	4.5919	2.2977	3.2121	646.53	0.049007	2.0963e-05	0.078529	supercritical
462.00	302.00	118.70	0.0084248	971.62	1226.1	4.5988	2.3012	3.2134	646.88	0.048750	2.0970e-05	0.078651	supercritical
463.00	302.00	118.39	0.0084465	974.19	1229.3	4.6058	2.3046	3.2147	647.23	0.048492	2.0977e-05	0.078774	supercritical
464.00	302.00	118.09	0.0084681	976.75	1232.5	4.6127	2.3080	3.2160	647.58	0.048236	2.0984e-05	0.078898	supercritical
465.00	302.00	117.79	0.0084896	979.31	1235.7	4.6197	2.3114	3.2173	647.93	0.047979	2.0991e-05	0.079022	supercritical
466.00	302.00	117.49	0.0085112	981.88	1238.9	4.6266	2.3148	3.2187	648.28	0.047723	2.0998e-05	0.079147	supercritical
467.00	302.00	117.20	0.0085328	984.45	1242.1	4.6335	2.3182	3.2200	648.64	0.047467	2.1006e-05	0.079273	supercritical
468.00	302.00	116.90	0.0085543	987.02	1245.4	4.6404	2.3217	3.2214	648.99	0.047212	2.1013e-05	0.079400	supercritical
469.00	302.00	116.61	0.0085758	989.59	1248.6	4.6472	2.3251	3.2228	649.35	0.046957	2.1021e-05	0.079527	supercritical
470.00	302.00	116.32	0.0085973	992.17	1251.8	4.6541	2.3285	3.2242	649.70	0.046702	2.1029e-05	0.079655	supercritical
471.00	302.00	116.03	0.0086188	994.74	1255.0	4.6610	2.3320	3.2257	650.06	0.046448	2.1036e-05	0.079783	supercritical
472.00	302.00	115.74	0.0086403	997.32	1258.3	4.6678	2.3354	3.2272	650.42	0.046194	2.1044e-05	0.079912	supercritical
473.00	302.00	115.45	0.0086617	999.90	1261.5	4.6746	2.3389	3.2286	650.78	0.045941	2.1053e-05	0.080042	supercritical
474.00	302.00	115.17	0.0086832	1002.5	1264.7	4.6815	2.3423	3.2301	651.14	0.045688	2.1061e-05	0.080173	supercritical
475.00	302.00	114.88	0.0087046	1005.1	1267.9	4.6883	2.3458	3.2317	651.50	0.045436	2.1069e-05	0.080304	supercritical
476.00	302.00	114.60	0.0087260	1007.7	1271.2	4.6951	2.3492	3.2332	651.87	0.045184	2.1078e-05	0.080436	supercritical
477.00	302.00	114.32	0.0087474	1010.2	1274.4	4.7018	2.3527	3.2348	652.23	0.044933	2.1086e-05	0.080568	supercritical
478.00	302.00	114.04	0.0087688	1012.8	1277.6	4.7086	2.3561	3.2363	652.60	0.044682	2.1095e-05	0.080701	supercritical
479.00	302.00	113.76	0.0087901	1015.4	1280.9	4.7154	2.3596	3.2379	652.96	0.044432	2.1104e-05	0.080835	supercritical
480.00	302.00	113.49	0.0088115	1018.0	1284.1	4.7221	2.3631	3.2396	653.33	0.044182	2.1113e-05	0.080969	supercritical
481.00	302.00	113.21	0.0088328	1020.6	1287.4	4.7289	2.3665	3.2412	653.70	0.043933	2.1122e-05	0.081104	supercritical
482.00	302.00	112.94	0.0088541	1023.2	1290.6	4.7356	2.3700	3.2428	654.06	0.043684	2.1131e-05	0.081240	supercritical
483.00	302.00	112.67	0.0088754	1025.8	1293.8	4.7423	2.3735	3.2445	654.43	0.043436	2.1140e-05	0.081376	supercritical
484.00	302.00	112.40	0.0088967	1028.4	1297.1	4.7491	2.3770	3.2462	654.80	0.043188	2.1150e-05	0.081513	supercritical
485.00	302.00	112.13	0.0089180	1031.0	1300.3	4.7558	2.3804	3.2479	655.17	0.042941	2.1159e-05	0.081650	supercritical
486.00	302.00	111.87	0.0089393	1033.6	1303.6	4.7624	2.3839	3.2496	655.54	0.042695	2.1169e-05	0.081788	supercritical
487.00	302.00	111.60	0.0089605	1036.2	1306.8	4.7691	2.3874	3.2513	655.91	0.042449	2.1178e-05	0.081927	supercritical
488.00	302.00	111.34	0.0089817	1038.8	1310.1	4.7758	2.3909	3.2531	656.29	0.042204	2.1188e-05	0.082066	supercritical
489.00	302.00	111.07	0.0090029	1041.5	1313.3	4.7825	2.3944	3.2548	656.66	0.041959	2.1198e-05	0.082206	supercritical
490.00	302.00	110.81	0.0090241	1044.1	1316.6	4.7891	2.3979	3.2566	657.03	0.041715	2.1208e-05	0.082346	supercritical
491.00	302.00	110.55	0.0090453	1046.7	1319.9	4.7958	2.4014	3.2584	657.41	0.041472	2.1218e-05	0.082487	supercritical
492.00	302.00	110.30	0.0090665	1049.3	1323.1	4.8024	2.4049	3.2602	657.78	0.041229	2.1228e-05	0.082629	supercritical
493.00	302.00	110.04	0.0090876	1051.9	1326.4	4.8090	2.4084	3.2620	658.16	0.040987	2.1238e-05	0.082771	supercritical
494.00	302.00	109.78	0.0091088	1054.6	1329.6	4.8156	2.4119	3.2638	658.54	0.040745	2.1249e-05	0.082914	supercritical
495.00	302.00	109.53	0.0091299	1057.2	1332.9	4.8222	2.4154	3.2657	658.91	0.040505	2.1259e-05	0.083057	supercritical
496.00	302.00	109.28	0.0091510	1059.8	1336.2	4.8288	2.4189	3.2676	659.29	0.040264	2.1270e-05	0.083200	supercritical
497.00	302.00	109.03	0.0091721	1062.4	1339.4	4.8354	2.4224	3.2694	659.67	0.040025	2.1280e-05	0.083345	supercritical
498.00	302.00	108.78	0.0091932	1065.1	1342.7	4.8420	2.4259	3.2713	660.05	0.039786	2.1291e-05	0.083490	supercritical
499.00	302.00	108.53	0.0092142	1067.7	1346.0	4.8485	2.4294	3.2732	660.43	0.039548	2.1302e-05	0.083635	supercritical
500.00	302.00	108.28	0.0092353	1070.4	1349.3	4.8551	2.4329	3.2752	660.81	0.039310	2.1313e-05	0.083781	supercritical
501.00	302.00	108.03	0.0092563	1073.0	1352.5	4.8616	2.4364	3.2771	661.19	0.039074	2.1324e-05	0.083927	supercritical
502.00	302.00	107.79	0.0092774	1075.6	1355.8	4.8682	2.4400	3.2791	661.57	0.038838	2.1335e-05	0.084074	supercritical
503.00	302.00	107.55	0.0092984	1078.3	1359.1	4.8747	2.4435	3.2810	661.95	0.038602	2.1346e-05	0.084222	supercritical
504.00	302.00	107.30	0.0093194	1080.9	1362.4	4.8812	2.4470	3.2830	662.33	0.038367	2.1357e-05	0.084370	supercritical
505.00	302.00	107.06	0.0093403	1083.6	1365.7	4.8877	2.4505	3.2850	662.72	0.038133	2.1368e-05	0.084518	supercritical
506.00	302.00	106.82	0.0093613	1086.2	1368.9	4.8942	2.4540	3.2870	663.10	0.037900	2.1380e-05	0.084667	supercritical
507.00	302.00	106.58	0.0093823	1088.9	1372.2	4.9007	2.4576	3.2890	663.48	0.037667	2.1391e-05	0.084817	supercritical
508.00	302.00	106.35	0.0094032	1091.5	1375.5	4.9072	2.4611	3.2910	663.87	0.037435	2.1403e-05	0.084967	supercritical
509.00	302.00	106.11	0.0094241	1094.2	1378.8	4.9137	2.4646	3.2931	664.25	0.037204	2.1414e-05	0.085117	supercritical
510.00	302.00	105.88	0.0094451	1096.9	1382.1	4.9201	2.4682	3.2951	664.64	0.036974	2.1426e-05	0.085268	supercritical
511.00	302.00	105.64	0.0094660	1099.5	1385.4	4.9266	2.4717	3.2972	665.02	0.036744	2.1438e-05	0.085420	supercritical
512.00	302.00	105.41	0.0094869	1102.2	1388.7	4.9330	2.4752	3.2993	665.41	0.036515	2.1449e-05	0.085572	supercritical
513.00	302.00	105.18	0.0095077	1104.9	1392.0	4.9395	2.4788	3.3013	665.79	0.036287	2.1461e-05	0.085724	supercritical
514.00	302.00	104.95	0.0095286	1107.5	1395.3	4.9459	2.4823	3.3034	666.18	0.036059	2.1473e-05	0.085877	supercritical
515.00	302.00	104.72	0.0095494	1110.2	1398.6	4.9523	2.4858	3.3055	666.57	0.035832	2.1485e-05	0.086031	supercritical
516.00	302.00	104.49	0.0095703	1112.9	1401.9	4.9588	2.4894	3.3077	666.95	0.035606	2.1497e-05	0.086185	supercritical
517.00	302.00	104.26	0.0095911	1115.6	1405.2	4.9652	2.4929	3.3098	667.34	0.035381	2.1510e-05	0.086339	supercritical
518.00	302.00	104.04	0.0096119	1118.3	1408.5	4.9716	2.4964	3.3119	667.73	0.035156	2.1522e-05	0.086494	supercritical
519.00	302.00	103.81	0.0096327	1120.9	1411.9	4.9779	2.5000	3.3141	668.12	0.034932	2.1534e-05	0.086649	supercritical
520.00	302.00	103.59	0.0096535	1123.6	1415.2	4.9843	2.5035	3.3163	668.51	0.034709	2.1546e-05	0.086805	supercritical
521.00	302.00	103.37	0.0096743	1126.3	1418.5	4.9907	2.5071	3.3184	668.90	0.034487	2.1559e-05	0.086961	supercritical
522.00	302.00	103.15	0.0096950	1129.0	1421.8	4.9971	2.5106	3.3206	669.29	0.034265	2.1571e-05	0.087118	supercritical
523.00	302.00	102.93	0.0097158	1131.7	1425.1	5.0034	2.5142	3.3228	669.67	0.034044	2.1584e-05	0.087275	supercritical
524.00	302.00	102.71	0.0097365	1134.4	1428.4	5.0098	2.5177	3.3250	670.06	0.033824	2.1597e-05	0.087433	supercritical
525.00	302.00	102.49	0.0097572	1137.1	1431.8	5.0161	2.5212	3.3273	670.46	0.033604	2.1609e-05	0.087591	supercritical
526.00	302.00	102.27	0.0097779	1139.8	1435.1	5.0224	2.5248	3.3295	670.85	0.033386	2.1622e-05	0.087749	supercritical
527.00	302.00	102.06	0.0097986	1142.5	1438.4	5.0288	2.5283	3.3317	671.24	0.033168	2.1635e-05	0.087908	supercritical
528.00	302.00	101.84	0.0098193	1145.2	1441.8	5.0351	2.5319	3.3340	671.63	0.032951	2.1648e-05	0.088067	supercritical
529.00	302.00	101.63	0.0098400	1147.9	1445.1	5.0414	2.5354	3.3362	672.02	0.032734	2.1661e-05	0.088227	supercritical
530.00	302.00	101.41	0.0098606	1150.6	1448.4	5.0477	2.5390	3.3385	672.41	0.032519	2.1674e-05	0.088387	supercritical
531.00	302.00	101.20	0.0098813	1153.4	1451.8	5.0540	2.5425	3.3408	672.80	0.032304	2.1687e-05	0.088548	supercritical
532.00	302.00	100.99	0.0099019	1156.1	1455.1	5.0603	2.5461	3.3431	673.19	0.032090	2.1700e-05	0.088709	supercritical
533.00	302.00	100.78	0.0099225	1158.8	1458.5	5.0666	2.5496	3.3454	673.59	0.031876	2.1713e-05	0.088870	supercritical
534.00	302.00	100.57	0.0099432	1161.5	1461.8	5.0728	2.5532	3.3477	673.98	0.031664	2.1726e-05	0.089032	supercritical
535.00	302.00	100.36	0.0099638	1164.3	1465.2	5.0791	2.5567	3.3500	674.37	0.031452	2.1740e-05	0.089195	supercritical
536.00	302.00	100.16	0.0099843	1167.0	1468.5	5.0854	2.5603	3.3523	674.77	0.031241	2.1753e-05	0.089357	supercritical
537.00	302.00	99.951	0.010005	1169.7	1471.9	5.0916	2.5638	3.3546	675.16	0.031031	2.1766e-05	0.089520	supercritical
538.00	302.00	99.746	0.010025	1172.5	1475.2	5.0979	2.5674	3.3570	675.55	0.030821	2.1780e-05	0.089684	supercritical
539.00	302.00	99.542	0.010046	1175.2	1478.6	5.1041	2.5709	3.3593	675.95	0.030612	2.1793e-05	0.089848	supercritical
540.00	302.00	99.339	0.010067	1177.9	1481.9	5.1103	2.5745	3.3617	676.34	0.030404	2.1807e-05	0.090012	supercritical
541.00	302.00	99.136	0.010087	1180.7	1485.3	5.1165	2.5781	3.3640	676.73	0.030197	2.1820e-05	0.090177	supercritical
542.00	302.00	98.935	0.010108	1183.4	1488.7	5.1228	2.5816	3.3664	677.13	0.029990	2.1834e-05	0.090342	supercritical
543.00	302.00	98.735	0.010128	1186.2	1492.0	5.1290	2.5852	3.3688	677.52	0.029785	2.1848e-05	0.090507	supercritical
544.00	302.00	98.536	0.010149	1188.9	1495.4	5.1352	2.5887	3.3712	677.92	0.029580	2.1861e-05	0.090673	supercritical
545.00	302.00	98.337	0.010169	1191.7	1498.8	5.1414	2.5923	3.3736	678.31	0.029376	2.1875e-05	0.090839	supercritical
546.00	302.00	98.140	0.010190	1194.4	1502.2	5.1475	2.5958	3.3760	678.71	0.029172	2.1889e-05	0.091006	supercritical
547.00	302.00	97.943	0.010210	1197.2	1505.5	5.1537	2.5994	3.3784	679.10	0.028969	2.1903e-05	0.091173	supercritical
548.00	302.00	97.747	0.010230	1199.9	1508.9	5.1599	2.6029	3.3808	679.50	0.028768	2.1917e-05	0.091340	supercritical
549.00	302.00	97.552	0.010251	1202.7	1512.3	5.1661	2.6065	3.3833	679.89	0.028566	2.1931e-05	0.091508	supercritical
550.00	302.00	97.358	0.010271	1205.5	1515.7	5.1722	2.6100	3.3857	680.29	0.028366	2.1945e-05	0.091676	supercritical
551.00	302.00	97.165	0.010292	1208.3	1519.1	5.1784	2.6136	3.3881	680.69	0.028166	2.1959e-05	0.091845	supercritical
552.00	302.00	96.973	0.010312	1211.0	1522.5	5.1845	2.6172	3.3906	681.08	0.027967	2.1973e-05	0.092014	supercritical
553.00	302.00	96.781	0.010333	1213.8	1525.8	5.1907	2.6207	3.3930	681.48	0.027769	2.1987e-05	0.092183	supercritical
554.00	302.00	96.591	0.010353	1216.6	1529.2	5.1968	2.6243	3.3955	681.87	0.027572	2.2002e-05	0.092352	supercritical
555.00	302.00	96.401	0.010373	1219.4	1532.6	5.2029	2.6278	3.3980	682.27	0.027375	2.2016e-05	0.092522	supercritical
556.00	302.00	96.212	0.010394	1222.1	1536.0	5.2090	2.6314	3.4005	682.67	0.027179	2.2030e-05	0.092693	supercritical
557.00	302.00	96.024	0.010414	1224.9	1539.4	5.2152	2.6349	3.4029	683.06	0.026984	2.2044e-05	0.092863	supercritical
558.00	302.00	95.837	0.010434	1227.7	1542.8	5.2213	2.6385	3.4054	683.46	0.026790	2.2059e-05	0.093034	supercritical
559.00	302.00	95.651	0.010455	1230.5	1546.2	5.2274	2.6420	3.4079	683.85	0.026596	2.2073e-05	0.093206	supercritical
560.00	302.00	95.465	0.010475	1233.3	1549.7	5.2335	2.6456	3.4104	684.25	0.026403	2.2088e-05	0.093377	supercritical
561.00	302.00	95.280	0.010495	1236.1	1553.1	5.2395	2.6491	3.4130	684.65	0.026211	2.2102e-05	0.093550	supercritical
562.00	302.00	95.097	0.010516	1238.9	1556.5	5.2456	2.6527	3.4155	685.05	0.026020	2.2117e-05	0.093722	supercritical
563.00	302.00	94.913	0.010536	1241.7	1559.9	5.2517	2.6562	3.4180	685.44	0.025829	2.2131e-05	0.093895	supercritical
564.00	302.00	94.731	0.010556	1244.5	1563.3	5.2578	2.6598	3.4205	685.84	0.025639	2.2146e-05	0.094068	supercritical
565.00	302.00	94.550	0.010576	1247.3	1566.7	5.2638	2.6633	3.4231	686.24	0.025450	2.2161e-05	0.094241	supercritical
566.00	302.00	94.369	0.010597	1250.1	1570.2	5.2699	2.6669	3.4256	686.63	0.025262	2.2175e-05	0.094415	supercritical
567.00	302.00	94.189	0.010617	1253.0	1573.6	5.2759	2.6704	3.4282	687.03	0.025074	2.2190e-05	0.094589	supercritical
568.00	302.00	94.010	0.010637	1255.8	1577.0	5.2820	2.6740	3.4307	687.43	0.024887	2.2205e-05	0.094763	supercritical
569.00	302.00	93.831	0.010657	1258.6	1580.5	5.2880	2.6775	3.4333	687.83	0.024701	2.2220e-05	0.094938	supercritical
570.00	302.00	93.654	0.010678	1261.4	1583.9	5.2940	2.6811	3.4359	688.22	0.024516	2.2235e-05	0.095113	supercritical
571.00	302.00	93.477	0.010698	1264.2	1587.3	5.3001	2.6846	3.4384	688.62	0.024331	2.2249e-05	0.095288	supercritical
572.00	302.00	93.301	0.010718	1267.1	1590.8	5.3061	2.6882	3.4410	689.02	0.024147	2.2264e-05	0.095464	supercritical
573.00	302.00	93.125	0.010738	1269.9	1594.2	5.3121	2.6917	3.4436	689.41	0.023964	2.2279e-05	0.095640	supercritical
574.00	302.00	92.951	0.010758	1272.7	1597.6	5.3181	2.6953	3.4462	689.81	0.023781	2.2294e-05	0.095817	supercritical
575.00	302.00	92.777	0.010779	1275.6	1601.1	5.3241	2.6988	3.4488	690.21	0.023600	2.2309e-05	0.095993	supercritical
576.00	302.00	92.604	0.010799	1278.4	1604.5	5.3301	2.7024	3.4514	690.61	0.023418	2.2324e-05	0.096170	supercritical
577.00	302.00	92.431	0.010819	1281.3	1608.0	5.3361	2.7059	3.4540	691.00	0.023238	2.2339e-05	0.096347	supercritical
578.00	302.00	92.259	0.010839	1284.1	1611.5	5.3421	2.7095	3.4566	691.40	0.023059	2.2355e-05	0.096525	supercritical
579.00	302.00	92.088	0.010859	1287.0	1614.9	5.3480	2.7130	3.4592	691.80	0.022880	2.2370e-05	0.096703	supercritical
580.00	302.00	91.918	0.010879	1289.8	1618.4	5.3540	2.7165	3.4618	692.20	0.022701	2.2385e-05	0.096881	supercritical
581.00	302.00	91.749	0.010899	1292.7	1621.8	5.3600	2.7201	3.4645	692.60	0.022524	2.2400e-05	0.097060	supercritical
582.00	302.00	91.580	0.010919	1295.5	1625.3	5.3659	2.7236	3.4671	692.99	0.022347	2.2415e-05	0.097238	supercritical
583.00	302.00	91.412	0.010940	1298.4	1628.8	5.3719	2.7272	3.4697	693.39	0.022171	2.2431e-05	0.097417	supercritical
584.00	302.00	91.244	0.010960	1301.3	1632.2	5.3778	2.7307	3.4724	693.79	0.021996	2.2446e-05	0.097597	supercritical
585.00	302.00	91.077	0.010980	1304.1	1635.7	5.3838	2.7342	3.4750	694.19	0.021821	2.2461e-05	0.097776	supercritical
586.00	302.00	90.911	0.011000	1307.0	1639.2	5.3897	2.7378	3.4777	694.58	0.021647	2.2477e-05	0.097956	supercritical
587.00	302.00	90.746	0.011020	1309.9	1642.7	5.3957	2.7413	3.4803	694.98	0.021474	2.2492e-05	0.098137	supercritical
588.00	302.00	90.581	0.011040	1312.7	1646.2	5.4016	2.7449	3.4830	695.38	0.021302	2.2508e-05	0.098317	supercritical
589.00	302.00	90.417	0.011060	1315.6	1649.6	5.4075	2.7484	3.4856	695.78	0.021130	2.2523e-05	0.098498	supercritical
590.00	302.00	90.254	0.011080	1318.5	1653.1	5.4134	2.7519	3.4883	696.17	0.020959	2.2539e-05	0.098679	supercritical
591.00	302.00	90.091	0.011100	1321.4	1656.6	5.4193	2.7555	3.4910	696.57	0.020788	2.2554e-05	0.098861	supercritical
592.00	302.00	89.929	0.011120	1324.3	1660.1	5.4252	2.7590	3.4937	696.97	0.020619	2.2570e-05	0.099042	supercritical
593.00	302.00	89.767	0.011140	1327.2	1663.6	5.4311	2.7625	3.4963	697.37	0.020450	2.2585e-05	0.099224	supercritical
594.00	302.00	89.607	0.011160	1330.1	1667.1	5.4370	2.7661	3.4990	697.76	0.020281	2.2601e-05	0.099407	supercritical
595.00	302.00	89.446	0.011180	1333.0	1670.6	5.4429	2.7696	3.5017	698.16	0.020114	2.2616e-05	0.099589	supercritical
596.00	302.00	89.287	0.011200	1335.9	1674.1	5.4488	2.7731	3.5044	698.56	0.019947	2.2632e-05	0.099772	supercritical
597.00	302.00	89.128	0.011220	1338.8	1677.6	5.4547	2.7766	3.5071	698.96	0.019780	2.2648e-05	0.099955	supercritical
598.00	302.00	88.970	0.011240	1341.7	1681.1	5.4605	2.7802	3.5098	699.35	0.019615	2.2664e-05	0.10014	supercritical
599.00	302.00	88.812	0.011260	1344.6	1684.6	5.4664	2.7837	3.5125	699.75	0.019450	2.2679e-05	0.10032	supercritical
600.00	302.00	88.655	0.011280	1347.5	1688.1	5.4723	2.7872	3.5152	700.15	0.019286	2.2695e-05	0.10051	supercritical
601.00	302.00	88.499	0.011300	1350.4	1691.7	5.4781	2.7907	3.5179	700.55	0.019122	2.2711e-05	0.10069	supercritical
602.00	302.00	88.343	0.011319	1353.3	1695.2	5.4840	2.7943	3.5207	700.94	0.018959	2.2727e-05	0.10087	supercritical
603.00	302.00	88.188	0.011339	1356.3	1698.7	5.4898	2.7978	3.5234	701.34	0.018797	2.2742e-05	0.10106	supercritical
604.00	302.00	88.034	0.011359	1359.2	1702.2	5.4957	2.8013	3.5261	701.74	0.018636	2.2758e-05	0.10124	supercritical
605.00	302.00	87.880	0.011379	1362.1	1705.8	5.5015	2.8048	3.5288	702.13	0.018475	2.2774e-05	0.10143	supercritical
606.00	302.00	87.727	0.011399	1365.0	1709.3	5.5073	2.8083	3.5316	702.53	0.018314	2.2790e-05	0.10161	supercritical
607.00	302.00	87.574	0.011419	1368.0	1712.8	5.5132	2.8119	3.5343	702.93	0.018155	2.2806e-05	0.10180	supercritical
608.00	302.00	87.422	0.011439	1370.9	1716.4	5.5190	2.8154	3.5370	703.32	0.017996	2.2822e-05	0.10199	supercritical
609.00	302.00	87.270	0.011459	1373.8	1719.9	5.5248	2.8189	3.5398	703.72	0.017838	2.2838e-05	0.10217	supercritical
610.00	302.00	87.119	0.011478	1376.8	1723.4	5.5306	2.8224	3.5425	704.12	0.017680	2.2854e-05	0.10236	supercritical
611.00	302.00	86.969	0.011498	1379.7	1727.0	5.5364	2.8259	3.5453	704.52	0.017523	2.2870e-05	0.10255	supercritical
612.00	302.00	86.819	0.011518	1382.7	1730.5	5.5422	2.8294	3.5480	704.91	0.017367	2.2886e-05	0.10273	supercritical
613.00	302.00	86.670	0.011538	1385.6	1734.1	5.5480	2.8329	3.5508	705.31	0.017211	2.2902e-05	0.10292	supercritical
614.00	302.00	86.522	0.011558	1388.6	1737.6	5.5538	2.8364	3.5535	705.70	0.017056	2.2918e-05	0.10311	supercritical
615.00	302.00	86.374	0.011578	1391.5	1741.2	5.5596	2.8399	3.5563	706.10	0.016902	2.2934e-05	0.10330	supercritical
616.00	302.00	86.226	0.011597	1394.5	1744.7	5.5654	2.8434	3.5591	706.50	0.016748	2.2950e-05	0.10348	supercritical
617.00	302.00	86.079	0.011617	1397.5	1748.3	5.5711	2.8469	3.5618	706.89	0.016595	2.2967e-05	0.10367	supercritical
618.00	302.00	85.933	0.011637	1400.4	1751.9	5.5769	2.8504	3.5646	707.29	0.016443	2.2983e-05	0.10386	supercritical
619.00	302.00	85.787	0.011657	1403.4	1755.4	5.5827	2.8539	3.5674	707.69	0.016291	2.2999e-05	0.10405	supercritical
620.00	302.00	85.642	0.011677	1406.4	1759.0	5.5884	2.8574	3.5701	708.08	0.016140	2.3015e-05	0.10424	supercritical
621.00	302.00	85.497	0.011696	1409.3	1762.6	5.5942	2.8609	3.5729	708.48	0.015989	2.3031e-05	0.10443	supercritical
622.00	302.00	85.353	0.011716	1412.3	1766.1	5.5999	2.8644	3.5757	708.87	0.015839	2.3048e-05	0.10462	supercritical
623.00	302.00	85.210	0.011736	1415.3	1769.7	5.6057	2.8679	3.5785	709.27	0.015690	2.3064e-05	0.10481	supercritical
624.00	302.00	85.066	0.011756	1418.3	1773.3	5.6114	2.8714	3.5813	709.66	0.015541	2.3080e-05	0.10500	supercritical
625.00	302.00	84.924	0.011775	1421.3	1776.9	5.6172	2.8749	3.5841	710.06	0.015393	2.3097e-05	0.10519	supercritical
