Temperature (K)	Pressure (bar)	Density (kg/m3)	Volume (m3/kg)	Internal Energy (kJ/kg)	Enthalpy (kJ/kg)	Entropy (J/g*K)	Cv (J/g*K)	Cp (J/g*K)	Sound Spd. (m/s)	Joule-Thomson (K/bar)	Viscosity (Pa*s)	Therm. Cond. (W/m*K)	Phase
102.00	307.00	456.28	0.0021916	-51.467	15.817	-0.50184	2.1738	3.2626	1640.2	-0.050456	0.00020879	0.22445	liquid
103.00	307.00	455.16	0.0021970	-48.369	19.080	-0.47001	2.1691	3.2636	1633.2	-0.050345	0.00020289	0.22335	liquid
104.00	307.00	454.05	0.0022024	-45.270	22.344	-0.43847	2.1645	3.2646	1626.2	-0.050231	0.00019731	0.22224	liquid
105.00	307.00	452.93	0.0022078	-42.172	25.609	-0.40722	2.1600	3.2657	1619.1	-0.050114	0.00019202	0.22113	liquid
106.00	307.00	451.82	0.0022133	-39.073	28.875	-0.37626	2.1555	3.2667	1612.1	-0.049994	0.00018701	0.22001	liquid
107.00	307.00	450.70	0.0022188	-35.974	32.142	-0.34558	2.1510	3.2679	1605.0	-0.049872	0.00018224	0.21888	liquid
108.00	307.00	449.58	0.0022243	-32.875	35.411	-0.31518	2.1466	3.2690	1598.0	-0.049747	0.00017771	0.21774	liquid
109.00	307.00	448.46	0.0022299	-29.776	38.680	-0.28505	2.1422	3.2701	1590.9	-0.049620	0.00017340	0.21660	liquid
110.00	307.00	447.34	0.0022354	-26.677	41.951	-0.25518	2.1378	3.2713	1583.9	-0.049490	0.00016928	0.21546	liquid
111.00	307.00	446.22	0.0022411	-23.578	45.223	-0.22557	2.1335	3.2725	1576.8	-0.049357	0.00016535	0.21431	liquid
112.00	307.00	445.09	0.0022467	-20.478	48.496	-0.19621	2.1292	3.2737	1569.7	-0.049221	0.00016160	0.21315	liquid
113.00	307.00	443.97	0.0022524	-17.379	51.770	-0.16711	2.1250	3.2749	1562.7	-0.049083	0.00015801	0.21200	liquid
114.00	307.00	442.84	0.0022581	-14.279	55.046	-0.13825	2.1208	3.2761	1555.6	-0.048942	0.00015456	0.21084	liquid
115.00	307.00	441.72	0.0022639	-11.179	58.322	-0.10963	2.1166	3.2773	1548.5	-0.048798	0.00015126	0.20967	liquid
116.00	307.00	440.59	0.0022697	-8.0793	61.600	-0.081250	2.1124	3.2785	1541.5	-0.048651	0.00014810	0.20851	liquid
117.00	307.00	439.46	0.0022755	-4.9793	64.879	-0.053103	2.1083	3.2797	1534.4	-0.048502	0.00014506	0.20734	liquid
118.00	307.00	438.33	0.0022814	-1.8792	68.160	-0.025185	2.1041	3.2810	1527.3	-0.048349	0.00014213	0.20617	liquid
119.00	307.00	437.20	0.0022873	1.2209	71.441	0.0025085	2.1001	3.2822	1520.3	-0.048194	0.00013931	0.20500	liquid
120.00	307.00	436.06	0.0022933	4.3212	74.724	0.029980	2.0960	3.2835	1513.2	-0.048035	0.00013660	0.20383	liquid
121.00	307.00	434.93	0.0022992	7.4216	78.008	0.057235	2.0920	3.2848	1506.2	-0.047874	0.00013399	0.20265	liquid
122.00	307.00	433.79	0.0023053	10.522	81.294	0.084275	2.0880	3.2861	1499.2	-0.047709	0.00013147	0.20148	liquid
123.00	307.00	432.65	0.0023113	13.623	84.580	0.11111	2.0840	3.2874	1492.1	-0.047541	0.00012903	0.20031	liquid
124.00	307.00	431.51	0.0023174	16.723	87.868	0.13773	2.0801	3.2887	1485.1	-0.047370	0.00012668	0.19914	liquid
125.00	307.00	430.37	0.0023236	19.824	91.158	0.16415	2.0761	3.2900	1478.1	-0.047195	0.00012441	0.19796	liquid
126.00	307.00	429.23	0.0023298	22.924	94.448	0.19037	2.0722	3.2913	1471.1	-0.047018	0.00012221	0.19679	liquid
127.00	307.00	428.08	0.0023360	26.025	97.740	0.21639	2.0684	3.2927	1464.1	-0.046836	0.00012008	0.19562	liquid
128.00	307.00	426.94	0.0023423	29.126	101.03	0.24223	2.0645	3.2941	1457.1	-0.046652	0.00011801	0.19446	liquid
129.00	307.00	425.79	0.0023486	32.227	104.33	0.26787	2.0607	3.2954	1450.1	-0.046463	0.00011601	0.19329	liquid
130.00	307.00	424.64	0.0023549	35.328	107.62	0.29332	2.0569	3.2969	1443.1	-0.046271	0.00011407	0.19212	liquid
131.00	307.00	423.49	0.0023613	38.429	110.92	0.31859	2.0532	3.2983	1436.1	-0.046076	0.00011219	0.19096	liquid
132.00	307.00	422.33	0.0023678	41.530	114.22	0.34367	2.0494	3.2997	1429.2	-0.045876	0.00011036	0.18980	liquid
133.00	307.00	421.18	0.0023743	44.631	117.52	0.36858	2.0457	3.3012	1422.2	-0.045673	0.00010859	0.18864	liquid
134.00	307.00	420.02	0.0023808	47.732	120.82	0.39332	2.0421	3.3027	1415.3	-0.045466	0.00010686	0.18748	liquid
135.00	307.00	418.86	0.0023874	50.834	124.13	0.41788	2.0384	3.3042	1408.4	-0.045255	0.00010519	0.18633	liquid
136.00	307.00	417.70	0.0023940	53.935	127.43	0.44227	2.0348	3.3057	1401.5	-0.045039	0.00010356	0.18518	liquid
137.00	307.00	416.54	0.0024007	57.036	130.74	0.46649	2.0312	3.3072	1394.6	-0.044820	0.00010197	0.18403	liquid
138.00	307.00	415.38	0.0024075	60.138	134.05	0.49055	2.0277	3.3088	1387.7	-0.044596	0.00010042	0.18289	liquid
139.00	307.00	414.21	0.0024142	63.239	137.36	0.51445	2.0241	3.3104	1380.8	-0.044368	9.8918e-05	0.18175	liquid
140.00	307.00	413.04	0.0024211	66.341	140.67	0.53818	2.0206	3.3120	1373.9	-0.044136	9.7452e-05	0.18061	liquid
141.00	307.00	411.87	0.0024279	69.443	143.98	0.56176	2.0172	3.3137	1367.1	-0.043900	9.6023e-05	0.17948	liquid
142.00	307.00	410.70	0.0024349	72.545	147.29	0.58519	2.0137	3.3154	1360.3	-0.043659	9.4630e-05	0.17835	liquid
143.00	307.00	409.53	0.0024418	75.646	150.61	0.60846	2.0103	3.3171	1353.4	-0.043413	9.3271e-05	0.17722	liquid
144.00	307.00	408.35	0.0024489	78.749	153.93	0.63158	2.0070	3.3188	1346.6	-0.043162	9.1945e-05	0.17610	liquid
145.00	307.00	407.17	0.0024560	81.851	157.25	0.65455	2.0036	3.3206	1339.8	-0.042907	9.0651e-05	0.17498	liquid
146.00	307.00	405.99	0.0024631	84.953	160.57	0.67738	2.0003	3.3224	1333.0	-0.042648	8.9388e-05	0.17387	liquid
147.00	307.00	404.81	0.0024703	88.055	163.89	0.70007	1.9970	3.3242	1326.3	-0.042383	8.8154e-05	0.17276	liquid
148.00	307.00	403.63	0.0024775	91.158	167.22	0.72261	1.9938	3.3260	1319.5	-0.042113	8.6949e-05	0.17166	liquid
149.00	307.00	402.44	0.0024848	94.261	170.55	0.74501	1.9906	3.3279	1312.8	-0.041838	8.5772e-05	0.17056	liquid
150.00	307.00	401.25	0.0024922	97.364	173.87	0.76728	1.9874	3.3298	1306.0	-0.041559	8.4621e-05	0.16946	liquid
151.00	307.00	400.06	0.0024996	100.47	177.21	0.78941	1.9842	3.3318	1299.3	-0.041274	8.3496e-05	0.16837	liquid
152.00	307.00	398.87	0.0025071	103.57	180.54	0.81141	1.9811	3.3338	1292.6	-0.040984	8.2396e-05	0.16729	liquid
153.00	307.00	397.67	0.0025146	106.67	183.87	0.83328	1.9780	3.3358	1286.0	-0.040688	8.1320e-05	0.16621	liquid
154.00	307.00	396.48	0.0025222	109.78	187.21	0.85502	1.9750	3.3378	1279.3	-0.040387	8.0267e-05	0.16513	liquid
155.00	307.00	395.28	0.0025299	112.88	190.55	0.87663	1.9720	3.3399	1272.7	-0.040081	7.9237e-05	0.16406	liquid
156.00	307.00	394.07	0.0025376	115.98	193.89	0.89811	1.9690	3.3420	1266.0	-0.039769	7.8228e-05	0.16300	liquid
157.00	307.00	392.87	0.0025454	119.09	197.23	0.91947	1.9660	3.3441	1259.4	-0.039451	7.7241e-05	0.16194	liquid
158.00	307.00	391.66	0.0025532	122.19	200.58	0.94071	1.9631	3.3463	1252.8	-0.039128	7.6274e-05	0.16088	liquid
159.00	307.00	390.45	0.0025611	125.30	203.92	0.96183	1.9602	3.3485	1246.3	-0.038799	7.5328e-05	0.15983	liquid
160.00	307.00	389.24	0.0025691	128.40	207.27	0.98283	1.9574	3.3508	1239.7	-0.038464	7.4400e-05	0.15879	liquid
161.00	307.00	388.03	0.0025771	131.51	210.63	1.0037	1.9546	3.3531	1233.2	-0.038123	7.3492e-05	0.15775	liquid
162.00	307.00	386.81	0.0025852	134.61	213.98	1.0245	1.9518	3.3554	1226.6	-0.037776	7.2601e-05	0.15672	liquid
163.00	307.00	385.60	0.0025934	137.72	217.34	1.0451	1.9490	3.3577	1220.1	-0.037423	7.1728e-05	0.15570	liquid
164.00	307.00	384.38	0.0026016	140.83	220.70	1.0657	1.9463	3.3601	1213.7	-0.037064	7.0873e-05	0.15467	liquid
165.00	307.00	383.15	0.0026099	143.93	224.06	1.0861	1.9436	3.3625	1207.2	-0.036698	7.0034e-05	0.15366	liquid
166.00	307.00	381.93	0.0026183	147.04	227.42	1.1064	1.9410	3.3650	1200.8	-0.036326	6.9211e-05	0.15265	liquid
167.00	307.00	380.70	0.0026267	150.15	230.79	1.1267	1.9383	3.3675	1194.3	-0.035948	6.8405e-05	0.15165	liquid
168.00	307.00	379.47	0.0026353	153.25	234.16	1.1468	1.9358	3.3700	1187.9	-0.035564	6.7613e-05	0.15065	liquid
169.00	307.00	378.24	0.0026439	156.36	237.53	1.1668	1.9332	3.3726	1181.6	-0.035172	6.6837e-05	0.14966	liquid
170.00	307.00	377.00	0.0026525	159.47	240.90	1.1867	1.9307	3.3752	1175.2	-0.034775	6.6075e-05	0.14867	liquid
171.00	307.00	375.76	0.0026613	162.58	244.28	1.2065	1.9282	3.3778	1168.9	-0.034370	6.5327e-05	0.14770	liquid
172.00	307.00	374.52	0.0026701	165.69	247.66	1.2262	1.9258	3.3804	1162.5	-0.033959	6.4593e-05	0.14672	liquid
173.00	307.00	373.28	0.0026790	168.79	251.04	1.2458	1.9234	3.3831	1156.2	-0.033541	6.3872e-05	0.14576	liquid
174.00	307.00	372.04	0.0026879	171.90	254.42	1.2653	1.9210	3.3859	1150.0	-0.033116	6.3165e-05	0.14480	liquid
175.00	307.00	370.79	0.0026970	175.01	257.81	1.2847	1.9187	3.3886	1143.7	-0.032684	6.2470e-05	0.14384	liquid
176.00	307.00	369.54	0.0027061	178.12	261.20	1.3040	1.9164	3.3914	1137.5	-0.032246	6.1788e-05	0.14289	liquid
177.00	307.00	368.29	0.0027153	181.23	264.59	1.3233	1.9141	3.3942	1131.3	-0.031800	6.1117e-05	0.14195	liquid
178.00	307.00	367.03	0.0027246	184.34	267.99	1.3424	1.9118	3.3971	1125.1	-0.031347	6.0459e-05	0.14102	liquid
179.00	307.00	365.77	0.0027339	187.46	271.39	1.3614	1.9096	3.3999	1119.0	-0.030886	5.9812e-05	0.14009	liquid
180.00	307.00	364.51	0.0027434	190.57	274.79	1.3804	1.9075	3.4029	1112.8	-0.030419	5.9177e-05	0.13917	liquid
181.00	307.00	363.25	0.0027529	193.68	278.19	1.3992	1.9054	3.4058	1106.7	-0.029944	5.8552e-05	0.13825	liquid
182.00	307.00	361.99	0.0027625	196.79	281.60	1.4180	1.9033	3.4088	1100.7	-0.029461	5.7938e-05	0.13735	liquid
183.00	307.00	360.72	0.0027722	199.90	285.01	1.4367	1.9012	3.4118	1094.6	-0.028972	5.7335e-05	0.13645	liquid
184.00	307.00	359.45	0.0027820	203.02	288.42	1.4553	1.8992	3.4148	1088.6	-0.028474	5.6742e-05	0.13555	liquid
185.00	307.00	358.18	0.0027919	206.13	291.84	1.4738	1.8972	3.4178	1082.6	-0.027970	5.6159e-05	0.13466	liquid
186.00	307.00	356.90	0.0028019	209.24	295.26	1.4922	1.8952	3.4209	1076.6	-0.027457	5.5586e-05	0.13378	liquid
187.00	307.00	355.63	0.0028119	212.36	298.68	1.5106	1.8933	3.4240	1070.7	-0.026937	5.5022e-05	0.13291	liquid
188.00	307.00	354.35	0.0028221	215.47	302.11	1.5289	1.8914	3.4271	1064.7	-0.026410	5.4467e-05	0.13205	liquid
189.00	307.00	353.07	0.0028323	218.58	305.54	1.5471	1.8896	3.4302	1058.9	-0.025874	5.3922e-05	0.13119	liquid
190.00	307.00	351.78	0.0028427	221.70	308.97	1.5652	1.8877	3.4334	1053.0	-0.025331	5.3386e-05	0.13035	liquid
191.00	307.00	350.50	0.0028531	224.81	312.40	1.5832	1.8860	3.4365	1047.2	-0.024780	5.2858e-05	0.12951	supercritical
192.00	307.00	349.21	0.0028636	227.93	315.84	1.6012	1.8842	3.4397	1041.4	-0.024221	5.2339e-05	0.12865	supercritical
193.00	307.00	347.92	0.0028742	231.04	319.28	1.6190	1.8825	3.4429	1035.6	-0.023655	5.1828e-05	0.12781	supercritical
194.00	307.00	346.62	0.0028850	234.16	322.73	1.6368	1.8808	3.4462	1029.9	-0.023080	5.1325e-05	0.12698	supercritical
195.00	307.00	345.33	0.0028958	237.27	326.17	1.6546	1.8792	3.4494	1024.1	-0.022498	5.0831e-05	0.12615	supercritical
196.00	307.00	344.03	0.0029067	240.39	329.63	1.6722	1.8776	3.4526	1018.5	-0.021907	5.0344e-05	0.12533	supercritical
197.00	307.00	342.73	0.0029177	243.51	333.08	1.6898	1.8760	3.4559	1012.8	-0.021309	4.9865e-05	0.12452	supercritical
198.00	307.00	341.43	0.0029289	246.62	336.54	1.7073	1.8745	3.4591	1007.2	-0.020703	4.9393e-05	0.12371	supercritical
199.00	307.00	340.13	0.0029401	249.74	340.00	1.7247	1.8730	3.4624	1001.6	-0.020089	4.8929e-05	0.12291	supercritical
200.00	307.00	338.82	0.0029514	252.85	343.46	1.7421	1.8715	3.4657	996.09	-0.019467	4.8472e-05	0.12212	supercritical
201.00	307.00	337.51	0.0029629	255.97	346.93	1.7594	1.8701	3.4690	990.58	-0.018837	4.8022e-05	0.12134	supercritical
202.00	307.00	336.20	0.0029744	259.09	350.40	1.7766	1.8687	3.4722	985.10	-0.018199	4.7579e-05	0.12056	supercritical
203.00	307.00	334.89	0.0029860	262.20	353.87	1.7938	1.8673	3.4755	979.66	-0.017553	4.7142e-05	0.11979	supercritical
204.00	307.00	333.58	0.0029978	265.32	357.35	1.8108	1.8660	3.4788	974.25	-0.016900	4.6713e-05	0.11903	supercritical
205.00	307.00	332.26	0.0030097	268.43	360.83	1.8279	1.8647	3.4820	968.88	-0.016238	4.6290e-05	0.11827	supercritical
206.00	307.00	330.95	0.0030216	271.55	364.32	1.8448	1.8634	3.4853	963.54	-0.015569	4.5873e-05	0.11752	supercritical
207.00	307.00	329.63	0.0030337	274.67	367.80	1.8617	1.8622	3.4885	958.24	-0.014892	4.5462e-05	0.11678	supercritical
208.00	307.00	328.31	0.0030459	277.78	371.29	1.8785	1.8610	3.4918	952.98	-0.014207	4.5058e-05	0.11604	supercritical
209.00	307.00	326.98	0.0030583	280.90	374.79	1.8953	1.8598	3.4950	947.76	-0.013514	4.4660e-05	0.11531	supercritical
210.00	307.00	325.66	0.0030707	284.01	378.28	1.9120	1.8587	3.4982	942.57	-0.012814	4.4267e-05	0.11459	supercritical
211.00	307.00	324.33	0.0030832	287.13	381.78	1.9286	1.8576	3.5014	937.43	-0.012107	4.3881e-05	0.11388	supercritical
212.00	307.00	323.01	0.0030959	290.24	385.29	1.9452	1.8566	3.5045	932.32	-0.011392	4.3500e-05	0.11317	supercritical
213.00	307.00	321.68	0.0031087	293.35	388.79	1.9617	1.8555	3.5077	927.25	-0.010669	4.3125e-05	0.11247	supercritical
214.00	307.00	320.35	0.0031216	296.47	392.30	1.9781	1.8545	3.5108	922.22	-0.0099390	4.2755e-05	0.11177	supercritical
215.00	307.00	319.02	0.0031346	299.58	395.81	1.9945	1.8536	3.5139	917.23	-0.0092019	4.2391e-05	0.11109	supercritical
216.00	307.00	317.69	0.0031477	302.69	399.33	2.0108	1.8527	3.5169	912.29	-0.0084576	4.2032e-05	0.11041	supercritical
217.00	307.00	316.36	0.0031610	305.80	402.85	2.0270	1.8518	3.5199	907.38	-0.0077063	4.1679e-05	0.10973	supercritical
218.00	307.00	315.02	0.0031744	308.92	406.37	2.0432	1.8509	3.5229	902.52	-0.0069480	4.1330e-05	0.10907	supercritical
219.00	307.00	313.69	0.0031879	312.03	409.89	2.0594	1.8501	3.5259	897.70	-0.0061829	4.0987e-05	0.10841	supercritical
220.00	307.00	312.36	0.0032015	315.13	413.42	2.0754	1.8493	3.5288	892.92	-0.0054112	4.0648e-05	0.10776	supercritical
221.00	307.00	311.02	0.0032152	318.24	416.95	2.0914	1.8485	3.5316	888.19	-0.0046329	4.0315e-05	0.10711	supercritical
222.00	307.00	309.68	0.0032291	321.35	420.48	2.1074	1.8478	3.5344	883.49	-0.0038482	3.9986e-05	0.10647	supercritical
223.00	307.00	308.35	0.0032431	324.46	424.02	2.1233	1.8471	3.5372	878.85	-0.0030573	3.9662e-05	0.10584	supercritical
224.00	307.00	307.01	0.0032572	327.56	427.56	2.1391	1.8464	3.5398	874.24	-0.0022603	3.9343e-05	0.10522	supercritical
225.00	307.00	305.67	0.0032715	330.66	431.10	2.1549	1.8458	3.5425	869.68	-0.0014573	3.9028e-05	0.10460	supercritical
226.00	307.00	304.34	0.0032858	333.77	434.64	2.1706	1.8452	3.5451	865.17	-0.00064858	3.8718e-05	0.10399	supercritical
227.00	307.00	303.00	0.0033003	336.87	438.19	2.1863	1.8446	3.5476	860.70	0.00016573	3.8413e-05	0.10339	supercritical
228.00	307.00	301.66	0.0033150	339.97	441.74	2.2019	1.8441	3.5500	856.28	0.00098544	3.8111e-05	0.10280	supercritical
229.00	307.00	300.33	0.0033297	343.07	445.29	2.2174	1.8436	3.5524	851.90	0.0018103	3.7815e-05	0.10221	supercritical
230.00	307.00	298.99	0.0033446	346.16	448.84	2.2329	1.8431	3.5547	847.57	0.0026403	3.7522e-05	0.10163	supercritical
231.00	307.00	297.65	0.0033596	349.26	452.40	2.2483	1.8427	3.5570	843.29	0.0034750	3.7234e-05	0.10105	supercritical
232.00	307.00	296.32	0.0033748	352.35	455.96	2.2637	1.8422	3.5591	839.05	0.0043142	3.6949e-05	0.10048	supercritical
233.00	307.00	294.98	0.0033900	355.44	459.52	2.2790	1.8419	3.5612	834.86	0.0051579	3.6669e-05	0.099924	supercritical
234.00	307.00	293.65	0.0034054	358.53	463.08	2.2942	1.8415	3.5632	830.72	0.0060056	3.6393e-05	0.099371	supercritical
235.00	307.00	292.31	0.0034210	361.62	466.64	2.3094	1.8412	3.5651	826.63	0.0068573	3.6121e-05	0.098825	supercritical
236.00	307.00	290.98	0.0034366	364.70	470.21	2.3246	1.8409	3.5670	822.58	0.0077126	3.5853e-05	0.098285	supercritical
237.00	307.00	289.65	0.0034524	367.79	473.78	2.3397	1.8406	3.5687	818.58	0.0085712	3.5588e-05	0.097753	supercritical
238.00	307.00	288.32	0.0034683	370.87	477.35	2.3547	1.8404	3.5704	814.63	0.0094331	3.5328e-05	0.097227	supercritical
239.00	307.00	286.99	0.0034844	373.95	480.92	2.3697	1.8402	3.5719	810.73	0.010298	3.5071e-05	0.096709	supercritical
240.00	307.00	285.67	0.0035006	377.02	484.49	2.3846	1.8400	3.5734	806.88	0.011165	3.4818e-05	0.096197	supercritical
241.00	307.00	284.34	0.0035169	380.10	488.06	2.3995	1.8399	3.5748	803.08	0.012035	3.4569e-05	0.095692	supercritical
242.00	307.00	283.02	0.0035333	383.17	491.64	2.4143	1.8398	3.5760	799.33	0.012906	3.4323e-05	0.095194	supercritical
243.00	307.00	281.70	0.0035499	386.23	495.22	2.4290	1.8397	3.5772	795.62	0.013780	3.4081e-05	0.094703	supercritical
244.00	307.00	280.38	0.0035666	389.30	498.79	2.4437	1.8396	3.5783	791.97	0.014655	3.3843e-05	0.094219	supercritical
245.00	307.00	279.06	0.0035834	392.36	502.37	2.4583	1.8396	3.5792	788.36	0.015531	3.3608e-05	0.093742	supercritical
246.00	307.00	277.75	0.0036004	395.42	505.95	2.4729	1.8396	3.5801	784.80	0.016408	3.3376e-05	0.093271	supercritical
247.00	307.00	276.43	0.0036175	398.48	509.53	2.4874	1.8396	3.5808	781.30	0.017285	3.3148e-05	0.092807	supercritical
248.00	307.00	275.13	0.0036347	401.53	513.11	2.5019	1.8396	3.5815	777.84	0.018163	3.2923e-05	0.092350	supercritical
249.00	307.00	273.82	0.0036521	404.58	516.70	2.5163	1.8397	3.5820	774.43	0.019040	3.2702e-05	0.091899	supercritical
250.00	307.00	272.52	0.0036695	407.62	520.28	2.5307	1.8398	3.5824	771.07	0.019918	3.2484e-05	0.091455	supercritical
251.00	307.00	271.21	0.0036871	410.67	523.86	2.5450	1.8400	3.5827	767.76	0.020794	3.2269e-05	0.091018	supercritical
252.00	307.00	269.92	0.0037048	413.70	527.44	2.5592	1.8401	3.5829	764.50	0.021670	3.2057e-05	0.090587	supercritical
253.00	307.00	268.62	0.0037227	416.74	531.03	2.5734	1.8403	3.5829	761.29	0.022544	3.1849e-05	0.090163	supercritical
254.00	307.00	267.33	0.0037406	419.77	534.61	2.5876	1.8405	3.5829	758.13	0.023416	3.1644e-05	0.089745	supercritical
255.00	307.00	266.05	0.0037587	422.80	538.19	2.6016	1.8408	3.5827	755.02	0.024286	3.1441e-05	0.089334	supercritical
256.00	307.00	264.76	0.0037770	425.82	541.77	2.6157	1.8410	3.5824	751.96	0.025155	3.1242e-05	0.088929	supercritical
257.00	307.00	263.48	0.0037953	428.84	545.36	2.6296	1.8413	3.5820	748.95	0.026020	3.1046e-05	0.088531	supercritical
258.00	307.00	262.21	0.0038137	431.86	548.94	2.6435	1.8417	3.5815	745.98	0.026882	3.0853e-05	0.088139	supercritical
259.00	307.00	260.94	0.0038323	434.87	552.52	2.6574	1.8420	3.5808	743.07	0.027741	3.0663e-05	0.087753	supercritical
260.00	307.00	259.67	0.0038510	437.87	556.10	2.6712	1.8424	3.5801	740.20	0.028597	3.0476e-05	0.087374	supercritical
261.00	307.00	258.41	0.0038698	440.88	559.68	2.6849	1.8428	3.5792	737.38	0.029448	3.0291e-05	0.087000	supercritical
262.00	307.00	257.15	0.0038887	443.87	563.26	2.6986	1.8432	3.5782	734.61	0.030295	3.0110e-05	0.086633	supercritical
263.00	307.00	255.90	0.0039078	446.87	566.84	2.7122	1.8437	3.5771	731.89	0.031138	2.9931e-05	0.086272	supercritical
264.00	307.00	254.65	0.0039269	449.86	570.41	2.7258	1.8441	3.5759	729.21	0.031975	2.9756e-05	0.085917	supercritical
265.00	307.00	253.41	0.0039462	452.84	573.99	2.7393	1.8446	3.5745	726.59	0.032807	2.9583e-05	0.085568	supercritical
266.00	307.00	252.17	0.0039656	455.82	577.56	2.7528	1.8452	3.5731	724.01	0.033634	2.9412e-05	0.085224	supercritical
267.00	307.00	250.94	0.0039850	458.79	581.13	2.7662	1.8457	3.5715	721.48	0.034455	2.9245e-05	0.084887	supercritical
268.00	307.00	249.71	0.0040046	461.76	584.70	2.7795	1.8463	3.5698	718.99	0.035269	2.9080e-05	0.084556	supercritical
269.00	307.00	248.49	0.0040243	464.73	588.27	2.7928	1.8469	3.5680	716.55	0.036077	2.8918e-05	0.084230	supercritical
270.00	307.00	247.27	0.0040441	467.69	591.84	2.8061	1.8475	3.5661	714.16	0.036879	2.8758e-05	0.083910	supercritical
271.00	307.00	246.06	0.0040640	470.64	595.41	2.8192	1.8482	3.5641	711.81	0.037673	2.8601e-05	0.083596	supercritical
272.00	307.00	244.86	0.0040840	473.59	598.97	2.8324	1.8488	3.5620	709.51	0.038460	2.8446e-05	0.083287	supercritical
273.00	307.00	243.66	0.0041041	476.53	602.53	2.8454	1.8495	3.5598	707.25	0.039239	2.8294e-05	0.082984	supercritical
274.00	307.00	242.46	0.0041243	479.47	606.09	2.8585	1.8503	3.5575	705.04	0.040011	2.8145e-05	0.082686	supercritical
275.00	307.00	241.28	0.0041446	482.41	609.64	2.8714	1.8510	3.5550	702.87	0.040775	2.7998e-05	0.082394	supercritical
276.00	307.00	240.10	0.0041650	485.33	613.20	2.8843	1.8518	3.5525	700.74	0.041530	2.7853e-05	0.082107	supercritical
277.00	307.00	238.92	0.0041855	488.26	616.75	2.8972	1.8526	3.5499	698.66	0.042277	2.7711e-05	0.081826	supercritical
278.00	307.00	237.75	0.0042061	491.17	620.30	2.9099	1.8534	3.5472	696.62	0.043015	2.7571e-05	0.081550	supercritical
279.00	307.00	236.59	0.0042267	494.08	623.84	2.9227	1.8542	3.5444	694.63	0.043744	2.7434e-05	0.081279	supercritical
280.00	307.00	235.43	0.0042475	496.99	627.39	2.9353	1.8551	3.5415	692.67	0.044464	2.7299e-05	0.081013	supercritical
281.00	307.00	234.29	0.0042683	499.89	630.93	2.9480	1.8560	3.5386	690.76	0.045174	2.7166e-05	0.080752	supercritical
282.00	307.00	233.14	0.0042892	502.79	634.46	2.9605	1.8569	3.5355	688.89	0.045875	2.7035e-05	0.080496	supercritical
283.00	307.00	232.01	0.0043102	505.67	638.00	2.9730	1.8578	3.5324	687.06	0.046566	2.6907e-05	0.080245	supercritical
284.00	307.00	230.88	0.0043313	508.56	641.53	2.9855	1.8588	3.5292	685.27	0.047247	2.6780e-05	0.079999	supercritical
285.00	307.00	229.75	0.0043525	511.44	645.06	2.9979	1.8597	3.5259	683.52	0.047918	2.6656e-05	0.079758	supercritical
286.00	307.00	228.64	0.0043737	514.31	648.58	3.0102	1.8607	3.5226	681.80	0.048579	2.6535e-05	0.079522	supercritical
287.00	307.00	227.53	0.0043950	517.17	652.10	3.0225	1.8618	3.5192	680.13	0.049230	2.6415e-05	0.079290	supercritical
288.00	307.00	226.43	0.0044164	520.04	655.62	3.0348	1.8628	3.5157	678.49	0.049870	2.6297e-05	0.079063	supercritical
289.00	307.00	225.33	0.0044379	522.89	659.13	3.0469	1.8639	3.5121	676.90	0.050499	2.6181e-05	0.078841	supercritical
290.00	307.00	224.25	0.0044594	525.74	662.64	3.0591	1.8650	3.5085	675.33	0.051118	2.6068e-05	0.078623	supercritical
291.00	307.00	223.17	0.0044810	528.58	666.15	3.0711	1.8661	3.5049	673.81	0.051726	2.5956e-05	0.078410	supercritical
292.00	307.00	222.09	0.0045026	531.42	669.65	3.0832	1.8672	3.5012	672.32	0.052323	2.5846e-05	0.078201	supercritical
293.00	307.00	221.03	0.0045244	534.25	673.15	3.0951	1.8684	3.4974	670.87	0.052909	2.5739e-05	0.077997	supercritical
294.00	307.00	219.97	0.0045462	537.08	676.65	3.1070	1.8695	3.4936	669.45	0.053484	2.5633e-05	0.077797	supercritical
295.00	307.00	218.91	0.0045680	539.90	680.14	3.1189	1.8707	3.4898	668.06	0.054047	2.5529e-05	0.077601	supercritical
296.00	307.00	217.87	0.0045899	542.72	683.63	3.1307	1.8720	3.4859	666.71	0.054600	2.5427e-05	0.077410	supercritical
297.00	307.00	216.83	0.0046119	545.53	687.11	3.1424	1.8732	3.4819	665.40	0.055141	2.5326e-05	0.077222	supercritical
298.00	307.00	215.80	0.0046339	548.33	690.59	3.1541	1.8745	3.4780	664.11	0.055670	2.5228e-05	0.077039	supercritical
299.00	307.00	214.78	0.0046560	551.13	694.07	3.1658	1.8757	3.4740	662.86	0.056189	2.5131e-05	0.076860	supercritical
300.00	307.00	213.76	0.0046781	553.92	697.54	3.1774	1.8771	3.4699	661.64	0.056696	2.5036e-05	0.076685	supercritical
301.00	307.00	212.75	0.0047003	556.71	701.01	3.1889	1.8784	3.4659	660.45	0.057191	2.4943e-05	0.076513	supercritical
302.00	307.00	211.75	0.0047225	559.49	704.47	3.2004	1.8797	3.4618	659.29	0.057675	2.4852e-05	0.076346	supercritical
303.00	307.00	210.76	0.0047448	562.27	707.93	3.2118	1.8811	3.4577	658.16	0.058147	2.4762e-05	0.076183	supercritical
304.00	307.00	209.77	0.0047671	565.04	711.39	3.2232	1.8825	3.4536	657.07	0.058608	2.4674e-05	0.076023	supercritical
305.00	307.00	208.79	0.0047895	567.80	714.84	3.2346	1.8839	3.4494	656.00	0.059058	2.4587e-05	0.075867	supercritical
306.00	307.00	207.82	0.0048119	570.56	718.29	3.2458	1.8854	3.4453	654.96	0.059496	2.4502e-05	0.075715	supercritical
307.00	307.00	206.86	0.0048343	573.32	721.73	3.2571	1.8868	3.4411	653.94	0.059922	2.4419e-05	0.075567	supercritical
308.00	307.00	205.90	0.0048568	576.06	725.17	3.2683	1.8883	3.4369	652.96	0.060337	2.4337e-05	0.075422	supercritical
309.00	307.00	204.95	0.0048793	578.81	728.60	3.2794	1.8898	3.4328	652.00	0.060741	2.4257e-05	0.075281	supercritical
310.00	307.00	204.00	0.0049019	581.55	732.03	3.2905	1.8913	3.4286	651.07	0.061133	2.4178e-05	0.075143	supercritical
311.00	307.00	203.07	0.0049245	584.28	735.46	3.3015	1.8928	3.4244	650.16	0.061514	2.4101e-05	0.075009	supercritical
312.00	307.00	202.14	0.0049471	587.01	738.88	3.3125	1.8944	3.4202	649.28	0.061883	2.4025e-05	0.074878	supercritical
313.00	307.00	201.22	0.0049697	589.73	742.30	3.3234	1.8960	3.4160	648.43	0.062242	2.3950e-05	0.074751	supercritical
314.00	307.00	200.30	0.0049924	592.45	745.71	3.3343	1.8976	3.4118	647.60	0.062589	2.3877e-05	0.074627	supercritical
315.00	307.00	199.40	0.0050151	595.16	749.12	3.3452	1.8992	3.4077	646.80	0.062925	2.3806e-05	0.074506	supercritical
316.00	307.00	198.50	0.0050379	597.87	752.53	3.3560	1.9009	3.4035	646.02	0.063249	2.3735e-05	0.074389	supercritical
317.00	307.00	197.60	0.0050606	600.57	755.93	3.3667	1.9025	3.3994	645.26	0.063563	2.3667e-05	0.074275	supercritical
318.00	307.00	196.72	0.0050834	603.27	759.33	3.3774	1.9042	3.3952	644.52	0.063866	2.3599e-05	0.074164	supercritical
319.00	307.00	195.84	0.0051062	605.96	762.72	3.3881	1.9059	3.3911	643.81	0.064158	2.3533e-05	0.074056	supercritical
320.00	307.00	194.97	0.0051291	608.65	766.11	3.3987	1.9076	3.3870	643.12	0.064439	2.3468e-05	0.073951	supercritical
321.00	307.00	194.10	0.0051519	611.33	769.49	3.4092	1.9094	3.3829	642.46	0.064709	2.3404e-05	0.073850	supercritical
322.00	307.00	193.24	0.0051748	614.01	772.88	3.4198	1.9112	3.3788	641.81	0.064969	2.3342e-05	0.073751	supercritical
323.00	307.00	192.39	0.0051977	616.68	776.25	3.4302	1.9130	3.3748	641.18	0.065218	2.3280e-05	0.073656	supercritical
324.00	307.00	191.55	0.0052206	619.35	779.63	3.4407	1.9148	3.3708	640.58	0.065457	2.3220e-05	0.073563	supercritical
325.00	307.00	190.71	0.0052436	622.02	782.99	3.4510	1.9166	3.3668	639.99	0.065686	2.3161e-05	0.073474	supercritical
326.00	307.00	189.88	0.0052665	624.68	786.36	3.4614	1.9184	3.3628	639.43	0.065904	2.3104e-05	0.073387	supercritical
327.00	307.00	189.05	0.0052895	627.33	789.72	3.4717	1.9203	3.3589	638.88	0.066112	2.3047e-05	0.073303	supercritical
328.00	307.00	188.24	0.0053124	629.98	793.08	3.4819	1.9222	3.3550	638.36	0.066310	2.2992e-05	0.073222	supercritical
329.00	307.00	187.43	0.0053354	632.63	796.43	3.4921	1.9241	3.3511	637.85	0.066499	2.2938e-05	0.073144	supercritical
330.00	307.00	186.62	0.0053584	635.28	799.78	3.5023	1.9260	3.3473	637.36	0.066677	2.2884e-05	0.073069	supercritical
331.00	307.00	185.82	0.0053814	637.91	803.12	3.5124	1.9280	3.3434	636.89	0.066846	2.2832e-05	0.072997	supercritical
332.00	307.00	185.03	0.0054044	640.55	806.47	3.5225	1.9299	3.3397	636.43	0.067005	2.2781e-05	0.072927	supercritical
333.00	307.00	184.25	0.0054275	643.18	809.80	3.5325	1.9319	3.3359	635.99	0.067155	2.2731e-05	0.072860	supercritical
334.00	307.00	183.47	0.0054505	645.81	813.14	3.5425	1.9339	3.3322	635.57	0.067296	2.2682e-05	0.072795	supercritical
335.00	307.00	182.70	0.0054735	648.43	816.47	3.5525	1.9359	3.3286	635.17	0.067427	2.2634e-05	0.072733	supercritical
336.00	307.00	181.93	0.0054966	651.05	819.79	3.5624	1.9380	3.3249	634.78	0.067549	2.2587e-05	0.072674	supercritical
337.00	307.00	181.17	0.0055196	653.67	823.12	3.5723	1.9400	3.3213	634.41	0.067663	2.2541e-05	0.072617	supercritical
338.00	307.00	180.42	0.0055427	656.28	826.44	3.5821	1.9421	3.3178	634.05	0.067767	2.2496e-05	0.072563	supercritical
339.00	307.00	179.67	0.0055657	658.89	829.75	3.5919	1.9442	3.3143	633.71	0.067863	2.2452e-05	0.072511	supercritical
340.00	307.00	178.93	0.0055888	661.49	833.07	3.6017	1.9463	3.3108	633.39	0.067951	2.2409e-05	0.072462	supercritical
341.00	307.00	178.20	0.0056118	664.09	836.38	3.6114	1.9485	3.3074	633.07	0.068030	2.2366e-05	0.072415	supercritical
342.00	307.00	177.47	0.0056349	666.69	839.68	3.6211	1.9506	3.3040	632.78	0.068100	2.2325e-05	0.072371	supercritical
343.00	307.00	176.74	0.0056579	669.28	842.98	3.6307	1.9528	3.3007	632.49	0.068163	2.2285e-05	0.072329	supercritical
344.00	307.00	176.03	0.0056810	671.88	846.28	3.6403	1.9550	3.2974	632.22	0.068217	2.2245e-05	0.072289	supercritical
345.00	307.00	175.31	0.0057040	674.46	849.58	3.6499	1.9572	3.2942	631.97	0.068264	2.2206e-05	0.072252	supercritical
346.00	307.00	174.61	0.0057271	677.05	852.87	3.6594	1.9594	3.2910	631.73	0.068303	2.2168e-05	0.072217	supercritical
347.00	307.00	173.91	0.0057501	679.63	856.16	3.6689	1.9616	3.2878	631.50	0.068334	2.2131e-05	0.072185	supercritical
348.00	307.00	173.21	0.0057732	682.21	859.45	3.6784	1.9639	3.2847	631.28	0.068357	2.2095e-05	0.072154	supercritical
349.00	307.00	172.53	0.0057962	684.79	862.73	3.6878	1.9662	3.2817	631.07	0.068374	2.2059e-05	0.072126	supercritical
350.00	307.00	171.84	0.0058193	687.36	866.01	3.6972	1.9685	3.2787	630.88	0.068383	2.2025e-05	0.072100	supercritical
351.00	307.00	171.17	0.0058423	689.93	869.29	3.7065	1.9708	3.2757	630.70	0.068385	2.1991e-05	0.072077	supercritical
352.00	307.00	170.49	0.0058653	692.50	872.56	3.7158	1.9731	3.2728	630.53	0.068380	2.1957e-05	0.072055	supercritical
353.00	307.00	169.83	0.0058883	695.06	875.83	3.7251	1.9755	3.2699	630.37	0.068368	2.1925e-05	0.072036	supercritical
354.00	307.00	169.17	0.0059113	697.62	879.10	3.7343	1.9778	3.2671	630.23	0.068349	2.1893e-05	0.072019	supercritical
355.00	307.00	168.51	0.0059343	700.18	882.37	3.7436	1.9802	3.2644	630.09	0.068324	2.1862e-05	0.072004	supercritical
356.00	307.00	167.86	0.0059573	702.74	885.63	3.7527	1.9826	3.2617	629.97	0.068293	2.1832e-05	0.071991	supercritical
357.00	307.00	167.21	0.0059803	705.29	888.89	3.7619	1.9850	3.2590	629.86	0.068255	2.1802e-05	0.071980	supercritical
358.00	307.00	166.57	0.0060033	707.85	892.15	3.7710	1.9874	3.2564	629.75	0.068211	2.1774e-05	0.071971	supercritical
359.00	307.00	165.94	0.0060263	710.40	895.40	3.7801	1.9899	3.2538	629.66	0.068161	2.1745e-05	0.071964	supercritical
360.00	307.00	165.31	0.0060492	712.94	898.66	3.7891	1.9923	3.2513	629.57	0.068104	2.1718e-05	0.071959	supercritical
361.00	307.00	164.69	0.0060722	715.49	901.91	3.7981	1.9948	3.2489	629.50	0.068042	2.1691e-05	0.071956	supercritical
362.00	307.00	164.07	0.0060951	718.03	905.15	3.8071	1.9973	3.2464	629.44	0.067975	2.1665e-05	0.071955	supercritical
363.00	307.00	163.45	0.0061180	720.57	908.40	3.8161	1.9998	3.2441	629.38	0.067901	2.1639e-05	0.071956	supercritical
364.00	307.00	162.84	0.0061410	723.11	911.64	3.8250	2.0023	3.2418	629.34	0.067823	2.1614e-05	0.071958	supercritical
365.00	307.00	162.24	0.0061639	725.65	914.88	3.8339	2.0049	3.2395	629.30	0.067739	2.1590e-05	0.071963	supercritical
366.00	307.00	161.64	0.0061868	728.19	918.12	3.8427	2.0074	3.2373	629.27	0.067649	2.1566e-05	0.071970	supercritical
367.00	307.00	161.04	0.0062096	730.72	921.36	3.8516	2.0100	3.2351	629.25	0.067555	2.1543e-05	0.071978	supercritical
368.00	307.00	160.45	0.0062325	733.25	924.59	3.8604	2.0125	3.2330	629.24	0.067455	2.1521e-05	0.071988	supercritical
369.00	307.00	159.86	0.0062554	735.78	927.82	3.8692	2.0151	3.2310	629.24	0.067351	2.1499e-05	0.072000	supercritical
370.00	307.00	159.28	0.0062782	738.31	931.05	3.8779	2.0177	3.2290	629.24	0.067242	2.1477e-05	0.072014	supercritical
371.00	307.00	158.70	0.0063010	740.84	934.28	3.8866	2.0204	3.2270	629.25	0.067128	2.1456e-05	0.072030	supercritical
372.00	307.00	158.13	0.0063239	743.36	937.51	3.8953	2.0230	3.2251	629.28	0.067010	2.1436e-05	0.072047	supercritical
373.00	307.00	157.56	0.0063467	745.89	940.73	3.9039	2.0257	3.2232	629.30	0.066887	2.1416e-05	0.072066	supercritical
374.00	307.00	157.00	0.0063694	748.41	943.95	3.9126	2.0283	3.2214	629.34	0.066760	2.1397e-05	0.072087	supercritical
375.00	307.00	156.44	0.0063922	750.93	947.17	3.9212	2.0310	3.2196	629.38	0.066628	2.1378e-05	0.072109	supercritical
376.00	307.00	155.89	0.0064150	753.45	950.39	3.9297	2.0337	3.2179	629.43	0.066493	2.1360e-05	0.072134	supercritical
377.00	307.00	155.33	0.0064377	755.97	953.61	3.9383	2.0364	3.2163	629.49	0.066353	2.1342e-05	0.072160	supercritical
378.00	307.00	154.79	0.0064605	758.49	956.83	3.9468	2.0391	3.2146	629.55	0.066210	2.1325e-05	0.072187	supercritical
379.00	307.00	154.25	0.0064832	761.01	960.04	3.9553	2.0419	3.2131	629.62	0.066062	2.1309e-05	0.072216	supercritical
380.00	307.00	153.71	0.0065059	763.52	963.25	3.9638	2.0446	3.2115	629.70	0.065911	2.1292e-05	0.072247	supercritical
381.00	307.00	153.17	0.0065286	766.04	966.46	3.9722	2.0474	3.2101	629.78	0.065756	2.1277e-05	0.072279	supercritical
382.00	307.00	152.64	0.0065512	768.55	969.67	3.9806	2.0501	3.2086	629.87	0.065598	2.1261e-05	0.072313	supercritical
383.00	307.00	152.12	0.0065739	771.06	972.88	3.9890	2.0529	3.2073	629.97	0.065436	2.1247e-05	0.072349	supercritical
384.00	307.00	151.60	0.0065965	773.57	976.09	3.9974	2.0557	3.2059	630.07	0.065271	2.1232e-05	0.072386	supercritical
385.00	307.00	151.08	0.0066191	776.08	979.29	4.0057	2.0585	3.2046	630.18	0.065103	2.1218e-05	0.072424	supercritical
386.00	307.00	150.56	0.0066417	778.59	982.50	4.0140	2.0613	3.2034	630.29	0.064931	2.1205e-05	0.072464	supercritical
387.00	307.00	150.05	0.0066643	781.10	985.70	4.0223	2.0642	3.2022	630.41	0.064756	2.1192e-05	0.072506	supercritical
388.00	307.00	149.55	0.0066869	783.61	988.90	4.0306	2.0670	3.2010	630.54	0.064578	2.1179e-05	0.072549	supercritical
389.00	307.00	149.04	0.0067094	786.12	992.10	4.0388	2.0699	3.1999	630.67	0.064398	2.1167e-05	0.072594	supercritical
390.00	307.00	148.54	0.0067320	788.63	995.30	4.0470	2.0727	3.1989	630.81	0.064214	2.1155e-05	0.072640	supercritical
391.00	307.00	148.05	0.0067545	791.13	998.50	4.0552	2.0756	3.1978	630.95	0.064028	2.1144e-05	0.072687	supercritical
392.00	307.00	147.56	0.0067770	793.64	1001.7	4.0634	2.0785	3.1969	631.09	0.063839	2.1133e-05	0.072736	supercritical
393.00	307.00	147.07	0.0067995	796.15	1004.9	4.0715	2.0814	3.1959	631.25	0.063647	2.1122e-05	0.072786	supercritical
394.00	307.00	146.59	0.0068220	798.65	1008.1	4.0796	2.0843	3.1950	631.40	0.063453	2.1112e-05	0.072838	supercritical
395.00	307.00	146.10	0.0068444	801.16	1011.3	4.0877	2.0872	3.1942	631.56	0.063256	2.1102e-05	0.072891	supercritical
396.00	307.00	145.63	0.0068668	803.66	1014.5	4.0958	2.0902	3.1934	631.73	0.063057	2.1093e-05	0.072945	supercritical
397.00	307.00	145.15	0.0068893	806.17	1017.7	4.1039	2.0931	3.1926	631.90	0.062856	2.1084e-05	0.073001	supercritical
398.00	307.00	144.68	0.0069117	808.67	1020.9	4.1119	2.0961	3.1919	632.07	0.062652	2.1075e-05	0.073058	supercritical
399.00	307.00	144.22	0.0069340	811.18	1024.1	4.1199	2.0990	3.1912	632.25	0.062446	2.1067e-05	0.073117	supercritical
400.00	307.00	143.75	0.0069564	813.68	1027.2	4.1279	2.1020	3.1906	632.44	0.062238	2.1059e-05	0.073176	supercritical
401.00	307.00	143.29	0.0069788	816.19	1030.4	4.1358	2.1050	3.1900	632.63	0.062028	2.1051e-05	0.073238	supercritical
402.00	307.00	142.84	0.0070011	818.69	1033.6	4.1438	2.1080	3.1894	632.82	0.061816	2.1044e-05	0.073300	supercritical
403.00	307.00	142.38	0.0070234	821.19	1036.8	4.1517	2.1110	3.1889	633.01	0.061602	2.1037e-05	0.073364	supercritical
404.00	307.00	141.93	0.0070457	823.70	1040.0	4.1596	2.1140	3.1885	633.22	0.061386	2.1030e-05	0.073428	supercritical
405.00	307.00	141.48	0.0070680	826.20	1043.2	4.1675	2.1171	3.1880	633.42	0.061169	2.1024e-05	0.073495	supercritical
406.00	307.00	141.04	0.0070902	828.71	1046.4	4.1754	2.1201	3.1876	633.63	0.060950	2.1018e-05	0.073562	supercritical
407.00	307.00	140.60	0.0071125	831.21	1049.6	4.1832	2.1231	3.1873	633.84	0.060729	2.1012e-05	0.073631	supercritical
408.00	307.00	140.16	0.0071347	833.72	1052.8	4.1910	2.1262	3.1869	634.06	0.060506	2.1007e-05	0.073700	supercritical
409.00	307.00	139.73	0.0071569	836.22	1055.9	4.1988	2.1293	3.1867	634.28	0.060282	2.1002e-05	0.073772	supercritical
410.00	307.00	139.29	0.0071791	838.73	1059.1	4.2066	2.1323	3.1864	634.50	0.060056	2.0997e-05	0.073844	supercritical
411.00	307.00	138.86	0.0072012	841.23	1062.3	4.2144	2.1354	3.1862	634.73	0.059829	2.0993e-05	0.073917	supercritical
412.00	307.00	138.44	0.0072234	843.74	1065.5	4.2221	2.1385	3.1860	634.96	0.059601	2.0988e-05	0.073992	supercritical
413.00	307.00	138.02	0.0072455	846.25	1068.7	4.2298	2.1416	3.1859	635.19	0.059371	2.0985e-05	0.074067	supercritical
414.00	307.00	137.60	0.0072676	848.75	1071.9	4.2375	2.1447	3.1858	635.43	0.059140	2.0981e-05	0.074144	supercritical
415.00	307.00	137.18	0.0072897	851.26	1075.1	4.2452	2.1478	3.1858	635.67	0.058908	2.0978e-05	0.074222	supercritical
416.00	307.00	136.77	0.0073118	853.77	1078.2	4.2529	2.1509	3.1857	635.91	0.058674	2.0975e-05	0.074302	supercritical
417.00	307.00	136.35	0.0073339	856.28	1081.4	4.2605	2.1541	3.1857	636.16	0.058440	2.0972e-05	0.074382	supercritical
418.00	307.00	135.95	0.0073559	858.79	1084.6	4.2682	2.1572	3.1858	636.41	0.058204	2.0969e-05	0.074463	supercritical
419.00	307.00	135.54	0.0073779	861.30	1087.8	4.2758	2.1604	3.1859	636.66	0.057967	2.0967e-05	0.074546	supercritical
420.00	307.00	135.14	0.0073999	863.81	1091.0	4.2834	2.1635	3.1860	636.91	0.057730	2.0965e-05	0.074629	supercritical
421.00	307.00	134.74	0.0074219	866.32	1094.2	4.2910	2.1667	3.1861	637.17	0.057491	2.0964e-05	0.074714	supercritical
422.00	307.00	134.34	0.0074439	868.83	1097.4	4.2985	2.1699	3.1863	637.43	0.057251	2.0962e-05	0.074799	supercritical
423.00	307.00	133.94	0.0074659	871.34	1100.5	4.3061	2.1730	3.1865	637.70	0.057011	2.0961e-05	0.074886	supercritical
424.00	307.00	133.55	0.0074878	873.85	1103.7	4.3136	2.1762	3.1868	637.96	0.056770	2.0960e-05	0.074974	supercritical
425.00	307.00	133.16	0.0075097	876.37	1106.9	4.3211	2.1794	3.1870	638.23	0.056528	2.0959e-05	0.075063	supercritical
426.00	307.00	132.77	0.0075316	878.88	1110.1	4.3286	2.1826	3.1873	638.50	0.056285	2.0959e-05	0.075153	supercritical
427.00	307.00	132.39	0.0075535	881.40	1113.3	4.3361	2.1858	3.1877	638.78	0.056041	2.0959e-05	0.075243	supercritical
428.00	307.00	132.01	0.0075754	883.92	1116.5	4.3435	2.1890	3.1881	639.06	0.055797	2.0959e-05	0.075335	supercritical
429.00	307.00	131.63	0.0075972	886.43	1119.7	4.3510	2.1923	3.1885	639.34	0.055553	2.0959e-05	0.075428	supercritical
430.00	307.00	131.25	0.0076190	888.95	1122.9	4.3584	2.1955	3.1889	639.62	0.055307	2.0959e-05	0.075522	supercritical
431.00	307.00	130.88	0.0076408	891.47	1126.0	4.3658	2.1987	3.1894	639.90	0.055061	2.0960e-05	0.075617	supercritical
432.00	307.00	130.50	0.0076626	893.99	1129.2	4.3732	2.2020	3.1899	640.19	0.054815	2.0961e-05	0.075712	supercritical
433.00	307.00	130.13	0.0076844	896.51	1132.4	4.3806	2.2052	3.1904	640.48	0.054568	2.0962e-05	0.075809	supercritical
434.00	307.00	129.77	0.0077062	899.04	1135.6	4.3879	2.2085	3.1909	640.77	0.054321	2.0963e-05	0.075907	supercritical
435.00	307.00	129.40	0.0077279	901.56	1138.8	4.3953	2.2118	3.1915	641.06	0.054073	2.0965e-05	0.076005	supercritical
436.00	307.00	129.04	0.0077496	904.08	1142.0	4.4026	2.2150	3.1921	641.36	0.053825	2.0967e-05	0.076105	supercritical
437.00	307.00	128.68	0.0077713	906.61	1145.2	4.4099	2.2183	3.1928	641.65	0.053576	2.0969e-05	0.076205	supercritical
438.00	307.00	128.32	0.0077930	909.14	1148.4	4.4172	2.2216	3.1934	641.95	0.053327	2.0971e-05	0.076307	supercritical
439.00	307.00	127.96	0.0078147	911.67	1151.6	4.4245	2.2249	3.1941	642.25	0.053078	2.0973e-05	0.076409	supercritical
440.00	307.00	127.61	0.0078364	914.20	1154.8	4.4317	2.2282	3.1949	642.56	0.052829	2.0976e-05	0.076512	supercritical
441.00	307.00	127.26	0.0078580	916.73	1158.0	4.4390	2.2315	3.1956	642.86	0.052579	2.0978e-05	0.076616	supercritical
442.00	307.00	126.91	0.0078796	919.26	1161.2	4.4462	2.2348	3.1964	643.17	0.052329	2.0981e-05	0.076721	supercritical
443.00	307.00	126.56	0.0079012	921.79	1164.4	4.4535	2.2381	3.1972	643.48	0.052079	2.0984e-05	0.076827	supercritical
444.00	307.00	126.22	0.0079228	924.33	1167.6	4.4607	2.2414	3.1980	643.79	0.051829	2.0988e-05	0.076934	supercritical
445.00	307.00	125.88	0.0079444	926.86	1170.8	4.4679	2.2447	3.1989	644.11	0.051579	2.0991e-05	0.077041	supercritical
446.00	307.00	125.53	0.0079659	929.40	1174.0	4.4751	2.2480	3.1998	644.42	0.051328	2.0995e-05	0.077149	supercritical
447.00	307.00	125.20	0.0079875	931.94	1177.2	4.4822	2.2514	3.2007	644.74	0.051078	2.0999e-05	0.077259	supercritical
448.00	307.00	124.86	0.0080090	934.48	1180.4	4.4894	2.2547	3.2016	645.05	0.050827	2.1003e-05	0.077369	supercritical
449.00	307.00	124.53	0.0080305	937.02	1183.6	4.4965	2.2580	3.2026	645.37	0.050577	2.1007e-05	0.077480	supercritical
450.00	307.00	124.19	0.0080520	939.57	1186.8	4.5036	2.2614	3.2035	645.70	0.050326	2.1011e-05	0.077591	supercritical
451.00	307.00	123.86	0.0080734	942.11	1190.0	4.5108	2.2647	3.2045	646.02	0.050076	2.1016e-05	0.077704	supercritical
452.00	307.00	123.53	0.0080949	944.66	1193.2	4.5179	2.2681	3.2056	646.34	0.049825	2.1020e-05	0.077817	supercritical
453.00	307.00	123.21	0.0081163	947.21	1196.4	4.5249	2.2715	3.2066	646.67	0.049575	2.1025e-05	0.077931	supercritical
454.00	307.00	122.88	0.0081377	949.76	1199.6	4.5320	2.2748	3.2077	647.00	0.049325	2.1030e-05	0.078046	supercritical
455.00	307.00	122.56	0.0081591	952.31	1202.8	4.5391	2.2782	3.2088	647.33	0.049074	2.1036e-05	0.078162	supercritical
456.00	307.00	122.24	0.0081805	954.86	1206.0	4.5461	2.2816	3.2099	647.66	0.048824	2.1041e-05	0.078278	supercritical
457.00	307.00	121.92	0.0082019	957.41	1209.2	4.5531	2.2850	3.2111	647.99	0.048574	2.1046e-05	0.078395	supercritical
458.00	307.00	121.61	0.0082232	959.97	1212.4	4.5602	2.2884	3.2123	648.32	0.048324	2.1052e-05	0.078513	supercritical
459.00	307.00	121.29	0.0082446	962.53	1215.6	4.5672	2.2917	3.2134	648.66	0.048075	2.1058e-05	0.078632	supercritical
460.00	307.00	120.98	0.0082659	965.09	1218.9	4.5742	2.2951	3.2147	648.99	0.047825	2.1064e-05	0.078752	supercritical
461.00	307.00	120.67	0.0082872	967.65	1222.1	4.5811	2.2985	3.2159	649.33	0.047576	2.1070e-05	0.078872	supercritical
462.00	307.00	120.36	0.0083085	970.21	1225.3	4.5881	2.3019	3.2172	649.67	0.047327	2.1076e-05	0.078993	supercritical
463.00	307.00	120.05	0.0083298	972.78	1228.5	4.5951	2.3053	3.2184	650.01	0.047078	2.1082e-05	0.079115	supercritical
464.00	307.00	119.75	0.0083510	975.34	1231.7	4.6020	2.3088	3.2197	650.35	0.046830	2.1089e-05	0.079237	supercritical
465.00	307.00	119.44	0.0083723	977.91	1234.9	4.6090	2.3122	3.2211	650.70	0.046582	2.1096e-05	0.079360	supercritical
466.00	307.00	119.14	0.0083935	980.48	1238.2	4.6159	2.3156	3.2224	651.04	0.046334	2.1102e-05	0.079484	supercritical
467.00	307.00	118.84	0.0084147	983.05	1241.4	4.6228	2.3190	3.2238	651.38	0.046086	2.1109e-05	0.079609	supercritical
468.00	307.00	118.54	0.0084359	985.63	1244.6	4.6297	2.3224	3.2251	651.73	0.045839	2.1116e-05	0.079734	supercritical
469.00	307.00	118.24	0.0084571	988.20	1247.8	4.6366	2.3259	3.2265	652.08	0.045592	2.1124e-05	0.079860	supercritical
470.00	307.00	117.95	0.0084782	990.78	1251.1	4.6434	2.3293	3.2280	652.43	0.045346	2.1131e-05	0.079987	supercritical
471.00	307.00	117.66	0.0084994	993.36	1254.3	4.6503	2.3327	3.2294	652.78	0.045099	2.1138e-05	0.080114	supercritical
472.00	307.00	117.36	0.0085205	995.94	1257.5	4.6572	2.3362	3.2309	653.13	0.044854	2.1146e-05	0.080242	supercritical
473.00	307.00	117.07	0.0085416	998.53	1260.8	4.6640	2.3396	3.2323	653.48	0.044608	2.1154e-05	0.080371	supercritical
474.00	307.00	116.79	0.0085627	1001.1	1264.0	4.6708	2.3431	3.2338	653.83	0.044363	2.1161e-05	0.080500	supercritical
475.00	307.00	116.50	0.0085838	1003.7	1267.2	4.6776	2.3465	3.2353	654.18	0.044119	2.1169e-05	0.080630	supercritical
476.00	307.00	116.21	0.0086049	1006.3	1270.5	4.6844	2.3500	3.2369	654.54	0.043874	2.1177e-05	0.080761	supercritical
477.00	307.00	115.93	0.0086259	1008.9	1273.7	4.6912	2.3534	3.2384	654.90	0.043631	2.1186e-05	0.080892	supercritical
478.00	307.00	115.65	0.0086470	1011.5	1276.9	4.6980	2.3569	3.2400	655.25	0.043387	2.1194e-05	0.081024	supercritical
479.00	307.00	115.37	0.0086680	1014.1	1280.2	4.7048	2.3603	3.2416	655.61	0.043145	2.1202e-05	0.081157	supercritical
480.00	307.00	115.09	0.0086890	1016.7	1283.4	4.7116	2.3638	3.2432	655.97	0.042902	2.1211e-05	0.081290	supercritical
481.00	307.00	114.81	0.0087100	1019.3	1286.7	4.7183	2.3673	3.2448	656.33	0.042660	2.1219e-05	0.081424	supercritical
482.00	307.00	114.53	0.0087310	1021.9	1289.9	4.7250	2.3707	3.2464	656.69	0.042419	2.1228e-05	0.081558	supercritical
483.00	307.00	114.26	0.0087519	1024.5	1293.2	4.7318	2.3742	3.2481	657.05	0.042178	2.1237e-05	0.081693	supercritical
484.00	307.00	113.99	0.0087729	1027.1	1296.4	4.7385	2.3777	3.2498	657.41	0.041938	2.1246e-05	0.081829	supercritical
485.00	307.00	113.72	0.0087938	1029.7	1299.7	4.7452	2.3812	3.2515	657.77	0.041698	2.1255e-05	0.081966	supercritical
486.00	307.00	113.45	0.0088147	1032.3	1302.9	4.7519	2.3846	3.2532	658.14	0.041459	2.1264e-05	0.082102	supercritical
487.00	307.00	113.18	0.0088356	1034.9	1306.2	4.7586	2.3881	3.2549	658.50	0.041220	2.1274e-05	0.082240	supercritical
488.00	307.00	112.91	0.0088565	1037.5	1309.4	4.7653	2.3916	3.2566	658.87	0.040982	2.1283e-05	0.082378	supercritical
489.00	307.00	112.65	0.0088774	1040.1	1312.7	4.7719	2.3951	3.2584	659.23	0.040744	2.1292e-05	0.082517	supercritical
490.00	307.00	112.38	0.0088983	1042.8	1315.9	4.7786	2.3986	3.2601	659.60	0.040507	2.1302e-05	0.082656	supercritical
491.00	307.00	112.12	0.0089191	1045.4	1319.2	4.7852	2.4021	3.2619	659.97	0.040271	2.1312e-05	0.082796	supercritical
492.00	307.00	111.86	0.0089399	1048.0	1322.5	4.7919	2.4056	3.2637	660.33	0.040035	2.1322e-05	0.082937	supercritical
493.00	307.00	111.60	0.0089608	1050.6	1325.7	4.7985	2.4091	3.2655	660.70	0.039800	2.1331e-05	0.083078	supercritical
494.00	307.00	111.34	0.0089816	1053.3	1329.0	4.8051	2.4126	3.2674	661.07	0.039565	2.1341e-05	0.083219	supercritical
495.00	307.00	111.08	0.0090024	1055.9	1332.3	4.8117	2.4161	3.2692	661.44	0.039331	2.1351e-05	0.083361	supercritical
496.00	307.00	110.83	0.0090231	1058.5	1335.5	4.8183	2.4196	3.2711	661.81	0.039097	2.1362e-05	0.083504	supercritical
497.00	307.00	110.57	0.0090439	1061.1	1338.8	4.8249	2.4231	3.2729	662.18	0.038864	2.1372e-05	0.083647	supercritical
498.00	307.00	110.32	0.0090646	1063.8	1342.1	4.8315	2.4266	3.2748	662.56	0.038632	2.1382e-05	0.083791	supercritical
499.00	307.00	110.07	0.0090854	1066.4	1345.3	4.8381	2.4301	3.2767	662.93	0.038400	2.1393e-05	0.083936	supercritical
500.00	307.00	109.82	0.0091061	1069.1	1348.6	4.8446	2.4336	3.2786	663.30	0.038169	2.1403e-05	0.084080	supercritical
501.00	307.00	109.57	0.0091268	1071.7	1351.9	4.8512	2.4371	3.2806	663.68	0.037939	2.1414e-05	0.084226	supercritical
502.00	307.00	109.32	0.0091475	1074.4	1355.2	4.8577	2.4407	3.2825	664.05	0.037709	2.1424e-05	0.084372	supercritical
503.00	307.00	109.07	0.0091682	1077.0	1358.5	4.8643	2.4442	3.2845	664.43	0.037480	2.1435e-05	0.084518	supercritical
504.00	307.00	108.83	0.0091889	1079.7	1361.8	4.8708	2.4477	3.2864	664.80	0.037251	2.1446e-05	0.084665	supercritical
505.00	307.00	108.58	0.0092095	1082.3	1365.0	4.8773	2.4512	3.2884	665.18	0.037024	2.1457e-05	0.084813	supercritical
506.00	307.00	108.34	0.0092301	1085.0	1368.3	4.8838	2.4547	3.2904	665.55	0.036796	2.1468e-05	0.084961	supercritical
507.00	307.00	108.10	0.0092508	1087.6	1371.6	4.8903	2.4583	3.2924	665.93	0.036570	2.1479e-05	0.085110	supercritical
508.00	307.00	107.86	0.0092714	1090.3	1374.9	4.8968	2.4618	3.2944	666.31	0.036344	2.1490e-05	0.085259	supercritical
509.00	307.00	107.62	0.0092920	1092.9	1378.2	4.9033	2.4653	3.2964	666.69	0.036119	2.1502e-05	0.085408	supercritical
510.00	307.00	107.38	0.0093126	1095.6	1381.5	4.9098	2.4688	3.2985	667.07	0.035894	2.1513e-05	0.085558	supercritical
511.00	307.00	107.14	0.0093332	1098.3	1384.8	4.9162	2.4724	3.3005	667.44	0.035671	2.1524e-05	0.085709	supercritical
512.00	307.00	106.91	0.0093537	1101.0	1388.1	4.9227	2.4759	3.3026	667.82	0.035447	2.1536e-05	0.085860	supercritical
513.00	307.00	106.68	0.0093743	1103.6	1391.4	4.9291	2.4794	3.3047	668.20	0.035225	2.1547e-05	0.086012	supercritical
514.00	307.00	106.44	0.0093948	1106.3	1394.7	4.9356	2.4830	3.3068	668.58	0.035003	2.1559e-05	0.086164	supercritical
515.00	307.00	106.21	0.0094153	1109.0	1398.0	4.9420	2.4865	3.3089	668.97	0.034782	2.1571e-05	0.086316	supercritical
516.00	307.00	105.98	0.0094358	1111.7	1401.3	4.9484	2.4900	3.3110	669.35	0.034562	2.1583e-05	0.086469	supercritical
517.00	307.00	105.75	0.0094563	1114.3	1404.6	4.9548	2.4936	3.3131	669.73	0.034342	2.1594e-05	0.086623	supercritical
518.00	307.00	105.52	0.0094768	1117.0	1408.0	4.9612	2.4971	3.3152	670.11	0.034123	2.1606e-05	0.086777	supercritical
519.00	307.00	105.29	0.0094973	1119.7	1411.3	4.9676	2.5006	3.3174	670.49	0.033905	2.1618e-05	0.086931	supercritical
520.00	307.00	105.07	0.0095178	1122.4	1414.6	4.9740	2.5042	3.3195	670.88	0.033687	2.1630e-05	0.087086	supercritical
521.00	307.00	104.84	0.0095382	1125.1	1417.9	4.9804	2.5077	3.3217	671.26	0.033470	2.1643e-05	0.087241	supercritical
522.00	307.00	104.62	0.0095586	1127.8	1421.2	4.9868	2.5113	3.3239	671.64	0.033254	2.1655e-05	0.087397	supercritical
523.00	307.00	104.39	0.0095791	1130.5	1424.6	4.9931	2.5148	3.3261	672.03	0.033039	2.1667e-05	0.087553	supercritical
524.00	307.00	104.17	0.0095995	1133.2	1427.9	4.9995	2.5183	3.3283	672.41	0.032824	2.1679e-05	0.087710	supercritical
525.00	307.00	103.95	0.0096199	1135.9	1431.2	5.0058	2.5219	3.3305	672.80	0.032610	2.1692e-05	0.087867	supercritical
526.00	307.00	103.73	0.0096403	1138.6	1434.6	5.0122	2.5254	3.3327	673.18	0.032397	2.1704e-05	0.088025	supercritical
527.00	307.00	103.51	0.0096606	1141.3	1437.9	5.0185	2.5290	3.3349	673.57	0.032184	2.1717e-05	0.088183	supercritical
528.00	307.00	103.30	0.0096810	1144.0	1441.2	5.0248	2.5325	3.3372	673.95	0.031972	2.1729e-05	0.088342	supercritical
529.00	307.00	103.08	0.0097013	1146.7	1444.6	5.0312	2.5361	3.3394	674.34	0.031761	2.1742e-05	0.088500	supercritical
530.00	307.00	102.86	0.0097217	1149.4	1447.9	5.0375	2.5396	3.3417	674.73	0.031551	2.1755e-05	0.088660	supercritical
531.00	307.00	102.65	0.0097420	1152.2	1451.2	5.0438	2.5432	3.3440	675.11	0.031341	2.1767e-05	0.088820	supercritical
532.00	307.00	102.43	0.0097623	1154.9	1454.6	5.0501	2.5467	3.3462	675.50	0.031132	2.1780e-05	0.088980	supercritical
533.00	307.00	102.22	0.0097826	1157.6	1457.9	5.0563	2.5503	3.3485	675.89	0.030924	2.1793e-05	0.089140	supercritical
534.00	307.00	102.01	0.0098029	1160.3	1461.3	5.0626	2.5538	3.3508	676.27	0.030716	2.1806e-05	0.089301	supercritical
535.00	307.00	101.80	0.0098232	1163.1	1464.6	5.0689	2.5574	3.3531	676.66	0.030509	2.1819e-05	0.089463	supercritical
536.00	307.00	101.59	0.0098435	1165.8	1468.0	5.0752	2.5609	3.3554	677.05	0.030303	2.1832e-05	0.089625	supercritical
537.00	307.00	101.38	0.0098637	1168.5	1471.4	5.0814	2.5645	3.3578	677.44	0.030098	2.1845e-05	0.089787	supercritical
538.00	307.00	101.17	0.0098840	1171.3	1474.7	5.0877	2.5680	3.3601	677.83	0.029893	2.1859e-05	0.089950	supercritical
539.00	307.00	100.97	0.0099042	1174.0	1478.1	5.0939	2.5716	3.3624	678.22	0.029689	2.1872e-05	0.090113	supercritical
540.00	307.00	100.76	0.0099244	1176.8	1481.4	5.1001	2.5751	3.3648	678.60	0.029486	2.1885e-05	0.090276	supercritical
541.00	307.00	100.56	0.0099446	1179.5	1484.8	5.1064	2.5787	3.3671	678.99	0.029284	2.1898e-05	0.090440	supercritical
542.00	307.00	100.35	0.0099648	1182.2	1488.2	5.1126	2.5822	3.3695	679.38	0.029082	2.1912e-05	0.090605	supercritical
543.00	307.00	100.15	0.0099850	1185.0	1491.5	5.1188	2.5858	3.3719	679.77	0.028881	2.1925e-05	0.090769	supercritical
544.00	307.00	99.948	0.010005	1187.8	1494.9	5.1250	2.5893	3.3742	680.16	0.028681	2.1939e-05	0.090934	supercritical
545.00	307.00	99.747	0.010025	1190.5	1498.3	5.1312	2.5929	3.3766	680.55	0.028481	2.1952e-05	0.091100	supercritical
546.00	307.00	99.547	0.010046	1193.3	1501.7	5.1374	2.5964	3.3790	680.94	0.028283	2.1966e-05	0.091266	supercritical
547.00	307.00	99.348	0.010066	1196.0	1505.0	5.1436	2.6000	3.3814	681.33	0.028085	2.1979e-05	0.091432	supercritical
548.00	307.00	99.149	0.010086	1198.8	1508.4	5.1498	2.6035	3.3839	681.72	0.027887	2.1993e-05	0.091599	supercritical
549.00	307.00	98.952	0.010106	1201.6	1511.8	5.1559	2.6071	3.3863	682.12	0.027691	2.2007e-05	0.091766	supercritical
550.00	307.00	98.756	0.010126	1204.3	1515.2	5.1621	2.6106	3.3887	682.51	0.027495	2.2021e-05	0.091933	supercritical
551.00	307.00	98.560	0.010146	1207.1	1518.6	5.1683	2.6142	3.3911	682.90	0.027300	2.2034e-05	0.092101	supercritical
552.00	307.00	98.365	0.010166	1209.9	1522.0	5.1744	2.6177	3.3936	683.29	0.027105	2.2048e-05	0.092269	supercritical
553.00	307.00	98.171	0.010186	1212.7	1525.4	5.1805	2.6213	3.3960	683.68	0.026911	2.2062e-05	0.092437	supercritical
554.00	307.00	97.978	0.010206	1215.4	1528.8	5.1867	2.6248	3.3985	684.07	0.026718	2.2076e-05	0.092606	supercritical
555.00	307.00	97.786	0.010226	1218.2	1532.2	5.1928	2.6284	3.4009	684.46	0.026526	2.2090e-05	0.092775	supercritical
556.00	307.00	97.595	0.010246	1221.0	1535.6	5.1989	2.6319	3.4034	684.86	0.026335	2.2104e-05	0.092945	supercritical
557.00	307.00	97.404	0.010266	1223.8	1539.0	5.2051	2.6355	3.4059	685.25	0.026144	2.2118e-05	0.093115	supercritical
558.00	307.00	97.215	0.010287	1226.6	1542.4	5.2112	2.6390	3.4084	685.64	0.025954	2.2133e-05	0.093285	supercritical
559.00	307.00	97.026	0.010307	1229.4	1545.8	5.2173	2.6426	3.4109	686.03	0.025764	2.2147e-05	0.093456	supercritical
560.00	307.00	96.838	0.010327	1232.2	1549.2	5.2234	2.6462	3.4134	686.42	0.025576	2.2161e-05	0.093627	supercritical
561.00	307.00	96.651	0.010347	1235.0	1552.6	5.2295	2.6497	3.4159	686.82	0.025388	2.2175e-05	0.093798	supercritical
562.00	307.00	96.465	0.010367	1237.8	1556.0	5.2356	2.6533	3.4184	687.21	0.025201	2.2190e-05	0.093970	supercritical
563.00	307.00	96.279	0.010386	1240.6	1559.5	5.2416	2.6568	3.4209	687.60	0.025014	2.2204e-05	0.094142	supercritical
564.00	307.00	96.094	0.010406	1243.4	1562.9	5.2477	2.6604	3.4234	688.00	0.024828	2.2218e-05	0.094314	supercritical
565.00	307.00	95.910	0.010426	1246.2	1566.3	5.2538	2.6639	3.4260	688.39	0.024643	2.2233e-05	0.094487	supercritical
566.00	307.00	95.727	0.010446	1249.0	1569.7	5.2598	2.6675	3.4285	688.78	0.024459	2.2247e-05	0.094660	supercritical
567.00	307.00	95.545	0.010466	1251.9	1573.2	5.2659	2.6710	3.4310	689.17	0.024275	2.2262e-05	0.094834	supercritical
568.00	307.00	95.363	0.010486	1254.7	1576.6	5.2719	2.6745	3.4336	689.57	0.024092	2.2276e-05	0.095007	supercritical
569.00	307.00	95.183	0.010506	1257.5	1580.0	5.2780	2.6781	3.4361	689.96	0.023910	2.2291e-05	0.095181	supercritical
570.00	307.00	95.003	0.010526	1260.3	1583.5	5.2840	2.6816	3.4387	690.35	0.023729	2.2306e-05	0.095356	supercritical
571.00	307.00	94.824	0.010546	1263.2	1586.9	5.2900	2.6852	3.4413	690.75	0.023548	2.2320e-05	0.095530	supercritical
572.00	307.00	94.645	0.010566	1266.0	1590.4	5.2961	2.6887	3.4438	691.14	0.023368	2.2335e-05	0.095705	supercritical
573.00	307.00	94.467	0.010586	1268.8	1593.8	5.3021	2.6923	3.4464	691.53	0.023188	2.2350e-05	0.095881	supercritical
574.00	307.00	94.290	0.010606	1271.7	1597.2	5.3081	2.6958	3.4490	691.93	0.023010	2.2364e-05	0.096056	supercritical
575.00	307.00	94.114	0.010625	1274.5	1600.7	5.3141	2.6994	3.4516	692.32	0.022832	2.2379e-05	0.096232	supercritical
576.00	307.00	93.939	0.010645	1277.3	1604.1	5.3201	2.7029	3.4542	692.72	0.022655	2.2394e-05	0.096409	supercritical
577.00	307.00	93.764	0.010665	1280.2	1607.6	5.3261	2.7065	3.4568	693.11	0.022478	2.2409e-05	0.096585	supercritical
578.00	307.00	93.590	0.010685	1283.0	1611.1	5.3321	2.7100	3.4594	693.50	0.022302	2.2424e-05	0.096762	supercritical
579.00	307.00	93.417	0.010705	1285.9	1614.5	5.3381	2.7135	3.4620	693.90	0.022127	2.2439e-05	0.096940	supercritical
580.00	307.00	93.244	0.010725	1288.7	1618.0	5.3440	2.7171	3.4646	694.29	0.021952	2.2454e-05	0.097117	supercritical
581.00	307.00	93.073	0.010744	1291.6	1621.5	5.3500	2.7206	3.4672	694.69	0.021779	2.2469e-05	0.097295	supercritical
582.00	307.00	92.901	0.010764	1294.5	1624.9	5.3560	2.7242	3.4698	695.08	0.021606	2.2484e-05	0.097473	supercritical
583.00	307.00	92.731	0.010784	1297.3	1628.4	5.3619	2.7277	3.4725	695.47	0.021433	2.2499e-05	0.097652	supercritical
584.00	307.00	92.561	0.010804	1300.2	1631.9	5.3679	2.7312	3.4751	695.87	0.021261	2.2514e-05	0.097830	supercritical
585.00	307.00	92.392	0.010823	1303.1	1635.3	5.3738	2.7348	3.4777	696.26	0.021090	2.2529e-05	0.098009	supercritical
586.00	307.00	92.224	0.010843	1305.9	1638.8	5.3798	2.7383	3.4804	696.66	0.020920	2.2544e-05	0.098189	supercritical
587.00	307.00	92.057	0.010863	1308.8	1642.3	5.3857	2.7418	3.4830	697.05	0.020750	2.2560e-05	0.098368	supercritical
588.00	307.00	91.890	0.010883	1311.7	1645.8	5.3916	2.7454	3.4857	697.44	0.020581	2.2575e-05	0.098548	supercritical
589.00	307.00	91.723	0.010902	1314.6	1649.3	5.3976	2.7489	3.4883	697.84	0.020413	2.2590e-05	0.098729	supercritical
590.00	307.00	91.558	0.010922	1317.5	1652.8	5.4035	2.7524	3.4910	698.23	0.020245	2.2605e-05	0.098909	supercritical
591.00	307.00	91.393	0.010942	1320.3	1656.3	5.4094	2.7560	3.4937	698.63	0.020078	2.2621e-05	0.099090	supercritical
592.00	307.00	91.229	0.010961	1323.2	1659.8	5.4153	2.7595	3.4963	699.02	0.019912	2.2636e-05	0.099271	supercritical
593.00	307.00	91.065	0.010981	1326.1	1663.2	5.4212	2.7630	3.4990	699.41	0.019746	2.2651e-05	0.099452	supercritical
594.00	307.00	90.902	0.011001	1329.0	1666.8	5.4271	2.7666	3.5017	699.81	0.019581	2.2667e-05	0.099634	supercritical
595.00	307.00	90.740	0.011021	1331.9	1670.3	5.4330	2.7701	3.5044	700.20	0.019417	2.2682e-05	0.099816	supercritical
596.00	307.00	90.578	0.011040	1334.8	1673.8	5.4389	2.7736	3.5070	700.60	0.019254	2.2698e-05	0.099998	supercritical
597.00	307.00	90.417	0.011060	1337.7	1677.3	5.4448	2.7771	3.5097	700.99	0.019091	2.2713e-05	0.10018	supercritical
598.00	307.00	90.257	0.011079	1340.6	1680.8	5.4507	2.7807	3.5124	701.38	0.018928	2.2729e-05	0.10036	supercritical
599.00	307.00	90.097	0.011099	1343.5	1684.3	5.4565	2.7842	3.5151	701.78	0.018767	2.2744e-05	0.10055	supercritical
600.00	307.00	89.938	0.011119	1346.5	1687.8	5.4624	2.7877	3.5178	702.17	0.018606	2.2760e-05	0.10073	supercritical
601.00	307.00	89.780	0.011138	1349.4	1691.3	5.4682	2.7912	3.5205	702.57	0.018445	2.2776e-05	0.10091	supercritical
602.00	307.00	89.622	0.011158	1352.3	1694.8	5.4741	2.7948	3.5232	702.96	0.018286	2.2791e-05	0.10110	supercritical
603.00	307.00	89.465	0.011178	1355.2	1698.4	5.4800	2.7983	3.5260	703.35	0.018127	2.2807e-05	0.10128	supercritical
604.00	307.00	89.309	0.011197	1358.1	1701.9	5.4858	2.8018	3.5287	703.75	0.017968	2.2822e-05	0.10147	supercritical
605.00	307.00	89.153	0.011217	1361.1	1705.4	5.4916	2.8053	3.5314	704.14	0.017810	2.2838e-05	0.10165	supercritical
606.00	307.00	88.997	0.011236	1364.0	1709.0	5.4975	2.8088	3.5341	704.54	0.017653	2.2854e-05	0.10184	supercritical
607.00	307.00	88.843	0.011256	1366.9	1712.5	5.5033	2.8123	3.5368	704.93	0.017497	2.2870e-05	0.10202	supercritical
608.00	307.00	88.688	0.011275	1369.9	1716.0	5.5091	2.8159	3.5396	705.32	0.017341	2.2885e-05	0.10221	supercritical
609.00	307.00	88.535	0.011295	1372.8	1719.6	5.5149	2.8194	3.5423	705.72	0.017186	2.2901e-05	0.10239	supercritical
610.00	307.00	88.382	0.011315	1375.8	1723.1	5.5208	2.8229	3.5450	706.11	0.017031	2.2917e-05	0.10258	supercritical
611.00	307.00	88.230	0.011334	1378.7	1726.7	5.5266	2.8264	3.5478	706.50	0.016877	2.2933e-05	0.10276	supercritical
612.00	307.00	88.078	0.011354	1381.7	1730.2	5.5324	2.8299	3.5505	706.90	0.016724	2.2949e-05	0.10295	supercritical
613.00	307.00	87.927	0.011373	1384.6	1733.8	5.5382	2.8334	3.5533	707.29	0.016571	2.2965e-05	0.10314	supercritical
614.00	307.00	87.776	0.011393	1387.6	1737.3	5.5440	2.8369	3.5560	707.68	0.016419	2.2981e-05	0.10332	supercritical
615.00	307.00	87.626	0.011412	1390.5	1740.9	5.5498	2.8404	3.5588	708.08	0.016268	2.2997e-05	0.10351	supercritical
616.00	307.00	87.477	0.011432	1393.5	1744.4	5.5555	2.8439	3.5615	708.47	0.016117	2.3012e-05	0.10370	supercritical
617.00	307.00	87.328	0.011451	1396.5	1748.0	5.5613	2.8474	3.5643	708.86	0.015967	2.3028e-05	0.10389	supercritical
618.00	307.00	87.180	0.011471	1399.4	1751.6	5.5671	2.8509	3.5671	709.26	0.015818	2.3044e-05	0.10407	supercritical
619.00	307.00	87.032	0.011490	1402.4	1755.1	5.5729	2.8544	3.5698	709.65	0.015669	2.3060e-05	0.10426	supercritical
620.00	307.00	86.885	0.011509	1405.4	1758.7	5.5786	2.8579	3.5726	710.04	0.015520	2.3077e-05	0.10445	supercritical
621.00	307.00	86.738	0.011529	1408.3	1762.3	5.5844	2.8614	3.5754	710.44	0.015373	2.3093e-05	0.10464	supercritical
622.00	307.00	86.592	0.011548	1411.3	1765.9	5.5901	2.8649	3.5781	710.83	0.015225	2.3109e-05	0.10483	supercritical
623.00	307.00	86.447	0.011568	1414.3	1769.4	5.5959	2.8684	3.5809	711.22	0.015079	2.3125e-05	0.10502	supercritical
624.00	307.00	86.302	0.011587	1417.3	1773.0	5.6016	2.8719	3.5837	711.62	0.014933	2.3141e-05	0.10521	supercritical
625.00	307.00	86.157	0.011607	1420.3	1776.6	5.6074	2.8754	3.5865	712.01	0.014788	2.3157e-05	0.10540	supercritical
