Temperature (K)	Pressure (bar)	Density (kg/m3)	Volume (m3/kg)	Internal Energy (kJ/kg)	Enthalpy (kJ/kg)	Entropy (J/g*K)	Cv (J/g*K)	Cp (J/g*K)	Sound Spd. (m/s)	Joule-Thomson (K/bar)	Viscosity (Pa*s)	Therm. Cond. (W/m*K)	Phase
105.00	591.00	467.54	0.0021389	-53.756	72.651	-0.54660	2.2114	3.1992	1768.7	-0.052213	0.00024097	0.24344	liquid
106.00	591.00	466.56	0.0021433	-50.821	75.850	-0.51628	2.2072	3.1988	1762.9	-0.052169	0.00023386	0.24245	liquid
107.00	591.00	465.59	0.0021478	-47.887	79.048	-0.48625	2.2030	3.1984	1757.1	-0.052124	0.00022716	0.24145	liquid
108.00	591.00	464.62	0.0021523	-44.955	82.246	-0.45649	2.1988	3.1980	1751.3	-0.052078	0.00022082	0.24044	liquid
109.00	591.00	463.64	0.0021568	-42.024	85.444	-0.42702	2.1947	3.1976	1745.5	-0.052030	0.00021483	0.23943	liquid
110.00	591.00	462.67	0.0021614	-39.095	88.642	-0.39782	2.1907	3.1972	1739.6	-0.051981	0.00020916	0.23841	liquid
111.00	591.00	461.70	0.0021659	-36.167	91.839	-0.36889	2.1866	3.1968	1733.8	-0.051931	0.00020378	0.23738	liquid
112.00	591.00	460.73	0.0021705	-33.240	95.035	-0.34022	2.1826	3.1964	1728.0	-0.051880	0.00019868	0.23635	liquid
113.00	591.00	459.76	0.0021751	-30.314	98.231	-0.31181	2.1786	3.1960	1722.2	-0.051828	0.00019384	0.23532	liquid
114.00	591.00	458.79	0.0021797	-27.390	101.43	-0.28365	2.1746	3.1956	1716.4	-0.051775	0.00018923	0.23428	liquid
115.00	591.00	457.82	0.0021843	-24.468	104.62	-0.25575	2.1707	3.1951	1710.7	-0.051721	0.00018484	0.23324	liquid
116.00	591.00	456.85	0.0021889	-21.547	107.82	-0.22808	2.1668	3.1947	1704.9	-0.051666	0.00018066	0.23219	liquid
117.00	591.00	455.88	0.0021935	-18.627	111.01	-0.20066	2.1629	3.1943	1699.1	-0.051609	0.00017667	0.23114	liquid
118.00	591.00	454.91	0.0021982	-15.709	114.21	-0.17348	2.1590	3.1938	1693.3	-0.051552	0.00017286	0.23009	liquid
119.00	591.00	453.95	0.0022029	-12.792	117.40	-0.14653	2.1552	3.1934	1687.6	-0.051494	0.00016922	0.22903	liquid
120.00	591.00	452.98	0.0022076	-9.8767	120.59	-0.11981	2.1513	3.1929	1681.8	-0.051434	0.00016574	0.22798	liquid
121.00	591.00	452.01	0.0022123	-6.9629	123.79	-0.093313	2.1475	3.1924	1676.1	-0.051374	0.00016241	0.22692	liquid
122.00	591.00	451.05	0.0022171	-4.0508	126.98	-0.067040	2.1437	3.1920	1670.4	-0.051313	0.00015921	0.22586	liquid
123.00	591.00	450.08	0.0022218	-1.1402	130.17	-0.040985	2.1400	3.1915	1664.7	-0.051250	0.00015615	0.22480	liquid
124.00	591.00	449.12	0.0022266	1.7688	133.36	-0.015145	2.1362	3.1910	1659.0	-0.051186	0.00015321	0.22374	liquid
125.00	591.00	448.15	0.0022314	4.6763	136.55	0.010484	2.1325	3.1905	1653.3	-0.051122	0.00015038	0.22268	liquid
126.00	591.00	447.19	0.0022362	7.5821	139.74	0.035904	2.1288	3.1900	1647.6	-0.051056	0.00014767	0.22162	liquid
127.00	591.00	446.22	0.0022410	10.486	142.93	0.061119	2.1251	3.1894	1641.9	-0.050989	0.00014505	0.22056	liquid
128.00	591.00	445.26	0.0022459	13.389	146.12	0.086132	2.1214	3.1889	1636.3	-0.050921	0.00014254	0.21950	liquid
129.00	591.00	444.30	0.0022507	16.290	149.31	0.11095	2.1178	3.1884	1630.6	-0.050852	0.00014011	0.21844	liquid
130.00	591.00	443.33	0.0022556	19.189	152.50	0.13557	2.1142	3.1878	1625.0	-0.050782	0.00013777	0.21739	liquid
131.00	591.00	442.37	0.0022605	22.086	155.68	0.15999	2.1106	3.1873	1619.4	-0.050710	0.00013551	0.21633	liquid
132.00	591.00	441.41	0.0022655	24.982	158.87	0.18423	2.1070	3.1867	1613.8	-0.050638	0.00013333	0.21527	liquid
133.00	591.00	440.45	0.0022704	27.876	162.06	0.20828	2.1035	3.1862	1608.2	-0.050564	0.00013123	0.21422	liquid
134.00	591.00	439.49	0.0022754	30.769	165.24	0.23214	2.0999	3.1856	1602.7	-0.050489	0.00012919	0.21317	liquid
135.00	591.00	438.52	0.0022804	33.659	168.43	0.25582	2.0964	3.1851	1597.1	-0.050413	0.00012722	0.21212	liquid
136.00	591.00	437.56	0.0022854	36.548	171.61	0.27933	2.0929	3.1845	1591.6	-0.050335	0.00012531	0.21107	liquid
137.00	591.00	436.60	0.0022904	39.435	174.80	0.30266	2.0895	3.1840	1586.1	-0.050256	0.00012346	0.21003	liquid
138.00	591.00	435.64	0.0022955	42.320	177.98	0.32581	2.0861	3.1834	1580.6	-0.050176	0.00012167	0.20898	liquid
139.00	591.00	434.68	0.0023005	45.204	181.17	0.34879	2.0827	3.1828	1575.1	-0.050095	0.00011993	0.20794	liquid
140.00	591.00	433.72	0.0023056	48.086	184.35	0.37161	2.0793	3.1823	1569.6	-0.050012	0.00011824	0.20691	liquid
141.00	591.00	432.76	0.0023107	50.965	187.53	0.39425	2.0759	3.1817	1564.1	-0.049928	0.00011660	0.20587	liquid
142.00	591.00	431.80	0.0023159	53.843	190.71	0.41674	2.0726	3.1811	1558.7	-0.049843	0.00011501	0.20484	liquid
143.00	591.00	430.85	0.0023210	56.720	193.89	0.43906	2.0693	3.1805	1553.3	-0.049756	0.00011346	0.20381	liquid
144.00	591.00	429.89	0.0023262	59.594	197.07	0.46122	2.0660	3.1800	1547.9	-0.049668	0.00011196	0.20279	liquid
145.00	591.00	428.93	0.0023314	62.467	200.25	0.48323	2.0627	3.1794	1542.5	-0.049579	0.00011050	0.20177	liquid
146.00	591.00	427.97	0.0023366	65.338	203.43	0.50508	2.0595	3.1789	1537.2	-0.049488	0.00010907	0.20075	liquid
147.00	591.00	427.01	0.0023418	68.206	206.61	0.52677	2.0563	3.1783	1531.8	-0.049396	0.00010769	0.19974	liquid
148.00	591.00	426.06	0.0023471	71.073	209.79	0.54832	2.0531	3.1777	1526.5	-0.049302	0.00010634	0.19873	liquid
149.00	591.00	425.10	0.0023524	73.939	212.97	0.56972	2.0500	3.1772	1521.2	-0.049207	0.00010502	0.19772	liquid
150.00	591.00	424.14	0.0023577	76.802	216.14	0.59097	2.0469	3.1766	1515.9	-0.049111	0.00010374	0.19672	liquid
151.00	591.00	423.19	0.0023630	79.663	219.32	0.61207	2.0438	3.1761	1510.6	-0.049013	0.00010248	0.19573	liquid
152.00	591.00	422.23	0.0023684	82.523	222.49	0.63303	2.0407	3.1755	1505.3	-0.048914	0.00010126	0.19473	liquid
153.00	591.00	421.27	0.0023738	85.381	225.67	0.65386	2.0377	3.1750	1500.1	-0.048813	0.00010007	0.19374	liquid
154.00	591.00	420.32	0.0023791	88.236	228.84	0.67454	2.0347	3.1745	1494.9	-0.048710	9.8908e-05	0.19276	liquid
155.00	591.00	419.36	0.0023846	91.090	232.02	0.69508	2.0317	3.1739	1489.7	-0.048606	9.7772e-05	0.19178	liquid
156.00	591.00	418.41	0.0023900	93.942	235.19	0.71549	2.0288	3.1734	1484.5	-0.048501	9.6661e-05	0.19080	liquid
157.00	591.00	417.45	0.0023955	96.792	238.37	0.73577	2.0258	3.1729	1479.4	-0.048394	9.5576e-05	0.18983	liquid
158.00	591.00	416.50	0.0024010	99.641	241.54	0.75591	2.0229	3.1724	1474.2	-0.048286	9.4515e-05	0.18887	liquid
159.00	591.00	415.54	0.0024065	102.49	244.71	0.77593	2.0201	3.1719	1469.1	-0.048176	9.3477e-05	0.18791	liquid
160.00	591.00	414.59	0.0024120	105.33	247.88	0.79581	2.0172	3.1714	1464.0	-0.048064	9.2462e-05	0.18695	liquid
161.00	591.00	413.64	0.0024176	108.17	251.05	0.81557	2.0144	3.1709	1458.9	-0.047951	9.1469e-05	0.18600	liquid
162.00	591.00	412.68	0.0024232	111.01	254.22	0.83520	2.0117	3.1704	1453.9	-0.047837	9.0497e-05	0.18505	liquid
163.00	591.00	411.73	0.0024288	113.85	257.39	0.85471	2.0089	3.1699	1448.8	-0.047720	8.9545e-05	0.18411	liquid
164.00	591.00	410.78	0.0024344	116.69	260.56	0.87410	2.0062	3.1694	1443.8	-0.047603	8.8613e-05	0.18317	liquid
165.00	591.00	409.83	0.0024401	119.52	263.73	0.89336	2.0035	3.1690	1438.8	-0.047483	8.7700e-05	0.18224	liquid
166.00	591.00	408.87	0.0024457	122.36	266.90	0.91251	2.0008	3.1685	1433.8	-0.047362	8.6806e-05	0.18132	liquid
167.00	591.00	407.92	0.0024514	125.19	270.07	0.93154	1.9982	3.1681	1428.9	-0.047240	8.5929e-05	0.18040	liquid
168.00	591.00	406.97	0.0024572	128.02	273.24	0.95045	1.9956	3.1676	1423.9	-0.047116	8.5070e-05	0.17948	liquid
169.00	591.00	406.02	0.0024629	130.85	276.40	0.96925	1.9930	3.1672	1419.0	-0.046990	8.4227e-05	0.17857	liquid
170.00	591.00	405.07	0.0024687	133.67	279.57	0.98793	1.9905	3.1668	1414.1	-0.046863	8.3401e-05	0.17766	liquid
171.00	591.00	404.12	0.0024745	136.49	282.74	1.0065	1.9880	3.1663	1409.2	-0.046734	8.2591e-05	0.17676	liquid
172.00	591.00	403.17	0.0024803	139.32	285.90	1.0250	1.9855	3.1659	1404.4	-0.046603	8.1796e-05	0.17587	liquid
173.00	591.00	402.22	0.0024862	142.14	289.07	1.0433	1.9831	3.1655	1399.5	-0.046471	8.1015e-05	0.17498	liquid
174.00	591.00	401.27	0.0024921	144.95	292.24	1.0616	1.9806	3.1651	1394.7	-0.046337	8.0250e-05	0.17410	liquid
175.00	591.00	400.32	0.0024980	147.77	295.40	1.0797	1.9783	3.1647	1389.9	-0.046202	7.9498e-05	0.17322	liquid
176.00	591.00	399.37	0.0025039	150.58	298.56	1.0977	1.9759	3.1644	1385.1	-0.046065	7.8760e-05	0.17235	liquid
177.00	591.00	398.43	0.0025099	153.40	301.73	1.1157	1.9736	3.1640	1380.4	-0.045926	7.8035e-05	0.17148	liquid
178.00	591.00	397.48	0.0025159	156.21	304.89	1.1335	1.9713	3.1636	1375.7	-0.045786	7.7324e-05	0.17062	liquid
179.00	591.00	396.53	0.0025219	159.01	308.06	1.1512	1.9690	3.1633	1371.0	-0.045644	7.6624e-05	0.16976	liquid
180.00	591.00	395.58	0.0025279	161.82	311.22	1.1688	1.9668	3.1629	1366.3	-0.045501	7.5937e-05	0.16891	liquid
181.00	591.00	394.64	0.0025340	164.62	314.38	1.1863	1.9646	3.1626	1361.6	-0.045356	7.5262e-05	0.16807	liquid
182.00	591.00	393.69	0.0025401	167.43	317.54	1.2038	1.9624	3.1623	1357.0	-0.045209	7.4599e-05	0.16723	liquid
183.00	591.00	392.75	0.0025462	170.23	320.71	1.2211	1.9603	3.1619	1352.3	-0.045061	7.3947e-05	0.16640	liquid
184.00	591.00	391.80	0.0025523	173.03	323.87	1.2383	1.9581	3.1616	1347.7	-0.044911	7.3306e-05	0.16557	liquid
185.00	591.00	390.86	0.0025585	175.82	327.03	1.2555	1.9561	3.1613	1343.1	-0.044760	7.2676e-05	0.16475	liquid
186.00	591.00	389.91	0.0025647	178.62	330.19	1.2725	1.9540	3.1610	1338.6	-0.044606	7.2056e-05	0.16393	liquid
187.00	591.00	388.97	0.0025709	181.41	333.35	1.2895	1.9520	3.1607	1334.1	-0.044452	7.1446e-05	0.16312	liquid
188.00	591.00	388.03	0.0025771	184.20	336.51	1.3063	1.9500	3.1605	1329.5	-0.044295	7.0847e-05	0.16232	liquid
189.00	591.00	387.08	0.0025834	186.99	339.67	1.3231	1.9481	3.1602	1325.0	-0.044138	7.0257e-05	0.16152	liquid
190.00	591.00	386.14	0.0025897	189.78	342.83	1.3398	1.9461	3.1599	1320.6	-0.043978	6.9676e-05	0.16073	liquid
191.00	591.00	385.20	0.0025960	192.57	345.99	1.3563	1.9442	3.1597	1316.1	-0.043817	6.9105e-05	0.15994	supercritical
192.00	591.00	384.26	0.0026024	195.35	349.15	1.3728	1.9424	3.1594	1311.7	-0.043655	6.8543e-05	0.15916	supercritical
193.00	591.00	383.32	0.0026088	198.13	352.31	1.3893	1.9406	3.1592	1307.3	-0.043490	6.7990e-05	0.15838	supercritical
194.00	591.00	382.38	0.0026152	200.91	355.47	1.4056	1.9388	3.1590	1302.9	-0.043325	6.7446e-05	0.15761	supercritical
195.00	591.00	381.44	0.0026216	203.69	358.63	1.4218	1.9370	3.1588	1298.6	-0.043158	6.6910e-05	0.15684	supercritical
196.00	591.00	380.50	0.0026281	206.47	361.79	1.4380	1.9353	3.1585	1294.2	-0.042989	6.6382e-05	0.15608	supercritical
197.00	591.00	379.56	0.0026346	209.24	364.95	1.4540	1.9336	3.1583	1289.9	-0.042818	6.5863e-05	0.15533	supercritical
198.00	591.00	378.63	0.0026411	212.01	368.10	1.4700	1.9319	3.1581	1285.6	-0.042647	6.5351e-05	0.15458	supercritical
199.00	591.00	377.69	0.0026477	214.79	371.26	1.4860	1.9302	3.1580	1281.3	-0.042473	6.4847e-05	0.15384	supercritical
200.00	591.00	376.75	0.0026543	217.55	374.42	1.5018	1.9286	3.1578	1277.1	-0.042298	6.4351e-05	0.15310	supercritical
201.00	591.00	375.82	0.0026609	220.32	377.58	1.5175	1.9271	3.1576	1272.9	-0.042122	6.3862e-05	0.15237	supercritical
202.00	591.00	374.88	0.0026675	223.09	380.74	1.5332	1.9255	3.1574	1268.7	-0.041944	6.3380e-05	0.15164	supercritical
203.00	591.00	373.95	0.0026742	225.85	383.89	1.5488	1.9240	3.1573	1264.5	-0.041765	6.2906e-05	0.15092	supercritical
204.00	591.00	373.02	0.0026808	228.61	387.05	1.5643	1.9225	3.1571	1260.3	-0.041585	6.2439e-05	0.15021	supercritical
205.00	591.00	372.08	0.0026876	231.37	390.21	1.5797	1.9211	3.1570	1256.2	-0.041402	6.1978e-05	0.14950	supercritical
206.00	591.00	371.15	0.0026943	234.13	393.36	1.5951	1.9197	3.1568	1252.1	-0.041219	6.1524e-05	0.14880	supercritical
207.00	591.00	370.22	0.0027011	236.89	396.52	1.6104	1.9183	3.1567	1248.0	-0.041034	6.1077e-05	0.14810	supercritical
208.00	591.00	369.29	0.0027079	239.64	399.68	1.6256	1.9169	3.1566	1243.9	-0.040848	6.0636e-05	0.14741	supercritical
209.00	591.00	368.36	0.0027147	242.39	402.83	1.6407	1.9156	3.1565	1239.9	-0.040660	6.0201e-05	0.14672	supercritical
210.00	591.00	367.43	0.0027216	245.14	405.99	1.6558	1.9143	3.1564	1235.9	-0.040471	5.9772e-05	0.14604	supercritical
211.00	591.00	366.50	0.0027285	247.89	409.15	1.6708	1.9131	3.1563	1231.9	-0.040280	5.9350e-05	0.14537	supercritical
212.00	591.00	365.58	0.0027354	250.64	412.30	1.6857	1.9118	3.1562	1227.9	-0.040089	5.8934e-05	0.14470	supercritical
213.00	591.00	364.65	0.0027424	253.39	415.46	1.7006	1.9106	3.1561	1223.9	-0.039896	5.8523e-05	0.14404	supercritical
214.00	591.00	363.72	0.0027493	256.13	418.62	1.7154	1.9095	3.1560	1220.0	-0.039701	5.8118e-05	0.14338	supercritical
215.00	591.00	362.80	0.0027563	258.87	421.77	1.7301	1.9083	3.1559	1216.1	-0.039506	5.7719e-05	0.14273	supercritical
216.00	591.00	361.88	0.0027634	261.61	424.93	1.7447	1.9072	3.1559	1212.2	-0.039309	5.7325e-05	0.14208	supercritical
217.00	591.00	360.95	0.0027704	264.35	428.08	1.7593	1.9062	3.1558	1208.4	-0.039111	5.6936e-05	0.14144	supercritical
218.00	591.00	360.03	0.0027775	267.09	431.24	1.7738	1.9051	3.1557	1204.5	-0.038911	5.6553e-05	0.14080	supercritical
219.00	591.00	359.11	0.0027847	269.82	434.39	1.7882	1.9041	3.1557	1200.7	-0.038711	5.6175e-05	0.14017	supercritical
220.00	591.00	358.19	0.0027918	272.55	437.55	1.8026	1.9032	3.1556	1196.9	-0.038509	5.5803e-05	0.13955	supercritical
221.00	591.00	357.27	0.0027990	275.29	440.71	1.8169	1.9022	3.1556	1193.2	-0.038306	5.5435e-05	0.13893	supercritical
222.00	591.00	356.35	0.0028062	278.02	443.86	1.8312	1.9013	3.1556	1189.4	-0.038102	5.5072e-05	0.13832	supercritical
223.00	591.00	355.44	0.0028134	280.74	447.02	1.8454	1.9005	3.1555	1185.7	-0.037897	5.4714e-05	0.13771	supercritical
224.00	591.00	354.52	0.0028207	283.47	450.17	1.8595	1.8996	3.1555	1182.0	-0.037691	5.4361e-05	0.13711	supercritical
225.00	591.00	353.61	0.0028280	286.19	453.33	1.8735	1.8988	3.1555	1178.3	-0.037484	5.4013e-05	0.13651	supercritical
226.00	591.00	352.69	0.0028353	288.92	456.48	1.8875	1.8980	3.1555	1174.7	-0.037276	5.3669e-05	0.13592	supercritical
227.00	591.00	351.78	0.0028427	291.64	459.64	1.9015	1.8973	3.1555	1171.0	-0.037066	5.3329e-05	0.13534	supercritical
228.00	591.00	350.87	0.0028501	294.36	462.79	1.9153	1.8966	3.1555	1167.4	-0.036856	5.2995e-05	0.13476	supercritical
229.00	591.00	349.96	0.0028575	297.07	465.95	1.9291	1.8959	3.1555	1163.9	-0.036645	5.2664e-05	0.13418	supercritical
230.00	591.00	349.05	0.0028649	299.79	469.11	1.9429	1.8952	3.1555	1160.3	-0.036433	5.2338e-05	0.13361	supercritical
231.00	591.00	348.14	0.0028724	302.50	472.26	1.9566	1.8946	3.1555	1156.8	-0.036220	5.2016e-05	0.13305	supercritical
232.00	591.00	347.23	0.0028799	305.21	475.42	1.9702	1.8940	3.1555	1153.3	-0.036006	5.1698e-05	0.13249	supercritical
233.00	591.00	346.33	0.0028874	307.92	478.57	1.9838	1.8934	3.1555	1149.8	-0.035791	5.1384e-05	0.13193	supercritical
234.00	591.00	345.42	0.0028950	310.63	481.73	1.9973	1.8929	3.1556	1146.3	-0.035575	5.1074e-05	0.13139	supercritical
235.00	591.00	344.52	0.0029026	313.34	484.88	2.0108	1.8924	3.1556	1142.9	-0.035359	5.0769e-05	0.13084	supercritical
236.00	591.00	343.62	0.0029102	316.05	488.04	2.0242	1.8920	3.1556	1139.5	-0.035141	5.0467e-05	0.13030	supercritical
237.00	591.00	342.72	0.0029179	318.75	491.19	2.0375	1.8915	3.1556	1136.1	-0.034923	5.0169e-05	0.12977	supercritical
238.00	591.00	341.82	0.0029255	321.45	494.35	2.0508	1.8911	3.1557	1132.7	-0.034704	4.9875e-05	0.12924	supercritical
239.00	591.00	340.92	0.0029332	324.15	497.51	2.0640	1.8907	3.1557	1129.4	-0.034485	4.9584e-05	0.12872	supercritical
240.00	591.00	340.02	0.0029410	326.85	500.66	2.0772	1.8904	3.1558	1126.0	-0.034265	4.9297e-05	0.12820	supercritical
241.00	591.00	339.13	0.0029487	329.55	503.82	2.0903	1.8901	3.1558	1122.7	-0.034044	4.9014e-05	0.12769	supercritical
242.00	591.00	338.24	0.0029565	332.24	506.97	2.1034	1.8898	3.1559	1119.5	-0.033822	4.8734e-05	0.12719	supercritical
243.00	591.00	337.34	0.0029643	334.94	510.13	2.1164	1.8896	3.1559	1116.2	-0.033600	4.8458e-05	0.12668	supercritical
244.00	591.00	336.45	0.0029722	337.63	513.29	2.1294	1.8893	3.1560	1113.0	-0.033378	4.8185e-05	0.12619	supercritical
245.00	591.00	335.56	0.0029801	340.32	516.44	2.1423	1.8892	3.1560	1109.8	-0.033155	4.7916e-05	0.12570	supercritical
246.00	591.00	334.67	0.0029880	343.01	519.60	2.1551	1.8890	3.1561	1106.6	-0.032931	4.7649e-05	0.12521	supercritical
247.00	591.00	333.79	0.0029959	345.70	522.75	2.1679	1.8889	3.1562	1103.4	-0.032707	4.7387e-05	0.12473	supercritical
248.00	591.00	332.90	0.0030039	348.38	525.91	2.1807	1.8888	3.1562	1100.3	-0.032482	4.7127e-05	0.12425	supercritical
249.00	591.00	332.02	0.0030119	351.06	529.07	2.1934	1.8887	3.1563	1097.2	-0.032257	4.6871e-05	0.12378	supercritical
250.00	591.00	331.14	0.0030199	353.75	532.22	2.2060	1.8887	3.1564	1094.1	-0.032032	4.6617e-05	0.12331	supercritical
251.00	591.00	330.26	0.0030279	356.43	535.38	2.2186	1.8887	3.1565	1091.0	-0.031806	4.6367e-05	0.12285	supercritical
252.00	591.00	329.38	0.0030360	359.11	538.54	2.2312	1.8887	3.1565	1088.0	-0.031580	4.6120e-05	0.12240	supercritical
253.00	591.00	328.50	0.0030441	361.78	541.69	2.2437	1.8887	3.1566	1084.9	-0.031354	4.5876e-05	0.12194	supercritical
254.00	591.00	327.63	0.0030523	364.46	544.85	2.2561	1.8888	3.1567	1081.9	-0.031128	4.5635e-05	0.12150	supercritical
255.00	591.00	326.75	0.0030604	367.13	548.01	2.2685	1.8889	3.1568	1079.0	-0.030901	4.5396e-05	0.12106	supercritical
256.00	591.00	325.88	0.0030686	369.81	551.16	2.2809	1.8891	3.1569	1076.0	-0.030674	4.5161e-05	0.12062	supercritical
257.00	591.00	325.01	0.0030768	372.48	554.32	2.2932	1.8892	3.1570	1073.1	-0.030447	4.4929e-05	0.12019	supercritical
258.00	591.00	324.14	0.0030851	375.15	557.48	2.3055	1.8894	3.1571	1070.2	-0.030219	4.4699e-05	0.11976	supercritical
259.00	591.00	323.27	0.0030933	377.82	560.63	2.3177	1.8897	3.1572	1067.3	-0.029992	4.4472e-05	0.11934	supercritical
260.00	591.00	322.41	0.0031016	380.48	563.79	2.3298	1.8899	3.1573	1064.4	-0.029765	4.4248e-05	0.11892	supercritical
261.00	591.00	321.55	0.0031100	383.15	566.95	2.3420	1.8902	3.1574	1061.6	-0.029537	4.4026e-05	0.11850	supercritical
262.00	591.00	320.68	0.0031183	385.81	570.11	2.3540	1.8905	3.1575	1058.8	-0.029310	4.3807e-05	0.11809	supercritical
263.00	591.00	319.82	0.0031267	388.47	573.26	2.3661	1.8909	3.1576	1056.0	-0.029082	4.3591e-05	0.11769	supercritical
264.00	591.00	318.97	0.0031351	391.13	576.42	2.3781	1.8913	3.1577	1053.2	-0.028855	4.3377e-05	0.11729	supercritical
265.00	591.00	318.11	0.0031436	393.79	579.58	2.3900	1.8917	3.1578	1050.5	-0.028628	4.3166e-05	0.11690	supercritical
266.00	591.00	317.26	0.0031520	396.45	582.74	2.4019	1.8921	3.1579	1047.7	-0.028400	4.2957e-05	0.11651	supercritical
267.00	591.00	316.40	0.0031605	399.11	585.89	2.4137	1.8926	3.1580	1045.0	-0.028173	4.2751e-05	0.11612	supercritical
268.00	591.00	315.55	0.0031690	401.76	589.05	2.4255	1.8930	3.1581	1042.4	-0.027947	4.2547e-05	0.11574	supercritical
269.00	591.00	314.70	0.0031776	404.41	592.21	2.4373	1.8936	3.1582	1039.7	-0.027720	4.2346e-05	0.11536	supercritical
270.00	591.00	313.86	0.0031862	407.07	595.37	2.4490	1.8941	3.1583	1037.1	-0.027494	4.2147e-05	0.11499	supercritical
271.00	591.00	313.01	0.0031948	409.72	598.53	2.4607	1.8947	3.1584	1034.5	-0.027268	4.1950e-05	0.11462	supercritical
272.00	591.00	312.17	0.0032034	412.37	601.69	2.4723	1.8953	3.1586	1031.9	-0.027042	4.1756e-05	0.11426	supercritical
273.00	591.00	311.33	0.0032120	415.01	604.84	2.4839	1.8959	3.1587	1029.3	-0.026816	4.1564e-05	0.11390	supercritical
274.00	591.00	310.49	0.0032207	417.66	608.00	2.4955	1.8965	3.1588	1026.7	-0.026591	4.1374e-05	0.11354	supercritical
275.00	591.00	309.65	0.0032294	420.30	611.16	2.5070	1.8972	3.1589	1024.2	-0.026366	4.1186e-05	0.11319	supercritical
276.00	591.00	308.82	0.0032381	422.95	614.32	2.5184	1.8979	3.1590	1021.7	-0.026142	4.1001e-05	0.11285	supercritical
277.00	591.00	307.99	0.0032469	425.59	617.48	2.5299	1.8987	3.1592	1019.2	-0.025918	4.0818e-05	0.11250	supercritical
278.00	591.00	307.16	0.0032557	428.23	620.64	2.5413	1.8994	3.1593	1016.8	-0.025695	4.0637e-05	0.11217	supercritical
279.00	591.00	306.33	0.0032645	430.87	623.80	2.5526	1.9002	3.1594	1014.3	-0.025472	4.0458e-05	0.11183	supercritical
280.00	591.00	305.50	0.0032733	433.51	626.96	2.5639	1.9010	3.1595	1011.9	-0.025250	4.0281e-05	0.11150	supercritical
281.00	591.00	304.68	0.0032821	436.14	630.12	2.5752	1.9019	3.1597	1009.5	-0.025028	4.0106e-05	0.11118	supercritical
282.00	591.00	303.86	0.0032910	438.78	633.28	2.5864	1.9027	3.1598	1007.2	-0.024807	3.9933e-05	0.11086	supercritical
283.00	591.00	303.04	0.0032999	441.41	636.44	2.5976	1.9036	3.1600	1004.8	-0.024587	3.9762e-05	0.11054	supercritical
284.00	591.00	302.22	0.0033089	444.04	639.60	2.6087	1.9046	3.1601	1002.5	-0.024367	3.9594e-05	0.11023	supercritical
285.00	591.00	301.40	0.0033178	446.67	642.76	2.6198	1.9055	3.1602	1000.2	-0.024148	3.9427e-05	0.10992	supercritical
286.00	591.00	300.59	0.0033268	449.30	645.92	2.6309	1.9065	3.1604	997.87	-0.023929	3.9262e-05	0.10961	supercritical
287.00	591.00	299.78	0.0033358	451.93	649.08	2.6419	1.9075	3.1605	995.60	-0.023712	3.9099e-05	0.10931	supercritical
288.00	591.00	298.97	0.0033448	454.56	652.24	2.6529	1.9085	3.1607	993.35	-0.023495	3.8938e-05	0.10901	supercritical
289.00	591.00	298.16	0.0033539	457.19	655.40	2.6639	1.9095	3.1608	991.13	-0.023279	3.8778e-05	0.10872	supercritical
290.00	591.00	297.36	0.0033629	459.81	658.56	2.6748	1.9106	3.1610	988.92	-0.023064	3.8621e-05	0.10843	supercritical
291.00	591.00	296.56	0.0033720	462.43	661.72	2.6857	1.9117	3.1611	986.74	-0.022849	3.8465e-05	0.10815	supercritical
292.00	591.00	295.76	0.0033811	465.06	664.88	2.6965	1.9128	3.1613	984.57	-0.022636	3.8312e-05	0.10787	supercritical
293.00	591.00	294.96	0.0033903	467.68	668.04	2.7073	1.9140	3.1614	982.43	-0.022423	3.8160e-05	0.10759	supercritical
294.00	591.00	294.17	0.0033994	470.30	671.20	2.7181	1.9151	3.1616	980.30	-0.022211	3.8009e-05	0.10731	supercritical
295.00	591.00	293.37	0.0034086	472.92	674.37	2.7288	1.9163	3.1618	978.20	-0.022001	3.7861e-05	0.10704	supercritical
296.00	591.00	292.58	0.0034178	475.53	677.53	2.7395	1.9175	3.1619	976.11	-0.021791	3.7714e-05	0.10678	supercritical
297.00	591.00	291.79	0.0034271	478.15	680.69	2.7502	1.9188	3.1621	974.05	-0.021582	3.7569e-05	0.10652	supercritical
298.00	591.00	291.01	0.0034363	480.77	683.85	2.7608	1.9201	3.1623	972.01	-0.021374	3.7425e-05	0.10626	supercritical
299.00	591.00	290.23	0.0034456	483.38	687.02	2.7714	1.9213	3.1624	969.98	-0.021168	3.7284e-05	0.10600	supercritical
300.00	591.00	289.45	0.0034549	485.99	690.18	2.7820	1.9227	3.1626	967.98	-0.020962	3.7143e-05	0.10575	supercritical
301.00	591.00	288.67	0.0034642	488.61	693.34	2.7925	1.9240	3.1628	965.99	-0.020758	3.7005e-05	0.10550	supercritical
302.00	591.00	287.89	0.0034735	491.22	696.50	2.8030	1.9254	3.1630	964.03	-0.020554	3.6868e-05	0.10526	supercritical
303.00	591.00	287.12	0.0034829	493.83	699.67	2.8135	1.9267	3.1632	962.08	-0.020352	3.6733e-05	0.10502	supercritical
304.00	591.00	286.35	0.0034923	496.44	702.83	2.8239	1.9281	3.1634	960.16	-0.020151	3.6599e-05	0.10478	supercritical
305.00	591.00	285.58	0.0035017	499.04	705.99	2.8343	1.9296	3.1636	958.25	-0.019951	3.6466e-05	0.10455	supercritical
306.00	591.00	284.81	0.0035111	501.65	709.16	2.8446	1.9310	3.1638	956.36	-0.019752	3.6336e-05	0.10432	supercritical
307.00	591.00	284.05	0.0035205	504.26	712.32	2.8549	1.9325	3.1640	954.49	-0.019554	3.6206e-05	0.10409	supercritical
308.00	591.00	283.29	0.0035300	506.86	715.48	2.8652	1.9340	3.1642	952.64	-0.019358	3.6079e-05	0.10387	supercritical
309.00	591.00	282.53	0.0035395	509.46	718.65	2.8755	1.9355	3.1644	950.81	-0.019163	3.5952e-05	0.10365	supercritical
310.00	591.00	281.77	0.0035490	512.07	721.81	2.8857	1.9371	3.1646	949.00	-0.018969	3.5827e-05	0.10343	supercritical
311.00	591.00	281.02	0.0035585	514.67	724.98	2.8959	1.9386	3.1648	947.20	-0.018777	3.5704e-05	0.10322	supercritical
312.00	591.00	280.26	0.0035681	517.27	728.14	2.9061	1.9402	3.1650	945.42	-0.018586	3.5582e-05	0.10301	supercritical
313.00	591.00	279.52	0.0035776	519.87	731.31	2.9162	1.9418	3.1653	943.67	-0.018396	3.5461e-05	0.10280	supercritical
314.00	591.00	278.77	0.0035872	522.47	734.47	2.9263	1.9434	3.1655	941.93	-0.018207	3.5342e-05	0.10260	supercritical
315.00	591.00	278.03	0.0035968	525.07	737.64	2.9364	1.9451	3.1657	940.21	-0.018020	3.5224e-05	0.10240	supercritical
316.00	591.00	277.28	0.0036064	527.67	740.80	2.9464	1.9467	3.1660	938.50	-0.017834	3.5108e-05	0.10220	supercritical
317.00	591.00	276.55	0.0036160	530.26	743.97	2.9564	1.9484	3.1662	936.82	-0.017650	3.4993e-05	0.10201	supercritical
318.00	591.00	275.81	0.0036257	532.86	747.14	2.9664	1.9501	3.1665	935.15	-0.017467	3.4879e-05	0.10182	supercritical
319.00	591.00	275.08	0.0036354	535.45	750.30	2.9763	1.9519	3.1667	933.50	-0.017285	3.4766e-05	0.10163	supercritical
320.00	591.00	274.34	0.0036451	538.05	753.47	2.9862	1.9536	3.1670	931.86	-0.017105	3.4655e-05	0.10145	supercritical
321.00	591.00	273.62	0.0036548	540.64	756.64	2.9961	1.9554	3.1673	930.25	-0.016927	3.4545e-05	0.10126	supercritical
322.00	591.00	272.89	0.0036645	543.23	759.81	3.0060	1.9572	3.1675	928.65	-0.016749	3.4437e-05	0.10109	supercritical
323.00	591.00	272.17	0.0036742	545.83	762.97	3.0158	1.9590	3.1678	927.07	-0.016574	3.4329e-05	0.10091	supercritical
324.00	591.00	271.44	0.0036840	548.42	766.14	3.0256	1.9608	3.1681	925.50	-0.016399	3.4223e-05	0.10074	supercritical
325.00	591.00	270.73	0.0036938	551.01	769.31	3.0353	1.9627	3.1684	923.96	-0.016227	3.4118e-05	0.10057	supercritical
326.00	591.00	270.01	0.0037036	553.60	772.48	3.0451	1.9645	3.1687	922.43	-0.016055	3.4014e-05	0.10041	supercritical
327.00	591.00	269.30	0.0037134	556.19	775.65	3.0548	1.9664	3.1690	920.91	-0.015886	3.3912e-05	0.10024	supercritical
328.00	591.00	268.59	0.0037232	558.78	778.82	3.0645	1.9683	3.1693	919.42	-0.015718	3.3810e-05	0.10008	supercritical
329.00	591.00	267.88	0.0037330	561.36	781.99	3.0741	1.9703	3.1696	917.93	-0.015551	3.3710e-05	0.099925	supercritical
330.00	591.00	267.17	0.0037429	563.95	785.16	3.0837	1.9722	3.1699	916.47	-0.015386	3.3611e-05	0.099771	supercritical
331.00	591.00	266.47	0.0037528	566.54	788.33	3.0933	1.9742	3.1703	915.02	-0.015222	3.3513e-05	0.099619	supercritical
332.00	591.00	265.77	0.0037626	569.12	791.50	3.1029	1.9762	3.1706	913.59	-0.015060	3.3417e-05	0.099470	supercritical
333.00	591.00	265.07	0.0037725	571.71	794.67	3.1124	1.9782	3.1709	912.17	-0.014900	3.3321e-05	0.099324	supercritical
334.00	591.00	264.38	0.0037825	574.29	797.84	3.1219	1.9802	3.1713	910.77	-0.014741	3.3226e-05	0.099181	supercritical
335.00	591.00	263.69	0.0037924	576.88	801.01	3.1314	1.9822	3.1717	909.39	-0.014584	3.3133e-05	0.099041	supercritical
336.00	591.00	263.00	0.0038023	579.46	804.18	3.1409	1.9843	3.1720	908.02	-0.014428	3.3041e-05	0.098903	supercritical
337.00	591.00	262.31	0.0038123	582.05	807.35	3.1503	1.9863	3.1724	906.67	-0.014274	3.2949e-05	0.098768	supercritical
338.00	591.00	261.62	0.0038223	584.63	810.53	3.1597	1.9884	3.1728	905.33	-0.014122	3.2859e-05	0.098636	supercritical
339.00	591.00	260.94	0.0038323	587.21	813.70	3.1691	1.9905	3.1732	904.00	-0.013971	3.2770e-05	0.098507	supercritical
340.00	591.00	260.26	0.0038423	589.79	816.87	3.1784	1.9927	3.1735	902.70	-0.013822	3.2682e-05	0.098380	supercritical
341.00	591.00	259.59	0.0038523	592.38	820.05	3.1877	1.9948	3.1739	901.40	-0.013674	3.2595e-05	0.098255	supercritical
342.00	591.00	258.91	0.0038623	594.96	823.22	3.1970	1.9970	3.1744	900.13	-0.013528	3.2509e-05	0.098133	supercritical
343.00	591.00	258.24	0.0038724	597.54	826.39	3.2063	1.9991	3.1748	898.86	-0.013384	3.2424e-05	0.098014	supercritical
344.00	591.00	257.57	0.0038824	600.12	829.57	3.2155	2.0013	3.1752	897.62	-0.013241	3.2340e-05	0.097898	supercritical
345.00	591.00	256.90	0.0038925	602.70	832.74	3.2248	2.0035	3.1756	896.38	-0.013100	3.2257e-05	0.097783	supercritical
346.00	591.00	256.24	0.0039026	605.28	835.92	3.2339	2.0058	3.1761	895.16	-0.012961	3.2174e-05	0.097672	supercritical
347.00	591.00	255.58	0.0039127	607.86	839.10	3.2431	2.0080	3.1765	893.96	-0.012823	3.2093e-05	0.097563	supercritical
348.00	591.00	254.92	0.0039228	610.44	842.27	3.2523	2.0103	3.1770	892.77	-0.012687	3.2013e-05	0.097456	supercritical
349.00	591.00	254.27	0.0039329	613.02	845.45	3.2614	2.0125	3.1775	891.59	-0.012552	3.1934e-05	0.097352	supercritical
350.00	591.00	253.61	0.0039430	615.60	848.63	3.2705	2.0148	3.1779	890.43	-0.012420	3.1855e-05	0.097250	supercritical
351.00	591.00	252.96	0.0039532	618.17	851.81	3.2795	2.0171	3.1784	889.28	-0.012288	3.1778e-05	0.097150	supercritical
352.00	591.00	252.31	0.0039633	620.75	854.99	3.2886	2.0195	3.1789	888.14	-0.012159	3.1701e-05	0.097053	supercritical
353.00	591.00	251.67	0.0039735	623.33	858.16	3.2976	2.0218	3.1794	887.02	-0.012031	3.1626e-05	0.096958	supercritical
354.00	591.00	251.02	0.0039837	625.91	861.34	3.3066	2.0242	3.1799	885.92	-0.011905	3.1551e-05	0.096866	supercritical
355.00	591.00	250.38	0.0039939	628.49	864.52	3.3156	2.0265	3.1805	884.82	-0.011780	3.1477e-05	0.096776	supercritical
356.00	591.00	249.75	0.0040041	631.06	867.71	3.3245	2.0289	3.1810	883.74	-0.011657	3.1404e-05	0.096688	supercritical
357.00	591.00	249.11	0.0040143	633.64	870.89	3.3334	2.0313	3.1815	882.67	-0.011536	3.1332e-05	0.096602	supercritical
358.00	591.00	248.48	0.0040245	636.22	874.07	3.3423	2.0337	3.1821	881.62	-0.011416	3.1261e-05	0.096519	supercritical
359.00	591.00	247.85	0.0040347	638.80	877.25	3.3512	2.0361	3.1826	880.58	-0.011298	3.1190e-05	0.096438	supercritical
360.00	591.00	247.22	0.0040450	641.38	880.43	3.3601	2.0386	3.1832	879.55	-0.011182	3.1121e-05	0.096359	supercritical
361.00	591.00	246.60	0.0040552	643.95	883.62	3.3689	2.0410	3.1838	878.53	-0.011067	3.1052e-05	0.096282	supercritical
362.00	591.00	245.97	0.0040655	646.53	886.80	3.3777	2.0435	3.1844	877.53	-0.010954	3.0984e-05	0.096208	supercritical
363.00	591.00	245.35	0.0040758	649.11	889.99	3.3865	2.0460	3.1850	876.54	-0.010843	3.0917e-05	0.096135	supercritical
364.00	591.00	244.74	0.0040860	651.69	893.17	3.3952	2.0485	3.1856	875.56	-0.010733	3.0851e-05	0.096065	supercritical
365.00	591.00	244.12	0.0040963	654.26	896.36	3.4040	2.0510	3.1862	874.59	-0.010625	3.0785e-05	0.095997	supercritical
366.00	591.00	243.51	0.0041066	656.84	899.54	3.4127	2.0535	3.1868	873.64	-0.010518	3.0720e-05	0.095931	supercritical
367.00	591.00	242.90	0.0041169	659.42	902.73	3.4214	2.0560	3.1875	872.70	-0.010413	3.0656e-05	0.095867	supercritical
368.00	591.00	242.29	0.0041273	662.00	905.92	3.4301	2.0586	3.1881	871.77	-0.010310	3.0593e-05	0.095805	supercritical
369.00	591.00	241.69	0.0041376	664.58	909.11	3.4387	2.0611	3.1888	870.85	-0.010208	3.0531e-05	0.095745	supercritical
370.00	591.00	241.08	0.0041479	667.15	912.30	3.4474	2.0637	3.1895	869.94	-0.010108	3.0469e-05	0.095687	supercritical
371.00	591.00	240.48	0.0041583	669.73	915.49	3.4560	2.0663	3.1901	869.05	-0.010009	3.0408e-05	0.095631	supercritical
372.00	591.00	239.89	0.0041686	672.31	918.68	3.4646	2.0689	3.1908	868.16	-0.0099119	3.0348e-05	0.095577	supercritical
373.00	591.00	239.29	0.0041790	674.89	921.87	3.4731	2.0715	3.1915	867.29	-0.0098165	3.0288e-05	0.095525	supercritical
374.00	591.00	238.70	0.0041893	677.47	925.06	3.4817	2.0742	3.1923	866.43	-0.0097226	3.0229e-05	0.095475	supercritical
375.00	591.00	238.11	0.0041997	680.05	928.25	3.4902	2.0768	3.1930	865.58	-0.0096303	3.0171e-05	0.095427	supercritical
376.00	591.00	237.52	0.0042101	682.63	931.45	3.4987	2.0794	3.1937	864.75	-0.0095395	3.0114e-05	0.095381	supercritical
377.00	591.00	236.94	0.0042205	685.21	934.64	3.5072	2.0821	3.1945	863.92	-0.0094503	3.0057e-05	0.095337	supercritical
378.00	591.00	236.36	0.0042309	687.79	937.83	3.5156	2.0848	3.1952	863.10	-0.0093627	3.0001e-05	0.095295	supercritical
379.00	591.00	235.78	0.0042413	690.37	941.03	3.5241	2.0875	3.1960	862.30	-0.0092765	2.9946e-05	0.095254	supercritical
380.00	591.00	235.20	0.0042517	692.95	944.23	3.5325	2.0902	3.1968	861.50	-0.0091920	2.9891e-05	0.095216	supercritical
381.00	591.00	234.62	0.0042621	695.53	947.42	3.5409	2.0929	3.1976	860.72	-0.0091089	2.9837e-05	0.095179	supercritical
382.00	591.00	234.05	0.0042726	698.11	950.62	3.5493	2.0956	3.1984	859.95	-0.0090273	2.9784e-05	0.095144	supercritical
383.00	591.00	233.48	0.0042830	700.70	953.82	3.5577	2.0983	3.1992	859.19	-0.0089473	2.9731e-05	0.095111	supercritical
384.00	591.00	232.91	0.0042934	703.28	957.02	3.5660	2.1011	3.2000	858.43	-0.0088687	2.9679e-05	0.095079	supercritical
385.00	591.00	232.35	0.0043039	705.86	960.22	3.5743	2.1038	3.2008	857.69	-0.0087916	2.9628e-05	0.095050	supercritical
386.00	591.00	231.79	0.0043143	708.45	963.42	3.5826	2.1066	3.2017	856.96	-0.0087161	2.9577e-05	0.095022	supercritical
387.00	591.00	231.23	0.0043248	711.03	966.62	3.5909	2.1094	3.2026	856.24	-0.0086419	2.9527e-05	0.094996	supercritical
388.00	591.00	230.67	0.0043352	713.61	969.83	3.5992	2.1122	3.2034	855.53	-0.0085693	2.9478e-05	0.094971	supercritical
389.00	591.00	230.11	0.0043457	716.20	973.03	3.6074	2.1150	3.2043	854.83	-0.0084981	2.9429e-05	0.094949	supercritical
390.00	591.00	229.56	0.0043562	718.78	976.24	3.6157	2.1178	3.2052	854.13	-0.0084283	2.9380e-05	0.094928	supercritical
391.00	591.00	229.01	0.0043667	721.37	979.44	3.6239	2.1206	3.2061	853.45	-0.0083600	2.9333e-05	0.094908	supercritical
392.00	591.00	228.46	0.0043771	723.96	982.65	3.6321	2.1234	3.2070	852.78	-0.0082931	2.9286e-05	0.094891	supercritical
393.00	591.00	227.91	0.0043876	726.55	985.86	3.6402	2.1263	3.2080	852.12	-0.0082276	2.9239e-05	0.094875	supercritical
394.00	591.00	227.37	0.0043981	729.13	989.06	3.6484	2.1291	3.2089	851.46	-0.0081635	2.9193e-05	0.094860	supercritical
395.00	591.00	226.83	0.0044086	731.72	992.27	3.6565	2.1320	3.2098	850.82	-0.0081008	2.9148e-05	0.094847	supercritical
396.00	591.00	226.29	0.0044191	734.31	995.48	3.6646	2.1348	3.2108	850.18	-0.0080395	2.9103e-05	0.094836	supercritical
397.00	591.00	225.75	0.0044297	736.90	998.69	3.6727	2.1377	3.2118	849.56	-0.0079795	2.9059e-05	0.094827	supercritical
398.00	591.00	225.22	0.0044402	739.49	1001.9	3.6808	2.1406	3.2128	848.94	-0.0079209	2.9015e-05	0.094819	supercritical
399.00	591.00	224.68	0.0044507	742.08	1005.1	3.6889	2.1435	3.2138	848.33	-0.0078637	2.8972e-05	0.094812	supercritical
400.00	591.00	224.15	0.0044612	744.68	1008.3	3.6969	2.1464	3.2148	847.73	-0.0078078	2.8930e-05	0.094807	supercritical
401.00	591.00	223.63	0.0044717	747.27	1011.5	3.7050	2.1493	3.2158	847.14	-0.0077533	2.8888e-05	0.094804	supercritical
402.00	591.00	223.10	0.0044823	749.86	1014.8	3.7130	2.1523	3.2168	846.56	-0.0077000	2.8846e-05	0.094802	supercritical
403.00	591.00	222.58	0.0044928	752.46	1018.0	3.7210	2.1552	3.2179	845.99	-0.0076481	2.8805e-05	0.094802	supercritical
404.00	591.00	222.06	0.0045033	755.05	1021.2	3.7289	2.1581	3.2189	845.43	-0.0075975	2.8765e-05	0.094803	supercritical
405.00	591.00	221.54	0.0045139	757.65	1024.4	3.7369	2.1611	3.2200	844.87	-0.0075482	2.8725e-05	0.094806	supercritical
406.00	591.00	221.02	0.0045244	760.25	1027.6	3.7448	2.1641	3.2211	844.32	-0.0075001	2.8686e-05	0.094810	supercritical
407.00	591.00	220.51	0.0045350	762.85	1030.9	3.7528	2.1670	3.2222	843.79	-0.0074533	2.8647e-05	0.094816	supercritical
408.00	591.00	220.00	0.0045455	765.44	1034.1	3.7607	2.1700	3.2233	843.25	-0.0074078	2.8608e-05	0.094823	supercritical
409.00	591.00	219.49	0.0045561	768.04	1037.3	3.7686	2.1730	3.2244	842.73	-0.0073635	2.8571e-05	0.094831	supercritical
410.00	591.00	218.98	0.0045667	770.65	1040.5	3.7764	2.1760	3.2255	842.22	-0.0073204	2.8533e-05	0.094841	supercritical
411.00	591.00	218.47	0.0045772	773.25	1043.8	3.7843	2.1790	3.2267	841.71	-0.0072786	2.8496e-05	0.094853	supercritical
412.00	591.00	217.97	0.0045878	775.85	1047.0	3.7921	2.1820	3.2278	841.21	-0.0072379	2.8460e-05	0.094866	supercritical
413.00	591.00	217.47	0.0045984	778.45	1050.2	3.8000	2.1850	3.2290	840.72	-0.0071985	2.8424e-05	0.094880	supercritical
414.00	591.00	216.97	0.0046089	781.06	1053.4	3.8078	2.1880	3.2302	840.24	-0.0071603	2.8389e-05	0.094895	supercritical
415.00	591.00	216.47	0.0046195	783.66	1056.7	3.8156	2.1911	3.2314	839.76	-0.0071232	2.8354e-05	0.094912	supercritical
416.00	591.00	215.98	0.0046301	786.27	1059.9	3.8233	2.1941	3.2326	839.30	-0.0070873	2.8319e-05	0.094930	supercritical
417.00	591.00	215.49	0.0046407	788.88	1063.1	3.8311	2.1972	3.2338	838.84	-0.0070526	2.8285e-05	0.094950	supercritical
418.00	591.00	215.00	0.0046512	791.49	1066.4	3.8389	2.2002	3.2350	838.39	-0.0070190	2.8251e-05	0.094971	supercritical
419.00	591.00	214.51	0.0046618	794.10	1069.6	3.8466	2.2033	3.2362	837.94	-0.0069865	2.8218e-05	0.094993	supercritical
420.00	591.00	214.02	0.0046724	796.71	1072.8	3.8543	2.2064	3.2375	837.50	-0.0069551	2.8186e-05	0.095017	supercritical
421.00	591.00	213.54	0.0046830	799.32	1076.1	3.8620	2.2095	3.2387	837.07	-0.0069249	2.8153e-05	0.095042	supercritical
422.00	591.00	213.06	0.0046936	801.93	1079.3	3.8697	2.2125	3.2400	836.65	-0.0068958	2.8121e-05	0.095068	supercritical
423.00	591.00	212.58	0.0047042	804.55	1082.6	3.8774	2.2156	3.2413	836.23	-0.0068677	2.8090e-05	0.095095	supercritical
424.00	591.00	212.10	0.0047148	807.16	1085.8	3.8850	2.2187	3.2426	835.82	-0.0068407	2.8059e-05	0.095124	supercritical
425.00	591.00	211.62	0.0047254	809.78	1089.1	3.8927	2.2219	3.2439	835.42	-0.0068148	2.8028e-05	0.095154	supercritical
426.00	591.00	211.15	0.0047360	812.40	1092.3	3.9003	2.2250	3.2452	835.03	-0.0067899	2.7998e-05	0.095185	supercritical
427.00	591.00	210.68	0.0047466	815.02	1095.5	3.9079	2.2281	3.2465	834.64	-0.0067661	2.7969e-05	0.095218	supercritical
428.00	591.00	210.21	0.0047572	817.64	1098.8	3.9155	2.2312	3.2479	834.26	-0.0067433	2.7939e-05	0.095252	supercritical
429.00	591.00	209.74	0.0047678	820.26	1102.0	3.9231	2.2344	3.2492	833.88	-0.0067215	2.7910e-05	0.095286	supercritical
430.00	591.00	209.28	0.0047784	822.88	1105.3	3.9306	2.2375	3.2506	833.51	-0.0067007	2.7882e-05	0.095323	supercritical
431.00	591.00	208.81	0.0047890	825.51	1108.5	3.9382	2.2406	3.2519	833.15	-0.0066809	2.7854e-05	0.095360	supercritical
432.00	591.00	208.35	0.0047996	828.13	1111.8	3.9457	2.2438	3.2533	832.79	-0.0066621	2.7826e-05	0.095398	supercritical
433.00	591.00	207.89	0.0048102	830.76	1115.0	3.9532	2.2470	3.2547	832.45	-0.0066443	2.7799e-05	0.095438	supercritical
434.00	591.00	207.43	0.0048208	833.39	1118.3	3.9608	2.2501	3.2561	832.10	-0.0066275	2.7772e-05	0.095479	supercritical
435.00	591.00	206.98	0.0048314	836.02	1121.6	3.9683	2.2533	3.2575	831.77	-0.0066115	2.7745e-05	0.095521	supercritical
436.00	591.00	206.52	0.0048421	838.65	1124.8	3.9757	2.2565	3.2590	831.44	-0.0065966	2.7719e-05	0.095564	supercritical
437.00	591.00	206.07	0.0048527	841.28	1128.1	3.9832	2.2597	3.2604	831.11	-0.0065825	2.7693e-05	0.095609	supercritical
438.00	591.00	205.62	0.0048633	843.92	1131.3	3.9907	2.2629	3.2619	830.79	-0.0065694	2.7668e-05	0.095654	supercritical
439.00	591.00	205.17	0.0048739	846.55	1134.6	3.9981	2.2661	3.2633	830.48	-0.0065572	2.7643e-05	0.095701	supercritical
440.00	591.00	204.73	0.0048845	849.19	1137.9	4.0055	2.2693	3.2648	830.18	-0.0065459	2.7618e-05	0.095748	supercritical
441.00	591.00	204.28	0.0048951	851.83	1141.1	4.0129	2.2725	3.2663	829.88	-0.0065354	2.7594e-05	0.095797	supercritical
442.00	591.00	203.84	0.0049057	854.47	1144.4	4.0203	2.2757	3.2678	829.58	-0.0065258	2.7570e-05	0.095847	supercritical
443.00	591.00	203.40	0.0049164	857.11	1147.7	4.0277	2.2789	3.2693	829.29	-0.0065171	2.7546e-05	0.095898	supercritical
444.00	591.00	202.96	0.0049270	859.75	1150.9	4.0351	2.2821	3.2708	829.01	-0.0065093	2.7523e-05	0.095950	supercritical
445.00	591.00	202.53	0.0049376	862.39	1154.2	4.0425	2.2854	3.2723	828.74	-0.0065023	2.7500e-05	0.096003	supercritical
446.00	591.00	202.09	0.0049482	865.04	1157.5	4.0498	2.2886	3.2739	828.46	-0.0064961	2.7477e-05	0.096058	supercritical
447.00	591.00	201.66	0.0049588	867.69	1160.8	4.0571	2.2918	3.2754	828.20	-0.0064908	2.7455e-05	0.096113	supercritical
448.00	591.00	201.23	0.0049695	870.34	1164.0	4.0645	2.2951	3.2770	827.94	-0.0064862	2.7433e-05	0.096169	supercritical
449.00	591.00	200.80	0.0049801	872.99	1167.3	4.0718	2.2983	3.2786	827.68	-0.0064825	2.7411e-05	0.096227	supercritical
450.00	591.00	200.37	0.0049907	875.64	1170.6	4.0791	2.3016	3.2801	827.44	-0.0064795	2.7390e-05	0.096285	supercritical
451.00	591.00	199.95	0.0050013	878.29	1173.9	4.0863	2.3048	3.2817	827.19	-0.0064773	2.7369e-05	0.096344	supercritical
452.00	591.00	199.52	0.0050119	880.95	1177.2	4.0936	2.3081	3.2833	826.95	-0.0064759	2.7348e-05	0.096405	supercritical
453.00	591.00	199.10	0.0050225	883.60	1180.4	4.1009	2.3114	3.2849	826.72	-0.0064753	2.7328e-05	0.096466	supercritical
454.00	591.00	198.68	0.0050332	886.26	1183.7	4.1081	2.3146	3.2866	826.49	-0.0064754	2.7308e-05	0.096529	supercritical
455.00	591.00	198.26	0.0050438	888.92	1187.0	4.1154	2.3179	3.2882	826.27	-0.0064762	2.7288e-05	0.096592	supercritical
456.00	591.00	197.85	0.0050544	891.58	1190.3	4.1226	2.3212	3.2899	826.05	-0.0064778	2.7269e-05	0.096657	supercritical
457.00	591.00	197.43	0.0050650	894.25	1193.6	4.1298	2.3245	3.2915	825.84	-0.0064801	2.7250e-05	0.096722	supercritical
458.00	591.00	197.02	0.0050756	896.91	1196.9	4.1370	2.3278	3.2932	825.63	-0.0064830	2.7231e-05	0.096789	supercritical
459.00	591.00	196.61	0.0050862	899.58	1200.2	4.1442	2.3311	3.2949	825.43	-0.0064867	2.7213e-05	0.096856	supercritical
460.00	591.00	196.20	0.0050969	902.25	1203.5	4.1513	2.3344	3.2965	825.23	-0.0064911	2.7195e-05	0.096924	supercritical
461.00	591.00	195.79	0.0051075	904.92	1206.8	4.1585	2.3377	3.2982	825.04	-0.0064962	2.7177e-05	0.096994	supercritical
462.00	591.00	195.39	0.0051181	907.59	1210.1	4.1656	2.3410	3.2999	824.85	-0.0065019	2.7159e-05	0.097064	supercritical
463.00	591.00	194.98	0.0051287	910.26	1213.4	4.1728	2.3443	3.3017	824.66	-0.0065083	2.7142e-05	0.097135	supercritical
464.00	591.00	194.58	0.0051393	912.94	1216.7	4.1799	2.3476	3.3034	824.49	-0.0065153	2.7125e-05	0.097207	supercritical
465.00	591.00	194.18	0.0051499	915.61	1220.0	4.1870	2.3509	3.3051	824.31	-0.0065230	2.7108e-05	0.097280	supercritical
466.00	591.00	193.78	0.0051605	918.29	1223.3	4.1941	2.3543	3.3069	824.14	-0.0065314	2.7092e-05	0.097354	supercritical
467.00	591.00	193.38	0.0051711	920.97	1226.6	4.2012	2.3576	3.3086	823.98	-0.0065403	2.7075e-05	0.097429	supercritical
468.00	591.00	192.98	0.0051818	923.66	1229.9	4.2083	2.3609	3.3104	823.82	-0.0065499	2.7060e-05	0.097505	supercritical
469.00	591.00	192.59	0.0051924	926.34	1233.2	4.2154	2.3642	3.3122	823.66	-0.0065600	2.7044e-05	0.097581	supercritical
470.00	591.00	192.20	0.0052030	929.03	1236.5	4.2224	2.3676	3.3139	823.51	-0.0065708	2.7029e-05	0.097659	supercritical
471.00	591.00	191.81	0.0052136	931.71	1239.8	4.2295	2.3709	3.3157	823.36	-0.0065821	2.7014e-05	0.097737	supercritical
472.00	591.00	191.42	0.0052242	934.40	1243.2	4.2365	2.3743	3.3175	823.22	-0.0065940	2.6999e-05	0.097816	supercritical
473.00	591.00	191.03	0.0052348	937.10	1246.5	4.2435	2.3776	3.3194	823.08	-0.0066065	2.6984e-05	0.097897	supercritical
474.00	591.00	190.64	0.0052454	939.79	1249.8	4.2505	2.3810	3.3212	822.94	-0.0066196	2.6970e-05	0.097978	supercritical
475.00	591.00	190.26	0.0052560	942.49	1253.1	4.2575	2.3843	3.3230	822.81	-0.0066332	2.6956e-05	0.098059	supercritical
476.00	591.00	189.88	0.0052666	945.18	1256.4	4.2645	2.3877	3.3249	822.69	-0.0066474	2.6942e-05	0.098142	supercritical
477.00	591.00	189.49	0.0052772	947.88	1259.8	4.2715	2.3910	3.3267	822.57	-0.0066621	2.6928e-05	0.098226	supercritical
478.00	591.00	189.12	0.0052878	950.58	1263.1	4.2785	2.3944	3.3286	822.45	-0.0066773	2.6915e-05	0.098310	supercritical
479.00	591.00	188.74	0.0052984	953.29	1266.4	4.2854	2.3978	3.3304	822.33	-0.0066930	2.6902e-05	0.098395	supercritical
480.00	591.00	188.36	0.0053090	955.99	1269.8	4.2924	2.4011	3.3323	822.22	-0.0067093	2.6889e-05	0.098482	supercritical
481.00	591.00	187.99	0.0053196	958.70	1273.1	4.2993	2.4045	3.3342	822.12	-0.0067260	2.6877e-05	0.098568	supercritical
482.00	591.00	187.61	0.0053302	961.41	1276.4	4.3062	2.4079	3.3361	822.02	-0.0067433	2.6864e-05	0.098656	supercritical
483.00	591.00	187.24	0.0053408	964.12	1279.8	4.3132	2.4113	3.3380	821.92	-0.0067610	2.6852e-05	0.098745	supercritical
484.00	591.00	186.87	0.0053513	966.83	1283.1	4.3201	2.4146	3.3399	821.82	-0.0067792	2.6841e-05	0.098834	supercritical
485.00	591.00	186.50	0.0053619	969.55	1286.4	4.3270	2.4180	3.3418	821.73	-0.0067979	2.6829e-05	0.098924	supercritical
486.00	591.00	186.13	0.0053725	972.26	1289.8	4.3338	2.4214	3.3438	821.65	-0.0068170	2.6818e-05	0.099015	supercritical
487.00	591.00	185.77	0.0053831	974.98	1293.1	4.3407	2.4248	3.3457	821.56	-0.0068366	2.6806e-05	0.099107	supercritical
488.00	591.00	185.40	0.0053937	977.71	1296.5	4.3476	2.4282	3.3477	821.48	-0.0068567	2.6795e-05	0.099199	supercritical
489.00	591.00	185.04	0.0054043	980.43	1299.8	4.3544	2.4316	3.3496	821.41	-0.0068772	2.6785e-05	0.099292	supercritical
490.00	591.00	184.68	0.0054148	983.15	1303.2	4.3613	2.4350	3.3516	821.33	-0.0068981	2.6774e-05	0.099387	supercritical
491.00	591.00	184.32	0.0054254	985.88	1306.5	4.3681	2.4384	3.3536	821.27	-0.0069195	2.6764e-05	0.099481	supercritical
492.00	591.00	183.96	0.0054360	988.61	1309.9	4.3749	2.4418	3.3555	821.20	-0.0069413	2.6754e-05	0.099577	supercritical
493.00	591.00	183.60	0.0054466	991.34	1313.2	4.3818	2.4452	3.3575	821.14	-0.0069635	2.6744e-05	0.099673	supercritical
494.00	591.00	183.25	0.0054572	994.08	1316.6	4.3886	2.4486	3.3595	821.08	-0.0069860	2.6735e-05	0.099770	supercritical
495.00	591.00	182.89	0.0054677	996.81	1320.0	4.3954	2.4520	3.3615	821.03	-0.0070090	2.6725e-05	0.099868	supercritical
496.00	591.00	182.54	0.0054783	999.55	1323.3	4.4021	2.4554	3.3636	820.97	-0.0070324	2.6716e-05	0.099967	supercritical
497.00	591.00	182.19	0.0054889	1002.3	1326.7	4.4089	2.4588	3.3656	820.93	-0.0070562	2.6707e-05	0.10007	supercritical
498.00	591.00	181.84	0.0054994	1005.0	1330.0	4.4157	2.4622	3.3676	820.88	-0.0070803	2.6698e-05	0.10017	supercritical
499.00	591.00	181.49	0.0055100	1007.8	1333.4	4.4224	2.4656	3.3697	820.84	-0.0071048	2.6690e-05	0.10027	supercritical
500.00	591.00	181.14	0.0055205	1010.5	1336.8	4.4292	2.4691	3.3717	820.80	-0.0071297	2.6681e-05	0.10037	supercritical
501.00	591.00	180.80	0.0055311	1013.3	1340.2	4.4359	2.4725	3.3738	820.77	-0.0071550	2.6673e-05	0.10047	supercritical
502.00	591.00	180.45	0.0055417	1016.0	1343.5	4.4427	2.4759	3.3758	820.74	-0.0071806	2.6665e-05	0.10057	supercritical
503.00	591.00	180.11	0.0055522	1018.8	1346.9	4.4494	2.4793	3.3779	820.71	-0.0072065	2.6657e-05	0.10068	supercritical
504.00	591.00	179.77	0.0055628	1021.5	1350.3	4.4561	2.4828	3.3800	820.68	-0.0072328	2.6650e-05	0.10078	supercritical
505.00	591.00	179.43	0.0055733	1024.3	1353.7	4.4628	2.4862	3.3821	820.66	-0.0072594	2.6642e-05	0.10089	supercritical
506.00	591.00	179.09	0.0055839	1027.0	1357.1	4.4695	2.4896	3.3842	820.64	-0.0072863	2.6635e-05	0.10099	supercritical
507.00	591.00	178.75	0.0055944	1029.8	1360.4	4.4762	2.4930	3.3863	820.62	-0.0073135	2.6628e-05	0.10110	supercritical
508.00	591.00	178.41	0.0056050	1032.6	1363.8	4.4828	2.4965	3.3884	820.61	-0.0073411	2.6621e-05	0.10121	supercritical
509.00	591.00	178.08	0.0056155	1035.3	1367.2	4.4895	2.4999	3.3905	820.60	-0.0073690	2.6615e-05	0.10131	supercritical
510.00	591.00	177.74	0.0056260	1038.1	1370.6	4.4962	2.5033	3.3926	820.59	-0.0073972	2.6608e-05	0.10142	supercritical
511.00	591.00	177.41	0.0056366	1040.9	1374.0	4.5028	2.5068	3.3947	820.59	-0.0074256	2.6602e-05	0.10153	supercritical
512.00	591.00	177.08	0.0056471	1043.7	1377.4	4.5095	2.5102	3.3969	820.59	-0.0074544	2.6596e-05	0.10164	supercritical
513.00	591.00	176.75	0.0056577	1046.4	1380.8	4.5161	2.5137	3.3990	820.59	-0.0074834	2.6590e-05	0.10175	supercritical
514.00	591.00	176.42	0.0056682	1049.2	1384.2	4.5227	2.5171	3.4012	820.59	-0.0075128	2.6584e-05	0.10186	supercritical
515.00	591.00	176.10	0.0056787	1052.0	1387.6	4.5293	2.5205	3.4033	820.60	-0.0075424	2.6579e-05	0.10197	supercritical
516.00	591.00	175.77	0.0056892	1054.8	1391.0	4.5359	2.5240	3.4055	820.61	-0.0075722	2.6573e-05	0.10209	supercritical
517.00	591.00	175.45	0.0056998	1057.6	1394.4	4.5425	2.5274	3.4077	820.62	-0.0076023	2.6568e-05	0.10220	supercritical
518.00	591.00	175.12	0.0057103	1060.3	1397.8	4.5491	2.5309	3.4099	820.64	-0.0076327	2.6563e-05	0.10231	supercritical
519.00	591.00	174.80	0.0057208	1063.1	1401.2	4.5557	2.5343	3.4120	820.65	-0.0076634	2.6558e-05	0.10243	supercritical
520.00	591.00	174.48	0.0057313	1065.9	1404.6	4.5623	2.5378	3.4142	820.67	-0.0076943	2.6553e-05	0.10254	supercritical
521.00	591.00	174.16	0.0057418	1068.7	1408.1	4.5688	2.5412	3.4164	820.70	-0.0077254	2.6549e-05	0.10266	supercritical
522.00	591.00	173.84	0.0057524	1071.5	1411.5	4.5754	2.5447	3.4187	820.72	-0.0077567	2.6544e-05	0.10277	supercritical
523.00	591.00	173.52	0.0057629	1074.3	1414.9	4.5819	2.5481	3.4209	820.75	-0.0077883	2.6540e-05	0.10289	supercritical
524.00	591.00	173.21	0.0057734	1077.1	1418.3	4.5885	2.5516	3.4231	820.78	-0.0078202	2.6536e-05	0.10301	supercritical
525.00	591.00	172.89	0.0057839	1079.9	1421.7	4.5950	2.5550	3.4253	820.82	-0.0078522	2.6532e-05	0.10313	supercritical
526.00	591.00	172.58	0.0057944	1082.7	1425.2	4.6015	2.5585	3.4275	820.85	-0.0078844	2.6529e-05	0.10324	supercritical
527.00	591.00	172.27	0.0058049	1085.5	1428.6	4.6080	2.5619	3.4298	820.89	-0.0079169	2.6525e-05	0.10336	supercritical
528.00	591.00	171.96	0.0058154	1088.3	1432.0	4.6145	2.5654	3.4320	820.93	-0.0079496	2.6522e-05	0.10348	supercritical
529.00	591.00	171.65	0.0058259	1091.2	1435.5	4.6210	2.5688	3.4343	820.97	-0.0079825	2.6518e-05	0.10360	supercritical
530.00	591.00	171.34	0.0058364	1094.0	1438.9	4.6275	2.5723	3.4365	821.02	-0.0080156	2.6515e-05	0.10372	supercritical
531.00	591.00	171.03	0.0058469	1096.8	1442.3	4.6340	2.5758	3.4388	821.07	-0.0080488	2.6512e-05	0.10385	supercritical
532.00	591.00	170.73	0.0058574	1099.6	1445.8	4.6405	2.5792	3.4411	821.12	-0.0080823	2.6509e-05	0.10397	supercritical
533.00	591.00	170.42	0.0058678	1102.4	1449.2	4.6469	2.5827	3.4434	821.17	-0.0081159	2.6507e-05	0.10409	supercritical
534.00	591.00	170.12	0.0058783	1105.3	1452.7	4.6534	2.5861	3.4456	821.23	-0.0081497	2.6504e-05	0.10421	supercritical
535.00	591.00	169.81	0.0058888	1108.1	1456.1	4.6598	2.5896	3.4479	821.28	-0.0081837	2.6502e-05	0.10434	supercritical
536.00	591.00	169.51	0.0058993	1110.9	1459.6	4.6663	2.5931	3.4502	821.34	-0.0082179	2.6500e-05	0.10446	supercritical
537.00	591.00	169.21	0.0059098	1113.7	1463.0	4.6727	2.5965	3.4525	821.41	-0.0082523	2.6497e-05	0.10459	supercritical
538.00	591.00	168.91	0.0059202	1116.6	1466.5	4.6791	2.6000	3.4548	821.47	-0.0082868	2.6495e-05	0.10471	supercritical
539.00	591.00	168.61	0.0059307	1119.4	1469.9	4.6855	2.6034	3.4571	821.54	-0.0083214	2.6494e-05	0.10484	supercritical
540.00	591.00	168.32	0.0059412	1122.3	1473.4	4.6920	2.6069	3.4595	821.61	-0.0083562	2.6492e-05	0.10497	supercritical
541.00	591.00	168.02	0.0059516	1125.1	1476.8	4.6984	2.6104	3.4618	821.68	-0.0083912	2.6490e-05	0.10509	supercritical
542.00	591.00	167.73	0.0059621	1127.9	1480.3	4.7047	2.6138	3.4641	821.75	-0.0084263	2.6489e-05	0.10522	supercritical
543.00	591.00	167.43	0.0059726	1130.8	1483.8	4.7111	2.6173	3.4665	821.82	-0.0084616	2.6488e-05	0.10535	supercritical
544.00	591.00	167.14	0.0059830	1133.6	1487.2	4.7175	2.6208	3.4688	821.90	-0.0084970	2.6487e-05	0.10548	supercritical
545.00	591.00	166.85	0.0059935	1136.5	1490.7	4.7239	2.6242	3.4711	821.98	-0.0085325	2.6486e-05	0.10561	supercritical
546.00	591.00	166.56	0.0060039	1139.3	1494.2	4.7303	2.6277	3.4735	822.06	-0.0085682	2.6485e-05	0.10574	supercritical
547.00	591.00	166.27	0.0060144	1142.2	1497.6	4.7366	2.6312	3.4759	822.14	-0.0086040	2.6484e-05	0.10587	supercritical
548.00	591.00	165.98	0.0060248	1145.1	1501.1	4.7430	2.6346	3.4782	822.23	-0.0086399	2.6484e-05	0.10600	supercritical
549.00	591.00	165.69	0.0060353	1147.9	1504.6	4.7493	2.6381	3.4806	822.32	-0.0086759	2.6483e-05	0.10613	supercritical
550.00	591.00	165.41	0.0060457	1150.8	1508.1	4.7556	2.6416	3.4830	822.41	-0.0087121	2.6483e-05	0.10626	supercritical
551.00	591.00	165.12	0.0060561	1153.7	1511.6	4.7620	2.6450	3.4853	822.50	-0.0087483	2.6482e-05	0.10639	supercritical
552.00	591.00	164.84	0.0060666	1156.5	1515.1	4.7683	2.6485	3.4877	822.59	-0.0087847	2.6482e-05	0.10653	supercritical
553.00	591.00	164.55	0.0060770	1159.4	1518.5	4.7746	2.6520	3.4901	822.69	-0.0088212	2.6482e-05	0.10666	supercritical
554.00	591.00	164.27	0.0060874	1162.3	1522.0	4.7809	2.6554	3.4925	822.78	-0.0088578	2.6483e-05	0.10679	supercritical
555.00	591.00	163.99	0.0060979	1165.1	1525.5	4.7872	2.6589	3.4949	822.88	-0.0088945	2.6483e-05	0.10693	supercritical
556.00	591.00	163.71	0.0061083	1168.0	1529.0	4.7935	2.6624	3.4973	822.98	-0.0089313	2.6483e-05	0.10706	supercritical
557.00	591.00	163.43	0.0061187	1170.9	1532.5	4.7998	2.6658	3.4997	823.08	-0.0089682	2.6484e-05	0.10720	supercritical
558.00	591.00	163.15	0.0061291	1173.8	1536.0	4.8061	2.6693	3.5021	823.19	-0.0090051	2.6484e-05	0.10734	supercritical
559.00	591.00	162.88	0.0061396	1176.7	1539.5	4.8123	2.6728	3.5045	823.29	-0.0090422	2.6485e-05	0.10747	supercritical
560.00	591.00	162.60	0.0061500	1179.6	1543.0	4.8186	2.6762	3.5070	823.40	-0.0090794	2.6486e-05	0.10761	supercritical
561.00	591.00	162.33	0.0061604	1182.5	1546.5	4.8249	2.6797	3.5094	823.51	-0.0091166	2.6487e-05	0.10775	supercritical
562.00	591.00	162.05	0.0061708	1185.4	1550.1	4.8311	2.6832	3.5118	823.62	-0.0091539	2.6488e-05	0.10789	supercritical
563.00	591.00	161.78	0.0061812	1188.3	1553.6	4.8374	2.6866	3.5143	823.74	-0.0091913	2.6489e-05	0.10802	supercritical
564.00	591.00	161.51	0.0061916	1191.2	1557.1	4.8436	2.6901	3.5167	823.85	-0.0092287	2.6491e-05	0.10816	supercritical
565.00	591.00	161.24	0.0062020	1194.1	1560.6	4.8498	2.6936	3.5191	823.97	-0.0092663	2.6492e-05	0.10830	supercritical
566.00	591.00	160.97	0.0062124	1197.0	1564.1	4.8561	2.6970	3.5216	824.09	-0.0093039	2.6494e-05	0.10844	supercritical
567.00	591.00	160.70	0.0062228	1199.9	1567.6	4.8623	2.7005	3.5240	824.21	-0.0093415	2.6495e-05	0.10858	supercritical
568.00	591.00	160.43	0.0062332	1202.8	1571.2	4.8685	2.7040	3.5265	824.33	-0.0093793	2.6497e-05	0.10872	supercritical
569.00	591.00	160.16	0.0062436	1205.7	1574.7	4.8747	2.7074	3.5290	824.45	-0.0094170	2.6499e-05	0.10886	supercritical
570.00	591.00	159.90	0.0062540	1208.6	1578.2	4.8809	2.7109	3.5314	824.58	-0.0094549	2.6501e-05	0.10901	supercritical
571.00	591.00	159.63	0.0062644	1211.5	1581.8	4.8871	2.7144	3.5339	824.70	-0.0094928	2.6503e-05	0.10915	supercritical
572.00	591.00	159.37	0.0062747	1214.5	1585.3	4.8933	2.7178	3.5364	824.83	-0.0095307	2.6505e-05	0.10929	supercritical
573.00	591.00	159.11	0.0062851	1217.4	1588.8	4.8995	2.7213	3.5389	824.96	-0.0095687	2.6508e-05	0.10943	supercritical
574.00	591.00	158.84	0.0062955	1220.3	1592.4	4.9056	2.7248	3.5413	825.09	-0.0096068	2.6510e-05	0.10958	supercritical
575.00	591.00	158.58	0.0063059	1223.2	1595.9	4.9118	2.7282	3.5438	825.23	-0.0096449	2.6512e-05	0.10972	supercritical
576.00	591.00	158.32	0.0063162	1226.2	1599.5	4.9180	2.7317	3.5463	825.36	-0.0096830	2.6515e-05	0.10987	supercritical
577.00	591.00	158.06	0.0063266	1229.1	1603.0	4.9241	2.7352	3.5488	825.50	-0.0097212	2.6518e-05	0.11001	supercritical
578.00	591.00	157.80	0.0063370	1232.0	1606.6	4.9303	2.7386	3.5513	825.63	-0.0097594	2.6521e-05	0.11016	supercritical
579.00	591.00	157.55	0.0063473	1235.0	1610.1	4.9364	2.7421	3.5538	825.77	-0.0097976	2.6523e-05	0.11030	supercritical
580.00	591.00	157.29	0.0063577	1237.9	1613.7	4.9425	2.7455	3.5563	825.91	-0.0098359	2.6526e-05	0.11045	supercritical
581.00	591.00	157.03	0.0063681	1240.9	1617.2	4.9487	2.7490	3.5588	826.05	-0.0098742	2.6530e-05	0.11060	supercritical
582.00	591.00	156.78	0.0063784	1243.8	1620.8	4.9548	2.7525	3.5614	826.20	-0.0099125	2.6533e-05	0.11074	supercritical
583.00	591.00	156.52	0.0063888	1246.8	1624.3	4.9609	2.7559	3.5639	826.34	-0.0099509	2.6536e-05	0.11089	supercritical
584.00	591.00	156.27	0.0063991	1249.7	1627.9	4.9670	2.7594	3.5664	826.49	-0.0099893	2.6539e-05	0.11104	supercritical
585.00	591.00	156.02	0.0064095	1252.7	1631.5	4.9731	2.7628	3.5689	826.64	-0.010028	2.6543e-05	0.11119	supercritical
586.00	591.00	155.77	0.0064198	1255.6	1635.0	4.9792	2.7663	3.5715	826.78	-0.010066	2.6546e-05	0.11134	supercritical
587.00	591.00	155.52	0.0064301	1258.6	1638.6	4.9853	2.7697	3.5740	826.93	-0.010105	2.6550e-05	0.11148	supercritical
588.00	591.00	155.27	0.0064405	1261.6	1642.2	4.9914	2.7732	3.5765	827.09	-0.010143	2.6554e-05	0.11163	supercritical
589.00	591.00	155.02	0.0064508	1264.5	1645.8	4.9975	2.7767	3.5791	827.24	-0.010181	2.6558e-05	0.11178	supercritical
590.00	591.00	154.77	0.0064611	1267.5	1649.4	5.0035	2.7801	3.5816	827.39	-0.010220	2.6562e-05	0.11193	supercritical
591.00	591.00	154.52	0.0064715	1270.5	1652.9	5.0096	2.7836	3.5842	827.55	-0.010258	2.6566e-05	0.11209	supercritical
592.00	591.00	154.28	0.0064818	1273.4	1656.5	5.0157	2.7870	3.5867	827.71	-0.010297	2.6570e-05	0.11224	supercritical
593.00	591.00	154.03	0.0064921	1276.4	1660.1	5.0217	2.7905	3.5893	827.86	-0.010335	2.6574e-05	0.11239	supercritical
594.00	591.00	153.79	0.0065024	1279.4	1663.7	5.0278	2.7939	3.5918	828.02	-0.010374	2.6578e-05	0.11254	supercritical
595.00	591.00	153.54	0.0065128	1282.4	1667.3	5.0338	2.7974	3.5944	828.19	-0.010413	2.6583e-05	0.11269	supercritical
596.00	591.00	153.30	0.0065231	1285.4	1670.9	5.0399	2.8008	3.5969	828.35	-0.010451	2.6587e-05	0.11285	supercritical
597.00	591.00	153.06	0.0065334	1288.4	1674.5	5.0459	2.8043	3.5995	828.51	-0.010490	2.6592e-05	0.11300	supercritical
598.00	591.00	152.82	0.0065437	1291.4	1678.1	5.0519	2.8077	3.6021	828.68	-0.010528	2.6596e-05	0.11315	supercritical
599.00	591.00	152.58	0.0065540	1294.4	1681.7	5.0579	2.8112	3.6047	828.84	-0.010567	2.6601e-05	0.11331	supercritical
600.00	591.00	152.34	0.0065643	1297.3	1685.3	5.0640	2.8146	3.6072	829.01	-0.010605	2.6606e-05	0.11346	supercritical
601.00	591.00	152.10	0.0065746	1300.3	1688.9	5.0700	2.8181	3.6098	829.18	-0.010644	2.6611e-05	0.11362	supercritical
602.00	591.00	151.86	0.0065849	1303.4	1692.5	5.0760	2.8215	3.6124	829.35	-0.010682	2.6616e-05	0.11377	supercritical
603.00	591.00	151.63	0.0065952	1306.4	1696.1	5.0820	2.8250	3.6150	829.52	-0.010721	2.6621e-05	0.11393	supercritical
604.00	591.00	151.39	0.0066055	1309.4	1699.7	5.0880	2.8284	3.6176	829.69	-0.010759	2.6626e-05	0.11408	supercritical
605.00	591.00	151.15	0.0066158	1312.4	1703.4	5.0939	2.8318	3.6202	829.86	-0.010797	2.6631e-05	0.11424	supercritical
606.00	591.00	150.92	0.0066261	1315.4	1707.0	5.0999	2.8353	3.6228	830.04	-0.010836	2.6636e-05	0.11440	supercritical
607.00	591.00	150.68	0.0066364	1318.4	1710.6	5.1059	2.8387	3.6253	830.21	-0.010874	2.6641e-05	0.11455	supercritical
608.00	591.00	150.45	0.0066466	1321.4	1714.2	5.1119	2.8422	3.6279	830.39	-0.010913	2.6647e-05	0.11471	supercritical
609.00	591.00	150.22	0.0066569	1324.4	1717.9	5.1178	2.8456	3.6305	830.56	-0.010951	2.6652e-05	0.11487	supercritical
610.00	591.00	149.99	0.0066672	1327.5	1721.5	5.1238	2.8490	3.6332	830.74	-0.010990	2.6658e-05	0.11503	supercritical
611.00	591.00	149.76	0.0066775	1330.5	1725.1	5.1297	2.8525	3.6358	830.92	-0.011028	2.6664e-05	0.11518	supercritical
612.00	591.00	149.53	0.0066877	1333.5	1728.8	5.1357	2.8559	3.6384	831.10	-0.011066	2.6669e-05	0.11534	supercritical
613.00	591.00	149.30	0.0066980	1336.6	1732.4	5.1416	2.8593	3.6410	831.29	-0.011104	2.6675e-05	0.11550	supercritical
614.00	591.00	149.07	0.0067083	1339.6	1736.1	5.1476	2.8628	3.6436	831.47	-0.011143	2.6681e-05	0.11566	supercritical
615.00	591.00	148.84	0.0067185	1342.6	1739.7	5.1535	2.8662	3.6462	831.65	-0.011181	2.6687e-05	0.11582	supercritical
616.00	591.00	148.61	0.0067288	1345.7	1743.3	5.1594	2.8696	3.6488	831.84	-0.011219	2.6693e-05	0.11598	supercritical
617.00	591.00	148.39	0.0067391	1348.7	1747.0	5.1654	2.8731	3.6515	832.02	-0.011257	2.6699e-05	0.11614	supercritical
618.00	591.00	148.16	0.0067493	1351.8	1750.6	5.1713	2.8765	3.6541	832.21	-0.011296	2.6705e-05	0.11630	supercritical
619.00	591.00	147.94	0.0067596	1354.8	1754.3	5.1772	2.8799	3.6567	832.40	-0.011334	2.6711e-05	0.11647	supercritical
620.00	591.00	147.71	0.0067698	1357.9	1758.0	5.1831	2.8833	3.6593	832.59	-0.011372	2.6718e-05	0.11663	supercritical
621.00	591.00	147.49	0.0067801	1360.9	1761.6	5.1890	2.8868	3.6620	832.78	-0.011410	2.6724e-05	0.11679	supercritical
622.00	591.00	147.27	0.0067903	1364.0	1765.3	5.1949	2.8902	3.6646	832.97	-0.011448	2.6731e-05	0.11695	supercritical
623.00	591.00	147.05	0.0068006	1367.0	1769.0	5.2008	2.8936	3.6673	833.16	-0.011486	2.6737e-05	0.11711	supercritical
624.00	591.00	146.83	0.0068108	1370.1	1772.6	5.2066	2.8970	3.6699	833.35	-0.011524	2.6744e-05	0.11728	supercritical
625.00	591.00	146.61	0.0068210	1373.2	1776.3	5.2125	2.9005	3.6725	833.55	-0.011562	2.6750e-05	0.11744	supercritical
