Temperature (K)	Pressure (bar)	Density (kg/m3)	Volume (m3/kg)	Internal Energy (kJ/kg)	Enthalpy (kJ/kg)	Entropy (J/g*K)	Cv (J/g*K)	Cp (J/g*K)	Sound Spd. (m/s)	Joule-Thomson (K/bar)	Viscosity (Pa*s)	Therm. Cond. (W/m*K)	Phase
102.00	447.00	463.65	0.0021568	-57.409	39.000	-0.57291	2.2000	3.2265	1716.0	-0.051581	0.00023673	0.23555	liquid
103.00	447.00	462.61	0.0021616	-54.398	42.227	-0.54143	2.1954	3.2266	1709.6	-0.051512	0.00022956	0.23452	liquid
104.00	447.00	461.57	0.0021665	-51.389	45.454	-0.51026	2.1910	3.2268	1703.3	-0.051441	0.00022279	0.23349	liquid
105.00	447.00	460.54	0.0021714	-48.380	48.681	-0.47938	2.1866	3.2269	1696.9	-0.051368	0.00021641	0.23245	liquid
106.00	447.00	459.50	0.0021763	-45.373	51.908	-0.44879	2.1822	3.2271	1690.6	-0.051293	0.00021038	0.23139	liquid
107.00	447.00	458.46	0.0021812	-42.365	55.135	-0.41849	2.1779	3.2274	1684.2	-0.051216	0.00020467	0.23034	liquid
108.00	447.00	457.42	0.0021862	-39.359	58.362	-0.38846	2.1736	3.2276	1677.9	-0.051138	0.00019927	0.22927	liquid
109.00	447.00	456.38	0.0021911	-36.354	61.590	-0.35872	2.1694	3.2278	1671.5	-0.051058	0.00019414	0.22820	liquid
110.00	447.00	455.35	0.0021961	-33.349	64.818	-0.32924	2.1652	3.2280	1665.2	-0.050976	0.00018927	0.22712	liquid
111.00	447.00	454.31	0.0022011	-30.345	68.046	-0.30002	2.1610	3.2283	1658.8	-0.050892	0.00018464	0.22604	liquid
112.00	447.00	453.27	0.0022062	-27.342	71.274	-0.27107	2.1569	3.2285	1652.4	-0.050807	0.00018023	0.22495	liquid
113.00	447.00	452.23	0.0022113	-24.340	74.503	-0.24237	2.1528	3.2287	1646.1	-0.050720	0.00017603	0.22386	liquid
114.00	447.00	451.19	0.0022163	-21.339	77.732	-0.21392	2.1487	3.2289	1639.7	-0.050632	0.00017203	0.22277	liquid
115.00	447.00	450.16	0.0022215	-18.338	80.961	-0.18572	2.1446	3.2292	1633.4	-0.050542	0.00016820	0.22167	liquid
116.00	447.00	449.12	0.0022266	-15.338	84.190	-0.15776	2.1406	3.2294	1627.1	-0.050450	0.00016455	0.22057	liquid
117.00	447.00	448.08	0.0022318	-12.340	87.420	-0.13004	2.1366	3.2296	1620.7	-0.050357	0.00016105	0.21947	liquid
118.00	447.00	447.04	0.0022369	-9.3418	90.649	-0.10255	2.1326	3.2298	1614.4	-0.050262	0.00015770	0.21837	liquid
119.00	447.00	446.00	0.0022422	-6.3449	93.879	-0.075295	2.1286	3.2300	1608.1	-0.050165	0.00015448	0.21726	liquid
120.00	447.00	444.96	0.0022474	-3.3489	97.109	-0.048264	2.1247	3.2302	1601.8	-0.050066	0.00015140	0.21615	liquid
121.00	447.00	443.92	0.0022527	-0.35389	100.34	-0.021457	2.1208	3.2304	1595.5	-0.049966	0.00014844	0.21504	liquid
122.00	447.00	442.88	0.0022579	2.6402	103.57	0.0051324	2.1169	3.2306	1589.2	-0.049864	0.00014559	0.21394	liquid
123.00	447.00	441.84	0.0022633	5.6332	106.80	0.031506	2.1130	3.2308	1582.9	-0.049761	0.00014286	0.21283	liquid
124.00	447.00	440.80	0.0022686	8.6253	110.03	0.057667	2.1092	3.2310	1576.6	-0.049655	0.00014022	0.21172	liquid
125.00	447.00	439.76	0.0022740	11.616	113.26	0.083620	2.1053	3.2312	1570.4	-0.049548	0.00013768	0.21061	liquid
126.00	447.00	438.72	0.0022794	14.606	116.49	0.10937	2.1015	3.2314	1564.1	-0.049439	0.00013523	0.20950	liquid
127.00	447.00	437.68	0.0022848	17.595	119.73	0.13491	2.0978	3.2316	1557.9	-0.049328	0.00013287	0.20839	liquid
128.00	447.00	436.63	0.0022903	20.583	122.96	0.16026	2.0940	3.2318	1551.7	-0.049215	0.00013059	0.20728	liquid
129.00	447.00	435.59	0.0022957	23.570	126.19	0.18541	2.0903	3.2319	1545.5	-0.049100	0.00012838	0.20618	liquid
130.00	447.00	434.55	0.0023012	26.556	129.42	0.21037	2.0866	3.2321	1539.3	-0.048983	0.00012625	0.20507	liquid
131.00	447.00	433.50	0.0023068	29.541	132.65	0.23514	2.0829	3.2323	1533.1	-0.048865	0.00012419	0.20397	liquid
132.00	447.00	432.46	0.0023123	32.524	135.89	0.25972	2.0793	3.2325	1526.9	-0.048744	0.00012219	0.20287	liquid
133.00	447.00	431.42	0.0023179	35.507	139.12	0.28411	2.0757	3.2327	1520.7	-0.048621	0.00012026	0.20177	liquid
134.00	447.00	430.37	0.0023236	38.488	142.35	0.30833	2.0721	3.2329	1514.6	-0.048496	0.00011838	0.20068	liquid
135.00	447.00	429.33	0.0023292	41.468	145.58	0.33237	2.0685	3.2331	1508.5	-0.048369	0.00011656	0.19958	liquid
136.00	447.00	428.28	0.0023349	44.447	148.82	0.35623	2.0649	3.2332	1502.4	-0.048240	0.00011480	0.19849	liquid
137.00	447.00	427.24	0.0023406	47.425	152.05	0.37992	2.0614	3.2334	1496.3	-0.048108	0.00011308	0.19740	liquid
138.00	447.00	426.19	0.0023464	50.402	155.28	0.40343	2.0579	3.2337	1490.2	-0.047975	0.00011142	0.19632	liquid
139.00	447.00	425.14	0.0023521	53.377	158.52	0.42678	2.0545	3.2339	1484.1	-0.047839	0.00010980	0.19523	liquid
140.00	447.00	424.10	0.0023580	56.352	161.75	0.44996	2.0510	3.2341	1478.1	-0.047701	0.00010823	0.19416	liquid
141.00	447.00	423.05	0.0023638	59.325	164.99	0.47298	2.0476	3.2343	1472.0	-0.047561	0.00010670	0.19308	liquid
142.00	447.00	422.00	0.0023697	62.297	168.22	0.49584	2.0442	3.2345	1466.0	-0.047418	0.00010521	0.19201	liquid
143.00	447.00	420.95	0.0023756	65.268	171.46	0.51854	2.0409	3.2347	1460.0	-0.047273	0.00010376	0.19094	liquid
144.00	447.00	419.90	0.0023815	68.237	174.69	0.54108	2.0376	3.2350	1454.0	-0.047126	0.00010235	0.18987	liquid
145.00	447.00	418.85	0.0023875	71.206	177.93	0.56347	2.0343	3.2352	1448.0	-0.046976	0.00010097	0.18881	liquid
146.00	447.00	417.80	0.0023935	74.173	181.16	0.58571	2.0310	3.2355	1442.1	-0.046824	9.9634e-05	0.18776	liquid
147.00	447.00	416.75	0.0023995	77.139	184.40	0.60779	2.0277	3.2358	1436.2	-0.046669	9.8326e-05	0.18671	liquid
148.00	447.00	415.70	0.0024056	80.103	187.63	0.62973	2.0245	3.2360	1430.3	-0.046512	9.7051e-05	0.18566	liquid
149.00	447.00	414.65	0.0024117	83.067	190.87	0.65152	2.0214	3.2363	1424.4	-0.046353	9.5807e-05	0.18461	liquid
150.00	447.00	413.60	0.0024178	86.029	194.10	0.67317	2.0182	3.2366	1418.5	-0.046191	9.4592e-05	0.18357	liquid
151.00	447.00	412.55	0.0024240	88.990	197.34	0.69468	2.0151	3.2369	1412.6	-0.046026	9.3406e-05	0.18254	liquid
152.00	447.00	411.49	0.0024302	91.950	200.58	0.71605	2.0120	3.2372	1406.8	-0.045859	9.2247e-05	0.18151	liquid
153.00	447.00	410.44	0.0024364	94.908	203.82	0.73728	2.0089	3.2375	1401.0	-0.045689	9.1115e-05	0.18048	liquid
154.00	447.00	409.39	0.0024427	97.866	207.05	0.75837	2.0059	3.2379	1395.1	-0.045516	9.0009e-05	0.17946	liquid
155.00	447.00	408.33	0.0024490	100.82	210.29	0.77933	2.0029	3.2382	1389.4	-0.045341	8.8927e-05	0.17845	liquid
156.00	447.00	407.28	0.0024553	103.78	213.53	0.80015	1.9999	3.2386	1383.6	-0.045163	8.7870e-05	0.17744	liquid
157.00	447.00	406.22	0.0024617	106.73	216.77	0.82085	1.9970	3.2389	1377.9	-0.044983	8.6835e-05	0.17643	liquid
158.00	447.00	405.16	0.0024681	109.68	220.01	0.84141	1.9940	3.2393	1372.1	-0.044800	8.5823e-05	0.17543	liquid
159.00	447.00	404.11	0.0024746	112.63	223.25	0.86185	1.9912	3.2397	1366.4	-0.044614	8.4832e-05	0.17444	liquid
160.00	447.00	403.05	0.0024811	115.58	226.49	0.88216	1.9883	3.2401	1360.7	-0.044425	8.3862e-05	0.17345	liquid
161.00	447.00	401.99	0.0024876	118.53	229.73	0.90235	1.9855	3.2405	1355.1	-0.044233	8.2913e-05	0.17246	liquid
162.00	447.00	400.93	0.0024942	121.48	232.97	0.92242	1.9827	3.2409	1349.4	-0.044039	8.1983e-05	0.17148	liquid
163.00	447.00	399.87	0.0025008	124.42	236.21	0.94237	1.9799	3.2414	1343.8	-0.043842	8.1072e-05	0.17051	liquid
164.00	447.00	398.81	0.0025074	127.37	239.45	0.96219	1.9772	3.2418	1338.2	-0.043642	8.0180e-05	0.16954	liquid
165.00	447.00	397.75	0.0025141	130.31	242.69	0.98190	1.9745	3.2423	1332.6	-0.043439	7.9305e-05	0.16858	liquid
166.00	447.00	396.69	0.0025208	133.25	245.94	1.0015	1.9718	3.2427	1327.1	-0.043233	7.8448e-05	0.16762	liquid
167.00	447.00	395.63	0.0025276	136.20	249.18	1.0210	1.9692	3.2432	1321.5	-0.043025	7.7607e-05	0.16667	liquid
168.00	447.00	394.57	0.0025344	139.13	252.42	1.0403	1.9666	3.2437	1316.0	-0.042813	7.6783e-05	0.16572	liquid
169.00	447.00	393.51	0.0025412	142.07	255.67	1.0596	1.9640	3.2442	1310.5	-0.042599	7.5975e-05	0.16478	liquid
170.00	447.00	392.45	0.0025481	145.01	258.91	1.0787	1.9615	3.2447	1305.0	-0.042381	7.5182e-05	0.16385	liquid
171.00	447.00	391.38	0.0025550	147.95	262.16	1.0978	1.9590	3.2453	1299.6	-0.042161	7.4404e-05	0.16292	liquid
172.00	447.00	390.32	0.0025620	150.88	265.40	1.1167	1.9565	3.2458	1294.1	-0.041938	7.3641e-05	0.16200	liquid
173.00	447.00	389.26	0.0025690	153.81	268.65	1.1355	1.9541	3.2464	1288.7	-0.041712	7.2891e-05	0.16108	liquid
174.00	447.00	388.19	0.0025760	156.75	271.89	1.1542	1.9517	3.2469	1283.3	-0.041482	7.2156e-05	0.16017	liquid
175.00	447.00	387.13	0.0025831	159.68	275.14	1.1728	1.9493	3.2475	1278.0	-0.041250	7.1434e-05	0.15926	liquid
176.00	447.00	386.06	0.0025903	162.60	278.39	1.1913	1.9469	3.2481	1272.6	-0.041015	7.0725e-05	0.15836	liquid
177.00	447.00	385.00	0.0025974	165.53	281.64	1.2097	1.9446	3.2487	1267.3	-0.040777	7.0029e-05	0.15747	liquid
178.00	447.00	383.93	0.0026046	168.46	284.89	1.2280	1.9423	3.2493	1262.0	-0.040536	6.9345e-05	0.15658	liquid
179.00	447.00	382.86	0.0026119	171.38	288.14	1.2462	1.9401	3.2499	1256.8	-0.040291	6.8673e-05	0.15570	liquid
180.00	447.00	381.80	0.0026192	174.31	291.39	1.2644	1.9379	3.2505	1251.5	-0.040044	6.8013e-05	0.15483	liquid
181.00	447.00	380.73	0.0026265	177.23	294.64	1.2824	1.9357	3.2512	1246.3	-0.039794	6.7365e-05	0.15396	liquid
182.00	447.00	379.66	0.0026339	180.15	297.89	1.3003	1.9335	3.2518	1241.1	-0.039540	6.6727e-05	0.15310	liquid
183.00	447.00	378.60	0.0026413	183.07	301.14	1.3181	1.9314	3.2525	1235.9	-0.039284	6.6101e-05	0.15224	liquid
184.00	447.00	377.53	0.0026488	185.99	304.39	1.3358	1.9293	3.2531	1230.8	-0.039025	6.5485e-05	0.15139	liquid
185.00	447.00	376.46	0.0026563	188.91	307.65	1.3535	1.9272	3.2538	1225.6	-0.038762	6.4880e-05	0.15055	liquid
186.00	447.00	375.39	0.0026639	191.82	310.90	1.3710	1.9252	3.2545	1220.5	-0.038497	6.4285e-05	0.14971	liquid
187.00	447.00	374.32	0.0026715	194.74	314.16	1.3885	1.9232	3.2552	1215.5	-0.038228	6.3700e-05	0.14888	liquid
188.00	447.00	373.25	0.0026792	197.65	317.41	1.4058	1.9213	3.2559	1210.4	-0.037957	6.3124e-05	0.14805	liquid
189.00	447.00	372.18	0.0026869	200.57	320.67	1.4231	1.9193	3.2566	1205.4	-0.037682	6.2558e-05	0.14724	liquid
190.00	447.00	371.11	0.0026946	203.48	323.92	1.4403	1.9174	3.2573	1200.4	-0.037404	6.2001e-05	0.14643	liquid
191.00	447.00	370.04	0.0027024	206.39	327.18	1.4574	1.9156	3.2580	1195.4	-0.037124	6.1453e-05	0.14562	supercritical
192.00	447.00	368.97	0.0027102	209.29	330.44	1.4744	1.9137	3.2588	1190.4	-0.036840	6.0914e-05	0.14482	supercritical
193.00	447.00	367.90	0.0027181	212.20	333.70	1.4913	1.9120	3.2595	1185.5	-0.036553	6.0384e-05	0.14402	supercritical
194.00	447.00	366.83	0.0027261	215.10	336.96	1.5082	1.9102	3.2602	1180.6	-0.036263	5.9862e-05	0.14323	supercritical
195.00	447.00	365.76	0.0027340	218.01	340.22	1.5249	1.9085	3.2610	1175.7	-0.035971	5.9348e-05	0.14244	supercritical
196.00	447.00	364.69	0.0027421	220.91	343.48	1.5416	1.9068	3.2617	1170.9	-0.035675	5.8843e-05	0.14166	supercritical
197.00	447.00	363.62	0.0027501	223.81	346.74	1.5582	1.9051	3.2625	1166.1	-0.035376	5.8345e-05	0.14089	supercritical
198.00	447.00	362.55	0.0027583	226.71	350.01	1.5747	1.9035	3.2632	1161.3	-0.035075	5.7855e-05	0.14013	supercritical
199.00	447.00	361.47	0.0027664	229.61	353.27	1.5912	1.9019	3.2640	1156.5	-0.034770	5.7373e-05	0.13937	supercritical
200.00	447.00	360.40	0.0027747	232.51	356.53	1.6075	1.9003	3.2648	1151.8	-0.034462	5.6898e-05	0.13861	supercritical
201.00	447.00	359.33	0.0027829	235.40	359.80	1.6238	1.8987	3.2655	1147.0	-0.034152	5.6430e-05	0.13787	supercritical
202.00	447.00	358.26	0.0027913	238.30	363.07	1.6400	1.8972	3.2663	1142.4	-0.033839	5.5970e-05	0.13713	supercritical
203.00	447.00	357.19	0.0027996	241.19	366.33	1.6562	1.8958	3.2671	1137.7	-0.033523	5.5516e-05	0.13639	supercritical
204.00	447.00	356.12	0.0028081	244.08	369.60	1.6722	1.8943	3.2679	1133.1	-0.033204	5.5069e-05	0.13566	supercritical
205.00	447.00	355.05	0.0028165	246.97	372.87	1.6882	1.8929	3.2686	1128.5	-0.032882	5.4629e-05	0.13494	supercritical
206.00	447.00	353.98	0.0028251	249.86	376.14	1.7041	1.8916	3.2694	1123.9	-0.032557	5.4196e-05	0.13423	supercritical
207.00	447.00	352.91	0.0028336	252.74	379.41	1.7199	1.8902	3.2702	1119.3	-0.032230	5.3769e-05	0.13352	supercritical
208.00	447.00	351.83	0.0028422	255.63	382.68	1.7357	1.8889	3.2710	1114.8	-0.031899	5.3348e-05	0.13281	supercritical
209.00	447.00	350.76	0.0028509	258.51	385.95	1.7514	1.8876	3.2717	1110.3	-0.031567	5.2934e-05	0.13212	supercritical
210.00	447.00	349.69	0.0028596	261.40	389.22	1.7670	1.8864	3.2725	1105.8	-0.031231	5.2525e-05	0.13142	supercritical
211.00	447.00	348.62	0.0028684	264.28	392.49	1.7826	1.8852	3.2733	1101.4	-0.030893	5.2123e-05	0.13074	supercritical
212.00	447.00	347.55	0.0028772	267.15	395.77	1.7980	1.8840	3.2741	1097.0	-0.030552	5.1726e-05	0.13006	supercritical
213.00	447.00	346.48	0.0028861	270.03	399.04	1.8135	1.8829	3.2748	1092.6	-0.030208	5.1335e-05	0.12939	supercritical
214.00	447.00	345.42	0.0028951	272.91	402.32	1.8288	1.8818	3.2756	1088.3	-0.029862	5.0950e-05	0.12872	supercritical
215.00	447.00	344.35	0.0029040	275.78	405.59	1.8441	1.8807	3.2763	1083.9	-0.029514	5.0570e-05	0.12806	supercritical
216.00	447.00	343.28	0.0029131	278.66	408.87	1.8593	1.8796	3.2771	1079.6	-0.029163	5.0195e-05	0.12741	supercritical
217.00	447.00	342.21	0.0029222	281.53	412.15	1.8744	1.8786	3.2778	1075.4	-0.028809	4.9826e-05	0.12676	supercritical
218.00	447.00	341.14	0.0029313	284.40	415.43	1.8895	1.8776	3.2786	1071.1	-0.028454	4.9462e-05	0.12612	supercritical
219.00	447.00	340.08	0.0029405	287.26	418.70	1.9045	1.8767	3.2793	1066.9	-0.028095	4.9104e-05	0.12548	supercritical
220.00	447.00	339.01	0.0029497	290.13	421.98	1.9194	1.8758	3.2801	1062.8	-0.027735	4.8750e-05	0.12485	supercritical
221.00	447.00	337.95	0.0029590	293.00	425.26	1.9343	1.8749	3.2808	1058.6	-0.027372	4.8401e-05	0.12423	supercritical
222.00	447.00	336.88	0.0029684	295.86	428.55	1.9491	1.8740	3.2815	1054.5	-0.027007	4.8057e-05	0.12361	supercritical
223.00	447.00	335.82	0.0029778	298.72	431.83	1.9639	1.8732	3.2822	1050.4	-0.026640	4.7718e-05	0.12300	supercritical
224.00	447.00	334.75	0.0029873	301.58	435.11	1.9786	1.8724	3.2829	1046.4	-0.026271	4.7384e-05	0.12239	supercritical
225.00	447.00	333.69	0.0029968	304.44	438.39	1.9932	1.8717	3.2836	1042.3	-0.025899	4.7054e-05	0.12179	supercritical
226.00	447.00	332.63	0.0030063	307.29	441.68	2.0077	1.8710	3.2842	1038.3	-0.025526	4.6729e-05	0.12120	supercritical
227.00	447.00	331.57	0.0030160	310.15	444.96	2.0222	1.8703	3.2849	1034.4	-0.025151	4.6408e-05	0.12061	supercritical
228.00	447.00	330.51	0.0030256	313.00	448.25	2.0367	1.8696	3.2856	1030.4	-0.024773	4.6092e-05	0.12003	supercritical
229.00	447.00	329.45	0.0030354	315.85	451.53	2.0511	1.8690	3.2862	1026.5	-0.024394	4.5780e-05	0.11946	supercritical
230.00	447.00	328.39	0.0030451	318.70	454.82	2.0654	1.8684	3.2868	1022.6	-0.024013	4.5472e-05	0.11889	supercritical
231.00	447.00	327.33	0.0030550	321.55	458.11	2.0797	1.8678	3.2875	1018.8	-0.023631	4.5168e-05	0.11832	supercritical
232.00	447.00	326.28	0.0030649	324.40	461.39	2.0939	1.8673	3.2881	1015.0	-0.023246	4.4869e-05	0.11776	supercritical
233.00	447.00	325.22	0.0030748	327.24	464.68	2.1080	1.8668	3.2886	1011.2	-0.022860	4.4573e-05	0.11721	supercritical
234.00	447.00	324.17	0.0030848	330.08	467.97	2.1221	1.8663	3.2892	1007.4	-0.022473	4.4282e-05	0.11667	supercritical
235.00	447.00	323.12	0.0030949	332.92	471.26	2.1361	1.8659	3.2898	1003.7	-0.022084	4.3994e-05	0.11613	supercritical
236.00	447.00	322.06	0.0031050	335.76	474.55	2.1501	1.8655	3.2903	1000.0	-0.021693	4.3710e-05	0.11559	supercritical
237.00	447.00	321.01	0.0031151	338.60	477.84	2.1640	1.8651	3.2909	996.36	-0.021302	4.3431e-05	0.11506	supercritical
238.00	447.00	319.97	0.0031253	341.43	481.13	2.1779	1.8647	3.2914	992.73	-0.020909	4.3154e-05	0.11454	supercritical
239.00	447.00	318.92	0.0031356	344.26	484.42	2.1917	1.8644	3.2919	989.13	-0.020514	4.2882e-05	0.11402	supercritical
240.00	447.00	317.87	0.0031459	347.09	487.72	2.2054	1.8642	3.2923	985.57	-0.020119	4.2613e-05	0.11351	supercritical
241.00	447.00	316.83	0.0031563	349.92	491.01	2.2191	1.8639	3.2928	982.03	-0.019722	4.2348e-05	0.11301	supercritical
242.00	447.00	315.78	0.0031667	352.75	494.30	2.2327	1.8637	3.2932	978.52	-0.019325	4.2086e-05	0.11250	supercritical
243.00	447.00	314.74	0.0031772	355.57	497.60	2.2463	1.8635	3.2937	975.05	-0.018926	4.1827e-05	0.11201	supercritical
244.00	447.00	313.70	0.0031877	358.40	500.89	2.2598	1.8633	3.2941	971.61	-0.018527	4.1573e-05	0.11152	supercritical
245.00	447.00	312.66	0.0031983	361.22	504.18	2.2733	1.8632	3.2945	968.19	-0.018127	4.1321e-05	0.11104	supercritical
246.00	447.00	311.63	0.0032090	364.04	507.48	2.2867	1.8631	3.2948	964.81	-0.017726	4.1073e-05	0.11056	supercritical
247.00	447.00	310.59	0.0032197	366.85	510.77	2.3001	1.8630	3.2952	961.46	-0.017324	4.0828e-05	0.11009	supercritical
248.00	447.00	309.56	0.0032304	369.67	514.07	2.3134	1.8630	3.2955	958.15	-0.016922	4.0586e-05	0.10962	supercritical
249.00	447.00	308.52	0.0032412	372.48	517.36	2.3267	1.8630	3.2958	954.86	-0.016520	4.0347e-05	0.10916	supercritical
250.00	447.00	307.49	0.0032521	375.29	520.66	2.3399	1.8630	3.2961	951.60	-0.016117	4.0112e-05	0.10871	supercritical
251.00	447.00	306.47	0.0032630	378.10	523.96	2.3530	1.8630	3.2964	948.38	-0.015713	3.9879e-05	0.10826	supercritical
252.00	447.00	305.44	0.0032740	380.91	527.25	2.3661	1.8631	3.2966	945.18	-0.015310	3.9650e-05	0.10781	supercritical
253.00	447.00	304.42	0.0032850	383.71	530.55	2.3792	1.8632	3.2968	942.02	-0.014906	3.9424e-05	0.10737	supercritical
254.00	447.00	303.39	0.0032960	386.51	533.85	2.3922	1.8634	3.2970	938.89	-0.014502	3.9200e-05	0.10694	supercritical
255.00	447.00	302.37	0.0033072	389.31	537.14	2.4052	1.8635	3.2972	935.79	-0.014098	3.8980e-05	0.10651	supercritical
256.00	447.00	301.36	0.0033183	392.11	540.44	2.4181	1.8637	3.2974	932.72	-0.013694	3.8762e-05	0.10609	supercritical
257.00	447.00	300.34	0.0033296	394.91	543.74	2.4309	1.8640	3.2975	929.68	-0.013290	3.8547e-05	0.10567	supercritical
258.00	447.00	299.33	0.0033408	397.70	547.04	2.4437	1.8642	3.2976	926.68	-0.012887	3.8335e-05	0.10526	supercritical
259.00	447.00	298.31	0.0033522	400.49	550.33	2.4565	1.8645	3.2977	923.70	-0.012483	3.8126e-05	0.10485	supercritical
260.00	447.00	297.31	0.0033635	403.28	553.63	2.4692	1.8648	3.2978	920.75	-0.012080	3.7920e-05	0.10445	supercritical
261.00	447.00	296.30	0.0033750	406.07	556.93	2.4819	1.8652	3.2978	917.84	-0.011678	3.7716e-05	0.10405	supercritical
262.00	447.00	295.29	0.0033865	408.85	560.23	2.4945	1.8655	3.2978	914.95	-0.011276	3.7515e-05	0.10366	supercritical
263.00	447.00	294.29	0.0033980	411.64	563.53	2.5070	1.8659	3.2978	912.10	-0.010875	3.7316e-05	0.10327	supercritical
264.00	447.00	293.29	0.0034096	414.42	566.82	2.5195	1.8663	3.2978	909.28	-0.010474	3.7120e-05	0.10289	supercritical
265.00	447.00	292.29	0.0034212	417.19	570.12	2.5320	1.8668	3.2978	906.49	-0.010074	3.6927e-05	0.10252	supercritical
266.00	447.00	291.30	0.0034329	419.97	573.42	2.5444	1.8673	3.2977	903.72	-0.0096749	3.6736e-05	0.10215	supercritical
267.00	447.00	290.31	0.0034446	422.74	576.72	2.5568	1.8678	3.2976	900.99	-0.0092768	3.6547e-05	0.10178	supercritical
268.00	447.00	289.32	0.0034564	425.51	580.01	2.5691	1.8683	3.2975	898.29	-0.0088796	3.6361e-05	0.10142	supercritical
269.00	447.00	288.33	0.0034682	428.28	583.31	2.5814	1.8689	3.2974	895.62	-0.0084836	3.6178e-05	0.10106	supercritical
270.00	447.00	287.35	0.0034801	431.05	586.61	2.5937	1.8695	3.2972	892.98	-0.0080887	3.5997e-05	0.10071	supercritical
271.00	447.00	286.37	0.0034920	433.81	589.91	2.6058	1.8701	3.2970	890.36	-0.0076950	3.5818e-05	0.10036	supercritical
272.00	447.00	285.39	0.0035040	436.57	593.20	2.6180	1.8707	3.2968	887.78	-0.0073027	3.5641e-05	0.10002	supercritical
273.00	447.00	284.41	0.0035160	439.33	596.50	2.6301	1.8714	3.2966	885.23	-0.0069117	3.5467e-05	0.099686	supercritical
274.00	447.00	283.44	0.0035281	442.09	599.80	2.6421	1.8721	3.2963	882.71	-0.0065222	3.5295e-05	0.099354	supercritical
275.00	447.00	282.47	0.0035402	444.84	603.09	2.6541	1.8728	3.2961	880.21	-0.0061342	3.5125e-05	0.099026	supercritical
276.00	447.00	281.50	0.0035524	447.60	606.39	2.6661	1.8736	3.2958	877.75	-0.0057479	3.4958e-05	0.098704	supercritical
277.00	447.00	280.54	0.0035646	450.35	609.68	2.6780	1.8744	3.2955	875.31	-0.0053632	3.4793e-05	0.098386	supercritical
278.00	447.00	279.58	0.0035768	453.09	612.98	2.6899	1.8752	3.2951	872.91	-0.0049803	3.4629e-05	0.098072	supercritical
279.00	447.00	278.62	0.0035891	455.84	616.27	2.7017	1.8760	3.2948	870.53	-0.0045993	3.4468e-05	0.097764	supercritical
280.00	447.00	277.66	0.0036015	458.58	619.57	2.7135	1.8769	3.2944	868.18	-0.0042201	3.4309e-05	0.097459	supercritical
281.00	447.00	276.71	0.0036139	461.32	622.86	2.7253	1.8778	3.2940	865.86	-0.0038429	3.4153e-05	0.097160	supercritical
282.00	447.00	275.76	0.0036263	464.06	626.16	2.7370	1.8787	3.2936	863.57	-0.0034677	3.3998e-05	0.096865	supercritical
283.00	447.00	274.82	0.0036388	466.80	629.45	2.7486	1.8796	3.2931	861.30	-0.0030947	3.3845e-05	0.096574	supercritical
284.00	447.00	273.88	0.0036513	469.53	632.74	2.7602	1.8806	3.2927	859.07	-0.0027239	3.3694e-05	0.096288	supercritical
285.00	447.00	272.94	0.0036638	472.26	636.03	2.7718	1.8815	3.2922	856.86	-0.0023552	3.3545e-05	0.096006	supercritical
286.00	447.00	272.00	0.0036765	474.99	639.33	2.7833	1.8825	3.2917	854.68	-0.0019890	3.3398e-05	0.095728	supercritical
287.00	447.00	271.07	0.0036891	477.72	642.62	2.7948	1.8836	3.2912	852.53	-0.0016250	3.3253e-05	0.095455	supercritical
288.00	447.00	270.14	0.0037018	480.44	645.91	2.8063	1.8846	3.2907	850.40	-0.0012635	3.3110e-05	0.095186	supercritical
289.00	447.00	269.21	0.0037145	483.16	649.20	2.8177	1.8857	3.2901	848.30	-0.00090457	3.2969e-05	0.094922	supercritical
290.00	447.00	268.29	0.0037273	485.88	652.49	2.8290	1.8868	3.2895	846.23	-0.00054815	3.2830e-05	0.094661	supercritical
291.00	447.00	267.37	0.0037401	488.60	655.78	2.8404	1.8880	3.2890	844.19	-0.00019436	3.2693e-05	0.094405	supercritical
292.00	447.00	266.46	0.0037529	491.31	659.07	2.8516	1.8891	3.2884	842.17	0.00015676	3.2557e-05	0.094153	supercritical
293.00	447.00	265.55	0.0037658	494.02	662.36	2.8629	1.8903	3.2877	840.18	0.00050514	3.2423e-05	0.093905	supercritical
294.00	447.00	264.64	0.0037788	496.73	665.64	2.8741	1.8915	3.2871	838.21	0.00085072	3.2291e-05	0.093661	supercritical
295.00	447.00	263.73	0.0037917	499.44	668.93	2.8852	1.8927	3.2865	836.28	0.0011935	3.2161e-05	0.093421	supercritical
296.00	447.00	262.83	0.0038047	502.14	672.22	2.8964	1.8940	3.2858	834.36	0.0015333	3.2032e-05	0.093185	supercritical
297.00	447.00	261.93	0.0038178	504.85	675.50	2.9075	1.8953	3.2851	832.48	0.0018702	3.1905e-05	0.092953	supercritical
298.00	447.00	261.04	0.0038309	507.55	678.79	2.9185	1.8966	3.2844	830.61	0.0022041	3.1780e-05	0.092725	supercritical
299.00	447.00	260.15	0.0038440	510.24	682.07	2.9295	1.8979	3.2837	828.78	0.0025349	3.1656e-05	0.092501	supercritical
300.00	447.00	259.26	0.0038571	512.94	685.35	2.9405	1.8992	3.2830	826.97	0.0028627	3.1534e-05	0.092281	supercritical
301.00	447.00	258.38	0.0038703	515.63	688.64	2.9514	1.9006	3.2823	825.18	0.0031873	3.1414e-05	0.092064	supercritical
302.00	447.00	257.50	0.0038835	518.32	691.92	2.9623	1.9020	3.2815	823.42	0.0035087	3.1295e-05	0.091851	supercritical
303.00	447.00	256.62	0.0038968	521.01	695.20	2.9731	1.9034	3.2808	821.68	0.0038268	3.1178e-05	0.091643	supercritical
304.00	447.00	255.75	0.0039101	523.70	698.48	2.9839	1.9048	3.2800	819.97	0.0041418	3.1063e-05	0.091437	supercritical
305.00	447.00	254.88	0.0039234	526.38	701.76	2.9947	1.9063	3.2793	818.28	0.0044534	3.0949e-05	0.091236	supercritical
306.00	447.00	254.01	0.0039368	529.06	705.04	3.0054	1.9078	3.2785	816.62	0.0047616	3.0836e-05	0.091038	supercritical
307.00	447.00	253.15	0.0039502	531.74	708.32	3.0161	1.9093	3.2777	814.98	0.0050665	3.0725e-05	0.090844	supercritical
308.00	447.00	252.30	0.0039636	534.42	711.59	3.0268	1.9108	3.2769	813.36	0.0053679	3.0616e-05	0.090653	supercritical
309.00	447.00	251.44	0.0039770	537.10	714.87	3.0374	1.9123	3.2761	811.76	0.0056659	3.0508e-05	0.090466	supercritical
310.00	447.00	250.59	0.0039905	539.77	718.15	3.0480	1.9139	3.2753	810.19	0.0059604	3.0401e-05	0.090282	supercritical
311.00	447.00	249.75	0.0040041	542.44	721.42	3.0585	1.9155	3.2744	808.65	0.0062514	3.0296e-05	0.090102	supercritical
312.00	447.00	248.90	0.0040176	545.11	724.69	3.0690	1.9171	3.2736	807.12	0.0065389	3.0193e-05	0.089925	supercritical
313.00	447.00	248.07	0.0040312	547.77	727.97	3.0795	1.9187	3.2728	805.62	0.0068228	3.0090e-05	0.089752	supercritical
314.00	447.00	247.23	0.0040448	550.44	731.24	3.0900	1.9204	3.2720	804.14	0.0071030	2.9990e-05	0.089582	supercritical
315.00	447.00	246.40	0.0040584	553.10	734.51	3.1004	1.9221	3.2711	802.68	0.0073797	2.9890e-05	0.089415	supercritical
316.00	447.00	245.57	0.0040721	555.76	737.78	3.1107	1.9237	3.2703	801.24	0.0076527	2.9792e-05	0.089252	supercritical
317.00	447.00	244.75	0.0040858	558.42	741.05	3.1211	1.9255	3.2694	799.83	0.0079221	2.9695e-05	0.089092	supercritical
318.00	447.00	243.93	0.0040995	561.07	744.32	3.1313	1.9272	3.2686	798.43	0.0081877	2.9600e-05	0.088935	supercritical
319.00	447.00	243.12	0.0041132	563.73	747.59	3.1416	1.9289	3.2677	797.06	0.0084497	2.9506e-05	0.088781	supercritical
320.00	447.00	242.31	0.0041270	566.38	750.86	3.1518	1.9307	3.2668	795.71	0.0087080	2.9413e-05	0.088631	supercritical
321.00	447.00	241.50	0.0041408	569.03	754.12	3.1620	1.9325	3.2660	794.38	0.0089625	2.9321e-05	0.088484	supercritical
322.00	447.00	240.69	0.0041546	571.68	757.39	3.1722	1.9343	3.2651	793.07	0.0092133	2.9231e-05	0.088339	supercritical
323.00	447.00	239.90	0.0041685	574.32	760.65	3.1823	1.9362	3.2643	791.78	0.0094603	2.9142e-05	0.088198	supercritical
324.00	447.00	239.10	0.0041824	576.97	763.92	3.1924	1.9380	3.2634	790.51	0.0097035	2.9054e-05	0.088060	supercritical
325.00	447.00	238.31	0.0041963	579.61	767.18	3.2025	1.9399	3.2626	789.26	0.0099430	2.8967e-05	0.087925	supercritical
326.00	447.00	237.52	0.0042102	582.25	770.44	3.2125	1.9418	3.2617	788.03	0.010179	2.8882e-05	0.087793	supercritical
327.00	447.00	236.74	0.0042241	584.88	773.70	3.2225	1.9437	3.2608	786.82	0.010411	2.8797e-05	0.087664	supercritical
328.00	447.00	235.96	0.0042381	587.52	776.96	3.2324	1.9456	3.2600	785.63	0.010639	2.8714e-05	0.087538	supercritical
329.00	447.00	235.18	0.0042521	590.16	780.22	3.2423	1.9476	3.2591	784.46	0.010863	2.8632e-05	0.087414	supercritical
330.00	447.00	234.41	0.0042661	592.79	783.48	3.2522	1.9495	3.2583	783.30	0.011083	2.8552e-05	0.087294	supercritical
331.00	447.00	233.64	0.0042801	595.42	786.74	3.2621	1.9515	3.2575	782.17	0.011300	2.8472e-05	0.087176	supercritical
332.00	447.00	232.87	0.0042942	598.05	790.00	3.2719	1.9535	3.2566	781.05	0.011513	2.8393e-05	0.087062	supercritical
333.00	447.00	232.11	0.0043083	600.67	793.25	3.2817	1.9555	3.2558	779.96	0.011722	2.8316e-05	0.086950	supercritical
334.00	447.00	231.36	0.0043223	603.30	796.51	3.2915	1.9576	3.2550	778.88	0.011927	2.8240e-05	0.086840	supercritical
335.00	447.00	230.60	0.0043365	605.92	799.76	3.3012	1.9596	3.2541	777.81	0.012129	2.8164e-05	0.086734	supercritical
336.00	447.00	229.85	0.0043506	608.55	803.02	3.3109	1.9617	3.2533	776.77	0.012326	2.8090e-05	0.086630	supercritical
337.00	447.00	229.11	0.0043647	611.17	806.27	3.3206	1.9638	3.2525	775.74	0.012520	2.8017e-05	0.086529	supercritical
338.00	447.00	228.37	0.0043789	613.78	809.52	3.3302	1.9659	3.2517	774.73	0.012710	2.7945e-05	0.086430	supercritical
339.00	447.00	227.63	0.0043931	616.40	812.77	3.3398	1.9680	3.2509	773.74	0.012896	2.7874e-05	0.086334	supercritical
340.00	447.00	226.90	0.0044073	619.02	816.02	3.3494	1.9702	3.2502	772.77	0.013079	2.7804e-05	0.086241	supercritical
341.00	447.00	226.17	0.0044215	621.63	819.27	3.3589	1.9723	3.2494	771.81	0.013258	2.7735e-05	0.086150	supercritical
342.00	447.00	225.44	0.0044358	624.24	822.52	3.3684	1.9745	3.2486	770.87	0.013433	2.7666e-05	0.086062	supercritical
343.00	447.00	224.72	0.0044500	626.86	825.77	3.3779	1.9767	3.2479	769.94	0.013604	2.7599e-05	0.085976	supercritical
344.00	447.00	224.00	0.0044643	629.46	829.02	3.3874	1.9789	3.2471	769.03	0.013772	2.7533e-05	0.085893	supercritical
345.00	447.00	223.29	0.0044786	632.07	832.27	3.3968	1.9812	3.2464	768.14	0.013936	2.7468e-05	0.085812	supercritical
346.00	447.00	222.57	0.0044929	634.68	835.51	3.4062	1.9834	3.2457	767.26	0.014096	2.7404e-05	0.085733	supercritical
347.00	447.00	221.87	0.0045072	637.29	838.76	3.4156	1.9857	3.2449	766.40	0.014252	2.7340e-05	0.085657	supercritical
348.00	447.00	221.16	0.0045215	639.89	842.00	3.4249	1.9879	3.2442	765.55	0.014405	2.7278e-05	0.085584	supercritical
349.00	447.00	220.47	0.0045359	642.49	845.24	3.4342	1.9902	3.2436	764.72	0.014554	2.7216e-05	0.085512	supercritical
350.00	447.00	219.77	0.0045502	645.09	848.49	3.4435	1.9926	3.2429	763.90	0.014700	2.7156e-05	0.085443	supercritical
351.00	447.00	219.08	0.0045646	647.69	851.73	3.4527	1.9949	3.2422	763.10	0.014842	2.7096e-05	0.085377	supercritical
352.00	447.00	218.39	0.0045790	650.29	854.97	3.4620	1.9972	3.2416	762.31	0.014980	2.7037e-05	0.085312	supercritical
353.00	447.00	217.71	0.0045934	652.89	858.21	3.4712	1.9996	3.2409	761.54	0.015115	2.6979e-05	0.085250	supercritical
354.00	447.00	217.02	0.0046078	655.49	861.45	3.4803	2.0019	3.2403	760.78	0.015247	2.6922e-05	0.085191	supercritical
355.00	447.00	216.35	0.0046222	658.08	864.69	3.4895	2.0043	3.2397	760.03	0.015375	2.6866e-05	0.085133	supercritical
356.00	447.00	215.67	0.0046366	660.68	867.93	3.4986	2.0067	3.2391	759.30	0.015499	2.6810e-05	0.085077	supercritical
357.00	447.00	215.01	0.0046511	663.27	871.17	3.5077	2.0092	3.2385	758.59	0.015620	2.6755e-05	0.085024	supercritical
358.00	447.00	214.34	0.0046655	665.86	874.41	3.5167	2.0116	3.2380	757.88	0.015737	2.6702e-05	0.084973	supercritical
359.00	447.00	213.68	0.0046800	668.45	877.65	3.5257	2.0140	3.2374	757.19	0.015851	2.6649e-05	0.084924	supercritical
360.00	447.00	213.02	0.0046944	671.04	880.89	3.5348	2.0165	3.2369	756.52	0.015962	2.6596e-05	0.084877	supercritical
361.00	447.00	212.36	0.0047089	673.63	884.12	3.5437	2.0190	3.2364	755.85	0.016069	2.6545e-05	0.084832	supercritical
362.00	447.00	211.71	0.0047234	676.22	887.36	3.5527	2.0215	3.2358	755.20	0.016173	2.6494e-05	0.084790	supercritical
363.00	447.00	211.06	0.0047379	678.81	890.59	3.5616	2.0240	3.2354	754.56	0.016273	2.6444e-05	0.084749	supercritical
364.00	447.00	210.42	0.0047524	681.40	893.83	3.5705	2.0265	3.2349	753.94	0.016371	2.6395e-05	0.084710	supercritical
365.00	447.00	209.78	0.0047669	683.98	897.06	3.5794	2.0290	3.2344	753.32	0.016465	2.6346e-05	0.084673	supercritical
366.00	447.00	209.14	0.0047814	686.57	900.30	3.5882	2.0316	3.2340	752.72	0.016555	2.6299e-05	0.084639	supercritical
367.00	447.00	208.51	0.0047960	689.15	903.53	3.5971	2.0341	3.2336	752.13	0.016643	2.6252e-05	0.084606	supercritical
368.00	447.00	207.88	0.0048105	691.74	906.77	3.6059	2.0367	3.2332	751.56	0.016727	2.6205e-05	0.084575	supercritical
369.00	447.00	207.25	0.0048251	694.32	910.00	3.6146	2.0393	3.2328	750.99	0.016809	2.6160e-05	0.084546	supercritical
370.00	447.00	206.63	0.0048396	696.90	913.23	3.6234	2.0419	3.2324	750.44	0.016887	2.6115e-05	0.084520	supercritical
371.00	447.00	206.01	0.0048542	699.48	916.46	3.6321	2.0445	3.2321	749.90	0.016962	2.6071e-05	0.084494	supercritical
372.00	447.00	205.39	0.0048687	702.06	919.70	3.6408	2.0471	3.2318	749.37	0.017034	2.6027e-05	0.084471	supercritical
373.00	447.00	204.78	0.0048833	704.64	922.93	3.6495	2.0497	3.2314	748.85	0.017103	2.5984e-05	0.084450	supercritical
374.00	447.00	204.17	0.0048979	707.22	926.16	3.6581	2.0524	3.2312	748.34	0.017169	2.5942e-05	0.084430	supercritical
375.00	447.00	203.56	0.0049125	709.80	929.39	3.6668	2.0551	3.2309	747.84	0.017232	2.5901e-05	0.084413	supercritical
376.00	447.00	202.96	0.0049271	712.38	932.62	3.6754	2.0577	3.2306	747.36	0.017292	2.5860e-05	0.084397	supercritical
377.00	447.00	202.36	0.0049416	714.96	935.85	3.6839	2.0604	3.2304	746.88	0.017349	2.5820e-05	0.084383	supercritical
378.00	447.00	201.77	0.0049562	717.54	939.08	3.6925	2.0631	3.2302	746.42	0.017403	2.5780e-05	0.084371	supercritical
379.00	447.00	201.17	0.0049708	720.11	942.31	3.7010	2.0658	3.2300	745.96	0.017455	2.5741e-05	0.084360	supercritical
380.00	447.00	200.58	0.0049854	722.69	945.54	3.7095	2.0686	3.2298	745.52	0.017504	2.5703e-05	0.084351	supercritical
381.00	447.00	200.00	0.0050001	725.27	948.77	3.7180	2.0713	3.2296	745.08	0.017549	2.5665e-05	0.084344	supercritical
382.00	447.00	199.42	0.0050147	727.84	952.00	3.7265	2.0740	3.2295	744.66	0.017593	2.5628e-05	0.084339	supercritical
383.00	447.00	198.84	0.0050293	730.42	955.23	3.7349	2.0768	3.2294	744.24	0.017633	2.5591e-05	0.084335	supercritical
384.00	447.00	198.26	0.0050439	733.00	958.46	3.7434	2.0796	3.2293	743.84	0.017671	2.5555e-05	0.084333	supercritical
385.00	447.00	197.69	0.0050585	735.57	961.69	3.7518	2.0824	3.2292	743.44	0.017706	2.5520e-05	0.084332	supercritical
386.00	447.00	197.12	0.0050732	738.15	964.92	3.7601	2.0851	3.2291	743.06	0.017738	2.5485e-05	0.084334	supercritical
387.00	447.00	196.55	0.0050878	740.72	968.15	3.7685	2.0879	3.2291	742.68	0.017768	2.5451e-05	0.084336	supercritical
388.00	447.00	195.99	0.0051024	743.30	971.38	3.7768	2.0908	3.2291	742.31	0.017796	2.5417e-05	0.084341	supercritical
389.00	447.00	195.43	0.0051170	745.87	974.60	3.7851	2.0936	3.2291	741.96	0.017821	2.5384e-05	0.084347	supercritical
390.00	447.00	194.87	0.0051317	748.45	977.83	3.7934	2.0964	3.2291	741.61	0.017843	2.5352e-05	0.084355	supercritical
391.00	447.00	194.31	0.0051463	751.02	981.06	3.8017	2.0993	3.2292	741.27	0.017863	2.5320e-05	0.084364	supercritical
392.00	447.00	193.76	0.0051610	753.60	984.29	3.8099	2.1021	3.2292	740.94	0.017881	2.5288e-05	0.084375	supercritical
393.00	447.00	193.21	0.0051756	756.17	987.52	3.8182	2.1050	3.2293	740.61	0.017896	2.5257e-05	0.084387	supercritical
394.00	447.00	192.67	0.0051902	758.75	990.75	3.8264	2.1079	3.2294	740.30	0.017908	2.5227e-05	0.084401	supercritical
395.00	447.00	192.13	0.0052049	761.32	993.98	3.8346	2.1108	3.2295	739.99	0.017919	2.5197e-05	0.084416	supercritical
396.00	447.00	191.59	0.0052195	763.90	997.21	3.8427	2.1137	3.2297	739.69	0.017927	2.5167e-05	0.084433	supercritical
397.00	447.00	191.05	0.0052342	766.47	1000.4	3.8509	2.1166	3.2298	739.41	0.017933	2.5139e-05	0.084451	supercritical
398.00	447.00	190.52	0.0052488	769.05	1003.7	3.8590	2.1195	3.2300	739.12	0.017937	2.5110e-05	0.084471	supercritical
399.00	447.00	189.99	0.0052634	771.62	1006.9	3.8671	2.1224	3.2302	738.85	0.017938	2.5082e-05	0.084492	supercritical
400.00	447.00	189.46	0.0052781	774.20	1010.1	3.8752	2.1254	3.2304	738.58	0.017938	2.5055e-05	0.084515	supercritical
401.00	447.00	188.94	0.0052927	776.77	1013.4	3.8833	2.1283	3.2307	738.33	0.017935	2.5028e-05	0.084539	supercritical
402.00	447.00	188.42	0.0053074	779.35	1016.6	3.8913	2.1313	3.2310	738.08	0.017930	2.5001e-05	0.084564	supercritical
403.00	447.00	187.90	0.0053220	781.93	1019.8	3.8993	2.1342	3.2312	737.83	0.017923	2.4975e-05	0.084591	supercritical
404.00	447.00	187.38	0.0053367	784.50	1023.1	3.9073	2.1372	3.2316	737.60	0.017914	2.4950e-05	0.084620	supercritical
405.00	447.00	186.87	0.0053513	787.08	1026.3	3.9153	2.1402	3.2319	737.37	0.017903	2.4924e-05	0.084649	supercritical
406.00	447.00	186.36	0.0053659	789.66	1029.5	3.9233	2.1432	3.2322	737.15	0.017890	2.4900e-05	0.084680	supercritical
407.00	447.00	185.85	0.0053806	792.24	1032.7	3.9312	2.1462	3.2326	736.94	0.017875	2.4876e-05	0.084713	supercritical
408.00	447.00	185.35	0.0053952	794.82	1036.0	3.9392	2.1492	3.2330	736.73	0.017858	2.4852e-05	0.084746	supercritical
409.00	447.00	184.85	0.0054099	797.39	1039.2	3.9471	2.1522	3.2334	736.53	0.017840	2.4828e-05	0.084782	supercritical
410.00	447.00	184.35	0.0054245	799.97	1042.4	3.9550	2.1553	3.2338	736.34	0.017819	2.4806e-05	0.084818	supercritical
411.00	447.00	183.85	0.0054391	802.55	1045.7	3.9629	2.1583	3.2343	736.15	0.017797	2.4783e-05	0.084856	supercritical
412.00	447.00	183.36	0.0054538	805.13	1048.9	3.9707	2.1613	3.2347	735.97	0.017773	2.4761e-05	0.084895	supercritical
413.00	447.00	182.87	0.0054684	807.71	1052.2	3.9786	2.1644	3.2352	735.80	0.017747	2.4739e-05	0.084935	supercritical
414.00	447.00	182.38	0.0054830	810.30	1055.4	3.9864	2.1675	3.2357	735.64	0.017719	2.4718e-05	0.084977	supercritical
415.00	447.00	181.90	0.0054977	812.88	1058.6	3.9942	2.1705	3.2363	735.48	0.017690	2.4697e-05	0.085019	supercritical
416.00	447.00	181.41	0.0055123	815.46	1061.9	4.0020	2.1736	3.2368	735.32	0.017659	2.4677e-05	0.085064	supercritical
417.00	447.00	180.93	0.0055269	818.04	1065.1	4.0098	2.1767	3.2374	735.18	0.017626	2.4657e-05	0.085109	supercritical
418.00	447.00	180.46	0.0055415	820.63	1068.3	4.0175	2.1798	3.2380	735.04	0.017592	2.4637e-05	0.085156	supercritical
419.00	447.00	179.98	0.0055561	823.21	1071.6	4.0253	2.1829	3.2386	734.90	0.017556	2.4618e-05	0.085203	supercritical
420.00	447.00	179.51	0.0055708	825.80	1074.8	4.0330	2.1860	3.2392	734.77	0.017518	2.4599e-05	0.085252	supercritical
421.00	447.00	179.04	0.0055854	828.39	1078.1	4.0407	2.1891	3.2399	734.65	0.017479	2.4580e-05	0.085303	supercritical
422.00	447.00	178.57	0.0056000	830.97	1081.3	4.0484	2.1922	3.2405	734.54	0.017439	2.4562e-05	0.085354	supercritical
423.00	447.00	178.11	0.0056146	833.56	1084.5	4.0560	2.1954	3.2412	734.42	0.017397	2.4544e-05	0.085407	supercritical
424.00	447.00	177.65	0.0056292	836.15	1087.8	4.0637	2.1985	3.2419	734.32	0.017353	2.4527e-05	0.085460	supercritical
425.00	447.00	177.19	0.0056438	838.74	1091.0	4.0713	2.2017	3.2427	734.22	0.017309	2.4510e-05	0.085515	supercritical
426.00	447.00	176.73	0.0056584	841.33	1094.3	4.0790	2.2048	3.2434	734.13	0.017262	2.4493e-05	0.085571	supercritical
427.00	447.00	176.27	0.0056730	843.92	1097.5	4.0866	2.2080	3.2442	734.04	0.017215	2.4477e-05	0.085629	supercritical
428.00	447.00	175.82	0.0056876	846.51	1100.7	4.0942	2.2111	3.2450	733.95	0.017166	2.4460e-05	0.085687	supercritical
429.00	447.00	175.37	0.0057022	849.11	1104.0	4.1017	2.2143	3.2458	733.88	0.017115	2.4445e-05	0.085746	supercritical
430.00	447.00	174.92	0.0057168	851.70	1107.2	4.1093	2.2175	3.2466	733.80	0.017064	2.4429e-05	0.085807	supercritical
431.00	447.00	174.48	0.0057313	854.30	1110.5	4.1168	2.2207	3.2474	733.74	0.017011	2.4414e-05	0.085869	supercritical
432.00	447.00	174.04	0.0057459	856.89	1113.7	4.1244	2.2239	3.2483	733.67	0.016957	2.4400e-05	0.085932	supercritical
433.00	447.00	173.60	0.0057605	859.49	1117.0	4.1319	2.2271	3.2492	733.62	0.016901	2.4385e-05	0.085996	supercritical
434.00	447.00	173.16	0.0057751	862.09	1120.2	4.1394	2.2303	3.2501	733.57	0.016845	2.4371e-05	0.086061	supercritical
435.00	447.00	172.72	0.0057896	864.69	1123.5	4.1468	2.2335	3.2510	733.52	0.016787	2.4358e-05	0.086127	supercritical
436.00	447.00	172.29	0.0058042	867.29	1126.7	4.1543	2.2367	3.2519	733.48	0.016728	2.4344e-05	0.086194	supercritical
437.00	447.00	171.86	0.0058188	869.89	1130.0	4.1618	2.2399	3.2529	733.44	0.016668	2.4331e-05	0.086262	supercritical
438.00	447.00	171.43	0.0058333	872.49	1133.2	4.1692	2.2432	3.2539	733.41	0.016607	2.4318e-05	0.086331	supercritical
439.00	447.00	171.00	0.0058479	875.10	1136.5	4.1766	2.2464	3.2548	733.38	0.016545	2.4306e-05	0.086401	supercritical
440.00	447.00	170.58	0.0058624	877.70	1139.8	4.1840	2.2496	3.2559	733.36	0.016481	2.4294e-05	0.086473	supercritical
441.00	447.00	170.16	0.0058769	880.31	1143.0	4.1914	2.2529	3.2569	733.34	0.016417	2.4282e-05	0.086545	supercritical
442.00	447.00	169.74	0.0058915	882.92	1146.3	4.1988	2.2561	3.2579	733.32	0.016351	2.4270e-05	0.086618	supercritical
443.00	447.00	169.32	0.0059060	885.52	1149.5	4.2062	2.2594	3.2590	733.31	0.016285	2.4259e-05	0.086693	supercritical
444.00	447.00	168.90	0.0059205	888.13	1152.8	4.2135	2.2626	3.2601	733.31	0.016218	2.4248e-05	0.086768	supercritical
445.00	447.00	168.49	0.0059351	890.75	1156.0	4.2208	2.2659	3.2612	733.31	0.016149	2.4237e-05	0.086844	supercritical
446.00	447.00	168.08	0.0059496	893.36	1159.3	4.2282	2.2692	3.2623	733.31	0.016080	2.4226e-05	0.086921	supercritical
447.00	447.00	167.67	0.0059641	895.97	1162.6	4.2355	2.2725	3.2634	733.32	0.016010	2.4216e-05	0.087000	supercritical
448.00	447.00	167.26	0.0059786	898.59	1165.8	4.2428	2.2758	3.2645	733.33	0.015939	2.4206e-05	0.087079	supercritical
449.00	447.00	166.86	0.0059931	901.21	1169.1	4.2500	2.2790	3.2657	733.34	0.015867	2.4197e-05	0.087159	supercritical
450.00	447.00	166.46	0.0060076	903.82	1172.4	4.2573	2.2823	3.2669	733.36	0.015794	2.4187e-05	0.087240	supercritical
451.00	447.00	166.06	0.0060221	906.44	1175.6	4.2646	2.2856	3.2681	733.39	0.015721	2.4178e-05	0.087322	supercritical
452.00	447.00	165.66	0.0060366	909.06	1178.9	4.2718	2.2889	3.2693	733.41	0.015646	2.4169e-05	0.087405	supercritical
453.00	447.00	165.26	0.0060511	911.69	1182.2	4.2790	2.2922	3.2705	733.45	0.015571	2.4161e-05	0.087489	supercritical
454.00	447.00	164.87	0.0060656	914.31	1185.4	4.2862	2.2956	3.2718	733.48	0.015495	2.4152e-05	0.087574	supercritical
455.00	447.00	164.47	0.0060800	916.94	1188.7	4.2934	2.2989	3.2730	733.52	0.015418	2.4144e-05	0.087660	supercritical
456.00	447.00	164.08	0.0060945	919.56	1192.0	4.3006	2.3022	3.2743	733.56	0.015340	2.4136e-05	0.087747	supercritical
457.00	447.00	163.69	0.0061090	922.19	1195.3	4.3078	2.3055	3.2756	733.61	0.015262	2.4129e-05	0.087834	supercritical
458.00	447.00	163.31	0.0061234	924.82	1198.5	4.3150	2.3089	3.2769	733.66	0.015183	2.4121e-05	0.087923	supercritical
459.00	447.00	162.92	0.0061379	927.45	1201.8	4.3221	2.3122	3.2783	733.71	0.015104	2.4114e-05	0.088012	supercritical
460.00	447.00	162.54	0.0061523	930.09	1205.1	4.3293	2.3155	3.2796	733.77	0.015023	2.4107e-05	0.088102	supercritical
461.00	447.00	162.16	0.0061668	932.72	1208.4	4.3364	2.3189	3.2810	733.83	0.014942	2.4101e-05	0.088193	supercritical
462.00	447.00	161.78	0.0061812	935.36	1211.7	4.3435	2.3222	3.2823	733.89	0.014861	2.4094e-05	0.088285	supercritical
463.00	447.00	161.40	0.0061956	937.99	1214.9	4.3506	2.3256	3.2837	733.96	0.014778	2.4088e-05	0.088378	supercritical
464.00	447.00	161.03	0.0062101	940.63	1218.2	4.3577	2.3289	3.2851	734.03	0.014695	2.4082e-05	0.088472	supercritical
465.00	447.00	160.66	0.0062245	943.28	1221.5	4.3647	2.3323	3.2865	734.11	0.014612	2.4077e-05	0.088566	supercritical
466.00	447.00	160.28	0.0062389	945.92	1224.8	4.3718	2.3357	3.2880	734.19	0.014528	2.4071e-05	0.088662	supercritical
467.00	447.00	159.92	0.0062533	948.56	1228.1	4.3789	2.3390	3.2894	734.27	0.014443	2.4066e-05	0.088758	supercritical
468.00	447.00	159.55	0.0062677	951.21	1231.4	4.3859	2.3424	3.2909	734.35	0.014358	2.4061e-05	0.088855	supercritical
469.00	447.00	159.18	0.0062821	953.86	1234.7	4.3929	2.3458	3.2924	734.44	0.014272	2.4056e-05	0.088953	supercritical
470.00	447.00	158.82	0.0062965	956.51	1238.0	4.3999	2.3491	3.2939	734.53	0.014186	2.4051e-05	0.089052	supercritical
471.00	447.00	158.46	0.0063109	959.16	1241.3	4.4069	2.3525	3.2954	734.62	0.014100	2.4047e-05	0.089151	supercritical
472.00	447.00	158.10	0.0063253	961.81	1244.6	4.4139	2.3559	3.2969	734.72	0.014012	2.4043e-05	0.089251	supercritical
473.00	447.00	157.74	0.0063397	964.47	1247.8	4.4209	2.3593	3.2984	734.82	0.013925	2.4039e-05	0.089352	supercritical
474.00	447.00	157.38	0.0063540	967.12	1251.1	4.4279	2.3627	3.3000	734.92	0.013837	2.4035e-05	0.089454	supercritical
475.00	447.00	157.03	0.0063684	969.78	1254.4	4.4348	2.3661	3.3015	735.03	0.013748	2.4031e-05	0.089557	supercritical
476.00	447.00	156.67	0.0063828	972.44	1257.8	4.4418	2.3695	3.3031	735.13	0.013659	2.4028e-05	0.089660	supercritical
477.00	447.00	156.32	0.0063971	975.10	1261.1	4.4487	2.3729	3.3047	735.24	0.013570	2.4024e-05	0.089765	supercritical
478.00	447.00	155.97	0.0064115	977.77	1264.4	4.4556	2.3763	3.3063	735.36	0.013480	2.4021e-05	0.089870	supercritical
479.00	447.00	155.62	0.0064258	980.43	1267.7	4.4625	2.3797	3.3079	735.47	0.013390	2.4019e-05	0.089975	supercritical
480.00	447.00	155.28	0.0064401	983.10	1271.0	4.4694	2.3831	3.3096	735.59	0.013299	2.4016e-05	0.090082	supercritical
481.00	447.00	154.93	0.0064545	985.77	1274.3	4.4763	2.3865	3.3112	735.72	0.013208	2.4014e-05	0.090189	supercritical
482.00	447.00	154.59	0.0064688	988.44	1277.6	4.4832	2.3899	3.3129	735.84	0.013117	2.4011e-05	0.090297	supercritical
483.00	447.00	154.25	0.0064831	991.12	1280.9	4.4901	2.3934	3.3146	735.97	0.013025	2.4009e-05	0.090406	supercritical
484.00	447.00	153.91	0.0064974	993.79	1284.2	4.4969	2.3968	3.3162	736.10	0.012933	2.4007e-05	0.090515	supercritical
485.00	447.00	153.57	0.0065117	996.47	1287.5	4.5038	2.4002	3.3179	736.23	0.012841	2.4006e-05	0.090625	supercritical
486.00	447.00	153.23	0.0065260	999.15	1290.9	4.5106	2.4036	3.3196	736.37	0.012748	2.4004e-05	0.090736	supercritical
487.00	447.00	152.90	0.0065403	1001.8	1294.2	4.5174	2.4071	3.3214	736.50	0.012655	2.4003e-05	0.090848	supercritical
488.00	447.00	152.56	0.0065546	1004.5	1297.5	4.5243	2.4105	3.3231	736.64	0.012562	2.4001e-05	0.090960	supercritical
489.00	447.00	152.23	0.0065689	1007.2	1300.8	4.5311	2.4139	3.3249	736.79	0.012468	2.4000e-05	0.091073	supercritical
490.00	447.00	151.90	0.0065832	1009.9	1304.2	4.5379	2.4174	3.3266	736.93	0.012375	2.4000e-05	0.091187	supercritical
491.00	447.00	151.57	0.0065975	1012.6	1307.5	4.5446	2.4208	3.3284	737.08	0.012281	2.3999e-05	0.091302	supercritical
492.00	447.00	151.25	0.0066117	1015.3	1310.8	4.5514	2.4243	3.3302	737.23	0.012186	2.3998e-05	0.091417	supercritical
493.00	447.00	150.92	0.0066260	1018.0	1314.1	4.5582	2.4277	3.3320	737.38	0.012092	2.3998e-05	0.091533	supercritical
494.00	447.00	150.60	0.0066402	1020.7	1317.5	4.5649	2.4311	3.3338	737.53	0.011997	2.3998e-05	0.091649	supercritical
495.00	447.00	150.27	0.0066545	1023.4	1320.8	4.5717	2.4346	3.3356	737.69	0.011902	2.3998e-05	0.091766	supercritical
496.00	447.00	149.95	0.0066687	1026.1	1324.1	4.5784	2.4380	3.3374	737.85	0.011807	2.3998e-05	0.091884	supercritical
497.00	447.00	149.63	0.0066830	1028.8	1327.5	4.5851	2.4415	3.3393	738.01	0.011712	2.3998e-05	0.092003	supercritical
498.00	447.00	149.32	0.0066972	1031.5	1330.8	4.5918	2.4450	3.3411	738.17	0.011616	2.3999e-05	0.092122	supercritical
499.00	447.00	149.00	0.0067114	1034.2	1334.2	4.5986	2.4484	3.3430	738.34	0.011521	2.3999e-05	0.092242	supercritical
500.00	447.00	148.68	0.0067256	1036.9	1337.5	4.6052	2.4519	3.3449	738.51	0.011425	2.4000e-05	0.092362	supercritical
501.00	447.00	148.37	0.0067398	1039.6	1340.9	4.6119	2.4553	3.3468	738.68	0.011329	2.4001e-05	0.092483	supercritical
502.00	447.00	148.06	0.0067541	1042.3	1344.2	4.6186	2.4588	3.3487	738.85	0.011233	2.4002e-05	0.092605	supercritical
503.00	447.00	147.75	0.0067683	1045.0	1347.6	4.6253	2.4623	3.3506	739.02	0.011136	2.4003e-05	0.092728	supercritical
504.00	447.00	147.44	0.0067824	1047.7	1350.9	4.6319	2.4657	3.3525	739.20	0.011040	2.4004e-05	0.092851	supercritical
505.00	447.00	147.13	0.0067966	1050.5	1354.3	4.6386	2.4692	3.3544	739.37	0.010943	2.4006e-05	0.092974	supercritical
506.00	447.00	146.83	0.0068108	1053.2	1357.6	4.6452	2.4727	3.3564	739.55	0.010846	2.4008e-05	0.093099	supercritical
507.00	447.00	146.52	0.0068250	1055.9	1361.0	4.6518	2.4761	3.3583	739.73	0.010750	2.4009e-05	0.093224	supercritical
508.00	447.00	146.22	0.0068392	1058.6	1364.3	4.6585	2.4796	3.3603	739.92	0.010653	2.4011e-05	0.093349	supercritical
509.00	447.00	145.91	0.0068533	1061.4	1367.7	4.6651	2.4831	3.3623	740.10	0.010556	2.4013e-05	0.093476	supercritical
510.00	447.00	145.61	0.0068675	1064.1	1371.1	4.6717	2.4866	3.3642	740.29	0.010459	2.4016e-05	0.093602	supercritical
511.00	447.00	145.31	0.0068816	1066.8	1374.4	4.6783	2.4900	3.3662	740.48	0.010361	2.4018e-05	0.093730	supercritical
512.00	447.00	145.02	0.0068958	1069.5	1377.8	4.6848	2.4935	3.3682	740.67	0.010264	2.4020e-05	0.093858	supercritical
513.00	447.00	144.72	0.0069099	1072.3	1381.2	4.6914	2.4970	3.3703	740.86	0.010167	2.4023e-05	0.093986	supercritical
514.00	447.00	144.42	0.0069241	1075.0	1384.5	4.6980	2.5005	3.3723	741.06	0.010070	2.4026e-05	0.094116	supercritical
515.00	447.00	144.13	0.0069382	1077.8	1387.9	4.7045	2.5040	3.3743	741.25	0.0099722	2.4028e-05	0.094245	supercritical
516.00	447.00	143.84	0.0069523	1080.5	1391.3	4.7111	2.5074	3.3764	741.45	0.0098747	2.4031e-05	0.094376	supercritical
517.00	447.00	143.55	0.0069664	1083.3	1394.7	4.7176	2.5109	3.3784	741.65	0.0097772	2.4035e-05	0.094507	supercritical
518.00	447.00	143.26	0.0069805	1086.0	1398.0	4.7242	2.5144	3.3805	741.85	0.0096797	2.4038e-05	0.094638	supercritical
519.00	447.00	142.97	0.0069946	1088.8	1401.4	4.7307	2.5179	3.3826	742.06	0.0095821	2.4041e-05	0.094770	supercritical
520.00	447.00	142.68	0.0070087	1091.5	1404.8	4.7372	2.5214	3.3846	742.26	0.0094846	2.4045e-05	0.094903	supercritical
521.00	447.00	142.39	0.0070228	1094.3	1408.2	4.7437	2.5249	3.3867	742.47	0.0093870	2.4048e-05	0.095036	supercritical
522.00	447.00	142.11	0.0070369	1097.0	1411.6	4.7502	2.5284	3.3888	742.67	0.0092894	2.4052e-05	0.095170	supercritical
523.00	447.00	141.82	0.0070510	1099.8	1415.0	4.7567	2.5319	3.3909	742.88	0.0091918	2.4056e-05	0.095304	supercritical
524.00	447.00	141.54	0.0070651	1102.5	1418.4	4.7632	2.5353	3.3931	743.09	0.0090942	2.4060e-05	0.095439	supercritical
525.00	447.00	141.26	0.0070792	1105.3	1421.8	4.7696	2.5388	3.3952	743.31	0.0089967	2.4064e-05	0.095575	supercritical
526.00	447.00	140.98	0.0070932	1108.1	1425.1	4.7761	2.5423	3.3973	743.52	0.0088991	2.4068e-05	0.095711	supercritical
527.00	447.00	140.70	0.0071073	1110.9	1428.5	4.7826	2.5458	3.3995	743.74	0.0088016	2.4072e-05	0.095847	supercritical
528.00	447.00	140.42	0.0071213	1113.6	1431.9	4.7890	2.5493	3.4016	743.95	0.0087041	2.4077e-05	0.095984	supercritical
529.00	447.00	140.15	0.0071354	1116.4	1435.3	4.7954	2.5528	3.4038	744.17	0.0086066	2.4081e-05	0.096122	supercritical
530.00	447.00	139.87	0.0071494	1119.2	1438.8	4.8019	2.5563	3.4059	744.39	0.0085092	2.4086e-05	0.096260	supercritical
531.00	447.00	139.60	0.0071634	1122.0	1442.2	4.8083	2.5598	3.4081	744.61	0.0084118	2.4091e-05	0.096399	supercritical
532.00	447.00	139.32	0.0071775	1124.7	1445.6	4.8147	2.5633	3.4103	744.84	0.0083144	2.4096e-05	0.096538	supercritical
533.00	447.00	139.05	0.0071915	1127.5	1449.0	4.8211	2.5668	3.4125	745.06	0.0082171	2.4101e-05	0.096678	supercritical
534.00	447.00	138.78	0.0072055	1130.3	1452.4	4.8275	2.5703	3.4147	745.29	0.0081199	2.4106e-05	0.096818	supercritical
535.00	447.00	138.51	0.0072195	1133.1	1455.8	4.8339	2.5738	3.4169	745.51	0.0080227	2.4111e-05	0.096959	supercritical
536.00	447.00	138.25	0.0072335	1135.9	1459.2	4.8403	2.5773	3.4191	745.74	0.0079256	2.4116e-05	0.097100	supercritical
537.00	447.00	137.98	0.0072475	1138.7	1462.6	4.8467	2.5808	3.4214	745.97	0.0078286	2.4122e-05	0.097242	supercritical
538.00	447.00	137.71	0.0072615	1141.5	1466.1	4.8530	2.5843	3.4236	746.20	0.0077316	2.4127e-05	0.097384	supercritical
539.00	447.00	137.45	0.0072755	1144.3	1469.5	4.8594	2.5878	3.4258	746.44	0.0076348	2.4133e-05	0.097527	supercritical
540.00	447.00	137.18	0.0072895	1147.1	1472.9	4.8657	2.5913	3.4281	746.67	0.0075380	2.4138e-05	0.097670	supercritical
541.00	447.00	136.92	0.0073034	1149.9	1476.4	4.8721	2.5948	3.4303	746.90	0.0074413	2.4144e-05	0.097814	supercritical
542.00	447.00	136.66	0.0073174	1152.7	1479.8	4.8784	2.5983	3.4326	747.14	0.0073447	2.4150e-05	0.097958	supercritical
543.00	447.00	136.40	0.0073314	1155.5	1483.2	4.8847	2.6018	3.4349	747.38	0.0072481	2.4156e-05	0.098103	supercritical
544.00	447.00	136.14	0.0073453	1158.3	1486.7	4.8911	2.6053	3.4371	747.62	0.0071517	2.4162e-05	0.098248	supercritical
545.00	447.00	135.88	0.0073593	1161.1	1490.1	4.8974	2.6089	3.4394	747.86	0.0070554	2.4168e-05	0.098393	supercritical
546.00	447.00	135.63	0.0073732	1163.9	1493.5	4.9037	2.6124	3.4417	748.10	0.0069592	2.4175e-05	0.098540	supercritical
547.00	447.00	135.37	0.0073872	1166.8	1497.0	4.9100	2.6159	3.4440	748.34	0.0068631	2.4181e-05	0.098686	supercritical
548.00	447.00	135.11	0.0074011	1169.6	1500.4	4.9163	2.6194	3.4463	748.58	0.0067672	2.4188e-05	0.098833	supercritical
549.00	447.00	134.86	0.0074150	1172.4	1503.9	4.9226	2.6229	3.4486	748.83	0.0066713	2.4194e-05	0.098981	supercritical
550.00	447.00	134.61	0.0074290	1175.2	1507.3	4.9288	2.6264	3.4510	749.07	0.0065756	2.4201e-05	0.099129	supercritical
551.00	447.00	134.36	0.0074429	1178.1	1510.8	4.9351	2.6299	3.4533	749.32	0.0064800	2.4208e-05	0.099278	supercritical
552.00	447.00	134.11	0.0074568	1180.9	1514.2	4.9414	2.6334	3.4556	749.57	0.0063845	2.4214e-05	0.099427	supercritical
553.00	447.00	133.86	0.0074707	1183.7	1517.7	4.9476	2.6369	3.4580	749.82	0.0062891	2.4221e-05	0.099576	supercritical
554.00	447.00	133.61	0.0074846	1186.6	1521.1	4.9539	2.6404	3.4603	750.07	0.0061939	2.4228e-05	0.099726	supercritical
555.00	447.00	133.36	0.0074985	1189.4	1524.6	4.9601	2.6439	3.4627	750.32	0.0060988	2.4235e-05	0.099876	supercritical
556.00	447.00	133.11	0.0075124	1192.3	1528.1	4.9664	2.6474	3.4650	750.57	0.0060039	2.4243e-05	0.10003	supercritical
557.00	447.00	132.87	0.0075263	1195.1	1531.5	4.9726	2.6509	3.4674	750.82	0.0059091	2.4250e-05	0.10018	supercritical
558.00	447.00	132.62	0.0075401	1198.0	1535.0	4.9788	2.6544	3.4698	751.08	0.0058145	2.4257e-05	0.10033	supercritical
559.00	447.00	132.38	0.0075540	1200.8	1538.5	4.9850	2.6579	3.4721	751.33	0.0057200	2.4265e-05	0.10048	supercritical
560.00	447.00	132.14	0.0075679	1203.7	1541.9	4.9912	2.6614	3.4745	751.59	0.0056256	2.4272e-05	0.10063	supercritical
561.00	447.00	131.90	0.0075817	1206.5	1545.4	4.9974	2.6649	3.4769	751.85	0.0055315	2.4280e-05	0.10079	supercritical
562.00	447.00	131.66	0.0075956	1209.4	1548.9	5.0036	2.6684	3.4793	752.10	0.0054374	2.4287e-05	0.10094	supercritical
563.00	447.00	131.42	0.0076094	1212.2	1552.4	5.0098	2.6719	3.4817	752.36	0.0053436	2.4295e-05	0.10109	supercritical
564.00	447.00	131.18	0.0076233	1215.1	1555.9	5.0160	2.6755	3.4841	752.62	0.0052499	2.4303e-05	0.10125	supercritical
565.00	447.00	130.94	0.0076371	1218.0	1559.3	5.0222	2.6790	3.4865	752.88	0.0051563	2.4311e-05	0.10140	supercritical
566.00	447.00	130.70	0.0076510	1220.8	1562.8	5.0283	2.6825	3.4890	753.15	0.0050629	2.4319e-05	0.10156	supercritical
567.00	447.00	130.47	0.0076648	1223.7	1566.3	5.0345	2.6860	3.4914	753.41	0.0049697	2.4327e-05	0.10171	supercritical
568.00	447.00	130.23	0.0076786	1226.6	1569.8	5.0407	2.6895	3.4938	753.67	0.0048767	2.4335e-05	0.10187	supercritical
569.00	447.00	130.00	0.0076924	1229.5	1573.3	5.0468	2.6930	3.4963	753.94	0.0047838	2.4343e-05	0.10203	supercritical
570.00	447.00	129.77	0.0077062	1232.3	1576.8	5.0530	2.6965	3.4987	754.20	0.0046912	2.4352e-05	0.10218	supercritical
571.00	447.00	129.53	0.0077200	1235.2	1580.3	5.0591	2.7000	3.5011	754.47	0.0045987	2.4360e-05	0.10234	supercritical
572.00	447.00	129.30	0.0077338	1238.1	1583.8	5.0652	2.7035	3.5036	754.74	0.0045063	2.4368e-05	0.10250	supercritical
573.00	447.00	129.07	0.0077476	1241.0	1587.3	5.0713	2.7070	3.5061	755.01	0.0044142	2.4377e-05	0.10266	supercritical
574.00	447.00	128.84	0.0077614	1243.9	1590.8	5.0775	2.7105	3.5085	755.27	0.0043222	2.4386e-05	0.10281	supercritical
575.00	447.00	128.61	0.0077752	1246.8	1594.3	5.0836	2.7140	3.5110	755.54	0.0042305	2.4394e-05	0.10297	supercritical
576.00	447.00	128.39	0.0077890	1249.7	1597.8	5.0897	2.7175	3.5135	755.81	0.0041389	2.4403e-05	0.10313	supercritical
577.00	447.00	128.16	0.0078027	1252.6	1601.4	5.0958	2.7210	3.5159	756.09	0.0040475	2.4412e-05	0.10329	supercritical
578.00	447.00	127.93	0.0078165	1255.5	1604.9	5.1019	2.7245	3.5184	756.36	0.0039563	2.4421e-05	0.10345	supercritical
579.00	447.00	127.71	0.0078303	1258.4	1608.4	5.1079	2.7280	3.5209	756.63	0.0038653	2.4429e-05	0.10361	supercritical
580.00	447.00	127.49	0.0078440	1261.3	1611.9	5.1140	2.7315	3.5234	756.91	0.0037745	2.4438e-05	0.10377	supercritical
581.00	447.00	127.26	0.0078578	1264.2	1615.4	5.1201	2.7350	3.5259	757.18	0.0036839	2.4448e-05	0.10393	supercritical
582.00	447.00	127.04	0.0078715	1267.1	1619.0	5.1261	2.7385	3.5284	757.46	0.0035935	2.4457e-05	0.10410	supercritical
583.00	447.00	126.82	0.0078853	1270.0	1622.5	5.1322	2.7420	3.5309	757.73	0.0035032	2.4466e-05	0.10426	supercritical
584.00	447.00	126.60	0.0078990	1272.9	1626.0	5.1383	2.7455	3.5334	758.01	0.0034132	2.4475e-05	0.10442	supercritical
585.00	447.00	126.38	0.0079127	1275.9	1629.6	5.1443	2.7490	3.5360	758.29	0.0033234	2.4484e-05	0.10458	supercritical
586.00	447.00	126.16	0.0079265	1278.8	1633.1	5.1504	2.7524	3.5385	758.56	0.0032338	2.4494e-05	0.10474	supercritical
587.00	447.00	125.94	0.0079402	1281.7	1636.6	5.1564	2.7559	3.5410	758.84	0.0031444	2.4503e-05	0.10491	supercritical
588.00	447.00	125.72	0.0079539	1284.6	1640.2	5.1624	2.7594	3.5435	759.12	0.0030552	2.4513e-05	0.10507	supercritical
589.00	447.00	125.51	0.0079676	1287.6	1643.7	5.1684	2.7629	3.5461	759.40	0.0029662	2.4522e-05	0.10524	supercritical
590.00	447.00	125.29	0.0079813	1290.5	1647.3	5.1745	2.7664	3.5486	759.69	0.0028775	2.4532e-05	0.10540	supercritical
591.00	447.00	125.08	0.0079950	1293.5	1650.8	5.1805	2.7699	3.5512	759.97	0.0027889	2.4542e-05	0.10556	supercritical
592.00	447.00	124.86	0.0080087	1296.4	1654.4	5.1865	2.7734	3.5537	760.25	0.0027005	2.4552e-05	0.10573	supercritical
593.00	447.00	124.65	0.0080224	1299.3	1657.9	5.1925	2.7769	3.5563	760.53	0.0026124	2.4561e-05	0.10590	supercritical
594.00	447.00	124.44	0.0080361	1302.3	1661.5	5.1985	2.7804	3.5588	760.82	0.0025245	2.4571e-05	0.10606	supercritical
595.00	447.00	124.23	0.0080497	1305.2	1665.1	5.2045	2.7839	3.5614	761.10	0.0024367	2.4581e-05	0.10623	supercritical
596.00	447.00	124.02	0.0080634	1308.2	1668.6	5.2104	2.7873	3.5639	761.39	0.0023492	2.4591e-05	0.10639	supercritical
597.00	447.00	123.81	0.0080771	1311.1	1672.2	5.2164	2.7908	3.5665	761.67	0.0022620	2.4601e-05	0.10656	supercritical
598.00	447.00	123.60	0.0080907	1314.1	1675.8	5.2224	2.7943	3.5691	761.96	0.0021749	2.4611e-05	0.10673	supercritical
599.00	447.00	123.39	0.0081044	1317.1	1679.3	5.2284	2.7978	3.5717	762.25	0.0020881	2.4621e-05	0.10690	supercritical
600.00	447.00	123.18	0.0081180	1320.0	1682.9	5.2343	2.8013	3.5742	762.53	0.0020014	2.4632e-05	0.10706	supercritical
601.00	447.00	122.98	0.0081317	1323.0	1686.5	5.2403	2.8047	3.5768	762.82	0.0019150	2.4642e-05	0.10723	supercritical
602.00	447.00	122.77	0.0081453	1326.0	1690.0	5.2462	2.8082	3.5794	763.11	0.0018288	2.4652e-05	0.10740	supercritical
603.00	447.00	122.56	0.0081590	1328.9	1693.6	5.2522	2.8117	3.5820	763.40	0.0017429	2.4663e-05	0.10757	supercritical
604.00	447.00	122.36	0.0081726	1331.9	1697.2	5.2581	2.8152	3.5846	763.69	0.0016571	2.4673e-05	0.10774	supercritical
605.00	447.00	122.16	0.0081862	1334.9	1700.8	5.2640	2.8187	3.5872	763.98	0.0015716	2.4684e-05	0.10791	supercritical
606.00	447.00	121.95	0.0081999	1337.9	1704.4	5.2700	2.8221	3.5898	764.27	0.0014863	2.4694e-05	0.10808	supercritical
607.00	447.00	121.75	0.0082135	1340.8	1708.0	5.2759	2.8256	3.5924	764.56	0.0014013	2.4705e-05	0.10825	supercritical
608.00	447.00	121.55	0.0082271	1343.8	1711.6	5.2818	2.8291	3.5950	764.85	0.0013164	2.4715e-05	0.10842	supercritical
609.00	447.00	121.35	0.0082407	1346.8	1715.2	5.2877	2.8326	3.5976	765.15	0.0012318	2.4726e-05	0.10859	supercritical
610.00	447.00	121.15	0.0082543	1349.8	1718.8	5.2936	2.8360	3.6002	765.44	0.0011474	2.4737e-05	0.10876	supercritical
611.00	447.00	120.95	0.0082679	1352.8	1722.4	5.2995	2.8395	3.6029	765.73	0.0010633	2.4748e-05	0.10893	supercritical
612.00	447.00	120.75	0.0082815	1355.8	1726.0	5.3054	2.8430	3.6055	766.03	0.00097936	2.4758e-05	0.10910	supercritical
613.00	447.00	120.55	0.0082951	1358.8	1729.6	5.3113	2.8464	3.6081	766.32	0.00089567	2.4769e-05	0.10928	supercritical
614.00	447.00	120.36	0.0083086	1361.8	1733.2	5.3172	2.8499	3.6107	766.62	0.00081220	2.4780e-05	0.10945	supercritical
615.00	447.00	120.16	0.0083222	1364.8	1736.8	5.3231	2.8534	3.6134	766.92	0.00072896	2.4791e-05	0.10962	supercritical
616.00	447.00	119.96	0.0083358	1367.8	1740.4	5.3289	2.8568	3.6160	767.21	0.00064595	2.4802e-05	0.10979	supercritical
617.00	447.00	119.77	0.0083494	1370.8	1744.0	5.3348	2.8603	3.6186	767.51	0.00056317	2.4813e-05	0.10997	supercritical
618.00	447.00	119.58	0.0083629	1373.8	1747.7	5.3407	2.8638	3.6213	767.81	0.00048062	2.4825e-05	0.11014	supercritical
619.00	447.00	119.38	0.0083765	1376.8	1751.3	5.3465	2.8672	3.6239	768.10	0.00039830	2.4836e-05	0.11032	supercritical
620.00	447.00	119.19	0.0083900	1379.9	1754.9	5.3524	2.8707	3.6266	768.40	0.00031622	2.4847e-05	0.11049	supercritical
621.00	447.00	119.00	0.0084036	1382.9	1758.5	5.3582	2.8741	3.6292	768.70	0.00023436	2.4858e-05	0.11066	supercritical
622.00	447.00	118.81	0.0084171	1385.9	1762.2	5.3640	2.8776	3.6319	769.00	0.00015274	2.4870e-05	0.11084	supercritical
623.00	447.00	118.61	0.0084307	1388.9	1765.8	5.3699	2.8810	3.6345	769.30	7.1357e-05	2.4881e-05	0.11101	supercritical
624.00	447.00	118.42	0.0084442	1392.0	1769.4	5.3757	2.8845	3.6372	769.60	-9.7970e-06	2.4892e-05	0.11119	supercritical
625.00	447.00	118.23	0.0084577	1395.0	1773.1	5.3815	2.8880	3.6398	769.90	-9.0718e-05	2.4904e-05	0.11137	supercritical
