Temperature (K)	Pressure (bar)	Density (kg/m3)	Volume (m3/kg)	Internal Energy (kJ/kg)	Enthalpy (kJ/kg)	Entropy (J/g*K)	Cv (J/g*K)	Cp (J/g*K)	Sound Spd. (m/s)	Joule-Thomson (K/bar)	Viscosity (Pa*s)	Therm. Cond. (W/m*K)	Phase
102.00	417.00	462.14	0.0021639	-56.221	34.012	-0.55828	2.1946	3.2332	1700.4	-0.051378	0.00023079	0.23322	liquid
103.00	417.00	461.09	0.0021688	-53.193	37.246	-0.52673	2.1900	3.2334	1694.0	-0.051301	0.00022389	0.23218	liquid
104.00	417.00	460.03	0.0021738	-50.167	40.479	-0.49549	2.1855	3.2338	1687.5	-0.051223	0.00021738	0.23114	liquid
105.00	417.00	458.98	0.0021787	-47.141	43.713	-0.46454	2.1811	3.2341	1681.0	-0.051142	0.00021124	0.23008	liquid
106.00	417.00	457.93	0.0021838	-44.115	46.947	-0.43389	2.1767	3.2344	1674.5	-0.051059	0.00020543	0.22901	liquid
107.00	417.00	456.87	0.0021888	-41.090	50.182	-0.40351	2.1724	3.2348	1668.0	-0.050974	0.00019993	0.22794	liquid
108.00	417.00	455.82	0.0021938	-38.066	53.417	-0.37342	2.1681	3.2352	1661.5	-0.050887	0.00019471	0.22686	liquid
109.00	417.00	454.77	0.0021989	-35.043	56.652	-0.34360	2.1638	3.2356	1655.1	-0.050798	0.00018976	0.22578	liquid
110.00	417.00	453.71	0.0022040	-32.020	59.888	-0.31405	2.1596	3.2360	1648.6	-0.050708	0.00018505	0.22469	liquid
111.00	417.00	452.66	0.0022092	-28.998	63.124	-0.28476	2.1554	3.2364	1642.1	-0.050615	0.00018058	0.22359	liquid
112.00	417.00	451.60	0.0022143	-25.976	66.361	-0.25574	2.1512	3.2368	1635.6	-0.050521	0.00017631	0.22249	liquid
113.00	417.00	450.55	0.0022195	-22.956	69.598	-0.22696	2.1471	3.2372	1629.1	-0.050425	0.00017224	0.22139	liquid
114.00	417.00	449.50	0.0022247	-19.935	72.835	-0.19844	2.1429	3.2376	1622.6	-0.050327	0.00016836	0.22028	liquid
115.00	417.00	448.44	0.0022300	-16.916	76.073	-0.17016	2.1388	3.2380	1616.1	-0.050228	0.00016465	0.21917	liquid
116.00	417.00	447.38	0.0022352	-13.897	79.311	-0.14212	2.1348	3.2384	1609.6	-0.050126	0.00016110	0.21806	liquid
117.00	417.00	446.33	0.0022405	-10.879	82.550	-0.11433	2.1308	3.2388	1603.2	-0.050023	0.00015770	0.21694	liquid
118.00	417.00	445.27	0.0022458	-7.8619	85.789	-0.086760	2.1267	3.2392	1596.7	-0.049918	0.00015444	0.21583	liquid
119.00	417.00	444.21	0.0022512	-4.8453	89.028	-0.059423	2.1228	3.2396	1590.3	-0.049811	0.00015131	0.21471	liquid
120.00	417.00	443.16	0.0022565	-1.8296	92.268	-0.032312	2.1188	3.2399	1583.8	-0.049702	0.00014831	0.21359	liquid
121.00	417.00	442.10	0.0022619	1.1854	95.508	-0.0054229	2.1149	3.2403	1577.4	-0.049591	0.00014543	0.21247	liquid
122.00	417.00	441.04	0.0022674	4.1996	98.749	0.021248	2.1109	3.2407	1570.9	-0.049478	0.00014265	0.21135	liquid
123.00	417.00	439.98	0.0022728	7.2130	101.99	0.047705	2.1070	3.2411	1564.5	-0.049363	0.00013998	0.21023	liquid
124.00	417.00	438.92	0.0022783	10.226	105.23	0.073950	2.1032	3.2415	1558.1	-0.049246	0.00013741	0.20910	liquid
125.00	417.00	437.86	0.0022838	13.237	108.47	0.099988	2.0993	3.2419	1551.7	-0.049127	0.00013493	0.20798	liquid
126.00	417.00	436.80	0.0022894	16.248	111.71	0.12582	2.0955	3.2422	1545.3	-0.049006	0.00013253	0.20686	liquid
127.00	417.00	435.74	0.0022949	19.258	114.96	0.15145	2.0917	3.2426	1538.9	-0.048883	0.00013022	0.20574	liquid
128.00	417.00	434.68	0.0023005	22.267	118.20	0.17689	2.0880	3.2430	1532.6	-0.048758	0.00012799	0.20462	liquid
129.00	417.00	433.62	0.0023062	25.275	121.44	0.20213	2.0842	3.2434	1526.2	-0.048630	0.00012582	0.20351	liquid
130.00	417.00	432.56	0.0023118	28.283	124.69	0.22717	2.0805	3.2438	1519.9	-0.048501	0.00012374	0.20239	liquid
131.00	417.00	431.49	0.0023175	31.289	127.93	0.25203	2.0768	3.2442	1513.5	-0.048369	0.00012171	0.20128	liquid
132.00	417.00	430.43	0.0023233	34.295	131.17	0.27670	2.0732	3.2446	1507.2	-0.048235	0.00011975	0.20017	liquid
133.00	417.00	429.36	0.0023290	37.299	134.42	0.30119	2.0695	3.2449	1500.9	-0.048098	0.00011785	0.19906	liquid
134.00	417.00	428.30	0.0023348	40.303	137.66	0.32550	2.0659	3.2454	1494.6	-0.047959	0.00011601	0.19795	liquid
135.00	417.00	427.23	0.0023406	43.305	140.91	0.34963	2.0623	3.2458	1488.4	-0.047818	0.00011422	0.19684	liquid
136.00	417.00	426.17	0.0023465	46.307	144.16	0.37359	2.0588	3.2462	1482.1	-0.047674	0.00011249	0.19574	liquid
137.00	417.00	425.10	0.0023524	49.308	147.40	0.39737	2.0552	3.2466	1475.9	-0.047528	0.00011080	0.19464	liquid
138.00	417.00	424.03	0.0023583	52.308	150.65	0.42098	2.0517	3.2470	1469.6	-0.047380	0.00010916	0.19355	liquid
139.00	417.00	422.96	0.0023643	55.306	153.90	0.44443	2.0482	3.2474	1463.4	-0.047228	0.00010757	0.19245	liquid
140.00	417.00	421.89	0.0023703	58.304	157.14	0.46771	2.0448	3.2479	1457.2	-0.047075	0.00010602	0.19136	liquid
141.00	417.00	420.82	0.0023763	61.301	160.39	0.49083	2.0414	3.2483	1451.0	-0.046918	0.00010451	0.19028	liquid
142.00	417.00	419.75	0.0023824	64.297	163.64	0.51379	2.0380	3.2488	1444.9	-0.046759	0.00010305	0.18919	liquid
143.00	417.00	418.68	0.0023885	67.291	166.89	0.53659	2.0346	3.2493	1438.7	-0.046598	0.00010162	0.18812	liquid
144.00	417.00	417.61	0.0023946	70.285	170.14	0.55923	2.0313	3.2497	1432.6	-0.046433	0.00010022	0.18704	liquid
145.00	417.00	416.54	0.0024008	73.278	173.39	0.58172	2.0280	3.2502	1426.5	-0.046266	9.8865e-05	0.18597	liquid
146.00	417.00	415.46	0.0024070	76.270	176.64	0.60406	2.0247	3.2507	1420.4	-0.046097	9.7542e-05	0.18490	liquid
147.00	417.00	414.39	0.0024132	79.261	179.89	0.62625	2.0214	3.2512	1414.3	-0.045924	9.6251e-05	0.18384	liquid
148.00	417.00	413.31	0.0024195	82.250	183.14	0.64830	2.0182	3.2518	1408.2	-0.045748	9.4991e-05	0.18278	liquid
149.00	417.00	412.24	0.0024258	85.239	186.39	0.67020	2.0150	3.2523	1402.2	-0.045570	9.3761e-05	0.18173	liquid
150.00	417.00	411.16	0.0024321	88.227	189.65	0.69195	2.0119	3.2529	1396.1	-0.045389	9.2560e-05	0.18068	liquid
151.00	417.00	410.08	0.0024385	91.213	192.90	0.71357	2.0087	3.2534	1390.1	-0.045205	9.1387e-05	0.17964	liquid
152.00	417.00	409.00	0.0024450	94.199	196.15	0.73505	2.0056	3.2540	1384.1	-0.045018	9.0242e-05	0.17860	liquid
153.00	417.00	407.92	0.0024514	97.184	199.41	0.75639	2.0026	3.2546	1378.1	-0.044827	8.9122e-05	0.17756	liquid
154.00	417.00	406.85	0.0024579	100.17	202.66	0.77759	1.9995	3.2552	1372.2	-0.044634	8.8027e-05	0.17653	liquid
155.00	417.00	405.76	0.0024645	103.15	205.92	0.79866	1.9965	3.2558	1366.3	-0.044438	8.6957e-05	0.17551	liquid
156.00	417.00	404.68	0.0024711	106.13	209.17	0.81960	1.9935	3.2564	1360.3	-0.044239	8.5910e-05	0.17449	liquid
157.00	417.00	403.60	0.0024777	109.11	212.43	0.84041	1.9906	3.2570	1354.4	-0.044036	8.4886e-05	0.17347	liquid
158.00	417.00	402.52	0.0024844	112.09	215.69	0.86109	1.9877	3.2577	1348.6	-0.043831	8.3884e-05	0.17246	liquid
159.00	417.00	401.43	0.0024911	115.07	218.95	0.88165	1.9848	3.2584	1342.7	-0.043622	8.2903e-05	0.17146	liquid
160.00	417.00	400.35	0.0024978	118.05	222.21	0.90208	1.9819	3.2590	1336.9	-0.043410	8.1943e-05	0.17046	liquid
161.00	417.00	399.26	0.0025046	121.02	225.46	0.92239	1.9791	3.2597	1331.0	-0.043195	8.1002e-05	0.16946	liquid
162.00	417.00	398.18	0.0025114	124.00	228.72	0.94257	1.9763	3.2604	1325.2	-0.042977	8.0081e-05	0.16848	liquid
163.00	417.00	397.09	0.0025183	126.97	231.99	0.96264	1.9735	3.2612	1319.5	-0.042756	7.9178e-05	0.16749	liquid
164.00	417.00	396.00	0.0025252	129.95	235.25	0.98259	1.9708	3.2619	1313.7	-0.042531	7.8294e-05	0.16652	liquid
165.00	417.00	394.91	0.0025322	132.92	238.51	1.0024	1.9681	3.2626	1308.0	-0.042303	7.7427e-05	0.16555	liquid
166.00	417.00	393.83	0.0025392	135.89	241.77	1.0221	1.9655	3.2634	1302.3	-0.042071	7.6578e-05	0.16458	liquid
167.00	417.00	392.74	0.0025462	138.86	245.04	1.0417	1.9628	3.2642	1296.6	-0.041836	7.5745e-05	0.16362	liquid
168.00	417.00	391.64	0.0025533	141.83	248.30	1.0612	1.9602	3.2650	1290.9	-0.041598	7.4928e-05	0.16266	liquid
169.00	417.00	390.55	0.0025605	144.79	251.57	1.0806	1.9577	3.2658	1285.2	-0.041357	7.4127e-05	0.16172	liquid
170.00	417.00	389.46	0.0025677	147.76	254.83	1.0999	1.9551	3.2666	1279.6	-0.041112	7.3341e-05	0.16077	liquid
171.00	417.00	388.37	0.0025749	150.73	258.10	1.1190	1.9526	3.2674	1274.0	-0.040863	7.2569e-05	0.15984	liquid
172.00	417.00	387.27	0.0025822	153.69	261.37	1.1381	1.9501	3.2683	1268.4	-0.040611	7.1813e-05	0.15890	liquid
173.00	417.00	386.18	0.0025895	156.66	264.64	1.1570	1.9477	3.2691	1262.9	-0.040356	7.1070e-05	0.15798	liquid
174.00	417.00	385.08	0.0025968	159.62	267.91	1.1759	1.9453	3.2700	1257.3	-0.040097	7.0341e-05	0.15706	liquid
175.00	417.00	383.99	0.0026042	162.58	271.18	1.1946	1.9429	3.2709	1251.8	-0.039835	6.9625e-05	0.15615	liquid
176.00	417.00	382.89	0.0026117	165.54	274.45	1.2133	1.9406	3.2718	1246.3	-0.039569	6.8922e-05	0.15524	liquid
177.00	417.00	381.79	0.0026192	168.50	277.72	1.2318	1.9383	3.2727	1240.8	-0.039300	6.8232e-05	0.15434	liquid
178.00	417.00	380.70	0.0026268	171.46	280.99	1.2502	1.9360	3.2736	1235.4	-0.039027	6.7554e-05	0.15344	liquid
179.00	417.00	379.60	0.0026344	174.41	284.27	1.2686	1.9337	3.2746	1230.0	-0.038750	6.6887e-05	0.15256	liquid
180.00	417.00	378.50	0.0026420	177.37	287.54	1.2868	1.9315	3.2755	1224.6	-0.038470	6.6233e-05	0.15167	liquid
181.00	417.00	377.40	0.0026497	180.32	290.82	1.3050	1.9293	3.2765	1219.2	-0.038187	6.5590e-05	0.15080	liquid
182.00	417.00	376.30	0.0026575	183.28	294.10	1.3230	1.9272	3.2775	1213.9	-0.037900	6.4958e-05	0.14993	liquid
183.00	417.00	375.19	0.0026653	186.23	297.37	1.3410	1.9251	3.2784	1208.5	-0.037609	6.4337e-05	0.14906	liquid
184.00	417.00	374.09	0.0026731	189.18	300.65	1.3589	1.9230	3.2794	1203.2	-0.037315	6.3727e-05	0.14821	liquid
185.00	417.00	372.99	0.0026810	192.13	303.93	1.3766	1.9209	3.2804	1198.0	-0.037017	6.3126e-05	0.14736	liquid
186.00	417.00	371.89	0.0026890	195.08	307.21	1.3943	1.9189	3.2814	1192.7	-0.036715	6.2536e-05	0.14651	liquid
187.00	417.00	370.78	0.0026970	198.03	310.49	1.4119	1.9169	3.2825	1187.5	-0.036410	6.1956e-05	0.14568	liquid
188.00	417.00	369.68	0.0027051	200.98	313.78	1.4294	1.9150	3.2835	1182.3	-0.036102	6.1385e-05	0.14485	liquid
189.00	417.00	368.57	0.0027132	203.92	317.06	1.4469	1.9131	3.2845	1177.1	-0.035789	6.0824e-05	0.14402	liquid
190.00	417.00	367.47	0.0027213	206.87	320.35	1.4642	1.9112	3.2856	1172.0	-0.035474	6.0272e-05	0.14321	liquid
191.00	417.00	366.36	0.0027295	209.81	323.63	1.4815	1.9093	3.2866	1166.8	-0.035154	5.9729e-05	0.14240	supercritical
192.00	417.00	365.26	0.0027378	212.75	326.92	1.4986	1.9075	3.2877	1161.7	-0.034831	5.9195e-05	0.14158	supercritical
193.00	417.00	364.15	0.0027461	215.69	330.21	1.5157	1.9057	3.2888	1156.7	-0.034504	5.8669e-05	0.14078	supercritical
194.00	417.00	363.04	0.0027545	218.63	333.50	1.5327	1.9040	3.2898	1151.6	-0.034174	5.8152e-05	0.13998	supercritical
195.00	417.00	361.93	0.0027629	221.57	336.79	1.5496	1.9023	3.2909	1146.6	-0.033841	5.7642e-05	0.13919	supercritical
196.00	417.00	360.83	0.0027714	224.51	340.08	1.5664	1.9006	3.2920	1141.6	-0.033503	5.7141e-05	0.13841	supercritical
197.00	417.00	359.72	0.0027800	227.45	343.37	1.5832	1.8989	3.2931	1136.7	-0.033162	5.6648e-05	0.13763	supercritical
198.00	417.00	358.61	0.0027886	230.38	346.67	1.5999	1.8973	3.2942	1131.7	-0.032818	5.6163e-05	0.13686	supercritical
199.00	417.00	357.50	0.0027972	233.32	349.96	1.6165	1.8957	3.2953	1126.8	-0.032470	5.5685e-05	0.13609	supercritical
200.00	417.00	356.39	0.0028059	236.25	353.26	1.6330	1.8941	3.2964	1121.9	-0.032119	5.5214e-05	0.13533	supercritical
201.00	417.00	355.28	0.0028147	239.18	356.55	1.6494	1.8926	3.2975	1117.1	-0.031764	5.4751e-05	0.13458	supercritical
202.00	417.00	354.17	0.0028235	242.11	359.85	1.6658	1.8911	3.2986	1112.3	-0.031406	5.4294e-05	0.13383	supercritical
203.00	417.00	353.06	0.0028324	245.04	363.15	1.6821	1.8897	3.2997	1107.5	-0.031044	5.3845e-05	0.13310	supercritical
204.00	417.00	351.95	0.0028413	247.97	366.45	1.6983	1.8883	3.3008	1102.7	-0.030679	5.3402e-05	0.13236	supercritical
205.00	417.00	350.84	0.0028503	250.89	369.75	1.7145	1.8869	3.3019	1098.0	-0.030310	5.2967e-05	0.13164	supercritical
206.00	417.00	349.73	0.0028594	253.82	373.05	1.7305	1.8855	3.3030	1093.3	-0.029938	5.2537e-05	0.13091	supercritical
207.00	417.00	348.62	0.0028685	256.74	376.36	1.7465	1.8842	3.3041	1088.6	-0.029563	5.2114e-05	0.13020	supercritical
208.00	417.00	347.51	0.0028776	259.66	379.66	1.7625	1.8829	3.3051	1084.0	-0.029184	5.1698e-05	0.12949	supercritical
209.00	417.00	346.40	0.0028869	262.59	382.97	1.7783	1.8816	3.3062	1079.3	-0.028803	5.1287e-05	0.12879	supercritical
210.00	417.00	345.29	0.0028961	265.51	386.27	1.7941	1.8804	3.3073	1074.8	-0.028417	5.0883e-05	0.12810	supercritical
211.00	417.00	344.18	0.0029055	268.42	389.58	1.8098	1.8792	3.3084	1070.2	-0.028029	5.0484e-05	0.12741	supercritical
212.00	417.00	343.06	0.0029149	271.34	392.89	1.8255	1.8781	3.3095	1065.7	-0.027638	5.0091e-05	0.12672	supercritical
213.00	417.00	341.95	0.0029244	274.26	396.20	1.8410	1.8769	3.3105	1061.2	-0.027243	4.9704e-05	0.12605	supercritical
214.00	417.00	340.84	0.0029339	277.17	399.51	1.8565	1.8758	3.3116	1056.7	-0.026846	4.9323e-05	0.12538	supercritical
215.00	417.00	339.73	0.0029435	280.08	402.82	1.8720	1.8748	3.3127	1052.3	-0.026445	4.8947e-05	0.12471	supercritical
216.00	417.00	338.62	0.0029531	282.99	406.14	1.8874	1.8737	3.3137	1047.9	-0.026041	4.8576e-05	0.12406	supercritical
217.00	417.00	337.52	0.0029628	285.90	409.45	1.9027	1.8727	3.3147	1043.5	-0.025635	4.8211e-05	0.12341	supercritical
218.00	417.00	336.41	0.0029726	288.81	412.77	1.9179	1.8718	3.3158	1039.1	-0.025225	4.7851e-05	0.12276	supercritical
219.00	417.00	335.30	0.0029824	291.72	416.08	1.9331	1.8708	3.3168	1034.8	-0.024813	4.7496e-05	0.12212	supercritical
220.00	417.00	334.19	0.0029923	294.62	419.40	1.9482	1.8700	3.3178	1030.5	-0.024398	4.7146e-05	0.12149	supercritical
221.00	417.00	333.08	0.0030023	297.52	422.72	1.9632	1.8691	3.3188	1026.3	-0.023980	4.6801e-05	0.12086	supercritical
222.00	417.00	331.97	0.0030123	300.43	426.04	1.9782	1.8682	3.3198	1022.1	-0.023560	4.6461e-05	0.12024	supercritical
223.00	417.00	330.87	0.0030224	303.33	429.36	1.9932	1.8674	3.3207	1017.9	-0.023137	4.6126e-05	0.11963	supercritical
224.00	417.00	329.76	0.0030325	306.22	432.68	2.0080	1.8667	3.3217	1013.7	-0.022711	4.5795e-05	0.11902	supercritical
225.00	417.00	328.66	0.0030427	309.12	436.00	2.0228	1.8659	3.3226	1009.6	-0.022283	4.5469e-05	0.11842	supercritical
226.00	417.00	327.55	0.0030530	312.02	439.33	2.0375	1.8652	3.3235	1005.5	-0.021852	4.5148e-05	0.11782	supercritical
227.00	417.00	326.45	0.0030633	314.91	442.65	2.0522	1.8646	3.3244	1001.5	-0.021419	4.4831e-05	0.11724	supercritical
228.00	417.00	325.34	0.0030737	317.80	445.97	2.0668	1.8639	3.3253	997.45	-0.020984	4.4518e-05	0.11665	supercritical
229.00	417.00	324.24	0.0030841	320.69	449.30	2.0814	1.8633	3.3262	993.46	-0.020547	4.4210e-05	0.11608	supercritical
230.00	417.00	323.14	0.0030947	323.58	452.63	2.0959	1.8627	3.3271	989.50	-0.020107	4.3905e-05	0.11550	supercritical
231.00	417.00	322.04	0.0031052	326.47	455.95	2.1103	1.8622	3.3279	985.57	-0.019665	4.3605e-05	0.11494	supercritical
232.00	417.00	320.94	0.0031159	329.35	459.28	2.1247	1.8617	3.3287	981.68	-0.019222	4.3310e-05	0.11438	supercritical
233.00	417.00	319.84	0.0031266	332.23	462.61	2.1390	1.8612	3.3295	977.82	-0.018776	4.3018e-05	0.11383	supercritical
234.00	417.00	318.74	0.0031373	335.11	465.94	2.1533	1.8607	3.3302	973.99	-0.018329	4.2730e-05	0.11328	supercritical
235.00	417.00	317.64	0.0031482	337.99	469.27	2.1675	1.8603	3.3310	970.20	-0.017879	4.2446e-05	0.11274	supercritical
236.00	417.00	316.55	0.0031591	340.87	472.60	2.1816	1.8599	3.3317	966.44	-0.017428	4.2166e-05	0.11221	supercritical
237.00	417.00	315.46	0.0031700	343.75	475.94	2.1957	1.8596	3.3324	962.71	-0.016976	4.1890e-05	0.11168	supercritical
238.00	417.00	314.36	0.0031810	346.62	479.27	2.2098	1.8592	3.3331	959.02	-0.016522	4.1617e-05	0.11115	supercritical
239.00	417.00	313.27	0.0031921	349.49	482.60	2.2237	1.8589	3.3337	955.36	-0.016066	4.1348e-05	0.11064	supercritical
240.00	417.00	312.18	0.0032033	352.36	485.94	2.2377	1.8587	3.3344	951.73	-0.015609	4.1083e-05	0.11013	supercritical
241.00	417.00	311.09	0.0032145	355.23	489.27	2.2515	1.8584	3.3350	948.14	-0.015151	4.0822e-05	0.10962	supercritical
242.00	417.00	310.00	0.0032258	358.09	492.61	2.2653	1.8582	3.3355	944.58	-0.014692	4.0563e-05	0.10912	supercritical
243.00	417.00	308.92	0.0032371	360.95	495.94	2.2791	1.8581	3.3361	941.05	-0.014232	4.0309e-05	0.10863	supercritical
244.00	417.00	307.84	0.0032485	363.82	499.28	2.2928	1.8579	3.3366	937.56	-0.013770	4.0058e-05	0.10814	supercritical
245.00	417.00	306.75	0.0032600	366.67	502.61	2.3064	1.8578	3.3371	934.10	-0.013308	3.9810e-05	0.10766	supercritical
246.00	417.00	305.67	0.0032715	369.53	505.95	2.3200	1.8577	3.3375	930.68	-0.012845	3.9565e-05	0.10718	supercritical
247.00	417.00	304.59	0.0032831	372.39	509.29	2.3336	1.8577	3.3380	927.29	-0.012381	3.9324e-05	0.10671	supercritical
248.00	417.00	303.52	0.0032947	375.24	512.63	2.3471	1.8576	3.3384	923.93	-0.011917	3.9086e-05	0.10625	supercritical
249.00	417.00	302.44	0.0033064	378.09	515.97	2.3605	1.8576	3.3387	920.61	-0.011452	3.8851e-05	0.10579	supercritical
250.00	417.00	301.37	0.0033182	380.94	519.31	2.3739	1.8577	3.3391	917.32	-0.010987	3.8619e-05	0.10534	supercritical
251.00	417.00	300.30	0.0033300	383.78	522.64	2.3872	1.8577	3.3394	914.07	-0.010521	3.8391e-05	0.10489	supercritical
252.00	417.00	299.23	0.0033419	386.63	525.98	2.4005	1.8578	3.3397	910.84	-0.010056	3.8165e-05	0.10445	supercritical
253.00	417.00	298.16	0.0033539	389.47	529.32	2.4137	1.8580	3.3399	907.66	-0.0095897	3.7942e-05	0.10401	supercritical
254.00	417.00	297.10	0.0033659	392.31	532.66	2.4269	1.8581	3.3401	904.50	-0.0091237	3.7723e-05	0.10358	supercritical
255.00	417.00	296.03	0.0033780	395.14	536.00	2.4400	1.8583	3.3403	901.38	-0.0086579	3.7506e-05	0.10316	supercritical
256.00	417.00	294.97	0.0033901	397.98	539.34	2.4531	1.8585	3.3405	898.29	-0.0081922	3.7292e-05	0.10274	supercritical
257.00	417.00	293.91	0.0034023	400.81	542.69	2.4661	1.8587	3.3406	895.24	-0.0077269	3.7081e-05	0.10232	supercritical
258.00	417.00	292.86	0.0034146	403.64	546.03	2.4791	1.8590	3.3407	892.22	-0.0072619	3.6873e-05	0.10191	supercritical
259.00	417.00	291.81	0.0034269	406.46	549.37	2.4920	1.8593	3.3408	889.23	-0.0067974	3.6668e-05	0.10151	supercritical
260.00	417.00	290.76	0.0034393	409.29	552.71	2.5049	1.8596	3.3408	886.28	-0.0063335	3.6465e-05	0.10111	supercritical
261.00	417.00	289.71	0.0034518	412.11	556.05	2.5177	1.8600	3.3408	883.36	-0.0058703	3.6265e-05	0.10072	supercritical
262.00	417.00	288.66	0.0034643	414.93	559.39	2.5305	1.8604	3.3407	880.48	-0.0054078	3.6068e-05	0.10033	supercritical
263.00	417.00	287.62	0.0034768	417.75	562.73	2.5432	1.8608	3.3407	877.62	-0.0049463	3.5873e-05	0.099950	supercritical
264.00	417.00	286.58	0.0034895	420.56	566.07	2.5559	1.8612	3.3406	874.80	-0.0044858	3.5681e-05	0.099573	supercritical
265.00	417.00	285.54	0.0035021	423.37	569.41	2.5685	1.8617	3.3404	872.01	-0.0040264	3.5492e-05	0.099202	supercritical
266.00	417.00	284.51	0.0035149	426.18	572.75	2.5811	1.8622	3.3402	869.26	-0.0035682	3.5305e-05	0.098835	supercritical
267.00	417.00	283.47	0.0035277	428.99	576.09	2.5936	1.8627	3.3400	866.54	-0.0031113	3.5120e-05	0.098474	supercritical
268.00	417.00	282.44	0.0035405	431.79	579.43	2.6061	1.8632	3.3398	863.85	-0.0026557	3.4938e-05	0.098118	supercritical
269.00	417.00	281.42	0.0035534	434.59	582.77	2.6185	1.8638	3.3395	861.19	-0.0022017	3.4759e-05	0.097767	supercritical
270.00	417.00	280.40	0.0035664	437.39	586.11	2.6309	1.8644	3.3392	858.57	-0.0017493	3.4582e-05	0.097421	supercritical
271.00	417.00	279.38	0.0035794	440.19	589.45	2.6433	1.8650	3.3389	855.97	-0.0012986	3.4407e-05	0.097080	supercritical
272.00	417.00	278.36	0.0035925	442.98	592.79	2.6556	1.8657	3.3385	853.41	-0.00084969	3.4234e-05	0.096744	supercritical
273.00	417.00	277.35	0.0036056	445.77	596.13	2.6678	1.8664	3.3381	850.89	-0.00040267	3.4064e-05	0.096413	supercritical
274.00	417.00	276.33	0.0036188	448.56	599.46	2.6800	1.8671	3.3377	848.39	4.2362e-05	3.3897e-05	0.096086	supercritical
275.00	417.00	275.33	0.0036320	451.35	602.80	2.6922	1.8678	3.3372	845.93	0.00048531	3.3731e-05	0.095765	supercritical
276.00	417.00	274.32	0.0036453	454.13	606.14	2.7043	1.8686	3.3368	843.49	0.00092607	3.3568e-05	0.095448	supercritical
277.00	417.00	273.32	0.0036587	456.91	609.48	2.7164	1.8694	3.3362	841.09	0.0013646	3.3406e-05	0.095137	supercritical
278.00	417.00	272.33	0.0036721	459.69	612.81	2.7284	1.8702	3.3357	838.72	0.0018007	3.3247e-05	0.094830	supercritical
279.00	417.00	271.33	0.0036855	462.46	616.15	2.7404	1.8710	3.3351	836.38	0.0022344	3.3091e-05	0.094527	supercritical
280.00	417.00	270.34	0.0036990	465.23	619.48	2.7523	1.8719	3.3345	834.07	0.0026655	3.2936e-05	0.094230	supercritical
281.00	417.00	269.35	0.0037126	468.00	622.82	2.7642	1.8728	3.3338	831.79	0.0030940	3.2783e-05	0.093937	supercritical
282.00	417.00	268.37	0.0037262	470.77	626.15	2.7760	1.8737	3.3332	829.54	0.0035197	3.2633e-05	0.093649	supercritical
283.00	417.00	267.39	0.0037398	473.53	629.48	2.7878	1.8746	3.3325	827.33	0.0039427	3.2484e-05	0.093365	supercritical
284.00	417.00	266.41	0.0037535	476.29	632.81	2.7996	1.8756	3.3318	825.14	0.0043628	3.2338e-05	0.093085	supercritical
285.00	417.00	265.44	0.0037673	479.05	636.15	2.8113	1.8766	3.3310	822.98	0.0047799	3.2193e-05	0.092811	supercritical
286.00	417.00	264.47	0.0037811	481.80	639.48	2.8230	1.8776	3.3302	820.85	0.0051939	3.2051e-05	0.092540	supercritical
287.00	417.00	263.51	0.0037949	484.56	642.81	2.8346	1.8787	3.3294	818.75	0.0056048	3.1910e-05	0.092274	supercritical
288.00	417.00	262.55	0.0038088	487.31	646.13	2.8462	1.8797	3.3286	816.68	0.0060125	3.1771e-05	0.092013	supercritical
289.00	417.00	261.59	0.0038228	490.05	649.46	2.8577	1.8808	3.3277	814.64	0.0064169	3.1635e-05	0.091755	supercritical
290.00	417.00	260.64	0.0038368	492.80	652.79	2.8692	1.8819	3.3269	812.63	0.0068180	3.1500e-05	0.091502	supercritical
291.00	417.00	259.69	0.0038508	495.54	656.12	2.8806	1.8831	3.3259	810.65	0.0072156	3.1367e-05	0.091254	supercritical
292.00	417.00	258.74	0.0038649	498.28	659.44	2.8920	1.8842	3.3250	808.69	0.0076097	3.1236e-05	0.091009	supercritical
293.00	417.00	257.80	0.0038790	501.01	662.77	2.9034	1.8854	3.3241	806.77	0.0080003	3.1106e-05	0.090769	supercritical
294.00	417.00	256.86	0.0038932	503.74	666.09	2.9147	1.8866	3.3231	804.87	0.0083872	3.0978e-05	0.090533	supercritical
295.00	417.00	255.92	0.0039074	506.47	669.41	2.9260	1.8878	3.3221	803.00	0.0087704	3.0853e-05	0.090301	supercritical
296.00	417.00	254.99	0.0039217	509.20	672.73	2.9373	1.8891	3.3211	801.16	0.0091498	3.0729e-05	0.090073	supercritical
297.00	417.00	254.07	0.0039359	511.93	676.05	2.9485	1.8904	3.3201	799.34	0.0095254	3.0606e-05	0.089849	supercritical
298.00	417.00	253.15	0.0039503	514.65	679.37	2.9596	1.8917	3.3190	797.55	0.0098972	3.0485e-05	0.089628	supercritical
299.00	417.00	252.23	0.0039647	517.37	682.69	2.9707	1.8930	3.3179	795.79	0.010265	3.0366e-05	0.089412	supercritical
300.00	417.00	251.31	0.0039791	520.08	686.01	2.9818	1.8944	3.3168	794.05	0.010629	3.0249e-05	0.089200	supercritical
301.00	417.00	250.40	0.0039935	522.80	689.33	2.9928	1.8957	3.3157	792.35	0.010989	3.0133e-05	0.088992	supercritical
302.00	417.00	249.50	0.0040080	525.51	692.64	3.0038	1.8971	3.3146	790.66	0.011344	3.0019e-05	0.088787	supercritical
303.00	417.00	248.60	0.0040226	528.21	695.96	3.0148	1.8985	3.3135	789.01	0.011696	2.9907e-05	0.088587	supercritical
304.00	417.00	247.70	0.0040371	530.92	699.27	3.0257	1.9000	3.3123	787.37	0.012043	2.9796e-05	0.088390	supercritical
305.00	417.00	246.81	0.0040518	533.62	702.58	3.0366	1.9014	3.3112	785.77	0.012386	2.9686e-05	0.088196	supercritical
306.00	417.00	245.92	0.0040664	536.32	705.89	3.0474	1.9029	3.3100	784.19	0.012725	2.9579e-05	0.088007	supercritical
307.00	417.00	245.03	0.0040811	539.02	709.20	3.0582	1.9044	3.3088	782.63	0.013059	2.9472e-05	0.087821	supercritical
308.00	417.00	244.15	0.0040958	541.71	712.51	3.0690	1.9059	3.3076	781.10	0.013390	2.9368e-05	0.087638	supercritical
309.00	417.00	243.28	0.0041106	544.41	715.82	3.0797	1.9075	3.3064	779.59	0.013715	2.9264e-05	0.087460	supercritical
310.00	417.00	242.40	0.0041253	547.09	719.12	3.0904	1.9091	3.3052	778.11	0.014037	2.9162e-05	0.087284	supercritical
311.00	417.00	241.54	0.0041402	549.78	722.43	3.1010	1.9106	3.3039	776.65	0.014354	2.9062e-05	0.087112	supercritical
312.00	417.00	240.67	0.0041550	552.46	725.73	3.1116	1.9122	3.3027	775.22	0.014666	2.8963e-05	0.086944	supercritical
313.00	417.00	239.81	0.0041699	555.15	729.03	3.1222	1.9139	3.3014	773.81	0.014974	2.8866e-05	0.086779	supercritical
314.00	417.00	238.96	0.0041848	557.82	732.33	3.1327	1.9155	3.3002	772.42	0.015277	2.8769e-05	0.086618	supercritical
315.00	417.00	238.11	0.0041998	560.50	735.63	3.1432	1.9172	3.2989	771.05	0.015576	2.8675e-05	0.086460	supercritical
316.00	417.00	237.26	0.0042148	563.17	738.93	3.1537	1.9189	3.2976	769.71	0.015870	2.8581e-05	0.086305	supercritical
317.00	417.00	236.42	0.0042298	565.85	742.23	3.1641	1.9206	3.2964	768.39	0.016160	2.8489e-05	0.086153	supercritical
318.00	417.00	235.58	0.0042448	568.51	745.52	3.1745	1.9223	3.2951	767.09	0.016445	2.8398e-05	0.086005	supercritical
319.00	417.00	234.75	0.0042599	571.18	748.82	3.1848	1.9241	3.2938	765.82	0.016725	2.8309e-05	0.085860	supercritical
320.00	417.00	233.92	0.0042750	573.84	752.11	3.1951	1.9259	3.2925	764.56	0.017001	2.8221e-05	0.085718	supercritical
321.00	417.00	233.10	0.0042901	576.51	755.40	3.2054	1.9277	3.2912	763.33	0.017272	2.8134e-05	0.085579	supercritical
322.00	417.00	232.28	0.0043052	579.16	758.69	3.2156	1.9295	3.2899	762.12	0.017539	2.8048e-05	0.085443	supercritical
323.00	417.00	231.46	0.0043204	581.82	761.98	3.2258	1.9313	3.2887	760.93	0.017801	2.7964e-05	0.085310	supercritical
324.00	417.00	230.65	0.0043356	584.47	765.27	3.2360	1.9332	3.2874	759.76	0.018058	2.7881e-05	0.085181	supercritical
325.00	417.00	229.84	0.0043508	587.13	768.56	3.2461	1.9350	3.2861	758.61	0.018310	2.7799e-05	0.085054	supercritical
326.00	417.00	229.04	0.0043661	589.78	771.84	3.2562	1.9369	3.2848	757.48	0.018558	2.7718e-05	0.084930	supercritical
327.00	417.00	228.24	0.0043814	592.42	775.13	3.2663	1.9388	3.2835	756.37	0.018801	2.7639e-05	0.084810	supercritical
328.00	417.00	227.45	0.0043967	595.07	778.41	3.2763	1.9408	3.2822	755.28	0.019040	2.7560e-05	0.084692	supercritical
329.00	417.00	226.66	0.0044120	597.71	781.69	3.2863	1.9427	3.2810	754.21	0.019273	2.7483e-05	0.084577	supercritical
330.00	417.00	225.87	0.0044273	600.35	784.97	3.2962	1.9447	3.2797	753.16	0.019502	2.7407e-05	0.084465	supercritical
331.00	417.00	225.09	0.0044427	602.99	788.25	3.3062	1.9467	3.2784	752.13	0.019727	2.7332e-05	0.084356	supercritical
332.00	417.00	224.31	0.0044581	605.63	791.53	3.3160	1.9487	3.2772	751.11	0.019947	2.7258e-05	0.084249	supercritical
333.00	417.00	223.54	0.0044735	608.26	794.80	3.3259	1.9507	3.2759	750.12	0.020162	2.7186e-05	0.084146	supercritical
334.00	417.00	222.77	0.0044889	610.89	798.08	3.3357	1.9527	3.2747	749.14	0.020372	2.7114e-05	0.084045	supercritical
335.00	417.00	222.01	0.0045044	613.52	801.35	3.3455	1.9548	3.2734	748.19	0.020578	2.7043e-05	0.083946	supercritical
336.00	417.00	221.25	0.0045198	616.15	804.63	3.3553	1.9569	3.2722	747.25	0.020780	2.6974e-05	0.083851	supercritical
337.00	417.00	220.49	0.0045353	618.78	807.90	3.3650	1.9589	3.2710	746.32	0.020976	2.6905e-05	0.083758	supercritical
338.00	417.00	219.74	0.0045508	621.40	811.17	3.3747	1.9611	3.2698	745.42	0.021169	2.6838e-05	0.083668	supercritical
339.00	417.00	218.99	0.0045663	624.02	814.44	3.3843	1.9632	3.2685	744.53	0.021356	2.6772e-05	0.083580	supercritical
340.00	417.00	218.25	0.0045819	626.64	817.71	3.3940	1.9653	3.2674	743.66	0.021539	2.6706e-05	0.083495	supercritical
341.00	417.00	217.51	0.0045974	629.26	820.97	3.4036	1.9675	3.2662	742.81	0.021718	2.6642e-05	0.083412	supercritical
342.00	417.00	216.78	0.0046130	631.88	824.24	3.4131	1.9697	3.2650	741.97	0.021892	2.6578e-05	0.083332	supercritical
343.00	417.00	216.05	0.0046286	634.49	827.50	3.4227	1.9719	3.2638	741.15	0.022062	2.6516e-05	0.083254	supercritical
344.00	417.00	215.32	0.0046442	637.10	830.77	3.4322	1.9741	3.2627	740.35	0.022227	2.6454e-05	0.083179	supercritical
345.00	417.00	214.60	0.0046598	639.71	834.03	3.4416	1.9763	3.2616	739.56	0.022388	2.6394e-05	0.083106	supercritical
346.00	417.00	213.88	0.0046754	642.32	837.29	3.4511	1.9786	3.2605	738.78	0.022544	2.6334e-05	0.083036	supercritical
347.00	417.00	213.17	0.0046911	644.93	840.55	3.4605	1.9808	3.2593	738.03	0.022696	2.6275e-05	0.082968	supercritical
348.00	417.00	212.46	0.0047067	647.54	843.81	3.4698	1.9831	3.2583	737.28	0.022843	2.6218e-05	0.082902	supercritical
349.00	417.00	211.76	0.0047224	650.14	847.07	3.4792	1.9854	3.2572	736.56	0.022987	2.6161e-05	0.082839	supercritical
350.00	417.00	211.06	0.0047381	652.74	850.32	3.4885	1.9877	3.2561	735.85	0.023126	2.6105e-05	0.082778	supercritical
351.00	417.00	210.36	0.0047538	655.34	853.58	3.4978	1.9900	3.2551	735.15	0.023261	2.6049e-05	0.082719	supercritical
352.00	417.00	209.67	0.0047695	657.94	856.83	3.5071	1.9924	3.2541	734.47	0.023391	2.5995e-05	0.082663	supercritical
353.00	417.00	208.98	0.0047852	660.54	860.09	3.5163	1.9947	3.2530	733.80	0.023518	2.5942e-05	0.082608	supercritical
354.00	417.00	208.29	0.0048009	663.14	863.34	3.5255	1.9971	3.2521	733.14	0.023640	2.5889e-05	0.082556	supercritical
355.00	417.00	207.61	0.0048167	665.73	866.59	3.5347	1.9995	3.2511	732.50	0.023758	2.5837e-05	0.082507	supercritical
356.00	417.00	206.94	0.0048324	668.33	869.84	3.5438	2.0019	3.2501	731.88	0.023872	2.5786e-05	0.082459	supercritical
357.00	417.00	206.26	0.0048482	670.92	873.09	3.5529	2.0043	3.2492	731.26	0.023982	2.5736e-05	0.082413	supercritical
358.00	417.00	205.59	0.0048639	673.51	876.34	3.5620	2.0067	3.2483	730.66	0.024088	2.5687e-05	0.082370	supercritical
359.00	417.00	204.93	0.0048797	676.10	879.59	3.5711	2.0092	3.2474	730.08	0.024190	2.5638e-05	0.082329	supercritical
360.00	417.00	204.27	0.0048955	678.69	882.83	3.5801	2.0116	3.2465	729.50	0.024288	2.5590e-05	0.082289	supercritical
361.00	417.00	203.61	0.0049113	681.28	886.08	3.5891	2.0141	3.2456	728.94	0.024382	2.5543e-05	0.082252	supercritical
362.00	417.00	202.96	0.0049271	683.86	889.32	3.5981	2.0166	3.2448	728.39	0.024473	2.5497e-05	0.082217	supercritical
363.00	417.00	202.31	0.0049429	686.45	892.57	3.6070	2.0191	3.2439	727.86	0.024559	2.5451e-05	0.082184	supercritical
364.00	417.00	201.66	0.0049587	689.03	895.81	3.6160	2.0216	3.2431	727.34	0.024642	2.5406e-05	0.082153	supercritical
365.00	417.00	201.02	0.0049745	691.62	899.06	3.6248	2.0242	3.2424	726.82	0.024721	2.5362e-05	0.082124	supercritical
366.00	417.00	200.39	0.0049904	694.20	902.30	3.6337	2.0267	3.2416	726.33	0.024796	2.5319e-05	0.082097	supercritical
367.00	417.00	199.75	0.0050062	696.78	905.54	3.6426	2.0293	3.2408	725.84	0.024867	2.5276e-05	0.082071	supercritical
368.00	417.00	199.12	0.0050220	699.36	908.78	3.6514	2.0319	3.2401	725.36	0.024935	2.5234e-05	0.082048	supercritical
369.00	417.00	198.50	0.0050379	701.94	912.02	3.6602	2.0344	3.2394	724.90	0.025000	2.5193e-05	0.082027	supercritical
370.00	417.00	197.87	0.0050537	704.52	915.26	3.6689	2.0370	3.2388	724.44	0.025060	2.5152e-05	0.082007	supercritical
371.00	417.00	197.25	0.0050696	707.09	918.50	3.6777	2.0397	3.2381	724.00	0.025118	2.5113e-05	0.081989	supercritical
372.00	417.00	196.64	0.0050855	709.67	921.73	3.6864	2.0423	3.2375	723.57	0.025172	2.5073e-05	0.081973	supercritical
373.00	417.00	196.03	0.0051013	712.25	924.97	3.6951	2.0449	3.2369	723.15	0.025222	2.5035e-05	0.081959	supercritical
374.00	417.00	195.42	0.0051172	714.82	928.21	3.7038	2.0476	3.2363	722.74	0.025269	2.4997e-05	0.081947	supercritical
375.00	417.00	194.82	0.0051331	717.40	931.44	3.7124	2.0502	3.2357	722.34	0.025313	2.4959e-05	0.081937	supercritical
376.00	417.00	194.22	0.0051489	719.97	934.68	3.7210	2.0529	3.2352	721.96	0.025353	2.4923e-05	0.081928	supercritical
377.00	417.00	193.62	0.0051648	722.54	937.91	3.7296	2.0556	3.2346	721.58	0.025390	2.4887e-05	0.081921	supercritical
378.00	417.00	193.02	0.0051807	725.11	941.15	3.7382	2.0583	3.2341	721.21	0.025424	2.4851e-05	0.081916	supercritical
379.00	417.00	192.43	0.0051966	727.69	944.38	3.7467	2.0610	3.2337	720.85	0.025455	2.4816e-05	0.081913	supercritical
380.00	417.00	191.85	0.0052124	730.26	947.62	3.7552	2.0638	3.2332	720.50	0.025482	2.4782e-05	0.081911	supercritical
381.00	417.00	191.27	0.0052283	732.83	950.85	3.7637	2.0665	3.2328	720.17	0.025507	2.4749e-05	0.081911	supercritical
382.00	417.00	190.69	0.0052442	735.40	954.08	3.7722	2.0693	3.2324	719.84	0.025528	2.4716e-05	0.081913	supercritical
383.00	417.00	190.11	0.0052601	737.97	957.31	3.7807	2.0720	3.2320	719.52	0.025547	2.4683e-05	0.081916	supercritical
384.00	417.00	189.54	0.0052760	740.54	960.55	3.7891	2.0748	3.2316	719.21	0.025562	2.4651e-05	0.081921	supercritical
385.00	417.00	188.97	0.0052919	743.10	963.78	3.7975	2.0776	3.2313	718.91	0.025575	2.4620e-05	0.081928	supercritical
386.00	417.00	188.40	0.0053078	745.67	967.01	3.8059	2.0804	3.2310	718.61	0.025584	2.4589e-05	0.081936	supercritical
387.00	417.00	187.84	0.0053237	748.24	970.24	3.8142	2.0832	3.2307	718.33	0.025591	2.4559e-05	0.081946	supercritical
388.00	417.00	187.28	0.0053396	750.81	973.47	3.8226	2.0860	3.2305	718.06	0.025595	2.4529e-05	0.081957	supercritical
389.00	417.00	186.73	0.0053555	753.38	976.70	3.8309	2.0888	3.2302	717.79	0.025596	2.4500e-05	0.081970	supercritical
390.00	417.00	186.17	0.0053714	755.94	979.93	3.8392	2.0917	3.2300	717.53	0.025595	2.4471e-05	0.081984	supercritical
391.00	417.00	185.62	0.0053872	758.51	983.16	3.8474	2.0945	3.2298	717.29	0.025591	2.4443e-05	0.082001	supercritical
392.00	417.00	185.08	0.0054031	761.08	986.39	3.8557	2.0974	3.2296	717.04	0.025584	2.4415e-05	0.082018	supercritical
393.00	417.00	184.53	0.0054190	763.65	989.62	3.8639	2.1003	3.2295	716.81	0.025575	2.4388e-05	0.082037	supercritical
394.00	417.00	184.00	0.0054349	766.21	992.85	3.8721	2.1032	3.2294	716.59	0.025563	2.4362e-05	0.082058	supercritical
395.00	417.00	183.46	0.0054508	768.78	996.08	3.8803	2.1061	3.2293	716.37	0.025548	2.4336e-05	0.082080	supercritical
396.00	417.00	182.93	0.0054667	771.35	999.31	3.8885	2.1090	3.2292	716.16	0.025532	2.4310e-05	0.082103	supercritical
397.00	417.00	182.40	0.0054826	773.91	1002.5	3.8966	2.1119	3.2292	715.96	0.025512	2.4285e-05	0.082128	supercritical
398.00	417.00	181.87	0.0054985	776.48	1005.8	3.9047	2.1148	3.2291	715.77	0.025491	2.4260e-05	0.082155	supercritical
399.00	417.00	181.35	0.0055143	779.05	1009.0	3.9128	2.1177	3.2291	715.58	0.025467	2.4236e-05	0.082183	supercritical
400.00	417.00	180.82	0.0055302	781.61	1012.2	3.9209	2.1207	3.2292	715.40	0.025440	2.4212e-05	0.082212	supercritical
401.00	417.00	180.31	0.0055461	784.18	1015.5	3.9290	2.1236	3.2292	715.23	0.025412	2.4189e-05	0.082243	supercritical
402.00	417.00	179.79	0.0055620	786.75	1018.7	3.9370	2.1266	3.2293	715.07	0.025381	2.4166e-05	0.082275	supercritical
403.00	417.00	179.28	0.0055779	789.31	1021.9	3.9451	2.1296	3.2294	714.91	0.025348	2.4144e-05	0.082308	supercritical
404.00	417.00	178.77	0.0055937	791.88	1025.1	3.9531	2.1326	3.2295	714.76	0.025312	2.4122e-05	0.082343	supercritical
405.00	417.00	178.27	0.0056096	794.45	1028.4	3.9610	2.1356	3.2297	714.62	0.025275	2.4100e-05	0.082379	supercritical
406.00	417.00	177.76	0.0056255	797.02	1031.6	3.9690	2.1386	3.2298	714.48	0.025236	2.4079e-05	0.082417	supercritical
407.00	417.00	177.26	0.0056413	799.59	1034.8	3.9770	2.1416	3.2300	714.35	0.025194	2.4059e-05	0.082456	supercritical
408.00	417.00	176.77	0.0056572	802.16	1038.1	3.9849	2.1446	3.2302	714.23	0.025151	2.4038e-05	0.082496	supercritical
409.00	417.00	176.27	0.0056730	804.72	1041.3	3.9928	2.1476	3.2305	714.11	0.025105	2.4019e-05	0.082538	supercritical
410.00	417.00	175.78	0.0056889	807.29	1044.5	4.0007	2.1507	3.2307	714.00	0.025058	2.3999e-05	0.082581	supercritical
411.00	417.00	175.29	0.0057047	809.86	1047.8	4.0086	2.1537	3.2310	713.90	0.025009	2.3980e-05	0.082625	supercritical
412.00	417.00	174.81	0.0057206	812.43	1051.0	4.0164	2.1568	3.2313	713.80	0.024957	2.3962e-05	0.082670	supercritical
413.00	417.00	174.32	0.0057364	815.01	1054.2	4.0242	2.1598	3.2316	713.71	0.024904	2.3943e-05	0.082717	supercritical
414.00	417.00	173.84	0.0057523	817.58	1057.4	4.0321	2.1629	3.2320	713.62	0.024850	2.3926e-05	0.082765	supercritical
415.00	417.00	173.37	0.0057681	820.15	1060.7	4.0399	2.1660	3.2324	713.54	0.024793	2.3908e-05	0.082814	supercritical
416.00	417.00	172.89	0.0057839	822.72	1063.9	4.0476	2.1691	3.2328	713.47	0.024735	2.3891e-05	0.082864	supercritical
417.00	417.00	172.42	0.0057997	825.29	1067.1	4.0554	2.1721	3.2332	713.40	0.024675	2.3874e-05	0.082916	supercritical
418.00	417.00	171.95	0.0058156	827.87	1070.4	4.0631	2.1752	3.2336	713.34	0.024613	2.3858e-05	0.082969	supercritical
419.00	417.00	171.49	0.0058314	830.44	1073.6	4.0709	2.1784	3.2341	713.28	0.024550	2.3842e-05	0.083023	supercritical
420.00	417.00	171.02	0.0058472	833.02	1076.8	4.0786	2.1815	3.2346	713.23	0.024485	2.3827e-05	0.083078	supercritical
421.00	417.00	170.56	0.0058630	835.59	1080.1	4.0863	2.1846	3.2351	713.19	0.024419	2.3811e-05	0.083134	supercritical
422.00	417.00	170.10	0.0058788	838.17	1083.3	4.0939	2.1877	3.2356	713.15	0.024351	2.3796e-05	0.083192	supercritical
423.00	417.00	169.65	0.0058946	840.75	1086.6	4.1016	2.1909	3.2362	713.11	0.024281	2.3782e-05	0.083251	supercritical
424.00	417.00	169.19	0.0059104	843.33	1089.8	4.1092	2.1940	3.2368	713.08	0.024210	2.3768e-05	0.083311	supercritical
425.00	417.00	168.74	0.0059262	845.90	1093.0	4.1169	2.1972	3.2374	713.06	0.024138	2.3754e-05	0.083372	supercritical
426.00	417.00	168.30	0.0059419	848.48	1096.3	4.1245	2.2003	3.2380	713.04	0.024064	2.3740e-05	0.083434	supercritical
427.00	417.00	167.85	0.0059577	851.06	1099.5	4.1321	2.2035	3.2386	713.02	0.023989	2.3727e-05	0.083497	supercritical
428.00	417.00	167.41	0.0059735	853.65	1102.7	4.1396	2.2067	3.2393	713.01	0.023912	2.3714e-05	0.083561	supercritical
429.00	417.00	166.97	0.0059892	856.23	1106.0	4.1472	2.2099	3.2400	713.01	0.023835	2.3702e-05	0.083627	supercritical
430.00	417.00	166.53	0.0060050	858.81	1109.2	4.1548	2.2130	3.2407	713.01	0.023755	2.3689e-05	0.083694	supercritical
431.00	417.00	166.09	0.0060208	861.40	1112.5	4.1623	2.2162	3.2414	713.01	0.023675	2.3678e-05	0.083761	supercritical
432.00	417.00	165.66	0.0060365	863.98	1115.7	4.1698	2.2194	3.2422	713.02	0.023593	2.3666e-05	0.083830	supercritical
433.00	417.00	165.23	0.0060522	866.57	1118.9	4.1773	2.2227	3.2429	713.03	0.023511	2.3655e-05	0.083900	supercritical
434.00	417.00	164.80	0.0060680	869.15	1122.2	4.1848	2.2259	3.2437	713.05	0.023427	2.3644e-05	0.083971	supercritical
435.00	417.00	164.37	0.0060837	871.74	1125.4	4.1922	2.2291	3.2445	713.08	0.023341	2.3633e-05	0.084043	supercritical
436.00	417.00	163.95	0.0060994	874.33	1128.7	4.1997	2.2323	3.2454	713.10	0.023255	2.3623e-05	0.084116	supercritical
437.00	417.00	163.53	0.0061152	876.92	1131.9	4.2071	2.2355	3.2462	713.14	0.023168	2.3613e-05	0.084190	supercritical
438.00	417.00	163.11	0.0061309	879.51	1135.2	4.2145	2.2388	3.2471	713.17	0.023079	2.3603e-05	0.084265	supercritical
439.00	417.00	162.69	0.0061466	882.11	1138.4	4.2220	2.2420	3.2480	713.21	0.022990	2.3593e-05	0.084341	supercritical
440.00	417.00	162.28	0.0061623	884.70	1141.7	4.2293	2.2453	3.2489	713.26	0.022899	2.3584e-05	0.084418	supercritical
441.00	417.00	161.87	0.0061780	887.30	1144.9	4.2367	2.2485	3.2498	713.30	0.022807	2.3575e-05	0.084496	supercritical
442.00	417.00	161.46	0.0061936	889.89	1148.2	4.2441	2.2518	3.2508	713.36	0.022715	2.3566e-05	0.084575	supercritical
443.00	417.00	161.05	0.0062093	892.49	1151.4	4.2514	2.2551	3.2518	713.41	0.022621	2.3558e-05	0.084655	supercritical
444.00	417.00	160.64	0.0062250	895.09	1154.7	4.2588	2.2583	3.2528	713.47	0.022527	2.3550e-05	0.084736	supercritical
445.00	417.00	160.24	0.0062407	897.69	1157.9	4.2661	2.2616	3.2538	713.54	0.022432	2.3542e-05	0.084818	supercritical
446.00	417.00	159.84	0.0062563	900.29	1161.2	4.2734	2.2649	3.2548	713.61	0.022335	2.3534e-05	0.084901	supercritical
447.00	417.00	159.44	0.0062720	902.89	1164.4	4.2807	2.2682	3.2558	713.68	0.022238	2.3527e-05	0.084985	supercritical
448.00	417.00	159.04	0.0062876	905.49	1167.7	4.2880	2.2715	3.2569	713.75	0.022140	2.3520e-05	0.085070	supercritical
449.00	417.00	158.65	0.0063033	908.10	1170.9	4.2952	2.2748	3.2580	713.83	0.022042	2.3513e-05	0.085156	supercritical
450.00	417.00	158.26	0.0063189	910.71	1174.2	4.3025	2.2781	3.2591	713.92	0.021942	2.3506e-05	0.085243	supercritical
451.00	417.00	157.86	0.0063345	913.31	1177.5	4.3097	2.2814	3.2602	714.00	0.021842	2.3500e-05	0.085330	supercritical
452.00	417.00	157.48	0.0063502	915.92	1180.7	4.3169	2.2847	3.2614	714.09	0.021741	2.3494e-05	0.085419	supercritical
453.00	417.00	157.09	0.0063658	918.53	1184.0	4.3241	2.2880	3.2625	714.19	0.021639	2.3488e-05	0.085508	supercritical
454.00	417.00	156.71	0.0063814	921.15	1187.3	4.3313	2.2913	3.2637	714.28	0.021537	2.3482e-05	0.085599	supercritical
455.00	417.00	156.32	0.0063970	923.76	1190.5	4.3385	2.2947	3.2649	714.38	0.021433	2.3477e-05	0.085690	supercritical
456.00	417.00	155.94	0.0064126	926.38	1193.8	4.3457	2.2980	3.2661	714.49	0.021329	2.3472e-05	0.085782	supercritical
457.00	417.00	155.57	0.0064282	928.99	1197.0	4.3528	2.3013	3.2673	714.59	0.021225	2.3467e-05	0.085875	supercritical
458.00	417.00	155.19	0.0064437	931.61	1200.3	4.3600	2.3047	3.2686	714.70	0.021120	2.3462e-05	0.085969	supercritical
459.00	417.00	154.82	0.0064593	934.23	1203.6	4.3671	2.3080	3.2699	714.82	0.021014	2.3458e-05	0.086064	supercritical
460.00	417.00	154.44	0.0064749	936.85	1206.9	4.3742	2.3114	3.2711	714.93	0.020908	2.3453e-05	0.086159	supercritical
461.00	417.00	154.07	0.0064904	939.48	1210.1	4.3813	2.3147	3.2724	715.05	0.020801	2.3449e-05	0.086256	supercritical
462.00	417.00	153.70	0.0065060	942.10	1213.4	4.3884	2.3181	3.2738	715.18	0.020693	2.3445e-05	0.086353	supercritical
463.00	417.00	153.34	0.0065215	944.73	1216.7	4.3955	2.3215	3.2751	715.30	0.020585	2.3442e-05	0.086452	supercritical
464.00	417.00	152.97	0.0065371	947.35	1219.9	4.4026	2.3248	3.2764	715.43	0.020477	2.3438e-05	0.086551	supercritical
465.00	417.00	152.61	0.0065526	949.98	1223.2	4.4096	2.3282	3.2778	715.56	0.020368	2.3435e-05	0.086650	supercritical
466.00	417.00	152.25	0.0065681	952.61	1226.5	4.4167	2.3316	3.2792	715.70	0.020258	2.3432e-05	0.086751	supercritical
467.00	417.00	151.89	0.0065836	955.25	1229.8	4.4237	2.3349	3.2806	715.83	0.020148	2.3429e-05	0.086853	supercritical
468.00	417.00	151.53	0.0065992	957.88	1233.1	4.4307	2.3383	3.2820	715.97	0.020038	2.3427e-05	0.086955	supercritical
469.00	417.00	151.18	0.0066147	960.52	1236.3	4.4377	2.3417	3.2834	716.12	0.019927	2.3424e-05	0.087058	supercritical
470.00	417.00	150.83	0.0066302	963.16	1239.6	4.4447	2.3451	3.2849	716.26	0.019815	2.3422e-05	0.087162	supercritical
471.00	417.00	150.47	0.0066456	965.80	1242.9	4.4517	2.3485	3.2863	716.41	0.019703	2.3420e-05	0.087267	supercritical
472.00	417.00	150.12	0.0066611	968.44	1246.2	4.4587	2.3519	3.2878	716.56	0.019591	2.3419e-05	0.087372	supercritical
473.00	417.00	149.78	0.0066766	971.08	1249.5	4.4656	2.3553	3.2893	716.72	0.019479	2.3417e-05	0.087478	supercritical
474.00	417.00	149.43	0.0066921	973.73	1252.8	4.4726	2.3587	3.2908	716.87	0.019366	2.3415e-05	0.087585	supercritical
475.00	417.00	149.09	0.0067075	976.37	1256.1	4.4795	2.3621	3.2923	717.03	0.019252	2.3414e-05	0.087693	supercritical
476.00	417.00	148.74	0.0067230	979.02	1259.4	4.4864	2.3655	3.2939	717.19	0.019139	2.3413e-05	0.087802	supercritical
477.00	417.00	148.40	0.0067384	981.67	1262.7	4.4934	2.3689	3.2954	717.36	0.019025	2.3412e-05	0.087911	supercritical
478.00	417.00	148.06	0.0067539	984.32	1266.0	4.5003	2.3723	3.2970	717.52	0.018911	2.3412e-05	0.088021	supercritical
479.00	417.00	147.73	0.0067693	986.98	1269.3	4.5072	2.3757	3.2986	717.69	0.018796	2.3411e-05	0.088132	supercritical
480.00	417.00	147.39	0.0067847	989.64	1272.6	4.5140	2.3792	3.3002	717.86	0.018681	2.3411e-05	0.088243	supercritical
481.00	417.00	147.06	0.0068001	992.29	1275.9	4.5209	2.3826	3.3018	718.04	0.018566	2.3411e-05	0.088355	supercritical
482.00	417.00	146.72	0.0068155	994.95	1279.2	4.5278	2.3860	3.3034	718.21	0.018451	2.3411e-05	0.088468	supercritical
483.00	417.00	146.39	0.0068309	997.62	1282.5	4.5346	2.3894	3.3051	718.39	0.018335	2.3411e-05	0.088582	supercritical
484.00	417.00	146.06	0.0068463	1000.3	1285.8	4.5415	2.3929	3.3067	718.57	0.018219	2.3411e-05	0.088697	supercritical
485.00	417.00	145.74	0.0068617	1002.9	1289.1	4.5483	2.3963	3.3084	718.75	0.018103	2.3412e-05	0.088812	supercritical
486.00	417.00	145.41	0.0068771	1005.6	1292.4	4.5551	2.3997	3.3101	718.94	0.017987	2.3412e-05	0.088927	supercritical
487.00	417.00	145.09	0.0068925	1008.3	1295.7	4.5619	2.4032	3.3118	719.12	0.017870	2.3413e-05	0.089044	supercritical
488.00	417.00	144.76	0.0069078	1011.0	1299.0	4.5687	2.4066	3.3135	719.31	0.017754	2.3414e-05	0.089161	supercritical
489.00	417.00	144.44	0.0069232	1013.6	1302.3	4.5755	2.4101	3.3152	719.50	0.017637	2.3415e-05	0.089279	supercritical
490.00	417.00	144.12	0.0069385	1016.3	1305.6	4.5823	2.4135	3.3169	719.70	0.017520	2.3417e-05	0.089398	supercritical
491.00	417.00	143.80	0.0069539	1019.0	1309.0	4.5890	2.4170	3.3187	719.89	0.017403	2.3418e-05	0.089517	supercritical
492.00	417.00	143.49	0.0069692	1021.7	1312.3	4.5958	2.4204	3.3204	720.09	0.017285	2.3420e-05	0.089637	supercritical
493.00	417.00	143.17	0.0069845	1024.3	1315.6	4.6025	2.4239	3.3222	720.29	0.017168	2.3422e-05	0.089758	supercritical
494.00	417.00	142.86	0.0069999	1027.0	1318.9	4.6093	2.4273	3.3240	720.49	0.017050	2.3424e-05	0.089879	supercritical
495.00	417.00	142.55	0.0070152	1029.7	1322.2	4.6160	2.4308	3.3258	720.69	0.016933	2.3426e-05	0.090001	supercritical
496.00	417.00	142.24	0.0070305	1032.4	1325.6	4.6227	2.4342	3.3276	720.90	0.016815	2.3428e-05	0.090123	supercritical
497.00	417.00	141.93	0.0070458	1035.1	1328.9	4.6294	2.4377	3.3294	721.11	0.016697	2.3430e-05	0.090247	supercritical
498.00	417.00	141.62	0.0070611	1037.8	1332.2	4.6361	2.4412	3.3312	721.32	0.016579	2.3433e-05	0.090371	supercritical
499.00	417.00	141.32	0.0070764	1040.5	1335.6	4.6428	2.4446	3.3331	721.53	0.016461	2.3435e-05	0.090495	supercritical
500.00	417.00	141.01	0.0070916	1043.2	1338.9	4.6494	2.4481	3.3350	721.74	0.016343	2.3438e-05	0.090620	supercritical
501.00	417.00	140.71	0.0071069	1045.9	1342.2	4.6561	2.4516	3.3368	721.95	0.016225	2.3441e-05	0.090746	supercritical
502.00	417.00	140.41	0.0071222	1048.6	1345.6	4.6628	2.4551	3.3387	722.17	0.016107	2.3444e-05	0.090873	supercritical
503.00	417.00	140.11	0.0071374	1051.3	1348.9	4.6694	2.4585	3.3406	722.39	0.015988	2.3447e-05	0.091000	supercritical
504.00	417.00	139.81	0.0071527	1054.0	1352.3	4.6760	2.4620	3.3425	722.61	0.015870	2.3451e-05	0.091127	supercritical
505.00	417.00	139.51	0.0071679	1056.7	1355.6	4.6827	2.4655	3.3444	722.83	0.015752	2.3454e-05	0.091256	supercritical
506.00	417.00	139.21	0.0071831	1059.4	1358.9	4.6893	2.4690	3.3464	723.05	0.015633	2.3458e-05	0.091384	supercritical
507.00	417.00	138.92	0.0071984	1062.1	1362.3	4.6959	2.4724	3.3483	723.28	0.015515	2.3461e-05	0.091514	supercritical
508.00	417.00	138.63	0.0072136	1064.8	1365.6	4.7025	2.4759	3.3502	723.50	0.015397	2.3465e-05	0.091644	supercritical
509.00	417.00	138.34	0.0072288	1067.6	1369.0	4.7091	2.4794	3.3522	723.73	0.015278	2.3469e-05	0.091775	supercritical
510.00	417.00	138.05	0.0072440	1070.3	1372.3	4.7157	2.4829	3.3542	723.96	0.015160	2.3473e-05	0.091906	supercritical
511.00	417.00	137.76	0.0072592	1073.0	1375.7	4.7222	2.4864	3.3562	724.19	0.015042	2.3478e-05	0.092038	supercritical
512.00	417.00	137.47	0.0072744	1075.7	1379.1	4.7288	2.4899	3.3582	724.42	0.014923	2.3482e-05	0.092170	supercritical
513.00	417.00	137.18	0.0072896	1078.4	1382.4	4.7354	2.4934	3.3602	724.66	0.014805	2.3487e-05	0.092303	supercritical
514.00	417.00	136.90	0.0073047	1081.2	1385.8	4.7419	2.4969	3.3622	724.89	0.014687	2.3491e-05	0.092437	supercritical
515.00	417.00	136.61	0.0073199	1083.9	1389.1	4.7484	2.5003	3.3642	725.13	0.014569	2.3496e-05	0.092571	supercritical
516.00	417.00	136.33	0.0073351	1086.6	1392.5	4.7550	2.5038	3.3662	725.37	0.014451	2.3501e-05	0.092706	supercritical
517.00	417.00	136.05	0.0073502	1089.4	1395.9	4.7615	2.5073	3.3683	725.61	0.014333	2.3506e-05	0.092841	supercritical
518.00	417.00	135.77	0.0073654	1092.1	1399.2	4.7680	2.5108	3.3703	725.85	0.014215	2.3511e-05	0.092977	supercritical
519.00	417.00	135.49	0.0073805	1094.8	1402.6	4.7745	2.5143	3.3724	726.09	0.014097	2.3516e-05	0.093114	supercritical
520.00	417.00	135.21	0.0073957	1097.6	1406.0	4.7810	2.5178	3.3745	726.34	0.013979	2.3521e-05	0.093251	supercritical
521.00	417.00	134.94	0.0074108	1100.3	1409.4	4.7875	2.5213	3.3766	726.58	0.013861	2.3527e-05	0.093388	supercritical
522.00	417.00	134.66	0.0074259	1103.1	1412.7	4.7940	2.5248	3.3786	726.83	0.013744	2.3532e-05	0.093526	supercritical
523.00	417.00	134.39	0.0074410	1105.8	1416.1	4.8004	2.5283	3.3808	727.08	0.013626	2.3538e-05	0.093665	supercritical
524.00	417.00	134.12	0.0074561	1108.6	1419.5	4.8069	2.5318	3.3829	727.33	0.013509	2.3543e-05	0.093804	supercritical
525.00	417.00	133.85	0.0074712	1111.3	1422.9	4.8133	2.5353	3.3850	727.58	0.013391	2.3549e-05	0.093944	supercritical
526.00	417.00	133.58	0.0074863	1114.1	1426.3	4.8198	2.5388	3.3871	727.83	0.013274	2.3555e-05	0.094084	supercritical
527.00	417.00	133.31	0.0075014	1116.9	1429.7	4.8262	2.5423	3.3893	728.09	0.013157	2.3561e-05	0.094225	supercritical
528.00	417.00	133.04	0.0075165	1119.6	1433.1	4.8326	2.5458	3.3914	728.34	0.013040	2.3567e-05	0.094366	supercritical
529.00	417.00	132.78	0.0075315	1122.4	1436.4	4.8391	2.5494	3.3936	728.60	0.012923	2.3574e-05	0.094508	supercritical
530.00	417.00	132.51	0.0075466	1125.1	1439.8	4.8455	2.5529	3.3957	728.85	0.012807	2.3580e-05	0.094650	supercritical
531.00	417.00	132.25	0.0075617	1127.9	1443.2	4.8519	2.5564	3.3979	729.11	0.012690	2.3587e-05	0.094793	supercritical
532.00	417.00	131.98	0.0075767	1130.7	1446.6	4.8583	2.5599	3.4001	729.37	0.012574	2.3593e-05	0.094936	supercritical
533.00	417.00	131.72	0.0075917	1133.5	1450.0	4.8647	2.5634	3.4023	729.63	0.012457	2.3600e-05	0.095080	supercritical
534.00	417.00	131.46	0.0076068	1136.2	1453.4	4.8710	2.5669	3.4045	729.89	0.012341	2.3607e-05	0.095224	supercritical
535.00	417.00	131.20	0.0076218	1139.0	1456.8	4.8774	2.5704	3.4067	730.16	0.012225	2.3613e-05	0.095369	supercritical
536.00	417.00	130.94	0.0076368	1141.8	1460.3	4.8838	2.5739	3.4089	730.42	0.012110	2.3620e-05	0.095514	supercritical
537.00	417.00	130.69	0.0076518	1144.6	1463.7	4.8901	2.5774	3.4111	730.69	0.011994	2.3627e-05	0.095660	supercritical
538.00	417.00	130.43	0.0076669	1147.4	1467.1	4.8965	2.5809	3.4134	730.95	0.011878	2.3634e-05	0.095806	supercritical
539.00	417.00	130.18	0.0076819	1150.2	1470.5	4.9028	2.5845	3.4156	731.22	0.011763	2.3642e-05	0.095953	supercritical
540.00	417.00	129.92	0.0076968	1152.9	1473.9	4.9092	2.5880	3.4179	731.49	0.011648	2.3649e-05	0.096100	supercritical
541.00	417.00	129.67	0.0077118	1155.7	1477.3	4.9155	2.5915	3.4201	731.76	0.011533	2.3656e-05	0.096248	supercritical
542.00	417.00	129.42	0.0077268	1158.5	1480.7	4.9218	2.5950	3.4224	732.03	0.011418	2.3664e-05	0.096396	supercritical
543.00	417.00	129.17	0.0077418	1161.3	1484.2	4.9281	2.5985	3.4247	732.30	0.011304	2.3671e-05	0.096545	supercritical
544.00	417.00	128.92	0.0077568	1164.1	1487.6	4.9344	2.6020	3.4269	732.57	0.011190	2.3679e-05	0.096694	supercritical
545.00	417.00	128.67	0.0077717	1166.9	1491.0	4.9407	2.6055	3.4292	732.85	0.011075	2.3687e-05	0.096844	supercritical
546.00	417.00	128.42	0.0077867	1169.7	1494.5	4.9470	2.6090	3.4315	733.12	0.010962	2.3695e-05	0.096994	supercritical
547.00	417.00	128.18	0.0078016	1172.6	1497.9	4.9533	2.6126	3.4338	733.40	0.010848	2.3703e-05	0.097144	supercritical
548.00	417.00	127.93	0.0078166	1175.4	1501.3	4.9596	2.6161	3.4361	733.68	0.010734	2.3711e-05	0.097295	supercritical
549.00	417.00	127.69	0.0078315	1178.2	1504.8	4.9658	2.6196	3.4385	733.95	0.010621	2.3719e-05	0.097447	supercritical
550.00	417.00	127.45	0.0078464	1181.0	1508.2	4.9721	2.6231	3.4408	734.23	0.010508	2.3727e-05	0.097598	supercritical
551.00	417.00	127.20	0.0078613	1183.8	1511.6	4.9783	2.6266	3.4431	734.51	0.010395	2.3735e-05	0.097751	supercritical
552.00	417.00	126.96	0.0078763	1186.6	1515.1	4.9846	2.6301	3.4455	734.79	0.010282	2.3744e-05	0.097904	supercritical
553.00	417.00	126.72	0.0078912	1189.5	1518.5	4.9908	2.6336	3.4478	735.07	0.010170	2.3752e-05	0.098057	supercritical
554.00	417.00	126.49	0.0079061	1192.3	1522.0	4.9970	2.6372	3.4502	735.35	0.010057	2.3760e-05	0.098210	supercritical
555.00	417.00	126.25	0.0079210	1195.1	1525.4	5.0033	2.6407	3.4525	735.64	0.0099455	2.3769e-05	0.098364	supercritical
556.00	417.00	126.01	0.0079358	1198.0	1528.9	5.0095	2.6442	3.4549	735.92	0.0098337	2.3778e-05	0.098519	supercritical
557.00	417.00	125.77	0.0079507	1200.8	1532.3	5.0157	2.6477	3.4573	736.21	0.0097221	2.3786e-05	0.098674	supercritical
558.00	417.00	125.54	0.0079656	1203.6	1535.8	5.0219	2.6512	3.4596	736.49	0.0096108	2.3795e-05	0.098829	supercritical
559.00	417.00	125.31	0.0079805	1206.5	1539.3	5.0281	2.6547	3.4620	736.78	0.0094997	2.3804e-05	0.098985	supercritical
560.00	417.00	125.07	0.0079953	1209.3	1542.7	5.0343	2.6582	3.4644	737.06	0.0093889	2.3813e-05	0.099141	supercritical
561.00	417.00	124.84	0.0080102	1212.2	1546.2	5.0405	2.6618	3.4668	737.35	0.0092783	2.3822e-05	0.099298	supercritical
562.00	417.00	124.61	0.0080250	1215.0	1549.7	5.0466	2.6653	3.4692	737.64	0.0091679	2.3831e-05	0.099455	supercritical
563.00	417.00	124.38	0.0080399	1217.9	1553.1	5.0528	2.6688	3.4716	737.93	0.0090578	2.3840e-05	0.099612	supercritical
564.00	417.00	124.15	0.0080547	1220.7	1556.6	5.0590	2.6723	3.4740	738.22	0.0089479	2.3850e-05	0.099770	supercritical
565.00	417.00	123.92	0.0080695	1223.6	1560.1	5.0651	2.6758	3.4765	738.51	0.0088383	2.3859e-05	0.099929	supercritical
566.00	417.00	123.70	0.0080844	1226.4	1563.6	5.0713	2.6793	3.4789	738.80	0.0087289	2.3868e-05	0.10009	supercritical
567.00	417.00	123.47	0.0080992	1229.3	1567.0	5.0774	2.6828	3.4813	739.10	0.0086198	2.3878e-05	0.10025	supercritical
568.00	417.00	123.24	0.0081140	1232.2	1570.5	5.0836	2.6864	3.4838	739.39	0.0085110	2.3887e-05	0.10041	supercritical
569.00	417.00	123.02	0.0081288	1235.0	1574.0	5.0897	2.6899	3.4862	739.68	0.0084024	2.3897e-05	0.10057	supercritical
570.00	417.00	122.80	0.0081436	1237.9	1577.5	5.0958	2.6934	3.4887	739.98	0.0082940	2.3906e-05	0.10073	supercritical
571.00	417.00	122.57	0.0081584	1240.8	1581.0	5.1019	2.6969	3.4911	740.27	0.0081860	2.3916e-05	0.10089	supercritical
572.00	417.00	122.35	0.0081732	1243.6	1584.5	5.1081	2.7004	3.4936	740.57	0.0080781	2.3926e-05	0.10105	supercritical
573.00	417.00	122.13	0.0081879	1246.5	1588.0	5.1142	2.7039	3.4961	740.87	0.0079706	2.3936e-05	0.10121	supercritical
574.00	417.00	121.91	0.0082027	1249.4	1591.5	5.1203	2.7074	3.4985	741.16	0.0078633	2.3946e-05	0.10137	supercritical
575.00	417.00	121.69	0.0082175	1252.3	1595.0	5.1263	2.7109	3.5010	741.46	0.0077563	2.3956e-05	0.10153	supercritical
576.00	417.00	121.47	0.0082322	1255.2	1598.5	5.1324	2.7144	3.5035	741.76	0.0076495	2.3966e-05	0.10170	supercritical
577.00	417.00	121.26	0.0082470	1258.1	1602.0	5.1385	2.7179	3.5060	742.06	0.0075430	2.3976e-05	0.10186	supercritical
578.00	417.00	121.04	0.0082617	1261.0	1605.5	5.1446	2.7214	3.5085	742.36	0.0074368	2.3986e-05	0.10202	supercritical
579.00	417.00	120.82	0.0082765	1263.9	1609.0	5.1506	2.7250	3.5110	742.66	0.0073309	2.3996e-05	0.10219	supercritical
580.00	417.00	120.61	0.0082912	1266.8	1612.5	5.1567	2.7285	3.5135	742.96	0.0072252	2.4007e-05	0.10235	supercritical
581.00	417.00	120.40	0.0083060	1269.7	1616.0	5.1628	2.7320	3.5160	743.27	0.0071198	2.4017e-05	0.10251	supercritical
582.00	417.00	120.18	0.0083207	1272.6	1619.5	5.1688	2.7355	3.5185	743.57	0.0070147	2.4027e-05	0.10268	supercritical
583.00	417.00	119.97	0.0083354	1275.5	1623.1	5.1749	2.7390	3.5210	743.87	0.0069099	2.4038e-05	0.10284	supercritical
584.00	417.00	119.76	0.0083501	1278.4	1626.6	5.1809	2.7425	3.5235	744.17	0.0068053	2.4048e-05	0.10301	supercritical
585.00	417.00	119.55	0.0083648	1281.3	1630.1	5.1869	2.7460	3.5261	744.48	0.0067010	2.4059e-05	0.10318	supercritical
586.00	417.00	119.34	0.0083795	1284.2	1633.6	5.1929	2.7495	3.5286	744.78	0.0065970	2.4069e-05	0.10334	supercritical
587.00	417.00	119.13	0.0083942	1287.1	1637.2	5.1990	2.7530	3.5311	745.09	0.0064933	2.4080e-05	0.10351	supercritical
588.00	417.00	118.92	0.0084089	1290.0	1640.7	5.2050	2.7565	3.5337	745.40	0.0063898	2.4091e-05	0.10368	supercritical
589.00	417.00	118.71	0.0084236	1293.0	1644.2	5.2110	2.7600	3.5362	745.70	0.0062867	2.4102e-05	0.10384	supercritical
590.00	417.00	118.51	0.0084383	1295.9	1647.8	5.2170	2.7635	3.5388	746.01	0.0061838	2.4113e-05	0.10401	supercritical
591.00	417.00	118.30	0.0084529	1298.8	1651.3	5.2230	2.7670	3.5413	746.32	0.0060812	2.4123e-05	0.10418	supercritical
592.00	417.00	118.10	0.0084676	1301.7	1654.8	5.2290	2.7705	3.5439	746.62	0.0059789	2.4134e-05	0.10435	supercritical
593.00	417.00	117.89	0.0084822	1304.7	1658.4	5.2350	2.7740	3.5465	746.93	0.0058769	2.4145e-05	0.10452	supercritical
594.00	417.00	117.69	0.0084969	1307.6	1661.9	5.2409	2.7775	3.5490	747.24	0.0057752	2.4157e-05	0.10469	supercritical
595.00	417.00	117.49	0.0085115	1310.6	1665.5	5.2469	2.7810	3.5516	747.55	0.0056737	2.4168e-05	0.10485	supercritical
596.00	417.00	117.29	0.0085262	1313.5	1669.0	5.2529	2.7845	3.5542	747.86	0.0055726	2.4179e-05	0.10502	supercritical
597.00	417.00	117.08	0.0085408	1316.4	1672.6	5.2588	2.7879	3.5568	748.17	0.0054717	2.4190e-05	0.10519	supercritical
598.00	417.00	116.88	0.0085554	1319.4	1676.2	5.2648	2.7914	3.5594	748.48	0.0053712	2.4201e-05	0.10536	supercritical
599.00	417.00	116.69	0.0085701	1322.3	1679.7	5.2707	2.7949	3.5619	748.80	0.0052709	2.4213e-05	0.10554	supercritical
600.00	417.00	116.49	0.0085847	1325.3	1683.3	5.2767	2.7984	3.5645	749.11	0.0051709	2.4224e-05	0.10571	supercritical
601.00	417.00	116.29	0.0085993	1328.3	1686.8	5.2826	2.8019	3.5671	749.42	0.0050712	2.4235e-05	0.10588	supercritical
602.00	417.00	116.09	0.0086139	1331.2	1690.4	5.2885	2.8054	3.5697	749.73	0.0049718	2.4247e-05	0.10605	supercritical
603.00	417.00	115.89	0.0086285	1334.2	1694.0	5.2945	2.8089	3.5723	750.05	0.0048726	2.4258e-05	0.10622	supercritical
604.00	417.00	115.70	0.0086431	1337.1	1697.6	5.3004	2.8124	3.5750	750.36	0.0047738	2.4270e-05	0.10639	supercritical
605.00	417.00	115.50	0.0086577	1340.1	1701.1	5.3063	2.8159	3.5776	750.68	0.0046753	2.4282e-05	0.10657	supercritical
606.00	417.00	115.31	0.0086723	1343.1	1704.7	5.3122	2.8193	3.5802	750.99	0.0045770	2.4293e-05	0.10674	supercritical
607.00	417.00	115.12	0.0086869	1346.0	1708.3	5.3181	2.8228	3.5828	751.31	0.0044791	2.4305e-05	0.10691	supercritical
608.00	417.00	114.92	0.0087014	1349.0	1711.9	5.3240	2.8263	3.5854	751.62	0.0043814	2.4317e-05	0.10709	supercritical
609.00	417.00	114.73	0.0087160	1352.0	1715.5	5.3299	2.8298	3.5881	751.94	0.0042841	2.4329e-05	0.10726	supercritical
610.00	417.00	114.54	0.0087306	1355.0	1719.1	5.3358	2.8333	3.5907	752.25	0.0041870	2.4340e-05	0.10743	supercritical
611.00	417.00	114.35	0.0087451	1358.0	1722.6	5.3417	2.8367	3.5933	752.57	0.0040902	2.4352e-05	0.10761	supercritical
612.00	417.00	114.16	0.0087597	1361.0	1726.2	5.3476	2.8402	3.5960	752.89	0.0039937	2.4364e-05	0.10778	supercritical
613.00	417.00	113.97	0.0087742	1364.0	1729.8	5.3534	2.8437	3.5986	753.21	0.0038976	2.4376e-05	0.10796	supercritical
614.00	417.00	113.78	0.0087887	1366.9	1733.4	5.3593	2.8472	3.6012	753.52	0.0038017	2.4388e-05	0.10813	supercritical
615.00	417.00	113.59	0.0088033	1369.9	1737.0	5.3652	2.8506	3.6039	753.84	0.0037061	2.4400e-05	0.10831	supercritical
616.00	417.00	113.41	0.0088178	1372.9	1740.6	5.3710	2.8541	3.6065	754.16	0.0036108	2.4412e-05	0.10849	supercritical
617.00	417.00	113.22	0.0088323	1375.9	1744.3	5.3769	2.8576	3.6092	754.48	0.0035158	2.4425e-05	0.10866	supercritical
618.00	417.00	113.03	0.0088469	1378.9	1747.9	5.3827	2.8610	3.6118	754.80	0.0034211	2.4437e-05	0.10884	supercritical
619.00	417.00	112.85	0.0088614	1382.0	1751.5	5.3886	2.8645	3.6145	755.12	0.0033266	2.4449e-05	0.10902	supercritical
620.00	417.00	112.66	0.0088759	1385.0	1755.1	5.3944	2.8680	3.6172	755.44	0.0032325	2.4461e-05	0.10919	supercritical
621.00	417.00	112.48	0.0088904	1388.0	1758.7	5.4002	2.8714	3.6198	755.76	0.0031387	2.4474e-05	0.10937	supercritical
622.00	417.00	112.30	0.0089049	1391.0	1762.3	5.4061	2.8749	3.6225	756.08	0.0030452	2.4486e-05	0.10955	supercritical
623.00	417.00	112.12	0.0089194	1394.0	1766.0	5.4119	2.8784	3.6252	756.40	0.0029519	2.4498e-05	0.10973	supercritical
624.00	417.00	111.93	0.0089338	1397.0	1769.6	5.4177	2.8818	3.6278	756.72	0.0028590	2.4511e-05	0.10990	supercritical
625.00	417.00	111.75	0.0089483	1400.1	1773.2	5.4235	2.8853	3.6305	757.05	0.0027663	2.4523e-05	0.11008	supercritical
