Temperature (K)	Pressure (bar)	Density (kg/m3)	Volume (m3/kg)	Internal Energy (kJ/kg)	Enthalpy (kJ/kg)	Entropy (J/g*K)	Cv (J/g*K)	Cp (J/g*K)	Sound Spd. (m/s)	Joule-Thomson (K/bar)	Viscosity (Pa*s)	Therm. Cond. (W/m*K)	Phase
102.00	326.00	457.33	0.0021866	-52.336	18.947	-0.51193	2.1775	3.2569	1651.0	-0.050638	0.00021262	0.22599	liquid
103.00	326.00	456.23	0.0021919	-49.251	22.204	-0.48015	2.1729	3.2577	1644.1	-0.050534	0.00020655	0.22491	liquid
104.00	326.00	455.12	0.0021972	-46.166	25.463	-0.44867	2.1683	3.2586	1637.2	-0.050427	0.00020081	0.22381	liquid
105.00	326.00	454.02	0.0022025	-43.081	28.722	-0.41748	2.1638	3.2595	1630.3	-0.050317	0.00019538	0.22271	liquid
106.00	326.00	452.91	0.0022079	-39.997	31.982	-0.38658	2.1593	3.2605	1623.3	-0.050205	0.00019022	0.22160	liquid
107.00	326.00	451.81	0.0022133	-36.912	35.243	-0.35596	2.1548	3.2614	1616.4	-0.050090	0.00018533	0.22048	liquid
108.00	326.00	450.70	0.0022188	-33.827	38.504	-0.32562	2.1504	3.2624	1609.4	-0.049973	0.00018069	0.21935	liquid
109.00	326.00	449.60	0.0022242	-30.742	41.767	-0.29554	2.1460	3.2634	1602.5	-0.049853	0.00017626	0.21822	liquid
110.00	326.00	448.49	0.0022297	-27.657	45.031	-0.26574	2.1417	3.2644	1595.5	-0.049730	0.00017205	0.21709	liquid
111.00	326.00	447.38	0.0022352	-24.573	48.296	-0.23619	2.1374	3.2654	1588.6	-0.049606	0.00016802	0.21595	liquid
112.00	326.00	446.27	0.0022408	-21.488	51.562	-0.20690	2.1332	3.2665	1581.6	-0.049478	0.00016418	0.21481	liquid
113.00	326.00	445.16	0.0022464	-18.403	54.829	-0.17786	2.1289	3.2675	1574.6	-0.049348	0.00016051	0.21366	liquid
114.00	326.00	444.04	0.0022520	-15.319	58.097	-0.14906	2.1247	3.2685	1567.7	-0.049216	0.00015699	0.21251	liquid
115.00	326.00	442.93	0.0022577	-12.234	61.366	-0.12051	2.1205	3.2696	1560.7	-0.049081	0.00015362	0.21135	liquid
116.00	326.00	441.82	0.0022634	-9.1499	64.636	-0.092201	2.1164	3.2706	1553.8	-0.048943	0.00015039	0.21020	liquid
117.00	326.00	440.70	0.0022691	-6.0656	67.907	-0.064122	2.1123	3.2717	1546.8	-0.048803	0.00014729	0.20904	liquid
118.00	326.00	439.58	0.0022749	-2.9813	71.180	-0.036273	2.1082	3.2728	1539.9	-0.048660	0.00014430	0.20788	liquid
119.00	326.00	438.47	0.0022807	0.10296	74.453	-0.0086500	2.1041	3.2738	1532.9	-0.048515	0.00014144	0.20672	liquid
120.00	326.00	437.35	0.0022865	3.1871	77.727	0.018751	2.1001	3.2749	1526.0	-0.048366	0.00013868	0.20556	liquid
121.00	326.00	436.23	0.0022924	6.2711	81.003	0.045933	2.0961	3.2760	1519.1	-0.048215	0.00013602	0.20440	liquid
122.00	326.00	435.11	0.0022983	9.3550	84.279	0.072901	2.0921	3.2771	1512.2	-0.048061	0.00013345	0.20323	liquid
123.00	326.00	433.98	0.0023042	12.439	87.557	0.099658	2.0881	3.2782	1505.3	-0.047904	0.00013098	0.20207	liquid
124.00	326.00	432.86	0.0023102	15.522	90.836	0.12621	2.0842	3.2794	1498.3	-0.047744	0.00012859	0.20091	liquid
125.00	326.00	431.73	0.0023163	18.606	94.116	0.15255	2.0803	3.2805	1491.4	-0.047581	0.00012628	0.19974	liquid
126.00	326.00	430.61	0.0023223	21.689	97.397	0.17870	2.0764	3.2816	1484.6	-0.047414	0.00012404	0.19858	liquid
127.00	326.00	429.48	0.0023284	24.773	100.68	0.20464	2.0726	3.2828	1477.7	-0.047245	0.00012188	0.19742	liquid
128.00	326.00	428.35	0.0023346	27.856	103.96	0.23039	2.0687	3.2839	1470.8	-0.047073	0.00011979	0.19626	liquid
129.00	326.00	427.22	0.0023407	30.939	107.25	0.25595	2.0649	3.2851	1463.9	-0.046897	0.00011776	0.19511	liquid
130.00	326.00	426.08	0.0023470	34.022	110.53	0.28133	2.0612	3.2863	1457.1	-0.046718	0.00011580	0.19395	liquid
131.00	326.00	424.95	0.0023532	37.104	113.82	0.30651	2.0574	3.2875	1450.2	-0.046535	0.00011389	0.19280	liquid
132.00	326.00	423.81	0.0023595	40.187	117.11	0.33152	2.0537	3.2887	1443.4	-0.046349	0.00011204	0.19165	liquid
133.00	326.00	422.68	0.0023659	43.269	120.40	0.35634	2.0500	3.2900	1436.6	-0.046160	0.00011025	0.19050	liquid
134.00	326.00	421.54	0.0023723	46.351	123.69	0.38099	2.0463	3.2912	1429.8	-0.045967	0.00010850	0.18935	liquid
135.00	326.00	420.40	0.0023787	49.433	126.98	0.40547	2.0427	3.2925	1423.0	-0.045770	0.00010681	0.18821	liquid
136.00	326.00	419.25	0.0023852	52.515	130.27	0.42977	2.0391	3.2938	1416.2	-0.045570	0.00010516	0.18707	liquid
137.00	326.00	418.11	0.0023917	55.597	133.57	0.45391	2.0355	3.2951	1409.4	-0.045366	0.00010355	0.18593	liquid
138.00	326.00	416.97	0.0023983	58.679	136.86	0.47788	2.0320	3.2964	1402.7	-0.045158	0.00010199	0.18479	liquid
139.00	326.00	415.82	0.0024049	61.760	140.16	0.50168	2.0285	3.2978	1395.9	-0.044947	0.00010047	0.18366	liquid
140.00	326.00	414.67	0.0024116	64.841	143.46	0.52533	2.0250	3.2991	1389.2	-0.044731	9.8992e-05	0.18253	liquid
141.00	326.00	413.52	0.0024183	67.923	146.76	0.54881	2.0215	3.3005	1382.5	-0.044511	9.7550e-05	0.18141	liquid
142.00	326.00	412.37	0.0024250	71.004	150.06	0.57214	2.0181	3.3019	1375.8	-0.044287	9.6144e-05	0.18029	liquid
143.00	326.00	411.21	0.0024318	74.084	153.36	0.59532	2.0147	3.3034	1369.1	-0.044060	9.4773e-05	0.17917	liquid
144.00	326.00	410.06	0.0024387	77.165	156.67	0.61834	2.0113	3.3048	1362.4	-0.043827	9.3436e-05	0.17806	liquid
145.00	326.00	408.90	0.0024456	80.246	159.97	0.64122	2.0080	3.3063	1355.7	-0.043591	9.2131e-05	0.17695	liquid
146.00	326.00	407.74	0.0024525	83.326	163.28	0.66395	2.0047	3.3078	1349.1	-0.043350	9.0858e-05	0.17585	liquid
147.00	326.00	406.58	0.0024595	86.406	166.59	0.68653	2.0014	3.3094	1342.5	-0.043105	8.9614e-05	0.17475	liquid
148.00	326.00	405.42	0.0024666	89.487	169.90	0.70897	1.9982	3.3109	1335.8	-0.042856	8.8400e-05	0.17365	liquid
149.00	326.00	404.25	0.0024737	92.567	173.21	0.73128	1.9949	3.3125	1329.2	-0.042602	8.7214e-05	0.17256	liquid
150.00	326.00	403.09	0.0024808	95.647	176.52	0.75344	1.9918	3.3141	1322.7	-0.042343	8.6055e-05	0.17148	liquid
151.00	326.00	401.92	0.0024881	98.727	179.84	0.77546	1.9886	3.3158	1316.1	-0.042080	8.4921e-05	0.17040	liquid
152.00	326.00	400.75	0.0024953	101.81	183.15	0.79736	1.9855	3.3174	1309.5	-0.041812	8.3814e-05	0.16932	liquid
153.00	326.00	399.58	0.0025026	104.89	186.47	0.81912	1.9824	3.3191	1303.0	-0.041539	8.2730e-05	0.16825	liquid
154.00	326.00	398.40	0.0025100	107.97	189.79	0.84074	1.9794	3.3208	1296.5	-0.041262	8.1670e-05	0.16718	liquid
155.00	326.00	397.23	0.0025174	111.05	193.11	0.86224	1.9763	3.3226	1290.0	-0.040979	8.0634e-05	0.16612	liquid
156.00	326.00	396.05	0.0025249	114.12	196.44	0.88362	1.9734	3.3244	1283.5	-0.040692	7.9619e-05	0.16507	liquid
157.00	326.00	394.87	0.0025325	117.20	199.76	0.90486	1.9704	3.3262	1277.0	-0.040400	7.8625e-05	0.16402	liquid
158.00	326.00	393.69	0.0025401	120.28	203.09	0.92599	1.9675	3.3280	1270.6	-0.040102	7.7653e-05	0.16297	liquid
159.00	326.00	392.51	0.0025477	123.36	206.42	0.94699	1.9646	3.3299	1264.2	-0.039799	7.6700e-05	0.16193	liquid
160.00	326.00	391.32	0.0025554	126.44	209.75	0.96787	1.9617	3.3318	1257.7	-0.039491	7.5768e-05	0.16090	liquid
161.00	326.00	390.13	0.0025632	129.52	213.08	0.98864	1.9589	3.3337	1251.4	-0.039178	7.4854e-05	0.15987	liquid
162.00	326.00	388.94	0.0025711	132.60	216.42	1.0093	1.9561	3.3356	1245.0	-0.038860	7.3958e-05	0.15885	liquid
163.00	326.00	387.75	0.0025790	135.68	219.75	1.0298	1.9534	3.3376	1238.6	-0.038536	7.3080e-05	0.15783	liquid
164.00	326.00	386.56	0.0025869	138.76	223.09	1.0502	1.9507	3.3396	1232.3	-0.038206	7.2220e-05	0.15682	liquid
165.00	326.00	385.36	0.0025950	141.84	226.43	1.0705	1.9480	3.3417	1226.0	-0.037871	7.1377e-05	0.15581	liquid
166.00	326.00	384.17	0.0026030	144.92	229.78	1.0907	1.9453	3.3437	1219.7	-0.037531	7.0550e-05	0.15481	liquid
167.00	326.00	382.97	0.0026112	148.00	233.12	1.1108	1.9427	3.3458	1213.4	-0.037185	6.9738e-05	0.15382	liquid
168.00	326.00	381.76	0.0026194	151.07	236.47	1.1308	1.9401	3.3479	1207.2	-0.036833	6.8943e-05	0.15283	liquid
169.00	326.00	380.56	0.0026277	154.15	239.82	1.1507	1.9375	3.3501	1200.9	-0.036475	6.8162e-05	0.15185	liquid
170.00	326.00	379.36	0.0026361	157.23	243.17	1.1705	1.9350	3.3523	1194.7	-0.036112	6.7396e-05	0.15087	liquid
171.00	326.00	378.15	0.0026445	160.31	246.52	1.1901	1.9325	3.3545	1188.5	-0.035743	6.6645e-05	0.14990	liquid
172.00	326.00	376.94	0.0026530	163.39	249.88	1.2097	1.9301	3.3567	1182.4	-0.035368	6.5907e-05	0.14894	liquid
173.00	326.00	375.73	0.0026615	166.47	253.23	1.2292	1.9277	3.3590	1176.2	-0.034986	6.5183e-05	0.14798	liquid
174.00	326.00	374.51	0.0026701	169.55	256.59	1.2485	1.9253	3.3613	1170.1	-0.034599	6.4472e-05	0.14703	liquid
175.00	326.00	373.30	0.0026788	172.63	259.96	1.2678	1.9229	3.3636	1164.0	-0.034206	6.3774e-05	0.14608	liquid
176.00	326.00	372.08	0.0026876	175.71	263.32	1.2870	1.9206	3.3659	1157.9	-0.033806	6.3088e-05	0.14515	liquid
177.00	326.00	370.86	0.0026964	178.78	266.69	1.3060	1.9183	3.3683	1151.9	-0.033401	6.2415e-05	0.14421	liquid
178.00	326.00	369.64	0.0027054	181.86	270.06	1.3250	1.9161	3.3707	1145.9	-0.032989	6.1754e-05	0.14329	liquid
179.00	326.00	368.41	0.0027144	184.94	273.43	1.3439	1.9139	3.3731	1139.9	-0.032571	6.1104e-05	0.14237	liquid
180.00	326.00	367.19	0.0027234	188.02	276.80	1.3627	1.9117	3.3755	1133.9	-0.032147	6.0465e-05	0.14146	liquid
181.00	326.00	365.96	0.0027326	191.10	280.18	1.3814	1.9096	3.3780	1127.9	-0.031716	5.9838e-05	0.14055	liquid
182.00	326.00	364.73	0.0027418	194.18	283.56	1.4000	1.9074	3.3805	1122.0	-0.031279	5.9221e-05	0.13965	liquid
183.00	326.00	363.50	0.0027511	197.26	286.94	1.4186	1.9054	3.3830	1116.1	-0.030835	5.8615e-05	0.13876	liquid
184.00	326.00	362.26	0.0027604	200.34	290.33	1.4370	1.9033	3.3855	1110.2	-0.030385	5.8019e-05	0.13787	liquid
185.00	326.00	361.03	0.0027699	203.41	293.71	1.4554	1.9013	3.3881	1104.4	-0.029928	5.7434e-05	0.13699	liquid
186.00	326.00	359.79	0.0027794	206.49	297.10	1.4736	1.8994	3.3907	1098.6	-0.029465	5.6858e-05	0.13612	liquid
187.00	326.00	358.55	0.0027890	209.57	300.49	1.4918	1.8974	3.3932	1092.8	-0.028996	5.6292e-05	0.13526	liquid
188.00	326.00	357.31	0.0027987	212.65	303.89	1.5099	1.8955	3.3958	1087.0	-0.028519	5.5735e-05	0.13440	liquid
189.00	326.00	356.06	0.0028085	215.73	307.29	1.5280	1.8936	3.3985	1081.3	-0.028036	5.5187e-05	0.13355	liquid
190.00	326.00	354.82	0.0028184	218.81	310.69	1.5459	1.8918	3.4011	1075.6	-0.027547	5.4648e-05	0.13271	liquid
191.00	326.00	353.57	0.0028283	221.89	314.09	1.5638	1.8900	3.4038	1069.9	-0.027050	5.4118e-05	0.13188	supercritical
192.00	326.00	352.32	0.0028383	224.96	317.49	1.5815	1.8882	3.4064	1064.2	-0.026547	5.3597e-05	0.13103	supercritical
193.00	326.00	351.07	0.0028485	228.04	320.90	1.5992	1.8865	3.4091	1058.6	-0.026038	5.3084e-05	0.13020	supercritical
194.00	326.00	349.81	0.0028587	231.12	324.31	1.6169	1.8848	3.4118	1053.0	-0.025521	5.2579e-05	0.12937	supercritical
195.00	326.00	348.56	0.0028690	234.20	327.72	1.6344	1.8832	3.4145	1047.5	-0.024998	5.2083e-05	0.12856	supercritical
196.00	326.00	347.30	0.0028793	237.27	331.14	1.6519	1.8815	3.4172	1041.9	-0.024468	5.1594e-05	0.12774	supercritical
197.00	326.00	346.04	0.0028898	240.35	334.56	1.6693	1.8799	3.4199	1036.4	-0.023931	5.1113e-05	0.12694	supercritical
198.00	326.00	344.78	0.0029004	243.43	337.98	1.6866	1.8784	3.4226	1031.0	-0.023388	5.0639e-05	0.12614	supercritical
199.00	326.00	343.52	0.0029110	246.51	341.40	1.7039	1.8769	3.4254	1025.5	-0.022838	5.0173e-05	0.12535	supercritical
200.00	326.00	342.26	0.0029218	249.58	344.83	1.7210	1.8754	3.4281	1020.1	-0.022281	4.9714e-05	0.12457	supercritical
201.00	326.00	341.00	0.0029326	252.66	348.26	1.7381	1.8739	3.4308	1014.7	-0.021717	4.9262e-05	0.12379	supercritical
202.00	326.00	339.73	0.0029435	255.73	351.69	1.7552	1.8725	3.4335	1009.4	-0.021147	4.8817e-05	0.12302	supercritical
203.00	326.00	338.46	0.0029545	258.81	355.13	1.7721	1.8711	3.4363	1004.1	-0.020570	4.8379e-05	0.12226	supercritical
204.00	326.00	337.19	0.0029657	261.88	358.57	1.7890	1.8697	3.4390	998.83	-0.019986	4.7947e-05	0.12150	supercritical
205.00	326.00	335.92	0.0029769	264.96	362.01	1.8059	1.8684	3.4417	993.59	-0.019396	4.7523e-05	0.12075	supercritical
206.00	326.00	334.65	0.0029882	268.03	365.45	1.8226	1.8671	3.4444	988.39	-0.018799	4.7104e-05	0.12001	supercritical
207.00	326.00	333.38	0.0029996	271.11	368.89	1.8393	1.8659	3.4471	983.22	-0.018196	4.6692e-05	0.11927	supercritical
208.00	326.00	332.10	0.0030111	274.18	372.34	1.8559	1.8647	3.4498	978.09	-0.017586	4.6286e-05	0.11854	supercritical
209.00	326.00	330.83	0.0030227	277.25	375.79	1.8725	1.8635	3.4525	973.00	-0.016970	4.5886e-05	0.11782	supercritical
210.00	326.00	329.55	0.0030344	280.33	379.25	1.8890	1.8623	3.4552	967.94	-0.016347	4.5492e-05	0.11711	supercritical
211.00	326.00	328.27	0.0030462	283.40	382.70	1.9054	1.8612	3.4578	962.91	-0.015718	4.5104e-05	0.11640	supercritical
212.00	326.00	326.99	0.0030582	286.47	386.16	1.9217	1.8601	3.4604	957.93	-0.015082	4.4722e-05	0.11570	supercritical
213.00	326.00	325.71	0.0030702	289.54	389.63	1.9380	1.8591	3.4630	952.98	-0.014441	4.4345e-05	0.11500	supercritical
214.00	326.00	324.43	0.0030823	292.61	393.09	1.9542	1.8581	3.4656	948.07	-0.013793	4.3974e-05	0.11431	supercritical
215.00	326.00	323.15	0.0030945	295.68	396.56	1.9704	1.8571	3.4682	943.20	-0.013139	4.3608e-05	0.11363	supercritical
216.00	326.00	321.87	0.0031068	298.74	400.03	1.9865	1.8561	3.4707	938.36	-0.012479	4.3248e-05	0.11296	supercritical
217.00	326.00	320.59	0.0031193	301.81	403.50	2.0025	1.8552	3.4733	933.57	-0.011814	4.2892e-05	0.11229	supercritical
218.00	326.00	319.30	0.0031318	304.88	406.97	2.0185	1.8543	3.4757	928.81	-0.011142	4.2542e-05	0.11163	supercritical
219.00	326.00	318.02	0.0031445	307.94	410.45	2.0344	1.8535	3.4782	924.10	-0.010465	4.2197e-05	0.11097	supercritical
220.00	326.00	316.74	0.0031572	311.00	413.93	2.0503	1.8527	3.4806	919.42	-0.0097819	4.1858e-05	0.11033	supercritical
221.00	326.00	315.45	0.0031701	314.07	417.41	2.0661	1.8519	3.4830	914.79	-0.0090936	4.1523e-05	0.10969	supercritical
222.00	326.00	314.17	0.0031830	317.13	420.89	2.0818	1.8511	3.4853	910.19	-0.0083999	4.1192e-05	0.10905	supercritical
223.00	326.00	312.88	0.0031961	320.19	424.38	2.0975	1.8504	3.4876	905.64	-0.0077009	4.0867e-05	0.10843	supercritical
224.00	326.00	311.60	0.0032093	323.25	427.87	2.1131	1.8497	3.4899	901.13	-0.0069969	4.0546e-05	0.10781	supercritical
225.00	326.00	310.31	0.0032226	326.30	431.36	2.1286	1.8490	3.4921	896.66	-0.0062878	4.0230e-05	0.10719	supercritical
226.00	326.00	309.03	0.0032360	329.36	434.85	2.1441	1.8484	3.4942	892.23	-0.0055740	3.9918e-05	0.10659	supercritical
227.00	326.00	307.74	0.0032495	332.42	438.35	2.1596	1.8478	3.4963	887.85	-0.0048554	3.9611e-05	0.10599	supercritical
228.00	326.00	306.46	0.0032631	335.47	441.85	2.1749	1.8473	3.4984	883.50	-0.0041323	3.9308e-05	0.10540	supercritical
229.00	326.00	305.17	0.0032768	338.52	445.35	2.1902	1.8467	3.5004	879.20	-0.0034048	3.9010e-05	0.10481	supercritical
230.00	326.00	303.89	0.0032907	341.57	448.85	2.2055	1.8462	3.5023	874.95	-0.0026731	3.8716e-05	0.10423	supercritical
231.00	326.00	302.60	0.0033046	344.62	452.35	2.2207	1.8458	3.5042	870.73	-0.0019373	3.8426e-05	0.10366	supercritical
232.00	326.00	301.32	0.0033187	347.67	455.86	2.2358	1.8453	3.5061	866.56	-0.0011977	3.8140e-05	0.10310	supercritical
233.00	326.00	300.04	0.0033329	350.71	459.36	2.2509	1.8449	3.5078	862.43	-0.00045432	3.7858e-05	0.10254	supercritical
234.00	326.00	298.76	0.0033472	353.75	462.87	2.2659	1.8445	3.5095	858.35	0.00029256	3.7580e-05	0.10199	supercritical
235.00	326.00	297.48	0.0033616	356.79	466.38	2.2809	1.8442	3.5112	854.31	0.0010428	3.7306e-05	0.10144	supercritical
236.00	326.00	296.20	0.0033761	359.83	469.89	2.2958	1.8439	3.5127	850.32	0.0017961	3.7036e-05	0.10090	supercritical
237.00	326.00	294.92	0.0033907	362.87	473.41	2.3107	1.8436	3.5142	846.37	0.0025524	3.6770e-05	0.10037	supercritical
238.00	326.00	293.65	0.0034055	365.90	476.92	2.3255	1.8433	3.5157	842.47	0.0033114	3.6508e-05	0.099848	supercritical
239.00	326.00	292.37	0.0034203	368.94	480.44	2.3402	1.8431	3.5170	838.61	0.0040730	3.6249e-05	0.099330	supercritical
240.00	326.00	291.10	0.0034353	371.97	483.96	2.3549	1.8429	3.5183	834.79	0.0048369	3.5995e-05	0.098819	supercritical
241.00	326.00	289.82	0.0034504	374.99	487.48	2.3696	1.8427	3.5195	831.02	0.0056028	3.5743e-05	0.098315	supercritical
242.00	326.00	288.55	0.0034656	378.02	491.00	2.3841	1.8426	3.5206	827.30	0.0063707	3.5496e-05	0.097817	supercritical
243.00	326.00	287.28	0.0034809	381.04	494.52	2.3986	1.8425	3.5217	823.62	0.0071402	3.5252e-05	0.097325	supercritical
244.00	326.00	286.02	0.0034963	384.06	498.04	2.4131	1.8424	3.5226	819.99	0.0079111	3.5011e-05	0.096841	supercritical
245.00	326.00	284.75	0.0035118	387.08	501.56	2.4275	1.8424	3.5235	816.40	0.0086833	3.4774e-05	0.096363	supercritical
246.00	326.00	283.49	0.0035274	390.09	505.09	2.4419	1.8424	3.5243	812.86	0.0094564	3.4540e-05	0.095891	supercritical
247.00	326.00	282.23	0.0035432	393.10	508.61	2.4562	1.8424	3.5250	809.37	0.010230	3.4310e-05	0.095426	supercritical
248.00	326.00	280.97	0.0035591	396.11	512.14	2.4704	1.8424	3.5256	805.92	0.011004	3.4083e-05	0.094967	supercritical
249.00	326.00	279.72	0.0035750	399.12	515.66	2.4846	1.8425	3.5262	802.51	0.011779	3.3859e-05	0.094515	supercritical
250.00	326.00	278.47	0.0035911	402.12	519.19	2.4987	1.8426	3.5266	799.15	0.012553	3.3639e-05	0.094069	supercritical
251.00	326.00	277.22	0.0036073	405.12	522.71	2.5128	1.8427	3.5270	795.84	0.013328	3.3422e-05	0.093630	supercritical
252.00	326.00	275.97	0.0036236	408.11	526.24	2.5268	1.8428	3.5272	792.57	0.014101	3.3208e-05	0.093197	supercritical
253.00	326.00	274.73	0.0036400	411.10	529.77	2.5408	1.8430	3.5274	789.35	0.014874	3.2997e-05	0.092770	supercritical
254.00	326.00	273.48	0.0036565	414.09	533.30	2.5547	1.8432	3.5275	786.18	0.015646	3.2789e-05	0.092350	supercritical
255.00	326.00	272.25	0.0036731	417.08	536.82	2.5686	1.8434	3.5275	783.05	0.016417	3.2584e-05	0.091936	supercritical
256.00	326.00	271.01	0.0036899	420.06	540.35	2.5824	1.8437	3.5274	779.96	0.017186	3.2382e-05	0.091528	supercritical
257.00	326.00	269.78	0.0037067	423.04	543.88	2.5961	1.8440	3.5272	776.92	0.017953	3.2183e-05	0.091126	supercritical
258.00	326.00	268.55	0.0037236	426.02	547.41	2.6098	1.8443	3.5269	773.93	0.018718	3.1987e-05	0.090730	supercritical
259.00	326.00	267.33	0.0037407	428.99	550.93	2.6235	1.8446	3.5265	770.98	0.019481	3.1794e-05	0.090341	supercritical
260.00	326.00	266.11	0.0037578	431.95	554.46	2.6371	1.8450	3.5261	768.07	0.020241	3.1604e-05	0.089957	supercritical
261.00	326.00	264.89	0.0037751	434.92	557.98	2.6506	1.8454	3.5255	765.21	0.020999	3.1417e-05	0.089580	supercritical
262.00	326.00	263.68	0.0037924	437.88	561.51	2.6641	1.8458	3.5248	762.40	0.021753	3.1232e-05	0.089208	supercritical
263.00	326.00	262.48	0.0038099	440.83	565.03	2.6775	1.8463	3.5241	759.63	0.022504	3.1051e-05	0.088843	supercritical
264.00	326.00	261.27	0.0038274	443.78	568.56	2.6909	1.8467	3.5232	756.90	0.023251	3.0872e-05	0.088483	supercritical
265.00	326.00	260.07	0.0038451	446.73	572.08	2.7042	1.8472	3.5223	754.22	0.023995	3.0695e-05	0.088129	supercritical
266.00	326.00	258.88	0.0038628	449.67	575.60	2.7175	1.8478	3.5213	751.58	0.024734	3.0522e-05	0.087781	supercritical
267.00	326.00	257.69	0.0038807	452.61	579.12	2.7307	1.8483	3.5201	748.99	0.025469	3.0351e-05	0.087439	supercritical
268.00	326.00	256.50	0.0038986	455.55	582.64	2.7438	1.8489	3.5189	746.44	0.026200	3.0183e-05	0.087102	supercritical
269.00	326.00	255.32	0.0039167	458.48	586.16	2.7569	1.8495	3.5176	743.93	0.026925	3.0017e-05	0.086771	supercritical
270.00	326.00	254.14	0.0039348	461.40	589.68	2.7700	1.8501	3.5162	741.46	0.027646	2.9854e-05	0.086445	supercritical
271.00	326.00	252.97	0.0039530	464.33	593.19	2.7830	1.8508	3.5147	739.04	0.028361	2.9693e-05	0.086125	supercritical
272.00	326.00	251.81	0.0039713	467.24	596.71	2.7959	1.8514	3.5132	736.66	0.029071	2.9535e-05	0.085811	supercritical
273.00	326.00	250.64	0.0039897	470.16	600.22	2.8088	1.8521	3.5115	734.32	0.029775	2.9379e-05	0.085502	supercritical
274.00	326.00	249.49	0.0040082	473.06	603.73	2.8217	1.8529	3.5098	732.03	0.030473	2.9226e-05	0.085198	supercritical
275.00	326.00	248.34	0.0040268	475.97	607.24	2.8344	1.8536	3.5080	729.77	0.031164	2.9075e-05	0.084900	supercritical
276.00	326.00	247.19	0.0040454	478.87	610.75	2.8472	1.8544	3.5061	727.56	0.031850	2.8926e-05	0.084607	supercritical
277.00	326.00	246.05	0.0040642	481.76	614.25	2.8598	1.8552	3.5041	725.39	0.032529	2.8780e-05	0.084319	supercritical
278.00	326.00	244.92	0.0040830	484.65	617.75	2.8725	1.8560	3.5020	723.26	0.033200	2.8636e-05	0.084036	supercritical
279.00	326.00	243.79	0.0041019	487.53	621.26	2.8850	1.8568	3.4999	721.16	0.033866	2.8495e-05	0.083759	supercritical
280.00	326.00	242.67	0.0041209	490.41	624.75	2.8976	1.8577	3.4977	719.11	0.034523	2.8355e-05	0.083486	supercritical
281.00	326.00	241.55	0.0041400	493.29	628.25	2.9100	1.8586	3.4954	717.10	0.035174	2.8218e-05	0.083219	supercritical
282.00	326.00	240.44	0.0041591	496.16	631.75	2.9224	1.8595	3.4931	715.12	0.035817	2.8083e-05	0.082956	supercritical
283.00	326.00	239.33	0.0041783	499.02	635.24	2.9348	1.8605	3.4907	713.19	0.036452	2.7951e-05	0.082698	supercritical
284.00	326.00	238.23	0.0041976	501.88	638.73	2.9471	1.8614	3.4882	711.29	0.037080	2.7820e-05	0.082446	supercritical
285.00	326.00	237.13	0.0042170	504.74	642.21	2.9594	1.8624	3.4856	709.43	0.037699	2.7692e-05	0.082198	supercritical
286.00	326.00	236.05	0.0042365	507.59	645.70	2.9716	1.8634	3.4830	707.61	0.038311	2.7565e-05	0.081954	supercritical
287.00	326.00	234.96	0.0042560	510.43	649.18	2.9837	1.8645	3.4804	705.82	0.038914	2.7441e-05	0.081716	supercritical
288.00	326.00	233.89	0.0042756	513.28	652.66	2.9958	1.8655	3.4776	704.07	0.039509	2.7319e-05	0.081482	supercritical
289.00	326.00	232.82	0.0042952	516.11	656.13	3.0079	1.8666	3.4749	702.36	0.040095	2.7199e-05	0.081252	supercritical
290.00	326.00	231.75	0.0043149	518.94	659.61	3.0199	1.8677	3.4720	700.68	0.040672	2.7080e-05	0.081027	supercritical
291.00	326.00	230.70	0.0043347	521.77	663.08	3.0318	1.8688	3.4691	699.04	0.041241	2.6964e-05	0.080807	supercritical
292.00	326.00	229.65	0.0043545	524.59	666.55	3.0437	1.8700	3.4662	697.43	0.041801	2.6850e-05	0.080591	supercritical
293.00	326.00	228.60	0.0043744	527.40	670.01	3.0556	1.8712	3.4632	695.85	0.042352	2.6737e-05	0.080379	supercritical
294.00	326.00	227.56	0.0043944	530.21	673.47	3.0674	1.8723	3.4602	694.31	0.042894	2.6627e-05	0.080172	supercritical
295.00	326.00	226.53	0.0044144	533.02	676.93	3.0791	1.8736	3.4571	692.81	0.043427	2.6518e-05	0.079969	supercritical
296.00	326.00	225.50	0.0044345	535.82	680.39	3.0908	1.8748	3.4540	691.33	0.043951	2.6411e-05	0.079770	supercritical
297.00	326.00	224.48	0.0044547	538.62	683.84	3.1024	1.8761	3.4508	689.89	0.044466	2.6306e-05	0.079575	supercritical
298.00	326.00	223.47	0.0044749	541.41	687.29	3.1140	1.8773	3.4477	688.48	0.044971	2.6203e-05	0.079384	supercritical
299.00	326.00	222.46	0.0044951	544.19	690.73	3.1256	1.8786	3.4444	687.11	0.045467	2.6101e-05	0.079198	supercritical
300.00	326.00	221.46	0.0045154	546.98	694.18	3.1371	1.8800	3.4412	685.76	0.045953	2.6002e-05	0.079015	supercritical
301.00	326.00	220.47	0.0045357	549.75	697.62	3.1485	1.8813	3.4379	684.44	0.046430	2.5903e-05	0.078837	supercritical
302.00	326.00	219.48	0.0045561	552.52	701.05	3.1599	1.8827	3.4346	683.16	0.046897	2.5807e-05	0.078662	supercritical
303.00	326.00	218.50	0.0045766	555.29	704.49	3.1713	1.8841	3.4313	681.90	0.047355	2.5712e-05	0.078491	supercritical
304.00	326.00	217.53	0.0045971	558.05	707.92	3.1826	1.8855	3.4279	680.67	0.047803	2.5619e-05	0.078324	supercritical
305.00	326.00	216.56	0.0046176	560.81	711.34	3.1938	1.8869	3.4246	679.48	0.048242	2.5528e-05	0.078161	supercritical
306.00	326.00	215.60	0.0046382	563.56	714.76	3.2050	1.8884	3.4212	678.31	0.048671	2.5438e-05	0.078001	supercritical
307.00	326.00	214.65	0.0046588	566.31	718.18	3.2162	1.8898	3.4178	677.17	0.049091	2.5350e-05	0.077845	supercritical
308.00	326.00	213.70	0.0046795	569.05	721.60	3.2273	1.8913	3.4143	676.05	0.049500	2.5263e-05	0.077693	supercritical
309.00	326.00	212.76	0.0047002	571.79	725.01	3.2383	1.8929	3.4109	674.97	0.049901	2.5178e-05	0.077544	supercritical
310.00	326.00	211.82	0.0047209	574.52	728.42	3.2494	1.8944	3.4075	673.91	0.050291	2.5094e-05	0.077399	supercritical
311.00	326.00	210.90	0.0047417	577.25	731.83	3.2603	1.8960	3.4040	672.87	0.050672	2.5012e-05	0.077258	supercritical
312.00	326.00	209.97	0.0047625	579.97	735.23	3.2713	1.8975	3.4006	671.86	0.051043	2.4931e-05	0.077119	supercritical
313.00	326.00	209.06	0.0047833	582.69	738.63	3.2821	1.8991	3.3971	670.88	0.051405	2.4851e-05	0.076985	supercritical
314.00	326.00	208.15	0.0048042	585.41	742.02	3.2930	1.9008	3.3937	669.92	0.051757	2.4774e-05	0.076853	supercritical
315.00	326.00	207.25	0.0048251	588.12	745.42	3.3037	1.9024	3.3902	668.99	0.052100	2.4697e-05	0.076725	supercritical
316.00	326.00	206.35	0.0048461	590.82	748.80	3.3145	1.9041	3.3867	668.08	0.052433	2.4622e-05	0.076601	supercritical
317.00	326.00	205.46	0.0048670	593.52	752.19	3.3252	1.9057	3.3833	667.20	0.052756	2.4548e-05	0.076479	supercritical
318.00	326.00	204.58	0.0048880	596.22	755.57	3.3358	1.9074	3.3798	666.33	0.053071	2.4476e-05	0.076361	supercritical
319.00	326.00	203.71	0.0049091	598.91	758.95	3.3464	1.9092	3.3764	665.50	0.053375	2.4404e-05	0.076246	supercritical
320.00	326.00	202.84	0.0049301	601.60	762.32	3.3570	1.9109	3.3730	664.68	0.053671	2.4334e-05	0.076134	supercritical
321.00	326.00	201.97	0.0049512	604.29	765.70	3.3675	1.9127	3.3695	663.89	0.053957	2.4266e-05	0.076025	supercritical
322.00	326.00	201.12	0.0049723	606.97	769.06	3.3780	1.9145	3.3661	663.11	0.054234	2.4199e-05	0.075919	supercritical
323.00	326.00	200.26	0.0049934	609.64	772.43	3.3884	1.9163	3.3627	662.36	0.054502	2.4132e-05	0.075816	supercritical
324.00	326.00	199.42	0.0050145	612.31	775.79	3.3988	1.9181	3.3593	661.63	0.054760	2.4067e-05	0.075716	supercritical
325.00	326.00	198.58	0.0050357	614.98	779.15	3.4092	1.9199	3.3560	660.92	0.055010	2.4004e-05	0.075619	supercritical
326.00	326.00	197.75	0.0050569	617.65	782.50	3.4195	1.9218	3.3526	660.23	0.055250	2.3941e-05	0.075525	supercritical
327.00	326.00	196.92	0.0050781	620.31	785.85	3.4297	1.9237	3.3493	659.56	0.055482	2.3880e-05	0.075434	supercritical
328.00	326.00	196.10	0.0050993	622.96	789.20	3.4400	1.9256	3.3460	658.92	0.055705	2.3820e-05	0.075346	supercritical
329.00	326.00	195.29	0.0051206	625.61	792.54	3.4501	1.9275	3.3427	658.29	0.055919	2.3761e-05	0.075261	supercritical
330.00	326.00	194.48	0.0051418	628.26	795.88	3.4603	1.9294	3.3394	657.67	0.056125	2.3703e-05	0.075178	supercritical
331.00	326.00	193.68	0.0051631	630.91	799.22	3.4704	1.9314	3.3362	657.08	0.056321	2.3646e-05	0.075098	supercritical
332.00	326.00	192.89	0.0051844	633.55	802.56	3.4804	1.9334	3.3329	656.51	0.056510	2.3590e-05	0.075021	supercritical
333.00	326.00	192.10	0.0052057	636.18	805.89	3.4904	1.9354	3.3298	655.95	0.056690	2.3535e-05	0.074947	supercritical
334.00	326.00	191.32	0.0052270	638.82	809.22	3.5004	1.9374	3.3266	655.41	0.056861	2.3482e-05	0.074875	supercritical
335.00	326.00	190.54	0.0052483	641.45	812.54	3.5104	1.9394	3.3234	654.89	0.057024	2.3429e-05	0.074806	supercritical
336.00	326.00	189.77	0.0052696	644.07	815.86	3.5203	1.9414	3.3203	654.38	0.057179	2.3377e-05	0.074739	supercritical
337.00	326.00	189.00	0.0052909	646.70	819.18	3.5301	1.9435	3.3173	653.90	0.057327	2.3327e-05	0.074675	supercritical
338.00	326.00	188.24	0.0053123	649.32	822.50	3.5400	1.9456	3.3142	653.43	0.057466	2.3277e-05	0.074614	supercritical
339.00	326.00	187.49	0.0053336	651.93	825.81	3.5497	1.9477	3.3112	652.97	0.057597	2.3228e-05	0.074555	supercritical
340.00	326.00	186.74	0.0053550	654.55	829.12	3.5595	1.9498	3.3082	652.53	0.057720	2.3180e-05	0.074499	supercritical
341.00	326.00	186.00	0.0053764	657.16	832.43	3.5692	1.9520	3.3053	652.10	0.057836	2.3134e-05	0.074445	supercritical
342.00	326.00	185.26	0.0053978	659.76	835.73	3.5789	1.9541	3.3023	651.70	0.057944	2.3088e-05	0.074393	supercritical
343.00	326.00	184.53	0.0054191	662.37	839.03	3.5885	1.9563	3.2995	651.30	0.058045	2.3043e-05	0.074344	supercritical
344.00	326.00	183.81	0.0054405	664.97	842.33	3.5981	1.9585	3.2966	650.92	0.058138	2.2999e-05	0.074297	supercritical
345.00	326.00	183.09	0.0054619	667.57	845.63	3.6077	1.9607	3.2938	650.55	0.058224	2.2955e-05	0.074253	supercritical
346.00	326.00	182.37	0.0054833	670.16	848.92	3.6172	1.9630	3.2910	650.20	0.058303	2.2913e-05	0.074211	supercritical
347.00	326.00	181.66	0.0055047	672.75	852.21	3.6267	1.9652	3.2883	649.87	0.058374	2.2872e-05	0.074171	supercritical
348.00	326.00	180.96	0.0055261	675.34	855.49	3.6362	1.9675	3.2856	649.54	0.058439	2.2831e-05	0.074133	supercritical
349.00	326.00	180.26	0.0055475	677.93	858.78	3.6456	1.9697	3.2829	649.23	0.058497	2.2791e-05	0.074098	supercritical
350.00	326.00	179.57	0.0055689	680.51	862.06	3.6550	1.9720	3.2803	648.93	0.058548	2.2752e-05	0.074065	supercritical
351.00	326.00	178.88	0.0055903	683.10	865.34	3.6643	1.9744	3.2777	648.65	0.058593	2.2714e-05	0.074034	supercritical
352.00	326.00	178.20	0.0056117	685.67	868.62	3.6737	1.9767	3.2752	648.37	0.058631	2.2676e-05	0.074006	supercritical
353.00	326.00	177.52	0.0056331	688.25	871.89	3.6829	1.9790	3.2727	648.11	0.058662	2.2640e-05	0.073979	supercritical
354.00	326.00	176.85	0.0056545	690.82	875.16	3.6922	1.9814	3.2702	647.87	0.058687	2.2604e-05	0.073955	supercritical
355.00	326.00	176.18	0.0056759	693.40	878.43	3.7014	1.9838	3.2678	647.63	0.058706	2.2569e-05	0.073933	supercritical
356.00	326.00	175.52	0.0056973	695.97	881.70	3.7106	1.9862	3.2654	647.41	0.058719	2.2534e-05	0.073913	supercritical
357.00	326.00	174.87	0.0057187	698.53	884.96	3.7198	1.9886	3.2631	647.19	0.058726	2.2501e-05	0.073895	supercritical
358.00	326.00	174.21	0.0057400	701.10	888.22	3.7289	1.9910	3.2608	646.99	0.058727	2.2468e-05	0.073879	supercritical
359.00	326.00	173.57	0.0057614	703.66	891.48	3.7380	1.9935	3.2585	646.80	0.058722	2.2435e-05	0.073865	supercritical
360.00	326.00	172.93	0.0057828	706.22	894.74	3.7470	1.9959	3.2563	646.62	0.058711	2.2404e-05	0.073853	supercritical
361.00	326.00	172.29	0.0058042	708.78	897.99	3.7561	1.9984	3.2542	646.45	0.058695	2.2373e-05	0.073843	supercritical
362.00	326.00	171.66	0.0058255	711.34	901.25	3.7651	2.0009	3.2520	646.29	0.058673	2.2343e-05	0.073835	supercritical
363.00	326.00	171.03	0.0058469	713.89	904.50	3.7740	2.0034	3.2499	646.14	0.058646	2.2313e-05	0.073829	supercritical
364.00	326.00	170.41	0.0058682	716.44	907.75	3.7830	2.0059	3.2479	646.00	0.058613	2.2284e-05	0.073825	supercritical
365.00	326.00	169.79	0.0058896	718.99	910.99	3.7919	2.0084	3.2459	645.87	0.058576	2.2256e-05	0.073822	supercritical
366.00	326.00	169.18	0.0059109	721.54	914.24	3.8008	2.0110	3.2439	645.75	0.058533	2.2229e-05	0.073822	supercritical
367.00	326.00	168.57	0.0059323	724.09	917.48	3.8096	2.0136	3.2420	645.64	0.058485	2.2202e-05	0.073823	supercritical
368.00	326.00	167.97	0.0059536	726.64	920.72	3.8184	2.0161	3.2402	645.54	0.058432	2.2175e-05	0.073827	supercritical
369.00	326.00	167.37	0.0059749	729.18	923.96	3.8272	2.0187	3.2383	645.45	0.058375	2.2150e-05	0.073832	supercritical
370.00	326.00	166.77	0.0059962	731.72	927.20	3.8360	2.0213	3.2366	645.37	0.058312	2.2124e-05	0.073839	supercritical
371.00	326.00	166.18	0.0060175	734.26	930.44	3.8447	2.0240	3.2348	645.29	0.058245	2.2100e-05	0.073848	supercritical
372.00	326.00	165.60	0.0060388	736.80	933.67	3.8534	2.0266	3.2331	645.23	0.058174	2.2076e-05	0.073858	supercritical
373.00	326.00	165.01	0.0060601	739.34	936.90	3.8621	2.0292	3.2315	645.17	0.058098	2.2052e-05	0.073871	supercritical
374.00	326.00	164.44	0.0060814	741.88	940.13	3.8707	2.0319	3.2299	645.12	0.058018	2.2030e-05	0.073885	supercritical
375.00	326.00	163.86	0.0061026	744.42	943.36	3.8794	2.0346	3.2283	645.08	0.057934	2.2007e-05	0.073900	supercritical
376.00	326.00	163.29	0.0061239	746.95	946.59	3.8880	2.0373	3.2268	645.04	0.057845	2.1986e-05	0.073918	supercritical
377.00	326.00	162.73	0.0061452	749.48	949.82	3.8965	2.0400	3.2253	645.02	0.057753	2.1964e-05	0.073937	supercritical
378.00	326.00	162.17	0.0061664	752.02	953.04	3.9051	2.0427	3.2238	645.00	0.057656	2.1944e-05	0.073958	supercritical
379.00	326.00	161.61	0.0061876	754.55	956.26	3.9136	2.0454	3.2224	644.99	0.057556	2.1923e-05	0.073980	supercritical
380.00	326.00	161.06	0.0062088	757.08	959.49	3.9221	2.0482	3.2211	644.99	0.057451	2.1904e-05	0.074004	supercritical
381.00	326.00	160.51	0.0062300	759.61	962.71	3.9305	2.0509	3.2198	644.99	0.057343	2.1885e-05	0.074030	supercritical
382.00	326.00	159.97	0.0062512	762.13	965.92	3.9390	2.0537	3.2185	645.00	0.057232	2.1866e-05	0.074057	supercritical
383.00	326.00	159.43	0.0062724	764.66	969.14	3.9474	2.0565	3.2173	645.02	0.057116	2.1848e-05	0.074086	supercritical
384.00	326.00	158.89	0.0062936	767.19	972.36	3.9558	2.0593	3.2161	645.05	0.056998	2.1830e-05	0.074117	supercritical
385.00	326.00	158.36	0.0063147	769.71	975.57	3.9641	2.0621	3.2149	645.08	0.056876	2.1813e-05	0.074149	supercritical
386.00	326.00	157.83	0.0063359	772.24	978.79	3.9725	2.0649	3.2138	645.12	0.056751	2.1796e-05	0.074182	supercritical
387.00	326.00	157.31	0.0063570	774.76	982.00	3.9808	2.0677	3.2128	645.16	0.056622	2.1780e-05	0.074217	supercritical
388.00	326.00	156.79	0.0063781	777.29	985.21	3.9891	2.0705	3.2117	645.21	0.056490	2.1764e-05	0.074254	supercritical
389.00	326.00	156.27	0.0063992	779.81	988.43	3.9974	2.0734	3.2108	645.27	0.056356	2.1748e-05	0.074292	supercritical
390.00	326.00	155.76	0.0064203	782.33	991.64	4.0056	2.0763	3.2098	645.34	0.056218	2.1733e-05	0.074331	supercritical
391.00	326.00	155.25	0.0064414	784.86	994.85	4.0138	2.0791	3.2089	645.40	0.056077	2.1719e-05	0.074372	supercritical
392.00	326.00	154.74	0.0064625	787.38	998.05	4.0220	2.0820	3.2080	645.48	0.055934	2.1705e-05	0.074415	supercritical
393.00	326.00	154.24	0.0064835	789.90	1001.3	4.0302	2.0849	3.2072	645.56	0.055788	2.1691e-05	0.074459	supercritical
394.00	326.00	153.74	0.0065046	792.42	1004.5	4.0383	2.0878	3.2064	645.65	0.055639	2.1678e-05	0.074504	supercritical
395.00	326.00	153.24	0.0065256	794.94	1007.7	4.0465	2.0907	3.2057	645.74	0.055487	2.1665e-05	0.074551	supercritical
396.00	326.00	152.75	0.0065466	797.46	1010.9	4.0546	2.0937	3.2050	645.84	0.055333	2.1652e-05	0.074599	supercritical
397.00	326.00	152.26	0.0065676	799.98	1014.1	4.0626	2.0966	3.2043	645.94	0.055176	2.1640e-05	0.074648	supercritical
398.00	326.00	151.78	0.0065886	802.50	1017.3	4.0707	2.0995	3.2037	646.05	0.055017	2.1629e-05	0.074699	supercritical
399.00	326.00	151.30	0.0066096	805.02	1020.5	4.0787	2.1025	3.2031	646.16	0.054856	2.1617e-05	0.074751	supercritical
400.00	326.00	150.82	0.0066306	807.54	1023.7	4.0868	2.1055	3.2026	646.28	0.054692	2.1606e-05	0.074805	supercritical
401.00	326.00	150.34	0.0066515	810.06	1026.9	4.0948	2.1085	3.2020	646.40	0.054526	2.1596e-05	0.074860	supercritical
402.00	326.00	149.87	0.0066724	812.58	1030.1	4.1027	2.1114	3.2016	646.53	0.054358	2.1585e-05	0.074916	supercritical
403.00	326.00	149.40	0.0066934	815.10	1033.3	4.1107	2.1144	3.2011	646.66	0.054188	2.1576e-05	0.074974	supercritical
404.00	326.00	148.94	0.0067143	817.62	1036.5	4.1186	2.1175	3.2007	646.80	0.054015	2.1566e-05	0.075032	supercritical
405.00	326.00	148.47	0.0067352	820.14	1039.7	4.1265	2.1205	3.2004	646.94	0.053841	2.1557e-05	0.075092	supercritical
406.00	326.00	148.02	0.0067560	822.65	1042.9	4.1344	2.1235	3.2000	647.09	0.053665	2.1548e-05	0.075154	supercritical
407.00	326.00	147.56	0.0067769	825.17	1046.1	4.1423	2.1265	3.1997	647.24	0.053487	2.1540e-05	0.075216	supercritical
408.00	326.00	147.11	0.0067978	827.69	1049.3	4.1501	2.1296	3.1995	647.40	0.053307	2.1532e-05	0.075280	supercritical
409.00	326.00	146.66	0.0068186	830.21	1052.5	4.1580	2.1326	3.1993	647.56	0.053125	2.1524e-05	0.075345	supercritical
410.00	326.00	146.21	0.0068394	832.74	1055.7	4.1658	2.1357	3.1991	647.72	0.052942	2.1516e-05	0.075412	supercritical
411.00	326.00	145.77	0.0068602	835.26	1058.9	4.1736	2.1388	3.1989	647.89	0.052757	2.1509e-05	0.075479	supercritical
412.00	326.00	145.33	0.0068810	837.78	1062.1	4.1814	2.1419	3.1988	648.06	0.052570	2.1502e-05	0.075548	supercritical
413.00	326.00	144.89	0.0069018	840.30	1065.3	4.1891	2.1450	3.1987	648.24	0.052382	2.1496e-05	0.075618	supercritical
414.00	326.00	144.46	0.0069225	842.82	1068.5	4.1968	2.1480	3.1987	648.42	0.052192	2.1490e-05	0.075689	supercritical
415.00	326.00	144.02	0.0069433	845.34	1071.7	4.2046	2.1512	3.1986	648.60	0.052001	2.1484e-05	0.075761	supercritical
416.00	326.00	143.60	0.0069640	847.87	1074.9	4.2123	2.1543	3.1987	648.79	0.051808	2.1478e-05	0.075834	supercritical
417.00	326.00	143.17	0.0069847	850.39	1078.1	4.2199	2.1574	3.1987	648.98	0.051614	2.1473e-05	0.075909	supercritical
418.00	326.00	142.75	0.0070054	852.91	1081.3	4.2276	2.1605	3.1988	649.17	0.051419	2.1468e-05	0.075984	supercritical
419.00	326.00	142.33	0.0070261	855.44	1084.5	4.2352	2.1637	3.1989	649.37	0.051222	2.1463e-05	0.076061	supercritical
420.00	326.00	141.91	0.0070468	857.96	1087.7	4.2429	2.1668	3.1990	649.57	0.051025	2.1459e-05	0.076139	supercritical
421.00	326.00	141.49	0.0070675	860.49	1090.9	4.2505	2.1700	3.1992	649.78	0.050826	2.1455e-05	0.076218	supercritical
422.00	326.00	141.08	0.0070881	863.01	1094.1	4.2581	2.1731	3.1994	649.98	0.050626	2.1451e-05	0.076298	supercritical
423.00	326.00	140.67	0.0071087	865.54	1097.3	4.2656	2.1763	3.1997	650.20	0.050425	2.1447e-05	0.076379	supercritical
424.00	326.00	140.27	0.0071293	868.07	1100.5	4.2732	2.1795	3.1999	650.41	0.050222	2.1444e-05	0.076461	supercritical
425.00	326.00	139.86	0.0071499	870.60	1103.7	4.2807	2.1827	3.2002	650.63	0.050019	2.1441e-05	0.076544	supercritical
426.00	326.00	139.46	0.0071705	873.13	1106.9	4.2883	2.1859	3.2006	650.85	0.049815	2.1438e-05	0.076629	supercritical
427.00	326.00	139.06	0.0071911	875.66	1110.1	4.2958	2.1891	3.2009	651.07	0.049610	2.1435e-05	0.076714	supercritical
428.00	326.00	138.66	0.0072116	878.19	1113.3	4.3033	2.1923	3.2013	651.30	0.049404	2.1433e-05	0.076800	supercritical
429.00	326.00	138.27	0.0072322	880.72	1116.5	4.3107	2.1955	3.2017	651.53	0.049197	2.1431e-05	0.076888	supercritical
430.00	326.00	137.88	0.0072527	883.25	1119.7	4.3182	2.1987	3.2022	651.76	0.048989	2.1429e-05	0.076976	supercritical
431.00	326.00	137.49	0.0072732	885.79	1122.9	4.3256	2.2019	3.2027	652.00	0.048781	2.1427e-05	0.077066	supercritical
432.00	326.00	137.10	0.0072937	888.32	1126.1	4.3330	2.2052	3.2032	652.24	0.048572	2.1426e-05	0.077156	supercritical
433.00	326.00	136.72	0.0073142	890.86	1129.3	4.3404	2.2084	3.2037	652.48	0.048362	2.1425e-05	0.077247	supercritical
434.00	326.00	136.34	0.0073346	893.40	1132.5	4.3478	2.2117	3.2043	652.72	0.048151	2.1424e-05	0.077340	supercritical
435.00	326.00	135.96	0.0073551	895.93	1135.7	4.3552	2.2149	3.2049	652.97	0.047940	2.1423e-05	0.077433	supercritical
436.00	326.00	135.58	0.0073755	898.47	1138.9	4.3626	2.2182	3.2055	653.22	0.047728	2.1423e-05	0.077527	supercritical
437.00	326.00	135.21	0.0073959	901.01	1142.1	4.3699	2.2214	3.2061	653.47	0.047515	2.1423e-05	0.077622	supercritical
438.00	326.00	134.84	0.0074163	903.55	1145.3	4.3772	2.2247	3.2068	653.73	0.047302	2.1423e-05	0.077719	supercritical
439.00	326.00	134.47	0.0074367	906.10	1148.5	4.3846	2.2280	3.2075	653.98	0.047089	2.1423e-05	0.077816	supercritical
440.00	326.00	134.10	0.0074571	908.64	1151.7	4.3919	2.2313	3.2082	654.24	0.046875	2.1423e-05	0.077914	supercritical
441.00	326.00	133.74	0.0074775	911.18	1154.9	4.3991	2.2346	3.2090	654.50	0.046660	2.1424e-05	0.078013	supercritical
442.00	326.00	133.37	0.0074978	913.73	1158.2	4.4064	2.2379	3.2098	654.77	0.046445	2.1425e-05	0.078112	supercritical
443.00	326.00	133.01	0.0075181	916.28	1161.4	4.4137	2.2412	3.2106	655.03	0.046230	2.1426e-05	0.078213	supercritical
444.00	326.00	132.65	0.0075384	918.83	1164.6	4.4209	2.2445	3.2114	655.30	0.046014	2.1427e-05	0.078315	supercritical
445.00	326.00	132.30	0.0075587	921.38	1167.8	4.4281	2.2478	3.2123	655.57	0.045798	2.1428e-05	0.078417	supercritical
446.00	326.00	131.94	0.0075790	923.93	1171.0	4.4353	2.2511	3.2131	655.84	0.045582	2.1430e-05	0.078521	supercritical
447.00	326.00	131.59	0.0075993	926.48	1174.2	4.4425	2.2544	3.2141	656.12	0.045365	2.1432e-05	0.078625	supercritical
448.00	326.00	131.24	0.0076195	929.04	1177.4	4.4497	2.2578	3.2150	656.40	0.045148	2.1434e-05	0.078730	supercritical
449.00	326.00	130.89	0.0076398	931.59	1180.6	4.4569	2.2611	3.2159	656.68	0.044931	2.1436e-05	0.078836	supercritical
450.00	326.00	130.55	0.0076600	934.15	1183.9	4.4641	2.2644	3.2169	656.96	0.044714	2.1439e-05	0.078943	supercritical
451.00	326.00	130.20	0.0076802	936.71	1187.1	4.4712	2.2678	3.2179	657.24	0.044496	2.1441e-05	0.079051	supercritical
452.00	326.00	129.86	0.0077004	939.27	1190.3	4.4783	2.2711	3.2189	657.52	0.044278	2.1444e-05	0.079159	supercritical
453.00	326.00	129.52	0.0077206	941.83	1193.5	4.4854	2.2745	3.2200	657.81	0.044060	2.1447e-05	0.079268	supercritical
454.00	326.00	129.19	0.0077408	944.39	1196.7	4.4925	2.2778	3.2210	658.10	0.043842	2.1450e-05	0.079378	supercritical
455.00	326.00	128.85	0.0077609	946.96	1200.0	4.4996	2.2812	3.2221	658.39	0.043624	2.1453e-05	0.079489	supercritical
456.00	326.00	128.52	0.0077811	949.52	1203.2	4.5067	2.2846	3.2232	658.68	0.043405	2.1457e-05	0.079601	supercritical
457.00	326.00	128.19	0.0078012	952.09	1206.4	4.5138	2.2879	3.2244	658.98	0.043187	2.1460e-05	0.079714	supercritical
458.00	326.00	127.86	0.0078213	954.66	1209.6	4.5208	2.2913	3.2255	659.27	0.042969	2.1464e-05	0.079827	supercritical
459.00	326.00	127.53	0.0078414	957.23	1212.9	4.5278	2.2947	3.2267	659.57	0.042750	2.1468e-05	0.079941	supercritical
460.00	326.00	127.20	0.0078615	959.80	1216.1	4.5349	2.2981	3.2279	659.87	0.042532	2.1472e-05	0.080056	supercritical
461.00	326.00	126.88	0.0078815	962.38	1219.3	4.5419	2.3015	3.2291	660.17	0.042313	2.1477e-05	0.080172	supercritical
462.00	326.00	126.56	0.0079016	964.95	1222.5	4.5489	2.3049	3.2304	660.47	0.042095	2.1481e-05	0.080288	supercritical
463.00	326.00	126.24	0.0079216	967.53	1225.8	4.5559	2.3083	3.2316	660.78	0.041876	2.1486e-05	0.080405	supercritical
464.00	326.00	125.92	0.0079417	970.11	1229.0	4.5628	2.3117	3.2329	661.08	0.041658	2.1490e-05	0.080523	supercritical
465.00	326.00	125.60	0.0079617	972.69	1232.2	4.5698	2.3151	3.2342	661.39	0.041439	2.1495e-05	0.080642	supercritical
466.00	326.00	125.29	0.0079817	975.27	1235.5	4.5768	2.3185	3.2356	661.70	0.041221	2.1500e-05	0.080761	supercritical
467.00	326.00	124.97	0.0080017	977.86	1238.7	4.5837	2.3219	3.2369	662.01	0.041003	2.1505e-05	0.080881	supercritical
468.00	326.00	124.66	0.0080216	980.45	1242.0	4.5906	2.3253	3.2383	662.32	0.040785	2.1511e-05	0.081002	supercritical
469.00	326.00	124.35	0.0080416	983.03	1245.2	4.5975	2.3287	3.2396	662.64	0.040567	2.1516e-05	0.081124	supercritical
470.00	326.00	124.05	0.0080615	985.62	1248.4	4.6044	2.3321	3.2410	662.95	0.040350	2.1522e-05	0.081246	supercritical
471.00	326.00	123.74	0.0080815	988.22	1251.7	4.6113	2.3356	3.2425	663.27	0.040132	2.1528e-05	0.081369	supercritical
472.00	326.00	123.44	0.0081014	990.81	1254.9	4.6182	2.3390	3.2439	663.58	0.039915	2.1534e-05	0.081493	supercritical
473.00	326.00	123.13	0.0081213	993.41	1258.2	4.6251	2.3424	3.2454	663.90	0.039698	2.1540e-05	0.081617	supercritical
474.00	326.00	122.83	0.0081412	996.00	1261.4	4.6319	2.3459	3.2468	664.22	0.039481	2.1546e-05	0.081742	supercritical
475.00	326.00	122.53	0.0081610	998.60	1264.7	4.6388	2.3493	3.2483	664.54	0.039264	2.1552e-05	0.081868	supercritical
476.00	326.00	122.24	0.0081809	1001.2	1267.9	4.6456	2.3528	3.2498	664.87	0.039048	2.1559e-05	0.081995	supercritical
477.00	326.00	121.94	0.0082007	1003.8	1271.2	4.6524	2.3562	3.2514	665.19	0.038831	2.1565e-05	0.082122	supercritical
478.00	326.00	121.65	0.0082206	1006.4	1274.4	4.6592	2.3597	3.2529	665.51	0.038615	2.1572e-05	0.082249	supercritical
479.00	326.00	121.35	0.0082404	1009.0	1277.7	4.6660	2.3631	3.2545	665.84	0.038400	2.1579e-05	0.082378	supercritical
480.00	326.00	121.06	0.0082602	1011.6	1280.9	4.6728	2.3666	3.2561	666.17	0.038184	2.1586e-05	0.082507	supercritical
481.00	326.00	120.77	0.0082800	1014.2	1284.2	4.6796	2.3700	3.2577	666.50	0.037969	2.1593e-05	0.082637	supercritical
482.00	326.00	120.49	0.0082998	1016.9	1287.4	4.6864	2.3735	3.2593	666.83	0.037754	2.1600e-05	0.082767	supercritical
483.00	326.00	120.20	0.0083195	1019.5	1290.7	4.6931	2.3770	3.2609	667.16	0.037540	2.1608e-05	0.082898	supercritical
484.00	326.00	119.91	0.0083393	1022.1	1294.0	4.6999	2.3804	3.2626	667.49	0.037326	2.1615e-05	0.083030	supercritical
485.00	326.00	119.63	0.0083590	1024.7	1297.2	4.7066	2.3839	3.2642	667.82	0.037112	2.1623e-05	0.083162	supercritical
486.00	326.00	119.35	0.0083787	1027.3	1300.5	4.7133	2.3874	3.2659	668.16	0.036899	2.1630e-05	0.083295	supercritical
487.00	326.00	119.07	0.0083985	1030.0	1303.7	4.7200	2.3908	3.2676	668.49	0.036685	2.1638e-05	0.083429	supercritical
488.00	326.00	118.79	0.0084182	1032.6	1307.0	4.7267	2.3943	3.2693	668.83	0.036473	2.1646e-05	0.083563	supercritical
489.00	326.00	118.51	0.0084378	1035.2	1310.3	4.7334	2.3978	3.2710	669.16	0.036260	2.1654e-05	0.083698	supercritical
490.00	326.00	118.24	0.0084575	1037.8	1313.6	4.7401	2.4013	3.2728	669.50	0.036048	2.1662e-05	0.083833	supercritical
491.00	326.00	117.96	0.0084772	1040.5	1316.8	4.7468	2.4048	3.2745	669.84	0.035837	2.1670e-05	0.083969	supercritical
492.00	326.00	117.69	0.0084968	1043.1	1320.1	4.7535	2.4083	3.2763	670.18	0.035626	2.1679e-05	0.084106	supercritical
493.00	326.00	117.42	0.0085165	1045.7	1323.4	4.7601	2.4117	3.2781	670.52	0.035415	2.1687e-05	0.084243	supercritical
494.00	326.00	117.15	0.0085361	1048.4	1326.7	4.7668	2.4152	3.2799	670.86	0.035205	2.1696e-05	0.084381	supercritical
495.00	326.00	116.88	0.0085557	1051.0	1329.9	4.7734	2.4187	3.2817	671.21	0.034995	2.1704e-05	0.084519	supercritical
496.00	326.00	116.61	0.0085753	1053.7	1333.2	4.7800	2.4222	3.2835	671.55	0.034785	2.1713e-05	0.084658	supercritical
497.00	326.00	116.35	0.0085949	1056.3	1336.5	4.7866	2.4257	3.2854	671.90	0.034576	2.1722e-05	0.084798	supercritical
498.00	326.00	116.08	0.0086145	1059.0	1339.8	4.7932	2.4292	3.2872	672.24	0.034368	2.1731e-05	0.084938	supercritical
499.00	326.00	115.82	0.0086340	1061.6	1343.1	4.7998	2.4327	3.2891	672.59	0.034160	2.1740e-05	0.085078	supercritical
500.00	326.00	115.56	0.0086536	1064.3	1346.4	4.8064	2.4362	3.2910	672.93	0.033952	2.1749e-05	0.085220	supercritical
501.00	326.00	115.30	0.0086731	1066.9	1349.7	4.8130	2.4397	3.2929	673.28	0.033745	2.1759e-05	0.085361	supercritical
502.00	326.00	115.04	0.0086926	1069.6	1353.0	4.8196	2.4432	3.2948	673.63	0.033538	2.1768e-05	0.085504	supercritical
503.00	326.00	114.78	0.0087121	1072.2	1356.3	4.8261	2.4467	3.2967	673.98	0.033332	2.1777e-05	0.085647	supercritical
504.00	326.00	114.53	0.0087316	1074.9	1359.6	4.8327	2.4503	3.2987	674.33	0.033126	2.1787e-05	0.085790	supercritical
505.00	326.00	114.27	0.0087511	1077.6	1362.9	4.8392	2.4538	3.3006	674.68	0.032921	2.1797e-05	0.085934	supercritical
506.00	326.00	114.02	0.0087706	1080.2	1366.2	4.8457	2.4573	3.3026	675.03	0.032716	2.1806e-05	0.086078	supercritical
507.00	326.00	113.76	0.0087901	1082.9	1369.5	4.8523	2.4608	3.3046	675.39	0.032512	2.1816e-05	0.086223	supercritical
508.00	326.00	113.51	0.0088095	1085.6	1372.8	4.8588	2.4643	3.3065	675.74	0.032308	2.1826e-05	0.086369	supercritical
509.00	326.00	113.26	0.0088289	1088.2	1376.1	4.8653	2.4678	3.3085	676.09	0.032105	2.1836e-05	0.086515	supercritical
510.00	326.00	113.02	0.0088484	1090.9	1379.4	4.8718	2.4713	3.3106	676.45	0.031903	2.1846e-05	0.086662	supercritical
511.00	326.00	112.77	0.0088678	1093.6	1382.7	4.8783	2.4749	3.3126	676.80	0.031700	2.1856e-05	0.086809	supercritical
512.00	326.00	112.52	0.0088872	1096.3	1386.0	4.8848	2.4784	3.3146	677.16	0.031499	2.1867e-05	0.086956	supercritical
513.00	326.00	112.28	0.0089066	1099.0	1389.3	4.8912	2.4819	3.3167	677.51	0.031298	2.1877e-05	0.087104	supercritical
514.00	326.00	112.03	0.0089260	1101.7	1392.6	4.8977	2.4854	3.3187	677.87	0.031097	2.1887e-05	0.087253	supercritical
515.00	326.00	111.79	0.0089453	1104.3	1396.0	4.9041	2.4890	3.3208	678.23	0.030897	2.1898e-05	0.087402	supercritical
516.00	326.00	111.55	0.0089647	1107.0	1399.3	4.9106	2.4925	3.3229	678.59	0.030698	2.1909e-05	0.087552	supercritical
517.00	326.00	111.31	0.0089840	1109.7	1402.6	4.9170	2.4960	3.3250	678.95	0.030499	2.1919e-05	0.087702	supercritical
518.00	326.00	111.07	0.0090034	1112.4	1405.9	4.9234	2.4996	3.3271	679.30	0.030301	2.1930e-05	0.087853	supercritical
519.00	326.00	110.83	0.0090227	1115.1	1409.3	4.9299	2.5031	3.3292	679.66	0.030103	2.1941e-05	0.088004	supercritical
520.00	326.00	110.60	0.0090420	1117.8	1412.6	4.9363	2.5066	3.3313	680.03	0.029906	2.1952e-05	0.088155	supercritical
521.00	326.00	110.36	0.0090613	1120.5	1415.9	4.9427	2.5101	3.3335	680.39	0.029709	2.1963e-05	0.088307	supercritical
522.00	326.00	110.13	0.0090806	1123.2	1419.3	4.9491	2.5137	3.3356	680.75	0.029513	2.1974e-05	0.088460	supercritical
523.00	326.00	109.89	0.0090999	1125.9	1422.6	4.9555	2.5172	3.3378	681.11	0.029317	2.1985e-05	0.088613	supercritical
524.00	326.00	109.66	0.0091191	1128.6	1425.9	4.9618	2.5207	3.3399	681.47	0.029122	2.1996e-05	0.088766	supercritical
525.00	326.00	109.43	0.0091384	1131.4	1429.3	4.9682	2.5243	3.3421	681.84	0.028928	2.2007e-05	0.088920	supercritical
526.00	326.00	109.20	0.0091576	1134.1	1432.6	4.9746	2.5278	3.3443	682.20	0.028734	2.2019e-05	0.089075	supercritical
527.00	326.00	108.97	0.0091768	1136.8	1436.0	4.9809	2.5314	3.3465	682.56	0.028541	2.2030e-05	0.089230	supercritical
528.00	326.00	108.74	0.0091961	1139.5	1439.3	4.9873	2.5349	3.3487	682.93	0.028348	2.2041e-05	0.089385	supercritical
529.00	326.00	108.52	0.0092153	1142.2	1442.7	4.9936	2.5384	3.3509	683.29	0.028156	2.2053e-05	0.089541	supercritical
530.00	326.00	108.29	0.0092345	1145.0	1446.0	4.9999	2.5420	3.3532	683.66	0.027965	2.2065e-05	0.089697	supercritical
531.00	326.00	108.07	0.0092537	1147.7	1449.4	5.0063	2.5455	3.3554	684.03	0.027774	2.2076e-05	0.089854	supercritical
532.00	326.00	107.84	0.0092728	1150.4	1452.7	5.0126	2.5491	3.3577	684.39	0.027584	2.2088e-05	0.090011	supercritical
533.00	326.00	107.62	0.0092920	1153.2	1456.1	5.0189	2.5526	3.3599	684.76	0.027394	2.2100e-05	0.090168	supercritical
534.00	326.00	107.40	0.0093112	1155.9	1459.4	5.0252	2.5561	3.3622	685.13	0.027205	2.2112e-05	0.090326	supercritical
535.00	326.00	107.18	0.0093303	1158.6	1462.8	5.0315	2.5597	3.3644	685.49	0.027017	2.2124e-05	0.090485	supercritical
536.00	326.00	106.96	0.0093494	1161.4	1466.2	5.0378	2.5632	3.3667	685.86	0.026829	2.2136e-05	0.090644	supercritical
537.00	326.00	106.74	0.0093686	1164.1	1469.5	5.0440	2.5668	3.3690	686.23	0.026642	2.2148e-05	0.090803	supercritical
538.00	326.00	106.52	0.0093877	1166.9	1472.9	5.0503	2.5703	3.3713	686.60	0.026455	2.2160e-05	0.090963	supercritical
539.00	326.00	106.31	0.0094068	1169.6	1476.3	5.0566	2.5739	3.3736	686.97	0.026269	2.2172e-05	0.091123	supercritical
540.00	326.00	106.09	0.0094259	1172.4	1479.7	5.0628	2.5774	3.3760	687.34	0.026084	2.2184e-05	0.091283	supercritical
541.00	326.00	105.88	0.0094449	1175.1	1483.0	5.0691	2.5809	3.3783	687.71	0.025899	2.2197e-05	0.091444	supercritical
542.00	326.00	105.66	0.0094640	1177.9	1486.4	5.0753	2.5845	3.3806	688.08	0.025714	2.2209e-05	0.091605	supercritical
543.00	326.00	105.45	0.0094831	1180.6	1489.8	5.0815	2.5880	3.3830	688.45	0.025531	2.2222e-05	0.091767	supercritical
544.00	326.00	105.24	0.0095021	1183.4	1493.2	5.0878	2.5916	3.3853	688.82	0.025348	2.2234e-05	0.091929	supercritical
545.00	326.00	105.03	0.0095212	1186.2	1496.6	5.0940	2.5951	3.3877	689.19	0.025165	2.2247e-05	0.092092	supercritical
546.00	326.00	104.82	0.0095402	1188.9	1500.0	5.1002	2.5987	3.3900	689.56	0.024984	2.2259e-05	0.092255	supercritical
547.00	326.00	104.61	0.0095592	1191.7	1503.3	5.1064	2.6022	3.3924	689.94	0.024803	2.2272e-05	0.092418	supercritical
548.00	326.00	104.40	0.0095782	1194.5	1506.7	5.1126	2.6058	3.3948	690.31	0.024622	2.2285e-05	0.092582	supercritical
549.00	326.00	104.20	0.0095972	1197.3	1510.1	5.1188	2.6093	3.3972	690.68	0.024442	2.2297e-05	0.092746	supercritical
550.00	326.00	103.99	0.0096162	1200.0	1513.5	5.1250	2.6128	3.3996	691.05	0.024263	2.2310e-05	0.092911	supercritical
551.00	326.00	103.79	0.0096352	1202.8	1516.9	5.1312	2.6164	3.4020	691.43	0.024084	2.2323e-05	0.093076	supercritical
552.00	326.00	103.58	0.0096542	1205.6	1520.3	5.1373	2.6199	3.4044	691.80	0.023906	2.2336e-05	0.093241	supercritical
553.00	326.00	103.38	0.0096731	1208.4	1523.7	5.1435	2.6235	3.4068	692.18	0.023729	2.2349e-05	0.093407	supercritical
554.00	326.00	103.18	0.0096921	1211.2	1527.2	5.1497	2.6270	3.4092	692.55	0.023552	2.2362e-05	0.093573	supercritical
555.00	326.00	102.98	0.0097110	1214.0	1530.6	5.1558	2.6306	3.4117	692.92	0.023375	2.2375e-05	0.093740	supercritical
556.00	326.00	102.78	0.0097299	1216.8	1534.0	5.1619	2.6341	3.4141	693.30	0.023200	2.2388e-05	0.093906	supercritical
557.00	326.00	102.58	0.0097489	1219.6	1537.4	5.1681	2.6377	3.4166	693.67	0.023025	2.2401e-05	0.094074	supercritical
558.00	326.00	102.38	0.0097678	1222.4	1540.8	5.1742	2.6412	3.4190	694.05	0.022850	2.2415e-05	0.094241	supercritical
559.00	326.00	102.18	0.0097867	1225.2	1544.2	5.1803	2.6448	3.4215	694.42	0.022677	2.2428e-05	0.094409	supercritical
560.00	326.00	101.98	0.0098056	1228.0	1547.7	5.1865	2.6483	3.4240	694.80	0.022504	2.2441e-05	0.094577	supercritical
561.00	326.00	101.79	0.0098244	1230.8	1551.1	5.1926	2.6518	3.4264	695.18	0.022331	2.2455e-05	0.094746	supercritical
562.00	326.00	101.59	0.0098433	1233.6	1554.5	5.1987	2.6554	3.4289	695.55	0.022159	2.2468e-05	0.094915	supercritical
563.00	326.00	101.40	0.0098622	1236.4	1557.9	5.2048	2.6589	3.4314	695.93	0.021988	2.2481e-05	0.095085	supercritical
564.00	326.00	101.20	0.0098810	1239.2	1561.4	5.2109	2.6625	3.4339	696.31	0.021817	2.2495e-05	0.095254	supercritical
565.00	326.00	101.01	0.0098999	1242.1	1564.8	5.2169	2.6660	3.4364	696.68	0.021647	2.2509e-05	0.095425	supercritical
566.00	326.00	100.82	0.0099187	1244.9	1568.2	5.2230	2.6696	3.4389	697.06	0.021478	2.2522e-05	0.095595	supercritical
567.00	326.00	100.63	0.0099375	1247.7	1571.7	5.2291	2.6731	3.4414	697.44	0.021309	2.2536e-05	0.095766	supercritical
568.00	326.00	100.44	0.0099563	1250.5	1575.1	5.2352	2.6766	3.4439	697.81	0.021140	2.2549e-05	0.095937	supercritical
569.00	326.00	100.25	0.0099751	1253.4	1578.6	5.2412	2.6802	3.4465	698.19	0.020973	2.2563e-05	0.096108	supercritical
570.00	326.00	100.06	0.0099939	1256.2	1582.0	5.2473	2.6837	3.4490	698.57	0.020806	2.2577e-05	0.096280	supercritical
571.00	326.00	99.873	0.010013	1259.1	1585.5	5.2533	2.6873	3.4515	698.95	0.020639	2.2591e-05	0.096452	supercritical
572.00	326.00	99.686	0.010032	1261.9	1588.9	5.2594	2.6908	3.4541	699.32	0.020474	2.2605e-05	0.096625	supercritical
573.00	326.00	99.500	0.010050	1264.7	1592.4	5.2654	2.6943	3.4566	699.70	0.020309	2.2619e-05	0.096798	supercritical
574.00	326.00	99.314	0.010069	1267.6	1595.8	5.2714	2.6979	3.4592	700.08	0.020144	2.2633e-05	0.096971	supercritical
575.00	326.00	99.130	0.010088	1270.4	1599.3	5.2775	2.7014	3.4617	700.46	0.019980	2.2647e-05	0.097145	supercritical
576.00	326.00	98.946	0.010107	1273.3	1602.8	5.2835	2.7049	3.4643	700.84	0.019817	2.2661e-05	0.097318	supercritical
577.00	326.00	98.763	0.010125	1276.1	1606.2	5.2895	2.7085	3.4669	701.22	0.019654	2.2675e-05	0.097493	supercritical
578.00	326.00	98.581	0.010144	1279.0	1609.7	5.2955	2.7120	3.4694	701.60	0.019492	2.2689e-05	0.097667	supercritical
579.00	326.00	98.399	0.010163	1281.9	1613.2	5.3015	2.7156	3.4720	701.98	0.019330	2.2703e-05	0.097842	supercritical
580.00	326.00	98.218	0.010181	1284.7	1616.6	5.3075	2.7191	3.4746	702.36	0.019169	2.2717e-05	0.098017	supercritical
581.00	326.00	98.038	0.010200	1287.6	1620.1	5.3135	2.7226	3.4772	702.73	0.019009	2.2731e-05	0.098193	supercritical
582.00	326.00	97.859	0.010219	1290.5	1623.6	5.3195	2.7262	3.4798	703.11	0.018849	2.2746e-05	0.098368	supercritical
583.00	326.00	97.680	0.010237	1293.3	1627.1	5.3254	2.7297	3.4824	703.49	0.018690	2.2760e-05	0.098544	supercritical
584.00	326.00	97.502	0.010256	1296.2	1630.6	5.3314	2.7332	3.4850	703.87	0.018532	2.2774e-05	0.098721	supercritical
585.00	326.00	97.325	0.010275	1299.1	1634.0	5.3374	2.7367	3.4876	704.25	0.018374	2.2789e-05	0.098897	supercritical
586.00	326.00	97.149	0.010293	1302.0	1637.5	5.3433	2.7403	3.4902	704.63	0.018217	2.2803e-05	0.099074	supercritical
587.00	326.00	96.973	0.010312	1304.8	1641.0	5.3493	2.7438	3.4928	705.01	0.018060	2.2817e-05	0.099252	supercritical
588.00	326.00	96.798	0.010331	1307.7	1644.5	5.3552	2.7473	3.4955	705.39	0.017904	2.2832e-05	0.099429	supercritical
589.00	326.00	96.624	0.010349	1310.6	1648.0	5.3612	2.7509	3.4981	705.77	0.017748	2.2846e-05	0.099607	supercritical
590.00	326.00	96.451	0.010368	1313.5	1651.5	5.3671	2.7544	3.5007	706.15	0.017593	2.2861e-05	0.099786	supercritical
591.00	326.00	96.278	0.010387	1316.4	1655.0	5.3730	2.7579	3.5034	706.54	0.017439	2.2875e-05	0.099964	supercritical
592.00	326.00	96.106	0.010405	1319.3	1658.5	5.3790	2.7614	3.5060	706.92	0.017285	2.2890e-05	0.10014	supercritical
593.00	326.00	95.934	0.010424	1322.2	1662.0	5.3849	2.7650	3.5087	707.30	0.017132	2.2905e-05	0.10032	supercritical
594.00	326.00	95.763	0.010442	1325.1	1665.5	5.3908	2.7685	3.5113	707.68	0.016979	2.2919e-05	0.10050	supercritical
595.00	326.00	95.593	0.010461	1328.0	1669.0	5.3967	2.7720	3.5140	708.06	0.016828	2.2934e-05	0.10068	supercritical
596.00	326.00	95.424	0.010480	1330.9	1672.6	5.4026	2.7755	3.5166	708.44	0.016676	2.2949e-05	0.10086	supercritical
597.00	326.00	95.255	0.010498	1333.8	1676.1	5.4085	2.7790	3.5193	708.82	0.016525	2.2964e-05	0.10104	supercritical
598.00	326.00	95.087	0.010517	1336.8	1679.6	5.4144	2.7826	3.5219	709.20	0.016375	2.2978e-05	0.10122	supercritical
599.00	326.00	94.920	0.010535	1339.7	1683.1	5.4203	2.7861	3.5246	709.58	0.016225	2.2993e-05	0.10140	supercritical
600.00	326.00	94.753	0.010554	1342.6	1686.6	5.4262	2.7896	3.5273	709.96	0.016076	2.3008e-05	0.10158	supercritical
601.00	326.00	94.587	0.010572	1345.5	1690.2	5.4320	2.7931	3.5300	710.34	0.015928	2.3023e-05	0.10177	supercritical
602.00	326.00	94.421	0.010591	1348.4	1693.7	5.4379	2.7966	3.5327	710.73	0.015780	2.3038e-05	0.10195	supercritical
603.00	326.00	94.257	0.010609	1351.4	1697.2	5.4438	2.8001	3.5353	711.11	0.015633	2.3053e-05	0.10213	supercritical
604.00	326.00	94.093	0.010628	1354.3	1700.8	5.4496	2.8037	3.5380	711.49	0.015486	2.3068e-05	0.10231	supercritical
605.00	326.00	93.929	0.010646	1357.2	1704.3	5.4555	2.8072	3.5407	711.87	0.015340	2.3083e-05	0.10249	supercritical
606.00	326.00	93.766	0.010665	1360.2	1707.9	5.4613	2.8107	3.5434	712.25	0.015194	2.3098e-05	0.10268	supercritical
607.00	326.00	93.604	0.010683	1363.1	1711.4	5.4672	2.8142	3.5461	712.63	0.015049	2.3113e-05	0.10286	supercritical
608.00	326.00	93.442	0.010702	1366.1	1715.0	5.4730	2.8177	3.5488	713.01	0.014905	2.3128e-05	0.10304	supercritical
609.00	326.00	93.281	0.010720	1369.0	1718.5	5.4789	2.8212	3.5515	713.40	0.014761	2.3143e-05	0.10323	supercritical
610.00	326.00	93.121	0.010739	1372.0	1722.1	5.4847	2.8247	3.5543	713.78	0.014617	2.3158e-05	0.10341	supercritical
611.00	326.00	92.961	0.010757	1374.9	1725.6	5.4905	2.8282	3.5570	714.16	0.014475	2.3173e-05	0.10359	supercritical
612.00	326.00	92.802	0.010776	1377.9	1729.2	5.4963	2.8317	3.5597	714.54	0.014332	2.3189e-05	0.10378	supercritical
613.00	326.00	92.644	0.010794	1380.8	1732.7	5.5021	2.8352	3.5624	714.92	0.014191	2.3204e-05	0.10396	supercritical
614.00	326.00	92.486	0.010812	1383.8	1736.3	5.5080	2.8387	3.5651	715.30	0.014050	2.3219e-05	0.10415	supercritical
615.00	326.00	92.328	0.010831	1386.8	1739.9	5.5138	2.8422	3.5679	715.69	0.013909	2.3234e-05	0.10433	supercritical
616.00	326.00	92.172	0.010849	1389.7	1743.4	5.5196	2.8457	3.5706	716.07	0.013769	2.3250e-05	0.10452	supercritical
617.00	326.00	92.016	0.010868	1392.7	1747.0	5.5253	2.8492	3.5733	716.45	0.013630	2.3265e-05	0.10470	supercritical
618.00	326.00	91.860	0.010886	1395.7	1750.6	5.5311	2.8527	3.5761	716.83	0.013491	2.3280e-05	0.10489	supercritical
619.00	326.00	91.705	0.010905	1398.7	1754.2	5.5369	2.8562	3.5788	717.21	0.013352	2.3296e-05	0.10508	supercritical
620.00	326.00	91.551	0.010923	1401.6	1757.7	5.5427	2.8597	3.5815	717.59	0.013215	2.3311e-05	0.10526	supercritical
621.00	326.00	91.397	0.010941	1404.6	1761.3	5.5485	2.8632	3.5843	717.98	0.013077	2.3327e-05	0.10545	supercritical
622.00	326.00	91.244	0.010960	1407.6	1764.9	5.5542	2.8667	3.5870	718.36	0.012941	2.3342e-05	0.10564	supercritical
623.00	326.00	91.091	0.010978	1410.6	1768.5	5.5600	2.8701	3.5898	718.74	0.012804	2.3358e-05	0.10582	supercritical
624.00	326.00	90.939	0.010996	1413.6	1772.1	5.5658	2.8736	3.5925	719.12	0.012669	2.3373e-05	0.10601	supercritical
625.00	326.00	90.788	0.011015	1416.6	1775.7	5.5715	2.8771	3.5953	719.50	0.012534	2.3389e-05	0.10620	supercritical
