Temperature (K)	Pressure (bar)	Density (kg/m3)	Volume (m3/kg)	Internal Energy (kJ/kg)	Enthalpy (kJ/kg)	Entropy (J/g*K)	Cv (J/g*K)	Cp (J/g*K)	Sound Spd. (m/s)	Joule-Thomson (K/bar)	Viscosity (Pa*s)	Therm. Cond. (W/m*K)	Phase
60.000	109.00	1294.7	0.00077236	-185.84	-177.42	2.2289	1.0927	1.6512	1156.9	-0.037676	0.00062955	0.19831	liquid
63.233	109.00	1281.1	0.00078060	-180.58	-172.07	2.3157	1.0699	1.6570	1141.9	-0.037219	0.00054075	0.19406	liquid
66.467	109.00	1267.3	0.00078911	-175.31	-166.71	2.3984	1.0519	1.6588	1122.3	-0.036882	0.00046938	0.18981	liquid
69.700	109.00	1253.4	0.00079785	-170.05	-161.35	2.4772	1.0360	1.6581	1100.4	-0.036599	0.00041158	0.18556	liquid
72.933	109.00	1239.4	0.00080683	-164.78	-155.99	2.5524	1.0210	1.6563	1077.5	-0.036319	0.00036434	0.18131	liquid
76.167	109.00	1225.4	0.00081606	-159.53	-150.64	2.6242	1.0065	1.6542	1054.2	-0.036009	0.00032534	0.17707	liquid
79.400	109.00	1211.3	0.00082555	-154.29	-145.29	2.6929	0.99261	1.6525	1030.8	-0.035643	0.00029280	0.17282	liquid
82.633	109.00	1197.1	0.00083533	-149.06	-139.95	2.7588	0.97914	1.6516	1007.3	-0.035203	0.00026539	0.16857	liquid
85.867	109.00	1182.8	0.00084543	-143.83	-134.61	2.8222	0.96616	1.6518	983.86	-0.034677	0.00024204	0.16432	liquid
89.100	109.00	1168.4	0.00085588	-138.60	-129.27	2.8833	0.95368	1.6532	960.46	-0.034053	0.00022196	0.16005	liquid
92.333	109.00	1153.8	0.00086670	-133.37	-123.92	2.9423	0.94170	1.6559	937.09	-0.033321	0.00020451	0.15578	liquid
95.567	109.00	1139.0	0.00087795	-128.13	-118.56	2.9993	0.93022	1.6599	913.71	-0.032471	0.00018921	0.15149	liquid
98.800	109.00	1124.0	0.00088965	-122.88	-113.18	3.0547	0.91923	1.6654	890.31	-0.031491	0.00017566	0.14720	liquid
102.03	109.00	1108.8	0.00090187	-117.62	-107.79	3.1084	0.90872	1.6724	866.84	-0.030369	0.00016357	0.14290	liquid
105.27	109.00	1093.3	0.00091464	-112.34	-102.37	3.1607	0.89868	1.6809	843.28	-0.029089	0.00015268	0.13860	liquid
108.50	109.00	1077.5	0.00092804	-107.03	-96.915	3.2117	0.88909	1.6912	819.60	-0.027635	0.00014280	0.13429	liquid
111.73	109.00	1061.4	0.00094212	-101.70	-91.428	3.2615	0.87995	1.7032	795.76	-0.025984	0.00013377	0.12999	liquid
114.97	109.00	1045.0	0.00095698	-96.330	-85.899	3.3103	0.87125	1.7172	771.75	-0.024112	0.00012548	0.12570	liquid
118.20	109.00	1028.1	0.00097270	-90.923	-80.321	3.3582	0.86299	1.7335	747.53	-0.021987	0.00011780	0.12142	liquid
121.43	109.00	1010.7	0.00098938	-85.471	-74.687	3.4052	0.85517	1.7522	723.06	-0.019572	0.00011066	0.11715	liquid
124.67	109.00	992.88	0.0010072	-79.965	-68.987	3.4515	0.84780	1.7738	698.33	-0.016821	0.00010399	0.11289	liquid
127.90	109.00	974.46	0.0010262	-74.398	-63.213	3.4972	0.84089	1.7986	673.29	-0.013678	9.7731e-05	0.10866	liquid
131.13	109.00	955.40	0.0010467	-68.761	-57.352	3.5425	0.83448	1.8273	647.90	-0.010074	9.1834e-05	0.10444	liquid
134.37	109.00	935.60	0.0010688	-63.041	-51.391	3.5874	0.82859	1.8606	622.15	-0.0059200	8.6260e-05	0.10025	liquid
137.60	109.00	914.98	0.0010929	-57.227	-45.314	3.6321	0.82326	1.8994	595.98	-0.0011072	8.0974e-05	0.096100	liquid
140.83	109.00	893.39	0.0011193	-51.301	-39.101	3.6767	0.81856	1.9449	569.36	0.0045047	7.5948e-05	0.091984	liquid
144.07	109.00	870.69	0.0011485	-45.247	-32.728	3.7215	0.81455	1.9986	542.26	0.011096	7.1154e-05	0.087912	liquid
147.30	109.00	846.69	0.0011811	-39.039	-26.165	3.7665	0.81132	2.0626	514.66	0.018900	6.6569e-05	0.083887	liquid
150.53	109.00	821.16	0.0012178	-32.649	-19.376	3.8121	0.80898	2.1395	486.57	0.028221	6.2171e-05	0.079913	liquid
153.77	109.00	793.82	0.0012597	-26.043	-12.312	3.8585	0.80765	2.2328	458.04	0.039454	5.7940e-05	0.075993	liquid
157.00	109.00	764.30	0.0013084	-19.176	-4.9146	3.9061	0.80743	2.3466	429.20	0.053111	5.3855e-05	0.072129	supercritical
160.23	109.00	732.20	0.0013658	-11.996	2.8906	3.9553	0.80836	2.4860	400.34	0.069834	4.9897e-05	0.068320	supercritical
163.47	109.00	697.03	0.0014346	-4.4447	11.193	4.0066	0.81030	2.6545	371.91	0.090368	4.6052e-05	0.064560	supercritical
166.70	109.00	658.42	0.0015188	3.5302	20.085	4.0605	0.81287	2.8493	344.68	0.11539	4.2314e-05	0.060843	supercritical
169.93	109.00	616.29	0.0016226	11.940	29.626	4.1172	0.81538	3.0507	319.74	0.14512	3.8708e-05	0.057158	supercritical
173.17	109.00	571.41	0.0017501	20.698	39.774	4.1763	0.81689	3.2151	298.41	0.17877	3.5299e-05	0.053509	supercritical
176.40	109.00	525.68	0.0019023	29.581	50.316	4.2366	0.81626	3.2863	281.77	0.21421	3.2198e-05	0.049938	supercritical
179.63	109.00	481.77	0.0020757	38.256	60.881	4.2960	0.81261	3.2259	270.24	0.24801	2.9527e-05	0.046545	supercritical
182.87	109.00	442.13	0.0022618	46.397	71.050	4.3521	0.80593	3.0497	263.35	0.27675	2.7359e-05	0.043472	supercritical
186.10	109.00	407.93	0.0024514	53.823	80.543	4.4036	0.79716	2.8185	260.02	0.29879	2.5679e-05	0.040833	supercritical
189.33	109.00	379.07	0.0026380	60.522	89.277	4.4501	0.78744	2.5865	259.08	0.31442	2.4411e-05	0.038654	supercritical
192.57	109.00	354.78	0.0028186	66.574	97.297	4.4921	0.77764	2.3793	259.65	0.32474	2.3464e-05	0.036893	supercritical
195.80	109.00	334.22	0.0029920	72.083	104.70	4.5302	0.76826	2.2029	261.15	0.33095	2.2757e-05	0.035480	supercritical
199.03	109.00	316.62	0.0031583	77.148	111.57	4.5650	0.75955	2.0554	263.22	0.33404	2.2230e-05	0.034347	supercritical
202.27	109.00	301.39	0.0033179	81.849	118.01	4.5971	0.75159	1.9323	265.64	0.33479	2.1836e-05	0.033437	supercritical
205.50	109.00	288.06	0.0034714	86.252	124.09	4.6269	0.74439	1.8291	268.27	0.33381	2.1545e-05	0.032704	supercritical
208.73	109.00	276.28	0.0036195	90.408	129.86	4.6548	0.73791	1.7421	271.02	0.33152	2.1332e-05	0.032114	supercritical
211.97	109.00	265.77	0.0037627	94.357	135.37	4.6810	0.73208	1.6681	273.83	0.32828	2.1182e-05	0.031638	supercritical
215.20	109.00	256.31	0.0039015	98.132	140.66	4.7058	0.72685	1.6046	276.68	0.32432	2.1080e-05	0.031257	supercritical
218.43	109.00	247.74	0.0040364	101.76	145.76	4.7293	0.72216	1.5497	279.53	0.31986	2.1017e-05	0.030952	supercritical
221.67	109.00	239.93	0.0041679	105.26	150.69	4.7517	0.71794	1.5019	282.38	0.31502	2.0986e-05	0.030712	supercritical
224.90	109.00	232.77	0.0042962	108.65	155.47	4.7731	0.71415	1.4599	285.20	0.30992	2.0981e-05	0.030525	supercritical
228.13	109.00	226.16	0.0044216	111.94	160.13	4.7937	0.71073	1.4229	287.99	0.30465	2.0998e-05	0.030384	supercritical
231.37	109.00	220.05	0.0045445	115.15	164.68	4.8135	0.70766	1.3901	290.75	0.29927	2.1033e-05	0.030281	supercritical
234.60	109.00	214.36	0.0046650	118.28	169.13	4.8326	0.70488	1.3607	293.48	0.29382	2.1084e-05	0.030211	supercritical
237.83	109.00	209.06	0.0047833	121.34	173.48	4.8510	0.70237	1.3344	296.16	0.28836	2.1147e-05	0.030170	supercritical
241.07	109.00	204.09	0.0048997	124.35	177.76	4.8689	0.70010	1.3107	298.81	0.28291	2.1221e-05	0.030154	supercritical
244.30	109.00	199.43	0.0050143	127.31	181.96	4.8862	0.69804	1.2893	301.43	0.27750	2.1304e-05	0.030159	supercritical
247.53	109.00	195.04	0.0051272	130.21	186.10	4.9030	0.69618	1.2698	304.00	0.27213	2.1396e-05	0.030183	supercritical
250.77	109.00	190.89	0.0052385	133.07	190.17	4.9194	0.69450	1.2520	306.54	0.26682	2.1495e-05	0.030223	supercritical
254.00	109.00	186.97	0.0053484	135.90	194.20	4.9353	0.69298	1.2357	309.04	0.26159	2.1600e-05	0.030279	supercritical
257.23	109.00	183.25	0.0054570	138.68	198.17	4.9508	0.69160	1.2208	311.51	0.25644	2.1710e-05	0.030347	supercritical
260.47	109.00	179.72	0.0055644	141.44	202.09	4.9660	0.69035	1.2071	313.94	0.25138	2.1824e-05	0.030427	supercritical
263.70	109.00	176.35	0.0056705	144.16	205.97	4.9808	0.68923	1.1945	316.33	0.24640	2.1943e-05	0.030517	supercritical
266.93	109.00	173.14	0.0057756	146.86	209.82	4.9953	0.68822	1.1828	318.70	0.24152	2.2065e-05	0.030616	supercritical
270.17	109.00	170.08	0.0058797	149.53	213.62	5.0095	0.68731	1.1720	321.03	0.23673	2.2191e-05	0.030724	supercritical
273.40	109.00	167.15	0.0059828	152.18	217.40	5.0234	0.68650	1.1619	323.33	0.23203	2.2319e-05	0.030839	supercritical
276.63	109.00	164.34	0.0060850	154.81	221.14	5.0370	0.68578	1.1526	325.60	0.22743	2.2449e-05	0.030961	supercritical
279.87	109.00	161.65	0.0061863	157.42	224.85	5.0503	0.68514	1.1439	327.84	0.22292	2.2582e-05	0.031089	supercritical
283.10	109.00	159.06	0.0062869	160.01	228.54	5.0634	0.68458	1.1358	330.05	0.21851	2.2717e-05	0.031223	supercritical
286.33	109.00	156.58	0.0063866	162.58	232.20	5.0763	0.68409	1.1282	332.23	0.21418	2.2853e-05	0.031361	supercritical
289.57	109.00	154.19	0.0064857	165.14	235.83	5.0889	0.68366	1.1211	334.39	0.20995	2.2990e-05	0.031504	supercritical
292.80	109.00	151.88	0.0065840	167.68	239.45	5.1013	0.68330	1.1144	336.52	0.20580	2.3129e-05	0.031651	supercritical
296.03	109.00	149.66	0.0066818	170.21	243.04	5.1135	0.68301	1.1082	338.63	0.20174	2.3270e-05	0.031802	supercritical
299.27	109.00	147.52	0.0067788	172.72	246.61	5.1255	0.68276	1.1024	340.71	0.19777	2.3411e-05	0.031955	supercritical
302.50	109.00	145.45	0.0068753	175.23	250.17	5.1373	0.68258	1.0969	342.77	0.19387	2.3553e-05	0.032110	supercritical
305.73	109.00	143.45	0.0069713	177.72	253.71	5.1490	0.68244	1.0918	344.81	0.19006	2.3695e-05	0.032267	supercritical
308.97	109.00	141.51	0.0070667	180.20	257.23	5.1604	0.68235	1.0869	346.82	0.18633	2.3839e-05	0.032415	supercritical
312.20	109.00	139.63	0.0071616	182.67	260.74	5.1717	0.68231	1.0824	348.81	0.18267	2.3983e-05	0.032583	supercritical
315.43	109.00	137.82	0.0072560	185.14	264.23	5.1828	0.68231	1.0781	350.78	0.17910	2.4127e-05	0.032760	supercritical
318.67	109.00	136.06	0.0073499	187.59	267.71	5.1938	0.68235	1.0740	352.73	0.17559	2.4272e-05	0.032939	supercritical
321.90	109.00	134.35	0.0074434	190.04	271.17	5.2046	0.68243	1.0702	354.66	0.17215	2.4417e-05	0.033119	supercritical
325.13	109.00	132.69	0.0075365	192.48	274.63	5.2153	0.68255	1.0666	356.57	0.16879	2.4562e-05	0.033301	supercritical
328.37	109.00	131.08	0.0076291	194.91	278.07	5.2259	0.68271	1.0632	358.46	0.16549	2.4708e-05	0.033484	supercritical
331.60	109.00	129.51	0.0077214	197.34	281.50	5.2363	0.68290	1.0601	360.33	0.16226	2.4854e-05	0.033669	supercritical
334.83	109.00	127.99	0.0078133	199.76	284.93	5.2465	0.68313	1.0570	362.19	0.15909	2.5000e-05	0.033855	supercritical
338.07	109.00	126.51	0.0079048	202.18	288.34	5.2567	0.68339	1.0542	364.02	0.15599	2.5146e-05	0.034042	supercritical
341.30	109.00	125.06	0.0079959	204.59	291.74	5.2667	0.68368	1.0515	365.84	0.15295	2.5292e-05	0.034231	supercritical
344.53	109.00	123.66	0.0080867	206.99	295.14	5.2766	0.68400	1.0490	367.65	0.14997	2.5438e-05	0.034420	supercritical
347.77	109.00	122.29	0.0081772	209.40	298.53	5.2864	0.68435	1.0466	369.43	0.14704	2.5585e-05	0.034610	supercritical
351.00	109.00	120.96	0.0082674	211.79	301.91	5.2961	0.68472	1.0444	371.21	0.14417	2.5731e-05	0.034801	supercritical
354.23	109.00	119.66	0.0083573	214.19	305.28	5.3056	0.68513	1.0423	372.96	0.14136	2.5877e-05	0.034993	supercritical
357.47	109.00	118.39	0.0084469	216.58	308.65	5.3151	0.68555	1.0403	374.70	0.13860	2.6023e-05	0.035186	supercritical
360.70	109.00	117.15	0.0085362	218.96	312.01	5.3244	0.68601	1.0384	376.43	0.13590	2.6169e-05	0.035379	supercritical
363.93	109.00	115.94	0.0086252	221.35	315.36	5.3337	0.68648	1.0367	378.14	0.13324	2.6314e-05	0.035573	supercritical
367.17	109.00	114.76	0.0087140	223.73	318.71	5.3429	0.68698	1.0350	379.83	0.13064	2.6460e-05	0.035768	supercritical
370.40	109.00	113.60	0.0088025	226.11	322.06	5.3519	0.68750	1.0335	381.52	0.12808	2.6606e-05	0.035963	supercritical
373.63	109.00	112.48	0.0088908	228.49	325.40	5.3609	0.68804	1.0320	383.19	0.12557	2.6751e-05	0.036159	supercritical
376.87	109.00	111.37	0.0089788	230.86	328.73	5.3698	0.68861	1.0306	384.84	0.12311	2.6896e-05	0.036355	supercritical
380.10	109.00	110.29	0.0090666	233.23	332.06	5.3786	0.68919	1.0294	386.49	0.12069	2.7041e-05	0.036552	supercritical
383.33	109.00	109.24	0.0091542	235.61	335.39	5.3873	0.68979	1.0282	388.12	0.11832	2.7186e-05	0.036749	supercritical
386.57	109.00	108.21	0.0092416	237.98	338.71	5.3959	0.69041	1.0270	389.74	0.11599	2.7330e-05	0.036946	supercritical
389.80	109.00	107.20	0.0093287	240.34	342.03	5.4045	0.69104	1.0260	391.35	0.11370	2.7474e-05	0.037144	supercritical
393.03	109.00	106.21	0.0094157	242.71	345.34	5.4130	0.69170	1.0250	392.94	0.11146	2.7618e-05	0.037342	supercritical
396.27	109.00	105.24	0.0095025	245.08	348.66	5.4214	0.69237	1.0241	394.53	0.10925	2.7762e-05	0.037540	supercritical
399.50	109.00	104.29	0.0095890	247.45	351.97	5.4297	0.69305	1.0233	396.10	0.10708	2.7906e-05	0.037739	supercritical
402.73	109.00	103.35	0.0096754	249.81	355.27	5.4379	0.69375	1.0225	397.66	0.10495	2.8049e-05	0.037937	supercritical
405.97	109.00	102.44	0.0097616	252.18	358.58	5.4461	0.69447	1.0218	399.21	0.10286	2.8192e-05	0.038136	supercritical
409.20	109.00	101.55	0.0098477	254.54	361.88	5.4542	0.69519	1.0212	400.75	0.10081	2.8335e-05	0.038336	supercritical
412.43	109.00	100.67	0.0099335	256.91	365.18	5.4622	0.69594	1.0206	402.28	0.098790	2.8477e-05	0.038535	supercritical
415.67	109.00	99.808	0.010019	259.27	368.48	5.4702	0.69669	1.0200	403.80	0.096806	2.8619e-05	0.038735	supercritical
418.90	109.00	98.963	0.010105	261.64	371.78	5.4781	0.69745	1.0195	405.31	0.094856	2.8761e-05	0.038934	supercritical
422.13	109.00	98.134	0.010190	264.00	375.07	5.4859	0.69823	1.0191	406.81	0.092940	2.8903e-05	0.039134	supercritical
425.37	109.00	97.320	0.010275	266.37	378.37	5.4937	0.69902	1.0187	408.30	0.091057	2.9044e-05	0.039334	supercritical
428.60	109.00	96.521	0.010360	268.73	381.66	5.5014	0.69982	1.0183	409.78	0.089205	2.9185e-05	0.039534	supercritical
431.83	109.00	95.736	0.010445	271.10	384.95	5.5091	0.70063	1.0180	411.26	0.087385	2.9326e-05	0.039734	supercritical
435.07	109.00	94.965	0.010530	273.47	388.25	5.5167	0.70145	1.0178	412.72	0.085596	2.9466e-05	0.039935	supercritical
438.30	109.00	94.208	0.010615	275.83	391.54	5.5242	0.70227	1.0175	414.17	0.083836	2.9606e-05	0.040135	supercritical
441.53	109.00	93.463	0.010699	278.20	394.83	5.5317	0.70311	1.0174	415.62	0.082106	2.9746e-05	0.040335	supercritical
444.77	109.00	92.732	0.010784	280.57	398.12	5.5391	0.70396	1.0172	417.06	0.080404	2.9886e-05	0.040535	supercritical
448.00	109.00	92.013	0.010868	282.94	401.40	5.5465	0.70481	1.0171	418.49	0.078731	3.0025e-05	0.040736	supercritical
451.23	109.00	91.306	0.010952	285.31	404.69	5.5538	0.70567	1.0170	419.91	0.077085	3.0164e-05	0.040936	supercritical
454.47	109.00	90.610	0.011036	287.69	407.98	5.5611	0.70654	1.0170	421.32	0.075466	3.0302e-05	0.041136	supercritical
457.70	109.00	89.926	0.011120	290.06	411.27	5.5683	0.70741	1.0169	422.73	0.073873	3.0441e-05	0.041337	supercritical
460.93	109.00	89.254	0.011204	292.43	414.56	5.5754	0.70829	1.0169	424.12	0.072306	3.0579e-05	0.041537	supercritical
464.17	109.00	88.592	0.011288	294.81	417.85	5.5825	0.70918	1.0170	425.52	0.070765	3.0716e-05	0.041737	supercritical
467.40	109.00	87.941	0.011371	297.19	421.13	5.5896	0.71007	1.0170	426.90	0.069248	3.0854e-05	0.041937	supercritical
470.63	109.00	87.300	0.011455	299.57	424.42	5.5966	0.71096	1.0171	428.27	0.067755	3.0991e-05	0.042137	supercritical
473.87	109.00	86.669	0.011538	301.95	427.71	5.6036	0.71187	1.0173	429.64	0.066287	3.1128e-05	0.042338	supercritical
477.10	109.00	86.048	0.011621	304.33	431.00	5.6105	0.71277	1.0174	431.00	0.064841	3.1264e-05	0.042538	supercritical
480.33	109.00	85.436	0.011705	306.71	434.29	5.6174	0.71368	1.0176	432.36	0.063418	3.1400e-05	0.042738	supercritical
483.57	109.00	84.834	0.011788	309.09	437.58	5.6242	0.71460	1.0177	433.71	0.062018	3.1536e-05	0.042938	supercritical
486.80	109.00	84.241	0.011871	311.48	440.87	5.6310	0.71551	1.0180	435.05	0.060639	3.1671e-05	0.043137	supercritical
490.03	109.00	83.657	0.011954	313.87	444.16	5.6377	0.71644	1.0182	436.38	0.059282	3.1807e-05	0.043337	supercritical
493.27	109.00	83.081	0.012036	316.26	447.46	5.6444	0.71736	1.0184	437.71	0.057946	3.1941e-05	0.043537	supercritical
496.50	109.00	82.514	0.012119	318.65	450.75	5.6511	0.71829	1.0187	439.03	0.056630	3.2076e-05	0.043736	supercritical
499.73	109.00	81.955	0.012202	321.04	454.04	5.6577	0.71922	1.0190	440.35	0.055335	3.2210e-05	0.043936	supercritical
502.97	109.00	81.405	0.012284	323.44	457.34	5.6642	0.72015	1.0193	441.66	0.054060	3.2344e-05	0.044135	supercritical
506.20	109.00	80.862	0.012367	325.84	460.64	5.6708	0.72108	1.0196	442.96	0.052804	3.2478e-05	0.044334	supercritical
509.43	109.00	80.327	0.012449	328.24	463.93	5.6773	0.72202	1.0199	444.26	0.051567	3.2611e-05	0.044534	supercritical
512.67	109.00	79.799	0.012531	330.64	467.23	5.6837	0.72295	1.0203	445.55	0.050348	3.2744e-05	0.044733	supercritical
515.90	109.00	79.279	0.012614	333.04	470.53	5.6901	0.72389	1.0207	446.84	0.049148	3.2877e-05	0.044932	supercritical
519.13	109.00	78.766	0.012696	335.45	473.83	5.6965	0.72483	1.0210	448.12	0.047966	3.3010e-05	0.045130	supercritical
522.37	109.00	78.260	0.012778	337.85	477.13	5.7029	0.72577	1.0214	449.40	0.046802	3.3142e-05	0.045329	supercritical
525.60	109.00	77.761	0.012860	340.26	480.44	5.7092	0.72671	1.0218	450.67	0.045654	3.3274e-05	0.045528	supercritical
528.83	109.00	77.268	0.012942	342.67	483.74	5.7154	0.72765	1.0222	451.93	0.044524	3.3405e-05	0.045726	supercritical
532.07	109.00	76.782	0.013024	345.09	487.05	5.7217	0.72859	1.0227	453.19	0.043410	3.3536e-05	0.045924	supercritical
535.30	109.00	76.303	0.013106	347.50	490.35	5.7279	0.72953	1.0231	454.44	0.042313	3.3667e-05	0.046123	supercritical
538.53	109.00	75.830	0.013187	349.92	493.66	5.7340	0.73047	1.0236	455.69	0.041231	3.3798e-05	0.046321	supercritical
541.77	109.00	75.363	0.013269	352.34	496.97	5.7402	0.73142	1.0240	456.94	0.040166	3.3928e-05	0.046518	supercritical
545.00	109.00	74.903	0.013351	354.76	500.28	5.7462	0.73236	1.0245	458.18	0.039115	3.4059e-05	0.046716	supercritical
548.23	109.00	74.448	0.013432	357.19	503.60	5.7523	0.73329	1.0250	459.41	0.038080	3.4188e-05	0.046914	supercritical
551.47	109.00	73.999	0.013514	359.61	506.91	5.7583	0.73423	1.0254	460.64	0.037060	3.4318e-05	0.047111	supercritical
554.70	109.00	73.556	0.013595	362.04	510.23	5.7643	0.73517	1.0259	461.87	0.036054	3.4447e-05	0.047309	supercritical
557.93	109.00	73.118	0.013677	364.47	513.55	5.7703	0.73611	1.0264	463.09	0.035063	3.4576e-05	0.047506	supercritical
561.17	109.00	72.686	0.013758	366.91	516.87	5.7762	0.73704	1.0270	464.30	0.034085	3.4705e-05	0.047703	supercritical
564.40	109.00	72.259	0.013839	369.34	520.19	5.7821	0.73797	1.0275	465.51	0.033121	3.4833e-05	0.047900	supercritical
567.63	109.00	71.838	0.013920	371.78	523.51	5.7880	0.73891	1.0280	466.72	0.032171	3.4961e-05	0.048096	supercritical
570.87	109.00	71.421	0.014001	374.22	526.84	5.7938	0.73984	1.0285	467.92	0.031234	3.5089e-05	0.048293	supercritical
574.10	109.00	71.010	0.014083	376.66	530.16	5.7997	0.74076	1.0291	469.12	0.030310	3.5217e-05	0.048489	supercritical
577.33	109.00	70.604	0.014164	379.11	533.49	5.8054	0.74169	1.0296	470.31	0.029399	3.5344e-05	0.048685	supercritical
580.57	109.00	70.202	0.014245	381.55	536.82	5.8112	0.74261	1.0302	471.50	0.028500	3.5471e-05	0.048881	supercritical
583.80	109.00	69.806	0.014326	384.00	540.15	5.8169	0.74354	1.0307	472.69	0.027614	3.5598e-05	0.049077	supercritical
587.03	109.00	69.414	0.014406	386.46	543.49	5.8226	0.74445	1.0313	473.87	0.026740	3.5724e-05	0.049273	supercritical
590.27	109.00	69.026	0.014487	388.91	546.82	5.8283	0.74537	1.0318	475.05	0.025878	3.5850e-05	0.049469	supercritical
593.50	109.00	68.643	0.014568	391.37	550.16	5.8339	0.74629	1.0324	476.22	0.025027	3.5976e-05	0.049664	supercritical
596.73	109.00	68.265	0.014649	393.83	553.50	5.8395	0.74720	1.0330	477.39	0.024188	3.6102e-05	0.049859	supercritical
599.97	109.00	67.891	0.014729	396.29	556.84	5.8451	0.74811	1.0335	478.56	0.023360	3.6227e-05	0.050054	supercritical
603.20	109.00	67.521	0.014810	398.75	560.18	5.8507	0.74901	1.0341	479.72	0.022543	3.6352e-05	0.050249	supercritical
606.43	109.00	67.156	0.014891	401.22	563.53	5.8562	0.74992	1.0347	480.88	0.021737	3.6477e-05	0.050444	supercritical
609.67	109.00	66.794	0.014971	403.68	566.87	5.8617	0.75082	1.0353	482.03	0.020942	3.6602e-05	0.050639	supercritical
612.90	109.00	66.437	0.015052	406.15	570.22	5.8672	0.75171	1.0359	483.18	0.020157	3.6726e-05	0.050833	supercritical
616.13	109.00	66.084	0.015132	408.63	573.57	5.8726	0.75261	1.0365	484.33	0.019383	3.6850e-05	0.051027	supercritical
619.37	109.00	65.734	0.015213	411.10	576.92	5.8780	0.75350	1.0370	485.47	0.018618	3.6974e-05	0.051222	supercritical
622.60	109.00	65.389	0.015293	413.58	580.28	5.8835	0.75439	1.0376	486.61	0.017864	3.7098e-05	0.051415	supercritical
625.83	109.00	65.047	0.015374	416.06	583.63	5.8888	0.75527	1.0382	487.75	0.017120	3.7221e-05	0.051609	supercritical
629.07	109.00	64.709	0.015454	418.54	586.99	5.8942	0.75615	1.0388	488.88	0.016385	3.7344e-05	0.051803	supercritical
632.30	109.00	64.374	0.015534	421.03	590.35	5.8995	0.75703	1.0394	490.01	0.015659	3.7467e-05	0.051996	supercritical
635.53	109.00	64.043	0.015614	423.52	593.71	5.9048	0.75791	1.0400	491.14	0.014943	3.7589e-05	0.052190	supercritical
638.77	109.00	63.716	0.015695	426.00	597.08	5.9101	0.75878	1.0406	492.26	0.014236	3.7712e-05	0.052383	supercritical
642.00	109.00	63.392	0.015775	428.50	600.44	5.9153	0.75964	1.0412	493.38	0.013538	3.7834e-05	0.052576	supercritical
645.23	109.00	63.072	0.015855	430.99	603.81	5.9206	0.76051	1.0418	494.50	0.012849	3.7955e-05	0.052768	supercritical
648.47	109.00	62.755	0.015935	433.49	607.18	5.9258	0.76137	1.0424	495.61	0.012168	3.8077e-05	0.052961	supercritical
651.70	109.00	62.441	0.016015	435.99	610.55	5.9310	0.76222	1.0430	496.72	0.011496	3.8198e-05	0.053153	supercritical
654.93	109.00	62.130	0.016095	438.49	613.92	5.9361	0.76308	1.0437	497.83	0.010832	3.8319e-05	0.053346	supercritical
658.17	109.00	61.823	0.016175	440.99	617.30	5.9413	0.76392	1.0443	498.93	0.010177	3.8440e-05	0.053538	supercritical
661.40	109.00	61.519	0.016255	443.50	620.68	5.9464	0.76477	1.0449	500.03	0.0095299	3.8561e-05	0.053730	supercritical
664.63	109.00	61.218	0.016335	446.00	624.06	5.9515	0.76561	1.0455	501.13	0.0088906	3.8681e-05	0.053921	supercritical
667.87	109.00	60.920	0.016415	448.51	627.44	5.9566	0.76645	1.0461	502.22	0.0082592	3.8801e-05	0.054113	supercritical
671.10	109.00	60.625	0.016495	451.03	630.82	5.9616	0.76728	1.0467	503.32	0.0076354	3.8921e-05	0.054304	supercritical
674.33	109.00	60.333	0.016575	453.54	634.21	5.9667	0.76811	1.0473	504.40	0.0070193	3.9041e-05	0.054496	supercritical
677.57	109.00	60.044	0.016654	456.06	637.59	5.9717	0.76893	1.0479	505.49	0.0064107	3.9160e-05	0.054687	supercritical
680.80	109.00	59.758	0.016734	458.58	640.98	5.9767	0.76975	1.0485	506.57	0.0058094	3.9280e-05	0.054877	supercritical
684.03	109.00	59.474	0.016814	461.10	644.37	5.9816	0.77057	1.0491	507.65	0.0052153	3.9399e-05	0.055068	supercritical
687.27	109.00	59.194	0.016894	463.62	647.77	5.9866	0.77138	1.0497	508.73	0.0046283	3.9517e-05	0.055259	supercritical
690.50	109.00	58.916	0.016973	466.15	651.16	5.9915	0.77219	1.0503	509.81	0.0040484	3.9636e-05	0.055449	supercritical
693.73	109.00	58.640	0.017053	468.68	654.56	5.9964	0.77300	1.0509	510.88	0.0034753	3.9754e-05	0.055639	supercritical
696.97	109.00	58.368	0.017133	471.21	657.96	6.0013	0.77380	1.0515	511.95	0.0029090	3.9872e-05	0.055829	supercritical
700.20	109.00	58.098	0.017212	473.74	661.36	6.0062	0.77460	1.0521	513.01	0.0023493	3.9990e-05	0.056019	supercritical
703.43	109.00	57.830	0.017292	476.28	664.76	6.0110	0.77539	1.0527	514.08	0.0017962	4.0108e-05	0.056209	supercritical
706.67	109.00	57.566	0.017371	478.82	668.17	6.0158	0.77618	1.0533	515.14	0.0012496	4.0225e-05	0.056399	supercritical
709.90	109.00	57.303	0.017451	481.36	671.57	6.0207	0.77696	1.0539	516.20	0.00070934	4.0343e-05	0.056588	supercritical
713.13	109.00	57.043	0.017531	483.90	674.98	6.0254	0.77774	1.0545	517.25	0.00017531	4.0459e-05	0.056777	supercritical
716.37	109.00	56.786	0.017610	486.44	678.39	6.0302	0.77852	1.0551	518.31	-0.00035255	4.0576e-05	0.056966	supercritical
719.60	109.00	56.531	0.017689	488.99	681.80	6.0350	0.77929	1.0557	519.36	-0.00087436	4.0693e-05	0.057155	supercritical
722.83	109.00	56.278	0.017769	491.54	685.22	6.0397	0.78006	1.0563	520.40	-0.0013902	4.0809e-05	0.057344	supercritical
726.07	109.00	56.028	0.017848	494.09	688.63	6.0444	0.78082	1.0569	521.45	-0.0019002	4.0925e-05	0.057533	supercritical
729.30	109.00	55.780	0.017928	496.64	692.05	6.0491	0.78158	1.0575	522.49	-0.0024044	4.1041e-05	0.057721	supercritical
732.53	109.00	55.534	0.018007	499.20	695.47	6.0538	0.78233	1.0581	523.53	-0.0029029	4.1157e-05	0.057909	supercritical
735.77	109.00	55.290	0.018086	501.75	698.90	6.0585	0.78309	1.0586	524.57	-0.0033958	4.1272e-05	0.058097	supercritical
739.00	109.00	55.049	0.018166	504.31	702.32	6.0631	0.78383	1.0592	525.61	-0.0038831	4.1388e-05	0.058285	supercritical
742.23	109.00	54.810	0.018245	506.87	705.74	6.0677	0.78457	1.0598	526.64	-0.0043651	4.1503e-05	0.058473	supercritical
745.47	109.00	54.573	0.018324	509.44	709.17	6.0723	0.78531	1.0604	527.67	-0.0048416	4.1618e-05	0.058661	supercritical
748.70	109.00	54.338	0.018403	512.00	712.60	6.0769	0.78605	1.0610	528.70	-0.0053130	4.1732e-05	0.058848	supercritical
751.93	109.00	54.105	0.018483	514.57	716.03	6.0815	0.78678	1.0615	529.73	-0.0057791	4.1847e-05	0.059036	supercritical
755.17	109.00	53.874	0.018562	517.14	719.47	6.0861	0.78750	1.0621	530.75	-0.0062401	4.1961e-05	0.059223	supercritical
758.40	109.00	53.645	0.018641	519.71	722.90	6.0906	0.78823	1.0627	531.77	-0.0066961	4.2075e-05	0.059410	supercritical
761.63	109.00	53.418	0.018720	522.29	726.34	6.0951	0.78894	1.0633	532.79	-0.0071471	4.2189e-05	0.059597	supercritical
764.87	109.00	53.193	0.018799	524.86	729.78	6.0996	0.78966	1.0638	533.81	-0.0075932	4.2303e-05	0.059783	supercritical
768.10	109.00	52.970	0.018878	527.44	733.22	6.1041	0.79037	1.0644	534.83	-0.0080345	4.2416e-05	0.059970	supercritical
771.33	109.00	52.749	0.018958	530.02	736.66	6.1086	0.79107	1.0650	535.84	-0.0084711	4.2530e-05	0.060156	supercritical
774.57	109.00	52.530	0.019037	532.60	740.10	6.1130	0.79177	1.0655	536.85	-0.0089030	4.2643e-05	0.060342	supercritical
777.80	109.00	52.313	0.019116	535.19	743.55	6.1175	0.79247	1.0661	537.86	-0.0093302	4.2756e-05	0.060528	supercritical
781.03	109.00	52.097	0.019195	537.78	747.00	6.1219	0.79316	1.0666	538.86	-0.0097530	4.2869e-05	0.060714	supercritical
784.27	109.00	51.884	0.019274	540.36	750.45	6.1263	0.79385	1.0672	539.87	-0.010171	4.2981e-05	0.060900	supercritical
787.50	109.00	51.672	0.019353	542.95	753.90	6.1307	0.79454	1.0677	540.87	-0.010585	4.3093e-05	0.061085	supercritical
790.73	109.00	51.462	0.019432	545.55	757.35	6.1351	0.79522	1.0683	541.87	-0.010995	4.3206e-05	0.061271	supercritical
793.97	109.00	51.254	0.019511	548.14	760.81	6.1394	0.79590	1.0689	542.87	-0.011400	4.3318e-05	0.061456	supercritical
797.20	109.00	51.047	0.019590	550.74	764.27	6.1438	0.79657	1.0694	543.87	-0.011801	4.3429e-05	0.061641	supercritical
800.43	109.00	50.842	0.019669	553.34	767.72	6.1481	0.79724	1.0699	544.86	-0.012198	4.3541e-05	0.061826	supercritical
803.67	109.00	50.639	0.019748	555.94	771.18	6.1524	0.79791	1.0705	545.85	-0.012591	4.3652e-05	0.062011	supercritical
806.90	109.00	50.438	0.019826	558.54	774.65	6.1567	0.79857	1.0710	546.84	-0.012979	4.3764e-05	0.062196	supercritical
810.13	109.00	50.238	0.019905	561.14	778.11	6.1610	0.79922	1.0716	547.83	-0.013364	4.3875e-05	0.062380	supercritical
813.37	109.00	50.040	0.019984	563.75	781.58	6.1653	0.79988	1.0721	548.81	-0.013745	4.3986e-05	0.062565	supercritical
816.60	109.00	49.843	0.020063	566.36	785.04	6.1695	0.80053	1.0726	549.80	-0.014122	4.4096e-05	0.062749	supercritical
819.83	109.00	49.648	0.020142	568.97	788.51	6.1738	0.80117	1.0732	550.78	-0.014495	4.4207e-05	0.062933	supercritical
823.07	109.00	49.454	0.020221	571.58	791.98	6.1780	0.80182	1.0737	551.76	-0.014864	4.4317e-05	0.063117	supercritical
826.30	109.00	49.262	0.020299	574.19	795.46	6.1822	0.80245	1.0742	552.74	-0.015230	4.4427e-05	0.063301	supercritical
829.53	109.00	49.072	0.020378	576.81	798.93	6.1864	0.80309	1.0747	553.71	-0.015592	4.4537e-05	0.063484	supercritical
832.77	109.00	48.883	0.020457	579.42	802.41	6.1906	0.80372	1.0753	554.69	-0.015950	4.4647e-05	0.063668	supercritical
836.00	109.00	48.695	0.020536	582.04	805.88	6.1948	0.80435	1.0758	555.66	-0.016305	4.4757e-05	0.063851	supercritical
839.23	109.00	48.509	0.020615	584.66	809.36	6.1989	0.80497	1.0763	556.63	-0.016656	4.4866e-05	0.064034	supercritical
842.47	109.00	48.325	0.020693	587.29	812.84	6.2030	0.80559	1.0768	557.60	-0.017004	4.4976e-05	0.064217	supercritical
845.70	109.00	48.142	0.020772	589.91	816.33	6.2072	0.80620	1.0773	558.57	-0.017349	4.5085e-05	0.064400	supercritical
848.93	109.00	47.960	0.020851	592.54	819.81	6.2113	0.80682	1.0778	559.53	-0.017690	4.5194e-05	0.064583	supercritical
852.17	109.00	47.780	0.020929	595.17	823.30	6.2154	0.80742	1.0784	560.49	-0.018028	4.5303e-05	0.064765	supercritical
855.40	109.00	47.601	0.021008	597.80	826.78	6.2195	0.80803	1.0789	561.45	-0.018362	4.5411e-05	0.064948	supercritical
858.63	109.00	47.423	0.021087	600.43	830.27	6.2235	0.80863	1.0794	562.41	-0.018693	4.5520e-05	0.065130	supercritical
861.87	109.00	47.247	0.021165	603.06	833.76	6.2276	0.80923	1.0799	563.37	-0.019021	4.5628e-05	0.065312	supercritical
865.10	109.00	47.072	0.021244	605.70	837.26	6.2316	0.80982	1.0804	564.33	-0.019346	4.5736e-05	0.065494	supercritical
868.33	109.00	46.899	0.021323	608.33	840.75	6.2357	0.81041	1.0809	565.28	-0.019668	4.5844e-05	0.065676	supercritical
871.57	109.00	46.726	0.021401	610.97	844.24	6.2397	0.81100	1.0813	566.23	-0.019987	4.5952e-05	0.065858	supercritical
874.80	109.00	46.556	0.021480	613.61	847.74	6.2437	0.81158	1.0818	567.18	-0.020302	4.6060e-05	0.066040	supercritical
878.03	109.00	46.386	0.021558	616.25	851.24	6.2477	0.81216	1.0823	568.13	-0.020615	4.6167e-05	0.066221	supercritical
881.27	109.00	46.217	0.021637	618.90	854.74	6.2517	0.81274	1.0828	569.08	-0.020925	4.6275e-05	0.066403	supercritical
884.50	109.00	46.050	0.021715	621.54	858.24	6.2556	0.81331	1.0833	570.03	-0.021232	4.6382e-05	0.066584	supercritical
887.73	109.00	45.884	0.021794	624.19	861.75	6.2596	0.81388	1.0838	570.97	-0.021536	4.6489e-05	0.066765	supercritical
890.97	109.00	45.720	0.021872	626.84	865.25	6.2635	0.81444	1.0843	571.91	-0.021837	4.6596e-05	0.066946	supercritical
894.20	109.00	45.556	0.021951	629.49	868.76	6.2675	0.81501	1.0847	572.85	-0.022135	4.6702e-05	0.067127	supercritical
897.43	109.00	45.394	0.022029	632.14	872.27	6.2714	0.81557	1.0852	573.79	-0.022431	4.6809e-05	0.067307	supercritical
900.67	109.00	45.233	0.022108	634.80	875.78	6.2753	0.81612	1.0857	574.73	-0.022723	4.6915e-05	0.067488	supercritical
903.90	109.00	45.073	0.022186	637.45	879.29	6.2792	0.81667	1.0862	575.66	-0.023014	4.7022e-05	0.067668	supercritical
907.13	109.00	44.914	0.022265	640.11	882.80	6.2830	0.81722	1.0866	576.60	-0.023301	4.7128e-05	0.067848	supercritical
910.37	109.00	44.756	0.022343	642.77	886.31	6.2869	0.81777	1.0871	577.53	-0.023586	4.7234e-05	0.068029	supercritical
913.60	109.00	44.599	0.022422	645.43	889.83	6.2908	0.81831	1.0876	578.46	-0.023868	4.7339e-05	0.068209	supercritical
916.83	109.00	44.444	0.022500	648.09	893.35	6.2946	0.81885	1.0880	579.39	-0.024148	4.7445e-05	0.068388	supercritical
920.07	109.00	44.290	0.022579	650.76	896.86	6.2984	0.81939	1.0885	580.31	-0.024425	4.7551e-05	0.068568	supercritical
923.30	109.00	44.136	0.022657	653.42	900.39	6.3023	0.81992	1.0889	581.24	-0.024700	4.7656e-05	0.068748	supercritical
926.53	109.00	43.984	0.022735	656.09	903.91	6.3061	0.82045	1.0894	582.16	-0.024972	4.7761e-05	0.068927	supercritical
929.77	109.00	43.833	0.022814	658.76	907.43	6.3099	0.82098	1.0898	583.09	-0.025242	4.7866e-05	0.069107	supercritical
933.00	109.00	43.683	0.022892	661.43	910.95	6.3137	0.82150	1.0903	584.01	-0.025510	4.7971e-05	0.069286	supercritical
936.23	109.00	43.534	0.022971	664.10	914.48	6.3174	0.82202	1.0907	584.93	-0.025775	4.8076e-05	0.069465	supercritical
939.47	109.00	43.386	0.023049	666.77	918.01	6.3212	0.82254	1.0912	585.84	-0.026037	4.8180e-05	0.069644	supercritical
942.70	109.00	43.239	0.023127	669.45	921.54	6.3249	0.82305	1.0916	586.76	-0.026298	4.8285e-05	0.069823	supercritical
945.93	109.00	43.093	0.023206	672.13	925.07	6.3287	0.82357	1.0921	587.67	-0.026556	4.8389e-05	0.070001	supercritical
949.17	109.00	42.948	0.023284	674.80	928.60	6.3324	0.82407	1.0925	588.59	-0.026812	4.8494e-05	0.070180	supercritical
952.40	109.00	42.804	0.023362	677.48	932.13	6.3361	0.82458	1.0929	589.50	-0.027066	4.8598e-05	0.070358	supercritical
955.63	109.00	42.661	0.023441	680.16	935.67	6.3398	0.82508	1.0934	590.41	-0.027317	4.8701e-05	0.070537	supercritical
958.87	109.00	42.519	0.023519	682.85	939.20	6.3435	0.82558	1.0938	591.32	-0.027566	4.8805e-05	0.070715	supercritical
962.10	109.00	42.378	0.023597	685.53	942.74	6.3472	0.82608	1.0942	592.22	-0.027813	4.8909e-05	0.070893	supercritical
965.33	109.00	42.238	0.023675	688.22	946.28	6.3509	0.82657	1.0947	593.13	-0.028058	4.9012e-05	0.071071	supercritical
968.57	109.00	42.099	0.023754	690.90	949.82	6.3545	0.82706	1.0951	594.03	-0.028301	4.9116e-05	0.071249	supercritical
971.80	109.00	41.961	0.023832	693.59	953.36	6.3582	0.82755	1.0955	594.94	-0.028542	4.9219e-05	0.071427	supercritical
975.03	109.00	41.823	0.023910	696.28	956.90	6.3618	0.82804	1.0959	595.84	-0.028781	4.9322e-05	0.071604	supercritical
978.27	109.00	41.687	0.023988	698.97	960.45	6.3654	0.82852	1.0964	596.74	-0.029018	4.9425e-05	0.071782	supercritical
981.50	109.00	41.551	0.024067	701.67	963.99	6.3691	0.82900	1.0968	597.64	-0.029252	4.9528e-05	0.071959	supercritical
984.73	109.00	41.417	0.024145	704.36	967.54	6.3727	0.82948	1.0972	598.53	-0.029485	4.9631e-05	0.072136	supercritical
987.97	109.00	41.283	0.024223	707.06	971.09	6.3763	0.82995	1.0976	599.43	-0.029716	4.9733e-05	0.072313	supercritical
991.20	109.00	41.150	0.024301	709.75	974.64	6.3799	0.83042	1.0980	600.32	-0.029945	4.9836e-05	0.072490	supercritical
994.43	109.00	41.018	0.024379	712.45	978.19	6.3834	0.83089	1.0984	601.22	-0.030172	4.9938e-05	0.072667	supercritical
997.67	109.00	40.887	0.024458	715.15	981.74	6.3870	0.83136	1.0988	602.11	-0.030397	5.0040e-05	0.072844	supercritical
1000.9	109.00	40.757	0.024536	717.85	985.29	6.3906	0.83182	1.0992	603.00	-0.030620	5.0142e-05	0.073020	supercritical
1004.1	109.00	40.627	0.024614	720.56	988.85	6.3941	0.83229	1.0996	603.89	-0.030842	5.0244e-05	0.073197	supercritical
1007.4	109.00	40.499	0.024692	723.26	992.40	6.3976	0.83274	1.1000	604.77	-0.031061	5.0346e-05	0.073373	supercritical
1010.6	109.00	40.371	0.024770	725.97	995.96	6.4012	0.83320	1.1004	605.66	-0.031279	5.0447e-05	0.073550	supercritical
1013.8	109.00	40.244	0.024848	728.67	999.52	6.4047	0.83365	1.1008	606.54	-0.031495	5.0549e-05	0.073726	supercritical
1017.1	109.00	40.118	0.024927	731.38	1003.1	6.4082	0.83410	1.1012	607.43	-0.031709	5.0650e-05	0.073902	supercritical
1020.3	109.00	39.992	0.025005	734.09	1006.6	6.4117	0.83455	1.1016	608.31	-0.031922	5.0752e-05	0.074078	supercritical
1023.5	109.00	39.868	0.025083	736.80	1010.2	6.4152	0.83500	1.1020	609.19	-0.032132	5.0853e-05	0.074254	supercritical
1026.8	109.00	39.744	0.025161	739.51	1013.8	6.4186	0.83544	1.1024	610.07	-0.032341	5.0954e-05	0.074429	supercritical
1030.0	109.00	39.621	0.025239	742.23	1017.3	6.4221	0.83589	1.1028	610.94	-0.032549	5.1055e-05	0.074605	supercritical
1033.2	109.00	39.499	0.025317	744.94	1020.9	6.4256	0.83632	1.1032	611.82	-0.032754	5.1155e-05	0.074780	supercritical
1036.5	109.00	39.377	0.025395	747.66	1024.5	6.4290	0.83676	1.1036	612.69	-0.032958	5.1256e-05	0.074956	supercritical
1039.7	109.00	39.257	0.025473	750.38	1028.0	6.4325	0.83720	1.1040	613.57	-0.033161	5.1357e-05	0.075131	supercritical
1042.9	109.00	39.137	0.025551	753.10	1031.6	6.4359	0.83763	1.1043	614.44	-0.033362	5.1457e-05	0.075306	supercritical
1046.2	109.00	39.018	0.025629	755.82	1035.2	6.4393	0.83806	1.1047	615.31	-0.033561	5.1557e-05	0.075481	supercritical
1049.4	109.00	38.899	0.025708	758.54	1038.8	6.4427	0.83848	1.1051	616.18	-0.033758	5.1657e-05	0.075656	supercritical
1052.6	109.00	38.781	0.025786	761.26	1042.3	6.4461	0.83891	1.1055	617.05	-0.033955	5.1757e-05	0.075831	supercritical
1055.9	109.00	38.664	0.025864	763.99	1045.9	6.4495	0.83933	1.1058	617.92	-0.034149	5.1857e-05	0.076006	supercritical
1059.1	109.00	38.548	0.025942	766.71	1049.5	6.4529	0.83975	1.1062	618.78	-0.034342	5.1957e-05	0.076180	supercritical
1062.3	109.00	38.432	0.026020	769.44	1053.1	6.4563	0.84017	1.1066	619.65	-0.034534	5.2057e-05	0.076355	supercritical
1065.6	109.00	38.317	0.026098	772.17	1056.6	6.4596	0.84059	1.1070	620.51	-0.034724	5.2156e-05	0.076529	supercritical
1068.8	109.00	38.203	0.026176	774.89	1060.2	6.4630	0.84100	1.1073	621.37	-0.034912	5.2256e-05	0.076703	supercritical
1072.0	109.00	38.090	0.026254	777.63	1063.8	6.4663	0.84141	1.1077	622.23	-0.035099	5.2355e-05	0.076877	supercritical
1075.3	109.00	37.977	0.026332	780.36	1067.4	6.4697	0.84182	1.1081	623.09	-0.035285	5.2454e-05	0.077051	supercritical
1078.5	109.00	37.865	0.026410	783.09	1071.0	6.4730	0.84223	1.1084	623.95	-0.035469	5.2554e-05	0.077225	supercritical
1081.7	109.00	37.753	0.026488	785.82	1074.5	6.4763	0.84264	1.1088	624.81	-0.035652	5.2653e-05	0.077399	supercritical
1085.0	109.00	37.642	0.026566	788.56	1078.1	6.4796	0.84304	1.1091	625.66	-0.035833	5.2752e-05	0.077573	supercritical
1088.2	109.00	37.532	0.026644	791.30	1081.7	6.4829	0.84344	1.1095	626.52	-0.036013	5.2850e-05	0.077747	supercritical
1091.4	109.00	37.423	0.026722	794.03	1085.3	6.4862	0.84384	1.1098	627.37	-0.036192	5.2949e-05	0.077920	supercritical
1094.7	109.00	37.314	0.026800	796.77	1088.9	6.4895	0.84424	1.1102	628.22	-0.036369	5.3048e-05	0.078094	supercritical
1097.9	109.00	37.206	0.026878	799.51	1092.5	6.4928	0.84463	1.1106	629.07	-0.036545	5.3146e-05	0.078267	supercritical
1101.1	109.00	37.098	0.026956	802.26	1096.1	6.4960	0.84503	1.1109	629.92	-0.036720	5.3244e-05	0.078440	supercritical
1104.4	109.00	36.991	0.027034	805.00	1099.7	6.4993	0.84542	1.1113	630.77	-0.036893	5.3343e-05	0.078613	supercritical
1107.6	109.00	36.885	0.027112	807.74	1103.3	6.5025	0.84581	1.1116	631.62	-0.037065	5.3441e-05	0.078786	supercritical
1110.8	109.00	36.779	0.027189	810.49	1106.9	6.5058	0.84620	1.1120	632.46	-0.037236	5.3539e-05	0.078959	supercritical
1114.1	109.00	36.674	0.027267	813.23	1110.4	6.5090	0.84658	1.1123	633.31	-0.037405	5.3637e-05	0.079132	supercritical
1117.3	109.00	36.569	0.027345	815.98	1114.0	6.5122	0.84697	1.1126	634.15	-0.037573	5.3734e-05	0.079305	supercritical
1120.5	109.00	36.465	0.027423	818.73	1117.6	6.5155	0.84735	1.1130	635.00	-0.037740	5.3832e-05	0.079477	supercritical
1123.8	109.00	36.362	0.027501	821.48	1121.2	6.5187	0.84773	1.1133	635.84	-0.037906	5.3930e-05	0.079650	supercritical
1127.0	109.00	36.259	0.027579	824.23	1124.8	6.5219	0.84811	1.1137	636.68	-0.038070	5.4027e-05	0.079822	supercritical
1130.2	109.00	36.157	0.027657	826.98	1128.4	6.5250	0.84848	1.1140	637.52	-0.038233	5.4124e-05	0.079994	supercritical
1133.5	109.00	36.056	0.027735	829.74	1132.0	6.5282	0.84886	1.1143	638.35	-0.038395	5.4222e-05	0.080167	supercritical
1136.7	109.00	35.955	0.027813	832.49	1135.7	6.5314	0.84923	1.1147	639.19	-0.038556	5.4319e-05	0.080339	supercritical
1139.9	109.00	35.854	0.027891	835.25	1139.3	6.5346	0.84960	1.1150	640.02	-0.038716	5.4416e-05	0.080511	supercritical
1143.2	109.00	35.754	0.027969	838.00	1142.9	6.5377	0.84997	1.1153	640.86	-0.038874	5.4513e-05	0.080683	supercritical
1146.4	109.00	35.655	0.028046	840.76	1146.5	6.5409	0.85034	1.1157	641.69	-0.039032	5.4610e-05	0.080855	supercritical
1149.6	109.00	35.556	0.028124	843.52	1150.1	6.5440	0.85071	1.1160	642.52	-0.039188	5.4706e-05	0.081026	supercritical
1152.9	109.00	35.458	0.028202	846.28	1153.7	6.5472	0.85107	1.1163	643.35	-0.039343	5.4803e-05	0.081198	supercritical
1156.1	109.00	35.361	0.028280	849.04	1157.3	6.5503	0.85143	1.1167	644.18	-0.039497	5.4900e-05	0.081369	supercritical
1159.3	109.00	35.264	0.028358	851.81	1160.9	6.5534	0.85180	1.1170	645.01	-0.039650	5.4996e-05	0.081541	supercritical
1162.6	109.00	35.167	0.028436	854.57	1164.5	6.5565	0.85216	1.1173	645.84	-0.039802	5.5092e-05	0.081712	supercritical
1165.8	109.00	35.071	0.028514	857.33	1168.1	6.5596	0.85251	1.1176	646.67	-0.039952	5.5189e-05	0.081883	supercritical
1169.0	109.00	34.976	0.028591	860.10	1171.7	6.5627	0.85287	1.1179	647.49	-0.040102	5.5285e-05	0.082055	supercritical
1172.3	109.00	34.881	0.028669	862.87	1175.4	6.5658	0.85323	1.1183	648.32	-0.040250	5.5381e-05	0.082226	supercritical
1175.5	109.00	34.786	0.028747	865.63	1179.0	6.5689	0.85358	1.1186	649.14	-0.040398	5.5477e-05	0.082397	supercritical
1178.7	109.00	34.692	0.028825	868.40	1182.6	6.5720	0.85393	1.1189	649.96	-0.040544	5.5573e-05	0.082567	supercritical
1182.0	109.00	34.599	0.028903	871.17	1186.2	6.5750	0.85428	1.1192	650.78	-0.040690	5.5668e-05	0.082738	supercritical
1185.2	109.00	34.506	0.028981	873.94	1189.8	6.5781	0.85463	1.1195	651.60	-0.040834	5.5764e-05	0.082909	supercritical
1188.4	109.00	34.414	0.029058	876.72	1193.5	6.5811	0.85498	1.1199	652.42	-0.040977	5.5860e-05	0.083080	supercritical
1191.7	109.00	34.322	0.029136	879.49	1197.1	6.5842	0.85532	1.1202	653.24	-0.041120	5.5955e-05	0.083250	supercritical
1194.9	109.00	34.230	0.029214	882.26	1200.7	6.5872	0.85567	1.1205	654.05	-0.041261	5.6050e-05	0.083420	supercritical
1198.1	109.00	34.139	0.029292	885.04	1204.3	6.5902	0.85601	1.1208	654.87	-0.041401	5.6146e-05	0.083591	supercritical
1201.4	109.00	34.049	0.029370	887.82	1207.9	6.5933	0.85635	1.1211	655.68	-0.041541	5.6241e-05	0.083761	supercritical
1204.6	109.00	33.959	0.029447	890.59	1211.6	6.5963	0.85669	1.1214	656.50	-0.041679	5.6336e-05	0.083931	supercritical
1207.8	109.00	33.869	0.029525	893.37	1215.2	6.5993	0.85703	1.1217	657.31	-0.041816	5.6431e-05	0.084101	supercritical
1211.1	109.00	33.780	0.029603	896.15	1218.8	6.6023	0.85737	1.1220	658.12	-0.041953	5.6526e-05	0.084271	supercritical
1214.3	109.00	33.692	0.029681	898.93	1222.5	6.6053	0.85770	1.1223	658.93	-0.042088	5.6621e-05	0.084441	supercritical
1217.5	109.00	33.604	0.029758	901.71	1226.1	6.6083	0.85804	1.1226	659.74	-0.042223	5.6715e-05	0.084611	supercritical
1220.8	109.00	33.516	0.029836	904.50	1229.7	6.6112	0.85837	1.1229	660.55	-0.042357	5.6810e-05	0.084780	supercritical
1224.0	109.00	33.429	0.029914	907.28	1233.3	6.6142	0.85870	1.1232	661.35	-0.042489	5.6905e-05	0.084950	supercritical
1227.2	109.00	33.343	0.029992	910.06	1237.0	6.6172	0.85904	1.1235	662.16	-0.042621	5.6999e-05	0.085120	supercritical
1230.5	109.00	33.256	0.030070	912.85	1240.6	6.6201	0.85937	1.1238	662.96	-0.042752	5.7093e-05	0.085289	supercritical
1233.7	109.00	33.171	0.030147	915.64	1244.2	6.6231	0.85969	1.1241	663.77	-0.042882	5.7188e-05	0.085458	supercritical
1236.9	109.00	33.085	0.030225	918.43	1247.9	6.6260	0.86002	1.1244	664.57	-0.043011	5.7282e-05	0.085628	supercritical
1240.2	109.00	33.000	0.030303	921.21	1251.5	6.6290	0.86035	1.1247	665.37	-0.043140	5.7376e-05	0.085797	supercritical
1243.4	109.00	32.916	0.030380	924.00	1255.2	6.6319	0.86067	1.1250	666.17	-0.043267	5.7470e-05	0.085966	supercritical
1246.6	109.00	32.832	0.030458	926.79	1258.8	6.6348	0.86099	1.1253	666.97	-0.043394	5.7564e-05	0.086135	supercritical
1249.9	109.00	32.748	0.030536	929.59	1262.4	6.6377	0.86132	1.1256	667.77	-0.043519	5.7658e-05	0.086304	supercritical
1253.1	109.00	32.665	0.030614	932.38	1266.1	6.6406	0.86164	1.1259	668.57	-0.043644	5.7751e-05	0.086473	supercritical
1256.3	109.00	32.582	0.030691	935.17	1269.7	6.6435	0.86196	1.1262	669.37	-0.043768	5.7845e-05	0.086641	supercritical
1259.6	109.00	32.500	0.030769	937.97	1273.4	6.6464	0.86227	1.1265	670.16	-0.043891	5.7939e-05	0.086810	supercritical
1262.8	109.00	32.418	0.030847	940.76	1277.0	6.6493	0.86259	1.1268	670.96	-0.044014	5.8032e-05	0.086979	supercritical
1266.0	109.00	32.337	0.030925	943.56	1280.6	6.6522	0.86291	1.1271	671.75	-0.044135	5.8125e-05	0.087147	supercritical
1269.3	109.00	32.256	0.031002	946.36	1284.3	6.6551	0.86322	1.1274	672.54	-0.044256	5.8219e-05	0.087316	supercritical
1272.5	109.00	32.175	0.031080	949.16	1287.9	6.6579	0.86354	1.1277	673.33	-0.044376	5.8312e-05	0.087484	supercritical
1275.7	109.00	32.095	0.031158	951.96	1291.6	6.6608	0.86385	1.1279	674.12	-0.044495	5.8405e-05	0.087652	supercritical
1279.0	109.00	32.015	0.031235	954.76	1295.2	6.6637	0.86416	1.1282	674.91	-0.044613	5.8498e-05	0.087820	supercritical
1282.2	109.00	31.936	0.031313	957.56	1298.9	6.6665	0.86447	1.1285	675.70	-0.044731	5.8591e-05	0.087989	supercritical
1285.4	109.00	31.857	0.031391	960.36	1302.5	6.6693	0.86478	1.1288	676.49	-0.044848	5.8684e-05	0.088157	supercritical
1288.7	109.00	31.778	0.031468	963.16	1306.2	6.6722	0.86509	1.1291	677.28	-0.044964	5.8777e-05	0.088324	supercritical
1291.9	109.00	31.700	0.031546	965.97	1309.8	6.6750	0.86540	1.1294	678.06	-0.045079	5.8870e-05	0.088492	supercritical
1295.1	109.00	31.622	0.031624	968.77	1313.5	6.6778	0.86571	1.1297	678.85	-0.045193	5.8962e-05	0.088660	supercritical
1298.4	109.00	31.544	0.031701	971.58	1317.1	6.6807	0.86601	1.1299	679.63	-0.045307	5.9055e-05	0.088828	supercritical
1301.6	109.00	31.467	0.031779	974.39	1320.8	6.6835	0.86632	1.1302	680.41	-0.045420	5.9147e-05	0.088995	supercritical
1304.8	109.00	31.391	0.031857	977.20	1324.4	6.6863	0.86662	1.1305	681.19	-0.045532	5.9240e-05	0.089163	supercritical
1308.1	109.00	31.314	0.031934	980.01	1328.1	6.6891	0.86692	1.1308	681.97	-0.045644	5.9332e-05	0.089330	supercritical
1311.3	109.00	31.238	0.032012	982.82	1331.7	6.6919	0.86722	1.1311	682.75	-0.045755	5.9424e-05	0.089498	supercritical
1314.5	109.00	31.163	0.032090	985.63	1335.4	6.6946	0.86752	1.1313	683.53	-0.045865	5.9516e-05	0.089665	supercritical
1317.8	109.00	31.087	0.032167	988.44	1339.1	6.6974	0.86782	1.1316	684.31	-0.045974	5.9608e-05	0.089832	supercritical
1321.0	109.00	31.013	0.032245	991.25	1342.7	6.7002	0.86812	1.1319	685.09	-0.046083	5.9700e-05	0.089999	supercritical
1324.2	109.00	30.938	0.032323	994.07	1346.4	6.7030	0.86842	1.1322	685.86	-0.046191	5.9792e-05	0.090167	supercritical
1327.5	109.00	30.864	0.032400	996.88	1350.0	6.7057	0.86872	1.1324	686.64	-0.046298	5.9884e-05	0.090334	supercritical
1330.7	109.00	30.790	0.032478	999.70	1353.7	6.7085	0.86901	1.1327	687.41	-0.046404	5.9976e-05	0.090500	supercritical
1333.9	109.00	30.717	0.032556	1002.5	1357.4	6.7112	0.86931	1.1330	688.19	-0.046510	6.0068e-05	0.090667	supercritical
1337.2	109.00	30.644	0.032633	1005.3	1361.0	6.7140	0.86960	1.1332	688.96	-0.046616	6.0159e-05	0.090834	supercritical
1340.4	109.00	30.571	0.032711	1008.1	1364.7	6.7167	0.86990	1.1335	689.73	-0.046720	6.0251e-05	0.091001	supercritical
1343.6	109.00	30.499	0.032788	1011.0	1368.4	6.7194	0.87019	1.1338	690.50	-0.046824	6.0342e-05	0.091167	supercritical
1346.9	109.00	30.426	0.032866	1013.8	1372.0	6.7222	0.87048	1.1341	691.27	-0.046927	6.0434e-05	0.091334	supercritical
1350.1	109.00	30.355	0.032944	1016.6	1375.7	6.7249	0.87077	1.1343	692.04	-0.047030	6.0525e-05	0.091500	supercritical
1353.3	109.00	30.283	0.033021	1019.4	1379.4	6.7276	0.87106	1.1346	692.81	-0.047132	6.0616e-05	0.091667	supercritical
1356.6	109.00	30.212	0.033099	1022.3	1383.0	6.7303	0.87135	1.1349	693.57	-0.047233	6.0707e-05	0.091833	supercritical
1359.8	109.00	30.142	0.033177	1025.1	1386.7	6.7330	0.87164	1.1351	694.34	-0.047333	6.0798e-05	0.091999	supercritical
1363.0	109.00	30.071	0.033254	1027.9	1390.4	6.7357	0.87193	1.1354	695.10	-0.047433	6.0889e-05	0.092166	supercritical
1366.3	109.00	30.001	0.033332	1030.7	1394.0	6.7384	0.87221	1.1357	695.87	-0.047533	6.0980e-05	0.092332	supercritical
1369.5	109.00	29.932	0.033409	1033.6	1397.7	6.7411	0.87250	1.1359	696.63	-0.047631	6.1071e-05	0.092498	supercritical
1372.7	109.00	29.862	0.033487	1036.4	1401.4	6.7438	0.87279	1.1362	697.39	-0.047729	6.1162e-05	0.092664	supercritical
1376.0	109.00	29.793	0.033565	1039.2	1405.1	6.7464	0.87307	1.1365	698.16	-0.047827	6.1253e-05	0.092830	supercritical
1379.2	109.00	29.725	0.033642	1042.0	1408.7	6.7491	0.87335	1.1367	698.92	-0.047924	6.1343e-05	0.092995	supercritical
1382.4	109.00	29.656	0.033720	1044.9	1412.4	6.7518	0.87364	1.1370	699.68	-0.048020	6.1434e-05	0.093161	supercritical
1385.7	109.00	29.588	0.033797	1047.7	1416.1	6.7544	0.87392	1.1373	700.43	-0.048116	6.1524e-05	0.093327	supercritical
1388.9	109.00	29.520	0.033875	1050.5	1419.8	6.7571	0.87420	1.1375	701.19	-0.048211	6.1615e-05	0.093492	supercritical
1392.1	109.00	29.453	0.033953	1053.4	1423.4	6.7597	0.87448	1.1378	701.95	-0.048305	6.1705e-05	0.093658	supercritical
1395.4	109.00	29.386	0.034030	1056.2	1427.1	6.7624	0.87476	1.1380	702.70	-0.048399	6.1795e-05	0.093823	supercritical
1398.6	109.00	29.319	0.034108	1059.0	1430.8	6.7650	0.87504	1.1383	703.46	-0.048492	6.1886e-05	0.093989	supercritical
1401.8	109.00	29.252	0.034185	1061.9	1434.5	6.7676	0.87532	1.1386	704.21	-0.048585	6.1976e-05	0.094154	supercritical
1405.1	109.00	29.186	0.034263	1064.7	1438.2	6.7702	0.87560	1.1388	704.97	-0.048677	6.2066e-05	0.094319	supercritical
1408.3	109.00	29.120	0.034340	1067.5	1441.9	6.7729	0.87588	1.1391	705.72	-0.048769	6.2156e-05	0.094485	supercritical
1411.5	109.00	29.055	0.034418	1070.4	1445.5	6.7755	0.87615	1.1393	706.47	-0.048860	6.2246e-05	0.094650	supercritical
1414.8	109.00	28.989	0.034496	1073.2	1449.2	6.7781	0.87643	1.1396	707.22	-0.048950	6.2336e-05	0.094815	supercritical
1418.0	109.00	28.924	0.034573	1076.1	1452.9	6.7807	0.87671	1.1399	707.97	-0.049040	6.2426e-05	0.094980	supercritical
1421.2	109.00	28.859	0.034651	1078.9	1456.6	6.7833	0.87698	1.1401	708.72	-0.049129	6.2515e-05	0.095145	supercritical
1424.5	109.00	28.795	0.034728	1081.7	1460.3	6.7859	0.87726	1.1404	709.47	-0.049218	6.2605e-05	0.095309	supercritical
1427.7	109.00	28.731	0.034806	1084.6	1464.0	6.7885	0.87753	1.1406	710.22	-0.049306	6.2695e-05	0.095474	supercritical
1430.9	109.00	28.667	0.034883	1087.4	1467.7	6.7910	0.87780	1.1409	710.96	-0.049394	6.2784e-05	0.095639	supercritical
1434.2	109.00	28.603	0.034961	1090.3	1471.3	6.7936	0.87807	1.1411	711.71	-0.049481	6.2874e-05	0.095804	supercritical
1437.4	109.00	28.540	0.035038	1093.1	1475.0	6.7962	0.87835	1.1414	712.45	-0.049568	6.2963e-05	0.095968	supercritical
1440.6	109.00	28.477	0.035116	1096.0	1478.7	6.7987	0.87862	1.1416	713.20	-0.049654	6.3052e-05	0.096133	supercritical
1443.9	109.00	28.414	0.035193	1098.8	1482.4	6.8013	0.87889	1.1419	713.94	-0.049739	6.3141e-05	0.096297	supercritical
1447.1	109.00	28.352	0.035271	1101.7	1486.1	6.8039	0.87916	1.1422	714.68	-0.049824	6.3231e-05	0.096462	supercritical
1450.3	109.00	28.290	0.035349	1104.5	1489.8	6.8064	0.87943	1.1424	715.42	-0.049909	6.3320e-05	0.096626	supercritical
1453.6	109.00	28.228	0.035426	1107.4	1493.5	6.8090	0.87970	1.1427	716.17	-0.049993	6.3409e-05	0.096790	supercritical
1456.8	109.00	28.166	0.035504	1110.2	1497.2	6.8115	0.87997	1.1429	716.91	-0.050076	6.3498e-05	0.096954	supercritical
1460.0	109.00	28.105	0.035581	1113.1	1500.9	6.8140	0.88023	1.1432	717.64	-0.050159	6.3587e-05	0.097118	supercritical
1463.3	109.00	28.044	0.035659	1115.9	1504.6	6.8166	0.88050	1.1434	718.38	-0.050242	6.3676e-05	0.097282	supercritical
1466.5	109.00	27.983	0.035736	1118.8	1508.3	6.8191	0.88077	1.1437	719.12	-0.050324	6.3765e-05	0.097446	supercritical
1469.7	109.00	27.922	0.035814	1121.6	1512.0	6.8216	0.88104	1.1439	719.86	-0.050405	6.3853e-05	0.097610	supercritical
1473.0	109.00	27.862	0.035891	1124.5	1515.7	6.8241	0.88130	1.1442	720.59	-0.050486	6.3942e-05	0.097774	supercritical
1476.2	109.00	27.802	0.035969	1127.3	1519.4	6.8266	0.88157	1.1444	721.33	-0.050567	6.4031e-05	0.097938	supercritical
1479.4	109.00	27.742	0.036046	1130.2	1523.1	6.8291	0.88183	1.1447	722.06	-0.050647	6.4119e-05	0.098102	supercritical
1482.7	109.00	27.683	0.036124	1133.0	1526.8	6.8316	0.88210	1.1449	722.79	-0.050726	6.4208e-05	0.098266	supercritical
1485.9	109.00	27.623	0.036201	1135.9	1530.5	6.8341	0.88236	1.1452	723.53	-0.050805	6.4296e-05	0.098429	supercritical
1489.1	109.00	27.564	0.036279	1138.7	1534.2	6.8366	0.88262	1.1454	724.26	-0.050884	6.4384e-05	0.098593	supercritical
1492.4	109.00	27.506	0.036356	1141.6	1537.9	6.8391	0.88289	1.1457	724.99	-0.050962	6.4473e-05	0.098756	supercritical
1495.6	109.00	27.447	0.036434	1144.5	1541.6	6.8416	0.88315	1.1459	725.72	-0.051040	6.4561e-05	0.098920	supercritical
1498.8	109.00	27.389	0.036511	1147.3	1545.3	6.8441	0.88341	1.1462	726.45	-0.051117	6.4649e-05	0.099083	supercritical
1502.1	109.00	27.331	0.036589	1150.2	1549.0	6.8465	0.88367	1.1464	727.18	-0.051194	6.4737e-05	0.099246	supercritical
1505.3	109.00	27.273	0.036666	1153.1	1552.7	6.8490	0.88393	1.1466	727.90	-0.051270	6.4825e-05	0.099410	supercritical
1508.5	109.00	27.215	0.036744	1155.9	1556.4	6.8514	0.88419	1.1469	728.63	-0.051346	6.4913e-05	0.099573	supercritical
1511.8	109.00	27.158	0.036821	1158.8	1560.1	6.8539	0.88445	1.1471	729.36	-0.051421	6.5001e-05	0.099736	supercritical
1515.0	109.00	27.101	0.036899	1161.6	1563.8	6.8564	0.88471	1.1474	730.08	-0.051496	6.5089e-05	0.099899	supercritical
1518.2	109.00	27.044	0.036976	1164.5	1567.6	6.8588	0.88497	1.1476	730.81	-0.051570	6.5177e-05	0.10006	supercritical
1521.5	109.00	26.988	0.037054	1167.4	1571.3	6.8612	0.88523	1.1479	731.53	-0.051644	6.5265e-05	0.10022	supercritical
1524.7	109.00	26.932	0.037131	1170.2	1575.0	6.8637	0.88549	1.1481	732.25	-0.051718	6.5352e-05	0.10039	supercritical
1527.9	109.00	26.875	0.037209	1173.1	1578.7	6.8661	0.88575	1.1484	732.97	-0.051791	6.5440e-05	0.10055	supercritical
1531.2	109.00	26.820	0.037286	1176.0	1582.4	6.8685	0.88601	1.1486	733.70	-0.051864	6.5528e-05	0.10071	supercritical
1534.4	109.00	26.764	0.037364	1178.8	1586.1	6.8710	0.88626	1.1488	734.42	-0.051936	6.5615e-05	0.10088	supercritical
1537.6	109.00	26.709	0.037441	1181.7	1589.8	6.8734	0.88652	1.1491	735.14	-0.052008	6.5703e-05	0.10104	supercritical
1540.9	109.00	26.653	0.037519	1184.6	1593.5	6.8758	0.88678	1.1493	735.85	-0.052079	6.5790e-05	0.10120	supercritical
1544.1	109.00	26.599	0.037596	1187.5	1597.3	6.8782	0.88703	1.1496	736.57	-0.052151	6.5877e-05	0.10136	supercritical
1547.3	109.00	26.544	0.037674	1190.3	1601.0	6.8806	0.88729	1.1498	737.29	-0.052221	6.5965e-05	0.10153	supercritical
1550.6	109.00	26.489	0.037751	1193.2	1604.7	6.8830	0.88754	1.1501	738.01	-0.052291	6.6052e-05	0.10169	supercritical
1553.8	109.00	26.435	0.037828	1196.1	1608.4	6.8854	0.88780	1.1503	738.72	-0.052361	6.6139e-05	0.10185	supercritical
1557.0	109.00	26.381	0.037906	1199.0	1612.1	6.8878	0.88805	1.1505	739.44	-0.052430	6.6226e-05	0.10201	supercritical
1560.3	109.00	26.327	0.037983	1201.8	1615.9	6.8902	0.88831	1.1508	740.15	-0.052499	6.6313e-05	0.10218	supercritical
1563.5	109.00	26.274	0.038061	1204.7	1619.6	6.8926	0.88856	1.1510	740.87	-0.052568	6.6400e-05	0.10234	supercritical
1566.7	109.00	26.220	0.038138	1207.6	1623.3	6.8949	0.88882	1.1513	741.58	-0.052636	6.6487e-05	0.10250	supercritical
1570.0	109.00	26.167	0.038216	1210.5	1627.0	6.8973	0.88907	1.1515	742.29	-0.052704	6.6574e-05	0.10266	supercritical
1573.2	109.00	26.114	0.038293	1213.3	1630.7	6.8997	0.88932	1.1517	743.00	-0.052771	6.6661e-05	0.10282	supercritical
1576.4	109.00	26.062	0.038371	1216.2	1634.5	6.9021	0.88958	1.1520	743.71	-0.052838	6.6748e-05	0.10299	supercritical
1579.7	109.00	26.009	0.038448	1219.1	1638.2	6.9044	0.88983	1.1522	744.42	-0.052905	6.6835e-05	0.10315	supercritical
1582.9	109.00	25.957	0.038526	1222.0	1641.9	6.9068	0.89008	1.1525	745.13	-0.052971	6.6921e-05	0.10331	supercritical
1586.1	109.00	25.905	0.038603	1224.9	1645.6	6.9091	0.89033	1.1527	745.84	-0.053037	6.7008e-05	0.10347	supercritical
1589.4	109.00	25.853	0.038680	1227.8	1649.4	6.9115	0.89058	1.1529	746.55	-0.053102	6.7095e-05	0.10363	supercritical
1592.6	109.00	25.801	0.038758	1230.6	1653.1	6.9138	0.89083	1.1532	747.25	-0.053167	6.7181e-05	0.10380	supercritical
1595.8	109.00	25.750	0.038835	1233.5	1656.8	6.9162	0.89108	1.1534	747.96	-0.053232	6.7268e-05	0.10396	supercritical
1599.1	109.00	25.698	0.038913	1236.4	1660.6	6.9185	0.89133	1.1537	748.67	-0.053296	6.7354e-05	0.10412	supercritical
1602.3	109.00	25.647	0.038990	1239.3	1664.3	6.9208	0.89158	1.1539	749.37	-0.053360	6.7440e-05	0.10428	supercritical
1605.5	109.00	25.597	0.039068	1242.2	1668.0	6.9231	0.89183	1.1541	750.07	-0.053424	6.7527e-05	0.10444	supercritical
1608.8	109.00	25.546	0.039145	1245.1	1671.8	6.9255	0.89208	1.1544	750.78	-0.053487	6.7613e-05	0.10460	supercritical
1612.0	109.00	25.496	0.039223	1248.0	1675.5	6.9278	0.89233	1.1546	751.48	-0.053550	6.7699e-05	0.10476	supercritical
1615.2	109.00	25.445	0.039300	1250.9	1679.2	6.9301	0.89258	1.1548	752.18	-0.053612	6.7785e-05	0.10493	supercritical
1618.5	109.00	25.395	0.039377	1253.7	1683.0	6.9324	0.89283	1.1551	752.88	-0.053675	6.7871e-05	0.10509	supercritical
1621.7	109.00	25.345	0.039455	1256.6	1686.7	6.9347	0.89308	1.1553	753.58	-0.053736	6.7957e-05	0.10525	supercritical
1624.9	109.00	25.296	0.039532	1259.5	1690.4	6.9370	0.89333	1.1556	754.28	-0.053798	6.8043e-05	0.10541	supercritical
1628.2	109.00	25.246	0.039610	1262.4	1694.2	6.9393	0.89357	1.1558	754.98	-0.053859	6.8129e-05	0.10557	supercritical
1631.4	109.00	25.197	0.039687	1265.3	1697.9	6.9416	0.89382	1.1560	755.68	-0.053920	6.8215e-05	0.10573	supercritical
1634.6	109.00	25.148	0.039765	1268.2	1701.6	6.9439	0.89407	1.1563	756.38	-0.053980	6.8301e-05	0.10589	supercritical
1637.9	109.00	25.099	0.039842	1271.1	1705.4	6.9462	0.89432	1.1565	757.07	-0.054040	6.8387e-05	0.10605	supercritical
1641.1	109.00	25.050	0.039919	1274.0	1709.1	6.9485	0.89456	1.1567	757.77	-0.054100	6.8473e-05	0.10621	supercritical
1644.3	109.00	25.002	0.039997	1276.9	1712.9	6.9507	0.89481	1.1570	758.46	-0.054159	6.8558e-05	0.10637	supercritical
1647.6	109.00	24.954	0.040074	1279.8	1716.6	6.9530	0.89505	1.1572	759.16	-0.054218	6.8644e-05	0.10654	supercritical
1650.8	109.00	24.906	0.040152	1282.7	1720.3	6.9553	0.89530	1.1574	759.85	-0.054276	6.8730e-05	0.10670	supercritical
1654.0	109.00	24.858	0.040229	1285.6	1724.1	6.9575	0.89555	1.1577	760.55	-0.054335	6.8815e-05	0.10686	supercritical
1657.3	109.00	24.810	0.040306	1288.5	1727.8	6.9598	0.89579	1.1579	761.24	-0.054393	6.8901e-05	0.10702	supercritical
1660.5	109.00	24.762	0.040384	1291.4	1731.6	6.9621	0.89604	1.1581	761.93	-0.054450	6.8986e-05	0.10718	supercritical
1663.7	109.00	24.715	0.040461	1294.3	1735.3	6.9643	0.89628	1.1584	762.62	-0.054508	6.9071e-05	0.10734	supercritical
1667.0	109.00	24.668	0.040539	1297.2	1739.1	6.9666	0.89653	1.1586	763.31	-0.054565	6.9157e-05	0.10750	supercritical
1670.2	109.00	24.621	0.040616	1300.1	1742.8	6.9688	0.89677	1.1588	764.00	-0.054621	6.9242e-05	0.10766	supercritical
1673.4	109.00	24.574	0.040693	1303.0	1746.6	6.9711	0.89702	1.1591	764.69	-0.054678	6.9327e-05	0.10782	supercritical
1676.7	109.00	24.527	0.040771	1305.9	1750.3	6.9733	0.89726	1.1593	765.38	-0.054734	6.9413e-05	0.10798	supercritical
1679.9	109.00	24.481	0.040848	1308.8	1754.1	6.9755	0.89750	1.1596	766.07	-0.054790	6.9498e-05	0.10814	supercritical
1683.1	109.00	24.435	0.040926	1311.7	1757.8	6.9778	0.89775	1.1598	766.75	-0.054845	6.9583e-05	0.10830	supercritical
1686.4	109.00	24.388	0.041003	1314.6	1761.6	6.9800	0.89799	1.1600	767.44	-0.054900	6.9668e-05	0.10846	supercritical
1689.6	109.00	24.342	0.041080	1317.5	1765.3	6.9822	0.89823	1.1603	768.13	-0.054955	6.9753e-05	0.10862	supercritical
1692.8	109.00	24.297	0.041158	1320.4	1769.1	6.9844	0.89848	1.1605	768.81	-0.055009	6.9838e-05	0.10878	supercritical
1696.1	109.00	24.251	0.041235	1323.3	1772.8	6.9866	0.89872	1.1607	769.49	-0.055063	6.9923e-05	0.10894	supercritical
1699.3	109.00	24.206	0.041313	1326.3	1776.6	6.9888	0.89896	1.1609	770.18	-0.055117	7.0008e-05	0.10910	supercritical
1702.5	109.00	24.160	0.041390	1329.2	1780.3	6.9911	0.89920	1.1612	770.86	-0.055171	7.0093e-05	0.10926	supercritical
1705.8	109.00	24.115	0.041467	1332.1	1784.1	6.9933	0.89945	1.1614	771.54	-0.055224	7.0177e-05	0.10942	supercritical
1709.0	109.00	24.070	0.041545	1335.0	1787.8	6.9955	0.89969	1.1616	772.22	-0.055277	7.0262e-05	0.10958	supercritical
1712.2	109.00	24.026	0.041622	1337.9	1791.6	6.9977	0.89993	1.1619	772.91	-0.055330	7.0347e-05	0.10974	supercritical
1715.5	109.00	23.981	0.041700	1340.8	1795.3	6.9998	0.90017	1.1621	773.59	-0.055382	7.0431e-05	0.10990	supercritical
1718.7	109.00	23.937	0.041777	1343.7	1799.1	7.0020	0.90041	1.1623	774.26	-0.055434	7.0516e-05	0.11006	supercritical
1721.9	109.00	23.892	0.041854	1346.6	1802.9	7.0042	0.90065	1.1626	774.94	-0.055486	7.0601e-05	0.11022	supercritical
1725.2	109.00	23.848	0.041932	1349.6	1806.6	7.0064	0.90089	1.1628	775.62	-0.055537	7.0685e-05	0.11038	supercritical
1728.4	109.00	23.804	0.042009	1352.5	1810.4	7.0086	0.90113	1.1630	776.30	-0.055588	7.0770e-05	0.11054	supercritical
1731.6	109.00	23.761	0.042086	1355.4	1814.1	7.0108	0.90138	1.1633	776.98	-0.055639	7.0854e-05	0.11070	supercritical
1734.9	109.00	23.717	0.042164	1358.3	1817.9	7.0129	0.90162	1.1635	777.65	-0.055690	7.0938e-05	0.11086	supercritical
1738.1	109.00	23.674	0.042241	1361.2	1821.7	7.0151	0.90186	1.1637	778.33	-0.055740	7.1023e-05	0.11102	supercritical
1741.3	109.00	23.630	0.042319	1364.2	1825.4	7.0173	0.90210	1.1640	779.00	-0.055790	7.1107e-05	0.11118	supercritical
1744.6	109.00	23.587	0.042396	1367.1	1829.2	7.0194	0.90234	1.1642	779.68	-0.055840	7.1191e-05	0.11134	supercritical
1747.8	109.00	23.544	0.042473	1370.0	1833.0	7.0216	0.90258	1.1644	780.35	-0.055890	7.1275e-05	0.11150	supercritical
1751.0	109.00	23.501	0.042551	1372.9	1836.7	7.0237	0.90281	1.1647	781.02	-0.055939	7.1360e-05	0.11166	supercritical
1754.3	109.00	23.459	0.042628	1375.8	1840.5	7.0259	0.90305	1.1649	781.70	-0.055988	7.1444e-05	0.11181	supercritical
1757.5	109.00	23.416	0.042705	1378.8	1844.3	7.0280	0.90329	1.1651	782.37	-0.056036	7.1528e-05	0.11197	supercritical
1760.7	109.00	23.374	0.042783	1381.7	1848.0	7.0302	0.90353	1.1653	783.04	-0.056085	7.1612e-05	0.11213	supercritical
1764.0	109.00	23.332	0.042860	1384.6	1851.8	7.0323	0.90377	1.1656	783.71	-0.056133	7.1696e-05	0.11229	supercritical
1767.2	109.00	23.290	0.042938	1387.5	1855.6	7.0344	0.90401	1.1658	784.38	-0.056181	7.1780e-05	0.11245	supercritical
1770.4	109.00	23.248	0.043015	1390.5	1859.3	7.0366	0.90425	1.1660	785.05	-0.056228	7.1864e-05	0.11261	supercritical
1773.7	109.00	23.206	0.043092	1393.4	1863.1	7.0387	0.90449	1.1663	785.72	-0.056276	7.1947e-05	0.11277	supercritical
1776.9	109.00	23.164	0.043170	1396.3	1866.9	7.0408	0.90472	1.1665	786.38	-0.056323	7.2031e-05	0.11293	supercritical
1780.1	109.00	23.123	0.043247	1399.2	1870.6	7.0429	0.90496	1.1667	787.05	-0.056370	7.2115e-05	0.11309	supercritical
1783.4	109.00	23.082	0.043324	1402.2	1874.4	7.0450	0.90520	1.1670	787.72	-0.056416	7.2199e-05	0.11325	supercritical
1786.6	109.00	23.041	0.043402	1405.1	1878.2	7.0472	0.90544	1.1672	788.38	-0.056462	7.2282e-05	0.11340	supercritical
1789.8	109.00	23.000	0.043479	1408.0	1882.0	7.0493	0.90567	1.1674	789.05	-0.056508	7.2366e-05	0.11356	supercritical
1793.1	109.00	22.959	0.043556	1411.0	1885.7	7.0514	0.90591	1.1676	789.71	-0.056554	7.2450e-05	0.11372	supercritical
1796.3	109.00	22.918	0.043634	1413.9	1889.5	7.0535	0.90615	1.1679	790.38	-0.056600	7.2533e-05	0.11388	supercritical
1799.5	109.00	22.877	0.043711	1416.8	1893.3	7.0556	0.90639	1.1681	791.04	-0.056645	7.2617e-05	0.11404	supercritical
1802.8	109.00	22.837	0.043788	1419.8	1897.1	7.0577	0.90662	1.1683	791.70	-0.056690	7.2700e-05	0.11420	supercritical
1806.0	109.00	22.797	0.043866	1422.7	1900.8	7.0598	0.90686	1.1686	792.37	-0.056735	7.2784e-05	0.11436	supercritical
1809.2	109.00	22.757	0.043943	1425.6	1904.6	7.0619	0.90710	1.1688	793.03	-0.056779	7.2867e-05	0.11451	supercritical
1812.5	109.00	22.717	0.044020	1428.6	1908.4	7.0640	0.90733	1.1690	793.69	-0.056823	7.2951e-05	0.11467	supercritical
1815.7	109.00	22.677	0.044098	1431.5	1912.2	7.0660	0.90757	1.1692	794.35	-0.056867	7.3034e-05	0.11483	supercritical
1818.9	109.00	22.637	0.044175	1434.5	1916.0	7.0681	0.90781	1.1695	795.01	-0.056911	7.3117e-05	0.11499	supercritical
1822.2	109.00	22.598	0.044252	1437.4	1919.7	7.0702	0.90804	1.1697	795.67	-0.056955	7.3200e-05	0.11515	supercritical
1825.4	109.00	22.558	0.044330	1440.3	1923.5	7.0723	0.90828	1.1699	796.33	-0.056998	7.3284e-05	0.11531	supercritical
1828.6	109.00	22.519	0.044407	1443.3	1927.3	7.0743	0.90851	1.1702	796.98	-0.057041	7.3367e-05	0.11546	supercritical
1831.9	109.00	22.480	0.044485	1446.2	1931.1	7.0764	0.90875	1.1704	797.64	-0.057084	7.3450e-05	0.11562	supercritical
1835.1	109.00	22.441	0.044562	1449.2	1934.9	7.0785	0.90898	1.1706	798.30	-0.057127	7.3533e-05	0.11578	supercritical
1838.3	109.00	22.402	0.044639	1452.1	1938.7	7.0805	0.90922	1.1708	798.95	-0.057169	7.3616e-05	0.11594	supercritical
1841.6	109.00	22.363	0.044717	1455.0	1942.4	7.0826	0.90945	1.1711	799.61	-0.057211	7.3699e-05	0.11610	supercritical
1844.8	109.00	22.324	0.044794	1458.0	1946.2	7.0846	0.90969	1.1713	800.27	-0.057253	7.3782e-05	0.11625	supercritical
1848.0	109.00	22.286	0.044871	1460.9	1950.0	7.0867	0.90992	1.1715	800.92	-0.057295	7.3865e-05	0.11641	supercritical
1851.3	109.00	22.248	0.044949	1463.9	1953.8	7.0887	0.91016	1.1717	801.57	-0.057336	7.3948e-05	0.11657	supercritical
1854.5	109.00	22.209	0.045026	1466.8	1957.6	7.0908	0.91039	1.1720	802.23	-0.057377	7.4031e-05	0.11673	supercritical
1857.7	109.00	22.171	0.045103	1469.8	1961.4	7.0928	0.91063	1.1722	802.88	-0.057418	7.4114e-05	0.11689	supercritical
1861.0	109.00	22.133	0.045181	1472.7	1965.2	7.0949	0.91086	1.1724	803.53	-0.057459	7.4196e-05	0.11704	supercritical
1864.2	109.00	22.096	0.045258	1475.7	1969.0	7.0969	0.91110	1.1727	804.18	-0.057499	7.4279e-05	0.11720	supercritical
1867.4	109.00	22.058	0.045335	1478.6	1972.8	7.0989	0.91133	1.1729	804.83	-0.057540	7.4362e-05	0.11736	supercritical
1870.7	109.00	22.020	0.045412	1481.6	1976.6	7.1010	0.91156	1.1731	805.48	-0.057580	7.4444e-05	0.11752	supercritical
1873.9	109.00	21.983	0.045490	1484.5	1980.4	7.1030	0.91180	1.1733	806.13	-0.057620	7.4527e-05	0.11768	supercritical
1877.1	109.00	21.946	0.045567	1487.5	1984.1	7.1050	0.91203	1.1736	806.78	-0.057659	7.4610e-05	0.11783	supercritical
1880.4	109.00	21.908	0.045644	1490.4	1987.9	7.1070	0.91227	1.1738	807.43	-0.057699	7.4692e-05	0.11799	supercritical
1883.6	109.00	21.871	0.045722	1493.4	1991.7	7.1091	0.91250	1.1740	808.08	-0.057738	7.4775e-05	0.11815	supercritical
1886.8	109.00	21.834	0.045799	1496.3	1995.5	7.1111	0.91273	1.1742	808.72	-0.057777	7.4857e-05	0.11831	supercritical
1890.1	109.00	21.798	0.045876	1499.3	1999.3	7.1131	0.91297	1.1745	809.37	-0.057816	7.4940e-05	0.11846	supercritical
1893.3	109.00	21.761	0.045954	1502.2	2003.1	7.1151	0.91320	1.1747	810.02	-0.057854	7.5022e-05	0.11862	supercritical
1896.5	109.00	21.724	0.046031	1505.2	2006.9	7.1171	0.91343	1.1749	810.66	-0.057893	7.5104e-05	0.11878	supercritical
1899.8	109.00	21.688	0.046108	1508.1	2010.7	7.1191	0.91366	1.1751	811.31	-0.057931	7.5187e-05	0.11894	supercritical
1903.0	109.00	21.652	0.046186	1511.1	2014.5	7.1211	0.91390	1.1754	811.95	-0.057969	7.5269e-05	0.11909	supercritical
1906.2	109.00	21.616	0.046263	1514.1	2018.3	7.1231	0.91413	1.1756	812.60	-0.058007	7.5351e-05	0.11925	supercritical
1909.5	109.00	21.579	0.046340	1517.0	2022.1	7.1251	0.91436	1.1758	813.24	-0.058044	7.5434e-05	0.11941	supercritical
1912.7	109.00	21.544	0.046418	1520.0	2025.9	7.1271	0.91459	1.1761	813.88	-0.058082	7.5516e-05	0.11956	supercritical
1915.9	109.00	21.508	0.046495	1522.9	2029.7	7.1291	0.91483	1.1763	814.52	-0.058119	7.5598e-05	0.11972	supercritical
1919.2	109.00	21.472	0.046572	1525.9	2033.5	7.1310	0.91506	1.1765	815.16	-0.058156	7.5680e-05	0.11988	supercritical
1922.4	109.00	21.436	0.046650	1528.9	2037.3	7.1330	0.91529	1.1767	815.81	-0.058192	7.5762e-05	0.12004	supercritical
1925.6	109.00	21.401	0.046727	1531.8	2041.1	7.1350	0.91552	1.1770	816.45	-0.058229	7.5844e-05	0.12019	supercritical
1928.9	109.00	21.366	0.046804	1534.8	2045.0	7.1370	0.91575	1.1772	817.09	-0.058265	7.5926e-05	0.12035	supercritical
1932.1	109.00	21.330	0.046881	1537.7	2048.8	7.1389	0.91599	1.1774	817.73	-0.058301	7.6008e-05	0.12051	supercritical
1935.3	109.00	21.295	0.046959	1540.7	2052.6	7.1409	0.91622	1.1776	818.36	-0.058337	7.6090e-05	0.12066	supercritical
1938.6	109.00	21.260	0.047036	1543.7	2056.4	7.1429	0.91645	1.1779	819.00	-0.058373	7.6172e-05	0.12082	supercritical
1941.8	109.00	21.225	0.047113	1546.6	2060.2	7.1448	0.91668	1.1781	819.64	-0.058409	7.6254e-05	0.12098	supercritical
1945.0	109.00	21.191	0.047191	1549.6	2064.0	7.1468	0.91691	1.1783	820.28	-0.058444	7.6336e-05	0.12113	supercritical
1948.3	109.00	21.156	0.047268	1552.6	2067.8	7.1488	0.91714	1.1785	820.91	-0.058479	7.6418e-05	0.12129	supercritical
1951.5	109.00	21.121	0.047345	1555.5	2071.6	7.1507	0.91737	1.1788	821.55	-0.058514	7.6500e-05	0.12145	supercritical
1954.7	109.00	21.087	0.047423	1558.5	2075.4	7.1527	0.91760	1.1790	822.18	-0.058549	7.6581e-05	0.12160	supercritical
1958.0	109.00	21.053	0.047500	1561.5	2079.2	7.1546	0.91783	1.1792	822.82	-0.058583	7.6663e-05	0.12176	supercritical
1961.2	109.00	21.018	0.047577	1564.5	2083.0	7.1566	0.91806	1.1794	823.45	-0.058618	7.6745e-05	0.12192	supercritical
1964.4	109.00	20.984	0.047655	1567.4	2086.9	7.1585	0.91829	1.1797	824.09	-0.058652	7.6826e-05	0.12207	supercritical
1967.7	109.00	20.950	0.047732	1570.4	2090.7	7.1604	0.91852	1.1799	824.72	-0.058686	7.6908e-05	0.12223	supercritical
1970.9	109.00	20.917	0.047809	1573.4	2094.5	7.1624	0.91875	1.1801	825.35	-0.058720	7.6990e-05	0.12239	supercritical
1974.1	109.00	20.883	0.047886	1576.3	2098.3	7.1643	0.91898	1.1803	825.98	-0.058754	7.7071e-05	0.12254	supercritical
1977.4	109.00	20.849	0.047964	1579.3	2102.1	7.1662	0.91921	1.1805	826.62	-0.058787	7.7153e-05	0.12270	supercritical
1980.6	109.00	20.816	0.048041	1582.3	2105.9	7.1682	0.91944	1.1808	827.25	-0.058820	7.7234e-05	0.12286	supercritical
1983.8	109.00	20.782	0.048118	1585.3	2109.8	7.1701	0.91967	1.1810	827.88	-0.058854	7.7316e-05	0.12301	supercritical
1987.1	109.00	20.749	0.048196	1588.2	2113.6	7.1720	0.91990	1.1812	828.51	-0.058886	7.7397e-05	0.12317	supercritical
1990.3	109.00	20.716	0.048273	1591.2	2117.4	7.1739	0.92013	1.1814	829.14	-0.058919	7.7479e-05	0.12333	supercritical
1993.5	109.00	20.682	0.048350	1594.2	2121.2	7.1759	0.92036	1.1817	829.77	-0.058952	7.7560e-05	0.12348	supercritical
1996.8	109.00	20.649	0.048427	1597.2	2125.0	7.1778	0.92059	1.1819	830.39	-0.058984	7.7641e-05	0.12364	supercritical
2000.0	109.00	20.617	0.048505	1600.2	2128.9	7.1797	0.92082	1.1821	831.02	-0.059017	7.7723e-05	0.12380	supercritical
