Temperature (K)	Pressure (bar)	Density (kg/m3)	Volume (m3/kg)	Internal Energy (kJ/kg)	Enthalpy (kJ/kg)	Entropy (J/g*K)	Cv (J/g*K)	Cp (J/g*K)	Sound Spd. (m/s)	Joule-Thomson (K/bar)	Viscosity (Pa*s)	Therm. Cond. (W/m*K)	Phase
60.000	84.000	1291.9	0.00077406	-185.48	-178.98	2.2352	1.0918	1.6559	1150.3	-0.037537	0.00061763	0.19732	liquid
63.233	84.000	1278.1	0.00078243	-180.19	-173.61	2.3223	1.0674	1.6610	1135.3	-0.037080	0.00053035	0.19300	liquid
66.467	84.000	1264.1	0.00079108	-174.88	-168.24	2.4052	1.0486	1.6626	1115.5	-0.036729	0.00046021	0.18867	liquid
69.700	84.000	1250.0	0.00079998	-169.58	-162.86	2.4841	1.0321	1.6622	1093.3	-0.036422	0.00040341	0.18435	liquid
72.933	84.000	1235.9	0.00080914	-164.29	-157.49	2.5595	1.0168	1.6607	1070.0	-0.036111	0.00035699	0.18002	liquid
76.167	84.000	1221.7	0.00081856	-159.00	-152.12	2.6315	1.0022	1.6592	1046.3	-0.035762	0.00031867	0.17570	liquid
79.400	84.000	1207.3	0.00082826	-153.72	-146.76	2.7004	0.98817	1.6582	1022.3	-0.035350	0.00028669	0.17138	liquid
82.633	84.000	1192.9	0.00083828	-148.44	-141.40	2.7666	0.97465	1.6581	998.26	-0.034857	0.00025974	0.16705	liquid
85.867	84.000	1178.3	0.00084865	-143.17	-136.04	2.8303	0.96163	1.6593	974.23	-0.034268	0.00023677	0.16270	liquid
89.100	84.000	1163.6	0.00085939	-137.89	-130.67	2.8916	0.94912	1.6617	950.20	-0.033571	0.00021700	0.15835	liquid
92.333	84.000	1148.7	0.00087054	-132.60	-125.29	2.9509	0.93713	1.6656	926.14	-0.032754	0.00019982	0.15399	liquid
95.567	84.000	1133.6	0.00088216	-127.31	-119.90	3.0084	0.92564	1.6710	902.03	-0.031805	0.00018473	0.14961	liquid
98.800	84.000	1118.2	0.00089429	-121.99	-114.48	3.0641	0.91465	1.6781	877.83	-0.030709	0.00017136	0.14522	liquid
102.03	84.000	1102.5	0.00090699	-116.66	-109.04	3.1182	0.90414	1.6869	853.49	-0.029450	0.00015940	0.14082	liquid
105.27	84.000	1086.6	0.00092031	-111.30	-103.57	3.1710	0.89411	1.6976	828.99	-0.028008	0.00014862	0.13641	liquid
108.50	84.000	1070.3	0.00093434	-105.91	-98.064	3.2226	0.88455	1.7103	804.28	-0.026360	0.00013882	0.13199	liquid
111.73	84.000	1053.6	0.00094916	-100.48	-92.510	3.2730	0.87546	1.7253	779.31	-0.024477	0.00012986	0.12758	liquid
114.97	84.000	1036.4	0.00096487	-95.009	-86.904	3.3225	0.86683	1.7428	754.04	-0.022323	0.00012159	0.12317	liquid
118.20	84.000	1018.8	0.00098159	-89.482	-81.236	3.3711	0.85868	1.7633	728.43	-0.019856	0.00011393	0.11876	liquid
121.43	84.000	1000.5	0.00099947	-83.893	-75.497	3.4190	0.85101	1.7873	702.41	-0.017019	0.00010678	0.11435	liquid
124.67	84.000	981.66	0.0010187	-78.231	-69.674	3.4663	0.84386	1.8152	675.93	-0.013744	0.00010008	0.10994	liquid
127.90	84.000	962.04	0.0010395	-72.485	-63.753	3.5132	0.83726	1.8481	648.92	-0.0099416	9.3775e-05	0.10554	liquid
131.13	84.000	941.57	0.0010621	-66.638	-57.717	3.5598	0.83127	1.8870	621.30	-0.0054973	8.7807e-05	0.10115	liquid
134.37	84.000	920.09	0.0010868	-60.672	-51.542	3.6063	0.82594	1.9335	592.97	-0.00025867	8.2136e-05	0.096775	liquid
137.60	84.000	897.42	0.0011143	-54.563	-45.203	3.6529	0.82139	1.9897	563.83	0.0059794	7.6725e-05	0.092414	liquid
140.83	84.000	873.32	0.0011451	-48.280	-38.662	3.6999	0.81775	2.0587	533.75	0.013500	7.1536e-05	0.088067	liquid
144.07	84.000	847.46	0.0011800	-41.783	-31.871	3.7476	0.81521	2.1450	502.59	0.022701	6.6536e-05	0.083733	liquid
147.30	84.000	819.41	0.0012204	-35.016	-24.765	3.7964	0.81406	2.2556	470.16	0.034164	6.1686e-05	0.079407	liquid
150.53	84.000	788.53	0.0012682	-27.900	-17.247	3.8468	0.81468	2.4015	436.33	0.048751	5.6942e-05	0.075078	liquid
153.77	84.000	753.89	0.0013264	-20.320	-9.1778	3.8999	0.81762	2.6011	400.99	0.067793	5.2252e-05	0.070729	liquid
157.00	84.000	714.10	0.0014004	-12.099	-0.33566	3.9568	0.82356	2.8861	364.21	0.093396	4.7545e-05	0.066330	supercritical
160.23	84.000	666.98	0.0014993	-2.9597	9.6344	4.0196	0.83313	3.3096	326.49	0.12890	4.2725e-05	0.061830	supercritical
163.47	84.000	609.47	0.0016408	7.4997	21.282	4.0916	0.84633	3.9297	289.34	0.17900	3.7689e-05	0.057144	supercritical
166.70	84.000	539.51	0.0018535	19.604	35.174	4.1757	0.85988	4.6476	256.87	0.24693	3.2481e-05	0.052089	supercritical
169.93	84.000	463.64	0.0021568	32.668	50.785	4.2684	0.86231	4.8525	235.99	0.32346	2.7684e-05	0.046501	supercritical
173.17	84.000	398.92	0.0025068	44.516	65.573	4.3547	0.84765	4.2093	228.41	0.38374	2.4216e-05	0.041166	supercritical
176.40	84.000	352.02	0.0028407	54.054	77.916	4.4253	0.82713	3.4526	228.07	0.41932	2.2102e-05	0.037141	supercritical
179.63	84.000	318.32	0.0031415	61.741	88.129	4.4827	0.80795	2.8991	230.47	0.43750	2.0831e-05	0.034355	supercritical
182.87	84.000	293.03	0.0034126	68.183	96.848	4.5308	0.79140	2.5170	233.88	0.44516	2.0039e-05	0.032412	supercritical
186.10	84.000	273.20	0.0036603	73.779	104.52	4.5724	0.77728	2.2463	237.67	0.44645	1.9531e-05	0.031022	supercritical
189.33	84.000	257.09	0.0038897	78.777	111.45	4.6093	0.76519	2.0472	241.57	0.44383	1.9203e-05	0.030003	supercritical
192.57	84.000	243.63	0.0041045	83.336	117.81	4.6427	0.75478	1.8958	245.46	0.43875	1.8993e-05	0.029244	supercritical
195.80	84.000	232.15	0.0043076	87.561	123.75	4.6732	0.74577	1.7772	249.29	0.43213	1.8867e-05	0.028674	supercritical
199.03	84.000	222.17	0.0045010	91.523	129.33	4.7015	0.73793	1.6821	253.04	0.42454	1.8800e-05	0.028244	supercritical
202.27	84.000	213.39	0.0046864	95.276	134.64	4.7280	0.73108	1.6043	256.68	0.41637	1.8778e-05	0.027921	supercritical
205.50	84.000	205.56	0.0048648	98.856	139.72	4.7529	0.72507	1.5395	260.24	0.40786	1.8790e-05	0.027682	supercritical
208.73	84.000	198.52	0.0050373	102.29	144.61	4.7765	0.71976	1.4849	263.69	0.39920	1.8827e-05	0.027510	supercritical
211.97	84.000	192.13	0.0052047	105.61	149.33	4.7989	0.71507	1.4382	267.05	0.39050	1.8886e-05	0.027391	supercritical
215.20	84.000	186.30	0.0053676	108.83	153.91	4.8204	0.71091	1.3978	270.33	0.38184	1.8962e-05	0.027317	supercritical
218.43	84.000	180.94	0.0055266	111.95	158.38	4.8410	0.70720	1.3627	273.52	0.37328	1.9050e-05	0.027278	supercritical
221.67	84.000	176.00	0.0056820	115.00	162.73	4.8608	0.70389	1.3319	276.63	0.36485	1.9150e-05	0.027270	supercritical
224.90	84.000	171.40	0.0058342	117.99	166.99	4.8799	0.70093	1.3046	279.67	0.35660	1.9259e-05	0.027288	supercritical
228.13	84.000	167.12	0.0059836	120.91	171.17	4.8983	0.69827	1.2803	282.64	0.34852	1.9376e-05	0.027328	supercritical
231.37	84.000	163.12	0.0061304	123.78	175.27	4.9162	0.69588	1.2586	285.54	0.34063	1.9499e-05	0.027386	supercritical
234.60	84.000	159.37	0.0062748	126.60	179.31	4.9335	0.69374	1.2390	288.39	0.33294	1.9627e-05	0.027460	supercritical
237.83	84.000	155.83	0.0064171	129.39	183.29	4.9503	0.69180	1.2213	291.17	0.32545	1.9760e-05	0.027549	supercritical
241.07	84.000	152.50	0.0065574	132.13	187.21	4.9667	0.69006	1.2053	293.90	0.31815	1.9897e-05	0.027650	supercritical
244.30	84.000	149.34	0.0066959	134.84	191.08	4.9827	0.68849	1.1907	296.57	0.31105	2.0037e-05	0.027761	supercritical
247.53	84.000	146.35	0.0068327	137.52	194.91	4.9982	0.68708	1.1773	299.20	0.30414	2.0180e-05	0.027882	supercritical
250.77	84.000	143.51	0.0069680	140.17	198.70	5.0134	0.68581	1.1651	301.78	0.29742	2.0325e-05	0.028011	supercritical
254.00	84.000	140.81	0.0071018	142.79	202.45	5.0283	0.68466	1.1538	304.31	0.29089	2.0473e-05	0.028148	supercritical
257.23	84.000	138.23	0.0072343	145.39	206.16	5.0428	0.68363	1.1434	306.80	0.28453	2.0622e-05	0.028292	supercritical
260.47	84.000	135.77	0.0073655	147.97	209.84	5.0570	0.68271	1.1339	309.25	0.27834	2.0772e-05	0.028441	supercritical
263.70	84.000	133.41	0.0074955	150.53	213.49	5.0710	0.68189	1.1250	311.67	0.27232	2.0924e-05	0.028596	supercritical
266.93	84.000	131.16	0.0076245	153.07	217.12	5.0846	0.68116	1.1167	314.04	0.26647	2.1077e-05	0.028755	supercritical
270.17	84.000	128.99	0.0077524	155.60	220.72	5.0980	0.68051	1.1091	316.38	0.26076	2.1230e-05	0.028919	supercritical
273.40	84.000	126.92	0.0078793	158.11	224.29	5.1112	0.67995	1.1020	318.69	0.25521	2.1385e-05	0.029086	supercritical
276.63	84.000	124.92	0.0080053	160.60	227.84	5.1241	0.67945	1.0953	320.96	0.24981	2.1540e-05	0.029258	supercritical
279.87	84.000	123.00	0.0081304	163.08	231.37	5.1368	0.67903	1.0892	323.20	0.24454	2.1696e-05	0.029432	supercritical
283.10	84.000	121.14	0.0082547	165.55	234.89	5.1493	0.67866	1.0834	325.41	0.23941	2.1852e-05	0.029609	supercritical
286.33	84.000	119.36	0.0083782	168.00	238.38	5.1615	0.67836	1.0780	327.60	0.23441	2.2008e-05	0.029789	supercritical
289.57	84.000	117.63	0.0085010	170.45	241.86	5.1736	0.67812	1.0729	329.75	0.22953	2.2165e-05	0.029971	supercritical
292.80	84.000	115.97	0.0086231	172.89	245.32	5.1855	0.67793	1.0681	331.88	0.22478	2.2322e-05	0.030154	supercritical
296.03	84.000	114.36	0.0087445	175.31	248.77	5.1972	0.67779	1.0637	333.98	0.22014	2.2479e-05	0.030340	supercritical
299.27	84.000	112.80	0.0088652	177.73	252.20	5.2087	0.67770	1.0595	336.06	0.21562	2.2636e-05	0.030527	supercritical
302.50	84.000	111.29	0.0089854	180.14	255.62	5.2201	0.67765	1.0556	338.11	0.21120	2.2793e-05	0.030716	supercritical
305.73	84.000	109.83	0.0091050	182.54	259.02	5.2313	0.67765	1.0519	340.14	0.20689	2.2950e-05	0.030904	supercritical
308.97	84.000	108.41	0.0092240	184.94	262.42	5.2424	0.67769	1.0484	342.15	0.20268	2.3107e-05	0.031088	supercritical
312.20	84.000	107.04	0.0093425	187.33	265.80	5.2533	0.67777	1.0452	344.13	0.19857	2.3263e-05	0.031283	supercritical
315.43	84.000	105.70	0.0094605	189.71	269.18	5.2640	0.67789	1.0421	346.09	0.19455	2.3420e-05	0.031483	supercritical
318.67	84.000	104.41	0.0095781	192.09	272.54	5.2746	0.67804	1.0392	348.03	0.19063	2.3577e-05	0.031683	supercritical
321.90	84.000	103.14	0.0096951	194.46	275.90	5.2851	0.67823	1.0365	349.96	0.18679	2.3733e-05	0.031885	supercritical
325.13	84.000	101.92	0.0098117	196.83	279.25	5.2955	0.67846	1.0340	351.86	0.18304	2.3889e-05	0.032087	supercritical
328.37	84.000	100.73	0.0099279	199.19	282.59	5.3057	0.67871	1.0316	353.74	0.17938	2.4045e-05	0.032290	supercritical
331.60	84.000	99.565	0.010044	201.55	285.92	5.3158	0.67900	1.0294	355.61	0.17579	2.4201e-05	0.032494	supercritical
334.83	84.000	98.434	0.010159	203.91	289.24	5.3257	0.67932	1.0273	357.45	0.17228	2.4356e-05	0.032698	supercritical
338.07	84.000	97.332	0.010274	206.26	292.56	5.3356	0.67966	1.0253	359.28	0.16885	2.4511e-05	0.032903	supercritical
341.30	84.000	96.258	0.010389	208.61	295.87	5.3454	0.68003	1.0234	361.10	0.16549	2.4666e-05	0.033108	supercritical
344.53	84.000	95.211	0.010503	210.95	299.18	5.3550	0.68043	1.0217	362.89	0.16220	2.4820e-05	0.033314	supercritical
347.77	84.000	94.189	0.010617	213.30	302.48	5.3645	0.68086	1.0200	364.67	0.15899	2.4974e-05	0.033520	supercritical
351.00	84.000	93.192	0.010731	215.64	305.78	5.3740	0.68131	1.0185	366.44	0.15583	2.5128e-05	0.033726	supercritical
354.23	84.000	92.218	0.010844	217.98	309.07	5.3833	0.68178	1.0171	368.18	0.15275	2.5282e-05	0.033933	supercritical
357.47	84.000	91.267	0.010957	220.32	312.35	5.3925	0.68228	1.0157	369.92	0.14972	2.5435e-05	0.034140	supercritical
360.70	84.000	90.337	0.011070	222.65	315.64	5.4017	0.68280	1.0145	371.64	0.14676	2.5588e-05	0.034347	supercritical
363.93	84.000	89.429	0.011182	224.98	318.91	5.4107	0.68334	1.0133	373.34	0.14386	2.5740e-05	0.034554	supercritical
367.17	84.000	88.541	0.011294	227.32	322.19	5.4197	0.68390	1.0123	375.03	0.14101	2.5892e-05	0.034762	supercritical
370.40	84.000	87.672	0.011406	229.65	325.46	5.4286	0.68448	1.0113	376.71	0.13822	2.6044e-05	0.034970	supercritical
373.63	84.000	86.822	0.011518	231.98	328.73	5.4373	0.68508	1.0103	378.38	0.13549	2.6195e-05	0.035177	supercritical
376.87	84.000	85.991	0.011629	234.31	331.99	5.4460	0.68570	1.0095	380.03	0.13281	2.6346e-05	0.035386	supercritical
380.10	84.000	85.177	0.011740	236.64	335.26	5.4547	0.68634	1.0087	381.67	0.13018	2.6497e-05	0.035594	supercritical
383.33	84.000	84.379	0.011851	238.97	338.52	5.4632	0.68699	1.0080	383.29	0.12760	2.6647e-05	0.035802	supercritical
386.57	84.000	83.598	0.011962	241.29	341.77	5.4717	0.68767	1.0073	384.91	0.12507	2.6797e-05	0.036010	supercritical
389.80	84.000	82.833	0.012072	243.62	345.03	5.4801	0.68835	1.0067	386.51	0.12259	2.6946e-05	0.036219	supercritical
393.03	84.000	82.084	0.012183	245.95	348.28	5.4884	0.68905	1.0062	388.10	0.12016	2.7096e-05	0.036427	supercritical
396.27	84.000	81.349	0.012293	248.28	351.54	5.4966	0.68977	1.0057	389.68	0.11777	2.7244e-05	0.036635	supercritical
399.50	84.000	80.628	0.012403	250.61	354.79	5.5048	0.69050	1.0053	391.25	0.11543	2.7393e-05	0.036844	supercritical
402.73	84.000	79.921	0.012512	252.93	358.04	5.5129	0.69125	1.0049	392.81	0.11313	2.7540e-05	0.037052	supercritical
405.97	84.000	79.228	0.012622	255.26	361.29	5.5209	0.69200	1.0045	394.36	0.11087	2.7688e-05	0.037261	supercritical
409.20	84.000	78.548	0.012731	257.59	364.53	5.5289	0.69277	1.0042	395.89	0.10865	2.7835e-05	0.037469	supercritical
412.43	84.000	77.880	0.012840	259.92	367.78	5.5368	0.69356	1.0040	397.42	0.10648	2.7982e-05	0.037677	supercritical
415.67	84.000	77.225	0.012949	262.25	371.03	5.5446	0.69435	1.0038	398.94	0.10434	2.8128e-05	0.037886	supercritical
418.90	84.000	76.582	0.013058	264.58	374.27	5.5524	0.69515	1.0036	400.44	0.10224	2.8274e-05	0.038094	supercritical
422.13	84.000	75.950	0.013167	266.92	377.52	5.5601	0.69597	1.0035	401.94	0.10018	2.8420e-05	0.038302	supercritical
425.37	84.000	75.329	0.013275	269.25	380.76	5.5678	0.69680	1.0034	403.43	0.098155	2.8565e-05	0.038510	supercritical
428.60	84.000	74.719	0.013383	271.58	384.00	5.5754	0.69763	1.0033	404.91	0.096166	2.8710e-05	0.038718	supercritical
431.83	84.000	74.120	0.013492	273.92	387.25	5.5829	0.69848	1.0033	406.38	0.094212	2.8854e-05	0.038926	supercritical
435.07	84.000	73.532	0.013600	276.26	390.49	5.5904	0.69933	1.0033	407.84	0.092292	2.8998e-05	0.039134	supercritical
438.30	84.000	72.953	0.013707	278.59	393.74	5.5978	0.70019	1.0034	409.29	0.090405	2.9142e-05	0.039341	supercritical
441.53	84.000	72.384	0.013815	280.93	396.98	5.6052	0.70106	1.0035	410.74	0.088551	2.9285e-05	0.039549	supercritical
444.77	84.000	71.824	0.013923	283.27	400.23	5.6125	0.70194	1.0036	412.18	0.086729	2.9428e-05	0.039756	supercritical
448.00	84.000	71.274	0.014030	285.62	403.47	5.6198	0.70282	1.0037	413.60	0.084937	2.9571e-05	0.039964	supercritical
451.23	84.000	70.733	0.014138	287.96	406.72	5.6270	0.70371	1.0038	415.02	0.083177	2.9713e-05	0.040171	supercritical
454.47	84.000	70.201	0.014245	290.31	409.96	5.6342	0.70461	1.0040	416.44	0.081445	2.9855e-05	0.040378	supercritical
457.70	84.000	69.677	0.014352	292.65	413.21	5.6413	0.70551	1.0042	417.84	0.079743	2.9996e-05	0.040585	supercritical
460.93	84.000	69.161	0.014459	295.00	416.46	5.6484	0.70642	1.0045	419.24	0.078070	3.0137e-05	0.040791	supercritical
464.17	84.000	68.654	0.014566	297.35	419.70	5.6554	0.70733	1.0047	420.63	0.076424	3.0278e-05	0.040998	supercritical
467.40	84.000	68.154	0.014673	299.70	422.95	5.6624	0.70825	1.0050	422.01	0.074806	3.0418e-05	0.041204	supercritical
470.63	84.000	67.662	0.014779	302.06	426.20	5.6693	0.70918	1.0053	423.39	0.073214	3.0558e-05	0.041411	supercritical
473.87	84.000	67.178	0.014886	304.41	429.45	5.6762	0.71010	1.0056	424.75	0.071648	3.0698e-05	0.041617	supercritical
477.10	84.000	66.701	0.014992	306.77	432.71	5.6830	0.71103	1.0059	426.12	0.070108	3.0837e-05	0.041822	supercritical
480.33	84.000	66.232	0.015099	309.13	435.96	5.6898	0.71197	1.0063	427.47	0.068593	3.0976e-05	0.042028	supercritical
483.57	84.000	65.769	0.015205	311.49	439.21	5.6966	0.71291	1.0067	428.82	0.067102	3.1114e-05	0.042234	supercritical
486.80	84.000	65.313	0.015311	313.86	442.47	5.7033	0.71385	1.0071	430.16	0.065635	3.1253e-05	0.042439	supercritical
490.03	84.000	64.864	0.015417	316.22	445.73	5.7099	0.71480	1.0075	431.50	0.064192	3.1390e-05	0.042644	supercritical
493.27	84.000	64.421	0.015523	318.59	448.98	5.7166	0.71574	1.0079	432.83	0.062772	3.1528e-05	0.042849	supercritical
496.50	84.000	63.985	0.015629	320.96	452.24	5.7232	0.71669	1.0083	434.15	0.061374	3.1665e-05	0.043054	supercritical
499.73	84.000	63.555	0.015735	323.34	455.51	5.7297	0.71764	1.0088	435.47	0.059998	3.1802e-05	0.043259	supercritical
502.97	84.000	63.131	0.015840	325.71	458.77	5.7362	0.71860	1.0092	436.78	0.058644	3.1938e-05	0.043463	supercritical
506.20	84.000	62.713	0.015946	328.09	462.03	5.7427	0.71955	1.0097	438.08	0.057311	3.2074e-05	0.043668	supercritical
509.43	84.000	62.300	0.016051	330.47	465.30	5.7491	0.72051	1.0102	439.38	0.055999	3.2210e-05	0.043872	supercritical
512.67	84.000	61.894	0.016157	332.85	468.56	5.7555	0.72147	1.0107	440.67	0.054707	3.2345e-05	0.044075	supercritical
515.90	84.000	61.493	0.016262	335.23	471.83	5.7619	0.72242	1.0112	441.96	0.053435	3.2480e-05	0.044279	supercritical
519.13	84.000	61.097	0.016367	337.62	475.10	5.7682	0.72338	1.0117	443.24	0.052182	3.2615e-05	0.044483	supercritical
522.37	84.000	60.707	0.016473	340.01	478.38	5.7745	0.72434	1.0122	444.52	0.050949	3.2749e-05	0.044686	supercritical
525.60	84.000	60.322	0.016578	342.40	481.65	5.7807	0.72530	1.0128	445.79	0.049734	3.2883e-05	0.044889	supercritical
528.83	84.000	59.942	0.016683	344.79	484.92	5.7869	0.72626	1.0133	447.06	0.048538	3.3017e-05	0.045092	supercritical
532.07	84.000	59.568	0.016788	347.19	488.20	5.7931	0.72722	1.0139	448.32	0.047359	3.3151e-05	0.045295	supercritical
535.30	84.000	59.198	0.016893	349.58	491.48	5.7992	0.72818	1.0145	449.58	0.046199	3.3284e-05	0.045497	supercritical
538.53	84.000	58.833	0.016997	351.98	494.76	5.8054	0.72914	1.0150	450.83	0.045055	3.3416e-05	0.045699	supercritical
541.77	84.000	58.472	0.017102	354.39	498.04	5.8114	0.73009	1.0156	452.07	0.043929	3.3549e-05	0.045901	supercritical
545.00	84.000	58.116	0.017207	356.79	501.33	5.8175	0.73105	1.0162	453.31	0.042819	3.3681e-05	0.046103	supercritical
548.23	84.000	57.765	0.017311	359.20	504.62	5.8235	0.73201	1.0168	454.55	0.041726	3.3813e-05	0.046305	supercritical
551.47	84.000	57.418	0.017416	361.61	507.90	5.8295	0.73296	1.0174	455.78	0.040648	3.3944e-05	0.046506	supercritical
554.70	84.000	57.076	0.017521	364.02	511.20	5.8354	0.73391	1.0180	457.01	0.039587	3.4075e-05	0.046708	supercritical
557.93	84.000	56.738	0.017625	366.44	514.49	5.8413	0.73487	1.0186	458.23	0.038540	3.4206e-05	0.046909	supercritical
561.17	84.000	56.404	0.017729	368.86	517.78	5.8472	0.73582	1.0192	459.45	0.037509	3.4337e-05	0.047109	supercritical
564.40	84.000	56.074	0.017834	371.28	521.08	5.8531	0.73676	1.0198	460.66	0.036493	3.4467e-05	0.047310	supercritical
567.63	84.000	55.748	0.017938	373.70	524.38	5.8589	0.73771	1.0205	461.87	0.035491	3.4597e-05	0.047510	supercritical
570.87	84.000	55.426	0.018042	376.12	527.68	5.8647	0.73866	1.0211	463.08	0.034504	3.4727e-05	0.047711	supercritical
574.10	84.000	55.108	0.018146	378.55	530.98	5.8705	0.73960	1.0217	464.28	0.033530	3.4856e-05	0.047911	supercritical
577.33	84.000	54.793	0.018250	380.98	534.29	5.8762	0.74054	1.0224	465.47	0.032571	3.4985e-05	0.048110	supercritical
580.57	84.000	54.483	0.018354	383.41	537.59	5.8819	0.74148	1.0230	466.67	0.031625	3.5114e-05	0.048310	supercritical
583.80	84.000	54.176	0.018458	385.85	540.90	5.8876	0.74241	1.0237	467.85	0.030692	3.5242e-05	0.048509	supercritical
587.03	84.000	53.872	0.018562	388.29	544.21	5.8933	0.74334	1.0243	469.04	0.029772	3.5370e-05	0.048709	supercritical
590.27	84.000	53.572	0.018666	390.73	547.52	5.8989	0.74428	1.0250	470.22	0.028865	3.5498e-05	0.048908	supercritical
593.50	84.000	53.276	0.018770	393.17	550.84	5.9045	0.74520	1.0256	471.40	0.027970	3.5626e-05	0.049106	supercritical
596.73	84.000	52.983	0.018874	395.62	554.16	5.9101	0.74613	1.0263	472.57	0.027088	3.5753e-05	0.049305	supercritical
599.97	84.000	52.693	0.018978	398.06	557.48	5.9156	0.74705	1.0269	473.74	0.026218	3.5880e-05	0.049503	supercritical
603.20	84.000	52.407	0.019081	400.51	560.80	5.9211	0.74797	1.0276	474.90	0.025359	3.6007e-05	0.049701	supercritical
606.43	84.000	52.124	0.019185	402.97	564.12	5.9266	0.74888	1.0283	476.06	0.024512	3.6133e-05	0.049899	supercritical
609.67	84.000	51.844	0.019289	405.42	567.45	5.9321	0.74980	1.0289	477.22	0.023677	3.6259e-05	0.050097	supercritical
612.90	84.000	51.567	0.019392	407.88	570.78	5.9376	0.75070	1.0296	478.37	0.022853	3.6385e-05	0.050295	supercritical
616.13	84.000	51.293	0.019496	410.34	574.11	5.9430	0.75161	1.0303	479.52	0.022040	3.6511e-05	0.050492	supercritical
619.37	84.000	51.022	0.019599	412.80	577.44	5.9484	0.75251	1.0309	480.67	0.021238	3.6636e-05	0.050689	supercritical
622.60	84.000	50.754	0.019703	415.27	580.77	5.9537	0.75341	1.0316	481.81	0.020447	3.6761e-05	0.050886	supercritical
625.83	84.000	50.489	0.019806	417.74	584.11	5.9591	0.75431	1.0323	482.95	0.019666	3.6886e-05	0.051083	supercritical
629.07	84.000	50.227	0.019909	420.21	587.45	5.9644	0.75520	1.0329	484.09	0.018895	3.7010e-05	0.051279	supercritical
632.30	84.000	49.968	0.020013	422.68	590.79	5.9697	0.75609	1.0336	485.22	0.018134	3.7135e-05	0.051475	supercritical
635.53	84.000	49.712	0.020116	425.16	594.13	5.9750	0.75697	1.0343	486.35	0.017384	3.7259e-05	0.051672	supercritical
638.77	84.000	49.458	0.020219	427.63	597.48	5.9802	0.75785	1.0349	487.48	0.016643	3.7382e-05	0.051867	supercritical
642.00	84.000	49.207	0.020322	430.11	600.82	5.9855	0.75873	1.0356	488.60	0.015912	3.7506e-05	0.052063	supercritical
645.23	84.000	48.958	0.020426	432.60	604.17	5.9907	0.75961	1.0363	489.72	0.015190	3.7629e-05	0.052259	supercritical
648.47	84.000	48.712	0.020529	435.08	607.53	5.9958	0.76048	1.0369	490.84	0.014477	3.7752e-05	0.052454	supercritical
651.70	84.000	48.469	0.020632	437.57	610.88	6.0010	0.76134	1.0376	491.95	0.013773	3.7875e-05	0.052649	supercritical
654.93	84.000	48.228	0.020735	440.06	614.24	6.0061	0.76220	1.0383	493.06	0.013079	3.7997e-05	0.052844	supercritical
658.17	84.000	47.989	0.020838	442.55	617.59	6.0113	0.76306	1.0389	494.17	0.012393	3.8119e-05	0.053039	supercritical
661.40	84.000	47.753	0.020941	445.05	620.95	6.0163	0.76391	1.0396	495.27	0.011716	3.8241e-05	0.053233	supercritical
664.63	84.000	47.520	0.021044	447.55	624.32	6.0214	0.76476	1.0403	496.37	0.011047	3.8363e-05	0.053427	supercritical
667.87	84.000	47.289	0.021147	450.05	627.68	6.0265	0.76561	1.0409	497.47	0.010387	3.8484e-05	0.053622	supercritical
671.10	84.000	47.060	0.021250	452.55	631.05	6.0315	0.76645	1.0416	498.57	0.0097348	3.8605e-05	0.053815	supercritical
674.33	84.000	46.833	0.021353	455.06	634.42	6.0365	0.76729	1.0423	499.66	0.0090908	3.8726e-05	0.054009	supercritical
677.57	84.000	46.608	0.021455	457.56	637.79	6.0415	0.76812	1.0429	500.75	0.0084547	3.8847e-05	0.054203	supercritical
680.80	84.000	46.386	0.021558	460.07	641.16	6.0465	0.76895	1.0436	501.84	0.0078265	3.8968e-05	0.054396	supercritical
684.03	84.000	46.166	0.021661	462.58	644.54	6.0514	0.76978	1.0442	502.92	0.0072059	3.9088e-05	0.054589	supercritical
687.27	84.000	45.948	0.021764	465.10	647.91	6.0563	0.77060	1.0449	504.00	0.0065929	3.9208e-05	0.054782	supercritical
690.50	84.000	45.732	0.021866	467.62	651.29	6.0612	0.77142	1.0456	505.08	0.0059873	3.9327e-05	0.054975	supercritical
693.73	84.000	45.519	0.021969	470.14	654.67	6.0661	0.77223	1.0462	506.15	0.0053891	3.9447e-05	0.055167	supercritical
696.97	84.000	45.307	0.022072	472.66	658.06	6.0710	0.77304	1.0469	507.23	0.0047980	3.9566e-05	0.055360	supercritical
700.20	84.000	45.097	0.022174	475.18	661.44	6.0758	0.77384	1.0475	508.30	0.0042140	3.9685e-05	0.055552	supercritical
703.43	84.000	44.890	0.022277	477.71	664.83	6.0807	0.77464	1.0482	509.36	0.0036370	3.9804e-05	0.055744	supercritical
706.67	84.000	44.684	0.022379	480.24	668.22	6.0855	0.77544	1.0488	510.43	0.0030668	3.9923e-05	0.055936	supercritical
709.90	84.000	44.480	0.022482	482.77	671.61	6.0903	0.77623	1.0495	511.49	0.0025034	4.0041e-05	0.056127	supercritical
713.13	84.000	44.278	0.022584	485.30	675.01	6.0950	0.77702	1.0501	512.55	0.0019465	4.0159e-05	0.056319	supercritical
716.37	84.000	44.078	0.022687	487.84	678.41	6.0998	0.77780	1.0507	513.61	0.0013963	4.0277e-05	0.056510	supercritical
719.60	84.000	43.880	0.022789	490.37	681.80	6.1045	0.77858	1.0514	514.66	0.00085240	4.0395e-05	0.056701	supercritical
722.83	84.000	43.684	0.022892	492.91	685.20	6.1092	0.77936	1.0520	515.72	0.00031486	4.0512e-05	0.056892	supercritical
726.07	84.000	43.489	0.022994	495.46	688.61	6.1139	0.78013	1.0526	516.76	-0.00021646	4.0629e-05	0.057083	supercritical
729.30	84.000	43.297	0.023097	498.00	692.01	6.1186	0.78089	1.0533	517.81	-0.00074166	4.0746e-05	0.057273	supercritical
732.53	84.000	43.105	0.023199	500.55	695.42	6.1233	0.78165	1.0539	518.86	-0.0012608	4.0863e-05	0.057463	supercritical
735.77	84.000	42.916	0.023301	503.10	698.83	6.1279	0.78241	1.0545	519.90	-0.0017741	4.0980e-05	0.057654	supercritical
739.00	84.000	42.729	0.023404	505.65	702.24	6.1325	0.78316	1.0552	520.94	-0.0022814	4.1096e-05	0.057843	supercritical
742.23	84.000	42.543	0.023506	508.20	705.65	6.1371	0.78391	1.0558	521.98	-0.0027831	4.1212e-05	0.058033	supercritical
745.47	84.000	42.358	0.023608	510.76	709.06	6.1417	0.78466	1.0564	523.01	-0.0032791	4.1328e-05	0.058223	supercritical
748.70	84.000	42.176	0.023710	513.32	712.48	6.1463	0.78540	1.0570	524.04	-0.0037695	4.1444e-05	0.058412	supercritical
751.93	84.000	41.995	0.023813	515.88	715.90	6.1509	0.78614	1.0576	525.07	-0.0042544	4.1560e-05	0.058602	supercritical
755.17	84.000	41.815	0.023915	518.44	719.32	6.1554	0.78687	1.0583	526.10	-0.0047339	4.1675e-05	0.058791	supercritical
758.40	84.000	41.637	0.024017	521.00	722.74	6.1599	0.78760	1.0589	527.13	-0.0052081	4.1790e-05	0.058979	supercritical
761.63	84.000	41.461	0.024119	523.57	726.17	6.1644	0.78832	1.0595	528.15	-0.0056770	4.1905e-05	0.059168	supercritical
764.87	84.000	41.286	0.024221	526.14	729.60	6.1689	0.78904	1.0601	529.17	-0.0061408	4.2020e-05	0.059357	supercritical
768.10	84.000	41.113	0.024323	528.71	733.02	6.1734	0.78976	1.0607	530.19	-0.0065995	4.2134e-05	0.059545	supercritical
771.33	84.000	40.941	0.024425	531.28	736.45	6.1778	0.79047	1.0613	531.21	-0.0070531	4.2248e-05	0.059733	supercritical
774.57	84.000	40.771	0.024527	533.86	739.89	6.1823	0.79117	1.0619	532.22	-0.0075019	4.2362e-05	0.059921	supercritical
777.80	84.000	40.602	0.024629	536.43	743.32	6.1867	0.79188	1.0625	533.24	-0.0079458	4.2476e-05	0.060109	supercritical
781.03	84.000	40.434	0.024731	539.01	746.76	6.1911	0.79258	1.0631	534.25	-0.0083849	4.2590e-05	0.060297	supercritical
784.27	84.000	40.268	0.024833	541.59	750.20	6.1955	0.79327	1.0637	535.26	-0.0088192	4.2703e-05	0.060484	supercritical
787.50	84.000	40.104	0.024935	544.18	753.64	6.1999	0.79396	1.0642	536.26	-0.0092490	4.2817e-05	0.060672	supercritical
790.73	84.000	39.940	0.025037	546.76	757.08	6.2043	0.79465	1.0648	537.27	-0.0096741	4.2930e-05	0.060859	supercritical
793.97	84.000	39.778	0.025139	549.35	760.52	6.2086	0.79533	1.0654	538.27	-0.010095	4.3043e-05	0.061046	supercritical
797.20	84.000	39.618	0.025241	551.94	763.97	6.2129	0.79601	1.0660	539.27	-0.010511	4.3155e-05	0.061233	supercritical
800.43	84.000	39.458	0.025343	554.53	767.41	6.2172	0.79668	1.0666	540.27	-0.010923	4.3268e-05	0.061419	supercritical
803.67	84.000	39.300	0.025445	557.13	770.86	6.2216	0.79735	1.0671	541.26	-0.011330	4.3380e-05	0.061606	supercritical
806.90	84.000	39.144	0.025547	559.72	774.32	6.2258	0.79802	1.0677	542.25	-0.011733	4.3492e-05	0.061792	supercritical
810.13	84.000	38.988	0.025649	562.32	777.77	6.2301	0.79868	1.0683	543.25	-0.012132	4.3604e-05	0.061978	supercritical
813.37	84.000	38.834	0.025751	564.92	781.22	6.2344	0.79934	1.0689	544.24	-0.012527	4.3716e-05	0.062164	supercritical
816.60	84.000	38.681	0.025853	567.52	784.68	6.2386	0.80000	1.0694	545.22	-0.012918	4.3828e-05	0.062350	supercritical
819.83	84.000	38.529	0.025954	570.12	788.14	6.2428	0.80065	1.0700	546.21	-0.013305	4.3939e-05	0.062536	supercritical
823.07	84.000	38.379	0.026056	572.73	791.60	6.2470	0.80129	1.0705	547.19	-0.013688	4.4050e-05	0.062721	supercritical
826.30	84.000	38.229	0.026158	575.34	795.06	6.2512	0.80194	1.0711	548.18	-0.014067	4.4161e-05	0.062906	supercritical
829.53	84.000	38.081	0.026260	577.95	798.53	6.2554	0.80257	1.0716	549.16	-0.014442	4.4272e-05	0.063092	supercritical
832.77	84.000	37.934	0.026361	580.56	801.99	6.2596	0.80321	1.0722	550.13	-0.014813	4.4383e-05	0.063277	supercritical
836.00	84.000	37.788	0.026463	583.17	805.46	6.2638	0.80384	1.0727	551.11	-0.015181	4.4493e-05	0.063462	supercritical
839.23	84.000	37.644	0.026565	585.78	808.93	6.2679	0.80447	1.0733	552.08	-0.015544	4.4604e-05	0.063646	supercritical
842.47	84.000	37.500	0.026667	588.40	812.40	6.2720	0.80509	1.0738	553.06	-0.015905	4.4714e-05	0.063831	supercritical
845.70	84.000	37.358	0.026768	591.02	815.87	6.2761	0.80571	1.0744	554.03	-0.016261	4.4824e-05	0.064015	supercritical
848.93	84.000	37.216	0.026870	593.64	819.35	6.2802	0.80633	1.0749	555.00	-0.016614	4.4934e-05	0.064199	supercritical
852.17	84.000	37.076	0.026972	596.26	822.82	6.2843	0.80694	1.0754	555.96	-0.016964	4.5043e-05	0.064384	supercritical
855.40	84.000	36.937	0.027073	598.89	826.30	6.2884	0.80755	1.0760	556.93	-0.017310	4.5153e-05	0.064567	supercritical
858.63	84.000	36.799	0.027175	601.51	829.78	6.2925	0.80815	1.0765	557.89	-0.017653	4.5262e-05	0.064751	supercritical
861.87	84.000	36.662	0.027276	604.14	833.26	6.2965	0.80876	1.0770	558.85	-0.017992	4.5371e-05	0.064935	supercritical
865.10	84.000	36.526	0.027378	606.77	836.75	6.3005	0.80935	1.0775	559.81	-0.018328	4.5480e-05	0.065118	supercritical
868.33	84.000	36.391	0.027480	609.40	840.23	6.3046	0.80995	1.0781	560.77	-0.018661	4.5589e-05	0.065302	supercritical
871.57	84.000	36.257	0.027581	612.04	843.72	6.3086	0.81054	1.0786	561.73	-0.018991	4.5697e-05	0.065485	supercritical
874.80	84.000	36.124	0.027683	614.67	847.21	6.3126	0.81113	1.0791	562.68	-0.019317	4.5806e-05	0.065668	supercritical
878.03	84.000	35.992	0.027784	617.31	850.70	6.3165	0.81171	1.0796	563.64	-0.019640	4.5914e-05	0.065851	supercritical
881.27	84.000	35.861	0.027886	619.95	854.19	6.3205	0.81229	1.0801	564.59	-0.019961	4.6022e-05	0.066033	supercritical
884.50	84.000	35.731	0.027987	622.59	857.68	6.3245	0.81287	1.0806	565.54	-0.020278	4.6130e-05	0.066216	supercritical
887.73	84.000	35.601	0.028089	625.23	861.18	6.3284	0.81344	1.0811	566.48	-0.020592	4.6238e-05	0.066398	supercritical
890.97	84.000	35.473	0.028190	627.87	864.67	6.3323	0.81401	1.0816	567.43	-0.020903	4.6346e-05	0.066581	supercritical
894.20	84.000	35.346	0.028292	630.52	868.17	6.3363	0.81457	1.0821	568.37	-0.021211	4.6453e-05	0.066763	supercritical
897.43	84.000	35.220	0.028393	633.17	871.67	6.3402	0.81514	1.0826	569.32	-0.021517	4.6560e-05	0.066945	supercritical
900.67	84.000	35.094	0.028495	635.82	875.17	6.3441	0.81570	1.0831	570.26	-0.021819	4.6668e-05	0.067127	supercritical
903.90	84.000	34.970	0.028596	638.47	878.67	6.3480	0.81625	1.0836	571.20	-0.022119	4.6775e-05	0.067308	supercritical
907.13	84.000	34.846	0.028698	641.12	882.18	6.3518	0.81680	1.0841	572.13	-0.022416	4.6881e-05	0.067490	supercritical
910.37	84.000	34.724	0.028799	643.77	885.69	6.3557	0.81735	1.0846	573.07	-0.022710	4.6988e-05	0.067671	supercritical
913.60	84.000	34.602	0.028900	646.43	889.19	6.3595	0.81790	1.0851	574.00	-0.023001	4.7095e-05	0.067853	supercritical
916.83	84.000	34.481	0.029002	649.09	892.70	6.3634	0.81844	1.0855	574.94	-0.023290	4.7201e-05	0.068034	supercritical
920.07	84.000	34.361	0.029103	651.75	896.21	6.3672	0.81898	1.0860	575.87	-0.023576	4.7307e-05	0.068215	supercritical
923.30	84.000	34.241	0.029204	654.41	899.72	6.3710	0.81952	1.0865	576.80	-0.023859	4.7413e-05	0.068396	supercritical
926.53	84.000	34.123	0.029306	657.07	903.24	6.3748	0.82005	1.0870	577.73	-0.024140	4.7519e-05	0.068576	supercritical
929.77	84.000	34.005	0.029407	659.73	906.75	6.3786	0.82058	1.0874	578.65	-0.024419	4.7625e-05	0.068757	supercritical
933.00	84.000	33.889	0.029509	662.40	910.27	6.3824	0.82111	1.0879	579.58	-0.024695	4.7730e-05	0.068937	supercritical
936.23	84.000	33.773	0.029610	665.07	913.79	6.3861	0.82163	1.0884	580.50	-0.024968	4.7836e-05	0.069118	supercritical
939.47	84.000	33.657	0.029711	667.74	917.31	6.3899	0.82215	1.0888	581.42	-0.025239	4.7941e-05	0.069298	supercritical
942.70	84.000	33.543	0.029812	670.41	920.83	6.3936	0.82267	1.0893	582.34	-0.025507	4.8046e-05	0.069478	supercritical
945.93	84.000	33.429	0.029914	673.08	924.35	6.3973	0.82319	1.0898	583.26	-0.025774	4.8151e-05	0.069658	supercritical
949.17	84.000	33.317	0.030015	675.75	927.88	6.4011	0.82370	1.0902	584.18	-0.026037	4.8256e-05	0.069837	supercritical
952.40	84.000	33.205	0.030116	678.43	931.40	6.4048	0.82421	1.0907	585.09	-0.026299	4.8361e-05	0.070017	supercritical
955.63	84.000	33.093	0.030218	681.10	934.93	6.4085	0.82471	1.0911	586.01	-0.026558	4.8465e-05	0.070196	supercritical
958.87	84.000	32.983	0.030319	683.78	938.46	6.4122	0.82521	1.0916	586.92	-0.026815	4.8570e-05	0.070376	supercritical
962.10	84.000	32.873	0.030420	686.46	941.99	6.4158	0.82571	1.0920	587.83	-0.027069	4.8674e-05	0.070555	supercritical
965.33	84.000	32.764	0.030521	689.14	945.52	6.4195	0.82621	1.0925	588.74	-0.027322	4.8778e-05	0.070734	supercritical
968.57	84.000	32.656	0.030623	691.82	949.05	6.4231	0.82670	1.0929	589.65	-0.027572	4.8882e-05	0.070913	supercritical
971.80	84.000	32.548	0.030724	694.51	952.59	6.4268	0.82720	1.0934	590.56	-0.027820	4.8986e-05	0.071092	supercritical
975.03	84.000	32.441	0.030825	697.19	956.12	6.4304	0.82768	1.0938	591.46	-0.028066	4.9090e-05	0.071271	supercritical
978.27	84.000	32.335	0.030926	699.88	959.66	6.4340	0.82817	1.0942	592.36	-0.028310	4.9194e-05	0.071449	supercritical
981.50	84.000	32.230	0.031027	702.57	963.20	6.4377	0.82865	1.0947	593.27	-0.028551	4.9297e-05	0.071628	supercritical
984.73	84.000	32.125	0.031129	705.26	966.74	6.4413	0.82913	1.0951	594.17	-0.028791	4.9400e-05	0.071806	supercritical
987.97	84.000	32.021	0.031230	707.95	970.28	6.4448	0.82961	1.0955	595.07	-0.029028	4.9503e-05	0.071984	supercritical
991.20	84.000	31.917	0.031331	710.65	973.83	6.4484	0.83008	1.0960	595.97	-0.029264	4.9607e-05	0.072162	supercritical
994.43	84.000	31.815	0.031432	713.34	977.37	6.4520	0.83056	1.0964	596.86	-0.029498	4.9709e-05	0.072340	supercritical
997.67	84.000	31.713	0.031533	716.04	980.92	6.4556	0.83103	1.0968	597.76	-0.029729	4.9812e-05	0.072518	supercritical
1000.9	84.000	31.611	0.031634	718.73	984.46	6.4591	0.83149	1.0972	598.65	-0.029959	4.9915e-05	0.072696	supercritical
1004.1	84.000	31.511	0.031735	721.43	988.01	6.4626	0.83196	1.0976	599.54	-0.030187	5.0017e-05	0.072873	supercritical
1007.4	84.000	31.410	0.031837	724.13	991.56	6.4662	0.83242	1.0981	600.43	-0.030412	5.0120e-05	0.073051	supercritical
1010.6	84.000	31.311	0.031938	726.83	995.11	6.4697	0.83288	1.0985	601.32	-0.030636	5.0222e-05	0.073228	supercritical
1013.8	84.000	31.212	0.032039	729.54	998.66	6.4732	0.83333	1.0989	602.21	-0.030859	5.0324e-05	0.073405	supercritical
1017.1	84.000	31.114	0.032140	732.24	1002.2	6.4767	0.83379	1.0993	603.10	-0.031079	5.0426e-05	0.073582	supercritical
1020.3	84.000	31.016	0.032241	734.95	1005.8	6.4802	0.83424	1.0997	603.98	-0.031297	5.0528e-05	0.073759	supercritical
1023.5	84.000	30.920	0.032342	737.66	1009.3	6.4837	0.83468	1.1001	604.87	-0.031514	5.0630e-05	0.073936	supercritical
1026.8	84.000	30.823	0.032443	740.36	1012.9	6.4871	0.83513	1.1005	605.75	-0.031729	5.0731e-05	0.074113	supercritical
1030.0	84.000	30.728	0.032544	743.07	1016.4	6.4906	0.83557	1.1009	606.63	-0.031942	5.0833e-05	0.074289	supercritical
1033.2	84.000	30.632	0.032645	745.79	1020.0	6.4941	0.83602	1.1013	607.51	-0.032153	5.0934e-05	0.074466	supercritical
1036.5	84.000	30.538	0.032746	748.50	1023.6	6.4975	0.83645	1.1017	608.39	-0.032363	5.1035e-05	0.074642	supercritical
1039.7	84.000	30.444	0.032847	751.21	1027.1	6.5009	0.83689	1.1021	609.27	-0.032571	5.1136e-05	0.074818	supercritical
1042.9	84.000	30.351	0.032948	753.93	1030.7	6.5044	0.83733	1.1025	610.15	-0.032777	5.1237e-05	0.074994	supercritical
1046.2	84.000	30.258	0.033049	756.65	1034.3	6.5078	0.83776	1.1029	611.02	-0.032982	5.1338e-05	0.075170	supercritical
1049.4	84.000	30.166	0.033150	759.36	1037.8	6.5112	0.83819	1.1033	611.89	-0.033185	5.1439e-05	0.075346	supercritical
1052.6	84.000	30.074	0.033251	762.08	1041.4	6.5146	0.83861	1.1037	612.77	-0.033386	5.1540e-05	0.075522	supercritical
1055.9	84.000	29.983	0.033352	764.80	1045.0	6.5180	0.83904	1.1041	613.64	-0.033586	5.1640e-05	0.075698	supercritical
1059.1	84.000	29.892	0.033453	767.53	1048.5	6.5213	0.83946	1.1045	614.51	-0.033784	5.1740e-05	0.075873	supercritical
1062.3	84.000	29.802	0.033554	770.25	1052.1	6.5247	0.83988	1.1048	615.37	-0.033981	5.1841e-05	0.076048	supercritical
1065.6	84.000	29.713	0.033655	772.97	1055.7	6.5281	0.84030	1.1052	616.24	-0.034176	5.1941e-05	0.076224	supercritical
1068.8	84.000	29.624	0.033756	775.70	1059.3	6.5314	0.84072	1.1056	617.11	-0.034369	5.2041e-05	0.076399	supercritical
1072.0	84.000	29.536	0.033857	778.43	1062.8	6.5347	0.84113	1.1060	617.97	-0.034561	5.2141e-05	0.076574	supercritical
1075.3	84.000	29.448	0.033958	781.16	1066.4	6.5381	0.84154	1.1063	618.84	-0.034752	5.2240e-05	0.076749	supercritical
1078.5	84.000	29.361	0.034059	783.89	1070.0	6.5414	0.84195	1.1067	619.70	-0.034941	5.2340e-05	0.076924	supercritical
1081.7	84.000	29.274	0.034160	786.62	1073.6	6.5447	0.84236	1.1071	620.56	-0.035128	5.2440e-05	0.077099	supercritical
1085.0	84.000	29.188	0.034261	789.35	1077.1	6.5480	0.84277	1.1075	621.42	-0.035314	5.2539e-05	0.077273	supercritical
1088.2	84.000	29.102	0.034362	792.08	1080.7	6.5513	0.84317	1.1078	622.28	-0.035499	5.2638e-05	0.077448	supercritical
1091.4	84.000	29.017	0.034463	794.82	1084.3	6.5546	0.84357	1.1082	623.13	-0.035682	5.2738e-05	0.077622	supercritical
1094.7	84.000	28.932	0.034564	797.55	1087.9	6.5579	0.84397	1.1086	623.99	-0.035864	5.2837e-05	0.077796	supercritical
1097.9	84.000	28.848	0.034665	800.29	1091.5	6.5611	0.84437	1.1089	624.84	-0.036044	5.2936e-05	0.077971	supercritical
1101.1	84.000	28.764	0.034766	803.03	1095.1	6.5644	0.84476	1.1093	625.70	-0.036224	5.3034e-05	0.078145	supercritical
1104.4	84.000	28.681	0.034867	805.77	1098.6	6.5677	0.84516	1.1097	626.55	-0.036401	5.3133e-05	0.078319	supercritical
1107.6	84.000	28.598	0.034967	808.51	1102.2	6.5709	0.84555	1.1100	627.40	-0.036577	5.3232e-05	0.078492	supercritical
1110.8	84.000	28.516	0.035068	811.25	1105.8	6.5741	0.84594	1.1104	628.25	-0.036752	5.3330e-05	0.078666	supercritical
1114.1	84.000	28.434	0.035169	814.00	1109.4	6.5774	0.84632	1.1107	629.10	-0.036926	5.3429e-05	0.078840	supercritical
1117.3	84.000	28.353	0.035270	816.74	1113.0	6.5806	0.84671	1.1111	629.94	-0.037098	5.3527e-05	0.079013	supercritical
1120.5	84.000	28.272	0.035371	819.49	1116.6	6.5838	0.84709	1.1114	630.79	-0.037270	5.3625e-05	0.079187	supercritical
1123.8	84.000	28.191	0.035472	822.23	1120.2	6.5870	0.84748	1.1118	631.64	-0.037439	5.3723e-05	0.079360	supercritical
1127.0	84.000	28.111	0.035573	824.98	1123.8	6.5902	0.84786	1.1121	632.48	-0.037608	5.3821e-05	0.079533	supercritical
1130.2	84.000	28.032	0.035674	827.73	1127.4	6.5934	0.84823	1.1125	633.32	-0.037775	5.3919e-05	0.079707	supercritical
1133.5	84.000	27.953	0.035774	830.48	1131.0	6.5966	0.84861	1.1128	634.16	-0.037941	5.4017e-05	0.079880	supercritical
1136.7	84.000	27.874	0.035875	833.23	1134.6	6.5997	0.84899	1.1132	635.00	-0.038106	5.4114e-05	0.080052	supercritical
1139.9	84.000	27.796	0.035976	835.98	1138.2	6.6029	0.84936	1.1135	635.84	-0.038269	5.4212e-05	0.080225	supercritical
1143.2	84.000	27.719	0.036077	838.74	1141.8	6.6061	0.84973	1.1139	636.68	-0.038432	5.4309e-05	0.080398	supercritical
1146.4	84.000	27.641	0.036178	841.49	1145.4	6.6092	0.85010	1.1142	637.52	-0.038593	5.4407e-05	0.080571	supercritical
1149.6	84.000	27.564	0.036279	844.25	1149.0	6.6123	0.85047	1.1145	638.35	-0.038753	5.4504e-05	0.080743	supercritical
1152.9	84.000	27.488	0.036379	847.01	1152.6	6.6155	0.85083	1.1149	639.19	-0.038911	5.4601e-05	0.080916	supercritical
1156.1	84.000	27.412	0.036480	849.77	1156.2	6.6186	0.85120	1.1152	640.02	-0.039069	5.4698e-05	0.081088	supercritical
1159.3	84.000	27.337	0.036581	852.53	1159.8	6.6217	0.85156	1.1155	640.85	-0.039225	5.4795e-05	0.081260	supercritical
1162.6	84.000	27.261	0.036682	855.29	1163.4	6.6248	0.85192	1.1159	641.68	-0.039381	5.4892e-05	0.081432	supercritical
1165.8	84.000	27.187	0.036783	858.05	1167.0	6.6279	0.85228	1.1162	642.51	-0.039535	5.4989e-05	0.081604	supercritical
1169.0	84.000	27.112	0.036883	860.81	1170.6	6.6310	0.85264	1.1165	643.34	-0.039688	5.5085e-05	0.081776	supercritical
1172.3	84.000	27.039	0.036984	863.58	1174.2	6.6341	0.85300	1.1169	644.17	-0.039840	5.5182e-05	0.081948	supercritical
1175.5	84.000	26.965	0.037085	866.34	1177.9	6.6372	0.85335	1.1172	645.00	-0.039991	5.5278e-05	0.082120	supercritical
1178.7	84.000	26.892	0.037186	869.11	1181.5	6.6402	0.85371	1.1175	645.82	-0.040141	5.5374e-05	0.082291	supercritical
1182.0	84.000	26.819	0.037286	871.87	1185.1	6.6433	0.85406	1.1179	646.65	-0.040289	5.5471e-05	0.082463	supercritical
1185.2	84.000	26.747	0.037387	874.64	1188.7	6.6464	0.85441	1.1182	647.47	-0.040437	5.5567e-05	0.082634	supercritical
1188.4	84.000	26.675	0.037488	877.41	1192.3	6.6494	0.85476	1.1185	648.29	-0.040584	5.5663e-05	0.082806	supercritical
1191.7	84.000	26.604	0.037589	880.18	1195.9	6.6524	0.85510	1.1188	649.11	-0.040729	5.5759e-05	0.082977	supercritical
1194.9	84.000	26.533	0.037690	882.95	1199.5	6.6555	0.85545	1.1191	649.93	-0.040874	5.5854e-05	0.083148	supercritical
1198.1	84.000	26.462	0.037790	885.73	1203.2	6.6585	0.85579	1.1195	650.75	-0.041017	5.5950e-05	0.083319	supercritical
1201.4	84.000	26.391	0.037891	888.50	1206.8	6.6615	0.85614	1.1198	651.57	-0.041160	5.6046e-05	0.083490	supercritical
1204.6	84.000	26.322	0.037992	891.28	1210.4	6.6645	0.85648	1.1201	652.39	-0.041301	5.6141e-05	0.083661	supercritical
1207.8	84.000	26.252	0.038092	894.05	1214.0	6.6675	0.85682	1.1204	653.20	-0.041442	5.6237e-05	0.083832	supercritical
1211.1	84.000	26.183	0.038193	896.83	1217.7	6.6705	0.85716	1.1207	654.02	-0.041581	5.6332e-05	0.084002	supercritical
1214.3	84.000	26.114	0.038294	899.61	1221.3	6.6735	0.85750	1.1210	654.83	-0.041720	5.6427e-05	0.084173	supercritical
1217.5	84.000	26.045	0.038395	902.39	1224.9	6.6765	0.85783	1.1214	655.64	-0.041857	5.6522e-05	0.084343	supercritical
1220.8	84.000	25.977	0.038495	905.17	1228.5	6.6795	0.85817	1.1217	656.46	-0.041994	5.6618e-05	0.084514	supercritical
1224.0	84.000	25.909	0.038596	907.95	1232.2	6.6824	0.85850	1.1220	657.27	-0.042130	5.6712e-05	0.084684	supercritical
1227.2	84.000	25.842	0.038697	910.73	1235.8	6.6854	0.85883	1.1223	658.07	-0.042264	5.6807e-05	0.084854	supercritical
1230.5	84.000	25.775	0.038797	913.51	1239.4	6.6883	0.85916	1.1226	658.88	-0.042398	5.6902e-05	0.085024	supercritical
1233.7	84.000	25.708	0.038898	916.30	1243.0	6.6913	0.85949	1.1229	659.69	-0.042531	5.6997e-05	0.085194	supercritical
1236.9	84.000	25.642	0.038999	919.08	1246.7	6.6942	0.85982	1.1232	660.50	-0.042663	5.7091e-05	0.085364	supercritical
1240.2	84.000	25.576	0.039100	921.87	1250.3	6.6972	0.86015	1.1235	661.30	-0.042794	5.7186e-05	0.085534	supercritical
1243.4	84.000	25.510	0.039200	924.66	1253.9	6.7001	0.86047	1.1238	662.11	-0.042924	5.7280e-05	0.085704	supercritical
1246.6	84.000	25.445	0.039301	927.45	1257.6	6.7030	0.86080	1.1241	662.91	-0.043053	5.7375e-05	0.085874	supercritical
1249.9	84.000	25.380	0.039402	930.24	1261.2	6.7059	0.86112	1.1244	663.71	-0.043182	5.7469e-05	0.086043	supercritical
1253.1	84.000	25.315	0.039502	933.03	1264.8	6.7088	0.86144	1.1247	664.51	-0.043309	5.7563e-05	0.086213	supercritical
1256.3	84.000	25.251	0.039603	935.82	1268.5	6.7117	0.86176	1.1250	665.31	-0.043436	5.7657e-05	0.086382	supercritical
1259.6	84.000	25.187	0.039704	938.61	1272.1	6.7146	0.86208	1.1253	666.11	-0.043561	5.7751e-05	0.086551	supercritical
1262.8	84.000	25.123	0.039804	941.40	1275.8	6.7175	0.86240	1.1256	666.91	-0.043686	5.7845e-05	0.086721	supercritical
1266.0	84.000	25.060	0.039905	944.20	1279.4	6.7204	0.86272	1.1259	667.71	-0.043810	5.7939e-05	0.086890	supercritical
1269.3	84.000	24.997	0.040006	946.99	1283.0	6.7233	0.86304	1.1262	668.50	-0.043934	5.8032e-05	0.087059	supercritical
1272.5	84.000	24.934	0.040106	949.79	1286.7	6.7261	0.86335	1.1265	669.30	-0.044056	5.8126e-05	0.087228	supercritical
1275.7	84.000	24.871	0.040207	952.59	1290.3	6.7290	0.86366	1.1268	670.09	-0.044178	5.8220e-05	0.087397	supercritical
1279.0	84.000	24.809	0.040307	955.39	1294.0	6.7318	0.86398	1.1271	670.88	-0.044298	5.8313e-05	0.087566	supercritical
1282.2	84.000	24.747	0.040408	958.19	1297.6	6.7347	0.86429	1.1274	671.68	-0.044418	5.8406e-05	0.087734	supercritical
1285.4	84.000	24.686	0.040509	960.99	1301.3	6.7375	0.86460	1.1277	672.47	-0.044537	5.8500e-05	0.087903	supercritical
1288.7	84.000	24.625	0.040609	963.79	1304.9	6.7404	0.86491	1.1280	673.26	-0.044656	5.8593e-05	0.088072	supercritical
1291.9	84.000	24.564	0.040710	966.59	1308.6	6.7432	0.86522	1.1283	674.05	-0.044773	5.8686e-05	0.088240	supercritical
1295.1	84.000	24.503	0.040811	969.39	1312.2	6.7460	0.86553	1.1285	674.83	-0.044890	5.8779e-05	0.088408	supercritical
1298.4	84.000	24.443	0.040911	972.20	1315.9	6.7488	0.86583	1.1288	675.62	-0.045006	5.8872e-05	0.088577	supercritical
1301.6	84.000	24.383	0.041012	975.00	1319.5	6.7516	0.86614	1.1291	676.41	-0.045121	5.8965e-05	0.088745	supercritical
1304.8	84.000	24.324	0.041112	977.81	1323.2	6.7544	0.86644	1.1294	677.19	-0.045236	5.9058e-05	0.088913	supercritical
1308.1	84.000	24.264	0.041213	980.62	1326.8	6.7572	0.86675	1.1297	677.98	-0.045350	5.9150e-05	0.089081	supercritical
1311.3	84.000	24.205	0.041314	983.42	1330.5	6.7600	0.86705	1.1300	678.76	-0.045463	5.9243e-05	0.089249	supercritical
1314.5	84.000	24.146	0.041414	986.23	1334.1	6.7628	0.86735	1.1303	679.54	-0.045575	5.9335e-05	0.089417	supercritical
1317.8	84.000	24.088	0.041515	989.04	1337.8	6.7656	0.86765	1.1305	680.32	-0.045686	5.9428e-05	0.089585	supercritical
1321.0	84.000	24.030	0.041615	991.85	1341.4	6.7683	0.86795	1.1308	681.10	-0.045797	5.9520e-05	0.089753	supercritical
1324.2	84.000	23.972	0.041716	994.66	1345.1	6.7711	0.86825	1.1311	681.88	-0.045907	5.9613e-05	0.089920	supercritical
1327.5	84.000	23.914	0.041817	997.48	1348.7	6.7739	0.86855	1.1314	682.66	-0.046016	5.9705e-05	0.090088	supercritical
1330.7	84.000	23.857	0.041917	1000.3	1352.4	6.7766	0.86885	1.1317	683.44	-0.046125	5.9797e-05	0.090255	supercritical
1333.9	84.000	23.799	0.042018	1003.1	1356.1	6.7794	0.86914	1.1319	684.22	-0.046233	5.9889e-05	0.090423	supercritical
1337.2	84.000	23.743	0.042118	1005.9	1359.7	6.7821	0.86944	1.1322	684.99	-0.046340	5.9981e-05	0.090590	supercritical
1340.4	84.000	23.686	0.042219	1008.7	1363.4	6.7848	0.86973	1.1325	685.77	-0.046447	6.0073e-05	0.090757	supercritical
1343.6	84.000	23.630	0.042320	1011.6	1367.0	6.7876	0.87003	1.1328	686.54	-0.046552	6.0165e-05	0.090925	supercritical
1346.9	84.000	23.574	0.042420	1014.4	1370.7	6.7903	0.87032	1.1331	687.31	-0.046658	6.0256e-05	0.091092	supercritical
1350.1	84.000	23.518	0.042521	1017.2	1374.4	6.7930	0.87061	1.1333	688.08	-0.046762	6.0348e-05	0.091259	supercritical
1353.3	84.000	23.462	0.042621	1020.0	1378.0	6.7957	0.87090	1.1336	688.86	-0.046866	6.0440e-05	0.091426	supercritical
1356.6	84.000	23.407	0.042722	1022.8	1381.7	6.7984	0.87119	1.1339	689.63	-0.046969	6.0531e-05	0.091593	supercritical
1359.8	84.000	23.352	0.042822	1025.7	1385.4	6.8011	0.87148	1.1342	690.39	-0.047071	6.0623e-05	0.091759	supercritical
1363.0	84.000	23.298	0.042923	1028.5	1389.0	6.8038	0.87177	1.1344	691.16	-0.047173	6.0714e-05	0.091926	supercritical
1366.3	84.000	23.243	0.043023	1031.3	1392.7	6.8065	0.87206	1.1347	691.93	-0.047274	6.0805e-05	0.092093	supercritical
1369.5	84.000	23.189	0.043124	1034.1	1396.4	6.8092	0.87234	1.1350	692.70	-0.047375	6.0896e-05	0.092259	supercritical
1372.7	84.000	23.135	0.043225	1037.0	1400.0	6.8119	0.87263	1.1352	693.46	-0.047475	6.0988e-05	0.092426	supercritical
1376.0	84.000	23.081	0.043325	1039.8	1403.7	6.8145	0.87292	1.1355	694.23	-0.047574	6.1079e-05	0.092592	supercritical
1379.2	84.000	23.028	0.043426	1042.6	1407.4	6.8172	0.87320	1.1358	694.99	-0.047673	6.1170e-05	0.092759	supercritical
1382.4	84.000	22.975	0.043526	1045.4	1411.1	6.8199	0.87348	1.1360	695.75	-0.047771	6.1261e-05	0.092925	supercritical
1385.7	84.000	22.922	0.043627	1048.3	1414.7	6.8225	0.87377	1.1363	696.52	-0.047868	6.1351e-05	0.093091	supercritical
1388.9	84.000	22.869	0.043727	1051.1	1418.4	6.8252	0.87405	1.1366	697.28	-0.047965	6.1442e-05	0.093257	supercritical
1392.1	84.000	22.817	0.043828	1053.9	1422.1	6.8278	0.87433	1.1368	698.04	-0.048061	6.1533e-05	0.093424	supercritical
1395.4	84.000	22.764	0.043928	1056.8	1425.8	6.8304	0.87461	1.1371	698.80	-0.048156	6.1624e-05	0.093590	supercritical
1398.6	84.000	22.712	0.044029	1059.6	1429.4	6.8331	0.87489	1.1374	699.55	-0.048251	6.1714e-05	0.093755	supercritical
1401.8	84.000	22.661	0.044129	1062.4	1433.1	6.8357	0.87517	1.1376	700.31	-0.048346	6.1805e-05	0.093921	supercritical
1405.1	84.000	22.609	0.044230	1065.3	1436.8	6.8383	0.87545	1.1379	701.07	-0.048439	6.1895e-05	0.094087	supercritical
1408.3	84.000	22.558	0.044330	1068.1	1440.5	6.8409	0.87573	1.1382	701.82	-0.048533	6.1985e-05	0.094253	supercritical
1411.5	84.000	22.507	0.044431	1070.9	1444.1	6.8436	0.87601	1.1384	702.58	-0.048625	6.2076e-05	0.094418	supercritical
1414.8	84.000	22.456	0.044531	1073.8	1447.8	6.8462	0.87629	1.1387	703.33	-0.048717	6.2166e-05	0.094584	supercritical
1418.0	84.000	22.406	0.044632	1076.6	1451.5	6.8488	0.87656	1.1390	704.09	-0.048809	6.2256e-05	0.094750	supercritical
1421.2	84.000	22.355	0.044732	1079.4	1455.2	6.8513	0.87684	1.1392	704.84	-0.048899	6.2346e-05	0.094915	supercritical
1424.5	84.000	22.305	0.044833	1082.3	1458.9	6.8539	0.87711	1.1395	705.59	-0.048990	6.2436e-05	0.095080	supercritical
1427.7	84.000	22.255	0.044933	1085.1	1462.6	6.8565	0.87739	1.1397	706.34	-0.049079	6.2526e-05	0.095246	supercritical
1430.9	84.000	22.206	0.045034	1088.0	1466.2	6.8591	0.87766	1.1400	707.09	-0.049169	6.2616e-05	0.095411	supercritical
1434.2	84.000	22.156	0.045134	1090.8	1469.9	6.8617	0.87794	1.1403	707.84	-0.049257	6.2706e-05	0.095576	supercritical
1437.4	84.000	22.107	0.045235	1093.7	1473.6	6.8642	0.87821	1.1405	708.59	-0.049345	6.2795e-05	0.095741	supercritical
1440.6	84.000	22.058	0.045335	1096.5	1477.3	6.8668	0.87848	1.1408	709.33	-0.049433	6.2885e-05	0.095906	supercritical
1443.9	84.000	22.009	0.045436	1099.3	1481.0	6.8694	0.87875	1.1410	710.08	-0.049520	6.2974e-05	0.096071	supercritical
1447.1	84.000	21.961	0.045536	1102.2	1484.7	6.8719	0.87902	1.1413	710.82	-0.049606	6.3064e-05	0.096236	supercritical
1450.3	84.000	21.912	0.045637	1105.0	1488.4	6.8745	0.87929	1.1416	711.57	-0.049692	6.3153e-05	0.096401	supercritical
1453.6	84.000	21.864	0.045737	1107.9	1492.1	6.8770	0.87956	1.1418	712.31	-0.049778	6.3243e-05	0.096565	supercritical
1456.8	84.000	21.816	0.045838	1110.7	1495.8	6.8795	0.87983	1.1421	713.06	-0.049863	6.3332e-05	0.096730	supercritical
1460.0	84.000	21.768	0.045938	1113.6	1499.5	6.8821	0.88010	1.1423	713.80	-0.049947	6.3421e-05	0.096895	supercritical
1463.3	84.000	21.721	0.046039	1116.4	1503.2	6.8846	0.88037	1.1426	714.54	-0.050031	6.3511e-05	0.097059	supercritical
1466.5	84.000	21.674	0.046139	1119.3	1506.8	6.8871	0.88064	1.1428	715.28	-0.050114	6.3600e-05	0.097224	supercritical
1469.7	84.000	21.627	0.046240	1122.1	1510.5	6.8896	0.88090	1.1431	716.02	-0.050197	6.3689e-05	0.097388	supercritical
1473.0	84.000	21.580	0.046340	1125.0	1514.2	6.8922	0.88117	1.1433	716.76	-0.050279	6.3778e-05	0.097553	supercritical
1476.2	84.000	21.533	0.046440	1127.8	1517.9	6.8947	0.88144	1.1436	717.50	-0.050361	6.3867e-05	0.097717	supercritical
1479.4	84.000	21.486	0.046541	1130.7	1521.6	6.8972	0.88170	1.1439	718.23	-0.050442	6.3956e-05	0.097881	supercritical
1482.7	84.000	21.440	0.046641	1133.5	1525.3	6.8997	0.88197	1.1441	718.97	-0.050523	6.4044e-05	0.098045	supercritical
1485.9	84.000	21.394	0.046742	1136.4	1529.0	6.9022	0.88223	1.1444	719.70	-0.050604	6.4133e-05	0.098209	supercritical
1489.1	84.000	21.348	0.046842	1139.3	1532.7	6.9046	0.88250	1.1446	720.44	-0.050683	6.4222e-05	0.098373	supercritical
1492.4	84.000	21.303	0.046943	1142.1	1536.4	6.9071	0.88276	1.1449	721.17	-0.050763	6.4310e-05	0.098537	supercritical
1495.6	84.000	21.257	0.047043	1145.0	1540.1	6.9096	0.88302	1.1451	721.91	-0.050842	6.4399e-05	0.098701	supercritical
1498.8	84.000	21.212	0.047144	1147.8	1543.8	6.9121	0.88329	1.1454	722.64	-0.050920	6.4487e-05	0.098865	supercritical
1502.1	84.000	21.167	0.047244	1150.7	1547.5	6.9145	0.88355	1.1456	723.37	-0.050998	6.4576e-05	0.099029	supercritical
1505.3	84.000	21.122	0.047344	1153.6	1551.2	6.9170	0.88381	1.1459	724.10	-0.051076	6.4664e-05	0.099192	supercritical
1508.5	84.000	21.077	0.047445	1156.4	1555.0	6.9195	0.88407	1.1461	724.83	-0.051153	6.4752e-05	0.099356	supercritical
1511.8	84.000	21.033	0.047545	1159.3	1558.7	6.9219	0.88433	1.1464	725.56	-0.051229	6.4841e-05	0.099520	supercritical
1515.0	84.000	20.988	0.047646	1162.1	1562.4	6.9244	0.88459	1.1466	726.29	-0.051305	6.4929e-05	0.099683	supercritical
1518.2	84.000	20.944	0.047746	1165.0	1566.1	6.9268	0.88485	1.1469	727.01	-0.051381	6.5017e-05	0.099847	supercritical
1521.5	84.000	20.900	0.047847	1167.9	1569.8	6.9293	0.88511	1.1471	727.74	-0.051456	6.5105e-05	0.10001	supercritical
1524.7	84.000	20.856	0.047947	1170.7	1573.5	6.9317	0.88537	1.1474	728.47	-0.051531	6.5193e-05	0.10017	supercritical
1527.9	84.000	20.813	0.048048	1173.6	1577.2	6.9341	0.88563	1.1476	729.19	-0.051605	6.5281e-05	0.10034	supercritical
1531.2	84.000	20.769	0.048148	1176.5	1580.9	6.9365	0.88589	1.1479	729.92	-0.051679	6.5369e-05	0.10050	supercritical
1534.4	84.000	20.726	0.048248	1179.3	1584.6	6.9390	0.88615	1.1481	730.64	-0.051752	6.5457e-05	0.10066	supercritical
1537.6	84.000	20.683	0.048349	1182.2	1588.3	6.9414	0.88640	1.1483	731.36	-0.051825	6.5544e-05	0.10083	supercritical
1540.9	84.000	20.640	0.048449	1185.1	1592.1	6.9438	0.88666	1.1486	732.08	-0.051898	6.5632e-05	0.10099	supercritical
1544.1	84.000	20.597	0.048550	1187.9	1595.8	6.9462	0.88692	1.1488	732.80	-0.051970	6.5720e-05	0.10115	supercritical
1547.3	84.000	20.555	0.048650	1190.8	1599.5	6.9486	0.88717	1.1491	733.53	-0.052042	6.5807e-05	0.10132	supercritical
1550.6	84.000	20.513	0.048750	1193.7	1603.2	6.9510	0.88743	1.1493	734.24	-0.052113	6.5895e-05	0.10148	supercritical
1553.8	84.000	20.470	0.048851	1196.6	1606.9	6.9534	0.88769	1.1496	734.96	-0.052184	6.5982e-05	0.10164	supercritical
1557.0	84.000	20.428	0.048951	1199.4	1610.6	6.9558	0.88794	1.1498	735.68	-0.052254	6.6070e-05	0.10180	supercritical
1560.3	84.000	20.387	0.049052	1202.3	1614.3	6.9582	0.88820	1.1501	736.40	-0.052324	6.6157e-05	0.10197	supercritical
1563.5	84.000	20.345	0.049152	1205.2	1618.1	6.9606	0.88845	1.1503	737.12	-0.052394	6.6244e-05	0.10213	supercritical
1566.7	84.000	20.304	0.049252	1208.1	1621.8	6.9629	0.88870	1.1506	737.83	-0.052463	6.6332e-05	0.10229	supercritical
1570.0	84.000	20.262	0.049353	1210.9	1625.5	6.9653	0.88896	1.1508	738.55	-0.052532	6.6419e-05	0.10245	supercritical
1573.2	84.000	20.221	0.049453	1213.8	1629.2	6.9677	0.88921	1.1510	739.26	-0.052600	6.6506e-05	0.10262	supercritical
1576.4	84.000	20.180	0.049554	1216.7	1633.0	6.9700	0.88946	1.1513	739.97	-0.052668	6.6593e-05	0.10278	supercritical
1579.7	84.000	20.139	0.049654	1219.6	1636.7	6.9724	0.88972	1.1515	740.69	-0.052735	6.6680e-05	0.10294	supercritical
1582.9	84.000	20.099	0.049754	1222.5	1640.4	6.9748	0.88997	1.1518	741.40	-0.052803	6.6767e-05	0.10310	supercritical
1586.1	84.000	20.058	0.049855	1225.3	1644.1	6.9771	0.89022	1.1520	742.11	-0.052869	6.6854e-05	0.10327	supercritical
1589.4	84.000	20.018	0.049955	1228.2	1647.8	6.9795	0.89047	1.1523	742.82	-0.052936	6.6941e-05	0.10343	supercritical
1592.6	84.000	19.978	0.050056	1231.1	1651.6	6.9818	0.89073	1.1525	743.53	-0.053002	6.7028e-05	0.10359	supercritical
1595.8	84.000	19.938	0.050156	1234.0	1655.3	6.9841	0.89098	1.1527	744.24	-0.053067	6.7114e-05	0.10375	supercritical
1599.1	84.000	19.898	0.050256	1236.9	1659.0	6.9865	0.89123	1.1530	744.95	-0.053133	6.7201e-05	0.10391	supercritical
1602.3	84.000	19.858	0.050357	1239.8	1662.8	6.9888	0.89148	1.1532	745.65	-0.053197	6.7288e-05	0.10408	supercritical
1605.5	84.000	19.819	0.050457	1242.6	1666.5	6.9911	0.89173	1.1535	746.36	-0.053262	6.7374e-05	0.10424	supercritical
1608.8	84.000	19.779	0.050557	1245.5	1670.2	6.9934	0.89198	1.1537	747.07	-0.053326	6.7461e-05	0.10440	supercritical
1612.0	84.000	19.740	0.050658	1248.4	1673.9	6.9958	0.89223	1.1539	747.77	-0.053390	6.7547e-05	0.10456	supercritical
1615.2	84.000	19.701	0.050758	1251.3	1677.7	6.9981	0.89248	1.1542	748.48	-0.053453	6.7634e-05	0.10472	supercritical
1618.5	84.000	19.662	0.050859	1254.2	1681.4	7.0004	0.89273	1.1544	749.18	-0.053516	6.7720e-05	0.10488	supercritical
1621.7	84.000	19.624	0.050959	1257.1	1685.1	7.0027	0.89298	1.1547	749.88	-0.053579	6.7806e-05	0.10505	supercritical
1624.9	84.000	19.585	0.051059	1260.0	1688.9	7.0050	0.89322	1.1549	750.59	-0.053641	6.7892e-05	0.10521	supercritical
1628.2	84.000	19.547	0.051160	1262.9	1692.6	7.0073	0.89347	1.1551	751.29	-0.053703	6.7979e-05	0.10537	supercritical
1631.4	84.000	19.508	0.051260	1265.8	1696.3	7.0096	0.89372	1.1554	751.99	-0.053764	6.8065e-05	0.10553	supercritical
1634.6	84.000	19.470	0.051360	1268.7	1700.1	7.0119	0.89397	1.1556	752.69	-0.053825	6.8151e-05	0.10569	supercritical
1637.9	84.000	19.432	0.051461	1271.5	1703.8	7.0141	0.89422	1.1559	753.39	-0.053886	6.8237e-05	0.10585	supercritical
1641.1	84.000	19.394	0.051561	1274.4	1707.6	7.0164	0.89446	1.1561	754.09	-0.053947	6.8323e-05	0.10601	supercritical
1644.3	84.000	19.357	0.051661	1277.3	1711.3	7.0187	0.89471	1.1563	754.79	-0.054007	6.8409e-05	0.10618	supercritical
1647.6	84.000	19.319	0.051762	1280.2	1715.0	7.0210	0.89496	1.1566	755.48	-0.054067	6.8495e-05	0.10634	supercritical
1650.8	84.000	19.282	0.051862	1283.1	1718.8	7.0232	0.89520	1.1568	756.18	-0.054126	6.8581e-05	0.10650	supercritical
1654.0	84.000	19.245	0.051963	1286.0	1722.5	7.0255	0.89545	1.1571	756.88	-0.054185	6.8667e-05	0.10666	supercritical
1657.3	84.000	19.208	0.052063	1288.9	1726.3	7.0278	0.89569	1.1573	757.57	-0.054244	6.8752e-05	0.10682	supercritical
1660.5	84.000	19.171	0.052163	1291.8	1730.0	7.0300	0.89594	1.1575	758.27	-0.054302	6.8838e-05	0.10698	supercritical
1663.7	84.000	19.134	0.052264	1294.7	1733.7	7.0323	0.89619	1.1578	758.96	-0.054360	6.8924e-05	0.10714	supercritical
1667.0	84.000	19.097	0.052364	1297.6	1737.5	7.0345	0.89643	1.1580	759.65	-0.054418	6.9009e-05	0.10730	supercritical
1670.2	84.000	19.061	0.052464	1300.5	1741.2	7.0368	0.89668	1.1582	760.34	-0.054476	6.9095e-05	0.10746	supercritical
1673.4	84.000	19.024	0.052565	1303.4	1745.0	7.0390	0.89692	1.1585	761.04	-0.054533	6.9180e-05	0.10762	supercritical
1676.7	84.000	18.988	0.052665	1306.3	1748.7	7.0412	0.89716	1.1587	761.73	-0.054589	6.9266e-05	0.10779	supercritical
1679.9	84.000	18.952	0.052765	1309.2	1752.5	7.0435	0.89741	1.1590	762.42	-0.054646	6.9351e-05	0.10795	supercritical
1683.1	84.000	18.916	0.052866	1312.1	1756.2	7.0457	0.89765	1.1592	763.11	-0.054702	6.9436e-05	0.10811	supercritical
1686.4	84.000	18.880	0.052966	1315.1	1760.0	7.0479	0.89790	1.1594	763.80	-0.054758	6.9522e-05	0.10827	supercritical
1689.6	84.000	18.844	0.053066	1318.0	1763.7	7.0501	0.89814	1.1597	764.48	-0.054813	6.9607e-05	0.10843	supercritical
1692.8	84.000	18.809	0.053167	1320.9	1767.5	7.0524	0.89838	1.1599	765.17	-0.054868	6.9692e-05	0.10859	supercritical
1696.1	84.000	18.773	0.053267	1323.8	1771.2	7.0546	0.89863	1.1601	765.86	-0.054923	6.9777e-05	0.10875	supercritical
1699.3	84.000	18.738	0.053367	1326.7	1775.0	7.0568	0.89887	1.1604	766.55	-0.054978	6.9863e-05	0.10891	supercritical
1702.5	84.000	18.703	0.053468	1329.6	1778.7	7.0590	0.89911	1.1606	767.23	-0.055032	6.9948e-05	0.10907	supercritical
1705.8	84.000	18.668	0.053568	1332.5	1782.5	7.0612	0.89936	1.1608	767.92	-0.055086	7.0033e-05	0.10923	supercritical
1709.0	84.000	18.633	0.053668	1335.4	1786.2	7.0634	0.89960	1.1611	768.60	-0.055140	7.0118e-05	0.10939	supercritical
1712.2	84.000	18.598	0.053769	1338.3	1790.0	7.0656	0.89984	1.1613	769.28	-0.055193	7.0203e-05	0.10955	supercritical
1715.5	84.000	18.564	0.053869	1341.2	1793.7	7.0678	0.90008	1.1615	769.97	-0.055246	7.0287e-05	0.10971	supercritical
1718.7	84.000	18.529	0.053969	1344.1	1797.5	7.0700	0.90032	1.1618	770.65	-0.055299	7.0372e-05	0.10987	supercritical
1721.9	84.000	18.495	0.054070	1347.1	1801.2	7.0721	0.90056	1.1620	771.33	-0.055351	7.0457e-05	0.11003	supercritical
1725.2	84.000	18.460	0.054170	1350.0	1805.0	7.0743	0.90081	1.1622	772.01	-0.055403	7.0542e-05	0.11019	supercritical
1728.4	84.000	18.426	0.054270	1352.9	1808.8	7.0765	0.90105	1.1625	772.69	-0.055455	7.0626e-05	0.11035	supercritical
1731.6	84.000	18.392	0.054371	1355.8	1812.5	7.0787	0.90129	1.1627	773.37	-0.055506	7.0711e-05	0.11051	supercritical
1734.9	84.000	18.358	0.054471	1358.7	1816.3	7.0808	0.90153	1.1629	774.05	-0.055558	7.0796e-05	0.11067	supercritical
1738.1	84.000	18.325	0.054571	1361.6	1820.0	7.0830	0.90177	1.1632	774.73	-0.055609	7.0880e-05	0.11083	supercritical
1741.3	84.000	18.291	0.054671	1364.6	1823.8	7.0852	0.90201	1.1634	775.41	-0.055659	7.0965e-05	0.11099	supercritical
1744.6	84.000	18.258	0.054772	1367.5	1827.6	7.0873	0.90225	1.1636	776.08	-0.055710	7.1049e-05	0.11115	supercritical
1747.8	84.000	18.224	0.054872	1370.4	1831.3	7.0895	0.90249	1.1639	776.76	-0.055760	7.1134e-05	0.11131	supercritical
1751.0	84.000	18.191	0.054972	1373.3	1835.1	7.0916	0.90273	1.1641	777.43	-0.055810	7.1218e-05	0.11147	supercritical
1754.3	84.000	18.158	0.055073	1376.2	1838.9	7.0938	0.90297	1.1643	778.11	-0.055859	7.1302e-05	0.11163	supercritical
1757.5	84.000	18.125	0.055173	1379.2	1842.6	7.0959	0.90321	1.1646	778.78	-0.055908	7.1387e-05	0.11179	supercritical
1760.7	84.000	18.092	0.055273	1382.1	1846.4	7.0981	0.90345	1.1648	779.46	-0.055957	7.1471e-05	0.11195	supercritical
1764.0	84.000	18.059	0.055374	1385.0	1850.2	7.1002	0.90369	1.1650	780.13	-0.056006	7.1555e-05	0.11211	supercritical
1767.2	84.000	18.026	0.055474	1387.9	1853.9	7.1023	0.90393	1.1653	780.80	-0.056054	7.1639e-05	0.11227	supercritical
1770.4	84.000	17.994	0.055574	1390.9	1857.7	7.1045	0.90417	1.1655	781.47	-0.056103	7.1723e-05	0.11242	supercritical
1773.7	84.000	17.962	0.055675	1393.8	1861.5	7.1066	0.90440	1.1657	782.15	-0.056150	7.1808e-05	0.11258	supercritical
1776.9	84.000	17.929	0.055775	1396.7	1865.2	7.1087	0.90464	1.1660	782.82	-0.056198	7.1892e-05	0.11274	supercritical
1780.1	84.000	17.897	0.055875	1399.6	1869.0	7.1108	0.90488	1.1662	783.49	-0.056245	7.1976e-05	0.11290	supercritical
1783.4	84.000	17.865	0.055975	1402.6	1872.8	7.1130	0.90512	1.1664	784.15	-0.056292	7.2060e-05	0.11306	supercritical
1786.6	84.000	17.833	0.056076	1405.5	1876.5	7.1151	0.90536	1.1667	784.82	-0.056339	7.2143e-05	0.11322	supercritical
1789.8	84.000	17.801	0.056176	1408.4	1880.3	7.1172	0.90559	1.1669	785.49	-0.056386	7.2227e-05	0.11338	supercritical
1793.1	84.000	17.769	0.056276	1411.4	1884.1	7.1193	0.90583	1.1671	786.16	-0.056432	7.2311e-05	0.11354	supercritical
1796.3	84.000	17.738	0.056377	1414.3	1887.9	7.1214	0.90607	1.1674	786.82	-0.056478	7.2395e-05	0.11370	supercritical
1799.5	84.000	17.706	0.056477	1417.2	1891.6	7.1235	0.90631	1.1676	787.49	-0.056524	7.2479e-05	0.11386	supercritical
1802.8	84.000	17.675	0.056577	1420.2	1895.4	7.1256	0.90654	1.1678	788.16	-0.056569	7.2562e-05	0.11402	supercritical
1806.0	84.000	17.644	0.056677	1423.1	1899.2	7.1277	0.90678	1.1680	788.82	-0.056615	7.2646e-05	0.11417	supercritical
1809.2	84.000	17.613	0.056778	1426.0	1903.0	7.1298	0.90702	1.1683	789.48	-0.056660	7.2730e-05	0.11433	supercritical
1812.5	84.000	17.581	0.056878	1429.0	1906.7	7.1319	0.90726	1.1685	790.15	-0.056704	7.2813e-05	0.11449	supercritical
1815.7	84.000	17.551	0.056978	1431.9	1910.5	7.1339	0.90749	1.1687	790.81	-0.056749	7.2897e-05	0.11465	supercritical
1818.9	84.000	17.520	0.057079	1434.8	1914.3	7.1360	0.90773	1.1690	791.47	-0.056793	7.2980e-05	0.11481	supercritical
1822.2	84.000	17.489	0.057179	1437.8	1918.1	7.1381	0.90796	1.1692	792.14	-0.056837	7.3064e-05	0.11497	supercritical
1825.4	84.000	17.458	0.057279	1440.7	1921.9	7.1402	0.90820	1.1694	792.80	-0.056881	7.3147e-05	0.11513	supercritical
1828.6	84.000	17.428	0.057379	1443.7	1925.6	7.1422	0.90844	1.1697	793.46	-0.056925	7.3231e-05	0.11529	supercritical
1831.9	84.000	17.397	0.057480	1446.6	1929.4	7.1443	0.90867	1.1699	794.12	-0.056968	7.3314e-05	0.11544	supercritical
1835.1	84.000	17.367	0.057580	1449.5	1933.2	7.1464	0.90891	1.1701	794.78	-0.057011	7.3397e-05	0.11560	supercritical
1838.3	84.000	17.337	0.057680	1452.5	1937.0	7.1484	0.90914	1.1704	795.43	-0.057054	7.3480e-05	0.11576	supercritical
1841.6	84.000	17.307	0.057781	1455.4	1940.8	7.1505	0.90938	1.1706	796.09	-0.057096	7.3564e-05	0.11592	supercritical
1844.8	84.000	17.277	0.057881	1458.4	1944.6	7.1525	0.90962	1.1708	796.75	-0.057139	7.3647e-05	0.11608	supercritical
1848.0	84.000	17.247	0.057981	1461.3	1948.3	7.1546	0.90985	1.1710	797.41	-0.057181	7.3730e-05	0.11624	supercritical
1851.3	84.000	17.217	0.058081	1464.3	1952.1	7.1566	0.91009	1.1713	798.06	-0.057223	7.3813e-05	0.11639	supercritical
1854.5	84.000	17.188	0.058182	1467.2	1955.9	7.1587	0.91032	1.1715	798.72	-0.057264	7.3896e-05	0.11655	supercritical
1857.7	84.000	17.158	0.058282	1470.1	1959.7	7.1607	0.91055	1.1717	799.37	-0.057306	7.3979e-05	0.11671	supercritical
1861.0	84.000	17.129	0.058382	1473.1	1963.5	7.1628	0.91079	1.1720	800.03	-0.057347	7.4062e-05	0.11687	supercritical
1864.2	84.000	17.099	0.058482	1476.0	1967.3	7.1648	0.91102	1.1722	800.68	-0.057388	7.4145e-05	0.11703	supercritical
1867.4	84.000	17.070	0.058583	1479.0	1971.1	7.1668	0.91126	1.1724	801.33	-0.057429	7.4228e-05	0.11718	supercritical
1870.7	84.000	17.041	0.058683	1481.9	1974.9	7.1689	0.91149	1.1726	801.99	-0.057469	7.4311e-05	0.11734	supercritical
1873.9	84.000	17.012	0.058783	1484.9	1978.7	7.1709	0.91173	1.1729	802.64	-0.057509	7.4394e-05	0.11750	supercritical
1877.1	84.000	16.983	0.058884	1487.8	1982.5	7.1729	0.91196	1.1731	803.29	-0.057549	7.4477e-05	0.11766	supercritical
1880.4	84.000	16.954	0.058984	1490.8	1986.2	7.1749	0.91219	1.1733	803.94	-0.057589	7.4559e-05	0.11782	supercritical
1883.6	84.000	16.925	0.059084	1493.7	1990.0	7.1769	0.91243	1.1736	804.59	-0.057629	7.4642e-05	0.11797	supercritical
1886.8	84.000	16.896	0.059184	1496.7	1993.8	7.1789	0.91266	1.1738	805.24	-0.057668	7.4725e-05	0.11813	supercritical
1890.1	84.000	16.868	0.059285	1499.6	1997.6	7.1810	0.91290	1.1740	805.89	-0.057708	7.4807e-05	0.11829	supercritical
1893.3	84.000	16.839	0.059385	1502.6	2001.4	7.1830	0.91313	1.1742	806.54	-0.057747	7.4890e-05	0.11845	supercritical
1896.5	84.000	16.811	0.059485	1505.6	2005.2	7.1850	0.91336	1.1745	807.19	-0.057785	7.4973e-05	0.11860	supercritical
1899.8	84.000	16.783	0.059585	1508.5	2009.0	7.1870	0.91360	1.1747	807.83	-0.057824	7.5055e-05	0.11876	supercritical
1903.0	84.000	16.754	0.059686	1511.5	2012.8	7.1890	0.91383	1.1749	808.48	-0.057862	7.5138e-05	0.11892	supercritical
1906.2	84.000	16.726	0.059786	1514.4	2016.6	7.1910	0.91406	1.1752	809.13	-0.057900	7.5220e-05	0.11908	supercritical
1909.5	84.000	16.698	0.059886	1517.4	2020.4	7.1930	0.91429	1.1754	809.77	-0.057938	7.5303e-05	0.11924	supercritical
1912.7	84.000	16.670	0.059986	1520.3	2024.2	7.1949	0.91453	1.1756	810.42	-0.057976	7.5385e-05	0.11939	supercritical
1915.9	84.000	16.643	0.060087	1523.3	2028.0	7.1969	0.91476	1.1758	811.06	-0.058013	7.5467e-05	0.11955	supercritical
1919.2	84.000	16.615	0.060187	1526.3	2031.8	7.1989	0.91499	1.1761	811.71	-0.058051	7.5550e-05	0.11971	supercritical
1922.4	84.000	16.587	0.060287	1529.2	2035.6	7.2009	0.91522	1.1763	812.35	-0.058088	7.5632e-05	0.11987	supercritical
1925.6	84.000	16.560	0.060387	1532.2	2039.4	7.2029	0.91546	1.1765	812.99	-0.058125	7.5714e-05	0.12002	supercritical
1928.9	84.000	16.532	0.060488	1535.1	2043.2	7.2048	0.91569	1.1767	813.63	-0.058161	7.5796e-05	0.12018	supercritical
1932.1	84.000	16.505	0.060588	1538.1	2047.0	7.2068	0.91592	1.1770	814.28	-0.058198	7.5879e-05	0.12034	supercritical
1935.3	84.000	16.478	0.060688	1541.1	2050.8	7.2088	0.91615	1.1772	814.92	-0.058234	7.5961e-05	0.12049	supercritical
1938.6	84.000	16.451	0.060788	1544.0	2054.7	7.2107	0.91638	1.1774	815.56	-0.058270	7.6043e-05	0.12065	supercritical
1941.8	84.000	16.423	0.060889	1547.0	2058.5	7.2127	0.91661	1.1777	816.20	-0.058306	7.6125e-05	0.12081	supercritical
1945.0	84.000	16.396	0.060989	1550.0	2062.3	7.2147	0.91685	1.1779	816.84	-0.058342	7.6207e-05	0.12097	supercritical
1948.3	84.000	16.370	0.061089	1552.9	2066.1	7.2166	0.91708	1.1781	817.47	-0.058377	7.6289e-05	0.12112	supercritical
1951.5	84.000	16.343	0.061189	1555.9	2069.9	7.2186	0.91731	1.1783	818.11	-0.058413	7.6371e-05	0.12128	supercritical
1954.7	84.000	16.316	0.061290	1558.9	2073.7	7.2205	0.91754	1.1786	818.75	-0.058448	7.6453e-05	0.12144	supercritical
1958.0	84.000	16.289	0.061390	1561.8	2077.5	7.2225	0.91777	1.1788	819.39	-0.058483	7.6535e-05	0.12159	supercritical
1961.2	84.000	16.263	0.061490	1564.8	2081.3	7.2244	0.91800	1.1790	820.02	-0.058517	7.6617e-05	0.12175	supercritical
1964.4	84.000	16.236	0.061590	1567.8	2085.1	7.2264	0.91823	1.1792	820.66	-0.058552	7.6699e-05	0.12191	supercritical
1967.7	84.000	16.210	0.061691	1570.7	2088.9	7.2283	0.91846	1.1795	821.30	-0.058586	7.6780e-05	0.12206	supercritical
1970.9	84.000	16.184	0.061791	1573.7	2092.8	7.2302	0.91869	1.1797	821.93	-0.058621	7.6862e-05	0.12222	supercritical
1974.1	84.000	16.157	0.061891	1576.7	2096.6	7.2322	0.91892	1.1799	822.57	-0.058655	7.6944e-05	0.12238	supercritical
1977.4	84.000	16.131	0.061991	1579.7	2100.4	7.2341	0.91915	1.1801	823.20	-0.058688	7.7026e-05	0.12254	supercritical
1980.6	84.000	16.105	0.062091	1582.6	2104.2	7.2360	0.91938	1.1804	823.83	-0.058722	7.7107e-05	0.12269	supercritical
1983.8	84.000	16.079	0.062192	1585.6	2108.0	7.2380	0.91961	1.1806	824.47	-0.058755	7.7189e-05	0.12285	supercritical
1987.1	84.000	16.053	0.062292	1588.6	2111.8	7.2399	0.91984	1.1808	825.10	-0.058789	7.7271e-05	0.12301	supercritical
1990.3	84.000	16.028	0.062392	1591.6	2115.7	7.2418	0.92007	1.1810	825.73	-0.058822	7.7352e-05	0.12316	supercritical
1993.5	84.000	16.002	0.062492	1594.5	2119.5	7.2437	0.92030	1.1813	826.36	-0.058855	7.7434e-05	0.12332	supercritical
1996.8	84.000	15.976	0.062593	1597.5	2123.3	7.2456	0.92053	1.1815	826.99	-0.058887	7.7515e-05	0.12347	supercritical
2000.0	84.000	15.951	0.062693	1600.5	2127.1	7.2475	0.92076	1.1817	827.62	-0.058920	7.7597e-05	0.12363	supercritical
