Temperature (K)	Pressure (bar)	Density (kg/m3)	Volume (m3/kg)	Internal Energy (kJ/kg)	Enthalpy (kJ/kg)	Entropy (J/g*K)	Cv (J/g*K)	Cp (J/g*K)	Sound Spd. (m/s)	Joule-Thomson (K/bar)	Viscosity (Pa*s)	Therm. Cond. (W/m*K)	Phase
60.000	141.00	1298.3	0.00077023	-186.29	-175.43	2.2210	1.0939	1.6455	1165.2	-0.037844	0.00064492	0.19956	liquid
63.233	141.00	1284.8	0.00077832	-181.07	-170.10	2.3075	1.0730	1.6521	1150.2	-0.037385	0.00055415	0.19540	liquid
66.467	141.00	1271.2	0.00078665	-175.84	-164.75	2.3900	1.0561	1.6541	1130.8	-0.037063	0.00048119	0.19125	liquid
69.700	141.00	1257.5	0.00079520	-170.62	-159.40	2.4685	1.0408	1.6533	1109.4	-0.036807	0.00042209	0.18709	liquid
72.933	141.00	1243.8	0.00080397	-165.40	-154.06	2.5435	1.0261	1.6510	1087.0	-0.036565	0.00037378	0.18294	liquid
76.167	141.00	1230.1	0.00081296	-160.19	-148.73	2.6150	1.0119	1.6483	1064.2	-0.036299	0.00033390	0.17879	liquid
79.400	141.00	1216.2	0.00082220	-155.00	-143.40	2.6835	0.99810	1.6458	1041.4	-0.035986	0.00030064	0.17464	liquid
82.633	141.00	1202.4	0.00083170	-149.81	-138.08	2.7492	0.98470	1.6440	1018.5	-0.035608	0.00027262	0.17049	liquid
85.867	141.00	1188.4	0.00084148	-144.63	-132.77	2.8122	0.97176	1.6432	995.80	-0.035154	0.00024877	0.16633	liquid
89.100	141.00	1174.3	0.00085158	-139.46	-127.46	2.8730	0.95931	1.6434	973.15	-0.034612	0.00022827	0.16217	liquid
92.333	141.00	1160.1	0.00086201	-134.30	-122.14	2.9316	0.94735	1.6447	950.57	-0.033976	0.00021048	0.15800	liquid
95.567	141.00	1145.7	0.00087282	-129.13	-116.82	2.9882	0.93589	1.6473	928.04	-0.033236	0.00019489	0.15383	liquid
98.800	141.00	1131.2	0.00088404	-123.95	-111.49	3.0431	0.92491	1.6510	905.54	-0.032384	0.00018112	0.14966	liquid
102.03	141.00	1116.4	0.00089570	-118.77	-106.14	3.0963	0.91440	1.6561	883.05	-0.031411	0.00016883	0.14548	liquid
105.27	141.00	1101.5	0.00090785	-113.58	-100.78	3.1481	0.90436	1.6624	860.54	-0.030307	0.00015779	0.14130	liquid
108.50	141.00	1086.3	0.00092054	-108.37	-95.390	3.1985	0.89475	1.6700	838.00	-0.029058	0.00014779	0.13712	liquid
111.73	141.00	1070.9	0.00093382	-103.14	-89.976	3.2477	0.88557	1.6791	815.40	-0.027649	0.00013868	0.13295	liquid
114.97	141.00	1055.1	0.00094774	-97.894	-84.530	3.2957	0.87682	1.6896	792.73	-0.026065	0.00013032	0.12880	liquid
118.20	141.00	1039.1	0.00096238	-92.618	-79.048	3.3427	0.86847	1.7018	769.97	-0.024284	0.00012260	0.12467	liquid
121.43	141.00	1022.7	0.00097781	-87.311	-73.524	3.3889	0.86052	1.7157	747.12	-0.022282	0.00011544	0.12055	liquid
124.67	141.00	1005.9	0.00099412	-81.968	-67.951	3.4341	0.85298	1.7315	724.15	-0.020031	0.00010877	0.11646	liquid
127.90	141.00	988.71	0.0010114	-76.586	-62.325	3.4787	0.84585	1.7494	701.05	-0.017498	0.00010254	0.11239	liquid
131.13	141.00	971.04	0.0010298	-71.157	-56.636	3.5226	0.83912	1.7696	677.83	-0.014642	9.6684e-05	0.10835	liquid
134.37	141.00	952.85	0.0010495	-65.676	-50.878	3.5660	0.83281	1.7925	654.46	-0.011417	9.1174e-05	0.10436	liquid
137.60	141.00	934.10	0.0010705	-60.136	-45.041	3.6089	0.82694	1.8184	630.96	-0.0077659	8.5973e-05	0.10040	liquid
140.83	141.00	914.72	0.0010932	-54.530	-39.115	3.6515	0.82152	1.8477	607.32	-0.0036214	8.1055e-05	0.096504	liquid
144.07	141.00	894.65	0.0011178	-48.849	-33.088	3.6938	0.81657	1.8809	583.56	0.0010962	7.6396e-05	0.092660	liquid
147.30	141.00	873.80	0.0011444	-43.083	-26.947	3.7360	0.81212	1.9186	559.69	0.0064820	7.1976e-05	0.088882	liquid
150.53	141.00	852.09	0.0011736	-37.224	-20.676	3.7781	0.80820	1.9612	535.75	0.012649	6.7778e-05	0.085177	liquid
153.77	141.00	829.42	0.0012057	-31.258	-14.258	3.8202	0.80482	2.0095	511.81	0.019727	6.3789e-05	0.081551	liquid
157.00	141.00	805.70	0.0012412	-25.175	-7.6743	3.8626	0.80202	2.0641	487.96	0.027867	5.9995e-05	0.078012	supercritical
160.23	141.00	780.82	0.0012807	-18.961	-0.90329	3.9053	0.79978	2.1253	464.34	0.037237	5.6387e-05	0.074567	supercritical
163.47	141.00	754.69	0.0013250	-12.607	6.0765	3.9484	0.79807	2.1932	441.13	0.048010	5.2958e-05	0.071223	supercritical
166.70	141.00	727.23	0.0013751	-6.1030	13.286	3.9921	0.79680	2.2669	418.58	0.060345	4.9701e-05	0.067985	supercritical
169.93	141.00	698.42	0.0014318	0.55122	20.740	4.0364	0.79585	2.3440	397.02	0.074347	4.6615e-05	0.064856	supercritical
173.17	141.00	668.35	0.0014962	7.3450	28.442	4.0813	0.79502	2.4194	376.83	0.089996	4.3705e-05	0.061839	supercritical
176.40	141.00	637.25	0.0015692	14.249	36.375	4.1267	0.79409	2.4856	358.45	0.10708	4.0979e-05	0.058940	supercritical
179.63	141.00	605.54	0.0016514	21.211	44.496	4.1723	0.79281	2.5337	342.28	0.12519	3.8452e-05	0.056163	supercritical
182.87	141.00	573.80	0.0017428	28.159	52.732	4.2177	0.79095	2.5558	328.58	0.14374	3.6144e-05	0.053520	supercritical
186.10	141.00	542.70	0.0018426	35.009	60.990	4.2625	0.78826	2.5470	317.45	0.16202	3.4069e-05	0.051027	supercritical
189.33	141.00	512.91	0.0019497	41.678	69.168	4.3061	0.78462	2.5069	308.82	0.17928	3.2237e-05	0.048706	supercritical
192.57	141.00	484.95	0.0020621	48.096	77.171	4.3480	0.78005	2.4394	302.44	0.19486	3.0649e-05	0.046578	supercritical
195.80	141.00	459.16	0.0021779	54.214	84.922	4.3879	0.77475	2.3525	298.01	0.20829	2.9294e-05	0.044658	supercritical
199.03	141.00	435.68	0.0022953	60.010	92.374	4.4256	0.76897	2.2555	295.19	0.21939	2.8154e-05	0.042953	supercritical
202.27	141.00	414.45	0.0024128	65.485	99.506	4.4612	0.76298	2.1563	293.62	0.22821	2.7206e-05	0.041459	supercritical
205.50	141.00	395.34	0.0025295	70.655	106.32	4.4946	0.75699	2.0602	293.03	0.23494	2.6421e-05	0.040162	supercritical
208.73	141.00	378.13	0.0026446	75.547	112.84	4.5261	0.75118	1.9704	293.16	0.23984	2.5776e-05	0.039044	supercritical
211.97	141.00	362.62	0.0027577	80.187	119.07	4.5557	0.74563	1.8881	293.85	0.24317	2.5247e-05	0.038085	supercritical
215.20	141.00	348.59	0.0028687	84.604	125.05	4.5837	0.74041	1.8136	294.94	0.24519	2.4816e-05	0.037264	supercritical
218.43	141.00	335.85	0.0029775	88.824	130.81	4.6103	0.73555	1.7466	296.34	0.24611	2.4465e-05	0.036564	supercritical
221.67	141.00	324.24	0.0030842	92.869	136.36	4.6355	0.73104	1.6866	297.98	0.24613	2.4183e-05	0.035967	supercritical
224.90	141.00	313.61	0.0031886	96.760	141.72	4.6595	0.72689	1.6328	299.78	0.24541	2.3957e-05	0.035461	supercritical
228.13	141.00	303.85	0.0032911	100.52	146.92	4.6825	0.72308	1.5846	301.71	0.24409	2.3779e-05	0.035032	supercritical
231.37	141.00	294.85	0.0033916	104.15	151.97	4.7045	0.71958	1.5413	303.73	0.24227	2.3642e-05	0.034670	supercritical
234.60	141.00	286.51	0.0034903	107.68	156.89	4.7256	0.71637	1.5023	305.82	0.24006	2.3539e-05	0.034366	supercritical
237.83	141.00	278.76	0.0035873	111.11	161.69	4.7459	0.71344	1.4671	307.96	0.23753	2.3465e-05	0.034112	supercritical
241.07	141.00	271.55	0.0036826	114.46	166.38	4.7655	0.71076	1.4353	310.13	0.23475	2.3416e-05	0.033903	supercritical
244.30	141.00	264.80	0.0037765	117.73	170.98	4.7844	0.70831	1.4064	312.33	0.23177	2.3389e-05	0.033733	supercritical
247.53	141.00	258.47	0.0038689	120.93	175.48	4.8027	0.70607	1.3801	314.54	0.22863	2.3380e-05	0.033597	supercritical
250.77	141.00	252.53	0.0039600	124.07	179.90	4.8205	0.70402	1.3561	316.75	0.22538	2.3388e-05	0.033491	supercritical
254.00	141.00	246.92	0.0040498	127.15	184.25	4.8377	0.70216	1.3341	318.96	0.22203	2.3411e-05	0.033411	supercritical
257.23	141.00	241.63	0.0041385	130.18	188.53	4.8545	0.70045	1.3140	321.17	0.21862	2.3445e-05	0.033355	supercritical
260.47	141.00	236.62	0.0042261	133.16	192.75	4.8708	0.69890	1.2955	323.37	0.21517	2.3491e-05	0.033321	supercritical
263.70	141.00	231.87	0.0043127	136.10	196.91	4.8866	0.69748	1.2784	325.57	0.21170	2.3546e-05	0.033305	supercritical
266.93	141.00	227.36	0.0043983	139.00	201.02	4.9021	0.69620	1.2626	327.75	0.20821	2.3610e-05	0.033306	supercritical
270.17	141.00	223.07	0.0044829	141.87	205.08	4.9172	0.69503	1.2480	329.91	0.20472	2.3682e-05	0.033322	supercritical
273.40	141.00	218.97	0.0045667	144.70	209.09	4.9320	0.69397	1.2345	332.06	0.20124	2.3760e-05	0.033352	supercritical
276.63	141.00	215.07	0.0046497	147.50	213.06	4.9464	0.69302	1.2219	334.19	0.19778	2.3844e-05	0.033394	supercritical
279.87	141.00	211.33	0.0047319	150.27	216.99	4.9606	0.69215	1.2102	336.31	0.19434	2.3934e-05	0.033448	supercritical
283.10	141.00	207.75	0.0048134	153.02	220.89	4.9744	0.69138	1.1992	338.41	0.19093	2.4029e-05	0.033511	supercritical
286.33	141.00	204.32	0.0048942	155.74	224.75	4.9880	0.69069	1.1891	340.49	0.18756	2.4127e-05	0.033583	supercritical
289.57	141.00	201.03	0.0049743	158.44	228.58	5.0013	0.69008	1.1795	342.55	0.18422	2.4230e-05	0.033664	supercritical
292.80	141.00	197.87	0.0050538	161.12	232.38	5.0143	0.68954	1.1706	344.60	0.18092	2.4336e-05	0.033752	supercritical
296.03	141.00	194.83	0.0051327	163.78	236.15	5.0271	0.68907	1.1622	346.62	0.17766	2.4445e-05	0.033846	supercritical
299.27	141.00	191.90	0.0052111	166.42	239.89	5.0397	0.68867	1.1544	348.63	0.17444	2.4557e-05	0.033945	supercritical
302.50	141.00	189.08	0.0052889	169.04	243.61	5.0521	0.68832	1.1470	350.62	0.17127	2.4672e-05	0.034049	supercritical
305.73	141.00	186.35	0.0053661	171.65	247.31	5.0642	0.68804	1.1401	352.59	0.16815	2.4789e-05	0.034155	supercritical
308.97	141.00	183.73	0.0054429	174.24	250.99	5.0762	0.68781	1.1336	354.55	0.16507	2.4908e-05	0.034249	supercritical
312.20	141.00	181.19	0.0055192	176.82	254.64	5.0880	0.68763	1.1274	356.49	0.16204	2.5029e-05	0.034374	supercritical
315.43	141.00	178.73	0.0055951	179.39	258.28	5.0995	0.68750	1.1217	358.40	0.15905	2.5151e-05	0.034515	supercritical
318.67	141.00	176.35	0.0056705	181.94	261.90	5.1109	0.68742	1.1162	360.31	0.15611	2.5275e-05	0.034659	supercritical
321.90	141.00	174.05	0.0057455	184.48	265.50	5.1222	0.68738	1.1110	362.19	0.15322	2.5401e-05	0.034807	supercritical
325.13	141.00	171.82	0.0058201	187.02	269.08	5.1333	0.68739	1.1062	364.06	0.15038	2.5527e-05	0.034957	supercritical
328.37	141.00	169.65	0.0058944	189.54	272.65	5.1442	0.68743	1.1016	365.91	0.14758	2.5655e-05	0.035111	supercritical
331.60	141.00	167.55	0.0059682	192.05	276.20	5.1550	0.68752	1.0973	367.75	0.14482	2.5784e-05	0.035267	supercritical
334.83	141.00	165.52	0.0060417	194.56	279.75	5.1656	0.68764	1.0932	369.57	0.14212	2.5914e-05	0.035425	supercritical
338.07	141.00	163.53	0.0061149	197.05	283.27	5.1761	0.68781	1.0893	371.37	0.13945	2.6044e-05	0.035586	supercritical
341.30	141.00	161.61	0.0061878	199.54	286.79	5.1864	0.68800	1.0856	373.16	0.13683	2.6176e-05	0.035748	supercritical
344.53	141.00	159.74	0.0062603	202.02	290.29	5.1967	0.68823	1.0821	374.93	0.13426	2.6308e-05	0.035913	supercritical
347.77	141.00	157.91	0.0063325	204.50	293.79	5.2067	0.68849	1.0789	376.69	0.13172	2.6440e-05	0.036080	supercritical
351.00	141.00	156.14	0.0064045	206.97	297.27	5.2167	0.68878	1.0758	378.44	0.12923	2.6573e-05	0.036248	supercritical
354.23	141.00	154.41	0.0064762	209.43	300.74	5.2266	0.68910	1.0728	380.17	0.12679	2.6707e-05	0.036418	supercritical
357.47	141.00	152.73	0.0065476	211.89	304.21	5.2363	0.68945	1.0700	381.89	0.12438	2.6841e-05	0.036589	supercritical
360.70	141.00	151.09	0.0066187	214.34	307.66	5.2459	0.68982	1.0674	383.59	0.12201	2.6975e-05	0.036762	supercritical
363.93	141.00	149.49	0.0066896	216.79	311.11	5.2554	0.69023	1.0649	385.28	0.11968	2.7110e-05	0.036936	supercritical
367.17	141.00	147.92	0.0067602	219.23	314.55	5.2648	0.69065	1.0626	386.96	0.11739	2.7245e-05	0.037112	supercritical
370.40	141.00	146.40	0.0068306	221.67	317.98	5.2742	0.69110	1.0603	388.62	0.11514	2.7380e-05	0.037288	supercritical
373.63	141.00	144.91	0.0069008	224.11	321.41	5.2834	0.69158	1.0582	390.27	0.11293	2.7515e-05	0.037466	supercritical
376.87	141.00	143.46	0.0069707	226.54	324.83	5.2925	0.69207	1.0563	391.91	0.11075	2.7650e-05	0.037645	supercritical
380.10	141.00	142.04	0.0070405	228.97	328.24	5.3015	0.69259	1.0544	393.53	0.10861	2.7786e-05	0.037825	supercritical
383.33	141.00	140.65	0.0071100	231.39	331.65	5.3104	0.69313	1.0526	395.15	0.10650	2.7922e-05	0.038005	supercritical
386.57	141.00	139.29	0.0071793	233.82	335.05	5.3192	0.69369	1.0509	396.75	0.10443	2.8058e-05	0.038187	supercritical
389.80	141.00	137.96	0.0072484	236.24	338.44	5.3280	0.69427	1.0494	398.34	0.10240	2.8193e-05	0.038369	supercritical
393.03	141.00	136.66	0.0073174	238.66	341.83	5.3367	0.69487	1.0479	399.92	0.10039	2.8329e-05	0.038552	supercritical
396.27	141.00	135.39	0.0073862	241.07	345.22	5.3452	0.69548	1.0465	401.49	0.098423	2.8465e-05	0.038736	supercritical
399.50	141.00	134.14	0.0074547	243.49	348.60	5.3537	0.69611	1.0452	403.05	0.096485	2.8601e-05	0.038920	supercritical
402.73	141.00	132.92	0.0075231	245.90	351.98	5.3622	0.69676	1.0439	404.60	0.094578	2.8737e-05	0.039106	supercritical
405.97	141.00	131.73	0.0075914	248.31	355.35	5.3705	0.69742	1.0428	406.14	0.092703	2.8873e-05	0.039291	supercritical
409.20	141.00	130.56	0.0076595	250.72	358.72	5.3788	0.69810	1.0417	407.66	0.090858	2.9008e-05	0.039477	supercritical
412.43	141.00	129.41	0.0077274	253.13	362.09	5.3870	0.69879	1.0407	409.18	0.089042	2.9144e-05	0.039664	supercritical
415.67	141.00	128.28	0.0077952	255.54	365.45	5.3951	0.69950	1.0397	410.69	0.087256	2.9280e-05	0.039851	supercritical
418.90	141.00	127.18	0.0078628	257.94	368.81	5.4031	0.70022	1.0388	412.19	0.085499	2.9415e-05	0.040039	supercritical
422.13	141.00	126.10	0.0079303	260.35	372.17	5.4111	0.70095	1.0380	413.68	0.083770	2.9550e-05	0.040227	supercritical
425.37	141.00	125.04	0.0079976	262.76	375.52	5.4190	0.70170	1.0373	415.15	0.082068	2.9686e-05	0.040415	supercritical
428.60	141.00	124.00	0.0080648	265.16	378.88	5.4269	0.70245	1.0365	416.62	0.080393	2.9821e-05	0.040604	supercritical
431.83	141.00	122.97	0.0081318	267.57	382.23	5.4347	0.70322	1.0359	418.09	0.078745	2.9956e-05	0.040793	supercritical
435.07	141.00	121.97	0.0081988	269.97	385.57	5.4424	0.70400	1.0353	419.54	0.077123	3.0090e-05	0.040983	supercritical
438.30	141.00	120.98	0.0082656	272.38	388.92	5.4501	0.70478	1.0347	420.98	0.075527	3.0225e-05	0.041173	supercritical
441.53	141.00	120.02	0.0083322	274.78	392.27	5.4577	0.70558	1.0342	422.42	0.073955	3.0360e-05	0.041363	supercritical
444.77	141.00	119.06	0.0083988	277.19	395.61	5.4652	0.70639	1.0338	423.85	0.072408	3.0494e-05	0.041553	supercritical
448.00	141.00	118.13	0.0084652	279.59	398.95	5.4727	0.70720	1.0334	425.26	0.070886	3.0628e-05	0.041744	supercritical
451.23	141.00	117.21	0.0085316	282.00	402.29	5.4801	0.70803	1.0330	426.68	0.069387	3.0762e-05	0.041935	supercritical
454.47	141.00	116.31	0.0085978	284.40	405.63	5.4875	0.70886	1.0326	428.08	0.067911	3.0896e-05	0.042125	supercritical
457.70	141.00	115.42	0.0086639	286.81	408.97	5.4948	0.70970	1.0324	429.48	0.066457	3.1029e-05	0.042317	supercritical
460.93	141.00	114.55	0.0087299	289.21	412.31	5.5021	0.71055	1.0321	430.86	0.065027	3.1162e-05	0.042508	supercritical
464.17	141.00	113.69	0.0087958	291.62	415.64	5.5093	0.71140	1.0319	432.24	0.063618	3.1296e-05	0.042700	supercritical
467.40	141.00	112.85	0.0088616	294.03	418.98	5.5165	0.71226	1.0317	433.62	0.062230	3.1428e-05	0.042891	supercritical
470.63	141.00	112.02	0.0089273	296.44	422.31	5.5236	0.71312	1.0315	434.98	0.060864	3.1561e-05	0.043083	supercritical
473.87	141.00	111.20	0.0089929	298.85	425.65	5.5306	0.71399	1.0314	436.34	0.059518	3.1694e-05	0.043275	supercritical
477.10	141.00	110.40	0.0090584	301.26	428.98	5.5376	0.71487	1.0313	437.70	0.058193	3.1826e-05	0.043467	supercritical
480.33	141.00	109.60	0.0091238	303.67	432.32	5.5446	0.71575	1.0312	439.04	0.056888	3.1958e-05	0.043659	supercritical
483.57	141.00	108.82	0.0091891	306.09	435.65	5.5515	0.71663	1.0312	440.38	0.055602	3.2090e-05	0.043851	supercritical
486.80	141.00	108.06	0.0092543	308.50	438.99	5.5584	0.71752	1.0312	441.71	0.054335	3.2221e-05	0.044043	supercritical
490.03	141.00	107.30	0.0093195	310.92	442.32	5.5652	0.71842	1.0312	443.04	0.053088	3.2353e-05	0.044236	supercritical
493.27	141.00	106.56	0.0093845	313.33	445.66	5.5720	0.71931	1.0313	444.36	0.051858	3.2484e-05	0.044428	supercritical
496.50	141.00	105.83	0.0094495	315.75	448.99	5.5788	0.72021	1.0313	445.67	0.050647	3.2615e-05	0.044620	supercritical
499.73	141.00	105.10	0.0095144	318.17	452.33	5.5854	0.72112	1.0314	446.98	0.049454	3.2745e-05	0.044813	supercritical
502.97	141.00	104.39	0.0095792	320.59	455.66	5.5921	0.72202	1.0315	448.28	0.048278	3.2876e-05	0.045005	supercritical
506.20	141.00	103.69	0.0096440	323.02	459.00	5.5987	0.72293	1.0317	449.58	0.047120	3.3006e-05	0.045198	supercritical
509.43	141.00	103.00	0.0097087	325.44	462.33	5.6053	0.72384	1.0318	450.87	0.045978	3.3136e-05	0.045390	supercritical
512.67	141.00	102.32	0.0097732	327.87	465.67	5.6118	0.72475	1.0320	452.15	0.044853	3.3265e-05	0.045583	supercritical
515.90	141.00	101.65	0.0098378	330.29	469.01	5.6183	0.72567	1.0322	453.43	0.043744	3.3395e-05	0.045775	supercritical
519.13	141.00	100.99	0.0099022	332.72	472.34	5.6247	0.72658	1.0324	454.70	0.042651	3.3524e-05	0.045968	supercritical
522.37	141.00	100.34	0.0099666	335.15	475.68	5.6312	0.72750	1.0326	455.97	0.041573	3.3653e-05	0.046160	supercritical
525.60	141.00	99.692	0.010031	337.58	479.02	5.6375	0.72842	1.0328	457.23	0.040511	3.3782e-05	0.046352	supercritical
528.83	141.00	99.057	0.010095	340.02	482.36	5.6439	0.72934	1.0331	458.49	0.039464	3.3910e-05	0.046545	supercritical
532.07	141.00	98.431	0.010159	342.45	485.70	5.6502	0.73025	1.0334	459.74	0.038432	3.4038e-05	0.046737	supercritical
535.30	141.00	97.814	0.010223	344.89	489.04	5.6564	0.73117	1.0336	460.99	0.037415	3.4166e-05	0.046930	supercritical
538.53	141.00	97.205	0.010288	347.33	492.39	5.6626	0.73209	1.0339	462.23	0.036412	3.4294e-05	0.047122	supercritical
541.77	141.00	96.604	0.010352	349.77	495.73	5.6688	0.73301	1.0343	463.47	0.035422	3.4422e-05	0.047314	supercritical
545.00	141.00	96.011	0.010415	352.22	499.07	5.6750	0.73393	1.0346	464.70	0.034447	3.4549e-05	0.047506	supercritical
548.23	141.00	95.426	0.010479	354.66	502.42	5.6811	0.73485	1.0349	465.92	0.033485	3.4676e-05	0.047698	supercritical
551.47	141.00	94.848	0.010543	357.11	505.77	5.6872	0.73577	1.0353	467.15	0.032537	3.4803e-05	0.047890	supercritical
554.70	141.00	94.278	0.010607	359.56	509.11	5.6933	0.73669	1.0356	468.36	0.031601	3.4929e-05	0.048082	supercritical
557.93	141.00	93.715	0.010671	362.01	512.46	5.6993	0.73761	1.0360	469.58	0.030679	3.5055e-05	0.048274	supercritical
561.17	141.00	93.159	0.010734	364.46	515.81	5.7053	0.73852	1.0364	470.78	0.029769	3.5181e-05	0.048466	supercritical
564.40	141.00	92.611	0.010798	366.91	519.16	5.7112	0.73944	1.0368	471.99	0.028871	3.5307e-05	0.048658	supercritical
567.63	141.00	92.069	0.010861	369.37	522.52	5.7171	0.74035	1.0372	473.19	0.027986	3.5433e-05	0.048850	supercritical
570.87	141.00	91.534	0.010925	371.83	525.87	5.7230	0.74126	1.0376	474.38	0.027113	3.5558e-05	0.049041	supercritical
574.10	141.00	91.005	0.010988	374.29	529.23	5.7289	0.74217	1.0380	475.57	0.026251	3.5683e-05	0.049233	supercritical
577.33	141.00	90.483	0.011052	376.75	532.58	5.7347	0.74308	1.0384	476.76	0.025401	3.5808e-05	0.049424	supercritical
580.57	141.00	89.968	0.011115	379.22	535.94	5.7405	0.74399	1.0389	477.94	0.024562	3.5932e-05	0.049616	supercritical
583.80	141.00	89.458	0.011178	381.69	539.30	5.7463	0.74490	1.0393	479.12	0.023735	3.6057e-05	0.049807	supercritical
587.03	141.00	88.955	0.011242	384.16	542.66	5.7520	0.74580	1.0397	480.29	0.022918	3.6181e-05	0.049998	supercritical
590.27	141.00	88.457	0.011305	386.63	546.03	5.7578	0.74670	1.0402	481.46	0.022112	3.6305e-05	0.050189	supercritical
593.50	141.00	87.966	0.011368	389.10	549.39	5.7634	0.74760	1.0407	482.63	0.021317	3.6428e-05	0.050380	supercritical
596.73	141.00	87.480	0.011431	391.58	552.76	5.7691	0.74850	1.0411	483.79	0.020532	3.6552e-05	0.050571	supercritical
599.97	141.00	87.000	0.011494	394.05	556.12	5.7747	0.74939	1.0416	484.95	0.019757	3.6675e-05	0.050762	supercritical
603.20	141.00	86.526	0.011557	396.53	559.49	5.7803	0.75028	1.0421	486.11	0.018993	3.6798e-05	0.050952	supercritical
606.43	141.00	86.057	0.011620	399.02	562.86	5.7859	0.75117	1.0426	487.26	0.018238	3.6920e-05	0.051143	supercritical
609.67	141.00	85.593	0.011683	401.50	566.23	5.7914	0.75206	1.0430	488.40	0.017493	3.7043e-05	0.051333	supercritical
612.90	141.00	85.135	0.011746	403.99	569.61	5.7970	0.75294	1.0435	489.55	0.016758	3.7165e-05	0.051524	supercritical
616.13	141.00	84.681	0.011809	406.47	572.98	5.8024	0.75382	1.0440	490.69	0.016032	3.7287e-05	0.051714	supercritical
619.37	141.00	84.233	0.011872	408.97	576.36	5.8079	0.75470	1.0445	491.82	0.015315	3.7409e-05	0.051904	supercritical
622.60	141.00	83.790	0.011935	411.46	579.74	5.8134	0.75557	1.0450	492.96	0.014607	3.7530e-05	0.052094	supercritical
625.83	141.00	83.352	0.011997	413.95	583.12	5.8188	0.75644	1.0455	494.09	0.013909	3.7652e-05	0.052284	supercritical
629.07	141.00	82.918	0.012060	416.45	586.50	5.8242	0.75731	1.0461	495.21	0.013219	3.7773e-05	0.052474	supercritical
632.30	141.00	82.489	0.012123	418.95	589.88	5.8295	0.75818	1.0466	496.34	0.012537	3.7894e-05	0.052663	supercritical
635.53	141.00	82.065	0.012185	421.45	593.26	5.8349	0.75904	1.0471	497.45	0.011865	3.8014e-05	0.052853	supercritical
638.77	141.00	81.646	0.012248	423.95	596.65	5.8402	0.75990	1.0476	498.57	0.011200	3.8134e-05	0.053042	supercritical
642.00	141.00	81.231	0.012311	426.46	600.04	5.8455	0.76075	1.0481	499.68	0.010544	3.8255e-05	0.053232	supercritical
645.23	141.00	80.820	0.012373	428.97	603.43	5.8507	0.76160	1.0486	500.79	0.0098957	3.8375e-05	0.053421	supercritical
648.47	141.00	80.414	0.012436	431.48	606.82	5.8560	0.76245	1.0492	501.90	0.0092555	3.8494e-05	0.053610	supercritical
651.70	141.00	80.012	0.012498	433.99	610.21	5.8612	0.76329	1.0497	503.00	0.0086231	3.8614e-05	0.053799	supercritical
654.93	141.00	79.614	0.012561	436.51	613.61	5.8664	0.76413	1.0502	504.10	0.0079984	3.8733e-05	0.053987	supercritical
658.17	141.00	79.221	0.012623	439.02	617.01	5.8716	0.76497	1.0508	505.20	0.0073812	3.8852e-05	0.054176	supercritical
661.40	141.00	78.831	0.012685	441.54	620.40	5.8767	0.76581	1.0513	506.29	0.0067715	3.8971e-05	0.054364	supercritical
664.63	141.00	78.446	0.012748	444.06	623.80	5.8818	0.76663	1.0518	507.38	0.0061692	3.9090e-05	0.054553	supercritical
667.87	141.00	78.064	0.012810	446.58	627.21	5.8869	0.76746	1.0524	508.47	0.0055740	3.9208e-05	0.054741	supercritical
671.10	141.00	77.686	0.012872	449.11	630.61	5.8920	0.76828	1.0529	509.56	0.0049859	3.9326e-05	0.054929	supercritical
674.33	141.00	77.312	0.012935	451.64	634.01	5.8971	0.76910	1.0534	510.64	0.0044049	3.9444e-05	0.055117	supercritical
677.57	141.00	76.942	0.012997	454.17	637.42	5.9021	0.76992	1.0540	511.72	0.0038306	3.9562e-05	0.055305	supercritical
680.80	141.00	76.576	0.013059	456.70	640.83	5.9072	0.77073	1.0545	512.79	0.0032632	3.9679e-05	0.055493	supercritical
684.03	141.00	76.213	0.013121	459.23	644.24	5.9122	0.77153	1.0551	513.87	0.0027024	3.9797e-05	0.055680	supercritical
687.27	141.00	75.854	0.013183	461.77	647.65	5.9171	0.77234	1.0556	514.94	0.0021481	3.9914e-05	0.055868	supercritical
690.50	141.00	75.498	0.013245	464.31	651.07	5.9221	0.77314	1.0561	516.01	0.0016003	4.0031e-05	0.056055	supercritical
693.73	141.00	75.146	0.013307	466.85	654.48	5.9270	0.77393	1.0567	517.07	0.0010589	4.0147e-05	0.056242	supercritical
696.97	141.00	74.797	0.013370	469.39	657.90	5.9319	0.77472	1.0572	518.13	0.00052365	4.0264e-05	0.056430	supercritical
700.20	141.00	74.451	0.013432	471.93	661.32	5.9368	0.77551	1.0578	519.19	-5.4203e-06	4.0380e-05	0.056616	supercritical
703.43	141.00	74.109	0.013494	474.48	664.74	5.9417	0.77629	1.0583	520.25	-0.00052843	4.0496e-05	0.056803	supercritical
706.67	141.00	73.770	0.013556	477.03	668.16	5.9466	0.77707	1.0588	521.30	-0.0010455	4.0612e-05	0.056990	supercritical
709.90	141.00	73.435	0.013618	479.58	671.59	5.9514	0.77785	1.0594	522.36	-0.0015567	4.0728e-05	0.057176	supercritical
713.13	141.00	73.102	0.013679	482.13	675.01	5.9562	0.77862	1.0599	523.41	-0.0020621	4.0843e-05	0.057363	supercritical
716.37	141.00	72.773	0.013741	484.69	678.44	5.9610	0.77938	1.0605	524.45	-0.0025618	4.0959e-05	0.057549	supercritical
719.60	141.00	72.447	0.013803	487.24	681.87	5.9658	0.78015	1.0610	525.50	-0.0030559	4.1074e-05	0.057735	supercritical
722.83	141.00	72.123	0.013865	489.80	685.30	5.9705	0.78091	1.0615	526.54	-0.0035445	4.1189e-05	0.057921	supercritical
726.07	141.00	71.803	0.013927	492.37	688.74	5.9753	0.78166	1.0621	527.58	-0.0040277	4.1303e-05	0.058107	supercritical
729.30	141.00	71.486	0.013989	494.93	692.17	5.9800	0.78241	1.0626	528.61	-0.0045055	4.1418e-05	0.058293	supercritical
732.53	141.00	71.171	0.014051	497.49	695.61	5.9847	0.78316	1.0631	529.65	-0.0049780	4.1532e-05	0.058478	supercritical
735.77	141.00	70.860	0.014112	500.06	699.05	5.9894	0.78390	1.0637	530.68	-0.0054453	4.1646e-05	0.058664	supercritical
739.00	141.00	70.551	0.014174	502.63	702.49	5.9940	0.78464	1.0642	531.71	-0.0059076	4.1760e-05	0.058849	supercritical
742.23	141.00	70.245	0.014236	505.20	705.93	5.9987	0.78538	1.0647	532.74	-0.0063648	4.1874e-05	0.059034	supercritical
745.47	141.00	69.942	0.014298	507.78	709.37	6.0033	0.78611	1.0653	533.76	-0.0068170	4.1987e-05	0.059219	supercritical
748.70	141.00	69.642	0.014359	510.35	712.82	6.0079	0.78683	1.0658	534.78	-0.0072643	4.2101e-05	0.059404	supercritical
751.93	141.00	69.344	0.014421	512.93	716.26	6.0125	0.78756	1.0663	535.80	-0.0077069	4.2214e-05	0.059589	supercritical
755.17	141.00	69.049	0.014483	515.51	719.71	6.0171	0.78827	1.0669	536.82	-0.0081446	4.2327e-05	0.059774	supercritical
758.40	141.00	68.756	0.014544	518.09	723.16	6.0217	0.78899	1.0674	537.84	-0.0085777	4.2439e-05	0.059958	supercritical
761.63	141.00	68.466	0.014606	520.67	726.61	6.0262	0.78970	1.0679	538.85	-0.0090062	4.2552e-05	0.060143	supercritical
764.87	141.00	68.179	0.014667	523.26	730.07	6.0307	0.79041	1.0684	539.86	-0.0094302	4.2664e-05	0.060327	supercritical
768.10	141.00	67.894	0.014729	525.85	733.52	6.0352	0.79111	1.0690	540.87	-0.0098496	4.2777e-05	0.060511	supercritical
771.33	141.00	67.611	0.014790	528.43	736.98	6.0397	0.79181	1.0695	541.88	-0.010265	4.2889e-05	0.060695	supercritical
774.57	141.00	67.331	0.014852	531.03	740.44	6.0442	0.79250	1.0700	542.88	-0.010675	4.3001e-05	0.060879	supercritical
777.80	141.00	67.053	0.014914	533.62	743.90	6.0487	0.79319	1.0705	543.88	-0.011082	4.3112e-05	0.061063	supercritical
781.03	141.00	66.778	0.014975	536.21	747.36	6.0531	0.79388	1.0710	544.88	-0.011484	4.3224e-05	0.061246	supercritical
784.27	141.00	66.505	0.015036	538.81	750.83	6.0575	0.79456	1.0715	545.88	-0.011882	4.3335e-05	0.061430	supercritical
787.50	141.00	66.234	0.015098	541.41	754.29	6.0619	0.79524	1.0721	546.88	-0.012276	4.3446e-05	0.061613	supercritical
790.73	141.00	65.966	0.015159	544.01	757.76	6.0663	0.79591	1.0726	547.87	-0.012666	4.3557e-05	0.061796	supercritical
793.97	141.00	65.699	0.015221	546.61	761.23	6.0707	0.79659	1.0731	548.86	-0.013052	4.3668e-05	0.061979	supercritical
797.20	141.00	65.435	0.015282	549.22	764.70	6.0751	0.79725	1.0736	549.85	-0.013434	4.3778e-05	0.062162	supercritical
800.43	141.00	65.174	0.015344	551.82	768.17	6.0794	0.79792	1.0741	550.84	-0.013812	4.3889e-05	0.062345	supercritical
803.67	141.00	64.914	0.015405	554.43	771.64	6.0838	0.79857	1.0746	551.83	-0.014186	4.3999e-05	0.062527	supercritical
806.90	141.00	64.657	0.015466	557.04	775.12	6.0881	0.79923	1.0751	552.81	-0.014557	4.4109e-05	0.062710	supercritical
810.13	141.00	64.401	0.015528	559.66	778.60	6.0924	0.79988	1.0756	553.79	-0.014923	4.4219e-05	0.062892	supercritical
813.37	141.00	64.148	0.015589	562.27	782.07	6.0967	0.80053	1.0761	554.77	-0.015287	4.4329e-05	0.063075	supercritical
816.60	141.00	63.896	0.015650	564.89	785.55	6.1009	0.80117	1.0766	555.75	-0.015646	4.4438e-05	0.063257	supercritical
819.83	141.00	63.647	0.015712	567.50	789.04	6.1052	0.80181	1.0771	556.72	-0.016002	4.4548e-05	0.063439	supercritical
823.07	141.00	63.400	0.015773	570.12	792.52	6.1094	0.80245	1.0776	557.70	-0.016354	4.4657e-05	0.063621	supercritical
826.30	141.00	63.155	0.015834	572.74	796.01	6.1136	0.80308	1.0781	558.67	-0.016703	4.4766e-05	0.063802	supercritical
829.53	141.00	62.911	0.015895	575.37	799.49	6.1179	0.80371	1.0786	559.64	-0.017049	4.4875e-05	0.063984	supercritical
832.77	141.00	62.670	0.015957	577.99	802.98	6.1221	0.80434	1.0791	560.61	-0.017391	4.4984e-05	0.064165	supercritical
836.00	141.00	62.430	0.016018	580.62	806.47	6.1262	0.80496	1.0796	561.57	-0.017730	4.5092e-05	0.064347	supercritical
839.23	141.00	62.193	0.016079	583.25	809.96	6.1304	0.80557	1.0800	562.54	-0.018066	4.5201e-05	0.064528	supercritical
842.47	141.00	61.957	0.016140	585.88	813.45	6.1346	0.80619	1.0805	563.50	-0.018398	4.5309e-05	0.064709	supercritical
845.70	141.00	61.723	0.016201	588.51	816.95	6.1387	0.80680	1.0810	564.46	-0.018727	4.5417e-05	0.064890	supercritical
848.93	141.00	61.491	0.016263	591.14	820.44	6.1428	0.80741	1.0815	565.42	-0.019053	4.5525e-05	0.065071	supercritical
852.17	141.00	61.261	0.016324	593.78	823.94	6.1469	0.80801	1.0820	566.38	-0.019376	4.5633e-05	0.065252	supercritical
855.40	141.00	61.032	0.016385	596.41	827.44	6.1510	0.80861	1.0824	567.33	-0.019696	4.5740e-05	0.065432	supercritical
858.63	141.00	60.805	0.016446	599.05	830.94	6.1551	0.80920	1.0829	568.28	-0.020012	4.5848e-05	0.065613	supercritical
861.87	141.00	60.580	0.016507	601.69	834.44	6.1592	0.80980	1.0834	569.24	-0.020326	4.5955e-05	0.065793	supercritical
865.10	141.00	60.357	0.016568	604.34	837.95	6.1632	0.81039	1.0838	570.19	-0.020637	4.6062e-05	0.065973	supercritical
868.33	141.00	60.135	0.016629	606.98	841.45	6.1673	0.81097	1.0843	571.13	-0.020945	4.6169e-05	0.066153	supercritical
871.57	141.00	59.915	0.016690	609.63	844.96	6.1713	0.81155	1.0848	572.08	-0.021250	4.6276e-05	0.066333	supercritical
874.80	141.00	59.697	0.016751	612.27	848.47	6.1753	0.81213	1.0852	573.03	-0.021552	4.6382e-05	0.066513	supercritical
878.03	141.00	59.480	0.016812	614.92	851.98	6.1793	0.81271	1.0857	573.97	-0.021851	4.6489e-05	0.066693	supercritical
881.27	141.00	59.265	0.016873	617.57	855.49	6.1833	0.81328	1.0862	574.91	-0.022148	4.6595e-05	0.066872	supercritical
884.50	141.00	59.051	0.016934	620.22	859.00	6.1873	0.81385	1.0866	575.85	-0.022442	4.6702e-05	0.067052	supercritical
887.73	141.00	58.839	0.016995	622.88	862.52	6.1913	0.81441	1.0871	576.79	-0.022733	4.6808e-05	0.067231	supercritical
890.97	141.00	58.629	0.017056	625.53	866.03	6.1952	0.81497	1.0875	577.72	-0.023021	4.6913e-05	0.067410	supercritical
894.20	141.00	58.420	0.017117	628.19	869.55	6.1992	0.81553	1.0880	578.66	-0.023307	4.7019e-05	0.067589	supercritical
897.43	141.00	58.212	0.017178	630.85	873.07	6.2031	0.81608	1.0884	579.59	-0.023591	4.7125e-05	0.067768	supercritical
900.67	141.00	58.007	0.017239	633.51	876.59	6.2070	0.81664	1.0889	580.52	-0.023871	4.7230e-05	0.067947	supercritical
903.90	141.00	57.802	0.017300	636.17	880.11	6.2109	0.81718	1.0893	581.45	-0.024150	4.7336e-05	0.068126	supercritical
907.13	141.00	57.599	0.017361	638.84	883.63	6.2148	0.81773	1.0897	582.38	-0.024425	4.7441e-05	0.068304	supercritical
910.37	141.00	57.398	0.017422	641.50	887.15	6.2187	0.81827	1.0902	583.30	-0.024699	4.7546e-05	0.068483	supercritical
913.60	141.00	57.198	0.017483	644.17	890.68	6.2226	0.81881	1.0906	584.23	-0.024969	4.7651e-05	0.068661	supercritical
916.83	141.00	56.999	0.017544	646.84	894.21	6.2264	0.81934	1.0911	585.15	-0.025238	4.7755e-05	0.068840	supercritical
920.07	141.00	56.802	0.017605	649.51	897.74	6.2303	0.81988	1.0915	586.07	-0.025504	4.7860e-05	0.069018	supercritical
923.30	141.00	56.606	0.017666	652.18	901.27	6.2341	0.82041	1.0919	586.99	-0.025768	4.7964e-05	0.069196	supercritical
926.53	141.00	56.412	0.017727	654.85	904.80	6.2379	0.82093	1.0924	587.91	-0.026029	4.8069e-05	0.069374	supercritical
929.77	141.00	56.219	0.017788	657.52	908.33	6.2417	0.82146	1.0928	588.83	-0.026288	4.8173e-05	0.069551	supercritical
933.00	141.00	56.027	0.017848	660.20	911.86	6.2455	0.82197	1.0932	589.74	-0.026545	4.8277e-05	0.069729	supercritical
936.23	141.00	55.837	0.017909	662.88	915.40	6.2493	0.82249	1.0936	590.66	-0.026800	4.8381e-05	0.069907	supercritical
939.47	141.00	55.648	0.017970	665.56	918.94	6.2531	0.82301	1.0941	591.57	-0.027052	4.8485e-05	0.070084	supercritical
942.70	141.00	55.460	0.018031	668.24	922.47	6.2568	0.82352	1.0945	592.48	-0.027302	4.8588e-05	0.070261	supercritical
945.93	141.00	55.274	0.018092	670.92	926.01	6.2606	0.82402	1.0949	593.39	-0.027550	4.8692e-05	0.070438	supercritical
949.17	141.00	55.089	0.018153	673.60	929.55	6.2643	0.82453	1.0953	594.30	-0.027796	4.8795e-05	0.070615	supercritical
952.40	141.00	54.905	0.018213	676.29	933.10	6.2680	0.82503	1.0957	595.20	-0.028040	4.8898e-05	0.070792	supercritical
955.63	141.00	54.722	0.018274	678.98	936.64	6.2717	0.82553	1.0961	596.11	-0.028282	4.9001e-05	0.070969	supercritical
958.87	141.00	54.541	0.018335	681.66	940.18	6.2754	0.82603	1.0966	597.01	-0.028522	4.9104e-05	0.071146	supercritical
962.10	141.00	54.361	0.018396	684.35	943.73	6.2791	0.82652	1.0970	597.91	-0.028759	4.9207e-05	0.071323	supercritical
965.33	141.00	54.182	0.018456	687.04	947.28	6.2828	0.82701	1.0974	598.81	-0.028995	4.9310e-05	0.071499	supercritical
968.57	141.00	54.004	0.018517	689.74	950.83	6.2865	0.82750	1.0978	599.71	-0.029229	4.9412e-05	0.071676	supercritical
971.80	141.00	53.827	0.018578	692.43	954.38	6.2901	0.82798	1.0982	600.61	-0.029460	4.9515e-05	0.071852	supercritical
975.03	141.00	53.652	0.018639	695.12	957.93	6.2938	0.82847	1.0986	601.50	-0.029690	4.9617e-05	0.072028	supercritical
978.27	141.00	53.478	0.018699	697.82	961.48	6.2974	0.82894	1.0990	602.40	-0.029918	4.9719e-05	0.072204	supercritical
981.50	141.00	53.305	0.018760	700.52	965.04	6.3011	0.82942	1.0994	603.29	-0.030144	4.9821e-05	0.072380	supercritical
984.73	141.00	53.133	0.018821	703.22	968.59	6.3047	0.82990	1.0998	604.18	-0.030368	4.9923e-05	0.072556	supercritical
987.97	141.00	52.962	0.018881	705.92	972.15	6.3083	0.83037	1.1002	605.07	-0.030590	5.0025e-05	0.072732	supercritical
991.20	141.00	52.792	0.018942	708.62	975.71	6.3119	0.83084	1.1006	605.96	-0.030811	5.0126e-05	0.072907	supercritical
994.43	141.00	52.624	0.019003	711.32	979.26	6.3155	0.83130	1.1010	606.85	-0.031029	5.0228e-05	0.073083	supercritical
997.67	141.00	52.456	0.019064	714.03	982.83	6.3190	0.83176	1.1013	607.73	-0.031246	5.0329e-05	0.073258	supercritical
1000.9	141.00	52.290	0.019124	716.74	986.39	6.3226	0.83223	1.1017	608.62	-0.031461	5.0430e-05	0.073433	supercritical
1004.1	141.00	52.125	0.019185	719.44	989.95	6.3262	0.83268	1.1021	609.50	-0.031675	5.0532e-05	0.073608	supercritical
1007.4	141.00	51.960	0.019245	722.15	993.51	6.3297	0.83314	1.1025	610.38	-0.031886	5.0633e-05	0.073784	supercritical
1010.6	141.00	51.797	0.019306	724.86	997.08	6.3332	0.83359	1.1029	611.26	-0.032096	5.0733e-05	0.073959	supercritical
1013.8	141.00	51.635	0.019367	727.57	1000.6	6.3368	0.83404	1.1033	612.14	-0.032305	5.0834e-05	0.074133	supercritical
1017.1	141.00	51.474	0.019427	730.29	1004.2	6.3403	0.83449	1.1036	613.02	-0.032511	5.0935e-05	0.074308	supercritical
1020.3	141.00	51.314	0.019488	733.00	1007.8	6.3438	0.83494	1.1040	613.89	-0.032716	5.1035e-05	0.074483	supercritical
1023.5	141.00	51.155	0.019549	735.72	1011.4	6.3473	0.83538	1.1044	614.77	-0.032919	5.1136e-05	0.074657	supercritical
1026.8	141.00	50.996	0.019609	738.43	1014.9	6.3507	0.83582	1.1048	615.64	-0.033121	5.1236e-05	0.074832	supercritical
1030.0	141.00	50.839	0.019670	741.15	1018.5	6.3542	0.83626	1.1051	616.51	-0.033321	5.1336e-05	0.075006	supercritical
1033.2	141.00	50.683	0.019730	743.87	1022.1	6.3577	0.83670	1.1055	617.39	-0.033520	5.1436e-05	0.075180	supercritical
1036.5	141.00	50.528	0.019791	746.59	1025.6	6.3611	0.83713	1.1059	618.25	-0.033717	5.1536e-05	0.075354	supercritical
1039.7	141.00	50.374	0.019852	749.32	1029.2	6.3646	0.83756	1.1062	619.12	-0.033912	5.1636e-05	0.075528	supercritical
1042.9	141.00	50.221	0.019912	752.04	1032.8	6.3680	0.83799	1.1066	619.99	-0.034106	5.1736e-05	0.075702	supercritical
1046.2	141.00	50.068	0.019973	754.76	1036.4	6.3714	0.83842	1.1070	620.86	-0.034298	5.1835e-05	0.075876	supercritical
1049.4	141.00	49.917	0.020033	757.49	1040.0	6.3749	0.83884	1.1073	621.72	-0.034489	5.1935e-05	0.076050	supercritical
1052.6	141.00	49.767	0.020094	760.22	1043.5	6.3783	0.83927	1.1077	622.58	-0.034678	5.2034e-05	0.076223	supercritical
1055.9	141.00	49.617	0.020154	762.95	1047.1	6.3817	0.83969	1.1081	623.45	-0.034866	5.2133e-05	0.076397	supercritical
1059.1	141.00	49.469	0.020215	765.68	1050.7	6.3851	0.84010	1.1084	624.31	-0.035053	5.2232e-05	0.076570	supercritical
1062.3	141.00	49.321	0.020275	768.41	1054.3	6.3884	0.84052	1.1088	625.16	-0.035238	5.2331e-05	0.076744	supercritical
1065.6	141.00	49.174	0.020336	771.14	1057.9	6.3918	0.84093	1.1091	626.02	-0.035422	5.2430e-05	0.076917	supercritical
1068.8	141.00	49.028	0.020396	773.87	1061.5	6.3952	0.84135	1.1095	626.88	-0.035604	5.2529e-05	0.077090	supercritical
1072.0	141.00	48.883	0.020457	776.61	1065.0	6.3985	0.84175	1.1098	627.74	-0.035785	5.2628e-05	0.077263	supercritical
1075.3	141.00	48.739	0.020517	779.34	1068.6	6.4019	0.84216	1.1102	628.59	-0.035964	5.2726e-05	0.077436	supercritical
1078.5	141.00	48.596	0.020578	782.08	1072.2	6.4052	0.84257	1.1105	629.44	-0.036142	5.2825e-05	0.077609	supercritical
1081.7	141.00	48.453	0.020638	784.82	1075.8	6.4085	0.84297	1.1109	630.29	-0.036319	5.2923e-05	0.077781	supercritical
1085.0	141.00	48.312	0.020699	787.56	1079.4	6.4118	0.84337	1.1112	631.14	-0.036494	5.3021e-05	0.077954	supercritical
1088.2	141.00	48.171	0.020759	790.30	1083.0	6.4151	0.84377	1.1116	631.99	-0.036668	5.3119e-05	0.078126	supercritical
1091.4	141.00	48.031	0.020820	793.04	1086.6	6.4184	0.84417	1.1119	632.84	-0.036841	5.3217e-05	0.078299	supercritical
1094.7	141.00	47.892	0.020880	795.78	1090.2	6.4217	0.84456	1.1122	633.69	-0.037013	5.3315e-05	0.078471	supercritical
1097.9	141.00	47.754	0.020941	798.53	1093.8	6.4250	0.84496	1.1126	634.53	-0.037183	5.3413e-05	0.078643	supercritical
1101.1	141.00	47.616	0.021001	801.27	1097.4	6.4283	0.84535	1.1129	635.38	-0.037352	5.3511e-05	0.078815	supercritical
1104.4	141.00	47.480	0.021062	804.02	1101.0	6.4315	0.84574	1.1133	636.22	-0.037520	5.3608e-05	0.078987	supercritical
1107.6	141.00	47.344	0.021122	806.77	1104.6	6.4348	0.84612	1.1136	637.06	-0.037686	5.3706e-05	0.079159	supercritical
1110.8	141.00	47.209	0.021182	809.52	1108.2	6.4381	0.84651	1.1139	637.91	-0.037852	5.3803e-05	0.079331	supercritical
1114.1	141.00	47.075	0.021243	812.27	1111.8	6.4413	0.84689	1.1143	638.75	-0.038016	5.3900e-05	0.079503	supercritical
1117.3	141.00	46.941	0.021303	815.02	1115.4	6.4445	0.84728	1.1146	639.58	-0.038178	5.3997e-05	0.079675	supercritical
1120.5	141.00	46.808	0.021364	817.77	1119.0	6.4477	0.84766	1.1149	640.42	-0.038340	5.4094e-05	0.079846	supercritical
1123.8	141.00	46.676	0.021424	820.53	1122.6	6.4510	0.84803	1.1152	641.26	-0.038501	5.4191e-05	0.080018	supercritical
1127.0	141.00	46.545	0.021485	823.28	1126.2	6.4542	0.84841	1.1156	642.09	-0.038660	5.4288e-05	0.080189	supercritical
1130.2	141.00	46.415	0.021545	826.04	1129.8	6.4574	0.84878	1.1159	642.93	-0.038818	5.4385e-05	0.080360	supercritical
1133.5	141.00	46.285	0.021605	828.79	1133.4	6.4605	0.84916	1.1162	643.76	-0.038975	5.4482e-05	0.080531	supercritical
1136.7	141.00	46.156	0.021666	831.55	1137.0	6.4637	0.84953	1.1165	644.59	-0.039131	5.4578e-05	0.080702	supercritical
1139.9	141.00	46.028	0.021726	834.31	1140.6	6.4669	0.84990	1.1169	645.42	-0.039286	5.4675e-05	0.080873	supercritical
1143.2	141.00	45.900	0.021786	837.07	1144.3	6.4701	0.85027	1.1172	646.25	-0.039439	5.4771e-05	0.081044	supercritical
1146.4	141.00	45.773	0.021847	839.83	1147.9	6.4732	0.85063	1.1175	647.08	-0.039592	5.4867e-05	0.081215	supercritical
1149.6	141.00	45.647	0.021907	842.60	1151.5	6.4764	0.85100	1.1178	647.91	-0.039743	5.4963e-05	0.081386	supercritical
1152.9	141.00	45.522	0.021968	845.36	1155.1	6.4795	0.85136	1.1181	648.73	-0.039894	5.5059e-05	0.081556	supercritical
1156.1	141.00	45.397	0.022028	848.12	1158.7	6.4826	0.85172	1.1185	649.56	-0.040043	5.5155e-05	0.081727	supercritical
1159.3	141.00	45.273	0.022088	850.89	1162.3	6.4858	0.85208	1.1188	650.38	-0.040191	5.5251e-05	0.081897	supercritical
1162.6	141.00	45.150	0.022149	853.66	1166.0	6.4889	0.85244	1.1191	651.20	-0.040339	5.5347e-05	0.082068	supercritical
1165.8	141.00	45.027	0.022209	856.42	1169.6	6.4920	0.85279	1.1194	652.02	-0.040485	5.5443e-05	0.082238	supercritical
1169.0	141.00	44.905	0.022269	859.19	1173.2	6.4951	0.85315	1.1197	652.84	-0.040630	5.5538e-05	0.082408	supercritical
1172.3	141.00	44.784	0.022330	861.96	1176.8	6.4982	0.85350	1.1200	653.66	-0.040774	5.5634e-05	0.082578	supercritical
1175.5	141.00	44.663	0.022390	864.74	1180.4	6.5013	0.85385	1.1203	654.48	-0.040917	5.5729e-05	0.082748	supercritical
1178.7	141.00	44.543	0.022450	867.51	1184.1	6.5043	0.85420	1.1206	655.30	-0.041059	5.5824e-05	0.082918	supercritical
1182.0	141.00	44.424	0.022511	870.28	1187.7	6.5074	0.85455	1.1209	656.11	-0.041200	5.5919e-05	0.083088	supercritical
1185.2	141.00	44.305	0.022571	873.06	1191.3	6.5105	0.85490	1.1212	656.93	-0.041341	5.6014e-05	0.083258	supercritical
1188.4	141.00	44.187	0.022631	875.83	1194.9	6.5135	0.85524	1.1215	657.74	-0.041480	5.6109e-05	0.083427	supercritical
1191.7	141.00	44.069	0.022692	878.61	1198.6	6.5166	0.85559	1.1218	658.56	-0.041618	5.6204e-05	0.083597	supercritical
1194.9	141.00	43.953	0.022752	881.38	1202.2	6.5196	0.85593	1.1221	659.37	-0.041755	5.6299e-05	0.083766	supercritical
1198.1	141.00	43.836	0.022812	884.16	1205.8	6.5226	0.85627	1.1224	660.18	-0.041892	5.6394e-05	0.083936	supercritical
1201.4	141.00	43.721	0.022872	886.94	1209.4	6.5257	0.85661	1.1227	660.99	-0.042027	5.6488e-05	0.084105	supercritical
1204.6	141.00	43.606	0.022933	889.72	1213.1	6.5287	0.85695	1.1230	661.80	-0.042161	5.6583e-05	0.084274	supercritical
1207.8	141.00	43.492	0.022993	892.51	1216.7	6.5317	0.85729	1.1233	662.60	-0.042295	5.6677e-05	0.084444	supercritical
1211.1	141.00	43.378	0.023053	895.29	1220.3	6.5347	0.85762	1.1236	663.41	-0.042428	5.6772e-05	0.084613	supercritical
1214.3	141.00	43.265	0.023114	898.07	1224.0	6.5377	0.85796	1.1239	664.21	-0.042559	5.6866e-05	0.084782	supercritical
1217.5	141.00	43.152	0.023174	900.86	1227.6	6.5407	0.85829	1.1242	665.02	-0.042690	5.6960e-05	0.084950	supercritical
1220.8	141.00	43.040	0.023234	903.64	1231.2	6.5437	0.85862	1.1245	665.82	-0.042820	5.7054e-05	0.085119	supercritical
1224.0	141.00	42.929	0.023294	906.43	1234.9	6.5466	0.85895	1.1248	666.62	-0.042949	5.7148e-05	0.085288	supercritical
1227.2	141.00	42.818	0.023355	909.22	1238.5	6.5496	0.85928	1.1251	667.42	-0.043077	5.7242e-05	0.085457	supercritical
1230.5	141.00	42.708	0.023415	912.01	1242.2	6.5526	0.85961	1.1254	668.22	-0.043205	5.7336e-05	0.085625	supercritical
1233.7	141.00	42.598	0.023475	914.80	1245.8	6.5555	0.85994	1.1257	669.02	-0.043331	5.7430e-05	0.085794	supercritical
1236.9	141.00	42.489	0.023535	917.59	1249.4	6.5585	0.86026	1.1260	669.82	-0.043457	5.7523e-05	0.085962	supercritical
1240.2	141.00	42.381	0.023596	920.38	1253.1	6.5614	0.86059	1.1263	670.62	-0.043581	5.7617e-05	0.086130	supercritical
1243.4	141.00	42.273	0.023656	923.17	1256.7	6.5644	0.86091	1.1266	671.41	-0.043705	5.7710e-05	0.086299	supercritical
1246.6	141.00	42.166	0.023716	925.96	1260.4	6.5673	0.86123	1.1268	672.21	-0.043829	5.7804e-05	0.086467	supercritical
1249.9	141.00	42.059	0.023776	928.76	1264.0	6.5702	0.86155	1.1271	673.00	-0.043951	5.7897e-05	0.086635	supercritical
1253.1	141.00	41.952	0.023836	931.55	1267.6	6.5731	0.86187	1.1274	673.80	-0.044072	5.7990e-05	0.086803	supercritical
1256.3	141.00	41.847	0.023897	934.35	1271.3	6.5760	0.86219	1.1277	674.59	-0.044193	5.8083e-05	0.086971	supercritical
1259.6	141.00	41.742	0.023957	937.15	1274.9	6.5789	0.86251	1.1280	675.38	-0.044313	5.8176e-05	0.087139	supercritical
1262.8	141.00	41.637	0.024017	939.95	1278.6	6.5818	0.86282	1.1283	676.17	-0.044432	5.8269e-05	0.087306	supercritical
1266.0	141.00	41.533	0.024077	942.75	1282.2	6.5847	0.86314	1.1285	676.96	-0.044550	5.8362e-05	0.087474	supercritical
1269.3	141.00	41.429	0.024138	945.55	1285.9	6.5876	0.86345	1.1288	677.75	-0.044668	5.8455e-05	0.087642	supercritical
1272.5	141.00	41.326	0.024198	948.35	1289.5	6.5904	0.86376	1.1291	678.53	-0.044785	5.8548e-05	0.087809	supercritical
1275.7	141.00	41.224	0.024258	951.15	1293.2	6.5933	0.86407	1.1294	679.32	-0.044901	5.8640e-05	0.087977	supercritical
1279.0	141.00	41.122	0.024318	953.96	1296.8	6.5962	0.86438	1.1297	680.10	-0.045016	5.8733e-05	0.088144	supercritical
1282.2	141.00	41.020	0.024378	956.76	1300.5	6.5990	0.86469	1.1299	680.89	-0.045130	5.8825e-05	0.088311	supercritical
1285.4	141.00	40.919	0.024439	959.56	1304.1	6.6019	0.86500	1.1302	681.67	-0.045244	5.8918e-05	0.088479	supercritical
1288.7	141.00	40.818	0.024499	962.37	1307.8	6.6047	0.86531	1.1305	682.45	-0.045357	5.9010e-05	0.088646	supercritical
1291.9	141.00	40.718	0.024559	965.18	1311.5	6.6075	0.86562	1.1308	683.23	-0.045469	5.9102e-05	0.088813	supercritical
1295.1	141.00	40.619	0.024619	967.99	1315.1	6.6104	0.86592	1.1310	684.01	-0.045581	5.9195e-05	0.088980	supercritical
1298.4	141.00	40.520	0.024679	970.80	1318.8	6.6132	0.86623	1.1313	684.79	-0.045692	5.9287e-05	0.089147	supercritical
1301.6	141.00	40.421	0.024739	973.61	1322.4	6.6160	0.86653	1.1316	685.57	-0.045802	5.9379e-05	0.089313	supercritical
1304.8	141.00	40.323	0.024800	976.42	1326.1	6.6188	0.86683	1.1319	686.35	-0.045911	5.9471e-05	0.089480	supercritical
1308.1	141.00	40.226	0.024860	979.23	1329.8	6.6216	0.86713	1.1321	687.13	-0.046020	5.9562e-05	0.089647	supercritical
1311.3	141.00	40.129	0.024920	982.04	1333.4	6.6244	0.86743	1.1324	687.90	-0.046128	5.9654e-05	0.089814	supercritical
1314.5	141.00	40.032	0.024980	984.85	1337.1	6.6272	0.86773	1.1327	688.68	-0.046235	5.9746e-05	0.089980	supercritical
1317.8	141.00	39.936	0.025040	987.67	1340.7	6.6300	0.86803	1.1329	689.45	-0.046342	5.9837e-05	0.090147	supercritical
1321.0	141.00	39.840	0.025100	990.48	1344.4	6.6328	0.86833	1.1332	690.22	-0.046448	5.9929e-05	0.090313	supercritical
1324.2	141.00	39.745	0.025161	993.30	1348.1	6.6355	0.86862	1.1335	690.99	-0.046553	6.0020e-05	0.090479	supercritical
1327.5	141.00	39.650	0.025221	996.12	1351.7	6.6383	0.86892	1.1337	691.76	-0.046658	6.0112e-05	0.090645	supercritical
1330.7	141.00	39.556	0.025281	998.94	1355.4	6.6410	0.86921	1.1340	692.53	-0.046762	6.0203e-05	0.090812	supercritical
1333.9	141.00	39.462	0.025341	1001.8	1359.1	6.6438	0.86951	1.1343	693.30	-0.046865	6.0294e-05	0.090978	supercritical
1337.2	141.00	39.368	0.025401	1004.6	1362.7	6.6465	0.86980	1.1345	694.07	-0.046968	6.0385e-05	0.091144	supercritical
1340.4	141.00	39.275	0.025461	1007.4	1366.4	6.6493	0.87009	1.1348	694.84	-0.047070	6.0476e-05	0.091310	supercritical
1343.6	141.00	39.183	0.025521	1010.2	1370.1	6.6520	0.87039	1.1351	695.60	-0.047171	6.0567e-05	0.091476	supercritical
1346.9	141.00	39.091	0.025581	1013.0	1373.7	6.6547	0.87068	1.1353	696.37	-0.047272	6.0658e-05	0.091641	supercritical
1350.1	141.00	38.999	0.025642	1015.9	1377.4	6.6575	0.87097	1.1356	697.13	-0.047372	6.0749e-05	0.091807	supercritical
1353.3	141.00	38.908	0.025702	1018.7	1381.1	6.6602	0.87126	1.1359	697.90	-0.047471	6.0840e-05	0.091973	supercritical
1356.6	141.00	38.817	0.025762	1021.5	1384.8	6.6629	0.87154	1.1361	698.66	-0.047570	6.0931e-05	0.092138	supercritical
1359.8	141.00	38.727	0.025822	1024.3	1388.4	6.6656	0.87183	1.1364	699.42	-0.047668	6.1021e-05	0.092304	supercritical
1363.0	141.00	38.637	0.025882	1027.2	1392.1	6.6683	0.87212	1.1366	700.18	-0.047766	6.1112e-05	0.092469	supercritical
1366.3	141.00	38.547	0.025942	1030.0	1395.8	6.6710	0.87240	1.1369	700.94	-0.047863	6.1202e-05	0.092635	supercritical
1369.5	141.00	38.458	0.026002	1032.8	1399.5	6.6737	0.87269	1.1372	701.70	-0.047959	6.1293e-05	0.092800	supercritical
1372.7	141.00	38.370	0.026062	1035.7	1403.1	6.6764	0.87297	1.1374	702.46	-0.048055	6.1383e-05	0.092965	supercritical
1376.0	141.00	38.281	0.026122	1038.5	1406.8	6.6790	0.87326	1.1377	703.22	-0.048150	6.1473e-05	0.093131	supercritical
1379.2	141.00	38.193	0.026183	1041.3	1410.5	6.6817	0.87354	1.1379	703.97	-0.048245	6.1564e-05	0.093296	supercritical
1382.4	141.00	38.106	0.026243	1044.1	1414.2	6.6844	0.87382	1.1382	704.73	-0.048339	6.1654e-05	0.093461	supercritical
1385.7	141.00	38.019	0.026303	1047.0	1417.9	6.6870	0.87410	1.1384	705.48	-0.048432	6.1744e-05	0.093626	supercritical
1388.9	141.00	37.932	0.026363	1049.8	1421.5	6.6897	0.87438	1.1387	706.23	-0.048525	6.1834e-05	0.093791	supercritical
1392.1	141.00	37.846	0.026423	1052.7	1425.2	6.6923	0.87466	1.1390	706.99	-0.048617	6.1924e-05	0.093956	supercritical
1395.4	141.00	37.760	0.026483	1055.5	1428.9	6.6950	0.87494	1.1392	707.74	-0.048709	6.2014e-05	0.094120	supercritical
1398.6	141.00	37.675	0.026543	1058.3	1432.6	6.6976	0.87522	1.1395	708.49	-0.048800	6.2103e-05	0.094285	supercritical
1401.8	141.00	37.590	0.026603	1061.2	1436.3	6.7002	0.87550	1.1397	709.24	-0.048891	6.2193e-05	0.094450	supercritical
1405.1	141.00	37.505	0.026663	1064.0	1440.0	6.7029	0.87578	1.1400	709.99	-0.048981	6.2283e-05	0.094614	supercritical
1408.3	141.00	37.421	0.026723	1066.8	1443.6	6.7055	0.87605	1.1402	710.74	-0.049070	6.2372e-05	0.094779	supercritical
1411.5	141.00	37.337	0.026783	1069.7	1447.3	6.7081	0.87633	1.1405	711.49	-0.049159	6.2462e-05	0.094943	supercritical
1414.8	141.00	37.253	0.026843	1072.5	1451.0	6.7107	0.87660	1.1407	712.23	-0.049248	6.2551e-05	0.095108	supercritical
1418.0	141.00	37.170	0.026903	1075.4	1454.7	6.7133	0.87688	1.1410	712.98	-0.049335	6.2641e-05	0.095272	supercritical
1421.2	141.00	37.087	0.026964	1078.2	1458.4	6.7159	0.87715	1.1412	713.72	-0.049423	6.2730e-05	0.095436	supercritical
1424.5	141.00	37.005	0.027024	1081.0	1462.1	6.7185	0.87743	1.1415	714.47	-0.049510	6.2819e-05	0.095601	supercritical
1427.7	141.00	36.923	0.027084	1083.9	1465.8	6.7211	0.87770	1.1417	715.21	-0.049596	6.2908e-05	0.095765	supercritical
1430.9	141.00	36.841	0.027144	1086.7	1469.5	6.7237	0.87797	1.1420	715.95	-0.049682	6.2998e-05	0.095929	supercritical
1434.2	141.00	36.760	0.027204	1089.6	1473.2	6.7263	0.87824	1.1422	716.69	-0.049767	6.3087e-05	0.096093	supercritical
1437.4	141.00	36.679	0.027264	1092.4	1476.9	6.7288	0.87851	1.1425	717.43	-0.049852	6.3176e-05	0.096257	supercritical
1440.6	141.00	36.598	0.027324	1095.3	1480.5	6.7314	0.87878	1.1427	718.17	-0.049936	6.3265e-05	0.096421	supercritical
1443.9	141.00	36.518	0.027384	1098.1	1484.2	6.7340	0.87905	1.1430	718.91	-0.050019	6.3353e-05	0.096584	supercritical
1447.1	141.00	36.438	0.027444	1101.0	1487.9	6.7365	0.87932	1.1432	719.65	-0.050103	6.3442e-05	0.096748	supercritical
1450.3	141.00	36.358	0.027504	1103.8	1491.6	6.7391	0.87959	1.1435	720.39	-0.050185	6.3531e-05	0.096912	supercritical
1453.6	141.00	36.279	0.027564	1106.7	1495.3	6.7416	0.87986	1.1437	721.13	-0.050268	6.3620e-05	0.097075	supercritical
1456.8	141.00	36.200	0.027624	1109.5	1499.0	6.7442	0.88013	1.1440	721.86	-0.050349	6.3708e-05	0.097239	supercritical
1460.0	141.00	36.122	0.027684	1112.4	1502.7	6.7467	0.88039	1.1442	722.60	-0.050430	6.3797e-05	0.097403	supercritical
1463.3	141.00	36.044	0.027744	1115.2	1506.4	6.7492	0.88066	1.1445	723.33	-0.050511	6.3885e-05	0.097566	supercritical
1466.5	141.00	35.966	0.027804	1118.1	1510.1	6.7518	0.88093	1.1447	724.06	-0.050591	6.3974e-05	0.097729	supercritical
1469.7	141.00	35.888	0.027864	1120.9	1513.8	6.7543	0.88119	1.1449	724.80	-0.050671	6.4062e-05	0.097893	supercritical
1473.0	141.00	35.811	0.027924	1123.8	1517.5	6.7568	0.88146	1.1452	725.53	-0.050751	6.4150e-05	0.098056	supercritical
1476.2	141.00	35.734	0.027984	1126.7	1521.2	6.7593	0.88172	1.1454	726.26	-0.050829	6.4238e-05	0.098219	supercritical
1479.4	141.00	35.658	0.028044	1129.5	1524.9	6.7618	0.88199	1.1457	726.99	-0.050908	6.4327e-05	0.098382	supercritical
1482.7	141.00	35.582	0.028104	1132.4	1528.6	6.7643	0.88225	1.1459	727.72	-0.050986	6.4415e-05	0.098545	supercritical
1485.9	141.00	35.506	0.028164	1135.2	1532.4	6.7668	0.88251	1.1462	728.45	-0.051063	6.4503e-05	0.098708	supercritical
1489.1	141.00	35.431	0.028224	1138.1	1536.1	6.7693	0.88278	1.1464	729.17	-0.051140	6.4591e-05	0.098871	supercritical
1492.4	141.00	35.355	0.028284	1141.0	1539.8	6.7718	0.88304	1.1467	729.90	-0.051217	6.4679e-05	0.099034	supercritical
1495.6	141.00	35.281	0.028344	1143.8	1543.5	6.7743	0.88330	1.1469	730.63	-0.051293	6.4767e-05	0.099197	supercritical
1498.8	141.00	35.206	0.028404	1146.7	1547.2	6.7768	0.88356	1.1471	731.35	-0.051368	6.4854e-05	0.099360	supercritical
1502.1	141.00	35.132	0.028464	1149.5	1550.9	6.7792	0.88382	1.1474	732.08	-0.051443	6.4942e-05	0.099523	supercritical
1505.3	141.00	35.058	0.028524	1152.4	1554.6	6.7817	0.88408	1.1476	732.80	-0.051518	6.5030e-05	0.099685	supercritical
1508.5	141.00	34.984	0.028584	1155.3	1558.3	6.7842	0.88434	1.1479	733.52	-0.051592	6.5117e-05	0.099848	supercritical
1511.8	141.00	34.911	0.028644	1158.1	1562.0	6.7866	0.88460	1.1481	734.24	-0.051666	6.5205e-05	0.10001	supercritical
1515.0	141.00	34.838	0.028704	1161.0	1565.7	6.7891	0.88486	1.1483	734.97	-0.051740	6.5293e-05	0.10017	supercritical
1518.2	141.00	34.765	0.028764	1163.9	1569.4	6.7915	0.88512	1.1486	735.69	-0.051813	6.5380e-05	0.10034	supercritical
1521.5	141.00	34.693	0.028824	1166.7	1573.2	6.7940	0.88538	1.1488	736.41	-0.051885	6.5467e-05	0.10050	supercritical
1524.7	141.00	34.621	0.028884	1169.6	1576.9	6.7964	0.88563	1.1491	737.12	-0.051957	6.5555e-05	0.10066	supercritical
1527.9	141.00	34.549	0.028944	1172.5	1580.6	6.7988	0.88589	1.1493	737.84	-0.052029	6.5642e-05	0.10082	supercritical
1531.2	141.00	34.478	0.029004	1175.4	1584.3	6.8013	0.88615	1.1495	738.56	-0.052100	6.5729e-05	0.10098	supercritical
1534.4	141.00	34.407	0.029064	1178.2	1588.0	6.8037	0.88640	1.1498	739.28	-0.052171	6.5816e-05	0.10115	supercritical
1537.6	141.00	34.336	0.029124	1181.1	1591.7	6.8061	0.88666	1.1500	739.99	-0.052242	6.5903e-05	0.10131	supercritical
1540.9	141.00	34.265	0.029184	1184.0	1595.5	6.8085	0.88692	1.1503	740.71	-0.052312	6.5991e-05	0.10147	supercritical
1544.1	141.00	34.195	0.029244	1186.8	1599.2	6.8109	0.88717	1.1505	741.42	-0.052381	6.6078e-05	0.10163	supercritical
1547.3	141.00	34.125	0.029304	1189.7	1602.9	6.8133	0.88743	1.1507	742.14	-0.052451	6.6164e-05	0.10179	supercritical
1550.6	141.00	34.055	0.029364	1192.6	1606.6	6.8157	0.88768	1.1510	742.85	-0.052520	6.6251e-05	0.10196	supercritical
1553.8	141.00	33.986	0.029424	1195.5	1610.3	6.8181	0.88794	1.1512	743.56	-0.052588	6.6338e-05	0.10212	supercritical
1557.0	141.00	33.917	0.029484	1198.3	1614.1	6.8205	0.88819	1.1514	744.27	-0.052656	6.6425e-05	0.10228	supercritical
1560.3	141.00	33.848	0.029544	1201.2	1617.8	6.8229	0.88844	1.1517	744.98	-0.052724	6.6512e-05	0.10244	supercritical
1563.5	141.00	33.779	0.029604	1204.1	1621.5	6.8253	0.88870	1.1519	745.69	-0.052791	6.6598e-05	0.10260	supercritical
1566.7	141.00	33.711	0.029664	1207.0	1625.2	6.8277	0.88895	1.1522	746.40	-0.052858	6.6685e-05	0.10277	supercritical
1570.0	141.00	33.643	0.029724	1209.9	1629.0	6.8301	0.88920	1.1524	747.11	-0.052924	6.6772e-05	0.10293	supercritical
1573.2	141.00	33.575	0.029784	1212.7	1632.7	6.8324	0.88945	1.1526	747.82	-0.052990	6.6858e-05	0.10309	supercritical
1576.4	141.00	33.508	0.029844	1215.6	1636.4	6.8348	0.88971	1.1529	748.52	-0.053056	6.6944e-05	0.10325	supercritical
1579.7	141.00	33.441	0.029904	1218.5	1640.1	6.8372	0.88996	1.1531	749.23	-0.053122	6.7031e-05	0.10341	supercritical
1582.9	141.00	33.374	0.029964	1221.4	1643.9	6.8395	0.89021	1.1533	749.93	-0.053187	6.7117e-05	0.10357	supercritical
1586.1	141.00	33.307	0.030024	1224.3	1647.6	6.8419	0.89046	1.1536	750.64	-0.053251	6.7203e-05	0.10373	supercritical
1589.4	141.00	33.241	0.030084	1227.2	1651.3	6.8442	0.89071	1.1538	751.34	-0.053315	6.7290e-05	0.10389	supercritical
1592.6	141.00	33.175	0.030144	1230.0	1655.1	6.8466	0.89096	1.1540	752.05	-0.053379	6.7376e-05	0.10406	supercritical
1595.8	141.00	33.109	0.030203	1232.9	1658.8	6.8489	0.89121	1.1543	752.75	-0.053443	6.7462e-05	0.10422	supercritical
1599.1	141.00	33.043	0.030263	1235.8	1662.5	6.8512	0.89146	1.1545	753.45	-0.053506	6.7548e-05	0.10438	supercritical
1602.3	141.00	32.978	0.030323	1238.7	1666.3	6.8536	0.89171	1.1547	754.15	-0.053569	6.7634e-05	0.10454	supercritical
1605.5	141.00	32.913	0.030383	1241.6	1670.0	6.8559	0.89196	1.1550	754.85	-0.053631	6.7720e-05	0.10470	supercritical
1608.8	141.00	32.848	0.030443	1244.5	1673.7	6.8582	0.89221	1.1552	755.55	-0.053693	6.7806e-05	0.10486	supercritical
1612.0	141.00	32.783	0.030503	1247.4	1677.5	6.8605	0.89246	1.1554	756.25	-0.053755	6.7892e-05	0.10502	supercritical
1615.2	141.00	32.719	0.030563	1250.3	1681.2	6.8629	0.89270	1.1557	756.95	-0.053816	6.7978e-05	0.10518	supercritical
1618.5	141.00	32.655	0.030623	1253.2	1684.9	6.8652	0.89295	1.1559	757.64	-0.053877	6.8064e-05	0.10534	supercritical
1621.7	141.00	32.591	0.030683	1256.1	1688.7	6.8675	0.89320	1.1561	758.34	-0.053938	6.8149e-05	0.10550	supercritical
1624.9	141.00	32.528	0.030743	1258.9	1692.4	6.8698	0.89345	1.1564	759.04	-0.053998	6.8235e-05	0.10566	supercritical
1628.2	141.00	32.465	0.030803	1261.8	1696.2	6.8721	0.89369	1.1566	759.73	-0.054058	6.8321e-05	0.10583	supercritical
1631.4	141.00	32.402	0.030863	1264.7	1699.9	6.8744	0.89394	1.1568	760.43	-0.054118	6.8406e-05	0.10599	supercritical
1634.6	141.00	32.339	0.030923	1267.6	1703.6	6.8767	0.89419	1.1571	761.12	-0.054177	6.8492e-05	0.10615	supercritical
1637.9	141.00	32.276	0.030983	1270.5	1707.4	6.8790	0.89443	1.1573	761.81	-0.054236	6.8577e-05	0.10631	supercritical
1641.1	141.00	32.214	0.031043	1273.4	1711.1	6.8812	0.89468	1.1575	762.51	-0.054295	6.8663e-05	0.10647	supercritical
1644.3	141.00	32.152	0.031102	1276.3	1714.9	6.8835	0.89493	1.1578	763.20	-0.054353	6.8748e-05	0.10663	supercritical
1647.6	141.00	32.090	0.031162	1279.2	1718.6	6.8858	0.89517	1.1580	763.89	-0.054411	6.8833e-05	0.10679	supercritical
1650.8	141.00	32.028	0.031222	1282.1	1722.4	6.8881	0.89542	1.1582	764.58	-0.054468	6.8918e-05	0.10695	supercritical
1654.0	141.00	31.967	0.031282	1285.0	1726.1	6.8903	0.89566	1.1585	765.27	-0.054526	6.9004e-05	0.10711	supercritical
1657.3	141.00	31.906	0.031342	1287.9	1729.8	6.8926	0.89591	1.1587	765.96	-0.054583	6.9089e-05	0.10727	supercritical
1660.5	141.00	31.845	0.031402	1290.8	1733.6	6.8949	0.89615	1.1589	766.65	-0.054639	6.9174e-05	0.10743	supercritical
1663.7	141.00	31.784	0.031462	1293.7	1737.3	6.8971	0.89640	1.1592	767.33	-0.054696	6.9259e-05	0.10759	supercritical
1667.0	141.00	31.724	0.031522	1296.6	1741.1	6.8994	0.89664	1.1594	768.02	-0.054752	6.9344e-05	0.10775	supercritical
1670.2	141.00	31.664	0.031582	1299.5	1744.8	6.9016	0.89688	1.1596	768.71	-0.054808	6.9429e-05	0.10791	supercritical
1673.4	141.00	31.604	0.031642	1302.4	1748.6	6.9038	0.89713	1.1598	769.39	-0.054863	6.9514e-05	0.10807	supercritical
1676.7	141.00	31.544	0.031702	1305.3	1752.3	6.9061	0.89737	1.1601	770.08	-0.054918	6.9599e-05	0.10823	supercritical
1679.9	141.00	31.485	0.031761	1308.3	1756.1	6.9083	0.89761	1.1603	770.76	-0.054973	6.9684e-05	0.10839	supercritical
1683.1	141.00	31.425	0.031821	1311.2	1759.8	6.9106	0.89786	1.1605	771.44	-0.055027	6.9769e-05	0.10855	supercritical
1686.4	141.00	31.366	0.031881	1314.1	1763.6	6.9128	0.89810	1.1608	772.13	-0.055081	6.9853e-05	0.10871	supercritical
1689.6	141.00	31.308	0.031941	1317.0	1767.3	6.9150	0.89834	1.1610	772.81	-0.055135	6.9938e-05	0.10887	supercritical
1692.8	141.00	31.249	0.032001	1319.9	1771.1	6.9172	0.89859	1.1612	773.49	-0.055189	7.0023e-05	0.10903	supercritical
1696.1	141.00	31.191	0.032061	1322.8	1774.9	6.9194	0.89883	1.1615	774.17	-0.055242	7.0107e-05	0.10919	supercritical
1699.3	141.00	31.132	0.032121	1325.7	1778.6	6.9217	0.89907	1.1617	774.85	-0.055295	7.0192e-05	0.10935	supercritical
1702.5	141.00	31.074	0.032181	1328.6	1782.4	6.9239	0.89931	1.1619	775.53	-0.055348	7.0276e-05	0.10951	supercritical
1705.8	141.00	31.017	0.032241	1331.5	1786.1	6.9261	0.89955	1.1621	776.21	-0.055400	7.0361e-05	0.10967	supercritical
1709.0	141.00	30.959	0.032301	1334.4	1789.9	6.9283	0.89979	1.1624	776.89	-0.055452	7.0445e-05	0.10982	supercritical
1712.2	141.00	30.902	0.032360	1337.4	1793.6	6.9305	0.90004	1.1626	777.56	-0.055504	7.0530e-05	0.10998	supercritical
1715.5	141.00	30.845	0.032420	1340.3	1797.4	6.9327	0.90028	1.1628	778.24	-0.055556	7.0614e-05	0.11014	supercritical
1718.7	141.00	30.788	0.032480	1343.2	1801.2	6.9348	0.90052	1.1631	778.92	-0.055607	7.0698e-05	0.11030	supercritical
1721.9	141.00	30.731	0.032540	1346.1	1804.9	6.9370	0.90076	1.1633	779.59	-0.055658	7.0783e-05	0.11046	supercritical
1725.2	141.00	30.675	0.032600	1349.0	1808.7	6.9392	0.90100	1.1635	780.27	-0.055708	7.0867e-05	0.11062	supercritical
1728.4	141.00	30.619	0.032660	1351.9	1812.5	6.9414	0.90124	1.1637	780.94	-0.055759	7.0951e-05	0.11078	supercritical
1731.6	141.00	30.563	0.032720	1354.9	1816.2	6.9436	0.90148	1.1640	781.61	-0.055809	7.1035e-05	0.11094	supercritical
1734.9	141.00	30.507	0.032780	1357.8	1820.0	6.9457	0.90172	1.1642	782.29	-0.055859	7.1119e-05	0.11110	supercritical
1738.1	141.00	30.451	0.032840	1360.7	1823.7	6.9479	0.90196	1.1644	782.96	-0.055908	7.1203e-05	0.11126	supercritical
1741.3	141.00	30.396	0.032899	1363.6	1827.5	6.9501	0.90220	1.1647	783.63	-0.055957	7.1287e-05	0.11142	supercritical
1744.6	141.00	30.340	0.032959	1366.5	1831.3	6.9522	0.90244	1.1649	784.30	-0.056006	7.1371e-05	0.11158	supercritical
1747.8	141.00	30.285	0.033019	1369.5	1835.0	6.9544	0.90268	1.1651	784.97	-0.056055	7.1455e-05	0.11173	supercritical
1751.0	141.00	30.231	0.033079	1372.4	1838.8	6.9565	0.90291	1.1653	785.64	-0.056104	7.1539e-05	0.11189	supercritical
1754.3	141.00	30.176	0.033139	1375.3	1842.6	6.9587	0.90315	1.1656	786.31	-0.056152	7.1623e-05	0.11205	supercritical
1757.5	141.00	30.122	0.033199	1378.2	1846.3	6.9608	0.90339	1.1658	786.98	-0.056200	7.1707e-05	0.11221	supercritical
1760.7	141.00	30.067	0.033259	1381.2	1850.1	6.9630	0.90363	1.1660	787.65	-0.056247	7.1790e-05	0.11237	supercritical
1764.0	141.00	30.013	0.033319	1384.1	1853.9	6.9651	0.90387	1.1663	788.31	-0.056295	7.1874e-05	0.11253	supercritical
1767.2	141.00	29.959	0.033378	1387.0	1857.7	6.9673	0.90411	1.1665	788.98	-0.056342	7.1958e-05	0.11269	supercritical
1770.4	141.00	29.906	0.033438	1389.9	1861.4	6.9694	0.90435	1.1667	789.65	-0.056389	7.2041e-05	0.11285	supercritical
1773.7	141.00	29.852	0.033498	1392.9	1865.2	6.9715	0.90458	1.1669	790.31	-0.056435	7.2125e-05	0.11300	supercritical
1776.9	141.00	29.799	0.033558	1395.8	1869.0	6.9736	0.90482	1.1672	790.97	-0.056482	7.2209e-05	0.11316	supercritical
1780.1	141.00	29.746	0.033618	1398.7	1872.7	6.9758	0.90506	1.1674	791.64	-0.056528	7.2292e-05	0.11332	supercritical
1783.4	141.00	29.693	0.033678	1401.7	1876.5	6.9779	0.90530	1.1676	792.30	-0.056574	7.2375e-05	0.11348	supercritical
1786.6	141.00	29.641	0.033738	1404.6	1880.3	6.9800	0.90553	1.1678	792.96	-0.056619	7.2459e-05	0.11364	supercritical
1789.8	141.00	29.588	0.033797	1407.5	1884.1	6.9821	0.90577	1.1681	793.63	-0.056664	7.2542e-05	0.11380	supercritical
1793.1	141.00	29.536	0.033857	1410.5	1887.9	6.9842	0.90601	1.1683	794.29	-0.056710	7.2626e-05	0.11395	supercritical
1796.3	141.00	29.484	0.033917	1413.4	1891.6	6.9863	0.90624	1.1685	794.95	-0.056754	7.2709e-05	0.11411	supercritical
1799.5	141.00	29.432	0.033977	1416.3	1895.4	6.9884	0.90648	1.1687	795.61	-0.056799	7.2792e-05	0.11427	supercritical
1802.8	141.00	29.380	0.034037	1419.3	1899.2	6.9905	0.90672	1.1690	796.27	-0.056843	7.2875e-05	0.11443	supercritical
1806.0	141.00	29.328	0.034097	1422.2	1903.0	6.9926	0.90695	1.1692	796.93	-0.056887	7.2959e-05	0.11459	supercritical
1809.2	141.00	29.277	0.034157	1425.1	1906.7	6.9947	0.90719	1.1694	797.59	-0.056931	7.3042e-05	0.11474	supercritical
1812.5	141.00	29.226	0.034216	1428.1	1910.5	6.9968	0.90742	1.1696	798.24	-0.056975	7.3125e-05	0.11490	supercritical
1815.7	141.00	29.175	0.034276	1431.0	1914.3	6.9989	0.90766	1.1699	798.90	-0.057018	7.3208e-05	0.11506	supercritical
1818.9	141.00	29.124	0.034336	1434.0	1918.1	7.0010	0.90790	1.1701	799.56	-0.057061	7.3291e-05	0.11522	supercritical
1822.2	141.00	29.073	0.034396	1436.9	1921.9	7.0030	0.90813	1.1703	800.21	-0.057104	7.3374e-05	0.11538	supercritical
1825.4	141.00	29.023	0.034456	1439.8	1925.7	7.0051	0.90837	1.1706	800.87	-0.057147	7.3457e-05	0.11553	supercritical
1828.6	141.00	28.972	0.034516	1442.8	1929.4	7.0072	0.90860	1.1708	801.52	-0.057190	7.3540e-05	0.11569	supercritical
1831.9	141.00	28.922	0.034576	1445.7	1933.2	7.0093	0.90884	1.1710	802.18	-0.057232	7.3622e-05	0.11585	supercritical
1835.1	141.00	28.872	0.034635	1448.7	1937.0	7.0113	0.90907	1.1712	802.83	-0.057274	7.3705e-05	0.11601	supercritical
1838.3	141.00	28.822	0.034695	1451.6	1940.8	7.0134	0.90931	1.1715	803.48	-0.057315	7.3788e-05	0.11617	supercritical
1841.6	141.00	28.773	0.034755	1454.6	1944.6	7.0154	0.90954	1.1717	804.14	-0.057357	7.3871e-05	0.11632	supercritical
1844.8	141.00	28.723	0.034815	1457.5	1948.4	7.0175	0.90978	1.1719	804.79	-0.057398	7.3954e-05	0.11648	supercritical
1848.0	141.00	28.674	0.034875	1460.4	1952.2	7.0196	0.91001	1.1721	805.44	-0.057439	7.4036e-05	0.11664	supercritical
1851.3	141.00	28.625	0.034935	1463.4	1956.0	7.0216	0.91025	1.1724	806.09	-0.057480	7.4119e-05	0.11680	supercritical
1854.5	141.00	28.576	0.034994	1466.3	1959.8	7.0237	0.91048	1.1726	806.74	-0.057521	7.4201e-05	0.11695	supercritical
1857.7	141.00	28.527	0.035054	1469.3	1963.5	7.0257	0.91071	1.1728	807.39	-0.057561	7.4284e-05	0.11711	supercritical
1861.0	141.00	28.479	0.035114	1472.2	1967.3	7.0277	0.91095	1.1730	808.04	-0.057601	7.4367e-05	0.11727	supercritical
1864.2	141.00	28.430	0.035174	1475.2	1971.1	7.0298	0.91118	1.1733	808.68	-0.057641	7.4449e-05	0.11743	supercritical
1867.4	141.00	28.382	0.035234	1478.1	1974.9	7.0318	0.91142	1.1735	809.33	-0.057681	7.4532e-05	0.11758	supercritical
1870.7	141.00	28.334	0.035294	1481.1	1978.7	7.0338	0.91165	1.1737	809.98	-0.057721	7.4614e-05	0.11774	supercritical
1873.9	141.00	28.286	0.035353	1484.0	1982.5	7.0359	0.91188	1.1739	810.63	-0.057760	7.4696e-05	0.11790	supercritical
1877.1	141.00	28.238	0.035413	1487.0	1986.3	7.0379	0.91212	1.1741	811.27	-0.057799	7.4779e-05	0.11806	supercritical
1880.4	141.00	28.190	0.035473	1489.9	1990.1	7.0399	0.91235	1.1744	811.92	-0.057838	7.4861e-05	0.11821	supercritical
1883.6	141.00	28.143	0.035533	1492.9	1993.9	7.0419	0.91258	1.1746	812.56	-0.057877	7.4943e-05	0.11837	supercritical
1886.8	141.00	28.096	0.035593	1495.8	1997.7	7.0439	0.91281	1.1748	813.20	-0.057915	7.5025e-05	0.11853	supercritical
1890.1	141.00	28.048	0.035653	1498.8	2001.5	7.0460	0.91305	1.1750	813.85	-0.057953	7.5108e-05	0.11868	supercritical
1893.3	141.00	28.001	0.035712	1501.8	2005.3	7.0480	0.91328	1.1753	814.49	-0.057992	7.5190e-05	0.11884	supercritical
1896.5	141.00	27.955	0.035772	1504.7	2009.1	7.0500	0.91351	1.1755	815.13	-0.058029	7.5272e-05	0.11900	supercritical
1899.8	141.00	27.908	0.035832	1507.7	2012.9	7.0520	0.91374	1.1757	815.78	-0.058067	7.5354e-05	0.11915	supercritical
1903.0	141.00	27.861	0.035892	1510.6	2016.7	7.0540	0.91398	1.1759	816.42	-0.058105	7.5436e-05	0.11931	supercritical
1906.2	141.00	27.815	0.035952	1513.6	2020.5	7.0560	0.91421	1.1762	817.06	-0.058142	7.5518e-05	0.11947	supercritical
1909.5	141.00	27.769	0.036011	1516.6	2024.3	7.0580	0.91444	1.1764	817.70	-0.058179	7.5600e-05	0.11963	supercritical
1912.7	141.00	27.723	0.036071	1519.5	2028.1	7.0599	0.91467	1.1766	818.34	-0.058216	7.5682e-05	0.11978	supercritical
1915.9	141.00	27.677	0.036131	1522.5	2031.9	7.0619	0.91491	1.1768	818.98	-0.058252	7.5764e-05	0.11994	supercritical
1919.2	141.00	27.631	0.036191	1525.4	2035.7	7.0639	0.91514	1.1771	819.61	-0.058289	7.5846e-05	0.12010	supercritical
1922.4	141.00	27.586	0.036251	1528.4	2039.5	7.0659	0.91537	1.1773	820.25	-0.058325	7.5928e-05	0.12025	supercritical
1925.6	141.00	27.540	0.036311	1531.4	2043.3	7.0679	0.91560	1.1775	820.89	-0.058361	7.6010e-05	0.12041	supercritical
1928.9	141.00	27.495	0.036370	1534.3	2047.1	7.0699	0.91583	1.1777	821.53	-0.058397	7.6091e-05	0.12057	supercritical
1932.1	141.00	27.450	0.036430	1537.3	2051.0	7.0718	0.91606	1.1780	822.16	-0.058433	7.6173e-05	0.12072	supercritical
1935.3	141.00	27.405	0.036490	1540.3	2054.8	7.0738	0.91629	1.1782	822.80	-0.058468	7.6255e-05	0.12088	supercritical
1938.6	141.00	27.360	0.036550	1543.2	2058.6	7.0758	0.91652	1.1784	823.43	-0.058503	7.6337e-05	0.12104	supercritical
1941.8	141.00	27.315	0.036610	1546.2	2062.4	7.0777	0.91676	1.1786	824.07	-0.058538	7.6418e-05	0.12119	supercritical
1945.0	141.00	27.271	0.036669	1549.2	2066.2	7.0797	0.91699	1.1788	824.70	-0.058573	7.6500e-05	0.12135	supercritical
1948.3	141.00	27.226	0.036729	1552.1	2070.0	7.0816	0.91722	1.1791	825.33	-0.058608	7.6581e-05	0.12151	supercritical
1951.5	141.00	27.182	0.036789	1555.1	2073.8	7.0836	0.91745	1.1793	825.97	-0.058643	7.6663e-05	0.12166	supercritical
1954.7	141.00	27.138	0.036849	1558.1	2077.6	7.0856	0.91768	1.1795	826.60	-0.058677	7.6744e-05	0.12182	supercritical
1958.0	141.00	27.094	0.036909	1561.0	2081.5	7.0875	0.91791	1.1797	827.23	-0.058711	7.6826e-05	0.12197	supercritical
1961.2	141.00	27.050	0.036968	1564.0	2085.3	7.0895	0.91814	1.1800	827.86	-0.058745	7.6907e-05	0.12213	supercritical
1964.4	141.00	27.006	0.037028	1567.0	2089.1	7.0914	0.91837	1.1802	828.49	-0.058779	7.6989e-05	0.12229	supercritical
1967.7	141.00	26.963	0.037088	1570.0	2092.9	7.0933	0.91860	1.1804	829.12	-0.058813	7.7070e-05	0.12244	supercritical
1970.9	141.00	26.919	0.037148	1572.9	2096.7	7.0953	0.91883	1.1806	829.75	-0.058846	7.7152e-05	0.12260	supercritical
1974.1	141.00	26.876	0.037208	1575.9	2100.5	7.0972	0.91906	1.1808	830.38	-0.058879	7.7233e-05	0.12276	supercritical
1977.4	141.00	26.833	0.037268	1578.9	2104.3	7.0991	0.91929	1.1811	831.01	-0.058912	7.7314e-05	0.12291	supercritical
1980.6	141.00	26.790	0.037327	1581.9	2108.2	7.1011	0.91952	1.1813	831.64	-0.058945	7.7395e-05	0.12307	supercritical
1983.8	141.00	26.747	0.037387	1584.8	2112.0	7.1030	0.91975	1.1815	832.27	-0.058978	7.7477e-05	0.12322	supercritical
1987.1	141.00	26.704	0.037447	1587.8	2115.8	7.1049	0.91998	1.1817	832.89	-0.059011	7.7558e-05	0.12338	supercritical
1990.3	141.00	26.662	0.037507	1590.8	2119.6	7.1068	0.92020	1.1820	833.52	-0.059043	7.7639e-05	0.12354	supercritical
1993.5	141.00	26.619	0.037567	1593.8	2123.5	7.1088	0.92043	1.1822	834.15	-0.059075	7.7720e-05	0.12369	supercritical
1996.8	141.00	26.577	0.037626	1596.7	2127.3	7.1107	0.92066	1.1824	834.77	-0.059107	7.7801e-05	0.12385	supercritical
2000.0	141.00	26.535	0.037686	1599.7	2131.1	7.1126	0.92089	1.1826	835.40	-0.059139	7.7882e-05	0.12400	supercritical
