Temperature (K)	Pressure (bar)	Density (kg/m3)	Volume (m3/kg)	Internal Energy (kJ/kg)	Enthalpy (kJ/kg)	Entropy (J/g*K)	Cv (J/g*K)	Cp (J/g*K)	Sound Spd. (m/s)	Joule-Thomson (K/bar)	Viscosity (Pa*s)	Therm. Cond. (W/m*K)	Phase
60.000	91.000	1292.7	0.00077358	-185.58	-178.54	2.2334	1.0920	1.6546	1152.1	-0.037577	0.00062096	0.19760	liquid
63.233	91.000	1278.9	0.00078192	-180.30	-173.18	2.3204	1.0681	1.6598	1137.2	-0.037119	0.00053325	0.19330	liquid
66.467	91.000	1265.0	0.00079052	-175.01	-167.81	2.4033	1.0495	1.6615	1117.4	-0.036772	0.00046277	0.18899	liquid
69.700	91.000	1251.0	0.00079938	-169.71	-162.44	2.4822	1.0332	1.6610	1095.3	-0.036473	0.00040570	0.18469	liquid
72.933	91.000	1236.9	0.00080849	-164.43	-157.07	2.5575	1.0180	1.6594	1072.2	-0.036171	0.00035905	0.18039	liquid
76.167	91.000	1222.7	0.00081785	-159.15	-151.71	2.6294	1.0034	1.6578	1048.5	-0.035833	0.00032053	0.17609	liquid
79.400	91.000	1208.5	0.00082750	-153.88	-146.35	2.6983	0.98943	1.6566	1024.7	-0.035434	0.00028840	0.17178	liquid
82.633	91.000	1194.1	0.00083745	-148.62	-141.00	2.7644	0.97592	1.6563	1000.8	-0.034957	0.00026132	0.16748	liquid
85.867	91.000	1179.6	0.00084773	-143.35	-135.64	2.8280	0.96291	1.6571	976.95	-0.034386	0.00023825	0.16316	liquid
89.100	91.000	1165.0	0.00085839	-138.09	-130.28	2.8893	0.95041	1.6592	953.11	-0.033710	0.00021839	0.15883	liquid
92.333	91.000	1150.1	0.00086945	-132.82	-124.91	2.9485	0.93842	1.6628	929.25	-0.032918	0.00020113	0.15449	liquid
95.567	91.000	1135.1	0.00088096	-127.54	-119.52	3.0058	0.92694	1.6678	905.35	-0.031998	0.00018599	0.15014	liquid
98.800	91.000	1119.9	0.00089297	-122.25	-114.12	3.0614	0.91594	1.6744	881.38	-0.030936	0.00017257	0.14578	liquid
102.03	91.000	1104.3	0.00090553	-116.93	-108.69	3.1154	0.90544	1.6827	857.30	-0.029717	0.00016057	0.14141	liquid
105.27	91.000	1088.5	0.00091869	-111.60	-103.24	3.1681	0.89540	1.6927	833.07	-0.028323	0.00014976	0.13703	liquid
108.50	91.000	1072.3	0.00093253	-106.23	-97.746	3.2195	0.88583	1.7047	808.66	-0.026733	0.00013994	0.13264	liquid
111.73	91.000	1055.8	0.00094714	-100.83	-92.212	3.2697	0.87672	1.7188	784.03	-0.024920	0.00013096	0.12827	liquid
114.97	91.000	1038.9	0.00096260	-95.389	-86.629	3.3190	0.86807	1.7353	759.13	-0.022851	0.00012269	0.12389	liquid
118.20	91.000	1021.4	0.00097902	-89.897	-80.988	3.3674	0.85988	1.7544	733.93	-0.020487	0.00011502	0.11952	liquid
121.43	91.000	1003.5	0.00099654	-84.349	-75.280	3.4150	0.85217	1.7767	708.38	-0.017780	0.00010788	0.11515	liquid
124.67	91.000	984.91	0.0010153	-78.734	-69.494	3.4620	0.84495	1.8027	682.43	-0.014667	0.00010119	0.11078	liquid
127.90	91.000	965.65	0.0010356	-73.042	-63.618	3.5086	0.83825	1.8330	656.02	-0.011070	9.4903e-05	0.10643	liquid
131.13	91.000	945.61	0.0010575	-67.259	-57.635	3.5548	0.83211	1.8686	629.09	-0.0068915	8.8959e-05	0.10210	liquid
134.37	91.000	924.66	0.0010815	-61.369	-51.527	3.6008	0.82660	1.9108	601.57	-0.0020012	8.3321e-05	0.097778	liquid
137.60	91.000	902.63	0.0011079	-55.352	-45.270	3.6468	0.82178	1.9611	573.37	0.0037709	7.7953e-05	0.093481	liquid
140.83	91.000	879.33	0.0011372	-49.183	-38.834	3.6930	0.81777	2.0219	544.41	0.010654	7.2820e-05	0.089206	liquid
144.07	91.000	854.51	0.0011703	-42.830	-32.180	3.7397	0.81471	2.0966	514.57	0.018961	6.7891e-05	0.084957	liquid
147.30	91.000	827.81	0.0012080	-36.249	-25.256	3.7873	0.81280	2.1898	483.77	0.029129	6.3135e-05	0.080730	liquid
150.53	91.000	798.79	0.0012519	-29.384	-17.992	3.8360	0.81230	2.3087	451.92	0.041782	5.8518e-05	0.076522	liquid
153.77	91.000	766.81	0.0013041	-22.155	-10.287	3.8867	0.81354	2.4642	419.01	0.057820	5.4002e-05	0.072326	liquid
157.00	91.000	730.96	0.0013681	-14.449	-1.9999	3.9400	0.81689	2.6727	385.17	0.078566	4.9543e-05	0.068124	supercritical
160.23	91.000	690.00	0.0014493	-6.1089	7.0795	3.9972	0.82258	2.9586	350.84	0.10593	4.5087e-05	0.063893	supercritical
163.47	91.000	642.33	0.0015568	3.0752	17.242	4.0600	0.83037	3.3455	317.02	0.14239	4.0585e-05	0.059591	supercritical
166.70	91.000	586.61	0.0017047	13.291	28.803	4.1300	0.83896	3.8106	285.84	0.19002	3.6038e-05	0.055153	supercritical
169.93	91.000	524.13	0.0019079	24.429	41.791	4.2072	0.84472	4.1821	260.80	0.24749	3.1629e-05	0.050505	supercritical
173.17	91.000	461.68	0.0021660	35.693	55.404	4.2865	0.84221	4.1531	245.15	0.30556	2.7805e-05	0.045755	supercritical
176.40	91.000	408.22	0.0024496	45.900	68.191	4.3597	0.83087	3.7164	238.43	0.35123	2.4966e-05	0.041439	supercritical
179.63	91.000	366.71	0.0027270	54.550	79.366	4.4225	0.81571	3.2044	237.16	0.38079	2.3062e-05	0.038028	supercritical
182.87	91.000	334.93	0.0029857	61.849	89.018	4.4758	0.80046	2.7848	238.52	0.39783	2.1812e-05	0.035499	supercritical
186.10	91.000	310.08	0.0032249	68.139	97.486	4.5217	0.78646	2.4681	241.10	0.40643	2.0981e-05	0.033638	supercritical
189.33	91.000	290.09	0.0034473	73.693	105.06	4.5621	0.77401	2.2299	244.24	0.40945	2.0419e-05	0.032254	supercritical
192.57	91.000	273.57	0.0036554	78.701	111.97	4.5982	0.76306	2.0476	247.64	0.40879	2.0037e-05	0.031209	supercritical
195.80	91.000	259.62	0.0038518	83.295	118.35	4.6311	0.75346	1.9050	251.14	0.40568	1.9778e-05	0.030412	supercritical
199.03	91.000	247.62	0.0040384	87.565	124.32	4.6613	0.74503	1.7911	254.65	0.40093	1.9609e-05	0.029799	supercritical
202.27	91.000	237.15	0.0042168	91.579	129.95	4.6894	0.73763	1.6984	258.14	0.39508	1.9504e-05	0.029328	supercritical
205.50	91.000	227.89	0.0043881	95.383	135.32	4.7157	0.73111	1.6217	261.57	0.38850	1.9448e-05	0.028965	supercritical
208.73	91.000	219.61	0.0045534	99.015	140.45	4.7405	0.72535	1.5573	264.94	0.38147	1.9431e-05	0.028689	supercritical
211.97	91.000	212.16	0.0047135	102.50	145.40	4.7640	0.72025	1.5026	268.25	0.37415	1.9443e-05	0.028482	supercritical
215.20	91.000	205.38	0.0048689	105.87	150.18	4.7864	0.71572	1.4556	271.47	0.36668	1.9479e-05	0.028332	supercritical
218.43	91.000	199.19	0.0050204	109.13	154.82	4.8078	0.71168	1.4149	274.63	0.35915	1.9534e-05	0.028228	supercritical
221.67	91.000	193.49	0.0051682	112.30	159.33	4.8283	0.70807	1.3793	277.72	0.35164	1.9604e-05	0.028163	supercritical
224.90	91.000	188.23	0.0053127	115.39	163.74	4.8481	0.70484	1.3479	280.74	0.34418	1.9687e-05	0.028131	supercritical
228.13	91.000	183.34	0.0054544	118.42	168.05	4.8671	0.70195	1.3201	283.70	0.33682	1.9781e-05	0.028126	supercritical
231.37	91.000	178.78	0.0055935	121.38	172.28	4.8855	0.69935	1.2952	286.60	0.32957	1.9884e-05	0.028144	supercritical
234.60	91.000	174.52	0.0057301	124.29	176.43	4.9033	0.69700	1.2730	289.44	0.32245	1.9995e-05	0.028183	supercritical
237.83	91.000	170.51	0.0058646	127.15	180.51	4.9206	0.69489	1.2529	292.22	0.31548	2.0112e-05	0.028239	supercritical
241.07	91.000	166.75	0.0059971	129.96	184.54	4.9374	0.69299	1.2347	294.95	0.30866	2.0234e-05	0.028311	supercritical
244.30	91.000	163.19	0.0061278	132.74	188.50	4.9537	0.69128	1.2182	297.63	0.30199	2.0361e-05	0.028396	supercritical
247.53	91.000	159.83	0.0062567	135.48	192.41	4.9697	0.68973	1.2032	300.26	0.29548	2.0492e-05	0.028493	supercritical
250.77	91.000	156.64	0.0063841	138.19	196.28	4.9852	0.68833	1.1894	302.84	0.28913	2.0626e-05	0.028600	supercritical
254.00	91.000	153.61	0.0065101	140.87	200.11	5.0003	0.68707	1.1768	305.38	0.28293	2.0764e-05	0.028716	supercritical
257.23	91.000	150.72	0.0066347	143.52	203.89	5.0152	0.68594	1.1651	307.88	0.27689	2.0903e-05	0.028841	supercritical
260.47	91.000	147.97	0.0067580	146.14	207.64	5.0296	0.68493	1.1544	310.34	0.27099	2.1046e-05	0.028972	supercritical
263.70	91.000	145.35	0.0068802	148.75	211.36	5.0438	0.68401	1.1445	312.76	0.26525	2.1189e-05	0.029111	supercritical
266.93	91.000	142.83	0.0070012	151.33	215.04	5.0577	0.68320	1.1353	315.14	0.25965	2.1335e-05	0.029255	supercritical
270.17	91.000	140.43	0.0071212	153.90	218.70	5.0713	0.68248	1.1268	317.49	0.25418	2.1482e-05	0.029405	supercritical
273.40	91.000	138.12	0.0072402	156.45	222.33	5.0847	0.68184	1.1188	319.80	0.24886	2.1630e-05	0.029559	supercritical
276.63	91.000	135.90	0.0073583	158.98	225.94	5.0978	0.68128	1.1115	322.08	0.24367	2.1780e-05	0.029717	supercritical
279.87	91.000	133.77	0.0074756	161.49	229.52	5.1107	0.68079	1.1046	324.33	0.23860	2.1930e-05	0.029880	supercritical
283.10	91.000	131.72	0.0075920	163.99	233.08	5.1233	0.68037	1.0981	326.55	0.23366	2.2081e-05	0.030046	supercritical
286.33	91.000	129.74	0.0077076	166.48	236.62	5.1358	0.68001	1.0921	328.74	0.22884	2.2232e-05	0.030215	supercritical
289.57	91.000	127.84	0.0078225	168.96	240.14	5.1480	0.67972	1.0865	330.90	0.22413	2.2384e-05	0.030387	supercritical
292.80	91.000	126.00	0.0079367	171.42	243.65	5.1600	0.67948	1.0812	333.04	0.21954	2.2537e-05	0.030561	supercritical
296.03	91.000	124.22	0.0080502	173.88	247.14	5.1719	0.67929	1.0763	335.14	0.21506	2.2689e-05	0.030738	supercritical
299.27	91.000	122.50	0.0081631	176.32	250.61	5.1835	0.67915	1.0716	337.23	0.21068	2.2843e-05	0.030916	supercritical
302.50	91.000	120.84	0.0082754	178.76	254.07	5.1950	0.67907	1.0673	339.29	0.20641	2.2996e-05	0.031096	supercritical
305.73	91.000	119.23	0.0083871	181.19	257.51	5.2064	0.67903	1.0632	341.32	0.20223	2.3149e-05	0.031276	supercritical
308.97	91.000	117.67	0.0084983	183.61	260.94	5.2175	0.67903	1.0593	343.33	0.19815	2.3303e-05	0.031451	supercritical
312.20	91.000	116.16	0.0086089	186.02	264.36	5.2285	0.67907	1.0557	345.33	0.19416	2.3457e-05	0.031639	supercritical
315.43	91.000	114.69	0.0087191	188.42	267.77	5.2394	0.67916	1.0523	347.29	0.19027	2.3610e-05	0.031832	supercritical
318.67	91.000	113.27	0.0088287	190.82	271.17	5.2501	0.67928	1.0491	349.24	0.18646	2.3764e-05	0.032027	supercritical
321.90	91.000	111.88	0.0089379	193.22	274.55	5.2607	0.67944	1.0461	351.17	0.18273	2.3917e-05	0.032223	supercritical
325.13	91.000	110.54	0.0090467	195.61	277.93	5.2711	0.67963	1.0432	353.08	0.17908	2.4071e-05	0.032420	supercritical
328.37	91.000	109.23	0.0091550	197.99	281.30	5.2814	0.67986	1.0406	354.97	0.17552	2.4224e-05	0.032618	supercritical
331.60	91.000	107.96	0.0092630	200.37	284.66	5.2916	0.68012	1.0381	356.84	0.17203	2.4377e-05	0.032817	supercritical
334.83	91.000	106.72	0.0093705	202.74	288.01	5.3017	0.68041	1.0357	358.69	0.16861	2.4530e-05	0.033016	supercritical
338.07	91.000	105.51	0.0094777	205.11	291.36	5.3116	0.68073	1.0335	360.52	0.16527	2.4683e-05	0.033216	supercritical
341.30	91.000	104.34	0.0095845	207.48	294.70	5.3214	0.68108	1.0314	362.34	0.16200	2.4836e-05	0.033417	supercritical
344.53	91.000	103.19	0.0096909	209.84	298.03	5.3312	0.68146	1.0294	364.14	0.15879	2.4988e-05	0.033618	supercritical
347.77	91.000	102.07	0.0097971	212.20	301.35	5.3408	0.68186	1.0276	365.92	0.15566	2.5140e-05	0.033820	supercritical
351.00	91.000	100.98	0.0099029	214.56	304.67	5.3503	0.68229	1.0259	367.69	0.15258	2.5292e-05	0.034023	supercritical
354.23	91.000	99.917	0.010008	216.91	307.99	5.3597	0.68274	1.0242	369.45	0.14957	2.5444e-05	0.034225	supercritical
357.47	91.000	98.877	0.010114	219.26	311.30	5.3690	0.68322	1.0227	371.18	0.14662	2.5595e-05	0.034428	supercritical
360.70	91.000	97.862	0.010218	221.61	314.60	5.3782	0.68372	1.0213	372.91	0.14373	2.5746e-05	0.034632	supercritical
363.93	91.000	96.871	0.010323	223.96	317.90	5.3873	0.68424	1.0200	374.62	0.14089	2.5897e-05	0.034836	supercritical
367.17	91.000	95.901	0.010427	226.31	321.20	5.3963	0.68478	1.0187	376.31	0.13811	2.6048e-05	0.035040	supercritical
370.40	91.000	94.953	0.010531	228.65	324.49	5.4052	0.68535	1.0176	377.99	0.13539	2.6198e-05	0.035244	supercritical
373.63	91.000	94.026	0.010635	231.00	327.78	5.4141	0.68593	1.0165	379.66	0.13272	2.6347e-05	0.035449	supercritical
376.87	91.000	93.119	0.010739	233.34	331.06	5.4228	0.68653	1.0155	381.31	0.13010	2.6497e-05	0.035654	supercritical
380.10	91.000	92.232	0.010842	235.68	334.34	5.4315	0.68715	1.0146	382.96	0.12753	2.6646e-05	0.035859	supercritical
383.33	91.000	91.363	0.010945	238.02	337.62	5.4401	0.68779	1.0137	384.59	0.12501	2.6795e-05	0.036064	supercritical
386.57	91.000	90.512	0.011048	240.36	340.90	5.4486	0.68845	1.0129	386.20	0.12253	2.6943e-05	0.036270	supercritical
389.80	91.000	89.678	0.011151	242.70	344.17	5.4570	0.68912	1.0122	387.81	0.12011	2.7092e-05	0.036475	supercritical
393.03	91.000	88.862	0.011253	245.04	347.44	5.4654	0.68981	1.0115	389.40	0.11772	2.7239e-05	0.036681	supercritical
396.27	91.000	88.061	0.011356	247.38	350.71	5.4737	0.69051	1.0109	390.98	0.11539	2.7387e-05	0.036886	supercritical
399.50	91.000	87.277	0.011458	249.72	353.98	5.4819	0.69123	1.0104	392.56	0.11309	2.7534e-05	0.037092	supercritical
402.73	91.000	86.508	0.011560	252.05	357.25	5.4900	0.69196	1.0099	394.12	0.11084	2.7681e-05	0.037298	supercritical
405.97	91.000	85.753	0.011661	254.39	360.51	5.4981	0.69271	1.0094	395.67	0.10863	2.7827e-05	0.037504	supercritical
409.20	91.000	85.013	0.011763	256.73	363.78	5.5061	0.69346	1.0090	397.20	0.10646	2.7973e-05	0.037710	supercritical
412.43	91.000	84.287	0.011864	259.07	367.04	5.5140	0.69424	1.0087	398.73	0.10432	2.8118e-05	0.037916	supercritical
415.67	91.000	83.574	0.011965	261.41	370.30	5.5219	0.69502	1.0084	400.25	0.10223	2.8264e-05	0.038122	supercritical
418.90	91.000	82.874	0.012066	263.75	373.56	5.5297	0.69581	1.0081	401.76	0.10017	2.8409e-05	0.038328	supercritical
422.13	91.000	82.187	0.012167	266.10	376.82	5.5375	0.69662	1.0079	403.26	0.098151	2.8553e-05	0.038533	supercritical
425.37	91.000	81.513	0.012268	268.44	380.08	5.5452	0.69743	1.0077	404.75	0.096165	2.8697e-05	0.038739	supercritical
428.60	91.000	80.850	0.012369	270.78	383.33	5.5528	0.69826	1.0076	406.23	0.094215	2.8841e-05	0.038945	supercritical
431.83	91.000	80.199	0.012469	273.13	386.59	5.5604	0.69909	1.0075	407.70	0.092298	2.8985e-05	0.039151	supercritical
435.07	91.000	79.560	0.012569	275.47	389.85	5.5679	0.69993	1.0074	409.17	0.090414	2.9128e-05	0.039357	supercritical
438.30	91.000	78.931	0.012669	277.82	393.11	5.5754	0.70078	1.0074	410.62	0.088563	2.9271e-05	0.039562	supercritical
441.53	91.000	78.313	0.012769	280.16	396.36	5.5828	0.70164	1.0074	412.07	0.086743	2.9413e-05	0.039768	supercritical
444.77	91.000	77.705	0.012869	282.51	399.62	5.5901	0.70251	1.0074	413.51	0.084954	2.9555e-05	0.039973	supercritical
448.00	91.000	77.108	0.012969	284.86	402.88	5.5974	0.70339	1.0075	414.93	0.083196	2.9697e-05	0.040179	supercritical
451.23	91.000	76.520	0.013068	287.21	406.14	5.6046	0.70427	1.0076	416.36	0.081467	2.9838e-05	0.040384	supercritical
454.47	91.000	75.942	0.013168	289.57	409.40	5.6118	0.70516	1.0077	417.77	0.079767	2.9979e-05	0.040589	supercritical
457.70	91.000	75.374	0.013267	291.92	412.65	5.6190	0.70605	1.0078	419.17	0.078096	3.0120e-05	0.040794	supercritical
460.93	91.000	74.814	0.013366	294.28	415.91	5.6261	0.70695	1.0080	420.57	0.076452	3.0260e-05	0.040999	supercritical
464.17	91.000	74.264	0.013466	296.64	419.17	5.6331	0.70786	1.0082	421.96	0.074836	3.0400e-05	0.041204	supercritical
467.40	91.000	73.722	0.013565	298.99	422.43	5.6401	0.70877	1.0084	423.35	0.073245	3.0539e-05	0.041409	supercritical
470.63	91.000	73.188	0.013663	301.36	425.69	5.6471	0.70969	1.0087	424.72	0.071681	3.0678e-05	0.041613	supercritical
473.87	91.000	72.663	0.013762	303.72	428.96	5.6540	0.71061	1.0089	426.09	0.070143	3.0817e-05	0.041818	supercritical
477.10	91.000	72.145	0.013861	306.08	432.22	5.6609	0.71153	1.0092	427.45	0.068629	3.0956e-05	0.042022	supercritical
480.33	91.000	71.636	0.013959	308.45	435.48	5.6677	0.71246	1.0095	428.81	0.067140	3.1094e-05	0.042226	supercritical
483.57	91.000	71.134	0.014058	310.82	438.75	5.6744	0.71339	1.0098	430.16	0.065674	3.1232e-05	0.042430	supercritical
486.80	91.000	70.640	0.014156	313.19	442.01	5.6812	0.71433	1.0102	431.50	0.064232	3.1369e-05	0.042634	supercritical
490.03	91.000	70.153	0.014255	315.56	445.28	5.6879	0.71526	1.0105	432.84	0.062813	3.1506e-05	0.042838	supercritical
493.27	91.000	69.673	0.014353	317.94	448.55	5.6945	0.71620	1.0109	434.17	0.061416	3.1643e-05	0.043041	supercritical
496.50	91.000	69.200	0.014451	320.31	451.82	5.7011	0.71715	1.0113	435.49	0.060042	3.1779e-05	0.043245	supercritical
499.73	91.000	68.733	0.014549	322.69	455.09	5.7077	0.71809	1.0117	436.81	0.058688	3.1915e-05	0.043448	supercritical
502.97	91.000	68.274	0.014647	325.07	458.36	5.7142	0.71904	1.0121	438.12	0.057356	3.2051e-05	0.043651	supercritical
506.20	91.000	67.821	0.014745	327.45	461.63	5.7207	0.71999	1.0125	439.42	0.056045	3.2187e-05	0.043854	supercritical
509.43	91.000	67.374	0.014843	329.84	464.90	5.7271	0.72094	1.0130	440.72	0.054754	3.2322e-05	0.044056	supercritical
512.67	91.000	66.933	0.014940	332.23	468.18	5.7336	0.72189	1.0134	442.01	0.053482	3.2456e-05	0.044259	supercritical
515.90	91.000	66.499	0.015038	334.61	471.46	5.7399	0.72284	1.0139	443.30	0.052230	3.2591e-05	0.044461	supercritical
519.13	91.000	66.071	0.015135	337.01	474.74	5.7463	0.72380	1.0144	444.58	0.050997	3.2725e-05	0.044664	supercritical
522.37	91.000	65.648	0.015233	339.40	478.02	5.7526	0.72475	1.0149	445.86	0.049783	3.2859e-05	0.044866	supercritical
525.60	91.000	65.231	0.015330	341.80	481.30	5.7588	0.72570	1.0154	447.13	0.048588	3.2992e-05	0.045067	supercritical
528.83	91.000	64.819	0.015427	344.19	484.58	5.7651	0.72666	1.0159	448.40	0.047410	3.3125e-05	0.045269	supercritical
532.07	91.000	64.413	0.015525	346.59	487.87	5.7712	0.72761	1.0164	449.66	0.046250	3.3258e-05	0.045471	supercritical
535.30	91.000	64.013	0.015622	349.00	491.16	5.7774	0.72856	1.0169	450.92	0.045107	3.3391e-05	0.045672	supercritical
538.53	91.000	63.617	0.015719	351.40	494.45	5.7835	0.72952	1.0175	452.17	0.043981	3.3523e-05	0.045873	supercritical
541.77	91.000	63.227	0.015816	353.81	497.74	5.7896	0.73047	1.0180	453.41	0.042871	3.3655e-05	0.046074	supercritical
545.00	91.000	62.842	0.015913	356.22	501.03	5.7957	0.73142	1.0186	454.65	0.041778	3.3786e-05	0.046275	supercritical
548.23	91.000	62.462	0.016010	358.63	504.32	5.8017	0.73237	1.0191	455.89	0.040701	3.3918e-05	0.046475	supercritical
551.47	91.000	62.086	0.016107	361.05	507.62	5.8077	0.73332	1.0197	457.12	0.039640	3.4048e-05	0.046675	supercritical
554.70	91.000	61.715	0.016203	363.46	510.92	5.8137	0.73427	1.0203	458.35	0.038594	3.4179e-05	0.046876	supercritical
557.93	91.000	61.349	0.016300	365.88	514.22	5.8196	0.73522	1.0208	459.57	0.037563	3.4309e-05	0.047076	supercritical
561.17	91.000	60.987	0.016397	368.31	517.52	5.8255	0.73617	1.0214	460.79	0.036547	3.4439e-05	0.047275	supercritical
564.40	91.000	60.630	0.016493	370.73	520.82	5.8314	0.73711	1.0220	462.00	0.035545	3.4569e-05	0.047475	supercritical
567.63	91.000	60.277	0.016590	373.16	524.13	5.8372	0.73805	1.0226	463.21	0.034558	3.4699e-05	0.047674	supercritical
570.87	91.000	59.929	0.016686	375.59	527.43	5.8430	0.73899	1.0232	464.42	0.033585	3.4828e-05	0.047874	supercritical
574.10	91.000	59.584	0.016783	378.02	530.74	5.8488	0.73993	1.0238	465.62	0.032625	3.4957e-05	0.048073	supercritical
577.33	91.000	59.244	0.016879	380.45	534.06	5.8546	0.74087	1.0244	466.81	0.031679	3.5085e-05	0.048271	supercritical
580.57	91.000	58.908	0.016976	382.89	537.37	5.8603	0.74180	1.0250	468.00	0.030746	3.5213e-05	0.048470	supercritical
583.80	91.000	58.576	0.017072	385.33	540.68	5.8660	0.74273	1.0257	469.19	0.029827	3.5341e-05	0.048668	supercritical
587.03	91.000	58.248	0.017168	387.77	544.00	5.8716	0.74366	1.0263	470.38	0.028920	3.5469e-05	0.048867	supercritical
590.27	91.000	57.923	0.017264	390.22	547.32	5.8773	0.74459	1.0269	471.55	0.028025	3.5597e-05	0.049065	supercritical
593.50	91.000	57.602	0.017360	392.66	550.64	5.8829	0.74551	1.0275	472.73	0.027143	3.5724e-05	0.049262	supercritical
596.73	91.000	57.285	0.017456	395.11	553.97	5.8885	0.74643	1.0282	473.90	0.026273	3.5850e-05	0.049460	supercritical
599.97	91.000	56.972	0.017552	397.56	557.29	5.8940	0.74735	1.0288	475.07	0.025414	3.5977e-05	0.049658	supercritical
603.20	91.000	56.662	0.017648	400.02	560.62	5.8996	0.74827	1.0294	476.23	0.024568	3.6103e-05	0.049855	supercritical
606.43	91.000	56.356	0.017744	402.47	563.95	5.9051	0.74918	1.0301	477.40	0.023732	3.6229e-05	0.050052	supercritical
609.67	91.000	56.053	0.017840	404.93	567.28	5.9105	0.75009	1.0307	478.55	0.022908	3.6355e-05	0.050249	supercritical
612.90	91.000	55.753	0.017936	407.39	570.61	5.9160	0.75099	1.0314	479.71	0.022095	3.6480e-05	0.050445	supercritical
616.13	91.000	55.457	0.018032	409.86	573.95	5.9214	0.75190	1.0320	480.85	0.021293	3.6606e-05	0.050642	supercritical
619.37	91.000	55.164	0.018128	412.33	577.29	5.9268	0.75279	1.0327	482.00	0.020502	3.6731e-05	0.050838	supercritical
622.60	91.000	54.874	0.018223	414.79	580.63	5.9322	0.75369	1.0333	483.14	0.019721	3.6855e-05	0.051034	supercritical
625.83	91.000	54.588	0.018319	417.27	583.97	5.9376	0.75458	1.0340	484.28	0.018950	3.6980e-05	0.051230	supercritical
629.07	91.000	54.304	0.018415	419.74	587.31	5.9429	0.75547	1.0346	485.42	0.018189	3.7104e-05	0.051426	supercritical
632.30	91.000	54.024	0.018510	422.22	590.66	5.9482	0.75636	1.0353	486.55	0.017439	3.7228e-05	0.051621	supercritical
635.53	91.000	53.746	0.018606	424.69	594.01	5.9535	0.75724	1.0359	487.68	0.016698	3.7351e-05	0.051817	supercritical
638.77	91.000	53.472	0.018701	427.18	597.36	5.9587	0.75812	1.0366	488.80	0.015966	3.7474e-05	0.052012	supercritical
642.00	91.000	53.200	0.018797	429.66	600.71	5.9640	0.75899	1.0372	489.93	0.015244	3.7598e-05	0.052207	supercritical
645.23	91.000	52.932	0.018892	432.15	604.07	5.9692	0.75986	1.0379	491.05	0.014532	3.7720e-05	0.052401	supercritical
648.47	91.000	52.666	0.018988	434.63	607.42	5.9744	0.76073	1.0385	492.16	0.013828	3.7843e-05	0.052596	supercritical
651.70	91.000	52.402	0.019083	437.12	610.78	5.9795	0.76159	1.0392	493.27	0.013133	3.7965e-05	0.052790	supercritical
654.93	91.000	52.142	0.019178	439.62	614.14	5.9847	0.76245	1.0398	494.38	0.012448	3.8087e-05	0.052984	supercritical
658.17	91.000	51.884	0.019274	442.11	617.51	5.9898	0.76331	1.0405	495.49	0.011770	3.8209e-05	0.053178	supercritical
661.40	91.000	51.629	0.019369	444.61	620.87	5.9949	0.76416	1.0411	496.59	0.011102	3.8331e-05	0.053372	supercritical
664.63	91.000	51.376	0.019464	447.11	624.24	6.0000	0.76501	1.0418	497.69	0.010441	3.8452e-05	0.053566	supercritical
667.87	91.000	51.126	0.019559	449.62	627.61	6.0050	0.76585	1.0424	498.79	0.0097890	3.8573e-05	0.053759	supercritical
671.10	91.000	50.879	0.019655	452.12	630.98	6.0101	0.76669	1.0430	499.89	0.0091449	3.8694e-05	0.053952	supercritical
674.33	91.000	50.634	0.019750	454.63	634.35	6.0151	0.76752	1.0437	500.98	0.0085087	3.8815e-05	0.054145	supercritical
677.57	91.000	50.391	0.019845	457.14	637.73	6.0201	0.76835	1.0443	502.07	0.0078803	3.8935e-05	0.054338	supercritical
680.80	91.000	50.151	0.019940	459.65	641.11	6.0251	0.76918	1.0450	503.15	0.0072597	3.9055e-05	0.054531	supercritical
684.03	91.000	49.913	0.020035	462.17	644.49	6.0300	0.77000	1.0456	504.23	0.0066466	3.9175e-05	0.054723	supercritical
687.27	91.000	49.677	0.020130	464.68	647.87	6.0349	0.77082	1.0463	505.31	0.0060409	3.9295e-05	0.054916	supercritical
690.50	91.000	49.444	0.020225	467.20	651.25	6.0399	0.77164	1.0469	506.39	0.0054425	3.9414e-05	0.055108	supercritical
693.73	91.000	49.213	0.020320	469.73	654.64	6.0448	0.77245	1.0475	507.47	0.0048513	3.9533e-05	0.055300	supercritical
696.97	91.000	48.984	0.020415	472.25	658.03	6.0496	0.77326	1.0482	508.54	0.0042672	3.9652e-05	0.055491	supercritical
700.20	91.000	48.757	0.020510	474.78	661.42	6.0545	0.77406	1.0488	509.61	0.0036901	3.9771e-05	0.055683	supercritical
703.43	91.000	48.533	0.020605	477.31	664.81	6.0593	0.77486	1.0495	510.67	0.0031198	3.9889e-05	0.055874	supercritical
706.67	91.000	48.310	0.020700	479.84	668.20	6.0641	0.77565	1.0501	511.74	0.0025562	4.0007e-05	0.056066	supercritical
709.90	91.000	48.090	0.020794	482.37	671.60	6.0689	0.77644	1.0507	512.80	0.0019993	4.0126e-05	0.056257	supercritical
713.13	91.000	47.872	0.020889	484.91	675.00	6.0737	0.77722	1.0513	513.86	0.0014489	4.0243e-05	0.056447	supercritical
716.37	91.000	47.656	0.020984	487.44	678.40	6.0785	0.77801	1.0520	514.91	0.00090493	4.0361e-05	0.056638	supercritical
719.60	91.000	47.441	0.021079	489.98	681.80	6.0832	0.77878	1.0526	515.97	0.00036727	4.0478e-05	0.056828	supercritical
722.83	91.000	47.229	0.021173	492.53	685.20	6.0879	0.77955	1.0532	517.02	-0.00016416	4.0595e-05	0.057019	supercritical
726.07	91.000	47.019	0.021268	495.07	688.61	6.0926	0.78032	1.0538	518.07	-0.00068947	4.0712e-05	0.057209	supercritical
729.30	91.000	46.811	0.021363	497.62	692.02	6.0973	0.78109	1.0545	519.11	-0.0012088	4.0829e-05	0.057399	supercritical
732.53	91.000	46.604	0.021457	500.17	695.43	6.1020	0.78185	1.0551	520.16	-0.0017221	4.0946e-05	0.057588	supercritical
735.77	91.000	46.399	0.021552	502.72	698.84	6.1066	0.78260	1.0557	521.20	-0.0022296	4.1062e-05	0.057778	supercritical
739.00	91.000	46.197	0.021647	505.27	702.26	6.1112	0.78335	1.0563	522.24	-0.0027314	4.1178e-05	0.057967	supercritical
742.23	91.000	45.996	0.021741	507.83	705.67	6.1159	0.78410	1.0569	523.27	-0.0032275	4.1294e-05	0.058157	supercritical
745.47	91.000	45.797	0.021836	510.39	709.09	6.1205	0.78485	1.0575	524.31	-0.0037180	4.1409e-05	0.058346	supercritical
748.70	91.000	45.599	0.021930	512.95	712.51	6.1250	0.78558	1.0581	525.34	-0.0042030	4.1525e-05	0.058535	supercritical
751.93	91.000	45.404	0.022025	515.51	715.93	6.1296	0.78632	1.0587	526.37	-0.0046826	4.1640e-05	0.058723	supercritical
755.17	91.000	45.210	0.022119	518.07	719.36	6.1341	0.78705	1.0593	527.40	-0.0051569	4.1755e-05	0.058912	supercritical
758.40	91.000	45.017	0.022214	520.64	722.78	6.1387	0.78778	1.0599	528.42	-0.0056260	4.1870e-05	0.059100	supercritical
761.63	91.000	44.827	0.022308	523.21	726.21	6.1432	0.78850	1.0605	529.44	-0.0060899	4.1985e-05	0.059288	supercritical
764.87	91.000	44.638	0.022403	525.78	729.64	6.1477	0.78922	1.0611	530.46	-0.0065487	4.2099e-05	0.059476	supercritical
768.10	91.000	44.451	0.022497	528.35	733.07	6.1521	0.78993	1.0617	531.48	-0.0070025	4.2213e-05	0.059664	supercritical
771.33	91.000	44.265	0.022591	530.93	736.51	6.1566	0.79064	1.0623	532.50	-0.0074514	4.2327e-05	0.059852	supercritical
774.57	91.000	44.081	0.022686	533.50	739.94	6.1611	0.79134	1.0629	533.51	-0.0078954	4.2441e-05	0.060039	supercritical
777.80	91.000	43.898	0.022780	536.08	743.38	6.1655	0.79205	1.0635	534.52	-0.0083346	4.2555e-05	0.060227	supercritical
781.03	91.000	43.717	0.022874	538.66	746.82	6.1699	0.79274	1.0641	535.53	-0.0087691	4.2668e-05	0.060414	supercritical
784.27	91.000	43.538	0.022969	541.25	750.26	6.1743	0.79344	1.0647	536.54	-0.0091989	4.2781e-05	0.060601	supercritical
787.50	91.000	43.360	0.023063	543.83	753.71	6.1787	0.79413	1.0652	537.54	-0.0096242	4.2894e-05	0.060788	supercritical
790.73	91.000	43.183	0.023157	546.42	757.15	6.1830	0.79481	1.0658	538.55	-0.010045	4.3007e-05	0.060974	supercritical
793.97	91.000	43.008	0.023251	549.01	760.60	6.1874	0.79549	1.0664	539.55	-0.010461	4.3120e-05	0.061161	supercritical
797.20	91.000	42.835	0.023346	551.60	764.05	6.1917	0.79617	1.0670	540.55	-0.010873	4.3232e-05	0.061347	supercritical
800.43	91.000	42.662	0.023440	554.20	767.50	6.1960	0.79684	1.0675	541.54	-0.011281	4.3345e-05	0.061533	supercritical
803.67	91.000	42.492	0.023534	556.79	770.95	6.2003	0.79751	1.0681	542.54	-0.011684	4.3457e-05	0.061719	supercritical
806.90	91.000	42.322	0.023628	559.39	774.40	6.2046	0.79818	1.0687	543.53	-0.012083	4.3569e-05	0.061905	supercritical
810.13	91.000	42.154	0.023722	561.99	777.86	6.2089	0.79884	1.0692	544.52	-0.012478	4.3680e-05	0.062091	supercritical
813.37	91.000	41.988	0.023816	564.59	781.32	6.2132	0.79949	1.0698	545.51	-0.012869	4.3792e-05	0.062276	supercritical
816.60	91.000	41.822	0.023911	567.19	784.78	6.2174	0.80015	1.0703	546.50	-0.013256	4.3903e-05	0.062462	supercritical
819.83	91.000	41.659	0.024005	569.80	788.24	6.2216	0.80080	1.0709	547.48	-0.013639	4.4014e-05	0.062647	supercritical
823.07	91.000	41.496	0.024099	572.40	791.70	6.2259	0.80144	1.0714	548.47	-0.014018	4.4125e-05	0.062832	supercritical
826.30	91.000	41.335	0.024193	575.01	795.17	6.2301	0.80208	1.0720	549.45	-0.014393	4.4236e-05	0.063017	supercritical
829.53	91.000	41.174	0.024287	577.63	798.64	6.2343	0.80272	1.0725	550.43	-0.014765	4.4347e-05	0.063202	supercritical
832.77	91.000	41.016	0.024381	580.24	802.10	6.2384	0.80335	1.0731	551.40	-0.015132	4.4457e-05	0.063386	supercritical
836.00	91.000	40.858	0.024475	582.85	805.58	6.2426	0.80398	1.0736	552.38	-0.015496	4.4567e-05	0.063571	supercritical
839.23	91.000	40.702	0.024569	585.47	809.05	6.2467	0.80461	1.0741	553.35	-0.015857	4.4677e-05	0.063755	supercritical
842.47	91.000	40.547	0.024663	588.09	812.52	6.2509	0.80523	1.0747	554.32	-0.016213	4.4787e-05	0.063939	supercritical
845.70	91.000	40.393	0.024757	590.71	816.00	6.2550	0.80585	1.0752	555.29	-0.016566	4.4897e-05	0.064123	supercritical
848.93	91.000	40.240	0.024851	593.33	819.47	6.2591	0.80647	1.0757	556.26	-0.016916	4.5007e-05	0.064307	supercritical
852.17	91.000	40.088	0.024945	595.95	822.95	6.2632	0.80708	1.0763	557.23	-0.017262	4.5116e-05	0.064491	supercritical
855.40	91.000	39.938	0.025039	598.58	826.43	6.2673	0.80769	1.0768	558.19	-0.017605	4.5225e-05	0.064674	supercritical
858.63	91.000	39.789	0.025133	601.21	829.92	6.2713	0.80829	1.0773	559.15	-0.017945	4.5334e-05	0.064858	supercritical
861.87	91.000	39.641	0.025227	603.84	833.40	6.2754	0.80889	1.0778	560.11	-0.018281	4.5443e-05	0.065041	supercritical
865.10	91.000	39.494	0.025321	606.47	836.89	6.2794	0.80949	1.0783	561.07	-0.018614	4.5552e-05	0.065224	supercritical
868.33	91.000	39.348	0.025414	609.10	840.37	6.2834	0.81008	1.0789	562.03	-0.018944	4.5661e-05	0.065407	supercritical
871.57	91.000	39.203	0.025508	611.74	843.86	6.2874	0.81067	1.0794	562.98	-0.019270	4.5769e-05	0.065590	supercritical
874.80	91.000	39.059	0.025602	614.37	847.35	6.2914	0.81125	1.0799	563.94	-0.019594	4.5877e-05	0.065772	supercritical
878.03	91.000	38.917	0.025696	617.01	850.85	6.2954	0.81184	1.0804	564.89	-0.019914	4.5985e-05	0.065955	supercritical
881.27	91.000	38.775	0.025790	619.65	854.34	6.2994	0.81242	1.0809	565.84	-0.020231	4.6093e-05	0.066137	supercritical
884.50	91.000	38.634	0.025884	622.29	857.84	6.3034	0.81299	1.0814	566.79	-0.020545	4.6201e-05	0.066319	supercritical
887.73	91.000	38.495	0.025977	624.94	861.33	6.3073	0.81356	1.0819	567.73	-0.020857	4.6308e-05	0.066501	supercritical
890.97	91.000	38.357	0.026071	627.58	864.83	6.3112	0.81413	1.0824	568.68	-0.021165	4.6416e-05	0.066683	supercritical
894.20	91.000	38.219	0.026165	630.23	868.33	6.3152	0.81470	1.0829	569.62	-0.021470	4.6523e-05	0.066865	supercritical
897.43	91.000	38.083	0.026259	632.88	871.83	6.3191	0.81526	1.0834	570.56	-0.021773	4.6630e-05	0.067047	supercritical
900.67	91.000	37.947	0.026352	635.53	875.34	6.3230	0.81582	1.0838	571.50	-0.022073	4.6737e-05	0.067228	supercritical
903.90	91.000	37.813	0.026446	638.18	878.84	6.3268	0.81637	1.0843	572.44	-0.022370	4.6844e-05	0.067409	supercritical
907.13	91.000	37.679	0.026540	640.84	882.35	6.3307	0.81692	1.0848	573.38	-0.022664	4.6950e-05	0.067591	supercritical
910.37	91.000	37.546	0.026634	643.49	885.86	6.3346	0.81747	1.0853	574.31	-0.022956	4.7057e-05	0.067772	supercritical
913.60	91.000	37.415	0.026727	646.15	889.37	6.3384	0.81802	1.0858	575.25	-0.023244	4.7163e-05	0.067952	supercritical
916.83	91.000	37.284	0.026821	648.81	892.88	6.3423	0.81856	1.0862	576.18	-0.023531	4.7269e-05	0.068133	supercritical
920.07	91.000	37.154	0.026915	651.47	896.39	6.3461	0.81910	1.0867	577.11	-0.023814	4.7375e-05	0.068314	supercritical
923.30	91.000	37.026	0.027008	654.13	899.91	6.3499	0.81963	1.0872	578.04	-0.024095	4.7481e-05	0.068494	supercritical
926.53	91.000	36.898	0.027102	656.79	903.42	6.3537	0.82017	1.0877	578.96	-0.024374	4.7587e-05	0.068675	supercritical
929.77	91.000	36.770	0.027196	659.46	906.94	6.3575	0.82069	1.0881	579.89	-0.024650	4.7693e-05	0.068855	supercritical
933.00	91.000	36.644	0.027289	662.13	910.46	6.3613	0.82122	1.0886	580.81	-0.024923	4.7798e-05	0.069035	supercritical
936.23	91.000	36.519	0.027383	664.80	913.98	6.3650	0.82174	1.0890	581.73	-0.025194	4.7903e-05	0.069215	supercritical
939.47	91.000	36.395	0.027477	667.47	917.50	6.3688	0.82226	1.0895	582.66	-0.025463	4.8008e-05	0.069395	supercritical
942.70	91.000	36.271	0.027570	670.14	921.03	6.3725	0.82278	1.0900	583.57	-0.025729	4.8113e-05	0.069575	supercritical
945.93	91.000	36.148	0.027664	672.81	924.55	6.3763	0.82329	1.0904	584.49	-0.025993	4.8218e-05	0.069754	supercritical
949.17	91.000	36.026	0.027757	675.48	928.08	6.3800	0.82380	1.0909	585.41	-0.026255	4.8323e-05	0.069934	supercritical
952.40	91.000	35.905	0.027851	678.16	931.60	6.3837	0.82431	1.0913	586.32	-0.026514	4.8427e-05	0.070113	supercritical
955.63	91.000	35.785	0.027945	680.84	935.13	6.3874	0.82482	1.0918	587.24	-0.026771	4.8532e-05	0.070292	supercritical
958.87	91.000	35.666	0.028038	683.52	938.67	6.3911	0.82532	1.0922	588.15	-0.027025	4.8636e-05	0.070471	supercritical
962.10	91.000	35.547	0.028132	686.20	942.20	6.3948	0.82582	1.0927	589.06	-0.027278	4.8740e-05	0.070650	supercritical
965.33	91.000	35.429	0.028225	688.88	945.73	6.3984	0.82631	1.0931	589.97	-0.027528	4.8844e-05	0.070829	supercritical
968.57	91.000	35.312	0.028319	691.57	949.27	6.4021	0.82681	1.0935	590.87	-0.027776	4.8948e-05	0.071007	supercritical
971.80	91.000	35.196	0.028412	694.25	952.80	6.4057	0.82730	1.0940	591.78	-0.028022	4.9052e-05	0.071186	supercritical
975.03	91.000	35.081	0.028506	696.94	956.34	6.4094	0.82778	1.0944	592.68	-0.028266	4.9155e-05	0.071364	supercritical
978.27	91.000	34.966	0.028599	699.63	959.88	6.4130	0.82827	1.0948	593.59	-0.028508	4.9259e-05	0.071542	supercritical
981.50	91.000	34.852	0.028693	702.32	963.42	6.4166	0.82875	1.0953	594.49	-0.028748	4.9362e-05	0.071721	supercritical
984.73	91.000	34.739	0.028786	705.01	966.96	6.4202	0.82923	1.0957	595.39	-0.028986	4.9465e-05	0.071899	supercritical
987.97	91.000	34.626	0.028880	707.70	970.51	6.4238	0.82971	1.0961	596.28	-0.029221	4.9568e-05	0.072076	supercritical
991.20	91.000	34.515	0.028973	710.40	974.05	6.4274	0.83018	1.0965	597.18	-0.029455	4.9671e-05	0.072254	supercritical
994.43	91.000	34.404	0.029067	713.09	977.60	6.4310	0.83065	1.0970	598.08	-0.029687	4.9774e-05	0.072432	supercritical
997.67	91.000	34.294	0.029160	715.79	981.14	6.4345	0.83112	1.0974	598.97	-0.029916	4.9876e-05	0.072609	supercritical
1000.9	91.000	34.184	0.029253	718.49	984.69	6.4381	0.83159	1.0978	599.86	-0.030144	4.9979e-05	0.072787	supercritical
1004.1	91.000	34.075	0.029347	721.19	988.24	6.4416	0.83205	1.0982	600.76	-0.030370	5.0081e-05	0.072964	supercritical
1007.4	91.000	33.967	0.029440	723.89	991.79	6.4451	0.83251	1.0986	601.65	-0.030594	5.0183e-05	0.073141	supercritical
1010.6	91.000	33.860	0.029534	726.59	995.35	6.4487	0.83297	1.0990	602.53	-0.030817	5.0285e-05	0.073318	supercritical
1013.8	91.000	33.753	0.029627	729.30	998.90	6.4522	0.83342	1.0994	603.42	-0.031037	5.0387e-05	0.073495	supercritical
1017.1	91.000	33.647	0.029720	732.00	1002.5	6.4557	0.83388	1.0998	604.31	-0.031255	5.0489e-05	0.073672	supercritical
1020.3	91.000	33.541	0.029814	734.71	1006.0	6.4592	0.83433	1.1002	605.19	-0.031472	5.0591e-05	0.073849	supercritical
1023.5	91.000	33.437	0.029907	737.42	1009.6	6.4627	0.83477	1.1007	606.07	-0.031687	5.0692e-05	0.074025	supercritical
1026.8	91.000	33.333	0.030001	740.13	1013.1	6.4661	0.83522	1.1011	606.96	-0.031900	5.0794e-05	0.074201	supercritical
1030.0	91.000	33.229	0.030094	742.84	1016.7	6.4696	0.83566	1.1014	607.84	-0.032112	5.0895e-05	0.074378	supercritical
1033.2	91.000	33.126	0.030187	745.55	1020.3	6.4730	0.83610	1.1018	608.72	-0.032322	5.0996e-05	0.074554	supercritical
1036.5	91.000	33.024	0.030281	748.26	1023.8	6.4765	0.83654	1.1022	609.59	-0.032530	5.1097e-05	0.074730	supercritical
1039.7	91.000	32.923	0.030374	750.98	1027.4	6.4799	0.83698	1.1026	610.47	-0.032736	5.1198e-05	0.074906	supercritical
1042.9	91.000	32.822	0.030467	753.69	1030.9	6.4833	0.83741	1.1030	611.34	-0.032941	5.1299e-05	0.075082	supercritical
1046.2	91.000	32.722	0.030561	756.41	1034.5	6.4868	0.83784	1.1034	612.22	-0.033144	5.1400e-05	0.075258	supercritical
1049.4	91.000	32.622	0.030654	759.13	1038.1	6.4902	0.83827	1.1038	613.09	-0.033346	5.1500e-05	0.075433	supercritical
1052.6	91.000	32.523	0.030747	761.85	1041.7	6.4936	0.83870	1.1042	613.96	-0.033545	5.1601e-05	0.075609	supercritical
1055.9	91.000	32.425	0.030841	764.57	1045.2	6.4969	0.83912	1.1046	614.83	-0.033744	5.1701e-05	0.075784	supercritical
1059.1	91.000	32.327	0.030934	767.30	1048.8	6.5003	0.83954	1.1049	615.70	-0.033940	5.1801e-05	0.075959	supercritical
1062.3	91.000	32.230	0.031027	770.02	1052.4	6.5037	0.83996	1.1053	616.57	-0.034136	5.1901e-05	0.076134	supercritical
1065.6	91.000	32.133	0.031121	772.75	1055.9	6.5070	0.84038	1.1057	617.43	-0.034329	5.2001e-05	0.076309	supercritical
1068.8	91.000	32.037	0.031214	775.47	1059.5	6.5104	0.84080	1.1061	618.30	-0.034521	5.2101e-05	0.076484	supercritical
1072.0	91.000	31.942	0.031307	778.20	1063.1	6.5137	0.84121	1.1065	619.16	-0.034712	5.2201e-05	0.076659	supercritical
1075.3	91.000	31.847	0.031400	780.93	1066.7	6.5171	0.84162	1.1068	620.02	-0.034901	5.2301e-05	0.076834	supercritical
1078.5	91.000	31.753	0.031494	783.66	1070.3	6.5204	0.84203	1.1072	620.88	-0.035089	5.2400e-05	0.077008	supercritical
1081.7	91.000	31.659	0.031587	786.39	1073.8	6.5237	0.84244	1.1076	621.74	-0.035275	5.2499e-05	0.077183	supercritical
1085.0	91.000	31.566	0.031680	789.13	1077.4	6.5270	0.84284	1.1079	622.60	-0.035460	5.2599e-05	0.077357	supercritical
1088.2	91.000	31.473	0.031773	791.86	1081.0	6.5303	0.84325	1.1083	623.46	-0.035643	5.2698e-05	0.077532	supercritical
1091.4	91.000	31.381	0.031867	794.60	1084.6	6.5336	0.84365	1.1087	624.32	-0.035825	5.2797e-05	0.077706	supercritical
1094.7	91.000	31.289	0.031960	797.33	1088.2	6.5369	0.84405	1.1090	625.17	-0.036006	5.2896e-05	0.077880	supercritical
1097.9	91.000	31.198	0.032053	800.07	1091.8	6.5402	0.84444	1.1094	626.02	-0.036185	5.2995e-05	0.078054	supercritical
1101.1	91.000	31.108	0.032146	802.81	1095.3	6.5434	0.84484	1.1097	626.88	-0.036363	5.3093e-05	0.078228	supercritical
1104.4	91.000	31.018	0.032239	805.55	1098.9	6.5467	0.84523	1.1101	627.73	-0.036539	5.3192e-05	0.078401	supercritical
1107.6	91.000	30.929	0.032333	808.29	1102.5	6.5499	0.84562	1.1105	628.58	-0.036714	5.3290e-05	0.078575	supercritical
1110.8	91.000	30.840	0.032426	811.04	1106.1	6.5532	0.84601	1.1108	629.43	-0.036888	5.3389e-05	0.078748	supercritical
1114.1	91.000	30.751	0.032519	813.78	1109.7	6.5564	0.84640	1.1112	630.27	-0.037060	5.3487e-05	0.078922	supercritical
1117.3	91.000	30.663	0.032612	816.53	1113.3	6.5596	0.84678	1.1115	631.12	-0.037231	5.3585e-05	0.079095	supercritical
1120.5	91.000	30.576	0.032705	819.27	1116.9	6.5628	0.84717	1.1119	631.96	-0.037401	5.3683e-05	0.079268	supercritical
1123.8	91.000	30.489	0.032798	822.02	1120.5	6.5660	0.84755	1.1122	632.81	-0.037570	5.3781e-05	0.079441	supercritical
1127.0	91.000	30.403	0.032892	824.77	1124.1	6.5692	0.84793	1.1126	633.65	-0.037737	5.3879e-05	0.079614	supercritical
1130.2	91.000	30.317	0.032985	827.52	1127.7	6.5724	0.84831	1.1129	634.49	-0.037903	5.3977e-05	0.079787	supercritical
1133.5	91.000	30.232	0.033078	830.27	1131.3	6.5756	0.84868	1.1133	635.33	-0.038068	5.4074e-05	0.079960	supercritical
1136.7	91.000	30.147	0.033171	833.02	1134.9	6.5788	0.84906	1.1136	636.17	-0.038232	5.4172e-05	0.080133	supercritical
1139.9	91.000	30.062	0.033264	835.78	1138.5	6.5819	0.84943	1.1139	637.01	-0.038394	5.4269e-05	0.080305	supercritical
1143.2	91.000	29.978	0.033357	838.53	1142.1	6.5851	0.84980	1.1143	637.85	-0.038556	5.4367e-05	0.080478	supercritical
1146.4	91.000	29.895	0.033451	841.29	1145.7	6.5882	0.85017	1.1146	638.68	-0.038716	5.4464e-05	0.080650	supercritical
1149.6	91.000	29.812	0.033544	844.05	1149.3	6.5914	0.85054	1.1150	639.52	-0.038875	5.4561e-05	0.080823	supercritical
1152.9	91.000	29.729	0.033637	846.80	1152.9	6.5945	0.85090	1.1153	640.35	-0.039032	5.4658e-05	0.080995	supercritical
1156.1	91.000	29.647	0.033730	849.56	1156.5	6.5976	0.85127	1.1156	641.18	-0.039189	5.4755e-05	0.081167	supercritical
1159.3	91.000	29.566	0.033823	852.32	1160.1	6.6007	0.85163	1.1160	642.02	-0.039344	5.4851e-05	0.081339	supercritical
1162.6	91.000	29.485	0.033916	855.08	1163.7	6.6038	0.85199	1.1163	642.85	-0.039499	5.4948e-05	0.081511	supercritical
1165.8	91.000	29.404	0.034009	857.85	1167.3	6.6069	0.85235	1.1166	643.67	-0.039652	5.5045e-05	0.081683	supercritical
1169.0	91.000	29.324	0.034102	860.61	1170.9	6.6100	0.85271	1.1169	644.50	-0.039804	5.5141e-05	0.081854	supercritical
1172.3	91.000	29.244	0.034195	863.38	1174.6	6.6131	0.85306	1.1173	645.33	-0.039955	5.5238e-05	0.082026	supercritical
1175.5	91.000	29.164	0.034288	866.14	1178.2	6.6162	0.85342	1.1176	646.15	-0.040105	5.5334e-05	0.082197	supercritical
1178.7	91.000	29.085	0.034382	868.91	1181.8	6.6193	0.85377	1.1179	646.98	-0.040254	5.5430e-05	0.082369	supercritical
1182.0	91.000	29.007	0.034475	871.68	1185.4	6.6223	0.85412	1.1182	647.80	-0.040402	5.5526e-05	0.082540	supercritical
1185.2	91.000	28.929	0.034568	874.45	1189.0	6.6254	0.85447	1.1186	648.62	-0.040548	5.5622e-05	0.082711	supercritical
1188.4	91.000	28.851	0.034661	877.22	1192.6	6.6284	0.85482	1.1189	649.45	-0.040694	5.5718e-05	0.082882	supercritical
1191.7	91.000	28.774	0.034754	879.99	1196.2	6.6315	0.85517	1.1192	650.27	-0.040839	5.5814e-05	0.083053	supercritical
1194.9	91.000	28.697	0.034847	882.76	1199.9	6.6345	0.85551	1.1195	651.08	-0.040982	5.5909e-05	0.083224	supercritical
1198.1	91.000	28.621	0.034940	885.53	1203.5	6.6375	0.85586	1.1198	651.90	-0.041125	5.6005e-05	0.083395	supercritical
1201.4	91.000	28.545	0.035033	888.31	1207.1	6.6406	0.85620	1.1202	652.72	-0.041266	5.6101e-05	0.083566	supercritical
1204.6	91.000	28.469	0.035126	891.08	1210.7	6.6436	0.85654	1.1205	653.54	-0.041407	5.6196e-05	0.083737	supercritical
1207.8	91.000	28.394	0.035219	893.86	1214.4	6.6466	0.85688	1.1208	654.35	-0.041547	5.6291e-05	0.083907	supercritical
1211.1	91.000	28.319	0.035312	896.64	1218.0	6.6496	0.85722	1.1211	655.16	-0.041685	5.6387e-05	0.084078	supercritical
1214.3	91.000	28.245	0.035405	899.42	1221.6	6.6526	0.85755	1.1214	655.98	-0.041823	5.6482e-05	0.084248	supercritical
1217.5	91.000	28.171	0.035498	902.20	1225.2	6.6555	0.85789	1.1217	656.79	-0.041960	5.6577e-05	0.084418	supercritical
1220.8	91.000	28.097	0.035591	904.98	1228.9	6.6585	0.85822	1.1220	657.60	-0.042096	5.6672e-05	0.084589	supercritical
1224.0	91.000	28.024	0.035684	907.76	1232.5	6.6615	0.85856	1.1223	658.41	-0.042230	5.6766e-05	0.084759	supercritical
1227.2	91.000	27.951	0.035777	910.54	1236.1	6.6644	0.85889	1.1226	659.22	-0.042364	5.6861e-05	0.084929	supercritical
1230.5	91.000	27.878	0.035870	913.33	1239.7	6.6674	0.85922	1.1229	660.02	-0.042497	5.6956e-05	0.085099	supercritical
1233.7	91.000	27.806	0.035963	916.11	1243.4	6.6703	0.85955	1.1233	660.83	-0.042629	5.7050e-05	0.085268	supercritical
1236.9	91.000	27.735	0.036056	918.90	1247.0	6.6733	0.85988	1.1236	661.63	-0.042760	5.7145e-05	0.085438	supercritical
1240.2	91.000	27.663	0.036149	921.69	1250.6	6.6762	0.86020	1.1239	662.44	-0.042891	5.7239e-05	0.085608	supercritical
1243.4	91.000	27.592	0.036242	924.47	1254.3	6.6791	0.86053	1.1242	663.24	-0.043020	5.7334e-05	0.085777	supercritical
1246.6	91.000	27.522	0.036335	927.26	1257.9	6.6821	0.86085	1.1245	664.04	-0.043149	5.7428e-05	0.085947	supercritical
1249.9	91.000	27.451	0.036428	930.05	1261.5	6.6850	0.86118	1.1248	664.85	-0.043276	5.7522e-05	0.086116	supercritical
1253.1	91.000	27.381	0.036521	932.84	1265.2	6.6879	0.86150	1.1251	665.65	-0.043403	5.7616e-05	0.086286	supercritical
1256.3	91.000	27.312	0.036614	935.64	1268.8	6.6908	0.86182	1.1254	666.44	-0.043529	5.7710e-05	0.086455	supercritical
1259.6	91.000	27.243	0.036707	938.43	1272.5	6.6937	0.86214	1.1257	667.24	-0.043654	5.7804e-05	0.086624	supercritical
1262.8	91.000	27.174	0.036800	941.22	1276.1	6.6966	0.86246	1.1260	668.04	-0.043778	5.7897e-05	0.086793	supercritical
1266.0	91.000	27.105	0.036893	944.02	1279.7	6.6994	0.86277	1.1262	668.84	-0.043901	5.7991e-05	0.086962	supercritical
1269.3	91.000	27.037	0.036986	946.82	1283.4	6.7023	0.86309	1.1265	669.63	-0.044024	5.8085e-05	0.087131	supercritical
1272.5	91.000	26.970	0.037079	949.61	1287.0	6.7052	0.86340	1.1268	670.42	-0.044146	5.8178e-05	0.087300	supercritical
1275.7	91.000	26.902	0.037172	952.41	1290.7	6.7080	0.86372	1.1271	671.22	-0.044266	5.8272e-05	0.087469	supercritical
1279.0	91.000	26.835	0.037265	955.21	1294.3	6.7109	0.86403	1.1274	672.01	-0.044387	5.8365e-05	0.087637	supercritical
1282.2	91.000	26.768	0.037358	958.01	1298.0	6.7137	0.86434	1.1277	672.80	-0.044506	5.8458e-05	0.087806	supercritical
1285.4	91.000	26.702	0.037451	960.81	1301.6	6.7166	0.86465	1.1280	673.59	-0.044624	5.8551e-05	0.087974	supercritical
1288.7	91.000	26.636	0.037544	963.61	1305.3	6.7194	0.86496	1.1283	674.38	-0.044742	5.8645e-05	0.088143	supercritical
1291.9	91.000	26.570	0.037636	966.42	1308.9	6.7222	0.86527	1.1286	675.17	-0.044859	5.8738e-05	0.088311	supercritical
1295.1	91.000	26.505	0.037729	969.22	1312.6	6.7251	0.86558	1.1289	675.95	-0.044975	5.8830e-05	0.088479	supercritical
1298.4	91.000	26.439	0.037822	972.02	1316.2	6.7279	0.86588	1.1291	676.74	-0.045090	5.8923e-05	0.088647	supercritical
1301.6	91.000	26.375	0.037915	974.83	1319.9	6.7307	0.86619	1.1294	677.53	-0.045205	5.9016e-05	0.088815	supercritical
1304.8	91.000	26.310	0.038008	977.64	1323.5	6.7335	0.86649	1.1297	678.31	-0.045319	5.9109e-05	0.088983	supercritical
1308.1	91.000	26.246	0.038101	980.44	1327.2	6.7363	0.86680	1.1300	679.09	-0.045432	5.9201e-05	0.089151	supercritical
1311.3	91.000	26.182	0.038194	983.25	1330.8	6.7391	0.86710	1.1303	679.88	-0.045544	5.9294e-05	0.089319	supercritical
1314.5	91.000	26.119	0.038287	986.06	1334.5	6.7419	0.86740	1.1306	680.66	-0.045656	5.9386e-05	0.089487	supercritical
1317.8	91.000	26.055	0.038380	988.87	1338.1	6.7446	0.86770	1.1308	681.44	-0.045767	5.9479e-05	0.089654	supercritical
1321.0	91.000	25.992	0.038473	991.68	1341.8	6.7474	0.86800	1.1311	682.22	-0.045877	5.9571e-05	0.089822	supercritical
1324.2	91.000	25.930	0.038566	994.50	1345.4	6.7502	0.86830	1.1314	683.00	-0.045986	5.9663e-05	0.089989	supercritical
1327.5	91.000	25.868	0.038658	997.31	1349.1	6.7529	0.86860	1.1317	683.77	-0.046095	5.9755e-05	0.090157	supercritical
1330.7	91.000	25.806	0.038751	1000.1	1352.8	6.7557	0.86889	1.1320	684.55	-0.046203	5.9847e-05	0.090324	supercritical
1333.9	91.000	25.744	0.038844	1002.9	1356.4	6.7584	0.86919	1.1322	685.33	-0.046311	5.9939e-05	0.090491	supercritical
1337.2	91.000	25.682	0.038937	1005.8	1360.1	6.7612	0.86948	1.1325	686.10	-0.046417	6.0031e-05	0.090659	supercritical
1340.4	91.000	25.621	0.039030	1008.6	1363.7	6.7639	0.86978	1.1328	686.87	-0.046523	6.0123e-05	0.090826	supercritical
1343.6	91.000	25.560	0.039123	1011.4	1367.4	6.7666	0.87007	1.1331	687.65	-0.046628	6.0215e-05	0.090993	supercritical
1346.9	91.000	25.500	0.039216	1014.2	1371.1	6.7694	0.87036	1.1333	688.42	-0.046733	6.0306e-05	0.091160	supercritical
1350.1	91.000	25.440	0.039309	1017.0	1374.7	6.7721	0.87066	1.1336	689.19	-0.046837	6.0398e-05	0.091327	supercritical
1353.3	91.000	25.380	0.039402	1019.9	1378.4	6.7748	0.87095	1.1339	689.96	-0.046940	6.0489e-05	0.091493	supercritical
1356.6	91.000	25.320	0.039494	1022.7	1382.1	6.7775	0.87124	1.1342	690.73	-0.047043	6.0581e-05	0.091660	supercritical
1359.8	91.000	25.261	0.039587	1025.5	1385.7	6.7802	0.87153	1.1344	691.50	-0.047145	6.0672e-05	0.091827	supercritical
1363.0	91.000	25.202	0.039680	1028.3	1389.4	6.7829	0.87181	1.1347	692.26	-0.047246	6.0763e-05	0.091993	supercritical
1366.3	91.000	25.143	0.039773	1031.1	1393.1	6.7856	0.87210	1.1350	693.03	-0.047347	6.0854e-05	0.092160	supercritical
1369.5	91.000	25.084	0.039866	1034.0	1396.7	6.7883	0.87239	1.1352	693.80	-0.047447	6.0946e-05	0.092326	supercritical
1372.7	91.000	25.026	0.039959	1036.8	1400.4	6.7910	0.87267	1.1355	694.56	-0.047546	6.1037e-05	0.092493	supercritical
1376.0	91.000	24.968	0.040051	1039.6	1404.1	6.7936	0.87296	1.1358	695.32	-0.047645	6.1128e-05	0.092659	supercritical
1379.2	91.000	24.910	0.040144	1042.4	1407.8	6.7963	0.87324	1.1360	696.09	-0.047743	6.1218e-05	0.092825	supercritical
1382.4	91.000	24.853	0.040237	1045.3	1411.4	6.7990	0.87353	1.1363	696.85	-0.047840	6.1309e-05	0.092991	supercritical
1385.7	91.000	24.795	0.040330	1048.1	1415.1	6.8016	0.87381	1.1366	697.61	-0.047937	6.1400e-05	0.093157	supercritical
1388.9	91.000	24.738	0.040423	1050.9	1418.8	6.8043	0.87409	1.1368	698.37	-0.048034	6.1491e-05	0.093323	supercritical
1392.1	91.000	24.682	0.040516	1053.8	1422.5	6.8069	0.87438	1.1371	699.13	-0.048129	6.1581e-05	0.093489	supercritical
1395.4	91.000	24.625	0.040608	1056.6	1426.1	6.8095	0.87466	1.1374	699.89	-0.048224	6.1672e-05	0.093655	supercritical
1398.6	91.000	24.569	0.040701	1059.4	1429.8	6.8122	0.87494	1.1376	700.65	-0.048319	6.1762e-05	0.093821	supercritical
1401.8	91.000	24.513	0.040794	1062.3	1433.5	6.8148	0.87522	1.1379	701.40	-0.048413	6.1853e-05	0.093987	supercritical
1405.1	91.000	24.458	0.040887	1065.1	1437.2	6.8174	0.87549	1.1382	702.16	-0.048506	6.1943e-05	0.094152	supercritical
1408.3	91.000	24.402	0.040980	1067.9	1440.9	6.8200	0.87577	1.1384	702.91	-0.048599	6.2033e-05	0.094318	supercritical
1411.5	91.000	24.347	0.041073	1070.8	1444.5	6.8226	0.87605	1.1387	703.67	-0.048691	6.2123e-05	0.094483	supercritical
1414.8	91.000	24.292	0.041165	1073.6	1448.2	6.8253	0.87633	1.1390	704.42	-0.048782	6.2213e-05	0.094649	supercritical
1418.0	91.000	24.238	0.041258	1076.5	1451.9	6.8279	0.87660	1.1392	705.17	-0.048873	6.2304e-05	0.094814	supercritical
1421.2	91.000	24.183	0.041351	1079.3	1455.6	6.8304	0.87688	1.1395	705.92	-0.048964	6.2393e-05	0.094979	supercritical
1424.5	91.000	24.129	0.041444	1082.1	1459.3	6.8330	0.87715	1.1397	706.67	-0.049054	6.2483e-05	0.095145	supercritical
1427.7	91.000	24.075	0.041537	1085.0	1463.0	6.8356	0.87743	1.1400	707.42	-0.049143	6.2573e-05	0.095310	supercritical
1430.9	91.000	24.021	0.041629	1087.8	1466.6	6.8382	0.87770	1.1403	708.17	-0.049232	6.2663e-05	0.095475	supercritical
1434.2	91.000	23.968	0.041722	1090.7	1470.3	6.8408	0.87797	1.1405	708.92	-0.049320	6.2753e-05	0.095640	supercritical
1437.4	91.000	23.915	0.041815	1093.5	1474.0	6.8433	0.87825	1.1408	709.67	-0.049408	6.2842e-05	0.095805	supercritical
1440.6	91.000	23.862	0.041908	1096.3	1477.7	6.8459	0.87852	1.1410	710.41	-0.049495	6.2932e-05	0.095970	supercritical
1443.9	91.000	23.809	0.042001	1099.2	1481.4	6.8485	0.87879	1.1413	711.16	-0.049581	6.3021e-05	0.096134	supercritical
1447.1	91.000	23.757	0.042093	1102.0	1485.1	6.8510	0.87906	1.1415	711.90	-0.049667	6.3111e-05	0.096299	supercritical
1450.3	91.000	23.704	0.042186	1104.9	1488.8	6.8536	0.87933	1.1418	712.65	-0.049753	6.3200e-05	0.096464	supercritical
1453.6	91.000	23.652	0.042279	1107.7	1492.5	6.8561	0.87960	1.1421	713.39	-0.049838	6.3289e-05	0.096629	supercritical
1456.8	91.000	23.601	0.042372	1110.6	1496.2	6.8586	0.87987	1.1423	714.13	-0.049922	6.3379e-05	0.096793	supercritical
1460.0	91.000	23.549	0.042465	1113.4	1499.9	6.8612	0.88014	1.1426	714.87	-0.050006	6.3468e-05	0.096958	supercritical
1463.3	91.000	23.498	0.042557	1116.3	1503.6	6.8637	0.88041	1.1428	715.61	-0.050090	6.3557e-05	0.097122	supercritical
1466.5	91.000	23.447	0.042650	1119.1	1507.2	6.8662	0.88067	1.1431	716.35	-0.050173	6.3646e-05	0.097286	supercritical
1469.7	91.000	23.396	0.042743	1122.0	1510.9	6.8687	0.88094	1.1433	717.09	-0.050255	6.3735e-05	0.097451	supercritical
1473.0	91.000	23.345	0.042836	1124.8	1514.6	6.8713	0.88121	1.1436	717.83	-0.050337	6.3824e-05	0.097615	supercritical
1476.2	91.000	23.295	0.042928	1127.7	1518.3	6.8738	0.88147	1.1438	718.57	-0.050419	6.3913e-05	0.097779	supercritical
1479.4	91.000	23.244	0.043021	1130.5	1522.0	6.8763	0.88174	1.1441	719.30	-0.050500	6.4001e-05	0.097943	supercritical
1482.7	91.000	23.194	0.043114	1133.4	1525.7	6.8788	0.88200	1.1443	720.04	-0.050580	6.4090e-05	0.098107	supercritical
1485.9	91.000	23.145	0.043207	1136.3	1529.4	6.8813	0.88227	1.1446	720.77	-0.050660	6.4179e-05	0.098271	supercritical
1489.1	91.000	23.095	0.043299	1139.1	1533.1	6.8838	0.88253	1.1448	721.51	-0.050740	6.4267e-05	0.098435	supercritical
1492.4	91.000	23.046	0.043392	1142.0	1536.8	6.8862	0.88280	1.1451	722.24	-0.050819	6.4356e-05	0.098599	supercritical
1495.6	91.000	22.996	0.043485	1144.8	1540.5	6.8887	0.88306	1.1453	722.97	-0.050897	6.4444e-05	0.098762	supercritical
1498.8	91.000	22.948	0.043578	1147.7	1544.2	6.8912	0.88332	1.1456	723.70	-0.050975	6.4533e-05	0.098926	supercritical
1502.1	91.000	22.899	0.043670	1150.6	1548.0	6.8937	0.88358	1.1458	724.43	-0.051053	6.4621e-05	0.099090	supercritical
1505.3	91.000	22.850	0.043763	1153.4	1551.7	6.8961	0.88384	1.1461	725.16	-0.051130	6.4709e-05	0.099253	supercritical
1508.5	91.000	22.802	0.043856	1156.3	1555.4	6.8986	0.88411	1.1463	725.89	-0.051207	6.4798e-05	0.099417	supercritical
1511.8	91.000	22.754	0.043949	1159.1	1559.1	6.9010	0.88437	1.1466	726.62	-0.051283	6.4886e-05	0.099580	supercritical
1515.0	91.000	22.706	0.044041	1162.0	1562.8	6.9035	0.88463	1.1468	727.35	-0.051359	6.4974e-05	0.099744	supercritical
1518.2	91.000	22.658	0.044134	1164.9	1566.5	6.9059	0.88489	1.1471	728.07	-0.051434	6.5062e-05	0.099907	supercritical
1521.5	91.000	22.611	0.044227	1167.7	1570.2	6.9084	0.88515	1.1473	728.80	-0.051509	6.5150e-05	0.10007	supercritical
1524.7	91.000	22.563	0.044320	1170.6	1573.9	6.9108	0.88541	1.1476	729.52	-0.051583	6.5238e-05	0.10023	supercritical
1527.9	91.000	22.516	0.044412	1173.5	1577.6	6.9132	0.88566	1.1478	730.25	-0.051657	6.5326e-05	0.10040	supercritical
1531.2	91.000	22.469	0.044505	1176.3	1581.3	6.9157	0.88592	1.1481	730.97	-0.051731	6.5413e-05	0.10056	supercritical
1534.4	91.000	22.423	0.044598	1179.2	1585.0	6.9181	0.88618	1.1483	731.69	-0.051804	6.5501e-05	0.10072	supercritical
1537.6	91.000	22.376	0.044690	1182.1	1588.8	6.9205	0.88644	1.1486	732.42	-0.051876	6.5589e-05	0.10089	supercritical
1540.9	91.000	22.330	0.044783	1184.9	1592.5	6.9229	0.88669	1.1488	733.14	-0.051949	6.5676e-05	0.10105	supercritical
1544.1	91.000	22.284	0.044876	1187.8	1596.2	6.9253	0.88695	1.1490	733.86	-0.052020	6.5764e-05	0.10121	supercritical
1547.3	91.000	22.238	0.044969	1190.7	1599.9	6.9277	0.88721	1.1493	734.58	-0.052092	6.5852e-05	0.10137	supercritical
1550.6	91.000	22.192	0.045061	1193.6	1603.6	6.9301	0.88746	1.1495	735.30	-0.052163	6.5939e-05	0.10154	supercritical
1553.8	91.000	22.146	0.045154	1196.4	1607.3	6.9325	0.88772	1.1498	736.01	-0.052233	6.6026e-05	0.10170	supercritical
1557.0	91.000	22.101	0.045247	1199.3	1611.1	6.9349	0.88797	1.1500	736.73	-0.052303	6.6114e-05	0.10186	supercritical
1560.3	91.000	22.056	0.045339	1202.2	1614.8	6.9373	0.88823	1.1503	737.45	-0.052373	6.6201e-05	0.10202	supercritical
1563.5	91.000	22.011	0.045432	1205.1	1618.5	6.9397	0.88848	1.1505	738.16	-0.052442	6.6288e-05	0.10219	supercritical
1566.7	91.000	21.966	0.045525	1207.9	1622.2	6.9421	0.88874	1.1508	738.88	-0.052511	6.6375e-05	0.10235	supercritical
1570.0	91.000	21.921	0.045618	1210.8	1625.9	6.9444	0.88899	1.1510	739.59	-0.052580	6.6462e-05	0.10251	supercritical
1573.2	91.000	21.877	0.045710	1213.7	1629.7	6.9468	0.88924	1.1512	740.31	-0.052648	6.6549e-05	0.10267	supercritical
1576.4	91.000	21.833	0.045803	1216.6	1633.4	6.9492	0.88950	1.1515	741.02	-0.052716	6.6636e-05	0.10284	supercritical
1579.7	91.000	21.789	0.045896	1219.4	1637.1	6.9515	0.88975	1.1517	741.73	-0.052783	6.6723e-05	0.10300	supercritical
1582.9	91.000	21.745	0.045988	1222.3	1640.8	6.9539	0.89000	1.1520	742.44	-0.052850	6.6810e-05	0.10316	supercritical
1586.1	91.000	21.701	0.046081	1225.2	1644.5	6.9562	0.89025	1.1522	743.15	-0.052916	6.6897e-05	0.10332	supercritical
1589.4	91.000	21.657	0.046174	1228.1	1648.3	6.9586	0.89051	1.1525	743.86	-0.052982	6.6984e-05	0.10349	supercritical
1592.6	91.000	21.614	0.046266	1231.0	1652.0	6.9609	0.89076	1.1527	744.57	-0.053048	6.7071e-05	0.10365	supercritical
1595.8	91.000	21.571	0.046359	1233.9	1655.7	6.9633	0.89101	1.1529	745.28	-0.053113	6.7157e-05	0.10381	supercritical
1599.1	91.000	21.528	0.046452	1236.7	1659.5	6.9656	0.89126	1.1532	745.99	-0.053178	6.7244e-05	0.10397	supercritical
1602.3	91.000	21.485	0.046545	1239.6	1663.2	6.9679	0.89151	1.1534	746.69	-0.053243	6.7330e-05	0.10413	supercritical
1605.5	91.000	21.442	0.046637	1242.5	1666.9	6.9702	0.89176	1.1537	747.40	-0.053307	6.7417e-05	0.10429	supercritical
1608.8	91.000	21.400	0.046730	1245.4	1670.6	6.9726	0.89201	1.1539	748.10	-0.053371	6.7503e-05	0.10446	supercritical
1612.0	91.000	21.357	0.046823	1248.3	1674.4	6.9749	0.89226	1.1541	748.81	-0.053435	6.7590e-05	0.10462	supercritical
1615.2	91.000	21.315	0.046915	1251.2	1678.1	6.9772	0.89251	1.1544	749.51	-0.053498	6.7676e-05	0.10478	supercritical
1618.5	91.000	21.273	0.047008	1254.1	1681.8	6.9795	0.89276	1.1546	750.22	-0.053560	6.7762e-05	0.10494	supercritical
1621.7	91.000	21.231	0.047101	1257.0	1685.6	6.9818	0.89300	1.1549	750.92	-0.053623	6.7849e-05	0.10510	supercritical
1624.9	91.000	21.189	0.047193	1259.9	1689.3	6.9841	0.89325	1.1551	751.62	-0.053685	6.7935e-05	0.10526	supercritical
1628.2	91.000	21.148	0.047286	1262.7	1693.0	6.9864	0.89350	1.1553	752.32	-0.053746	6.8021e-05	0.10543	supercritical
1631.4	91.000	21.107	0.047379	1265.6	1696.8	6.9887	0.89375	1.1556	753.02	-0.053808	6.8107e-05	0.10559	supercritical
1634.6	91.000	21.065	0.047471	1268.5	1700.5	6.9910	0.89400	1.1558	753.72	-0.053869	6.8193e-05	0.10575	supercritical
1637.9	91.000	21.024	0.047564	1271.4	1704.3	6.9933	0.89424	1.1560	754.42	-0.053929	6.8279e-05	0.10591	supercritical
1641.1	91.000	20.983	0.047657	1274.3	1708.0	6.9955	0.89449	1.1563	755.12	-0.053990	6.8365e-05	0.10607	supercritical
1644.3	91.000	20.943	0.047749	1277.2	1711.7	6.9978	0.89474	1.1565	755.81	-0.054049	6.8451e-05	0.10623	supercritical
1647.6	91.000	20.902	0.047842	1280.1	1715.5	7.0001	0.89498	1.1568	756.51	-0.054109	6.8537e-05	0.10639	supercritical
1650.8	91.000	20.862	0.047935	1283.0	1719.2	7.0024	0.89523	1.1570	757.21	-0.054168	6.8623e-05	0.10655	supercritical
1654.0	91.000	20.822	0.048027	1285.9	1723.0	7.0046	0.89548	1.1572	757.90	-0.054227	6.8708e-05	0.10671	supercritical
1657.3	91.000	20.781	0.048120	1288.8	1726.7	7.0069	0.89572	1.1575	758.60	-0.054286	6.8794e-05	0.10688	supercritical
1660.5	91.000	20.741	0.048213	1291.7	1730.4	7.0091	0.89597	1.1577	759.29	-0.054344	6.8880e-05	0.10704	supercritical
1663.7	91.000	20.702	0.048305	1294.6	1734.2	7.0114	0.89621	1.1579	759.98	-0.054402	6.8965e-05	0.10720	supercritical
1667.0	91.000	20.662	0.048398	1297.5	1737.9	7.0136	0.89646	1.1582	760.68	-0.054459	6.9051e-05	0.10736	supercritical
1670.2	91.000	20.623	0.048491	1300.4	1741.7	7.0159	0.89670	1.1584	761.37	-0.054516	6.9136e-05	0.10752	supercritical
1673.4	91.000	20.583	0.048583	1303.3	1745.4	7.0181	0.89695	1.1586	762.06	-0.054573	6.9222e-05	0.10768	supercritical
1676.7	91.000	20.544	0.048676	1306.2	1749.2	7.0204	0.89719	1.1589	762.75	-0.054630	6.9307e-05	0.10784	supercritical
1679.9	91.000	20.505	0.048768	1309.1	1752.9	7.0226	0.89744	1.1591	763.44	-0.054686	6.9392e-05	0.10800	supercritical
1683.1	91.000	20.466	0.048861	1312.0	1756.7	7.0248	0.89768	1.1594	764.13	-0.054742	6.9478e-05	0.10816	supercritical
1686.4	91.000	20.427	0.048954	1314.9	1760.4	7.0271	0.89792	1.1596	764.81	-0.054798	6.9563e-05	0.10832	supercritical
1689.6	91.000	20.389	0.049046	1317.8	1764.2	7.0293	0.89817	1.1598	765.50	-0.054853	6.9648e-05	0.10848	supercritical
1692.8	91.000	20.350	0.049139	1320.7	1767.9	7.0315	0.89841	1.1601	766.19	-0.054908	6.9733e-05	0.10864	supercritical
1696.1	91.000	20.312	0.049232	1323.7	1771.7	7.0337	0.89865	1.1603	766.88	-0.054963	6.9818e-05	0.10880	supercritical
1699.3	91.000	20.274	0.049324	1326.6	1775.4	7.0359	0.89890	1.1605	767.56	-0.055017	6.9903e-05	0.10896	supercritical
1702.5	91.000	20.236	0.049417	1329.5	1779.2	7.0381	0.89914	1.1608	768.25	-0.055071	6.9988e-05	0.10912	supercritical
1705.8	91.000	20.198	0.049510	1332.4	1782.9	7.0403	0.89938	1.1610	768.93	-0.055125	7.0073e-05	0.10928	supercritical
1709.0	91.000	20.160	0.049602	1335.3	1786.7	7.0425	0.89962	1.1612	769.61	-0.055178	7.0158e-05	0.10944	supercritical
1712.2	91.000	20.123	0.049695	1338.2	1790.4	7.0447	0.89987	1.1615	770.30	-0.055231	7.0243e-05	0.10960	supercritical
1715.5	91.000	20.085	0.049787	1341.1	1794.2	7.0469	0.90011	1.1617	770.98	-0.055284	7.0328e-05	0.10976	supercritical
1718.7	91.000	20.048	0.049880	1344.0	1797.9	7.0491	0.90035	1.1619	771.66	-0.055337	7.0413e-05	0.10992	supercritical
1721.9	91.000	20.011	0.049973	1346.9	1801.7	7.0513	0.90059	1.1622	772.34	-0.055389	7.0497e-05	0.11008	supercritical
1725.2	91.000	19.974	0.050065	1349.9	1805.5	7.0535	0.90083	1.1624	773.02	-0.055441	7.0582e-05	0.11024	supercritical
1728.4	91.000	19.937	0.050158	1352.8	1809.2	7.0556	0.90107	1.1626	773.70	-0.055492	7.0667e-05	0.11040	supercritical
1731.6	91.000	19.900	0.050251	1355.7	1813.0	7.0578	0.90131	1.1629	774.38	-0.055544	7.0751e-05	0.11056	supercritical
1734.9	91.000	19.864	0.050343	1358.6	1816.7	7.0600	0.90155	1.1631	775.06	-0.055595	7.0836e-05	0.11072	supercritical
1738.1	91.000	19.827	0.050436	1361.5	1820.5	7.0622	0.90179	1.1633	775.73	-0.055645	7.0920e-05	0.11088	supercritical
1741.3	91.000	19.791	0.050528	1364.4	1824.3	7.0643	0.90203	1.1636	776.41	-0.055696	7.1005e-05	0.11104	supercritical
1744.6	91.000	19.755	0.050621	1367.4	1828.0	7.0665	0.90227	1.1638	777.09	-0.055746	7.1089e-05	0.11120	supercritical
1747.8	91.000	19.719	0.050714	1370.3	1831.8	7.0686	0.90251	1.1640	777.76	-0.055796	7.1173e-05	0.11136	supercritical
1751.0	91.000	19.683	0.050806	1373.2	1835.5	7.0708	0.90275	1.1643	778.44	-0.055846	7.1258e-05	0.11152	supercritical
1754.3	91.000	19.647	0.050899	1376.1	1839.3	7.0729	0.90299	1.1645	779.11	-0.055895	7.1342e-05	0.11168	supercritical
1757.5	91.000	19.611	0.050992	1379.1	1843.1	7.0751	0.90323	1.1647	779.79	-0.055944	7.1426e-05	0.11184	supercritical
1760.7	91.000	19.576	0.051084	1382.0	1846.8	7.0772	0.90347	1.1650	780.46	-0.055993	7.1511e-05	0.11200	supercritical
1764.0	91.000	19.540	0.051177	1384.9	1850.6	7.0793	0.90371	1.1652	781.13	-0.056042	7.1595e-05	0.11216	supercritical
1767.2	91.000	19.505	0.051269	1387.8	1854.4	7.0815	0.90395	1.1654	781.80	-0.056090	7.1679e-05	0.11232	supercritical
1770.4	91.000	19.470	0.051362	1390.8	1858.1	7.0836	0.90419	1.1657	782.47	-0.056138	7.1763e-05	0.11248	supercritical
1773.7	91.000	19.435	0.051455	1393.7	1861.9	7.0857	0.90443	1.1659	783.14	-0.056185	7.1847e-05	0.11264	supercritical
1776.9	91.000	19.400	0.051547	1396.6	1865.7	7.0879	0.90467	1.1661	783.81	-0.056233	7.1931e-05	0.11280	supercritical
1780.1	91.000	19.365	0.051640	1399.5	1869.5	7.0900	0.90490	1.1663	784.48	-0.056280	7.2015e-05	0.11295	supercritical
1783.4	91.000	19.330	0.051732	1402.5	1873.2	7.0921	0.90514	1.1666	785.15	-0.056327	7.2099e-05	0.11311	supercritical
1786.6	91.000	19.296	0.051825	1405.4	1877.0	7.0942	0.90538	1.1668	785.82	-0.056374	7.2182e-05	0.11327	supercritical
1789.8	91.000	19.261	0.051918	1408.3	1880.8	7.0963	0.90562	1.1670	786.49	-0.056420	7.2266e-05	0.11343	supercritical
1793.1	91.000	19.227	0.052010	1411.3	1884.5	7.0984	0.90586	1.1673	787.15	-0.056466	7.2350e-05	0.11359	supercritical
1796.3	91.000	19.193	0.052103	1414.2	1888.3	7.1005	0.90609	1.1675	787.82	-0.056512	7.2434e-05	0.11375	supercritical
1799.5	91.000	19.159	0.052195	1417.1	1892.1	7.1026	0.90633	1.1677	788.48	-0.056558	7.2517e-05	0.11391	supercritical
1802.8	91.000	19.125	0.052288	1420.1	1895.9	7.1047	0.90657	1.1680	789.15	-0.056603	7.2601e-05	0.11407	supercritical
1806.0	91.000	19.091	0.052381	1423.0	1899.7	7.1068	0.90680	1.1682	789.81	-0.056648	7.2685e-05	0.11423	supercritical
1809.2	91.000	19.057	0.052473	1425.9	1903.4	7.1089	0.90704	1.1684	790.48	-0.056693	7.2768e-05	0.11438	supercritical
1812.5	91.000	19.024	0.052566	1428.9	1907.2	7.1110	0.90728	1.1687	791.14	-0.056738	7.2852e-05	0.11454	supercritical
1815.7	91.000	18.990	0.052658	1431.8	1911.0	7.1131	0.90751	1.1689	791.80	-0.056782	7.2935e-05	0.11470	supercritical
1818.9	91.000	18.957	0.052751	1434.7	1914.8	7.1152	0.90775	1.1691	792.46	-0.056826	7.3019e-05	0.11486	supercritical
1822.2	91.000	18.924	0.052844	1437.7	1918.5	7.1172	0.90799	1.1693	793.12	-0.056870	7.3102e-05	0.11502	supercritical
1825.4	91.000	18.891	0.052936	1440.6	1922.3	7.1193	0.90822	1.1696	793.78	-0.056914	7.3185e-05	0.11518	supercritical
1828.6	91.000	18.858	0.053029	1443.5	1926.1	7.1214	0.90846	1.1698	794.44	-0.056957	7.3269e-05	0.11534	supercritical
1831.9	91.000	18.825	0.053121	1446.5	1929.9	7.1234	0.90869	1.1700	795.10	-0.057000	7.3352e-05	0.11549	supercritical
1835.1	91.000	18.792	0.053214	1449.4	1933.7	7.1255	0.90893	1.1703	795.76	-0.057043	7.3435e-05	0.11565	supercritical
1838.3	91.000	18.759	0.053306	1452.4	1937.5	7.1276	0.90917	1.1705	796.42	-0.057086	7.3519e-05	0.11581	supercritical
1841.6	91.000	18.727	0.053399	1455.3	1941.2	7.1296	0.90940	1.1707	797.08	-0.057129	7.3602e-05	0.11597	supercritical
1844.8	91.000	18.695	0.053492	1458.3	1945.0	7.1317	0.90964	1.1709	797.73	-0.057171	7.3685e-05	0.11613	supercritical
1848.0	91.000	18.662	0.053584	1461.2	1948.8	7.1337	0.90987	1.1712	798.39	-0.057213	7.3768e-05	0.11629	supercritical
1851.3	91.000	18.630	0.053677	1464.1	1952.6	7.1358	0.91011	1.1714	799.04	-0.057254	7.3851e-05	0.11644	supercritical
1854.5	91.000	18.598	0.053769	1467.1	1956.4	7.1378	0.91034	1.1716	799.70	-0.057296	7.3934e-05	0.11660	supercritical
1857.7	91.000	18.566	0.053862	1470.0	1960.2	7.1399	0.91058	1.1719	800.35	-0.057337	7.4017e-05	0.11676	supercritical
1861.0	91.000	18.534	0.053954	1473.0	1964.0	7.1419	0.91081	1.1721	801.01	-0.057378	7.4100e-05	0.11692	supercritical
1864.2	91.000	18.502	0.054047	1475.9	1967.8	7.1439	0.91104	1.1723	801.66	-0.057419	7.4183e-05	0.11708	supercritical
1867.4	91.000	18.471	0.054140	1478.9	1971.6	7.1460	0.91128	1.1725	802.31	-0.057460	7.4266e-05	0.11723	supercritical
1870.7	91.000	18.439	0.054232	1481.8	1975.3	7.1480	0.91151	1.1728	802.96	-0.057500	7.4348e-05	0.11739	supercritical
1873.9	91.000	18.408	0.054325	1484.8	1979.1	7.1500	0.91175	1.1730	803.62	-0.057540	7.4431e-05	0.11755	supercritical
1877.1	91.000	18.376	0.054417	1487.7	1982.9	7.1520	0.91198	1.1732	804.27	-0.057580	7.4514e-05	0.11771	supercritical
1880.4	91.000	18.345	0.054510	1490.7	1986.7	7.1541	0.91222	1.1735	804.92	-0.057620	7.4597e-05	0.11787	supercritical
1883.6	91.000	18.314	0.054602	1493.6	1990.5	7.1561	0.91245	1.1737	805.57	-0.057660	7.4679e-05	0.11802	supercritical
1886.8	91.000	18.283	0.054695	1496.6	1994.3	7.1581	0.91268	1.1739	806.21	-0.057699	7.4762e-05	0.11818	supercritical
1890.1	91.000	18.252	0.054788	1499.5	1998.1	7.1601	0.91292	1.1741	806.86	-0.057738	7.4845e-05	0.11834	supercritical
1893.3	91.000	18.222	0.054880	1502.5	2001.9	7.1621	0.91315	1.1744	807.51	-0.057777	7.4927e-05	0.11850	supercritical
1896.5	91.000	18.191	0.054973	1505.5	2005.7	7.1641	0.91338	1.1746	808.16	-0.057815	7.5010e-05	0.11865	supercritical
1899.8	91.000	18.160	0.055065	1508.4	2009.5	7.1661	0.91361	1.1748	808.80	-0.057854	7.5092e-05	0.11881	supercritical
1903.0	91.000	18.130	0.055158	1511.4	2013.3	7.1681	0.91385	1.1751	809.45	-0.057892	7.5175e-05	0.11897	supercritical
1906.2	91.000	18.099	0.055250	1514.3	2017.1	7.1701	0.91408	1.1753	810.10	-0.057930	7.5257e-05	0.11913	supercritical
1909.5	91.000	18.069	0.055343	1517.3	2020.9	7.1721	0.91431	1.1755	810.74	-0.057968	7.5339e-05	0.11928	supercritical
1912.7	91.000	18.039	0.055436	1520.2	2024.7	7.1741	0.91455	1.1757	811.39	-0.058006	7.5422e-05	0.11944	supercritical
1915.9	91.000	18.009	0.055528	1523.2	2028.5	7.1761	0.91478	1.1760	812.03	-0.058043	7.5504e-05	0.11960	supercritical
1919.2	91.000	17.979	0.055621	1526.2	2032.3	7.1781	0.91501	1.1762	812.67	-0.058080	7.5586e-05	0.11976	supercritical
1922.4	91.000	17.949	0.055713	1529.1	2036.1	7.1800	0.91524	1.1764	813.32	-0.058117	7.5669e-05	0.11991	supercritical
1925.6	91.000	17.919	0.055806	1532.1	2039.9	7.1820	0.91547	1.1766	813.96	-0.058154	7.5751e-05	0.12007	supercritical
1928.9	91.000	17.890	0.055898	1535.0	2043.7	7.1840	0.91571	1.1769	814.60	-0.058191	7.5833e-05	0.12023	supercritical
1932.1	91.000	17.860	0.055991	1538.0	2047.5	7.1860	0.91594	1.1771	815.24	-0.058227	7.5915e-05	0.12038	supercritical
1935.3	91.000	17.831	0.056083	1541.0	2051.3	7.1879	0.91617	1.1773	815.88	-0.058263	7.5997e-05	0.12054	supercritical
1938.6	91.000	17.801	0.056176	1543.9	2055.1	7.1899	0.91640	1.1775	816.52	-0.058299	7.6079e-05	0.12070	supercritical
1941.8	91.000	17.772	0.056269	1546.9	2058.9	7.1919	0.91663	1.1778	817.16	-0.058335	7.6161e-05	0.12086	supercritical
1945.0	91.000	17.743	0.056361	1549.9	2062.8	7.1938	0.91686	1.1780	817.80	-0.058370	7.6243e-05	0.12101	supercritical
1948.3	91.000	17.714	0.056454	1552.8	2066.6	7.1958	0.91710	1.1782	818.44	-0.058406	7.6325e-05	0.12117	supercritical
1951.5	91.000	17.685	0.056546	1555.8	2070.4	7.1977	0.91733	1.1785	819.07	-0.058441	7.6407e-05	0.12133	supercritical
1954.7	91.000	17.656	0.056639	1558.8	2074.2	7.1997	0.91756	1.1787	819.71	-0.058476	7.6489e-05	0.12148	supercritical
1958.0	91.000	17.627	0.056731	1561.7	2078.0	7.2016	0.91779	1.1789	820.35	-0.058511	7.6571e-05	0.12164	supercritical
1961.2	91.000	17.598	0.056824	1564.7	2081.8	7.2036	0.91802	1.1791	820.98	-0.058546	7.6653e-05	0.12180	supercritical
1964.4	91.000	17.570	0.056916	1567.7	2085.6	7.2055	0.91825	1.1794	821.62	-0.058580	7.6734e-05	0.12195	supercritical
1967.7	91.000	17.541	0.057009	1570.7	2089.4	7.2075	0.91848	1.1796	822.25	-0.058614	7.6816e-05	0.12211	supercritical
1970.9	91.000	17.513	0.057101	1573.6	2093.2	7.2094	0.91871	1.1798	822.89	-0.058648	7.6898e-05	0.12227	supercritical
1974.1	91.000	17.484	0.057194	1576.6	2097.1	7.2113	0.91894	1.1800	823.52	-0.058682	7.6980e-05	0.12242	supercritical
1977.4	91.000	17.456	0.057287	1579.6	2100.9	7.2133	0.91917	1.1803	824.15	-0.058716	7.7061e-05	0.12258	supercritical
1980.6	91.000	17.428	0.057379	1582.5	2104.7	7.2152	0.91940	1.1805	824.79	-0.058750	7.7143e-05	0.12274	supercritical
1983.8	91.000	17.400	0.057472	1585.5	2108.5	7.2171	0.91963	1.1807	825.42	-0.058783	7.7225e-05	0.12289	supercritical
1987.1	91.000	17.372	0.057564	1588.5	2112.3	7.2190	0.91986	1.1809	826.05	-0.058816	7.7306e-05	0.12305	supercritical
1990.3	91.000	17.344	0.057657	1591.5	2116.1	7.2210	0.92009	1.1812	826.68	-0.058849	7.7388e-05	0.12321	supercritical
1993.5	91.000	17.316	0.057749	1594.4	2120.0	7.2229	0.92032	1.1814	827.31	-0.058882	7.7469e-05	0.12336	supercritical
1996.8	91.000	17.289	0.057842	1597.4	2123.8	7.2248	0.92055	1.1816	827.94	-0.058915	7.7551e-05	0.12352	supercritical
2000.0	91.000	17.261	0.057934	1600.4	2127.6	7.2267	0.92078	1.1818	828.57	-0.058947	7.7632e-05	0.12368	supercritical
