Temperature (K)	Pressure (bar)	Density (kg/m3)	Volume (m3/kg)	Internal Energy (kJ/kg)	Enthalpy (kJ/kg)	Entropy (J/g*K)	Cv (J/g*K)	Cp (J/g*K)	Sound Spd. (m/s)	Joule-Thomson (K/bar)	Viscosity (Pa*s)	Therm. Cond. (W/m*K)	Phase
60.000	131.00	1297.2	0.00077089	-186.15	-176.05	2.2234	1.0935	1.6473	1162.6	-0.037793	0.00064010	0.19917	liquid
63.233	131.00	1283.7	0.00077903	-180.92	-170.72	2.3101	1.0721	1.6536	1147.6	-0.037335	0.00054995	0.19499	liquid
66.467	131.00	1270.0	0.00078741	-175.68	-165.36	2.3926	1.0548	1.6556	1128.2	-0.037008	0.00047749	0.19080	liquid
69.700	131.00	1256.2	0.00079602	-170.44	-160.01	2.4712	1.0393	1.6548	1106.6	-0.036744	0.00041880	0.18662	liquid
72.933	131.00	1242.5	0.00080485	-165.21	-154.67	2.5462	1.0245	1.6526	1084.0	-0.036490	0.00037083	0.18243	liquid
76.167	131.00	1228.6	0.00081392	-159.99	-149.33	2.6179	1.0103	1.6501	1061.1	-0.036211	0.00033122	0.17826	liquid
79.400	131.00	1214.7	0.00082323	-154.78	-143.99	2.6864	0.99640	1.6479	1038.1	-0.035882	0.00029819	0.17408	liquid
82.633	131.00	1200.7	0.00083282	-149.58	-138.67	2.7521	0.98299	1.6463	1015.1	-0.035486	0.00027036	0.16989	liquid
85.867	131.00	1186.7	0.00084270	-144.39	-133.35	2.8153	0.97004	1.6458	992.11	-0.035010	0.00024667	0.16571	liquid
89.100	131.00	1172.5	0.00085290	-139.20	-128.02	2.8762	0.95757	1.6463	969.24	-0.034444	0.00022630	0.16151	liquid
92.333	131.00	1158.1	0.00086345	-134.01	-122.70	2.9349	0.94561	1.6481	946.42	-0.033779	0.00020862	0.15731	liquid
95.567	131.00	1143.6	0.00087439	-128.82	-117.37	2.9916	0.93414	1.6511	923.64	-0.033006	0.00019312	0.15311	liquid
98.800	131.00	1129.0	0.00088576	-123.62	-112.02	3.0467	0.92316	1.6553	900.86	-0.032117	0.00017942	0.14890	liquid
102.03	131.00	1114.1	0.00089759	-118.42	-106.66	3.1000	0.91265	1.6609	878.08	-0.031100	0.00016719	0.14468	liquid
105.27	131.00	1099.0	0.00090992	-113.20	-101.28	3.1520	0.90260	1.6679	855.26	-0.029944	0.00015620	0.14047	liquid
108.50	131.00	1083.6	0.00092282	-107.96	-95.873	3.2025	0.89300	1.6763	832.38	-0.028635	0.00014624	0.13625	liquid
111.73	131.00	1068.0	0.00093634	-102.70	-90.437	3.2519	0.88384	1.6862	809.42	-0.027157	0.00013716	0.13204	liquid
114.97	131.00	1052.0	0.00095053	-97.419	-84.967	3.3002	0.87509	1.6977	786.35	-0.025490	0.00012882	0.12785	liquid
118.20	131.00	1035.7	0.00096549	-92.105	-79.457	3.3474	0.86676	1.7110	763.17	-0.023611	0.00012112	0.12367	liquid
121.43	131.00	1019.1	0.00098128	-86.755	-73.900	3.3938	0.85885	1.7263	739.85	-0.021492	0.00011397	0.11951	liquid
124.67	131.00	1002.0	0.00099802	-81.365	-68.291	3.4394	0.85135	1.7436	716.37	-0.019101	0.00010730	0.11537	liquid
127.90	131.00	984.43	0.0010158	-75.929	-62.622	3.4843	0.84428	1.7634	692.73	-0.016399	0.00010106	0.11125	liquid
131.13	131.00	966.36	0.0010348	-70.441	-56.885	3.5286	0.83763	1.7859	668.89	-0.013339	9.5199e-05	0.10716	liquid
134.37	131.00	947.72	0.0010552	-64.893	-51.070	3.5724	0.83143	1.8115	644.86	-0.0098627	8.9674e-05	0.10311	liquid
137.60	131.00	928.45	0.0010771	-59.276	-45.166	3.6158	0.82569	1.8407	620.62	-0.0059031	8.4454e-05	0.099101	liquid
140.83	131.00	908.47	0.0011008	-53.582	-39.162	3.6589	0.82045	1.8741	596.17	-0.0013766	7.9510e-05	0.095140	liquid
144.07	131.00	887.68	0.0011265	-47.800	-33.042	3.7019	0.81572	1.9123	571.52	0.0038183	7.4819e-05	0.091234	liquid
147.30	131.00	866.00	0.0011547	-41.917	-26.790	3.7448	0.81156	1.9561	546.67	0.0098044	7.0360e-05	0.087389	liquid
150.53	131.00	843.31	0.0011858	-35.920	-20.385	3.7878	0.80800	2.0065	521.66	0.016731	6.6116e-05	0.083613	liquid
153.77	131.00	819.47	0.0012203	-29.792	-13.806	3.8311	0.80508	2.0645	496.55	0.024777	6.2072e-05	0.079912	liquid
157.00	131.00	794.35	0.0012589	-23.517	-7.0257	3.8747	0.80284	2.1312	471.46	0.034153	5.8215e-05	0.076293	supercritical
160.23	131.00	767.79	0.0013024	-17.076	-0.014207	3.9189	0.80126	2.2075	446.54	0.045102	5.4533e-05	0.072762	supercritical
163.47	131.00	739.63	0.0013520	-10.451	7.2602	3.9639	0.80032	2.2938	422.04	0.057883	5.1019e-05	0.069324	supercritical
166.70	131.00	709.76	0.0014089	-3.6283	14.829	4.0097	0.79987	2.3889	398.28	0.072734	4.7668e-05	0.065983	supercritical
169.93	131.00	678.15	0.0014746	3.3968	22.714	4.0565	0.79971	2.4889	375.72	0.089799	4.4480e-05	0.062741	supercritical
173.17	131.00	644.93	0.0015506	10.607	30.919	4.1044	0.79955	2.5850	354.89	0.10900	4.1467e-05	0.059600	supercritical
176.40	131.00	610.49	0.0016380	17.954	39.412	4.1530	0.79906	2.6641	336.39	0.12994	3.8650e-05	0.056568	supercritical
179.63	131.00	575.53	0.0017375	25.352	48.113	4.2018	0.79787	2.7119	320.68	0.15192	3.6058e-05	0.053656	supercritical
182.87	131.00	540.97	0.0018485	32.688	56.904	4.2503	0.79563	2.7178	308.02	0.17395	3.3723e-05	0.050889	supercritical
186.10	131.00	507.79	0.0019693	39.840	65.638	4.2977	0.79210	2.6774	298.38	0.19490	3.1671e-05	0.048302	supercritical
189.33	131.00	476.80	0.0020973	46.698	74.173	4.3432	0.78727	2.5958	291.52	0.21370	2.9911e-05	0.045933	supercritical
192.57	131.00	448.54	0.0022294	53.188	82.394	4.3862	0.78139	2.4859	287.01	0.22963	2.8436e-05	0.043811	supercritical
195.80	131.00	423.18	0.0023631	59.278	90.235	4.4266	0.77483	2.3630	284.39	0.24244	2.7222e-05	0.041950	supercritical
199.03	131.00	400.62	0.0024962	64.975	97.674	4.4643	0.76799	2.2394	283.18	0.25229	2.6234e-05	0.040345	supercritical
202.27	131.00	380.60	0.0026274	70.305	104.72	4.4994	0.76117	2.1226	283.01	0.25950	2.5436e-05	0.038976	supercritical
205.50	131.00	362.83	0.0027561	75.307	111.41	4.5322	0.75457	2.0159	283.59	0.26447	2.4795e-05	0.037816	supercritical
208.73	131.00	347.00	0.0028818	80.020	117.77	4.5629	0.74833	1.9204	284.70	0.26758	2.4282e-05	0.036837	supercritical
211.97	131.00	332.83	0.0030046	84.482	123.84	4.5918	0.74250	1.8358	286.21	0.26919	2.3873e-05	0.036013	supercritical
215.20	131.00	320.07	0.0031243	88.726	129.65	4.6190	0.73711	1.7611	287.98	0.26957	2.3548e-05	0.035321	supercritical
218.43	131.00	308.53	0.0032411	92.780	135.24	4.6448	0.73216	1.6951	289.96	0.26896	2.3293e-05	0.034740	supercritical
221.67	131.00	298.04	0.0033553	96.670	140.62	4.6692	0.72763	1.6368	292.07	0.26757	2.3095e-05	0.034253	supercritical
224.90	131.00	288.45	0.0034668	100.42	145.83	4.6926	0.72350	1.5852	294.28	0.26555	2.2944e-05	0.033847	supercritical
228.13	131.00	279.64	0.0035760	104.03	150.88	4.7149	0.71973	1.5393	296.56	0.26304	2.2832e-05	0.033510	supercritical
231.37	131.00	271.51	0.0036830	107.54	155.79	4.7362	0.71629	1.4983	298.89	0.26014	2.2754e-05	0.033231	supercritical
234.60	131.00	263.99	0.0037880	110.95	160.57	4.7568	0.71317	1.4616	301.24	0.25694	2.2704e-05	0.033003	supercritical
237.83	131.00	257.00	0.0038910	114.27	165.25	4.7765	0.71032	1.4287	303.60	0.25350	2.2678e-05	0.032819	supercritical
241.07	131.00	250.48	0.0039923	117.52	169.82	4.7956	0.70773	1.3989	305.97	0.24989	2.2672e-05	0.032674	supercritical
244.30	131.00	244.38	0.0040919	120.69	174.30	4.8141	0.70537	1.3720	308.34	0.24615	2.2683e-05	0.032561	supercritical
247.53	131.00	238.66	0.0041900	123.80	178.69	4.8320	0.70322	1.3475	310.70	0.24231	2.2710e-05	0.032478	supercritical
250.77	131.00	233.28	0.0042867	126.86	183.01	4.8493	0.70126	1.3252	313.05	0.23841	2.2749e-05	0.032421	supercritical
254.00	131.00	228.20	0.0043821	129.86	187.26	4.8662	0.69948	1.3049	315.39	0.23447	2.2801e-05	0.032387	supercritical
257.23	131.00	223.40	0.0044762	132.81	191.45	4.8825	0.69786	1.2862	317.70	0.23051	2.2862e-05	0.032372	supercritical
260.47	131.00	218.86	0.0045692	135.73	195.58	4.8985	0.69639	1.2690	320.00	0.22655	2.2932e-05	0.032376	supercritical
263.70	131.00	214.54	0.0046610	138.60	199.66	4.9141	0.69505	1.2532	322.28	0.22260	2.3009e-05	0.032396	supercritical
266.93	131.00	210.44	0.0047519	141.44	203.69	4.9292	0.69384	1.2386	324.54	0.21867	2.3094e-05	0.032430	supercritical
270.17	131.00	206.53	0.0048418	144.24	207.67	4.9441	0.69275	1.2251	326.78	0.21477	2.3184e-05	0.032477	supercritical
273.40	131.00	202.81	0.0049308	147.02	211.61	4.9586	0.69176	1.2126	328.99	0.21090	2.3280e-05	0.032535	supercritical
276.63	131.00	199.25	0.0050189	149.77	215.51	4.9728	0.69086	1.2010	331.18	0.20708	2.3380e-05	0.032604	supercritical
279.87	131.00	195.84	0.0051063	152.49	219.38	4.9866	0.69006	1.1902	333.35	0.20330	2.3485e-05	0.032682	supercritical
283.10	131.00	192.57	0.0051928	155.18	223.21	5.0003	0.68935	1.1801	335.50	0.19957	2.3593e-05	0.032769	supercritical
286.33	131.00	189.44	0.0052787	157.86	227.01	5.0136	0.68872	1.1706	337.63	0.19589	2.3705e-05	0.032864	supercritical
289.57	131.00	186.43	0.0053639	160.51	230.78	5.0267	0.68816	1.1618	339.73	0.19227	2.3820e-05	0.032965	supercritical
292.80	131.00	183.54	0.0054484	163.15	234.52	5.0396	0.68767	1.1536	341.82	0.18870	2.3938e-05	0.033073	supercritical
296.03	131.00	180.76	0.0055323	165.77	238.24	5.0522	0.68725	1.1459	343.88	0.18519	2.4058e-05	0.033186	supercritical
299.27	131.00	178.08	0.0056156	168.37	241.93	5.0646	0.68689	1.1386	345.92	0.18174	2.4180e-05	0.033303	supercritical
302.50	131.00	175.49	0.0056983	170.96	245.61	5.0768	0.68660	1.1318	347.94	0.17834	2.4304e-05	0.033424	supercritical
305.73	131.00	172.99	0.0057806	173.53	249.25	5.0888	0.68635	1.1254	349.94	0.17500	2.4430e-05	0.033547	supercritical
308.97	131.00	170.58	0.0058623	176.09	252.88	5.1006	0.68616	1.1194	351.92	0.17171	2.4557e-05	0.033659	supercritical
312.20	131.00	168.25	0.0059435	178.63	256.49	5.1122	0.68602	1.1138	353.88	0.16848	2.4686e-05	0.033799	supercritical
315.43	131.00	166.00	0.0060243	181.17	260.09	5.1237	0.68593	1.1084	355.83	0.16531	2.4816e-05	0.033952	supercritical
318.67	131.00	163.81	0.0061046	183.69	263.66	5.1349	0.68589	1.1034	357.75	0.16219	2.4947e-05	0.034107	supercritical
321.90	131.00	161.70	0.0061845	186.21	267.22	5.1461	0.68589	1.0986	359.66	0.15913	2.5080e-05	0.034266	supercritical
325.13	131.00	159.64	0.0062639	188.71	270.77	5.1570	0.68593	1.0942	361.54	0.15612	2.5213e-05	0.034427	supercritical
328.37	131.00	157.65	0.0063430	191.20	274.30	5.1678	0.68601	1.0899	363.41	0.15316	2.5347e-05	0.034590	supercritical
331.60	131.00	155.72	0.0064217	193.69	277.82	5.1785	0.68612	1.0859	365.27	0.15026	2.5482e-05	0.034756	supercritical
334.83	131.00	153.84	0.0065001	196.17	281.32	5.1890	0.68628	1.0822	367.10	0.14741	2.5617e-05	0.034923	supercritical
338.07	131.00	152.02	0.0065781	198.64	284.81	5.1994	0.68647	1.0786	368.92	0.14461	2.5753e-05	0.035093	supercritical
341.30	131.00	150.25	0.0066558	201.11	288.30	5.2096	0.68669	1.0752	370.73	0.14185	2.5889e-05	0.035264	supercritical
344.53	131.00	148.52	0.0067331	203.56	291.77	5.2198	0.68695	1.0721	372.51	0.13915	2.6026e-05	0.035437	supercritical
347.77	131.00	146.84	0.0068101	206.02	295.23	5.2298	0.68723	1.0691	374.29	0.13649	2.6163e-05	0.035611	supercritical
351.00	131.00	145.20	0.0068869	208.46	298.68	5.2396	0.68755	1.0662	376.04	0.13389	2.6301e-05	0.035787	supercritical
354.23	131.00	143.61	0.0069633	210.90	302.12	5.2494	0.68789	1.0635	377.79	0.13132	2.6439e-05	0.035964	supercritical
357.47	131.00	142.06	0.0070395	213.34	305.56	5.2591	0.68827	1.0610	379.51	0.12880	2.6577e-05	0.036143	supercritical
360.70	131.00	140.54	0.0071154	215.77	308.98	5.2686	0.68867	1.0586	381.23	0.12633	2.6715e-05	0.036322	supercritical
363.93	131.00	139.06	0.0071910	218.20	312.40	5.2780	0.68909	1.0563	382.93	0.12390	2.6853e-05	0.036503	supercritical
367.17	131.00	137.62	0.0072664	220.63	315.82	5.2874	0.68954	1.0542	384.61	0.12151	2.6992e-05	0.036685	supercritical
370.40	131.00	136.21	0.0073416	223.05	319.22	5.2966	0.69001	1.0521	386.29	0.11917	2.7131e-05	0.036867	supercritical
373.63	131.00	134.83	0.0074165	225.46	322.62	5.3057	0.69050	1.0502	387.95	0.11686	2.7269e-05	0.037051	supercritical
376.87	131.00	133.49	0.0074912	227.88	326.01	5.3148	0.69102	1.0484	389.59	0.11459	2.7408e-05	0.037235	supercritical
380.10	131.00	132.18	0.0075657	230.29	329.40	5.3237	0.69156	1.0467	391.23	0.11237	2.7547e-05	0.037421	supercritical
383.33	131.00	130.89	0.0076399	232.70	332.78	5.3326	0.69212	1.0452	392.85	0.11018	2.7686e-05	0.037607	supercritical
386.57	131.00	129.64	0.0077140	235.11	336.16	5.3414	0.69269	1.0437	394.46	0.10802	2.7824e-05	0.037793	supercritical
389.80	131.00	128.41	0.0077878	237.51	339.53	5.3501	0.69329	1.0422	396.06	0.10591	2.7963e-05	0.037981	supercritical
393.03	131.00	127.20	0.0078615	239.91	342.90	5.3587	0.69390	1.0409	397.65	0.10383	2.8102e-05	0.038169	supercritical
396.27	131.00	126.02	0.0079349	242.31	346.26	5.3672	0.69453	1.0397	399.22	0.10179	2.8240e-05	0.038357	supercritical
399.50	131.00	124.87	0.0080082	244.71	349.62	5.3756	0.69518	1.0385	400.79	0.099777	2.8379e-05	0.038546	supercritical
402.73	131.00	123.74	0.0080813	247.11	352.98	5.3840	0.69584	1.0374	402.34	0.097801	2.8517e-05	0.038736	supercritical
405.97	131.00	122.63	0.0081543	249.51	356.33	5.3923	0.69652	1.0364	403.89	0.095859	2.8655e-05	0.038926	supercritical
409.20	131.00	121.55	0.0082271	251.90	359.68	5.4005	0.69721	1.0354	405.42	0.093948	2.8793e-05	0.039116	supercritical
412.43	131.00	120.49	0.0082997	254.30	363.03	5.4086	0.69792	1.0345	406.94	0.092069	2.8931e-05	0.039307	supercritical
415.67	131.00	119.44	0.0083721	256.69	366.37	5.4167	0.69864	1.0337	408.46	0.090222	2.9069e-05	0.039498	supercritical
418.90	131.00	118.42	0.0084444	259.09	369.71	5.4247	0.69938	1.0330	409.96	0.088404	2.9207e-05	0.039690	supercritical
422.13	131.00	117.42	0.0085166	261.48	373.05	5.4327	0.70012	1.0322	411.46	0.086617	2.9344e-05	0.039882	supercritical
425.37	131.00	116.43	0.0085886	263.88	376.39	5.4405	0.70088	1.0316	412.94	0.084859	2.9482e-05	0.040074	supercritical
428.60	131.00	115.47	0.0086605	266.27	379.72	5.4484	0.70165	1.0310	414.42	0.083129	2.9619e-05	0.040267	supercritical
431.83	131.00	114.52	0.0087322	268.66	383.05	5.4561	0.70243	1.0304	415.88	0.081427	2.9755e-05	0.040459	supercritical
435.07	131.00	113.59	0.0088038	271.05	386.38	5.4638	0.70322	1.0299	417.34	0.079753	2.9892e-05	0.040652	supercritical
438.30	131.00	112.67	0.0088753	273.45	389.71	5.4714	0.70402	1.0295	418.79	0.078106	3.0029e-05	0.040845	supercritical
441.53	131.00	111.77	0.0089466	275.84	393.04	5.4790	0.70483	1.0291	420.23	0.076485	3.0165e-05	0.041039	supercritical
444.77	131.00	110.89	0.0090178	278.23	396.37	5.4865	0.70565	1.0287	421.66	0.074890	3.0301e-05	0.041232	supercritical
448.00	131.00	110.02	0.0090889	280.63	399.69	5.4939	0.70647	1.0284	423.08	0.073320	3.0437e-05	0.041426	supercritical
451.23	131.00	109.17	0.0091599	283.02	403.02	5.5013	0.70731	1.0281	424.50	0.071776	3.0572e-05	0.041620	supercritical
454.47	131.00	108.33	0.0092308	285.42	406.34	5.5087	0.70815	1.0279	425.91	0.070255	3.0708e-05	0.041814	supercritical
457.70	131.00	107.51	0.0093015	287.82	409.67	5.5160	0.70900	1.0276	427.31	0.068759	3.0843e-05	0.042008	supercritical
460.93	131.00	106.70	0.0093722	290.21	412.99	5.5232	0.70986	1.0275	428.70	0.067286	3.0978e-05	0.042202	supercritical
464.17	131.00	105.90	0.0094427	292.61	416.31	5.5304	0.71072	1.0273	430.09	0.065835	3.1112e-05	0.042397	supercritical
467.40	131.00	105.12	0.0095132	295.01	419.63	5.5375	0.71159	1.0272	431.46	0.064408	3.1247e-05	0.042591	supercritical
470.63	131.00	104.35	0.0095835	297.41	422.95	5.5446	0.71246	1.0271	432.83	0.063002	3.1381e-05	0.042785	supercritical
473.87	131.00	103.59	0.0096537	299.81	426.27	5.5516	0.71334	1.0271	434.20	0.061618	3.1515e-05	0.042980	supercritical
477.10	131.00	102.84	0.0097239	302.21	429.59	5.5586	0.71423	1.0271	435.55	0.060256	3.1648e-05	0.043175	supercritical
480.33	131.00	102.10	0.0097939	304.61	432.91	5.5655	0.71512	1.0271	436.90	0.058914	3.1782e-05	0.043369	supercritical
483.57	131.00	101.38	0.0098639	307.02	436.24	5.5724	0.71601	1.0271	438.25	0.057592	3.1915e-05	0.043564	supercritical
486.80	131.00	100.67	0.0099337	309.42	439.56	5.5793	0.71691	1.0272	439.58	0.056291	3.2048e-05	0.043758	supercritical
490.03	131.00	99.965	0.010004	311.83	442.88	5.5861	0.71781	1.0272	440.91	0.055009	3.2180e-05	0.043953	supercritical
493.27	131.00	99.273	0.010073	314.24	446.20	5.5928	0.71872	1.0273	442.24	0.053747	3.2313e-05	0.044148	supercritical
496.50	131.00	98.592	0.010143	316.65	449.52	5.5995	0.71962	1.0275	443.55	0.052503	3.2445e-05	0.044343	supercritical
499.73	131.00	97.921	0.010212	319.06	452.84	5.6062	0.72054	1.0276	444.86	0.051279	3.2576e-05	0.044537	supercritical
502.97	131.00	97.259	0.010282	321.48	456.17	5.6128	0.72145	1.0278	446.17	0.050072	3.2708e-05	0.044732	supercritical
506.20	131.00	96.608	0.010351	323.89	459.49	5.6194	0.72237	1.0280	447.47	0.048883	3.2839e-05	0.044927	supercritical
509.43	131.00	95.965	0.010420	326.31	462.81	5.6260	0.72328	1.0282	448.76	0.047712	3.2970e-05	0.045121	supercritical
512.67	131.00	95.332	0.010490	328.72	466.14	5.6325	0.72420	1.0284	450.05	0.046557	3.3101e-05	0.045316	supercritical
515.90	131.00	94.708	0.010559	331.14	469.46	5.6389	0.72512	1.0286	451.33	0.045420	3.3232e-05	0.045510	supercritical
519.13	131.00	94.092	0.010628	333.57	472.79	5.6454	0.72605	1.0289	452.61	0.044300	3.3362e-05	0.045705	supercritical
522.37	131.00	93.485	0.010697	335.99	476.12	5.6518	0.72697	1.0292	453.88	0.043195	3.3492e-05	0.045899	supercritical
525.60	131.00	92.887	0.010766	338.41	479.45	5.6581	0.72790	1.0295	455.14	0.042107	3.3622e-05	0.046094	supercritical
528.83	131.00	92.297	0.010835	340.84	482.78	5.6644	0.72882	1.0298	456.40	0.041034	3.3751e-05	0.046288	supercritical
532.07	131.00	91.714	0.010903	343.27	486.11	5.6707	0.72975	1.0301	457.66	0.039977	3.3880e-05	0.046482	supercritical
535.30	131.00	91.140	0.010972	345.70	489.44	5.6769	0.73067	1.0304	458.91	0.038934	3.4009e-05	0.046676	supercritical
538.53	131.00	90.573	0.011041	348.13	492.77	5.6831	0.73160	1.0308	460.15	0.037907	3.4138e-05	0.046870	supercritical
541.77	131.00	90.014	0.011109	350.57	496.10	5.6893	0.73253	1.0311	461.39	0.036894	3.4266e-05	0.047065	supercritical
545.00	131.00	89.462	0.011178	353.01	499.44	5.6955	0.73345	1.0315	462.62	0.035895	3.4395e-05	0.047258	supercritical
548.23	131.00	88.917	0.011246	355.44	502.77	5.7016	0.73438	1.0319	463.85	0.034911	3.4523e-05	0.047452	supercritical
551.47	131.00	88.379	0.011315	357.88	506.11	5.7076	0.73530	1.0323	465.08	0.033940	3.4650e-05	0.047646	supercritical
554.70	131.00	87.848	0.011383	360.33	509.45	5.7137	0.73622	1.0327	466.30	0.032983	3.4778e-05	0.047840	supercritical
557.93	131.00	87.324	0.011452	362.77	512.79	5.7197	0.73715	1.0331	467.52	0.032039	3.4905e-05	0.048033	supercritical
561.17	131.00	86.807	0.011520	365.22	516.13	5.7256	0.73807	1.0335	468.73	0.031108	3.5032e-05	0.048227	supercritical
564.40	131.00	86.296	0.011588	367.67	519.47	5.7316	0.73899	1.0339	469.93	0.030190	3.5158e-05	0.048420	supercritical
567.63	131.00	85.792	0.011656	370.12	522.81	5.7375	0.73991	1.0344	471.14	0.029285	3.5285e-05	0.048614	supercritical
570.87	131.00	85.293	0.011724	372.57	526.16	5.7434	0.74083	1.0348	472.33	0.028391	3.5411e-05	0.048807	supercritical
574.10	131.00	84.801	0.011792	375.03	529.51	5.7492	0.74174	1.0353	473.53	0.027510	3.5537e-05	0.049000	supercritical
577.33	131.00	84.315	0.011860	377.48	532.85	5.7550	0.74266	1.0357	474.72	0.026641	3.5662e-05	0.049193	supercritical
580.57	131.00	83.835	0.011928	379.94	536.20	5.7608	0.74357	1.0362	475.90	0.025784	3.5788e-05	0.049386	supercritical
583.80	131.00	83.360	0.011996	382.41	539.55	5.7666	0.74448	1.0367	477.08	0.024938	3.5913e-05	0.049578	supercritical
587.03	131.00	82.891	0.012064	384.87	542.91	5.7723	0.74539	1.0371	478.26	0.024104	3.6038e-05	0.049771	supercritical
590.27	131.00	82.428	0.012132	387.34	546.26	5.7780	0.74629	1.0376	479.43	0.023281	3.6162e-05	0.049964	supercritical
593.50	131.00	81.970	0.012200	389.80	549.62	5.7837	0.74720	1.0381	480.60	0.022468	3.6287e-05	0.050156	supercritical
596.73	131.00	81.518	0.012267	392.27	552.97	5.7893	0.74810	1.0386	481.77	0.021667	3.6411e-05	0.050348	supercritical
599.97	131.00	81.071	0.012335	394.75	556.33	5.7949	0.74900	1.0391	482.93	0.020875	3.6534e-05	0.050540	supercritical
603.20	131.00	80.629	0.012403	397.22	559.69	5.8005	0.74989	1.0396	484.08	0.020095	3.6658e-05	0.050732	supercritical
606.43	131.00	80.192	0.012470	399.70	563.06	5.8061	0.75079	1.0401	485.24	0.019324	3.6781e-05	0.050924	supercritical
609.67	131.00	79.760	0.012538	402.18	566.42	5.8116	0.75168	1.0407	486.39	0.018564	3.6905e-05	0.051116	supercritical
612.90	131.00	79.333	0.012605	404.66	569.79	5.8171	0.75256	1.0412	487.53	0.017813	3.7028e-05	0.051308	supercritical
616.13	131.00	78.910	0.012673	407.14	573.15	5.8226	0.75345	1.0417	488.68	0.017072	3.7150e-05	0.051499	supercritical
619.37	131.00	78.493	0.012740	409.63	576.52	5.8280	0.75433	1.0422	489.82	0.016340	3.7273e-05	0.051691	supercritical
622.60	131.00	78.080	0.012807	412.12	579.89	5.8335	0.75521	1.0428	490.95	0.015618	3.7395e-05	0.051882	supercritical
625.83	131.00	77.671	0.012875	414.61	583.27	5.8389	0.75608	1.0433	492.08	0.014905	3.7517e-05	0.052073	supercritical
629.07	131.00	77.268	0.012942	417.10	586.64	5.8442	0.75696	1.0438	493.21	0.014201	3.7638e-05	0.052264	supercritical
632.30	131.00	76.868	0.013009	419.59	590.02	5.8496	0.75783	1.0444	494.34	0.013506	3.7760e-05	0.052455	supercritical
635.53	131.00	76.473	0.013077	422.09	593.39	5.8549	0.75869	1.0449	495.46	0.012820	3.7881e-05	0.052645	supercritical
638.77	131.00	76.082	0.013144	424.59	596.77	5.8602	0.75955	1.0455	496.58	0.012143	3.8002e-05	0.052836	supercritical
642.00	131.00	75.695	0.013211	427.09	600.15	5.8655	0.76041	1.0460	497.69	0.011473	3.8123e-05	0.053026	supercritical
645.23	131.00	75.313	0.013278	429.60	603.54	5.8708	0.76127	1.0466	498.80	0.010812	3.8243e-05	0.053217	supercritical
648.47	131.00	74.934	0.013345	432.10	606.92	5.8760	0.76212	1.0471	499.91	0.010160	3.8364e-05	0.053407	supercritical
651.70	131.00	74.559	0.013412	434.61	610.31	5.8812	0.76297	1.0477	501.02	0.0095150	3.8484e-05	0.053597	supercritical
654.93	131.00	74.189	0.013479	437.12	613.70	5.8864	0.76381	1.0482	502.12	0.0088783	3.8604e-05	0.053787	supercritical
658.17	131.00	73.822	0.013546	439.63	617.09	5.8916	0.76465	1.0488	503.22	0.0082493	3.8723e-05	0.053976	supercritical
661.40	131.00	73.459	0.013613	442.15	620.48	5.8967	0.76549	1.0493	504.32	0.0076280	3.8843e-05	0.054166	supercritical
664.63	131.00	73.099	0.013680	444.66	623.87	5.9018	0.76632	1.0499	505.41	0.0070142	3.8962e-05	0.054355	supercritical
667.87	131.00	72.744	0.013747	447.18	627.27	5.9069	0.76715	1.0504	506.50	0.0064078	3.9081e-05	0.054545	supercritical
671.10	131.00	72.391	0.013814	449.71	630.67	5.9120	0.76798	1.0510	507.59	0.0058086	3.9200e-05	0.054734	supercritical
674.33	131.00	72.043	0.013881	452.23	634.06	5.9170	0.76880	1.0516	508.67	0.0052167	3.9318e-05	0.054923	supercritical
677.57	131.00	71.698	0.013947	454.75	637.47	5.9221	0.76962	1.0521	509.75	0.0046318	3.9436e-05	0.055112	supercritical
680.80	131.00	71.356	0.014014	457.28	640.87	5.9271	0.77043	1.0527	510.83	0.0040539	3.9554e-05	0.055301	supercritical
684.03	131.00	71.018	0.014081	459.81	644.27	5.9321	0.77124	1.0532	511.91	0.0034828	3.9672e-05	0.055489	supercritical
687.27	131.00	70.683	0.014148	462.34	647.68	5.9370	0.77205	1.0538	512.98	0.0029184	3.9790e-05	0.055678	supercritical
690.50	131.00	70.351	0.014214	464.88	651.09	5.9420	0.77285	1.0543	514.05	0.0023606	3.9907e-05	0.055866	supercritical
693.73	131.00	70.023	0.014281	467.42	654.50	5.9469	0.77365	1.0549	515.12	0.0018094	4.0025e-05	0.056054	supercritical
696.97	131.00	69.698	0.014348	469.95	657.91	5.9518	0.77444	1.0555	516.18	0.0012645	4.0142e-05	0.056242	supercritical
700.20	131.00	69.376	0.014414	472.50	661.32	5.9567	0.77523	1.0560	517.24	0.00072597	4.0258e-05	0.056430	supercritical
703.43	131.00	69.057	0.014481	475.04	664.74	5.9616	0.77602	1.0566	518.30	0.00019364	4.0375e-05	0.056618	supercritical
706.67	131.00	68.741	0.014547	477.58	668.16	5.9664	0.77680	1.0571	519.36	-0.00033258	4.0491e-05	0.056805	supercritical
709.90	131.00	68.428	0.014614	480.13	671.57	5.9712	0.77758	1.0577	520.41	-0.00085278	4.0607e-05	0.056993	supercritical
713.13	131.00	68.118	0.014680	482.68	675.00	5.9760	0.77835	1.0583	521.47	-0.0013670	4.0723e-05	0.057180	supercritical
716.37	131.00	67.811	0.014747	485.23	678.42	5.9808	0.77912	1.0588	522.52	-0.0018755	4.0839e-05	0.057367	supercritical
719.60	131.00	67.506	0.014813	487.79	681.84	5.9856	0.77988	1.0594	523.56	-0.0023782	4.0955e-05	0.057554	supercritical
722.83	131.00	67.205	0.014880	490.34	685.27	5.9904	0.78065	1.0599	524.61	-0.0028752	4.1070e-05	0.057741	supercritical
726.07	131.00	66.906	0.014946	492.90	688.70	5.9951	0.78140	1.0605	525.65	-0.0033667	4.1185e-05	0.057928	supercritical
729.30	131.00	66.611	0.015013	495.46	692.13	5.9998	0.78216	1.0610	526.69	-0.0038527	4.1300e-05	0.058114	supercritical
732.53	131.00	66.317	0.015079	498.02	695.56	6.0045	0.78291	1.0616	527.72	-0.0043332	4.1415e-05	0.058301	supercritical
735.77	131.00	66.027	0.015145	500.59	698.99	6.0092	0.78365	1.0621	528.76	-0.0048085	4.1529e-05	0.058487	supercritical
739.00	131.00	65.739	0.015212	503.15	702.43	6.0138	0.78439	1.0627	529.79	-0.0052785	4.1644e-05	0.058673	supercritical
742.23	131.00	65.454	0.015278	505.72	705.86	6.0185	0.78513	1.0632	530.82	-0.0057434	4.1758e-05	0.058859	supercritical
745.47	131.00	65.171	0.015344	508.29	709.30	6.0231	0.78586	1.0638	531.84	-0.0062032	4.1872e-05	0.059045	supercritical
748.70	131.00	64.891	0.015410	510.86	712.74	6.0277	0.78659	1.0643	532.87	-0.0066579	4.1986e-05	0.059231	supercritical
751.93	131.00	64.613	0.015477	513.44	716.18	6.0323	0.78732	1.0649	533.89	-0.0071078	4.2099e-05	0.059416	supercritical
755.17	131.00	64.338	0.015543	516.02	719.63	6.0369	0.78804	1.0654	534.91	-0.0075527	4.2213e-05	0.059602	supercritical
758.40	131.00	64.065	0.015609	518.59	723.07	6.0414	0.78876	1.0659	535.93	-0.0079929	4.2326e-05	0.059787	supercritical
761.63	131.00	63.795	0.015675	521.17	726.52	6.0459	0.78947	1.0665	536.94	-0.0084284	4.2439e-05	0.059972	supercritical
764.87	131.00	63.526	0.015741	523.76	729.97	6.0505	0.79018	1.0670	537.96	-0.0088592	4.2552e-05	0.060157	supercritical
768.10	131.00	63.261	0.015808	526.34	733.42	6.0550	0.79088	1.0676	538.97	-0.0092855	4.2664e-05	0.060342	supercritical
771.33	131.00	62.997	0.015874	528.93	736.87	6.0595	0.79158	1.0681	539.98	-0.0097072	4.2777e-05	0.060527	supercritical
774.57	131.00	62.736	0.015940	531.52	740.33	6.0639	0.79228	1.0686	540.98	-0.010124	4.2889e-05	0.060711	supercritical
777.80	131.00	62.477	0.016006	534.11	743.78	6.0684	0.79297	1.0692	541.99	-0.010537	4.3001e-05	0.060896	supercritical
781.03	131.00	62.220	0.016072	536.70	747.24	6.0728	0.79366	1.0697	542.99	-0.010946	4.3113e-05	0.061080	supercritical
784.27	131.00	61.966	0.016138	539.29	750.70	6.0772	0.79434	1.0702	543.99	-0.011350	4.3225e-05	0.061264	supercritical
787.50	131.00	61.713	0.016204	541.89	754.16	6.0816	0.79503	1.0707	544.99	-0.011750	4.3336e-05	0.061448	supercritical
790.73	131.00	61.463	0.016270	544.49	757.63	6.0860	0.79570	1.0713	545.98	-0.012146	4.3447e-05	0.061632	supercritical
793.97	131.00	61.214	0.016336	547.09	761.09	6.0904	0.79638	1.0718	546.98	-0.012538	4.3559e-05	0.061816	supercritical
797.20	131.00	60.968	0.016402	549.69	764.56	6.0948	0.79704	1.0723	547.97	-0.012926	4.3669e-05	0.061999	supercritical
800.43	131.00	60.724	0.016468	552.29	768.02	6.0991	0.79771	1.0728	548.96	-0.013310	4.3780e-05	0.062183	supercritical
803.67	131.00	60.482	0.016534	554.90	771.49	6.1034	0.79837	1.0733	549.95	-0.013690	4.3891e-05	0.062366	supercritical
806.90	131.00	60.242	0.016600	557.51	774.97	6.1077	0.79903	1.0739	550.93	-0.014066	4.4001e-05	0.062549	supercritical
810.13	131.00	60.004	0.016666	560.12	778.44	6.1120	0.79968	1.0744	551.92	-0.014439	4.4112e-05	0.062733	supercritical
813.37	131.00	59.767	0.016732	562.73	781.91	6.1163	0.80033	1.0749	552.90	-0.014807	4.4222e-05	0.062915	supercritical
816.60	131.00	59.533	0.016797	565.34	785.39	6.1206	0.80098	1.0754	553.88	-0.015172	4.4332e-05	0.063098	supercritical
819.83	131.00	59.300	0.016863	567.96	788.87	6.1248	0.80162	1.0759	554.86	-0.015533	4.4441e-05	0.063281	supercritical
823.07	131.00	59.070	0.016929	570.57	792.35	6.1291	0.80226	1.0764	555.83	-0.015891	4.4551e-05	0.063463	supercritical
826.30	131.00	58.841	0.016995	573.19	795.83	6.1333	0.80289	1.0769	556.80	-0.016245	4.4660e-05	0.063646	supercritical
829.53	131.00	58.614	0.017061	575.81	799.31	6.1375	0.80352	1.0774	557.78	-0.016596	4.4770e-05	0.063828	supercritical
832.77	131.00	58.389	0.017127	578.44	802.79	6.1417	0.80415	1.0779	558.75	-0.016943	4.4879e-05	0.064010	supercritical
836.00	131.00	58.165	0.017192	581.06	806.28	6.1459	0.80477	1.0784	559.72	-0.017287	4.4988e-05	0.064192	supercritical
839.23	131.00	57.944	0.017258	583.69	809.77	6.1500	0.80539	1.0789	560.68	-0.017627	4.5096e-05	0.064374	supercritical
842.47	131.00	57.724	0.017324	586.31	813.26	6.1542	0.80600	1.0794	561.65	-0.017964	4.5205e-05	0.064556	supercritical
845.70	131.00	57.506	0.017390	588.94	816.75	6.1583	0.80662	1.0799	562.61	-0.018298	4.5313e-05	0.064737	supercritical
848.93	131.00	57.289	0.017455	591.58	820.24	6.1624	0.80722	1.0804	563.57	-0.018629	4.5422e-05	0.064919	supercritical
852.17	131.00	57.074	0.017521	594.21	823.73	6.1665	0.80783	1.0808	564.53	-0.018956	4.5530e-05	0.065100	supercritical
855.40	131.00	56.861	0.017587	596.84	827.23	6.1706	0.80843	1.0813	565.49	-0.019281	4.5638e-05	0.065281	supercritical
858.63	131.00	56.649	0.017652	599.48	830.73	6.1747	0.80903	1.0818	566.44	-0.019602	4.5745e-05	0.065462	supercritical
861.87	131.00	56.440	0.017718	602.12	834.23	6.1788	0.80962	1.0823	567.39	-0.019920	4.5853e-05	0.065643	supercritical
865.10	131.00	56.231	0.017784	604.76	837.73	6.1828	0.81021	1.0828	568.35	-0.020235	4.5960e-05	0.065824	supercritical
868.33	131.00	56.024	0.017849	607.40	841.23	6.1869	0.81080	1.0832	569.30	-0.020547	4.6068e-05	0.066004	supercritical
871.57	131.00	55.819	0.017915	610.04	844.73	6.1909	0.81138	1.0837	570.24	-0.020857	4.6175e-05	0.066185	supercritical
874.80	131.00	55.615	0.017981	612.69	848.24	6.1949	0.81196	1.0842	571.19	-0.021163	4.6282e-05	0.066365	supercritical
878.03	131.00	55.413	0.018046	615.34	851.74	6.1989	0.81254	1.0847	572.14	-0.021467	4.6389e-05	0.066546	supercritical
881.27	131.00	55.213	0.018112	617.99	855.25	6.2029	0.81311	1.0851	573.08	-0.021767	4.6495e-05	0.066726	supercritical
884.50	131.00	55.013	0.018177	620.64	858.76	6.2069	0.81368	1.0856	574.02	-0.022065	4.6602e-05	0.066906	supercritical
887.73	131.00	54.816	0.018243	623.29	862.27	6.2108	0.81425	1.0861	574.96	-0.022360	4.6708e-05	0.067086	supercritical
890.97	131.00	54.619	0.018309	625.94	865.78	6.2148	0.81481	1.0865	575.90	-0.022653	4.6814e-05	0.067265	supercritical
894.20	131.00	54.425	0.018374	628.60	869.30	6.2187	0.81537	1.0870	576.83	-0.022943	4.6920e-05	0.067445	supercritical
897.43	131.00	54.231	0.018440	631.25	872.81	6.2226	0.81593	1.0874	577.77	-0.023230	4.7026e-05	0.067624	supercritical
900.67	131.00	54.039	0.018505	633.91	876.33	6.2266	0.81648	1.0879	578.70	-0.023514	4.7132e-05	0.067804	supercritical
903.90	131.00	53.848	0.018571	636.57	879.85	6.2305	0.81703	1.0883	579.63	-0.023796	4.7238e-05	0.067983	supercritical
907.13	131.00	53.659	0.018636	639.23	883.37	6.2343	0.81757	1.0888	580.56	-0.024075	4.7343e-05	0.068162	supercritical
910.37	131.00	53.471	0.018702	641.90	886.89	6.2382	0.81812	1.0892	581.49	-0.024352	4.7448e-05	0.068341	supercritical
913.60	131.00	53.285	0.018767	644.56	890.41	6.2421	0.81866	1.0897	582.42	-0.024627	4.7554e-05	0.068520	supercritical
916.83	131.00	53.100	0.018833	647.23	893.93	6.2459	0.81919	1.0901	583.34	-0.024899	4.7659e-05	0.068699	supercritical
920.07	131.00	52.916	0.018898	649.90	897.46	6.2498	0.81973	1.0906	584.26	-0.025168	4.7764e-05	0.068877	supercritical
923.30	131.00	52.733	0.018963	652.57	900.99	6.2536	0.82026	1.0910	585.19	-0.025435	4.7868e-05	0.069056	supercritical
926.53	131.00	52.552	0.019029	655.24	904.51	6.2574	0.82078	1.0914	586.11	-0.025700	4.7973e-05	0.069234	supercritical
929.77	131.00	52.372	0.019094	657.91	908.04	6.2612	0.82131	1.0919	587.03	-0.025963	4.8077e-05	0.069413	supercritical
933.00	131.00	52.193	0.019160	660.58	911.58	6.2650	0.82183	1.0923	587.94	-0.026223	4.8182e-05	0.069591	supercritical
936.23	131.00	52.015	0.019225	663.26	915.11	6.2688	0.82235	1.0927	588.86	-0.026480	4.8286e-05	0.069769	supercritical
939.47	131.00	51.839	0.019290	665.94	918.64	6.2726	0.82286	1.0932	589.77	-0.026736	4.8390e-05	0.069947	supercritical
942.70	131.00	51.664	0.019356	668.62	922.18	6.2763	0.82337	1.0936	590.68	-0.026989	4.8494e-05	0.070124	supercritical
945.93	131.00	51.490	0.019421	671.30	925.71	6.2801	0.82388	1.0940	591.59	-0.027241	4.8597e-05	0.070302	supercritical
949.17	131.00	51.317	0.019487	673.98	929.25	6.2838	0.82439	1.0945	592.50	-0.027490	4.8701e-05	0.070480	supercritical
952.40	131.00	51.146	0.019552	676.66	932.79	6.2875	0.82489	1.0949	593.41	-0.027737	4.8804e-05	0.070657	supercritical
955.63	131.00	50.975	0.019617	679.35	936.33	6.2912	0.82539	1.0953	594.32	-0.027981	4.8908e-05	0.070834	supercritical
958.87	131.00	50.806	0.019683	682.03	939.87	6.2949	0.82589	1.0957	595.22	-0.028224	4.9011e-05	0.071012	supercritical
962.10	131.00	50.638	0.019748	684.72	943.42	6.2986	0.82638	1.0961	596.13	-0.028465	4.9114e-05	0.071189	supercritical
965.33	131.00	50.471	0.019813	687.41	946.96	6.3023	0.82688	1.0965	597.03	-0.028703	4.9217e-05	0.071366	supercritical
968.57	131.00	50.305	0.019879	690.10	950.51	6.3060	0.82737	1.0970	597.93	-0.028940	4.9320e-05	0.071542	supercritical
971.80	131.00	50.141	0.019944	692.79	954.06	6.3096	0.82785	1.0974	598.83	-0.029174	4.9422e-05	0.071719	supercritical
975.03	131.00	49.977	0.020009	695.48	957.60	6.3133	0.82833	1.0978	599.72	-0.029407	4.9525e-05	0.071896	supercritical
978.27	131.00	49.815	0.020074	698.18	961.15	6.3169	0.82881	1.0982	600.62	-0.029638	4.9627e-05	0.072072	supercritical
981.50	131.00	49.653	0.020140	700.88	964.71	6.3205	0.82929	1.0986	601.52	-0.029866	4.9730e-05	0.072249	supercritical
984.73	131.00	49.493	0.020205	703.57	968.26	6.3241	0.82977	1.0990	602.41	-0.030093	4.9832e-05	0.072425	supercritical
987.97	131.00	49.333	0.020270	706.27	971.81	6.3277	0.83024	1.0994	603.30	-0.030318	4.9934e-05	0.072601	supercritical
991.20	131.00	49.175	0.020335	708.97	975.37	6.3313	0.83071	1.0998	604.19	-0.030541	5.0036e-05	0.072777	supercritical
994.43	131.00	49.018	0.020401	711.68	978.92	6.3349	0.83118	1.1002	605.08	-0.030762	5.0137e-05	0.072953	supercritical
997.67	131.00	48.862	0.020466	714.38	982.48	6.3385	0.83164	1.1006	605.97	-0.030982	5.0239e-05	0.073129	supercritical
1000.9	131.00	48.707	0.020531	717.08	986.04	6.3420	0.83210	1.1010	606.85	-0.031199	5.0341e-05	0.073305	supercritical
1004.1	131.00	48.552	0.020596	719.79	989.60	6.3456	0.83256	1.1014	607.74	-0.031415	5.0442e-05	0.073480	supercritical
1007.4	131.00	48.399	0.020662	722.50	993.16	6.3491	0.83302	1.1017	608.62	-0.031629	5.0543e-05	0.073656	supercritical
1010.6	131.00	48.247	0.020727	725.21	996.73	6.3527	0.83347	1.1021	609.50	-0.031842	5.0644e-05	0.073831	supercritical
1013.8	131.00	48.096	0.020792	727.92	1000.3	6.3562	0.83392	1.1025	610.38	-0.032052	5.0745e-05	0.074006	supercritical
1017.1	131.00	47.945	0.020857	730.63	1003.9	6.3597	0.83437	1.1029	611.26	-0.032261	5.0846e-05	0.074181	supercritical
1020.3	131.00	47.796	0.020922	733.34	1007.4	6.3632	0.83482	1.1033	612.14	-0.032468	5.0947e-05	0.074357	supercritical
1023.5	131.00	47.648	0.020987	736.06	1011.0	6.3667	0.83526	1.1037	613.02	-0.032674	5.1048e-05	0.074531	supercritical
1026.8	131.00	47.500	0.021053	738.77	1014.6	6.3702	0.83571	1.1040	613.89	-0.032878	5.1148e-05	0.074706	supercritical
1030.0	131.00	47.354	0.021118	741.49	1018.1	6.3736	0.83615	1.1044	614.77	-0.033080	5.1248e-05	0.074881	supercritical
1033.2	131.00	47.208	0.021183	744.21	1021.7	6.3771	0.83658	1.1048	615.64	-0.033281	5.1349e-05	0.075056	supercritical
1036.5	131.00	47.063	0.021248	746.93	1025.3	6.3806	0.83702	1.1052	616.51	-0.033480	5.1449e-05	0.075230	supercritical
1039.7	131.00	46.919	0.021313	749.65	1028.8	6.3840	0.83745	1.1055	617.38	-0.033678	5.1549e-05	0.075405	supercritical
1042.9	131.00	46.776	0.021378	752.37	1032.4	6.3874	0.83788	1.1059	618.25	-0.033874	5.1649e-05	0.075579	supercritical
1046.2	131.00	46.634	0.021443	755.09	1036.0	6.3909	0.83831	1.1063	619.12	-0.034068	5.1749e-05	0.075753	supercritical
1049.4	131.00	46.493	0.021508	757.82	1039.6	6.3943	0.83873	1.1066	619.98	-0.034261	5.1848e-05	0.075927	supercritical
1052.6	131.00	46.353	0.021574	760.54	1043.2	6.3977	0.83916	1.1070	620.85	-0.034453	5.1948e-05	0.076101	supercritical
1055.9	131.00	46.214	0.021639	763.27	1046.7	6.4011	0.83958	1.1074	621.71	-0.034643	5.2047e-05	0.076275	supercritical
1059.1	131.00	46.075	0.021704	766.00	1050.3	6.4045	0.84000	1.1077	622.57	-0.034831	5.2147e-05	0.076449	supercritical
1062.3	131.00	45.937	0.021769	768.73	1053.9	6.4078	0.84041	1.1081	623.43	-0.035018	5.2246e-05	0.076622	supercritical
1065.6	131.00	45.800	0.021834	771.46	1057.5	6.4112	0.84083	1.1085	624.29	-0.035204	5.2345e-05	0.076796	supercritical
1068.8	131.00	45.664	0.021899	774.19	1061.1	6.4146	0.84124	1.1088	625.15	-0.035388	5.2444e-05	0.076969	supercritical
1072.0	131.00	45.529	0.021964	776.92	1064.7	6.4179	0.84165	1.1092	626.01	-0.035571	5.2543e-05	0.077143	supercritical
1075.3	131.00	45.395	0.022029	779.66	1068.2	6.4213	0.84206	1.1095	626.87	-0.035752	5.2641e-05	0.077316	supercritical
1078.5	131.00	45.261	0.022094	782.40	1071.8	6.4246	0.84246	1.1099	627.72	-0.035932	5.2740e-05	0.077489	supercritical
1081.7	131.00	45.128	0.022159	785.13	1075.4	6.4279	0.84287	1.1102	628.57	-0.036111	5.2839e-05	0.077662	supercritical
1085.0	131.00	44.996	0.022224	787.87	1079.0	6.4312	0.84327	1.1106	629.43	-0.036288	5.2937e-05	0.077835	supercritical
1088.2	131.00	44.865	0.022289	790.61	1082.6	6.4345	0.84367	1.1109	630.28	-0.036464	5.3035e-05	0.078008	supercritical
1091.4	131.00	44.734	0.022354	793.35	1086.2	6.4378	0.84407	1.1113	631.13	-0.036639	5.3134e-05	0.078181	supercritical
1094.7	131.00	44.604	0.022419	796.09	1089.8	6.4411	0.84446	1.1116	631.98	-0.036812	5.3232e-05	0.078353	supercritical
1097.9	131.00	44.476	0.022484	798.84	1093.4	6.4444	0.84486	1.1120	632.82	-0.036984	5.3330e-05	0.078526	supercritical
1101.1	131.00	44.347	0.022549	801.58	1097.0	6.4477	0.84525	1.1123	633.67	-0.037155	5.3428e-05	0.078698	supercritical
1104.4	131.00	44.220	0.022614	804.33	1100.6	6.4509	0.84564	1.1126	634.51	-0.037324	5.3525e-05	0.078871	supercritical
1107.6	131.00	44.093	0.022679	807.07	1104.2	6.4542	0.84603	1.1130	635.36	-0.037492	5.3623e-05	0.079043	supercritical
1110.8	131.00	43.967	0.022744	809.82	1107.8	6.4574	0.84641	1.1133	636.20	-0.037659	5.3721e-05	0.079215	supercritical
1114.1	131.00	43.842	0.022809	812.57	1111.4	6.4607	0.84680	1.1136	637.04	-0.037825	5.3818e-05	0.079387	supercritical
1117.3	131.00	43.717	0.022874	815.32	1115.0	6.4639	0.84718	1.1140	637.88	-0.037990	5.3915e-05	0.079559	supercritical
1120.5	131.00	43.594	0.022939	818.07	1118.6	6.4671	0.84756	1.1143	638.72	-0.038153	5.4013e-05	0.079731	supercritical
1123.8	131.00	43.470	0.023004	820.82	1122.2	6.4703	0.84794	1.1146	639.56	-0.038315	5.4110e-05	0.079903	supercritical
1127.0	131.00	43.348	0.023069	823.58	1125.8	6.4735	0.84832	1.1150	640.39	-0.038476	5.4207e-05	0.080075	supercritical
1130.2	131.00	43.226	0.023134	826.33	1129.4	6.4767	0.84869	1.1153	641.23	-0.038636	5.4304e-05	0.080246	supercritical
1133.5	131.00	43.105	0.023199	829.09	1133.0	6.4799	0.84907	1.1156	642.06	-0.038794	5.4401e-05	0.080418	supercritical
1136.7	131.00	42.985	0.023264	831.84	1136.6	6.4831	0.84944	1.1160	642.90	-0.038952	5.4497e-05	0.080589	supercritical
1139.9	131.00	42.865	0.023329	834.60	1140.2	6.4863	0.84981	1.1163	643.73	-0.039108	5.4594e-05	0.080760	supercritical
1143.2	131.00	42.746	0.023394	837.36	1143.8	6.4894	0.85018	1.1166	644.56	-0.039263	5.4691e-05	0.080932	supercritical
1146.4	131.00	42.628	0.023459	840.12	1147.4	6.4926	0.85054	1.1169	645.39	-0.039417	5.4787e-05	0.081103	supercritical
1149.6	131.00	42.510	0.023524	842.88	1151.0	6.4957	0.85091	1.1173	646.22	-0.039570	5.4883e-05	0.081274	supercritical
1152.9	131.00	42.393	0.023589	845.65	1154.7	6.4989	0.85127	1.1176	647.05	-0.039722	5.4980e-05	0.081445	supercritical
1156.1	131.00	42.277	0.023653	848.41	1158.3	6.5020	0.85163	1.1179	647.87	-0.039873	5.5076e-05	0.081616	supercritical
1159.3	131.00	42.161	0.023718	851.18	1161.9	6.5051	0.85199	1.1182	648.70	-0.040022	5.5172e-05	0.081786	supercritical
1162.6	131.00	42.046	0.023783	853.94	1165.5	6.5082	0.85235	1.1185	649.52	-0.040171	5.5268e-05	0.081957	supercritical
1165.8	131.00	41.932	0.023848	856.71	1169.1	6.5113	0.85271	1.1188	650.34	-0.040319	5.5363e-05	0.082128	supercritical
1169.0	131.00	41.818	0.023913	859.48	1172.7	6.5144	0.85306	1.1192	651.17	-0.040465	5.5459e-05	0.082298	supercritical
1172.3	131.00	41.705	0.023978	862.25	1176.4	6.5175	0.85342	1.1195	651.99	-0.040611	5.5555e-05	0.082468	supercritical
1175.5	131.00	41.592	0.024043	865.02	1180.0	6.5206	0.85377	1.1198	652.81	-0.040755	5.5650e-05	0.082639	supercritical
1178.7	131.00	41.481	0.024108	867.79	1183.6	6.5237	0.85412	1.1201	653.63	-0.040899	5.5746e-05	0.082809	supercritical
1182.0	131.00	41.369	0.024173	870.56	1187.2	6.5268	0.85447	1.1204	654.44	-0.041041	5.5841e-05	0.082979	supercritical
1185.2	131.00	41.259	0.024237	873.33	1190.8	6.5298	0.85482	1.1207	655.26	-0.041183	5.5936e-05	0.083149	supercritical
1188.4	131.00	41.148	0.024302	876.11	1194.5	6.5329	0.85516	1.1210	656.07	-0.041323	5.6032e-05	0.083319	supercritical
1191.7	131.00	41.039	0.024367	878.88	1198.1	6.5359	0.85551	1.1213	656.89	-0.041462	5.6127e-05	0.083489	supercritical
1194.9	131.00	40.930	0.024432	881.66	1201.7	6.5390	0.85585	1.1216	657.70	-0.041601	5.6222e-05	0.083659	supercritical
1198.1	131.00	40.822	0.024497	884.44	1205.3	6.5420	0.85619	1.1219	658.51	-0.041739	5.6317e-05	0.083828	supercritical
1201.4	131.00	40.714	0.024562	887.22	1209.0	6.5450	0.85653	1.1222	659.32	-0.041875	5.6411e-05	0.083998	supercritical
1204.6	131.00	40.607	0.024627	890.00	1212.6	6.5480	0.85687	1.1225	660.13	-0.042011	5.6506e-05	0.084167	supercritical
1207.8	131.00	40.500	0.024691	892.78	1216.2	6.5510	0.85721	1.1228	660.94	-0.042146	5.6601e-05	0.084337	supercritical
1211.1	131.00	40.394	0.024756	895.56	1219.9	6.5540	0.85755	1.1231	661.75	-0.042279	5.6695e-05	0.084506	supercritical
1214.3	131.00	40.288	0.024821	898.34	1223.5	6.5570	0.85788	1.1234	662.56	-0.042412	5.6790e-05	0.084675	supercritical
1217.5	131.00	40.184	0.024886	901.12	1227.1	6.5600	0.85821	1.1237	663.36	-0.042544	5.6884e-05	0.084845	supercritical
1220.8	131.00	40.079	0.024951	903.91	1230.8	6.5630	0.85855	1.1240	664.17	-0.042675	5.6978e-05	0.085014	supercritical
1224.0	131.00	39.975	0.025015	906.69	1234.4	6.5660	0.85888	1.1243	664.97	-0.042806	5.7072e-05	0.085183	supercritical
1227.2	131.00	39.872	0.025080	909.48	1238.0	6.5689	0.85921	1.1246	665.77	-0.042935	5.7166e-05	0.085352	supercritical
1230.5	131.00	39.769	0.025145	912.27	1241.7	6.5719	0.85954	1.1249	666.58	-0.043063	5.7260e-05	0.085520	supercritical
1233.7	131.00	39.667	0.025210	915.06	1245.3	6.5749	0.85986	1.1252	667.38	-0.043191	5.7354e-05	0.085689	supercritical
1236.9	131.00	39.565	0.025275	917.85	1248.9	6.5778	0.86019	1.1255	668.18	-0.043318	5.7448e-05	0.085858	supercritical
1240.2	131.00	39.464	0.025339	920.64	1252.6	6.5807	0.86051	1.1258	668.97	-0.043444	5.7542e-05	0.086026	supercritical
1243.4	131.00	39.364	0.025404	923.43	1256.2	6.5837	0.86084	1.1261	669.77	-0.043569	5.7635e-05	0.086195	supercritical
1246.6	131.00	39.263	0.025469	926.22	1259.9	6.5866	0.86116	1.1264	670.57	-0.043693	5.7729e-05	0.086363	supercritical
1249.9	131.00	39.164	0.025534	929.02	1263.5	6.5895	0.86148	1.1267	671.36	-0.043816	5.7823e-05	0.086532	supercritical
1253.1	131.00	39.065	0.025599	931.81	1267.2	6.5924	0.86180	1.1269	672.16	-0.043939	5.7916e-05	0.086700	supercritical
1256.3	131.00	38.966	0.025663	934.61	1270.8	6.5953	0.86212	1.1272	672.95	-0.044060	5.8009e-05	0.086868	supercritical
1259.6	131.00	38.868	0.025728	937.40	1274.4	6.5982	0.86244	1.1275	673.74	-0.044181	5.8102e-05	0.087036	supercritical
1262.8	131.00	38.770	0.025793	940.20	1278.1	6.6011	0.86275	1.1278	674.54	-0.044301	5.8196e-05	0.087204	supercritical
1266.0	131.00	38.673	0.025858	943.00	1281.7	6.6040	0.86307	1.1281	675.33	-0.044421	5.8289e-05	0.087372	supercritical
1269.3	131.00	38.577	0.025922	945.80	1285.4	6.6069	0.86338	1.1284	676.12	-0.044539	5.8381e-05	0.087540	supercritical
1272.5	131.00	38.481	0.025987	948.60	1289.0	6.6097	0.86369	1.1287	676.90	-0.044657	5.8474e-05	0.087708	supercritical
1275.7	131.00	38.385	0.026052	951.40	1292.7	6.6126	0.86401	1.1289	677.69	-0.044774	5.8567e-05	0.087876	supercritical
1279.0	131.00	38.290	0.026117	954.21	1296.3	6.6155	0.86432	1.1292	678.48	-0.044890	5.8660e-05	0.088043	supercritical
1282.2	131.00	38.195	0.026181	957.01	1300.0	6.6183	0.86463	1.1295	679.26	-0.045006	5.8752e-05	0.088211	supercritical
1285.4	131.00	38.101	0.026246	959.81	1303.6	6.6212	0.86494	1.1298	680.05	-0.045120	5.8845e-05	0.088378	supercritical
1288.7	131.00	38.007	0.026311	962.62	1307.3	6.6240	0.86524	1.1301	680.83	-0.045234	5.8938e-05	0.088546	supercritical
1291.9	131.00	37.914	0.026376	965.42	1310.9	6.6268	0.86555	1.1303	681.61	-0.045348	5.9030e-05	0.088713	supercritical
1295.1	131.00	37.821	0.026440	968.23	1314.6	6.6297	0.86586	1.1306	682.40	-0.045460	5.9122e-05	0.088880	supercritical
1298.4	131.00	37.729	0.026505	971.04	1318.3	6.6325	0.86616	1.1309	683.18	-0.045572	5.9214e-05	0.089047	supercritical
1301.6	131.00	37.637	0.026570	973.85	1321.9	6.6353	0.86646	1.1312	683.96	-0.045683	5.9307e-05	0.089214	supercritical
1304.8	131.00	37.545	0.026634	976.66	1325.6	6.6381	0.86677	1.1314	684.73	-0.045793	5.9399e-05	0.089381	supercritical
1308.1	131.00	37.454	0.026699	979.47	1329.2	6.6409	0.86707	1.1317	685.51	-0.045903	5.9491e-05	0.089548	supercritical
1311.3	131.00	37.364	0.026764	982.28	1332.9	6.6437	0.86737	1.1320	686.29	-0.046011	5.9583e-05	0.089715	supercritical
1314.5	131.00	37.274	0.026829	985.10	1336.6	6.6465	0.86767	1.1323	687.07	-0.046120	5.9674e-05	0.089882	supercritical
1317.8	131.00	37.184	0.026893	987.91	1340.2	6.6493	0.86797	1.1325	687.84	-0.046227	5.9766e-05	0.090049	supercritical
1321.0	131.00	37.095	0.026958	990.72	1343.9	6.6520	0.86827	1.1328	688.61	-0.046334	5.9858e-05	0.090215	supercritical
1324.2	131.00	37.006	0.027023	993.54	1347.5	6.6548	0.86856	1.1331	689.39	-0.046440	5.9949e-05	0.090382	supercritical
1327.5	131.00	36.918	0.027087	996.36	1351.2	6.6576	0.86886	1.1333	690.16	-0.046545	6.0041e-05	0.090548	supercritical
1330.7	131.00	36.830	0.027152	999.17	1354.9	6.6603	0.86915	1.1336	690.93	-0.046650	6.0132e-05	0.090715	supercritical
1333.9	131.00	36.742	0.027217	1002.0	1358.5	6.6631	0.86945	1.1339	691.70	-0.046754	6.0224e-05	0.090881	supercritical
1337.2	131.00	36.655	0.027281	1004.8	1362.2	6.6658	0.86974	1.1341	692.47	-0.046858	6.0315e-05	0.091047	supercritical
1340.4	131.00	36.568	0.027346	1007.6	1365.9	6.6686	0.87003	1.1344	693.24	-0.046961	6.0406e-05	0.091213	supercritical
1343.6	131.00	36.482	0.027411	1010.5	1369.5	6.6713	0.87033	1.1347	694.01	-0.047063	6.0497e-05	0.091380	supercritical
1346.9	131.00	36.396	0.027476	1013.3	1373.2	6.6740	0.87062	1.1349	694.77	-0.047164	6.0588e-05	0.091546	supercritical
1350.1	131.00	36.311	0.027540	1016.1	1376.9	6.6768	0.87091	1.1352	695.54	-0.047265	6.0679e-05	0.091712	supercritical
1353.3	131.00	36.226	0.027605	1018.9	1380.5	6.6795	0.87120	1.1355	696.30	-0.047365	6.0770e-05	0.091878	supercritical
1356.6	131.00	36.141	0.027670	1021.7	1384.2	6.6822	0.87148	1.1357	697.07	-0.047465	6.0861e-05	0.092043	supercritical
1359.8	131.00	36.057	0.027734	1024.6	1387.9	6.6849	0.87177	1.1360	697.83	-0.047564	6.0952e-05	0.092209	supercritical
1363.0	131.00	35.973	0.027799	1027.4	1391.6	6.6876	0.87206	1.1363	698.59	-0.047662	6.1043e-05	0.092375	supercritical
1366.3	131.00	35.889	0.027863	1030.2	1395.2	6.6903	0.87235	1.1365	699.35	-0.047760	6.1133e-05	0.092540	supercritical
1369.5	131.00	35.806	0.027928	1033.1	1398.9	6.6930	0.87263	1.1368	700.11	-0.047857	6.1224e-05	0.092706	supercritical
1372.7	131.00	35.723	0.027993	1035.9	1402.6	6.6956	0.87292	1.1370	700.87	-0.047953	6.1314e-05	0.092871	supercritical
1376.0	131.00	35.641	0.028057	1038.7	1406.3	6.6983	0.87320	1.1373	701.63	-0.048049	6.1405e-05	0.093037	supercritical
1379.2	131.00	35.559	0.028122	1041.5	1409.9	6.7010	0.87348	1.1376	702.39	-0.048144	6.1495e-05	0.093202	supercritical
1382.4	131.00	35.478	0.028187	1044.4	1413.6	6.7036	0.87376	1.1378	703.14	-0.048239	6.1585e-05	0.093367	supercritical
1385.7	131.00	35.397	0.028251	1047.2	1417.3	6.7063	0.87405	1.1381	703.90	-0.048333	6.1676e-05	0.093533	supercritical
1388.9	131.00	35.316	0.028316	1050.0	1421.0	6.7090	0.87433	1.1383	704.66	-0.048427	6.1766e-05	0.093698	supercritical
1392.1	131.00	35.235	0.028381	1052.9	1424.7	6.7116	0.87461	1.1386	705.41	-0.048520	6.1856e-05	0.093863	supercritical
1395.4	131.00	35.155	0.028445	1055.7	1428.3	6.7142	0.87489	1.1388	706.16	-0.048612	6.1946e-05	0.094028	supercritical
1398.6	131.00	35.076	0.028510	1058.5	1432.0	6.7169	0.87517	1.1391	706.91	-0.048704	6.2036e-05	0.094193	supercritical
1401.8	131.00	34.996	0.028575	1061.4	1435.7	6.7195	0.87544	1.1394	707.67	-0.048795	6.2125e-05	0.094358	supercritical
1405.1	131.00	34.917	0.028639	1064.2	1439.4	6.7221	0.87572	1.1396	708.42	-0.048886	6.2215e-05	0.094522	supercritical
1408.3	131.00	34.839	0.028704	1067.1	1443.1	6.7248	0.87600	1.1399	709.17	-0.048976	6.2305e-05	0.094687	supercritical
1411.5	131.00	34.760	0.028768	1069.9	1446.8	6.7274	0.87627	1.1401	709.92	-0.049066	6.2395e-05	0.094852	supercritical
1414.8	131.00	34.682	0.028833	1072.7	1450.5	6.7300	0.87655	1.1404	710.66	-0.049155	6.2484e-05	0.095016	supercritical
1418.0	131.00	34.605	0.028898	1075.6	1454.1	6.7326	0.87683	1.1406	711.41	-0.049243	6.2574e-05	0.095181	supercritical
1421.2	131.00	34.528	0.028962	1078.4	1457.8	6.7352	0.87710	1.1409	712.16	-0.049331	6.2663e-05	0.095345	supercritical
1424.5	131.00	34.451	0.029027	1081.3	1461.5	6.7378	0.87737	1.1411	712.90	-0.049419	6.2753e-05	0.095510	supercritical
1427.7	131.00	34.374	0.029091	1084.1	1465.2	6.7404	0.87765	1.1414	713.65	-0.049505	6.2842e-05	0.095674	supercritical
1430.9	131.00	34.298	0.029156	1087.0	1468.9	6.7429	0.87792	1.1416	714.39	-0.049592	6.2931e-05	0.095838	supercritical
1434.2	131.00	34.222	0.029221	1089.8	1472.6	6.7455	0.87819	1.1419	715.13	-0.049678	6.3020e-05	0.096003	supercritical
1437.4	131.00	34.147	0.029285	1092.6	1476.3	6.7481	0.87846	1.1421	715.87	-0.049763	6.3109e-05	0.096167	supercritical
1440.6	131.00	34.072	0.029350	1095.5	1480.0	6.7507	0.87873	1.1424	716.62	-0.049848	6.3198e-05	0.096331	supercritical
1443.9	131.00	33.997	0.029414	1098.3	1483.7	6.7532	0.87900	1.1426	717.36	-0.049932	6.3287e-05	0.096495	supercritical
1447.1	131.00	33.922	0.029479	1101.2	1487.4	6.7558	0.87927	1.1429	718.10	-0.050016	6.3376e-05	0.096659	supercritical
1450.3	131.00	33.848	0.029544	1104.0	1491.1	6.7583	0.87954	1.1431	718.83	-0.050099	6.3465e-05	0.096823	supercritical
1453.6	131.00	33.774	0.029608	1106.9	1494.8	6.7609	0.87981	1.1434	719.57	-0.050182	6.3554e-05	0.096987	supercritical
1456.8	131.00	33.701	0.029673	1109.7	1498.5	6.7634	0.88008	1.1436	720.31	-0.050264	6.3643e-05	0.097150	supercritical
1460.0	131.00	33.628	0.029737	1112.6	1502.2	6.7660	0.88035	1.1439	721.05	-0.050346	6.3731e-05	0.097314	supercritical
1463.3	131.00	33.555	0.029802	1115.4	1505.9	6.7685	0.88061	1.1441	721.78	-0.050427	6.3820e-05	0.097478	supercritical
1466.5	131.00	33.482	0.029867	1118.3	1509.6	6.7710	0.88088	1.1444	722.51	-0.050508	6.3908e-05	0.097641	supercritical
1469.7	131.00	33.410	0.029931	1121.2	1513.3	6.7735	0.88114	1.1446	723.25	-0.050588	6.3997e-05	0.097805	supercritical
1473.0	131.00	33.338	0.029996	1124.0	1517.0	6.7760	0.88141	1.1449	723.98	-0.050668	6.4085e-05	0.097968	supercritical
1476.2	131.00	33.267	0.030060	1126.9	1520.7	6.7786	0.88167	1.1451	724.71	-0.050747	6.4174e-05	0.098132	supercritical
1479.4	131.00	33.195	0.030125	1129.7	1524.4	6.7811	0.88194	1.1454	725.44	-0.050826	6.4262e-05	0.098295	supercritical
1482.7	131.00	33.124	0.030189	1132.6	1528.1	6.7836	0.88220	1.1456	726.18	-0.050905	6.4350e-05	0.098458	supercritical
1485.9	131.00	33.054	0.030254	1135.4	1531.8	6.7861	0.88247	1.1459	726.90	-0.050983	6.4438e-05	0.098621	supercritical
1489.1	131.00	32.983	0.030318	1138.3	1535.5	6.7886	0.88273	1.1461	727.63	-0.051060	6.4527e-05	0.098784	supercritical
1492.4	131.00	32.913	0.030383	1141.2	1539.2	6.7910	0.88299	1.1463	728.36	-0.051137	6.4615e-05	0.098948	supercritical
1495.6	131.00	32.843	0.030448	1144.0	1542.9	6.7935	0.88325	1.1466	729.09	-0.051214	6.4703e-05	0.099111	supercritical
1498.8	131.00	32.774	0.030512	1146.9	1546.6	6.7960	0.88351	1.1468	729.82	-0.051290	6.4790e-05	0.099274	supercritical
1502.1	131.00	32.705	0.030577	1149.7	1550.3	6.7985	0.88378	1.1471	730.54	-0.051365	6.4878e-05	0.099436	supercritical
1505.3	131.00	32.636	0.030641	1152.6	1554.0	6.8009	0.88404	1.1473	731.27	-0.051441	6.4966e-05	0.099599	supercritical
1508.5	131.00	32.567	0.030706	1155.5	1557.7	6.8034	0.88430	1.1476	731.99	-0.051515	6.5054e-05	0.099762	supercritical
1511.8	131.00	32.499	0.030770	1158.3	1561.4	6.8059	0.88456	1.1478	732.71	-0.051590	6.5142e-05	0.099925	supercritical
1515.0	131.00	32.431	0.030835	1161.2	1565.1	6.8083	0.88482	1.1480	733.44	-0.051664	6.5229e-05	0.10009	supercritical
1518.2	131.00	32.363	0.030899	1164.1	1568.9	6.8108	0.88507	1.1483	734.16	-0.051737	6.5317e-05	0.10025	supercritical
1521.5	131.00	32.296	0.030964	1166.9	1572.6	6.8132	0.88533	1.1485	734.88	-0.051810	6.5404e-05	0.10041	supercritical
1524.7	131.00	32.228	0.031029	1169.8	1576.3	6.8156	0.88559	1.1488	735.60	-0.051883	6.5492e-05	0.10058	supercritical
1527.9	131.00	32.162	0.031093	1172.7	1580.0	6.8181	0.88585	1.1490	736.32	-0.051955	6.5579e-05	0.10074	supercritical
1531.2	131.00	32.095	0.031158	1175.5	1583.7	6.8205	0.88611	1.1493	737.04	-0.052027	6.5666e-05	0.10090	supercritical
1534.4	131.00	32.029	0.031222	1178.4	1587.4	6.8229	0.88636	1.1495	737.75	-0.052098	6.5754e-05	0.10106	supercritical
1537.6	131.00	31.963	0.031287	1181.3	1591.1	6.8253	0.88662	1.1497	738.47	-0.052169	6.5841e-05	0.10122	supercritical
1540.9	131.00	31.897	0.031351	1184.2	1594.9	6.8278	0.88687	1.1500	739.19	-0.052239	6.5928e-05	0.10139	supercritical
1544.1	131.00	31.831	0.031416	1187.0	1598.6	6.8302	0.88713	1.1502	739.90	-0.052309	6.6015e-05	0.10155	supercritical
1547.3	131.00	31.766	0.031480	1189.9	1602.3	6.8326	0.88739	1.1504	740.62	-0.052379	6.6102e-05	0.10171	supercritical
1550.6	131.00	31.701	0.031545	1192.8	1606.0	6.8350	0.88764	1.1507	741.33	-0.052448	6.6189e-05	0.10187	supercritical
1553.8	131.00	31.636	0.031609	1195.7	1609.7	6.8374	0.88789	1.1509	742.05	-0.052517	6.6276e-05	0.10204	supercritical
1557.0	131.00	31.572	0.031674	1198.5	1613.5	6.8398	0.88815	1.1512	742.76	-0.052586	6.6363e-05	0.10220	supercritical
1560.3	131.00	31.508	0.031738	1201.4	1617.2	6.8422	0.88840	1.1514	743.47	-0.052654	6.6450e-05	0.10236	supercritical
1563.5	131.00	31.444	0.031803	1204.3	1620.9	6.8445	0.88866	1.1516	744.18	-0.052721	6.6537e-05	0.10252	supercritical
1566.7	131.00	31.380	0.031867	1207.2	1624.6	6.8469	0.88891	1.1519	744.89	-0.052789	6.6623e-05	0.10268	supercritical
1570.0	131.00	31.317	0.031932	1210.1	1628.4	6.8493	0.88916	1.1521	745.60	-0.052856	6.6710e-05	0.10284	supercritical
1573.2	131.00	31.254	0.031996	1212.9	1632.1	6.8517	0.88941	1.1524	746.31	-0.052922	6.6797e-05	0.10301	supercritical
1576.4	131.00	31.191	0.032061	1215.8	1635.8	6.8540	0.88967	1.1526	747.02	-0.052988	6.6883e-05	0.10317	supercritical
1579.7	131.00	31.128	0.032125	1218.7	1639.5	6.8564	0.88992	1.1528	747.72	-0.053054	6.6970e-05	0.10333	supercritical
1582.9	131.00	31.066	0.032190	1221.6	1643.3	6.8587	0.89017	1.1531	748.43	-0.053119	6.7056e-05	0.10349	supercritical
1586.1	131.00	31.004	0.032254	1224.5	1647.0	6.8611	0.89042	1.1533	749.14	-0.053184	6.7143e-05	0.10365	supercritical
1589.4	131.00	30.942	0.032319	1227.3	1650.7	6.8635	0.89067	1.1535	749.84	-0.053249	6.7229e-05	0.10381	supercritical
1592.6	131.00	30.880	0.032383	1230.2	1654.5	6.8658	0.89092	1.1538	750.55	-0.053313	6.7315e-05	0.10397	supercritical
1595.8	131.00	30.819	0.032448	1233.1	1658.2	6.8681	0.89117	1.1540	751.25	-0.053377	6.7401e-05	0.10414	supercritical
1599.1	131.00	30.758	0.032512	1236.0	1661.9	6.8705	0.89142	1.1542	751.95	-0.053441	6.7488e-05	0.10430	supercritical
1602.3	131.00	30.697	0.032577	1238.9	1665.6	6.8728	0.89167	1.1545	752.65	-0.053504	6.7574e-05	0.10446	supercritical
1605.5	131.00	30.636	0.032641	1241.8	1669.4	6.8751	0.89192	1.1547	753.36	-0.053566	6.7660e-05	0.10462	supercritical
1608.8	131.00	30.576	0.032706	1244.7	1673.1	6.8775	0.89217	1.1549	754.06	-0.053629	6.7746e-05	0.10478	supercritical
1612.0	131.00	30.515	0.032770	1247.6	1676.9	6.8798	0.89242	1.1552	754.76	-0.053691	6.7832e-05	0.10494	supercritical
1615.2	131.00	30.456	0.032835	1250.5	1680.6	6.8821	0.89267	1.1554	755.46	-0.053753	6.7918e-05	0.10510	supercritical
1618.5	131.00	30.396	0.032899	1253.3	1684.3	6.8844	0.89292	1.1557	756.15	-0.053814	6.8004e-05	0.10526	supercritical
1621.7	131.00	30.336	0.032964	1256.2	1688.1	6.8867	0.89316	1.1559	756.85	-0.053875	6.8089e-05	0.10542	supercritical
1624.9	131.00	30.277	0.033028	1259.1	1691.8	6.8890	0.89341	1.1561	757.55	-0.053936	6.8175e-05	0.10559	supercritical
1628.2	131.00	30.218	0.033093	1262.0	1695.5	6.8913	0.89366	1.1564	758.24	-0.053996	6.8261e-05	0.10575	supercritical
1631.4	131.00	30.159	0.033157	1264.9	1699.3	6.8936	0.89391	1.1566	758.94	-0.054056	6.8347e-05	0.10591	supercritical
1634.6	131.00	30.101	0.033222	1267.8	1703.0	6.8959	0.89415	1.1568	759.64	-0.054116	6.8432e-05	0.10607	supercritical
1637.9	131.00	30.043	0.033286	1270.7	1706.8	6.8982	0.89440	1.1571	760.33	-0.054175	6.8518e-05	0.10623	supercritical
1641.1	131.00	29.984	0.033351	1273.6	1710.5	6.9005	0.89464	1.1573	761.02	-0.054234	6.8603e-05	0.10639	supercritical
1644.3	131.00	29.927	0.033415	1276.5	1714.2	6.9027	0.89489	1.1575	761.72	-0.054292	6.8689e-05	0.10655	supercritical
1647.6	131.00	29.869	0.033480	1279.4	1718.0	6.9050	0.89514	1.1578	762.41	-0.054351	6.8774e-05	0.10671	supercritical
1650.8	131.00	29.812	0.033544	1282.3	1721.7	6.9073	0.89538	1.1580	763.10	-0.054409	6.8860e-05	0.10687	supercritical
1654.0	131.00	29.754	0.033608	1285.2	1725.5	6.9095	0.89563	1.1582	763.79	-0.054466	6.8945e-05	0.10703	supercritical
1657.3	131.00	29.697	0.033673	1288.1	1729.2	6.9118	0.89587	1.1585	764.48	-0.054524	6.9030e-05	0.10719	supercritical
1660.5	131.00	29.641	0.033737	1291.0	1733.0	6.9141	0.89612	1.1587	765.17	-0.054580	6.9115e-05	0.10735	supercritical
1663.7	131.00	29.584	0.033802	1293.9	1736.7	6.9163	0.89636	1.1589	765.86	-0.054637	6.9201e-05	0.10751	supercritical
1667.0	131.00	29.528	0.033866	1296.8	1740.5	6.9186	0.89661	1.1591	766.55	-0.054693	6.9286e-05	0.10767	supercritical
1670.2	131.00	29.472	0.033931	1299.7	1744.2	6.9208	0.89685	1.1594	767.23	-0.054749	6.9371e-05	0.10783	supercritical
1673.4	131.00	29.416	0.033995	1302.6	1748.0	6.9231	0.89709	1.1596	767.92	-0.054805	6.9456e-05	0.10799	supercritical
1676.7	131.00	29.360	0.034060	1305.5	1751.7	6.9253	0.89734	1.1598	768.61	-0.054861	6.9541e-05	0.10815	supercritical
1679.9	131.00	29.305	0.034124	1308.4	1755.5	6.9275	0.89758	1.1601	769.29	-0.054916	6.9626e-05	0.10831	supercritical
1683.1	131.00	29.250	0.034189	1311.3	1759.2	6.9298	0.89782	1.1603	769.98	-0.054970	6.9711e-05	0.10847	supercritical
1686.4	131.00	29.194	0.034253	1314.2	1763.0	6.9320	0.89807	1.1605	770.66	-0.055025	6.9796e-05	0.10863	supercritical
1689.6	131.00	29.140	0.034318	1317.2	1766.7	6.9342	0.89831	1.1608	771.34	-0.055079	6.9880e-05	0.10879	supercritical
1692.8	131.00	29.085	0.034382	1320.1	1770.5	6.9364	0.89855	1.1610	772.02	-0.055133	6.9965e-05	0.10895	supercritical
1696.1	131.00	29.031	0.034446	1323.0	1774.2	6.9387	0.89879	1.1612	772.71	-0.055186	7.0050e-05	0.10911	supercritical
1699.3	131.00	28.976	0.034511	1325.9	1778.0	6.9409	0.89904	1.1615	773.39	-0.055240	7.0135e-05	0.10927	supercritical
1702.5	131.00	28.922	0.034575	1328.8	1781.7	6.9431	0.89928	1.1617	774.07	-0.055293	7.0219e-05	0.10943	supercritical
1705.8	131.00	28.869	0.034640	1331.7	1785.5	6.9453	0.89952	1.1619	774.75	-0.055345	7.0304e-05	0.10959	supercritical
1709.0	131.00	28.815	0.034704	1334.6	1789.2	6.9475	0.89976	1.1621	775.43	-0.055398	7.0388e-05	0.10975	supercritical
1712.2	131.00	28.762	0.034769	1337.5	1793.0	6.9497	0.90000	1.1624	776.11	-0.055450	7.0473e-05	0.10991	supercritical
1715.5	131.00	28.708	0.034833	1340.4	1796.8	6.9519	0.90024	1.1626	776.78	-0.055501	7.0557e-05	0.11007	supercritical
1718.7	131.00	28.655	0.034897	1343.4	1800.5	6.9541	0.90049	1.1628	777.46	-0.055553	7.0642e-05	0.11023	supercritical
1721.9	131.00	28.603	0.034962	1346.3	1804.3	6.9562	0.90073	1.1631	778.14	-0.055604	7.0726e-05	0.11039	supercritical
1725.2	131.00	28.550	0.035026	1349.2	1808.0	6.9584	0.90097	1.1633	778.81	-0.055655	7.0810e-05	0.11055	supercritical
1728.4	131.00	28.498	0.035091	1352.1	1811.8	6.9606	0.90121	1.1635	779.49	-0.055706	7.0895e-05	0.11071	supercritical
1731.6	131.00	28.445	0.035155	1355.0	1815.6	6.9628	0.90145	1.1638	780.16	-0.055756	7.0979e-05	0.11086	supercritical
1734.9	131.00	28.393	0.035220	1357.9	1819.3	6.9649	0.90169	1.1640	780.84	-0.055806	7.1063e-05	0.11102	supercritical
1738.1	131.00	28.341	0.035284	1360.9	1823.1	6.9671	0.90193	1.1642	781.51	-0.055856	7.1147e-05	0.11118	supercritical
1741.3	131.00	28.290	0.035349	1363.8	1826.9	6.9693	0.90217	1.1644	782.18	-0.055905	7.1231e-05	0.11134	supercritical
1744.6	131.00	28.238	0.035413	1366.7	1830.6	6.9714	0.90241	1.1647	782.85	-0.055955	7.1315e-05	0.11150	supercritical
1747.8	131.00	28.187	0.035477	1369.6	1834.4	6.9736	0.90265	1.1649	783.53	-0.056003	7.1399e-05	0.11166	supercritical
1751.0	131.00	28.136	0.035542	1372.6	1838.2	6.9757	0.90288	1.1651	784.20	-0.056052	7.1483e-05	0.11182	supercritical
1754.3	131.00	28.085	0.035606	1375.5	1841.9	6.9779	0.90312	1.1654	784.87	-0.056101	7.1567e-05	0.11198	supercritical
1757.5	131.00	28.034	0.035671	1378.4	1845.7	6.9800	0.90336	1.1656	785.54	-0.056149	7.1651e-05	0.11214	supercritical
1760.7	131.00	27.984	0.035735	1381.3	1849.5	6.9822	0.90360	1.1658	786.20	-0.056197	7.1735e-05	0.11230	supercritical
1764.0	131.00	27.933	0.035799	1384.3	1853.2	6.9843	0.90384	1.1660	786.87	-0.056244	7.1819e-05	0.11245	supercritical
1767.2	131.00	27.883	0.035864	1387.2	1857.0	6.9865	0.90408	1.1663	787.54	-0.056292	7.1902e-05	0.11261	supercritical
1770.4	131.00	27.833	0.035928	1390.1	1860.8	6.9886	0.90432	1.1665	788.21	-0.056339	7.1986e-05	0.11277	supercritical
1773.7	131.00	27.783	0.035993	1393.0	1864.5	6.9907	0.90455	1.1667	788.87	-0.056385	7.2070e-05	0.11293	supercritical
1776.9	131.00	27.734	0.036057	1396.0	1868.3	6.9928	0.90479	1.1670	789.54	-0.056432	7.2153e-05	0.11309	supercritical
1780.1	131.00	27.684	0.036122	1398.9	1872.1	6.9950	0.90503	1.1672	790.20	-0.056478	7.2237e-05	0.11325	supercritical
1783.4	131.00	27.635	0.036186	1401.8	1875.9	6.9971	0.90527	1.1674	790.87	-0.056524	7.2320e-05	0.11341	supercritical
1786.6	131.00	27.586	0.036250	1404.8	1879.6	6.9992	0.90550	1.1676	791.53	-0.056570	7.2404e-05	0.11356	supercritical
1789.8	131.00	27.537	0.036315	1407.7	1883.4	7.0013	0.90574	1.1679	792.19	-0.056616	7.2487e-05	0.11372	supercritical
1793.1	131.00	27.488	0.036379	1410.6	1887.2	7.0034	0.90598	1.1681	792.86	-0.056661	7.2571e-05	0.11388	supercritical
1796.3	131.00	27.440	0.036444	1413.6	1891.0	7.0055	0.90621	1.1683	793.52	-0.056706	7.2654e-05	0.11404	supercritical
1799.5	131.00	27.391	0.036508	1416.5	1894.7	7.0076	0.90645	1.1685	794.18	-0.056751	7.2738e-05	0.11420	supercritical
1802.8	131.00	27.343	0.036572	1419.4	1898.5	7.0097	0.90669	1.1688	794.84	-0.056796	7.2821e-05	0.11436	supercritical
1806.0	131.00	27.295	0.036637	1422.4	1902.3	7.0118	0.90692	1.1690	795.50	-0.056840	7.2904e-05	0.11451	supercritical
1809.2	131.00	27.247	0.036701	1425.3	1906.1	7.0139	0.90716	1.1692	796.16	-0.056884	7.2987e-05	0.11467	supercritical
1812.5	131.00	27.199	0.036766	1428.2	1909.9	7.0160	0.90740	1.1695	796.82	-0.056928	7.3070e-05	0.11483	supercritical
1815.7	131.00	27.152	0.036830	1431.2	1913.6	7.0181	0.90763	1.1697	797.48	-0.056971	7.3154e-05	0.11499	supercritical
1818.9	131.00	27.104	0.036894	1434.1	1917.4	7.0202	0.90787	1.1699	798.13	-0.057015	7.3237e-05	0.11515	supercritical
1822.2	131.00	27.057	0.036959	1437.1	1921.2	7.0222	0.90810	1.1701	798.79	-0.057058	7.3320e-05	0.11531	supercritical
1825.4	131.00	27.010	0.037023	1440.0	1925.0	7.0243	0.90834	1.1704	799.45	-0.057101	7.3403e-05	0.11546	supercritical
1828.6	131.00	26.963	0.037088	1442.9	1928.8	7.0264	0.90858	1.1706	800.10	-0.057143	7.3486e-05	0.11562	supercritical
1831.9	131.00	26.916	0.037152	1445.9	1932.6	7.0285	0.90881	1.1708	800.76	-0.057186	7.3569e-05	0.11578	supercritical
1835.1	131.00	26.870	0.037216	1448.8	1936.4	7.0305	0.90905	1.1710	801.41	-0.057228	7.3652e-05	0.11594	supercritical
1838.3	131.00	26.823	0.037281	1451.8	1940.1	7.0326	0.90928	1.1713	802.07	-0.057270	7.3734e-05	0.11609	supercritical
1841.6	131.00	26.777	0.037345	1454.7	1943.9	7.0346	0.90952	1.1715	802.72	-0.057312	7.3817e-05	0.11625	supercritical
1844.8	131.00	26.731	0.037410	1457.6	1947.7	7.0367	0.90975	1.1717	803.37	-0.057353	7.3900e-05	0.11641	supercritical
1848.0	131.00	26.685	0.037474	1460.6	1951.5	7.0388	0.90998	1.1719	804.02	-0.057394	7.3983e-05	0.11657	supercritical
1851.3	131.00	26.639	0.037538	1463.5	1955.3	7.0408	0.91022	1.1722	804.67	-0.057435	7.4066e-05	0.11673	supercritical
1854.5	131.00	26.594	0.037603	1466.5	1959.1	7.0428	0.91045	1.1724	805.33	-0.057476	7.4148e-05	0.11688	supercritical
1857.7	131.00	26.548	0.037667	1469.4	1962.9	7.0449	0.91069	1.1726	805.98	-0.057517	7.4231e-05	0.11704	supercritical
1861.0	131.00	26.503	0.037731	1472.4	1966.7	7.0469	0.91092	1.1728	806.63	-0.057557	7.4314e-05	0.11720	supercritical
1864.2	131.00	26.458	0.037796	1475.3	1970.5	7.0490	0.91116	1.1731	807.27	-0.057597	7.4396e-05	0.11736	supercritical
1867.4	131.00	26.413	0.037860	1478.3	1974.3	7.0510	0.91139	1.1733	807.92	-0.057637	7.4479e-05	0.11751	supercritical
1870.7	131.00	26.368	0.037925	1481.2	1978.0	7.0530	0.91162	1.1735	808.57	-0.057677	7.4561e-05	0.11767	supercritical
1873.9	131.00	26.323	0.037989	1484.2	1981.8	7.0551	0.91186	1.1737	809.22	-0.057716	7.4644e-05	0.11783	supercritical
1877.1	131.00	26.279	0.038053	1487.1	1985.6	7.0571	0.91209	1.1740	809.87	-0.057756	7.4726e-05	0.11799	supercritical
1880.4	131.00	26.234	0.038118	1490.1	1989.4	7.0591	0.91232	1.1742	810.51	-0.057795	7.4808e-05	0.11814	supercritical
1883.6	131.00	26.190	0.038182	1493.0	1993.2	7.0611	0.91256	1.1744	811.16	-0.057834	7.4891e-05	0.11830	supercritical
1886.8	131.00	26.146	0.038247	1496.0	1997.0	7.0631	0.91279	1.1746	811.80	-0.057872	7.4973e-05	0.11846	supercritical
1890.1	131.00	26.102	0.038311	1499.0	2000.8	7.0651	0.91302	1.1749	812.45	-0.057911	7.5055e-05	0.11862	supercritical
1893.3	131.00	26.058	0.038375	1501.9	2004.6	7.0671	0.91326	1.1751	813.09	-0.057949	7.5138e-05	0.11877	supercritical
1896.5	131.00	26.015	0.038440	1504.9	2008.4	7.0692	0.91349	1.1753	813.73	-0.057987	7.5220e-05	0.11893	supercritical
1899.8	131.00	25.971	0.038504	1507.8	2012.2	7.0712	0.91372	1.1755	814.38	-0.058025	7.5302e-05	0.11909	supercritical
1903.0	131.00	25.928	0.038568	1510.8	2016.0	7.0732	0.91395	1.1758	815.02	-0.058062	7.5384e-05	0.11924	supercritical
1906.2	131.00	25.885	0.038633	1513.7	2019.8	7.0752	0.91419	1.1760	815.66	-0.058100	7.5466e-05	0.11940	supercritical
1909.5	131.00	25.842	0.038697	1516.7	2023.6	7.0771	0.91442	1.1762	816.30	-0.058137	7.5548e-05	0.11956	supercritical
1912.7	131.00	25.799	0.038761	1519.7	2027.4	7.0791	0.91465	1.1764	816.94	-0.058174	7.5630e-05	0.11971	supercritical
1915.9	131.00	25.756	0.038826	1522.6	2031.2	7.0811	0.91488	1.1767	817.58	-0.058211	7.5712e-05	0.11987	supercritical
1919.2	131.00	25.713	0.038890	1525.6	2035.0	7.0831	0.91511	1.1769	818.22	-0.058247	7.5794e-05	0.12003	supercritical
1922.4	131.00	25.671	0.038955	1528.5	2038.8	7.0851	0.91534	1.1771	818.86	-0.058284	7.5876e-05	0.12019	supercritical
1925.6	131.00	25.629	0.039019	1531.5	2042.7	7.0871	0.91558	1.1773	819.50	-0.058320	7.5958e-05	0.12034	supercritical
1928.9	131.00	25.586	0.039083	1534.5	2046.5	7.0890	0.91581	1.1776	820.14	-0.058356	7.6040e-05	0.12050	supercritical
1932.1	131.00	25.544	0.039148	1537.4	2050.3	7.0910	0.91604	1.1778	820.77	-0.058392	7.6122e-05	0.12066	supercritical
1935.3	131.00	25.502	0.039212	1540.4	2054.1	7.0930	0.91627	1.1780	821.41	-0.058427	7.6204e-05	0.12081	supercritical
1938.6	131.00	25.461	0.039276	1543.4	2057.9	7.0950	0.91650	1.1782	822.05	-0.058463	7.6285e-05	0.12097	supercritical
1941.8	131.00	25.419	0.039341	1546.3	2061.7	7.0969	0.91673	1.1785	822.68	-0.058498	7.6367e-05	0.12113	supercritical
1945.0	131.00	25.377	0.039405	1549.3	2065.5	7.0989	0.91696	1.1787	823.32	-0.058533	7.6449e-05	0.12128	supercritical
1948.3	131.00	25.336	0.039469	1552.3	2069.3	7.1008	0.91719	1.1789	823.95	-0.058568	7.6530e-05	0.12144	supercritical
1951.5	131.00	25.295	0.039534	1555.2	2073.1	7.1028	0.91742	1.1791	824.58	-0.058603	7.6612e-05	0.12160	supercritical
1954.7	131.00	25.254	0.039598	1558.2	2076.9	7.1047	0.91766	1.1793	825.22	-0.058637	7.6694e-05	0.12175	supercritical
1958.0	131.00	25.213	0.039663	1561.2	2080.8	7.1067	0.91789	1.1796	825.85	-0.058671	7.6775e-05	0.12191	supercritical
1961.2	131.00	25.172	0.039727	1564.1	2084.6	7.1086	0.91812	1.1798	826.48	-0.058706	7.6857e-05	0.12206	supercritical
1964.4	131.00	25.131	0.039791	1567.1	2088.4	7.1106	0.91835	1.1800	827.11	-0.058739	7.6938e-05	0.12222	supercritical
1967.7	131.00	25.091	0.039856	1570.1	2092.2	7.1125	0.91858	1.1802	827.74	-0.058773	7.7020e-05	0.12238	supercritical
1970.9	131.00	25.050	0.039920	1573.1	2096.0	7.1145	0.91881	1.1805	828.38	-0.058807	7.7101e-05	0.12253	supercritical
1974.1	131.00	25.010	0.039984	1576.0	2099.8	7.1164	0.91904	1.1807	829.01	-0.058840	7.7183e-05	0.12269	supercritical
1977.4	131.00	24.970	0.040049	1579.0	2103.7	7.1183	0.91927	1.1809	829.63	-0.058873	7.7264e-05	0.12285	supercritical
1980.6	131.00	24.930	0.040113	1582.0	2107.5	7.1203	0.91950	1.1811	830.26	-0.058906	7.7345e-05	0.12300	supercritical
1983.8	131.00	24.890	0.040177	1585.0	2111.3	7.1222	0.91972	1.1813	830.89	-0.058939	7.7427e-05	0.12316	supercritical
1987.1	131.00	24.850	0.040242	1587.9	2115.1	7.1241	0.91995	1.1816	831.52	-0.058972	7.7508e-05	0.12332	supercritical
1990.3	131.00	24.810	0.040306	1590.9	2118.9	7.1260	0.92018	1.1818	832.15	-0.059004	7.7589e-05	0.12347	supercritical
1993.5	131.00	24.771	0.040370	1593.9	2122.8	7.1279	0.92041	1.1820	832.77	-0.059037	7.7670e-05	0.12363	supercritical
1996.8	131.00	24.731	0.040435	1596.9	2126.6	7.1299	0.92064	1.1822	833.40	-0.059069	7.7751e-05	0.12378	supercritical
2000.0	131.00	24.692	0.040499	1599.9	2130.4	7.1318	0.92087	1.1825	834.03	-0.059101	7.7833e-05	0.12394	supercritical
