Temperature (K)	Pressure (bar)	Density (kg/m3)	Volume (m3/kg)	Internal Energy (kJ/kg)	Enthalpy (kJ/kg)	Entropy (J/g*K)	Cv (J/g*K)	Cp (J/g*K)	Sound Spd. (m/s)	Joule-Thomson (K/bar)	Viscosity (Pa*s)	Therm. Cond. (W/m*K)	Phase
60.000	93.000	1292.9	0.00077345	-185.61	-178.42	2.2329	1.0921	1.6542	1152.7	-0.037588	0.00062191	0.19768	liquid
63.233	93.000	1279.1	0.00078177	-180.33	-173.06	2.3199	1.0683	1.6595	1137.7	-0.037131	0.00053409	0.19338	liquid
66.467	93.000	1265.2	0.00079037	-175.04	-167.69	2.4027	1.0498	1.6612	1118.0	-0.036785	0.00046351	0.18908	liquid
69.700	93.000	1251.2	0.00079921	-169.75	-162.32	2.4816	1.0335	1.6607	1095.9	-0.036487	0.00040635	0.18479	liquid
72.933	93.000	1237.2	0.00080830	-164.47	-156.95	2.5569	1.0183	1.6591	1072.8	-0.036188	0.00035963	0.18049	liquid
76.167	93.000	1223.0	0.00081765	-159.19	-151.59	2.6288	1.0038	1.6574	1049.1	-0.035853	0.00032107	0.17620	liquid
79.400	93.000	1208.8	0.00082728	-153.93	-146.23	2.6977	0.98978	1.6561	1025.4	-0.035458	0.00028889	0.17190	liquid
82.633	93.000	1194.4	0.00083721	-148.67	-140.88	2.7638	0.97628	1.6557	1001.5	-0.034985	0.00026177	0.16760	liquid
85.867	93.000	1180.0	0.00084748	-143.41	-135.53	2.8274	0.96328	1.6565	977.73	-0.034419	0.00023867	0.16329	liquid
89.100	93.000	1165.4	0.00085811	-138.15	-130.17	2.8886	0.95078	1.6586	953.93	-0.033749	0.00021879	0.15897	liquid
92.333	93.000	1150.6	0.00086914	-132.88	-124.80	2.9478	0.93879	1.6620	930.13	-0.032964	0.00020151	0.15464	liquid
95.567	93.000	1135.6	0.00088062	-127.61	-119.42	3.0051	0.92730	1.6669	906.29	-0.032052	0.00018634	0.15029	liquid
98.800	93.000	1120.3	0.00089260	-122.32	-114.02	3.0606	0.91631	1.6734	882.38	-0.031000	0.00017291	0.14594	liquid
102.03	93.000	1104.8	0.00090511	-117.01	-108.59	3.1147	0.90581	1.6815	858.37	-0.029792	0.00016091	0.14158	liquid
105.27	93.000	1089.0	0.00091823	-111.68	-103.14	3.1673	0.89577	1.6913	834.22	-0.028412	0.00015009	0.13720	liquid
108.50	93.000	1072.9	0.00093202	-106.32	-97.655	3.2186	0.88620	1.7031	809.90	-0.026837	0.00014026	0.13283	liquid
111.73	93.000	1056.4	0.00094657	-100.93	-92.126	3.2688	0.87709	1.7170	785.36	-0.025043	0.00013128	0.12846	liquid
114.97	93.000	1039.5	0.00096196	-95.496	-86.549	3.3180	0.86843	1.7332	760.57	-0.022998	0.00012300	0.12409	liquid
118.20	93.000	1022.2	0.00097830	-90.014	-80.916	3.3663	0.86023	1.7520	735.48	-0.020663	0.00011534	0.11973	liquid
121.43	93.000	1004.3	0.00099572	-84.477	-75.217	3.4139	0.85250	1.7738	710.06	-0.017990	0.00010819	0.11537	liquid
124.67	93.000	985.82	0.0010144	-78.875	-69.441	3.4608	0.84526	1.7993	684.26	-0.014921	0.00010151	0.11102	liquid
127.90	93.000	966.67	0.0010345	-73.198	-63.577	3.5073	0.83853	1.8289	658.01	-0.011380	9.5222e-05	0.10668	liquid
131.13	93.000	946.74	0.0010563	-67.432	-57.609	3.5534	0.83236	1.8637	631.27	-0.0072723	8.9285e-05	0.10236	liquid
134.37	93.000	925.93	0.0010800	-61.562	-51.518	3.5992	0.82680	1.9046	603.96	-0.0024744	8.3655e-05	0.098060	liquid
137.60	93.000	904.07	0.0011061	-55.570	-45.284	3.6451	0.82192	1.9534	576.01	0.0031755	7.8298e-05	0.093780	liquid
140.83	93.000	880.98	0.0011351	-49.432	-38.875	3.6911	0.81782	2.0122	547.34	0.0098934	7.3179e-05	0.089525	liquid
144.07	93.000	856.43	0.0011676	-43.116	-32.257	3.7376	0.81463	2.0840	517.86	0.017973	6.8268e-05	0.085298	liquid
147.30	93.000	830.09	0.0012047	-36.584	-25.381	3.7848	0.81253	2.1730	487.48	0.027819	6.3536e-05	0.081097	liquid
150.53	93.000	801.54	0.0012476	-29.782	-18.180	3.8331	0.81176	2.2857	456.13	0.040002	5.8949e-05	0.076920	liquid
153.77	93.000	770.20	0.0012984	-22.639	-10.564	3.8832	0.81261	2.4313	423.81	0.055335	5.4475e-05	0.072761	liquid
157.00	93.000	735.27	0.0013600	-15.055	-2.4065	3.9357	0.81540	2.6241	390.68	0.074991	5.0072e-05	0.068608	supercritical
160.23	93.000	695.68	0.0014374	-6.8918	6.4764	3.9917	0.82029	2.8835	357.13	0.10063	4.5696e-05	0.064439	supercritical
163.47	93.000	650.04	0.0015384	2.0268	16.333	4.0526	0.82706	3.2286	324.09	0.13435	4.1304e-05	0.060222	supercritical
166.70	93.000	597.23	0.0016744	11.861	27.433	4.1198	0.83461	3.6429	293.38	0.17799	3.6894e-05	0.055905	supercritical
169.93	93.000	538.03	0.0018586	22.550	39.835	4.1935	0.84015	4.0006	267.98	0.23079	3.2606e-05	0.051430	supercritical
173.17	93.000	477.57	0.0020939	33.501	52.975	4.2701	0.83931	4.0577	250.84	0.28608	2.8790e-05	0.046863	supercritical
176.40	93.000	423.75	0.0023599	43.698	65.644	4.3426	0.83039	3.7308	242.34	0.33248	2.5825e-05	0.042593	supercritical
179.63	93.000	380.65	0.0026271	52.523	76.955	4.4061	0.81683	3.2642	239.78	0.36441	2.3760e-05	0.039082	supercritical
182.87	93.000	347.20	0.0028802	60.030	86.816	4.4605	0.80233	2.8501	240.35	0.38387	2.2375e-05	0.036413	supercritical
186.10	93.000	320.94	0.0031159	66.507	95.485	4.5075	0.78862	2.5270	242.46	0.39449	2.1442e-05	0.034424	supercritical
189.33	93.000	299.80	0.0033356	72.218	103.24	4.5488	0.77622	2.2804	245.30	0.39916	2.0805e-05	0.032933	supercritical
192.57	93.000	282.37	0.0035415	77.357	110.29	4.5858	0.76520	2.0904	248.50	0.39982	2.0366e-05	0.031803	supercritical
195.80	93.000	267.68	0.0037358	82.058	116.80	4.6193	0.75549	1.9414	251.86	0.39776	2.0065e-05	0.030937	supercritical
199.03	93.000	255.07	0.0039205	86.419	122.88	4.6501	0.74694	1.8224	255.28	0.39387	1.9861e-05	0.030269	supercritical
202.27	93.000	244.09	0.0040969	90.509	128.61	4.6787	0.73941	1.7255	258.70	0.38872	1.9730e-05	0.029751	supercritical
205.50	93.000	234.40	0.0042662	94.379	134.06	4.7054	0.73276	1.6454	262.08	0.38274	1.9652e-05	0.029351	supercritical
208.73	93.000	225.76	0.0044296	98.069	139.26	4.7305	0.72689	1.5782	265.41	0.37619	1.9617e-05	0.029042	supercritical
211.97	93.000	217.98	0.0045877	101.61	144.27	4.7543	0.72168	1.5212	268.68	0.36930	1.9614e-05	0.028809	supercritical
215.20	93.000	210.92	0.0047411	105.02	149.11	4.7770	0.71705	1.4723	271.89	0.36219	1.9637e-05	0.028635	supercritical
218.43	93.000	204.48	0.0048905	108.32	153.80	4.7986	0.71292	1.4300	275.03	0.35498	1.9681e-05	0.028511	supercritical
221.67	93.000	198.56	0.0050363	111.52	158.36	4.8194	0.70924	1.3930	278.10	0.34774	1.9742e-05	0.028428	supercritical
224.90	93.000	193.09	0.0051789	114.65	162.81	4.8393	0.70594	1.3604	281.11	0.34053	1.9817e-05	0.028380	supercritical
228.13	93.000	188.02	0.0053185	117.70	167.16	4.8585	0.70298	1.3315	284.06	0.33338	1.9904e-05	0.028362	supercritical
231.37	93.000	183.30	0.0054556	120.69	171.43	4.8770	0.70031	1.3058	286.96	0.32632	2.0001e-05	0.028368	supercritical
234.60	93.000	178.88	0.0055902	123.62	175.61	4.8950	0.69792	1.2827	289.79	0.31938	2.0105e-05	0.028396	supercritical
237.83	93.000	174.74	0.0057226	126.50	179.72	4.9124	0.69576	1.2620	292.57	0.31256	2.0217e-05	0.028443	supercritical
241.07	93.000	170.85	0.0058531	129.34	183.77	4.9293	0.69381	1.2432	295.29	0.30588	2.0335e-05	0.028505	supercritical
244.30	93.000	167.18	0.0059817	132.14	187.77	4.9458	0.69206	1.2261	297.97	0.29935	2.0458e-05	0.028582	supercritical
247.53	93.000	163.70	0.0061086	134.89	191.70	4.9618	0.69047	1.2106	300.60	0.29296	2.0585e-05	0.028672	supercritical
250.77	93.000	160.41	0.0062340	137.62	195.60	4.9774	0.68904	1.1964	303.18	0.28671	2.0716e-05	0.028772	supercritical
254.00	93.000	157.29	0.0063579	140.31	199.44	4.9927	0.68775	1.1834	305.72	0.28062	2.0850e-05	0.028882	supercritical
257.23	93.000	154.31	0.0064804	142.98	203.25	5.0076	0.68659	1.1714	308.22	0.27467	2.0987e-05	0.029001	supercritical
260.47	93.000	151.48	0.0066017	145.62	207.02	5.0221	0.68555	1.1603	310.68	0.26886	2.1127e-05	0.029128	supercritical
263.70	93.000	148.77	0.0067218	148.24	210.75	5.0364	0.68461	1.1501	313.10	0.26320	2.1268e-05	0.029261	supercritical
266.93	93.000	146.18	0.0068408	150.84	214.46	5.0503	0.68378	1.1406	315.48	0.25767	2.1411e-05	0.029401	supercritical
270.17	93.000	143.70	0.0069587	153.41	218.13	5.0640	0.68303	1.1318	317.83	0.25228	2.1556e-05	0.029546	supercritical
273.40	93.000	141.33	0.0070757	155.97	221.78	5.0774	0.68237	1.1237	320.14	0.24702	2.1703e-05	0.029696	supercritical
276.63	93.000	139.05	0.0071918	158.51	225.40	5.0906	0.68179	1.1161	322.42	0.24189	2.1850e-05	0.029851	supercritical
279.87	93.000	136.86	0.0073070	161.04	228.99	5.1035	0.68129	1.1090	324.67	0.23688	2.1998e-05	0.030010	supercritical
283.10	93.000	134.75	0.0074213	163.55	232.57	5.1162	0.68085	1.1023	326.89	0.23200	2.2148e-05	0.030173	supercritical
286.33	93.000	132.72	0.0075349	166.05	236.12	5.1287	0.68048	1.0962	329.09	0.22723	2.2298e-05	0.030339	supercritical
289.57	93.000	130.76	0.0076478	168.53	239.66	5.1410	0.68017	1.0904	331.25	0.22258	2.2448e-05	0.030508	supercritical
292.80	93.000	128.87	0.0077599	171.01	243.17	5.1531	0.67991	1.0849	333.39	0.21803	2.2600e-05	0.030679	supercritical
296.03	93.000	127.04	0.0078714	173.47	246.67	5.1649	0.67971	1.0799	335.50	0.21360	2.2751e-05	0.030853	supercritical
299.27	93.000	125.28	0.0079823	175.92	250.16	5.1766	0.67957	1.0751	337.58	0.20926	2.2903e-05	0.031029	supercritical
302.50	93.000	123.57	0.0080925	178.37	253.63	5.1882	0.67947	1.0706	339.64	0.20503	2.3055e-05	0.031206	supercritical
305.73	93.000	121.92	0.0082022	180.80	257.08	5.1995	0.67941	1.0664	341.68	0.20089	2.3208e-05	0.031384	supercritical
308.97	93.000	120.32	0.0083113	183.23	260.52	5.2107	0.67941	1.0624	343.69	0.19685	2.3360e-05	0.031556	supercritical
312.20	93.000	118.77	0.0084199	185.65	263.95	5.2218	0.67944	1.0587	345.68	0.19290	2.3513e-05	0.031741	supercritical
315.43	93.000	117.26	0.0085280	188.06	267.37	5.2327	0.67952	1.0552	347.65	0.18903	2.3666e-05	0.031934	supercritical
318.67	93.000	115.80	0.0086357	190.46	270.78	5.2434	0.67963	1.0519	349.60	0.18526	2.3818e-05	0.032127	supercritical
321.90	93.000	114.38	0.0087428	192.86	274.17	5.2540	0.67978	1.0488	351.53	0.18156	2.3971e-05	0.032321	supercritical
325.13	93.000	113.00	0.0088496	195.26	277.56	5.2645	0.67996	1.0459	353.44	0.17795	2.4124e-05	0.032517	supercritical
328.37	93.000	111.66	0.0089559	197.65	280.93	5.2748	0.68018	1.0431	355.33	0.17441	2.4276e-05	0.032713	supercritical
331.60	93.000	110.35	0.0090618	200.03	284.30	5.2850	0.68044	1.0405	357.20	0.17095	2.4429e-05	0.032910	supercritical
334.83	93.000	109.08	0.0091673	202.41	287.66	5.2951	0.68072	1.0381	359.05	0.16756	2.4581e-05	0.033108	supercritical
338.07	93.000	107.85	0.0092724	204.78	291.02	5.3051	0.68103	1.0358	360.89	0.16424	2.4733e-05	0.033307	supercritical
341.30	93.000	106.64	0.0093772	207.15	294.36	5.3149	0.68137	1.0337	362.71	0.16100	2.4885e-05	0.033506	supercritical
344.53	93.000	105.47	0.0094816	209.52	297.70	5.3247	0.68174	1.0316	364.51	0.15782	2.5037e-05	0.033706	supercritical
347.77	93.000	104.32	0.0095857	211.89	301.03	5.3343	0.68214	1.0297	366.29	0.15470	2.5189e-05	0.033907	supercritical
351.00	93.000	103.20	0.0096895	214.25	304.36	5.3438	0.68256	1.0279	368.06	0.15165	2.5340e-05	0.034108	supercritical
354.23	93.000	102.11	0.0097929	216.61	307.68	5.3532	0.68301	1.0263	369.82	0.14866	2.5491e-05	0.034309	supercritical
357.47	93.000	101.05	0.0098961	218.96	311.00	5.3625	0.68348	1.0247	371.56	0.14573	2.5642e-05	0.034512	supercritical
360.70	93.000	100.01	0.0099990	221.32	314.31	5.3718	0.68398	1.0232	373.28	0.14286	2.5792e-05	0.034714	supercritical
363.93	93.000	98.994	0.010102	223.67	317.61	5.3809	0.68449	1.0218	374.99	0.14004	2.5942e-05	0.034917	supercritical
367.17	93.000	98.002	0.010204	226.02	320.92	5.3899	0.68503	1.0206	376.68	0.13728	2.6092e-05	0.035120	supercritical
370.40	93.000	97.031	0.010306	228.37	324.21	5.3989	0.68559	1.0194	378.37	0.13458	2.6242e-05	0.035323	supercritical
373.63	93.000	96.082	0.010408	230.71	327.51	5.4077	0.68617	1.0182	380.03	0.13192	2.6391e-05	0.035527	supercritical
376.87	93.000	95.153	0.010509	233.06	330.80	5.4165	0.68677	1.0172	381.69	0.12932	2.6540e-05	0.035731	supercritical
380.10	93.000	94.245	0.010611	235.41	334.09	5.4252	0.68738	1.0162	383.33	0.12677	2.6689e-05	0.035935	supercritical
383.33	93.000	93.355	0.010712	237.75	337.37	5.4338	0.68802	1.0153	384.96	0.12426	2.6838e-05	0.036139	supercritical
386.57	93.000	92.484	0.010813	240.09	340.65	5.4423	0.68867	1.0145	386.58	0.12181	2.6986e-05	0.036344	supercritical
389.80	93.000	91.631	0.010913	242.44	343.93	5.4507	0.68934	1.0138	388.19	0.11939	2.7133e-05	0.036549	supercritical
393.03	93.000	90.795	0.011014	244.78	347.21	5.4591	0.69002	1.0131	389.78	0.11703	2.7281e-05	0.036753	supercritical
396.27	93.000	89.976	0.011114	247.12	350.48	5.4674	0.69072	1.0124	391.36	0.11470	2.7428e-05	0.036958	supercritical
399.50	93.000	89.173	0.011214	249.46	353.75	5.4756	0.69144	1.0118	392.94	0.11242	2.7574e-05	0.037163	supercritical
402.73	93.000	88.386	0.011314	251.80	357.02	5.4838	0.69216	1.0113	394.50	0.11019	2.7721e-05	0.037368	supercritical
405.97	93.000	87.614	0.011414	254.15	360.29	5.4919	0.69291	1.0108	396.05	0.10799	2.7867e-05	0.037574	supercritical
409.20	93.000	86.857	0.011513	256.49	363.56	5.4999	0.69366	1.0104	397.59	0.10583	2.8013e-05	0.037779	supercritical
412.43	93.000	86.114	0.011613	258.83	366.83	5.5078	0.69443	1.0100	399.12	0.10371	2.8158e-05	0.037984	supercritical
415.67	93.000	85.385	0.011712	261.17	370.09	5.5157	0.69521	1.0097	400.63	0.10163	2.8303e-05	0.038189	supercritical
418.90	93.000	84.669	0.011811	263.52	373.36	5.5236	0.69600	1.0094	402.14	0.099580	2.8447e-05	0.038395	supercritical
422.13	93.000	83.966	0.011910	265.86	376.62	5.5313	0.69680	1.0092	403.64	0.097571	2.8592e-05	0.038600	supercritical
425.37	93.000	83.276	0.012008	268.21	379.88	5.5390	0.69761	1.0090	405.13	0.095597	2.8736e-05	0.038805	supercritical
428.60	93.000	82.598	0.012107	270.55	383.15	5.5467	0.69843	1.0088	406.62	0.093657	2.8879e-05	0.039010	supercritical
431.83	93.000	81.932	0.012205	272.90	386.41	5.5542	0.69926	1.0087	408.09	0.091751	2.9022e-05	0.039215	supercritical
435.07	93.000	81.278	0.012303	275.25	389.67	5.5618	0.70010	1.0086	409.55	0.089878	2.9165e-05	0.039420	supercritical
438.30	93.000	80.635	0.012402	277.60	392.93	5.5692	0.70095	1.0085	411.01	0.088037	2.9308e-05	0.039625	supercritical
441.53	93.000	80.003	0.012499	279.95	396.19	5.5766	0.70181	1.0085	412.45	0.086227	2.9450e-05	0.039830	supercritical
444.77	93.000	79.382	0.012597	282.30	399.45	5.5840	0.70268	1.0085	413.89	0.084448	2.9591e-05	0.040035	supercritical
448.00	93.000	78.771	0.012695	284.65	402.71	5.5913	0.70355	1.0086	415.32	0.082699	2.9733e-05	0.040240	supercritical
451.23	93.000	78.170	0.012793	287.00	405.97	5.5986	0.70443	1.0086	416.74	0.080979	2.9874e-05	0.040445	supercritical
454.47	93.000	77.579	0.012890	289.36	409.23	5.6058	0.70531	1.0087	418.15	0.079288	3.0015e-05	0.040650	supercritical
457.70	93.000	76.998	0.012987	291.71	412.50	5.6129	0.70621	1.0089	419.56	0.077626	3.0155e-05	0.040854	supercritical
460.93	93.000	76.426	0.013085	294.07	415.76	5.6200	0.70710	1.0090	420.96	0.075990	3.0295e-05	0.041059	supercritical
464.17	93.000	75.863	0.013182	296.43	419.02	5.6271	0.70801	1.0092	422.35	0.074382	3.0435e-05	0.041263	supercritical
467.40	93.000	75.308	0.013279	298.79	422.28	5.6341	0.70892	1.0094	423.73	0.072800	3.0574e-05	0.041467	supercritical
470.63	93.000	74.763	0.013376	301.16	425.55	5.6410	0.70983	1.0096	425.11	0.071244	3.0713e-05	0.041671	supercritical
473.87	93.000	74.226	0.013472	303.52	428.81	5.6479	0.71075	1.0099	426.48	0.069713	3.0851e-05	0.041875	supercritical
477.10	93.000	73.697	0.013569	305.89	432.08	5.6548	0.71167	1.0101	427.84	0.068207	3.0990e-05	0.042079	supercritical
480.33	93.000	73.176	0.013666	308.26	435.35	5.6616	0.71260	1.0104	429.20	0.066725	3.1128e-05	0.042283	supercritical
483.57	93.000	72.663	0.013762	310.63	438.61	5.6684	0.71353	1.0107	430.55	0.065267	3.1265e-05	0.042486	supercritical
486.80	93.000	72.158	0.013859	313.00	441.88	5.6752	0.71446	1.0110	431.89	0.063832	3.1402e-05	0.042690	supercritical
490.03	93.000	71.660	0.013955	315.37	445.15	5.6818	0.71540	1.0114	433.22	0.062420	3.1539e-05	0.042893	supercritical
493.27	93.000	71.169	0.014051	317.75	448.42	5.6885	0.71633	1.0117	434.55	0.061030	3.1676e-05	0.043096	supercritical
496.50	93.000	70.686	0.014147	320.13	451.69	5.6951	0.71728	1.0121	435.88	0.059661	3.1812e-05	0.043299	supercritical
499.73	93.000	70.209	0.014243	322.51	454.97	5.7017	0.71822	1.0125	437.19	0.058315	3.1948e-05	0.043502	supercritical
502.97	93.000	69.740	0.014339	324.89	458.24	5.7082	0.71916	1.0129	438.50	0.056989	3.2084e-05	0.043705	supercritical
506.20	93.000	69.277	0.014435	327.27	461.52	5.7147	0.72011	1.0133	439.81	0.055683	3.2219e-05	0.043907	supercritical
509.43	93.000	68.820	0.014531	329.66	464.79	5.7212	0.72106	1.0137	441.11	0.054398	3.2354e-05	0.044109	supercritical
512.67	93.000	68.370	0.014626	332.05	468.07	5.7276	0.72201	1.0142	442.40	0.053133	3.2488e-05	0.044312	supercritical
515.90	93.000	67.926	0.014722	334.44	471.35	5.7340	0.72296	1.0146	443.69	0.051887	3.2623e-05	0.044514	supercritical
519.13	93.000	67.488	0.014817	336.83	474.63	5.7403	0.72391	1.0151	444.97	0.050660	3.2756e-05	0.044715	supercritical
522.37	93.000	67.056	0.014913	339.23	477.92	5.7466	0.72486	1.0156	446.25	0.049451	3.2890e-05	0.044917	supercritical
525.60	93.000	66.630	0.015008	341.62	481.20	5.7529	0.72582	1.0161	447.52	0.048261	3.3023e-05	0.045118	supercritical
528.83	93.000	66.209	0.015104	344.02	484.49	5.7591	0.72677	1.0166	448.79	0.047088	3.3156e-05	0.045320	supercritical
532.07	93.000	65.794	0.015199	346.43	487.78	5.7653	0.72772	1.0171	450.05	0.045933	3.3289e-05	0.045521	supercritical
535.30	93.000	65.385	0.015294	348.83	491.07	5.7715	0.72867	1.0176	451.30	0.044795	3.3421e-05	0.045722	supercritical
538.53	93.000	64.981	0.015389	351.24	494.36	5.7776	0.72963	1.0181	452.55	0.043674	3.3553e-05	0.045923	supercritical
541.77	93.000	64.582	0.015484	353.65	497.65	5.7837	0.73058	1.0187	453.80	0.042570	3.3685e-05	0.046123	supercritical
545.00	93.000	64.188	0.015579	356.06	500.94	5.7897	0.73153	1.0192	455.04	0.041481	3.3816e-05	0.046324	supercritical
548.23	93.000	63.800	0.015674	358.47	504.24	5.7958	0.73248	1.0198	456.28	0.040409	3.3948e-05	0.046524	supercritical
551.47	93.000	63.416	0.015769	360.89	507.54	5.8018	0.73343	1.0203	457.51	0.039352	3.4078e-05	0.046724	supercritical
554.70	93.000	63.037	0.015864	363.31	510.84	5.8077	0.73437	1.0209	458.73	0.038311	3.4209e-05	0.046924	supercritical
557.93	93.000	62.663	0.015958	365.73	514.14	5.8137	0.73532	1.0215	459.96	0.037284	3.4339e-05	0.047123	supercritical
561.17	93.000	62.294	0.016053	368.15	517.44	5.8196	0.73626	1.0220	461.17	0.036272	3.4469e-05	0.047323	supercritical
564.40	93.000	61.929	0.016148	370.58	520.75	5.8255	0.73721	1.0226	462.39	0.035275	3.4598e-05	0.047522	supercritical
567.63	93.000	61.568	0.016242	373.00	524.06	5.8313	0.73815	1.0232	463.60	0.034292	3.4728e-05	0.047721	supercritical
570.87	93.000	61.212	0.016337	375.43	527.37	5.8371	0.73909	1.0238	464.80	0.033323	3.4857e-05	0.047920	supercritical
574.10	93.000	60.860	0.016431	377.87	530.68	5.8429	0.74002	1.0244	466.00	0.032367	3.4985e-05	0.048119	supercritical
577.33	93.000	60.513	0.016525	380.30	533.99	5.8487	0.74096	1.0250	467.20	0.031425	3.5114e-05	0.048317	supercritical
580.57	93.000	60.169	0.016620	382.74	537.31	5.8544	0.74189	1.0256	468.39	0.030496	3.5242e-05	0.048516	supercritical
583.80	93.000	59.830	0.016714	385.18	540.62	5.8601	0.74282	1.0262	469.58	0.029580	3.5370e-05	0.048714	supercritical
587.03	93.000	59.494	0.016808	387.62	543.94	5.8657	0.74375	1.0269	470.76	0.028676	3.5497e-05	0.048912	supercritical
590.27	93.000	59.163	0.016902	390.07	547.26	5.8714	0.74468	1.0275	471.94	0.027786	3.5625e-05	0.049110	supercritical
593.50	93.000	58.835	0.016997	392.52	550.59	5.8770	0.74560	1.0281	473.11	0.026907	3.5752e-05	0.049307	supercritical
596.73	93.000	58.511	0.017091	394.97	553.91	5.8826	0.74652	1.0287	474.29	0.026040	3.5878e-05	0.049504	supercritical
599.97	93.000	58.191	0.017185	397.42	557.24	5.8882	0.74744	1.0293	475.45	0.025185	3.6005e-05	0.049702	supercritical
603.20	93.000	57.875	0.017279	399.88	560.57	5.8937	0.74835	1.0300	476.62	0.024342	3.6131e-05	0.049899	supercritical
606.43	93.000	57.562	0.017373	402.33	563.90	5.8992	0.74926	1.0306	477.78	0.023510	3.6257e-05	0.050095	supercritical
609.67	93.000	57.252	0.017467	404.79	567.23	5.9047	0.75017	1.0312	478.93	0.022689	3.6382e-05	0.050292	supercritical
612.90	93.000	56.946	0.017560	407.26	570.57	5.9101	0.75107	1.0319	480.09	0.021879	3.6508e-05	0.050488	supercritical
616.13	93.000	56.644	0.017654	409.72	573.91	5.9156	0.75198	1.0325	481.24	0.021080	3.6633e-05	0.050685	supercritical
619.37	93.000	56.344	0.017748	412.19	577.24	5.9210	0.75287	1.0332	482.38	0.020292	3.6758e-05	0.050881	supercritical
622.60	93.000	56.048	0.017842	414.66	580.59	5.9264	0.75377	1.0338	483.53	0.019514	3.6882e-05	0.051077	supercritical
625.83	93.000	55.756	0.017935	417.13	583.93	5.9317	0.75466	1.0344	484.66	0.018746	3.7006e-05	0.051272	supercritical
629.07	93.000	55.466	0.018029	419.61	587.28	5.9370	0.75555	1.0351	485.80	0.017988	3.7130e-05	0.051468	supercritical
632.30	93.000	55.180	0.018123	422.08	590.62	5.9423	0.75643	1.0357	486.93	0.017240	3.7254e-05	0.051663	supercritical
635.53	93.000	54.896	0.018216	424.56	593.97	5.9476	0.75731	1.0364	488.06	0.016502	3.7378e-05	0.051858	supercritical
638.77	93.000	54.616	0.018310	427.04	597.33	5.9529	0.75819	1.0370	489.19	0.015773	3.7501e-05	0.052053	supercritical
642.00	93.000	54.338	0.018403	429.53	600.68	5.9581	0.75907	1.0377	490.31	0.015054	3.7624e-05	0.052248	supercritical
645.23	93.000	54.064	0.018497	432.02	604.04	5.9633	0.75994	1.0383	491.43	0.014344	3.7747e-05	0.052442	supercritical
648.47	93.000	53.792	0.018590	434.51	607.39	5.9685	0.76080	1.0389	492.54	0.013643	3.7869e-05	0.052637	supercritical
651.70	93.000	53.523	0.018683	437.00	610.75	5.9737	0.76166	1.0396	493.65	0.012951	3.7991e-05	0.052831	supercritical
654.93	93.000	53.257	0.018777	439.49	614.12	5.9789	0.76252	1.0402	494.76	0.012267	3.8113e-05	0.053025	supercritical
658.17	93.000	52.994	0.018870	441.99	617.48	5.9840	0.76338	1.0409	495.87	0.011593	3.8235e-05	0.053218	supercritical
661.40	93.000	52.733	0.018963	444.49	620.85	5.9891	0.76423	1.0415	496.97	0.010926	3.8356e-05	0.053412	supercritical
664.63	93.000	52.475	0.019057	446.99	624.22	5.9942	0.76507	1.0422	498.07	0.010268	3.8478e-05	0.053605	supercritical
667.87	93.000	52.220	0.019150	449.49	627.59	5.9992	0.76592	1.0428	499.17	0.0096184	3.8598e-05	0.053799	supercritical
671.10	93.000	51.967	0.019243	452.00	630.96	6.0043	0.76675	1.0435	500.26	0.0089766	3.8719e-05	0.053992	supercritical
674.33	93.000	51.716	0.019336	454.51	634.33	6.0093	0.76759	1.0441	501.36	0.0083426	3.8840e-05	0.054184	supercritical
677.57	93.000	51.469	0.019429	457.02	637.71	6.0143	0.76842	1.0447	502.44	0.0077165	3.8960e-05	0.054377	supercritical
680.80	93.000	51.223	0.019522	459.53	641.09	6.0192	0.76925	1.0454	503.53	0.0070980	3.9080e-05	0.054570	supercritical
684.03	93.000	50.980	0.019615	462.05	644.47	6.0242	0.77007	1.0460	504.61	0.0064870	3.9200e-05	0.054762	supercritical
687.27	93.000	50.740	0.019708	464.57	647.85	6.0291	0.77089	1.0467	505.69	0.0058834	3.9319e-05	0.054954	supercritical
690.50	93.000	50.501	0.019801	467.09	651.24	6.0340	0.77170	1.0473	506.77	0.0052871	3.9439e-05	0.055146	supercritical
693.73	93.000	50.265	0.019894	469.61	654.63	6.0389	0.77251	1.0479	507.84	0.0046979	3.9558e-05	0.055338	supercritical
696.97	93.000	50.032	0.019987	472.13	658.02	6.0438	0.77332	1.0486	508.91	0.0041158	3.9677e-05	0.055529	supercritical
700.20	93.000	49.800	0.020080	474.66	661.41	6.0487	0.77412	1.0492	509.98	0.0035406	3.9795e-05	0.055720	supercritical
703.43	93.000	49.571	0.020173	477.19	664.80	6.0535	0.77492	1.0498	511.05	0.0029722	3.9914e-05	0.055912	supercritical
706.67	93.000	49.344	0.020266	479.72	668.20	6.0583	0.77571	1.0505	512.11	0.0024106	4.0032e-05	0.056103	supercritical
709.90	93.000	49.119	0.020359	482.26	671.59	6.0631	0.77650	1.0511	513.17	0.0018555	4.0150e-05	0.056293	supercritical
713.13	93.000	48.896	0.020452	484.79	674.99	6.0679	0.77728	1.0517	514.23	0.0013069	4.0267e-05	0.056484	supercritical
716.37	93.000	48.675	0.020544	487.33	678.40	6.0727	0.77806	1.0523	515.29	0.00076477	4.0385e-05	0.056675	supercritical
719.60	93.000	48.456	0.020637	489.87	681.80	6.0774	0.77884	1.0529	516.34	0.00022888	4.0502e-05	0.056865	supercritical
722.83	93.000	48.239	0.020730	492.42	685.20	6.0821	0.77961	1.0536	517.39	-0.00030081	4.0619e-05	0.057055	supercritical
726.07	93.000	48.025	0.020823	494.96	688.61	6.0868	0.78038	1.0542	518.44	-0.00082441	4.0736e-05	0.057245	supercritical
729.30	93.000	47.812	0.020915	497.51	692.02	6.0915	0.78114	1.0548	519.49	-0.0013420	4.0853e-05	0.057435	supercritical
732.53	93.000	47.601	0.021008	500.06	695.43	6.0962	0.78190	1.0554	520.53	-0.0018537	4.0969e-05	0.057624	supercritical
735.77	93.000	47.392	0.021101	502.61	698.85	6.1008	0.78266	1.0560	521.57	-0.0023596	4.1085e-05	0.057814	supercritical
739.00	93.000	47.185	0.021193	505.17	702.26	6.1055	0.78341	1.0566	522.61	-0.0028597	4.1201e-05	0.058003	supercritical
742.23	93.000	46.980	0.021286	507.72	705.68	6.1101	0.78416	1.0572	523.65	-0.0033542	4.1317e-05	0.058192	supercritical
745.47	93.000	46.776	0.021378	510.28	709.10	6.1147	0.78490	1.0579	524.68	-0.0038432	4.1433e-05	0.058381	supercritical
748.70	93.000	46.575	0.021471	512.84	712.52	6.1192	0.78564	1.0585	525.71	-0.0043267	4.1548e-05	0.058569	supercritical
751.93	93.000	46.375	0.021563	515.40	715.94	6.1238	0.78637	1.0591	526.74	-0.0048048	4.1663e-05	0.058758	supercritical
755.17	93.000	46.177	0.021656	517.97	719.37	6.1284	0.78710	1.0597	527.77	-0.0052776	4.1778e-05	0.058946	supercritical
758.40	93.000	45.981	0.021748	520.54	722.80	6.1329	0.78783	1.0603	528.79	-0.0057452	4.1893e-05	0.059135	supercritical
761.63	93.000	45.786	0.021841	523.11	726.23	6.1374	0.78855	1.0609	529.81	-0.0062077	4.2007e-05	0.059323	supercritical
764.87	93.000	45.593	0.021933	525.68	729.66	6.1419	0.78927	1.0614	530.83	-0.0066651	4.2122e-05	0.059510	supercritical
768.10	93.000	45.402	0.022026	528.25	733.09	6.1464	0.78998	1.0620	531.85	-0.0071175	4.2236e-05	0.059698	supercritical
771.33	93.000	45.212	0.022118	530.83	736.52	6.1508	0.79069	1.0626	532.87	-0.0075650	4.2350e-05	0.059886	supercritical
774.57	93.000	45.024	0.022210	533.40	739.96	6.1553	0.79139	1.0632	533.88	-0.0080076	4.2464e-05	0.060073	supercritical
777.80	93.000	44.838	0.022303	535.98	743.40	6.1597	0.79209	1.0638	534.89	-0.0084455	4.2577e-05	0.060260	supercritical
781.03	93.000	44.653	0.022395	538.57	746.84	6.1641	0.79279	1.0644	535.90	-0.0088787	4.2690e-05	0.060447	supercritical
784.27	93.000	44.469	0.022487	541.15	750.28	6.1685	0.79348	1.0649	536.91	-0.0093073	4.2804e-05	0.060634	supercritical
787.50	93.000	44.288	0.022580	543.74	753.73	6.1729	0.79417	1.0655	537.91	-0.0097312	4.2917e-05	0.060821	supercritical
790.73	93.000	44.107	0.022672	546.32	757.17	6.1773	0.79486	1.0661	538.92	-0.010151	4.3029e-05	0.061007	supercritical
793.97	93.000	43.929	0.022764	548.91	760.62	6.1816	0.79554	1.0667	539.92	-0.010566	4.3142e-05	0.061194	supercritical
797.20	93.000	43.751	0.022856	551.51	764.07	6.1860	0.79621	1.0672	540.91	-0.010977	4.3254e-05	0.061380	supercritical
800.43	93.000	43.576	0.022949	554.10	767.52	6.1903	0.79689	1.0678	541.91	-0.011383	4.3366e-05	0.061566	supercritical
803.67	93.000	43.401	0.023041	556.70	770.98	6.1946	0.79756	1.0684	542.91	-0.011785	4.3478e-05	0.061752	supercritical
806.90	93.000	43.228	0.023133	559.29	774.43	6.1989	0.79822	1.0689	543.90	-0.012183	4.3590e-05	0.061938	supercritical
810.13	93.000	43.057	0.023225	561.89	777.89	6.2032	0.79888	1.0695	544.89	-0.012577	4.3702e-05	0.062123	supercritical
813.37	93.000	42.887	0.023317	564.50	781.35	6.2074	0.79954	1.0700	545.88	-0.012967	4.3813e-05	0.062309	supercritical
816.60	93.000	42.718	0.023409	567.10	784.81	6.2117	0.80019	1.0706	546.86	-0.013353	4.3925e-05	0.062494	supercritical
819.83	93.000	42.550	0.023502	569.70	788.27	6.2159	0.80084	1.0711	547.85	-0.013734	4.4036e-05	0.062679	supercritical
823.07	93.000	42.384	0.023594	572.31	791.73	6.2201	0.80148	1.0717	548.83	-0.014112	4.4147e-05	0.062864	supercritical
826.30	93.000	42.219	0.023686	574.92	795.20	6.2243	0.80212	1.0722	549.81	-0.014486	4.4257e-05	0.063049	supercritical
829.53	93.000	42.056	0.023778	577.53	798.67	6.2285	0.80276	1.0728	550.79	-0.014857	4.4368e-05	0.063233	supercritical
832.77	93.000	41.894	0.023870	580.15	802.14	6.2327	0.80340	1.0733	551.77	-0.015223	4.4478e-05	0.063418	supercritical
836.00	93.000	41.733	0.023962	582.76	805.61	6.2368	0.80403	1.0738	552.74	-0.015586	4.4589e-05	0.063602	supercritical
839.23	93.000	41.573	0.024054	585.38	809.08	6.2410	0.80465	1.0744	553.71	-0.015946	4.4699e-05	0.063786	supercritical
842.47	93.000	41.415	0.024146	588.00	812.56	6.2451	0.80527	1.0749	554.69	-0.016301	4.4808e-05	0.063970	supercritical
845.70	93.000	41.258	0.024238	590.62	816.03	6.2492	0.80589	1.0754	555.65	-0.016654	4.4918e-05	0.064154	supercritical
848.93	93.000	41.102	0.024330	593.24	819.51	6.2533	0.80651	1.0760	556.62	-0.017002	4.5028e-05	0.064338	supercritical
852.17	93.000	40.947	0.024422	595.87	822.99	6.2574	0.80712	1.0765	557.59	-0.017348	4.5137e-05	0.064521	supercritical
855.40	93.000	40.793	0.024514	598.49	826.47	6.2615	0.80772	1.0770	558.55	-0.017690	4.5246e-05	0.064705	supercritical
858.63	93.000	40.641	0.024606	601.12	829.96	6.2656	0.80833	1.0775	559.51	-0.018028	4.5355e-05	0.064888	supercritical
861.87	93.000	40.490	0.024698	603.75	833.44	6.2696	0.80893	1.0781	560.47	-0.018363	4.5464e-05	0.065071	supercritical
865.10	93.000	40.339	0.024790	606.38	836.93	6.2737	0.80952	1.0786	561.43	-0.018695	4.5573e-05	0.065254	supercritical
868.33	93.000	40.191	0.024881	609.02	840.41	6.2777	0.81012	1.0791	562.39	-0.019024	4.5681e-05	0.065437	supercritical
871.57	93.000	40.043	0.024973	611.65	843.90	6.2817	0.81071	1.0796	563.34	-0.019350	4.5789e-05	0.065619	supercritical
874.80	93.000	39.896	0.025065	614.29	847.40	6.2857	0.81129	1.0801	564.30	-0.019672	4.5897e-05	0.065802	supercritical
878.03	93.000	39.750	0.025157	616.93	850.89	6.2897	0.81187	1.0806	565.25	-0.019992	4.6005e-05	0.065984	supercritical
881.27	93.000	39.606	0.025249	619.57	854.38	6.2937	0.81245	1.0811	566.20	-0.020308	4.6113e-05	0.066167	supercritical
884.50	93.000	39.462	0.025341	622.21	857.88	6.2976	0.81303	1.0816	567.15	-0.020622	4.6221e-05	0.066349	supercritical
887.73	93.000	39.320	0.025433	624.86	861.38	6.3016	0.81360	1.0821	568.09	-0.020932	4.6328e-05	0.066531	supercritical
890.97	93.000	39.178	0.025524	627.50	864.88	6.3055	0.81417	1.0826	569.04	-0.021240	4.6436e-05	0.066712	supercritical
894.20	93.000	39.038	0.025616	630.15	868.38	6.3094	0.81473	1.0831	569.98	-0.021544	4.6543e-05	0.066894	supercritical
897.43	93.000	38.899	0.025708	632.80	871.88	6.3133	0.81529	1.0836	570.92	-0.021846	4.6650e-05	0.067076	supercritical
900.67	93.000	38.760	0.025800	635.45	875.39	6.3172	0.81585	1.0841	571.86	-0.022145	4.6757e-05	0.067257	supercritical
903.90	93.000	38.623	0.025891	638.10	878.89	6.3211	0.81641	1.0845	572.80	-0.022441	4.6864e-05	0.067438	supercritical
907.13	93.000	38.486	0.025983	640.76	882.40	6.3250	0.81696	1.0850	573.73	-0.022735	4.6970e-05	0.067619	supercritical
910.37	93.000	38.351	0.026075	643.41	885.91	6.3288	0.81751	1.0855	574.67	-0.023026	4.7077e-05	0.067800	supercritical
913.60	93.000	38.217	0.026167	646.07	889.42	6.3327	0.81805	1.0860	575.60	-0.023314	4.7183e-05	0.067981	supercritical
916.83	93.000	38.083	0.026258	648.73	892.93	6.3365	0.81859	1.0864	576.53	-0.023599	4.7289e-05	0.068162	supercritical
920.07	93.000	37.951	0.026350	651.39	896.44	6.3404	0.81913	1.0869	577.46	-0.023882	4.7395e-05	0.068342	supercritical
923.30	93.000	37.819	0.026442	654.05	899.96	6.3442	0.81967	1.0874	578.39	-0.024163	4.7501e-05	0.068523	supercritical
926.53	93.000	37.688	0.026533	656.72	903.48	6.3480	0.82020	1.0879	579.32	-0.024440	4.7606e-05	0.068703	supercritical
929.77	93.000	37.559	0.026625	659.38	906.99	6.3518	0.82073	1.0883	580.24	-0.024716	4.7712e-05	0.068883	supercritical
933.00	93.000	37.430	0.026717	662.05	910.51	6.3555	0.82125	1.0888	581.17	-0.024988	4.7817e-05	0.069063	supercritical
936.23	93.000	37.302	0.026808	664.72	914.04	6.3593	0.82177	1.0892	582.09	-0.025259	4.7922e-05	0.069243	supercritical
939.47	93.000	37.175	0.026900	667.39	917.56	6.3631	0.82229	1.0897	583.01	-0.025527	4.8028e-05	0.069423	supercritical
942.70	93.000	37.049	0.026992	670.06	921.08	6.3668	0.82281	1.0901	583.93	-0.025792	4.8132e-05	0.069602	supercritical
945.93	93.000	36.923	0.027083	672.73	924.61	6.3705	0.82332	1.0906	584.84	-0.026056	4.8237e-05	0.069782	supercritical
949.17	93.000	36.799	0.027175	675.41	928.13	6.3743	0.82384	1.0911	585.76	-0.026317	4.8342e-05	0.069961	supercritical
952.40	93.000	36.675	0.027266	678.09	931.66	6.3780	0.82434	1.0915	586.67	-0.026575	4.8446e-05	0.070140	supercritical
955.63	93.000	36.552	0.027358	680.76	935.19	6.3817	0.82485	1.0919	587.59	-0.026832	4.8551e-05	0.070319	supercritical
958.87	93.000	36.431	0.027450	683.44	938.72	6.3854	0.82535	1.0924	588.50	-0.027086	4.8655e-05	0.070498	supercritical
962.10	93.000	36.309	0.027541	686.12	942.26	6.3890	0.82585	1.0928	589.41	-0.027338	4.8759e-05	0.070677	supercritical
965.33	93.000	36.189	0.027633	688.81	945.79	6.3927	0.82634	1.0933	590.32	-0.027587	4.8863e-05	0.070856	supercritical
968.57	93.000	36.070	0.027724	691.49	949.33	6.3964	0.82684	1.0937	591.22	-0.027835	4.8967e-05	0.071034	supercritical
971.80	93.000	35.951	0.027816	694.18	952.86	6.4000	0.82733	1.0941	592.13	-0.028080	4.9070e-05	0.071213	supercritical
975.03	93.000	35.833	0.027907	696.87	956.40	6.4036	0.82781	1.0946	593.03	-0.028324	4.9174e-05	0.071391	supercritical
978.27	93.000	35.716	0.027999	699.55	959.94	6.4073	0.82830	1.0950	593.93	-0.028565	4.9277e-05	0.071569	supercritical
981.50	93.000	35.600	0.028090	702.24	963.48	6.4109	0.82878	1.0954	594.84	-0.028804	4.9380e-05	0.071747	supercritical
984.73	93.000	35.484	0.028182	704.94	967.03	6.4145	0.82926	1.0959	595.73	-0.029041	4.9483e-05	0.071925	supercritical
987.97	93.000	35.369	0.028273	707.63	970.57	6.4181	0.82973	1.0963	596.63	-0.029276	4.9586e-05	0.072103	supercritical
991.20	93.000	35.255	0.028365	710.32	974.12	6.4217	0.83021	1.0967	597.53	-0.029509	4.9689e-05	0.072281	supercritical
994.43	93.000	35.142	0.028456	713.02	977.66	6.4252	0.83068	1.0971	598.42	-0.029741	4.9792e-05	0.072458	supercritical
997.67	93.000	35.029	0.028548	715.72	981.21	6.4288	0.83115	1.0975	599.32	-0.029970	4.9894e-05	0.072635	supercritical
1000.9	93.000	34.917	0.028639	718.42	984.76	6.4324	0.83161	1.0980	600.21	-0.030197	4.9997e-05	0.072813	supercritical
1004.1	93.000	34.806	0.028730	721.12	988.31	6.4359	0.83208	1.0984	601.10	-0.030423	5.0099e-05	0.072990	supercritical
1007.4	93.000	34.696	0.028822	723.82	991.86	6.4394	0.83254	1.0988	601.99	-0.030646	5.0201e-05	0.073167	supercritical
1010.6	93.000	34.586	0.028913	726.52	995.42	6.4429	0.83299	1.0992	602.88	-0.030868	5.0303e-05	0.073344	supercritical
1013.8	93.000	34.477	0.029005	729.23	998.97	6.4465	0.83345	1.0996	603.77	-0.031088	5.0405e-05	0.073521	supercritical
1017.1	93.000	34.369	0.029096	731.93	1002.5	6.4500	0.83390	1.1000	604.65	-0.031306	5.0507e-05	0.073697	supercritical
1020.3	93.000	34.261	0.029188	734.64	1006.1	6.4535	0.83435	1.1004	605.54	-0.031522	5.0609e-05	0.073874	supercritical
1023.5	93.000	34.154	0.029279	737.35	1009.6	6.4569	0.83480	1.1008	606.42	-0.031737	5.0710e-05	0.074051	supercritical
1026.8	93.000	34.048	0.029370	740.06	1013.2	6.4604	0.83525	1.1012	607.30	-0.031949	5.0812e-05	0.074227	supercritical
1030.0	93.000	33.942	0.029462	742.77	1016.8	6.4639	0.83569	1.1016	608.18	-0.032161	5.0913e-05	0.074403	supercritical
1033.2	93.000	33.837	0.029553	745.48	1020.3	6.4673	0.83613	1.1020	609.06	-0.032370	5.1014e-05	0.074579	supercritical
1036.5	93.000	33.733	0.029644	748.20	1023.9	6.4708	0.83657	1.1024	609.94	-0.032577	5.1115e-05	0.074755	supercritical
1039.7	93.000	33.629	0.029736	750.91	1027.5	6.4742	0.83700	1.1028	610.81	-0.032783	5.1216e-05	0.074931	supercritical
1042.9	93.000	33.526	0.029827	753.63	1031.0	6.4776	0.83744	1.1032	611.69	-0.032988	5.1317e-05	0.075107	supercritical
1046.2	93.000	33.424	0.029918	756.35	1034.6	6.4810	0.83787	1.1036	612.56	-0.033190	5.1417e-05	0.075282	supercritical
1049.4	93.000	33.322	0.030010	759.07	1038.2	6.4844	0.83830	1.1039	613.43	-0.033391	5.1518e-05	0.075458	supercritical
1052.6	93.000	33.221	0.030101	761.79	1041.7	6.4878	0.83872	1.1043	614.30	-0.033591	5.1618e-05	0.075633	supercritical
1055.9	93.000	33.121	0.030192	764.51	1045.3	6.4912	0.83915	1.1047	615.17	-0.033789	5.1718e-05	0.075809	supercritical
1059.1	93.000	33.021	0.030284	767.23	1048.9	6.4946	0.83957	1.1051	616.04	-0.033985	5.1819e-05	0.075984	supercritical
1062.3	93.000	32.922	0.030375	769.96	1052.4	6.4980	0.83999	1.1055	616.91	-0.034180	5.1919e-05	0.076159	supercritical
1065.6	93.000	32.823	0.030466	772.68	1056.0	6.5013	0.84041	1.1058	617.77	-0.034373	5.2019e-05	0.076334	supercritical
1068.8	93.000	32.725	0.030558	775.41	1059.6	6.5047	0.84082	1.1062	618.64	-0.034565	5.2118e-05	0.076509	supercritical
1072.0	93.000	32.628	0.030649	778.14	1063.2	6.5080	0.84123	1.1066	619.50	-0.034755	5.2218e-05	0.076683	supercritical
1075.3	93.000	32.531	0.030740	780.87	1066.8	6.5114	0.84164	1.1070	620.36	-0.034944	5.2318e-05	0.076858	supercritical
1078.5	93.000	32.434	0.030831	783.60	1070.3	6.5147	0.84205	1.1073	621.22	-0.035131	5.2417e-05	0.077033	supercritical
1081.7	93.000	32.339	0.030923	786.33	1073.9	6.5180	0.84246	1.1077	622.08	-0.035317	5.2517e-05	0.077207	supercritical
1085.0	93.000	32.243	0.031014	789.06	1077.5	6.5213	0.84287	1.1081	622.94	-0.035501	5.2616e-05	0.077381	supercritical
1088.2	93.000	32.149	0.031105	791.80	1081.1	6.5246	0.84327	1.1084	623.80	-0.035684	5.2715e-05	0.077556	supercritical
1091.4	93.000	32.055	0.031197	794.53	1084.7	6.5279	0.84367	1.1088	624.65	-0.035866	5.2814e-05	0.077730	supercritical
1094.7	93.000	31.961	0.031288	797.27	1088.2	6.5312	0.84407	1.1092	625.51	-0.036046	5.2913e-05	0.077904	supercritical
1097.9	93.000	31.868	0.031379	800.01	1091.8	6.5345	0.84446	1.1095	626.36	-0.036225	5.3012e-05	0.078077	supercritical
1101.1	93.000	31.776	0.031470	802.75	1095.4	6.5377	0.84486	1.1099	627.21	-0.036402	5.3110e-05	0.078251	supercritical
1104.4	93.000	31.684	0.031561	805.49	1099.0	6.5410	0.84525	1.1102	628.06	-0.036578	5.3209e-05	0.078425	supercritical
1107.6	93.000	31.593	0.031653	808.23	1102.6	6.5442	0.84564	1.1106	628.91	-0.036753	5.3307e-05	0.078598	supercritical
1110.8	93.000	31.502	0.031744	810.98	1106.2	6.5475	0.84603	1.1109	629.76	-0.036926	5.3405e-05	0.078772	supercritical
1114.1	93.000	31.412	0.031835	813.72	1109.8	6.5507	0.84642	1.1113	630.61	-0.037099	5.3504e-05	0.078945	supercritical
1117.3	93.000	31.322	0.031926	816.47	1113.4	6.5539	0.84680	1.1116	631.46	-0.037269	5.3602e-05	0.079119	supercritical
1120.5	93.000	31.233	0.032017	819.21	1117.0	6.5571	0.84719	1.1120	632.30	-0.037439	5.3700e-05	0.079292	supercritical
1123.8	93.000	31.144	0.032109	821.96	1120.6	6.5603	0.84757	1.1123	633.14	-0.037607	5.3798e-05	0.079465	supercritical
1127.0	93.000	31.056	0.032200	824.71	1124.2	6.5635	0.84795	1.1127	633.99	-0.037774	5.3896e-05	0.079638	supercritical
1130.2	93.000	30.968	0.032291	827.46	1127.8	6.5667	0.84833	1.1130	634.83	-0.037940	5.3993e-05	0.079810	supercritical
1133.5	93.000	30.881	0.032382	830.21	1131.4	6.5699	0.84870	1.1134	635.67	-0.038105	5.4091e-05	0.079983	supercritical
1136.7	93.000	30.795	0.032473	832.97	1135.0	6.5731	0.84908	1.1137	636.51	-0.038268	5.4188e-05	0.080156	supercritical
1139.9	93.000	30.708	0.032564	835.72	1138.6	6.5762	0.84945	1.1141	637.35	-0.038430	5.4286e-05	0.080328	supercritical
1143.2	93.000	30.623	0.032656	838.47	1142.2	6.5794	0.84982	1.1144	638.18	-0.038591	5.4383e-05	0.080501	supercritical
1146.4	93.000	30.537	0.032747	841.23	1145.8	6.5825	0.85019	1.1147	639.02	-0.038751	5.4480e-05	0.080673	supercritical
1149.6	93.000	30.453	0.032838	843.99	1149.4	6.5857	0.85056	1.1151	639.85	-0.038909	5.4577e-05	0.080845	supercritical
1152.9	93.000	30.368	0.032929	846.75	1153.0	6.5888	0.85092	1.1154	640.68	-0.039067	5.4674e-05	0.081017	supercritical
1156.1	93.000	30.285	0.033020	849.51	1156.6	6.5919	0.85129	1.1157	641.52	-0.039223	5.4771e-05	0.081189	supercritical
1159.3	93.000	30.201	0.033111	852.27	1160.2	6.5950	0.85165	1.1161	642.35	-0.039378	5.4868e-05	0.081361	supercritical
1162.6	93.000	30.118	0.033202	855.03	1163.8	6.5981	0.85201	1.1164	643.18	-0.039532	5.4964e-05	0.081533	supercritical
1165.8	93.000	30.036	0.033293	857.79	1167.4	6.6013	0.85237	1.1167	644.01	-0.039685	5.5061e-05	0.081705	supercritical
1169.0	93.000	29.954	0.033385	860.55	1171.0	6.6043	0.85272	1.1171	644.83	-0.039837	5.5157e-05	0.081877	supercritical
1172.3	93.000	29.872	0.033476	863.32	1174.6	6.6074	0.85308	1.1174	645.66	-0.039988	5.5254e-05	0.082048	supercritical
1175.5	93.000	29.791	0.033567	866.09	1178.3	6.6105	0.85344	1.1177	646.49	-0.040137	5.5350e-05	0.082220	supercritical
1178.7	93.000	29.711	0.033658	868.85	1181.9	6.6136	0.85379	1.1180	647.31	-0.040286	5.5446e-05	0.082391	supercritical
1182.0	93.000	29.631	0.033749	871.62	1185.5	6.6166	0.85414	1.1184	648.13	-0.040434	5.5542e-05	0.082562	supercritical
1185.2	93.000	29.551	0.033840	874.39	1189.1	6.6197	0.85449	1.1187	648.95	-0.040580	5.5638e-05	0.082733	supercritical
1188.4	93.000	29.471	0.033931	877.16	1192.7	6.6227	0.85484	1.1190	649.78	-0.040725	5.5734e-05	0.082904	supercritical
1191.7	93.000	29.393	0.034022	879.93	1196.3	6.6258	0.85518	1.1193	650.60	-0.040870	5.5830e-05	0.083075	supercritical
1194.9	93.000	29.314	0.034113	882.71	1200.0	6.6288	0.85553	1.1196	651.41	-0.041013	5.5925e-05	0.083246	supercritical
1198.1	93.000	29.236	0.034204	885.48	1203.6	6.6318	0.85587	1.1199	652.23	-0.041156	5.6021e-05	0.083417	supercritical
1201.4	93.000	29.158	0.034295	888.25	1207.2	6.6349	0.85622	1.1203	653.05	-0.041297	5.6116e-05	0.083588	supercritical
1204.6	93.000	29.081	0.034386	891.03	1210.8	6.6379	0.85656	1.1206	653.86	-0.041437	5.6212e-05	0.083758	supercritical
1207.8	93.000	29.004	0.034478	893.81	1214.4	6.6409	0.85690	1.1209	654.68	-0.041577	5.6307e-05	0.083929	supercritical
1211.1	93.000	28.928	0.034569	896.59	1218.1	6.6439	0.85723	1.1212	655.49	-0.041715	5.6402e-05	0.084099	supercritical
1214.3	93.000	28.852	0.034660	899.36	1221.7	6.6469	0.85757	1.1215	656.30	-0.041853	5.6497e-05	0.084270	supercritical
1217.5	93.000	28.776	0.034751	902.14	1225.3	6.6498	0.85791	1.1218	657.11	-0.041989	5.6592e-05	0.084440	supercritical
1220.8	93.000	28.701	0.034842	904.93	1229.0	6.6528	0.85824	1.1221	657.93	-0.042125	5.6687e-05	0.084610	supercritical
1224.0	93.000	28.626	0.034933	907.71	1232.6	6.6558	0.85857	1.1224	658.73	-0.042259	5.6782e-05	0.084780	supercritical
1227.2	93.000	28.552	0.035024	910.49	1236.2	6.6588	0.85891	1.1227	659.54	-0.042393	5.6877e-05	0.084950	supercritical
1230.5	93.000	28.478	0.035115	913.27	1239.8	6.6617	0.85924	1.1230	660.35	-0.042526	5.6971e-05	0.085120	supercritical
1233.7	93.000	28.404	0.035206	916.06	1243.5	6.6647	0.85957	1.1234	661.16	-0.042657	5.7066e-05	0.085290	supercritical
1236.9	93.000	28.331	0.035297	918.85	1247.1	6.6676	0.85989	1.1237	661.96	-0.042788	5.7160e-05	0.085459	supercritical
1240.2	93.000	28.258	0.035388	921.63	1250.7	6.6705	0.86022	1.1240	662.76	-0.042918	5.7255e-05	0.085629	supercritical
1243.4	93.000	28.186	0.035479	924.42	1254.4	6.6735	0.86054	1.1243	663.57	-0.043048	5.7349e-05	0.085798	supercritical
1246.6	93.000	28.114	0.035570	927.21	1258.0	6.6764	0.86087	1.1246	664.37	-0.043176	5.7443e-05	0.085968	supercritical
1249.9	93.000	28.042	0.035661	930.00	1261.6	6.6793	0.86119	1.1249	665.17	-0.043303	5.7537e-05	0.086137	supercritical
1253.1	93.000	27.971	0.035752	932.79	1265.3	6.6822	0.86151	1.1252	665.97	-0.043430	5.7631e-05	0.086307	supercritical
1256.3	93.000	27.900	0.035843	935.59	1268.9	6.6851	0.86183	1.1255	666.77	-0.043555	5.7725e-05	0.086476	supercritical
1259.6	93.000	27.829	0.035934	938.38	1272.6	6.6880	0.86215	1.1258	667.57	-0.043680	5.7819e-05	0.086645	supercritical
1262.8	93.000	27.759	0.036025	941.17	1276.2	6.6909	0.86247	1.1260	668.36	-0.043804	5.7912e-05	0.086814	supercritical
1266.0	93.000	27.689	0.036116	943.97	1279.8	6.6938	0.86279	1.1263	669.16	-0.043927	5.8006e-05	0.086983	supercritical
1269.3	93.000	27.619	0.036207	946.76	1283.5	6.6966	0.86310	1.1266	669.95	-0.044050	5.8100e-05	0.087152	supercritical
1272.5	93.000	27.550	0.036298	949.56	1287.1	6.6995	0.86342	1.1269	670.75	-0.044171	5.8193e-05	0.087320	supercritical
1275.7	93.000	27.481	0.036389	952.36	1290.8	6.7024	0.86373	1.1272	671.54	-0.044292	5.8287e-05	0.087489	supercritical
1279.0	93.000	27.413	0.036480	955.16	1294.4	6.7052	0.86404	1.1275	672.33	-0.044412	5.8380e-05	0.087658	supercritical
1282.2	93.000	27.344	0.036570	957.96	1298.1	6.7081	0.86436	1.1278	673.12	-0.044531	5.8473e-05	0.087826	supercritical
1285.4	93.000	27.277	0.036661	960.76	1301.7	6.7109	0.86467	1.1281	673.91	-0.044649	5.8566e-05	0.087994	supercritical
1288.7	93.000	27.209	0.036752	963.56	1305.4	6.7137	0.86498	1.1284	674.70	-0.044767	5.8659e-05	0.088163	supercritical
1291.9	93.000	27.142	0.036843	966.37	1309.0	6.7166	0.86528	1.1287	675.49	-0.044883	5.8752e-05	0.088331	supercritical
1295.1	93.000	27.075	0.036934	969.17	1312.7	6.7194	0.86559	1.1289	676.28	-0.044999	5.8845e-05	0.088499	supercritical
1298.4	93.000	27.009	0.037025	971.97	1316.3	6.7222	0.86590	1.1292	677.06	-0.045114	5.8938e-05	0.088667	supercritical
1301.6	93.000	26.942	0.037116	974.78	1320.0	6.7250	0.86620	1.1295	677.85	-0.045229	5.9031e-05	0.088835	supercritical
1304.8	93.000	26.877	0.037207	977.59	1323.6	6.7278	0.86651	1.1298	678.63	-0.045343	5.9123e-05	0.089003	supercritical
1308.1	93.000	26.811	0.037298	980.40	1327.3	6.7306	0.86681	1.1301	679.41	-0.045455	5.9216e-05	0.089171	supercritical
1311.3	93.000	26.746	0.037389	983.20	1330.9	6.7334	0.86711	1.1304	680.20	-0.045568	5.9308e-05	0.089339	supercritical
1314.5	93.000	26.681	0.037480	986.01	1334.6	6.7362	0.86741	1.1306	680.98	-0.045679	5.9401e-05	0.089507	supercritical
1317.8	93.000	26.616	0.037571	988.82	1338.2	6.7390	0.86771	1.1309	681.76	-0.045790	5.9493e-05	0.089674	supercritical
1321.0	93.000	26.552	0.037662	991.64	1341.9	6.7417	0.86801	1.1312	682.54	-0.045900	5.9585e-05	0.089842	supercritical
1324.2	93.000	26.488	0.037753	994.45	1345.5	6.7445	0.86831	1.1315	683.31	-0.046009	5.9677e-05	0.090009	supercritical
1327.5	93.000	26.425	0.037843	997.26	1349.2	6.7473	0.86861	1.1318	684.09	-0.046118	5.9770e-05	0.090177	supercritical
1330.7	93.000	26.361	0.037934	1000.1	1352.9	6.7500	0.86891	1.1320	684.87	-0.046226	5.9862e-05	0.090344	supercritical
1333.9	93.000	26.298	0.038025	1002.9	1356.5	6.7528	0.86920	1.1323	685.64	-0.046333	5.9953e-05	0.090511	supercritical
1337.2	93.000	26.236	0.038116	1005.7	1360.2	6.7555	0.86950	1.1326	686.42	-0.046439	6.0045e-05	0.090678	supercritical
1340.4	93.000	26.173	0.038207	1008.5	1363.9	6.7582	0.86979	1.1329	687.19	-0.046545	6.0137e-05	0.090845	supercritical
1343.6	93.000	26.111	0.038298	1011.3	1367.5	6.7610	0.87009	1.1331	687.96	-0.046650	6.0229e-05	0.091012	supercritical
1346.9	93.000	26.049	0.038389	1014.2	1371.2	6.7637	0.87038	1.1334	688.73	-0.046755	6.0320e-05	0.091179	supercritical
1350.1	93.000	25.988	0.038480	1017.0	1374.8	6.7664	0.87067	1.1337	689.51	-0.046858	6.0412e-05	0.091346	supercritical
1353.3	93.000	25.926	0.038571	1019.8	1378.5	6.7691	0.87096	1.1340	690.28	-0.046961	6.0503e-05	0.091513	supercritical
1356.6	93.000	25.866	0.038661	1022.6	1382.2	6.7718	0.87125	1.1342	691.04	-0.047064	6.0595e-05	0.091679	supercritical
1359.8	93.000	25.805	0.038752	1025.4	1385.8	6.7745	0.87154	1.1345	691.81	-0.047166	6.0686e-05	0.091846	supercritical
1363.0	93.000	25.745	0.038843	1028.3	1389.5	6.7772	0.87183	1.1348	692.58	-0.047267	6.0777e-05	0.092013	supercritical
1366.3	93.000	25.684	0.038934	1031.1	1393.2	6.7799	0.87211	1.1350	693.35	-0.047367	6.0868e-05	0.092179	supercritical
1369.5	93.000	25.625	0.039025	1033.9	1396.9	6.7826	0.87240	1.1353	694.11	-0.047467	6.0960e-05	0.092345	supercritical
1372.7	93.000	25.565	0.039116	1036.7	1400.5	6.7853	0.87269	1.1356	694.88	-0.047566	6.1051e-05	0.092512	supercritical
1376.0	93.000	25.506	0.039207	1039.6	1404.2	6.7879	0.87297	1.1359	695.64	-0.047665	6.1141e-05	0.092678	supercritical
1379.2	93.000	25.447	0.039298	1042.4	1407.9	6.7906	0.87326	1.1361	696.40	-0.047763	6.1232e-05	0.092844	supercritical
1382.4	93.000	25.388	0.039388	1045.2	1411.5	6.7933	0.87354	1.1364	697.16	-0.047860	6.1323e-05	0.093010	supercritical
1385.7	93.000	25.330	0.039479	1048.1	1415.2	6.7959	0.87382	1.1367	697.92	-0.047957	6.1414e-05	0.093176	supercritical
1388.9	93.000	25.272	0.039570	1050.9	1418.9	6.7986	0.87411	1.1369	698.68	-0.048053	6.1505e-05	0.093342	supercritical
1392.1	93.000	25.214	0.039661	1053.7	1422.6	6.8012	0.87439	1.1372	699.44	-0.048149	6.1595e-05	0.093508	supercritical
1395.4	93.000	25.156	0.039752	1056.6	1426.2	6.8039	0.87467	1.1374	700.20	-0.048244	6.1686e-05	0.093674	supercritical
1398.6	93.000	25.099	0.039843	1059.4	1429.9	6.8065	0.87495	1.1377	700.96	-0.048338	6.1776e-05	0.093840	supercritical
1401.8	93.000	25.042	0.039933	1062.2	1433.6	6.8091	0.87523	1.1380	701.71	-0.048432	6.1866e-05	0.094005	supercritical
1405.1	93.000	24.985	0.040024	1065.1	1437.3	6.8117	0.87551	1.1382	702.47	-0.048525	6.1957e-05	0.094171	supercritical
1408.3	93.000	24.928	0.040115	1067.9	1441.0	6.8144	0.87578	1.1385	703.22	-0.048618	6.2047e-05	0.094336	supercritical
1411.5	93.000	24.872	0.040206	1070.7	1444.6	6.8170	0.87606	1.1388	703.98	-0.048710	6.2137e-05	0.094502	supercritical
1414.8	93.000	24.816	0.040297	1073.6	1448.3	6.8196	0.87634	1.1390	704.73	-0.048801	6.2227e-05	0.094667	supercritical
1418.0	93.000	24.760	0.040388	1076.4	1452.0	6.8222	0.87661	1.1393	705.48	-0.048892	6.2317e-05	0.094833	supercritical
1421.2	93.000	24.705	0.040478	1079.2	1455.7	6.8248	0.87689	1.1395	706.23	-0.048982	6.2407e-05	0.094998	supercritical
1424.5	93.000	24.649	0.040569	1082.1	1459.4	6.8274	0.87717	1.1398	706.98	-0.049072	6.2497e-05	0.095163	supercritical
1427.7	93.000	24.594	0.040660	1084.9	1463.1	6.8299	0.87744	1.1401	707.73	-0.049161	6.2587e-05	0.095328	supercritical
1430.9	93.000	24.539	0.040751	1087.8	1466.8	6.8325	0.87771	1.1403	708.48	-0.049250	6.2676e-05	0.095493	supercritical
1434.2	93.000	24.485	0.040842	1090.6	1470.4	6.8351	0.87799	1.1406	709.23	-0.049338	6.2766e-05	0.095658	supercritical
1437.4	93.000	24.430	0.040932	1093.5	1474.1	6.8377	0.87826	1.1408	709.98	-0.049425	6.2856e-05	0.095823	supercritical
1440.6	93.000	24.376	0.041023	1096.3	1477.8	6.8402	0.87853	1.1411	710.72	-0.049512	6.2945e-05	0.095988	supercritical
1443.9	93.000	24.323	0.041114	1099.1	1481.5	6.8428	0.87880	1.1414	711.47	-0.049599	6.3035e-05	0.096153	supercritical
1447.1	93.000	24.269	0.041205	1102.0	1485.2	6.8453	0.87907	1.1416	712.21	-0.049685	6.3124e-05	0.096317	supercritical
1450.3	93.000	24.216	0.041296	1104.8	1488.9	6.8479	0.87934	1.1419	712.95	-0.049770	6.3213e-05	0.096482	supercritical
1453.6	93.000	24.162	0.041387	1107.7	1492.6	6.8504	0.87961	1.1421	713.70	-0.049855	6.3303e-05	0.096647	supercritical
1456.8	93.000	24.110	0.041477	1110.5	1496.3	6.8530	0.87988	1.1424	714.44	-0.049939	6.3392e-05	0.096811	supercritical
1460.0	93.000	24.057	0.041568	1113.4	1500.0	6.8555	0.88015	1.1426	715.18	-0.050023	6.3481e-05	0.096975	supercritical
1463.3	93.000	24.004	0.041659	1116.2	1503.7	6.8580	0.88042	1.1429	715.92	-0.050107	6.3570e-05	0.097140	supercritical
1466.5	93.000	23.952	0.041750	1119.1	1507.4	6.8606	0.88068	1.1431	716.66	-0.050190	6.3659e-05	0.097304	supercritical
1469.7	93.000	23.900	0.041840	1121.9	1511.1	6.8631	0.88095	1.1434	717.40	-0.050272	6.3748e-05	0.097468	supercritical
1473.0	93.000	23.849	0.041931	1124.8	1514.8	6.8656	0.88122	1.1436	718.14	-0.050354	6.3837e-05	0.097633	supercritical
1476.2	93.000	23.797	0.042022	1127.6	1518.5	6.8681	0.88148	1.1439	718.87	-0.050435	6.3926e-05	0.097797	supercritical
1479.4	93.000	23.746	0.042113	1130.5	1522.2	6.8706	0.88175	1.1441	719.61	-0.050516	6.4015e-05	0.097961	supercritical
1482.7	93.000	23.695	0.042204	1133.4	1525.9	6.8731	0.88201	1.1444	720.34	-0.050596	6.4103e-05	0.098125	supercritical
1485.9	93.000	23.644	0.042294	1136.2	1529.6	6.8756	0.88228	1.1446	721.08	-0.050676	6.4192e-05	0.098289	supercritical
1489.1	93.000	23.593	0.042385	1139.1	1533.3	6.8781	0.88254	1.1449	721.81	-0.050756	6.4280e-05	0.098452	supercritical
1492.4	93.000	23.543	0.042476	1141.9	1537.0	6.8806	0.88281	1.1451	722.54	-0.050834	6.4369e-05	0.098616	supercritical
1495.6	93.000	23.493	0.042567	1144.8	1540.7	6.8830	0.88307	1.1454	723.28	-0.050913	6.4457e-05	0.098780	supercritical
1498.8	93.000	23.443	0.042657	1147.7	1544.4	6.8855	0.88333	1.1456	724.01	-0.050991	6.4546e-05	0.098944	supercritical
1502.1	93.000	23.393	0.042748	1150.5	1548.1	6.8880	0.88359	1.1459	724.74	-0.051068	6.4634e-05	0.099107	supercritical
1505.3	93.000	23.343	0.042839	1153.4	1551.8	6.8904	0.88385	1.1461	725.47	-0.051145	6.4722e-05	0.099271	supercritical
1508.5	93.000	23.294	0.042930	1156.2	1555.5	6.8929	0.88412	1.1464	726.20	-0.051222	6.4811e-05	0.099434	supercritical
1511.8	93.000	23.245	0.043020	1159.1	1559.2	6.8954	0.88438	1.1466	726.92	-0.051298	6.4899e-05	0.099598	supercritical
1515.0	93.000	23.196	0.043111	1162.0	1562.9	6.8978	0.88464	1.1469	727.65	-0.051374	6.4987e-05	0.099761	supercritical
1518.2	93.000	23.147	0.043202	1164.8	1566.6	6.9003	0.88490	1.1471	728.38	-0.051449	6.5075e-05	0.099924	supercritical
1521.5	93.000	23.099	0.043293	1167.7	1570.3	6.9027	0.88516	1.1474	729.10	-0.051524	6.5163e-05	0.10009	supercritical
1524.7	93.000	23.050	0.043383	1170.6	1574.0	6.9051	0.88541	1.1476	729.83	-0.051598	6.5251e-05	0.10025	supercritical
1527.9	93.000	23.002	0.043474	1173.4	1577.7	6.9076	0.88567	1.1479	730.55	-0.051672	6.5338e-05	0.10041	supercritical
1531.2	93.000	22.954	0.043565	1176.3	1581.4	6.9100	0.88593	1.1481	731.27	-0.051745	6.5426e-05	0.10058	supercritical
1534.4	93.000	22.907	0.043656	1179.2	1585.2	6.9124	0.88619	1.1484	732.00	-0.051818	6.5514e-05	0.10074	supercritical
1537.6	93.000	22.859	0.043746	1182.0	1588.9	6.9148	0.88645	1.1486	732.72	-0.051891	6.5602e-05	0.10090	supercritical
1540.9	93.000	22.812	0.043837	1184.9	1592.6	6.9172	0.88670	1.1489	733.44	-0.051963	6.5689e-05	0.10107	supercritical
1544.1	93.000	22.765	0.043928	1187.8	1596.3	6.9196	0.88696	1.1491	734.16	-0.052035	6.5777e-05	0.10123	supercritical
1547.3	93.000	22.718	0.044019	1190.6	1600.0	6.9221	0.88722	1.1494	734.88	-0.052106	6.5864e-05	0.10139	supercritical
1550.6	93.000	22.671	0.044109	1193.5	1603.7	6.9245	0.88747	1.1496	735.60	-0.052177	6.5952e-05	0.10155	supercritical
1553.8	93.000	22.624	0.044200	1196.4	1607.5	6.9268	0.88773	1.1498	736.31	-0.052248	6.6039e-05	0.10172	supercritical
1557.0	93.000	22.578	0.044291	1199.3	1611.2	6.9292	0.88798	1.1501	737.03	-0.052318	6.6126e-05	0.10188	supercritical
1560.3	93.000	22.532	0.044381	1202.1	1614.9	6.9316	0.88824	1.1503	737.75	-0.052387	6.6213e-05	0.10204	supercritical
1563.5	93.000	22.486	0.044472	1205.0	1618.6	6.9340	0.88849	1.1506	738.46	-0.052456	6.6301e-05	0.10220	supercritical
1566.7	93.000	22.440	0.044563	1207.9	1622.3	6.9364	0.88875	1.1508	739.18	-0.052525	6.6388e-05	0.10237	supercritical
1570.0	93.000	22.395	0.044654	1210.8	1626.1	6.9388	0.88900	1.1511	739.89	-0.052594	6.6475e-05	0.10253	supercritical
1573.2	93.000	22.349	0.044744	1213.7	1629.8	6.9411	0.88925	1.1513	740.61	-0.052662	6.6562e-05	0.10269	supercritical
1576.4	93.000	22.304	0.044835	1216.5	1633.5	6.9435	0.88951	1.1515	741.32	-0.052729	6.6649e-05	0.10285	supercritical
1579.7	93.000	22.259	0.044926	1219.4	1637.2	6.9458	0.88976	1.1518	742.03	-0.052796	6.6736e-05	0.10302	supercritical
1582.9	93.000	22.214	0.045016	1222.3	1640.9	6.9482	0.89001	1.1520	742.74	-0.052863	6.6823e-05	0.10318	supercritical
1586.1	93.000	22.169	0.045107	1225.2	1644.7	6.9506	0.89026	1.1523	743.45	-0.052930	6.6909e-05	0.10334	supercritical
1589.4	93.000	22.125	0.045198	1228.1	1648.4	6.9529	0.89051	1.1525	744.16	-0.052996	6.6996e-05	0.10350	supercritical
1592.6	93.000	22.081	0.045289	1230.9	1652.1	6.9552	0.89077	1.1527	744.87	-0.053061	6.7083e-05	0.10366	supercritical
1595.8	93.000	22.036	0.045379	1233.8	1655.9	6.9576	0.89102	1.1530	745.58	-0.053127	6.7170e-05	0.10383	supercritical
1599.1	93.000	21.993	0.045470	1236.7	1659.6	6.9599	0.89127	1.1532	746.28	-0.053192	6.7256e-05	0.10399	supercritical
1602.3	93.000	21.949	0.045561	1239.6	1663.3	6.9622	0.89152	1.1535	746.99	-0.053256	6.7343e-05	0.10415	supercritical
1605.5	93.000	21.905	0.045651	1242.5	1667.0	6.9646	0.89177	1.1537	747.70	-0.053320	6.7429e-05	0.10431	supercritical
1608.8	93.000	21.862	0.045742	1245.4	1670.8	6.9669	0.89202	1.1539	748.40	-0.053384	6.7516e-05	0.10447	supercritical
1612.0	93.000	21.818	0.045833	1248.3	1674.5	6.9692	0.89227	1.1542	749.11	-0.053447	6.7602e-05	0.10463	supercritical
1615.2	93.000	21.775	0.045924	1251.1	1678.2	6.9715	0.89252	1.1544	749.81	-0.053510	6.7688e-05	0.10480	supercritical
1618.5	93.000	21.732	0.046014	1254.0	1682.0	6.9738	0.89276	1.1547	750.51	-0.053573	6.7775e-05	0.10496	supercritical
1621.7	93.000	21.690	0.046105	1256.9	1685.7	6.9761	0.89301	1.1549	751.21	-0.053635	6.7861e-05	0.10512	supercritical
1624.9	93.000	21.647	0.046196	1259.8	1689.4	6.9784	0.89326	1.1551	751.91	-0.053697	6.7947e-05	0.10528	supercritical
1628.2	93.000	21.605	0.046286	1262.7	1693.2	6.9807	0.89351	1.1554	752.62	-0.053759	6.8033e-05	0.10544	supercritical
1631.4	93.000	21.562	0.046377	1265.6	1696.9	6.9830	0.89376	1.1556	753.32	-0.053820	6.8119e-05	0.10560	supercritical
1634.6	93.000	21.520	0.046468	1268.5	1700.6	6.9853	0.89400	1.1559	754.01	-0.053881	6.8205e-05	0.10576	supercritical
1637.9	93.000	21.478	0.046558	1271.4	1704.4	6.9876	0.89425	1.1561	754.71	-0.053942	6.8291e-05	0.10593	supercritical
1641.1	93.000	21.437	0.046649	1274.3	1708.1	6.9899	0.89450	1.1563	755.41	-0.054002	6.8377e-05	0.10609	supercritical
1644.3	93.000	21.395	0.046740	1277.2	1711.9	6.9922	0.89475	1.1566	756.11	-0.054062	6.8463e-05	0.10625	supercritical
1647.6	93.000	21.354	0.046830	1280.1	1715.6	6.9944	0.89499	1.1568	756.80	-0.054121	6.8549e-05	0.10641	supercritical
1650.8	93.000	21.312	0.046921	1283.0	1719.3	6.9967	0.89524	1.1570	757.50	-0.054180	6.8634e-05	0.10657	supercritical
1654.0	93.000	21.271	0.047012	1285.9	1723.1	6.9990	0.89548	1.1573	758.19	-0.054239	6.8720e-05	0.10673	supercritical
1657.3	93.000	21.230	0.047102	1288.8	1726.8	7.0012	0.89573	1.1575	758.89	-0.054298	6.8806e-05	0.10689	supercritical
1660.5	93.000	21.190	0.047193	1291.7	1730.6	7.0035	0.89598	1.1578	759.58	-0.054356	6.8891e-05	0.10705	supercritical
1663.7	93.000	21.149	0.047284	1294.6	1734.3	7.0057	0.89622	1.1580	760.28	-0.054413	6.8977e-05	0.10721	supercritical
1667.0	93.000	21.108	0.047374	1297.5	1738.1	7.0080	0.89647	1.1582	760.97	-0.054471	6.9062e-05	0.10737	supercritical
1670.2	93.000	21.068	0.047465	1300.4	1741.8	7.0102	0.89671	1.1585	761.66	-0.054528	6.9148e-05	0.10753	supercritical
1673.4	93.000	21.028	0.047556	1303.3	1745.5	7.0125	0.89696	1.1587	762.35	-0.054585	6.9233e-05	0.10770	supercritical
1676.7	93.000	20.988	0.047646	1306.2	1749.3	7.0147	0.89720	1.1589	763.04	-0.054641	6.9319e-05	0.10786	supercritical
1679.9	93.000	20.948	0.047737	1309.1	1753.0	7.0169	0.89744	1.1592	763.73	-0.054698	6.9404e-05	0.10802	supercritical
1683.1	93.000	20.908	0.047828	1312.0	1756.8	7.0192	0.89769	1.1594	764.42	-0.054753	6.9489e-05	0.10818	supercritical
1686.4	93.000	20.869	0.047918	1314.9	1760.5	7.0214	0.89793	1.1596	765.11	-0.054809	6.9575e-05	0.10834	supercritical
1689.6	93.000	20.829	0.048009	1317.8	1764.3	7.0236	0.89817	1.1599	765.79	-0.054864	6.9660e-05	0.10850	supercritical
1692.8	93.000	20.790	0.048100	1320.7	1768.0	7.0258	0.89842	1.1601	766.48	-0.054919	6.9745e-05	0.10866	supercritical
1696.1	93.000	20.751	0.048190	1323.6	1771.8	7.0280	0.89866	1.1603	767.17	-0.054974	6.9830e-05	0.10882	supercritical
1699.3	93.000	20.712	0.048281	1326.5	1775.5	7.0303	0.89890	1.1606	767.85	-0.055028	6.9915e-05	0.10898	supercritical
1702.5	93.000	20.673	0.048372	1329.4	1779.3	7.0325	0.89915	1.1608	768.54	-0.055082	7.0000e-05	0.10914	supercritical
1705.8	93.000	20.635	0.048462	1332.3	1783.0	7.0347	0.89939	1.1610	769.22	-0.055136	7.0085e-05	0.10930	supercritical
1709.0	93.000	20.596	0.048553	1335.3	1786.8	7.0369	0.89963	1.1613	769.90	-0.055189	7.0170e-05	0.10946	supercritical
1712.2	93.000	20.558	0.048644	1338.2	1790.6	7.0391	0.89987	1.1615	770.59	-0.055242	7.0255e-05	0.10962	supercritical
1715.5	93.000	20.519	0.048734	1341.1	1794.3	7.0412	0.90011	1.1617	771.27	-0.055295	7.0339e-05	0.10978	supercritical
1718.7	93.000	20.481	0.048825	1344.0	1798.1	7.0434	0.90036	1.1620	771.95	-0.055347	7.0424e-05	0.10994	supercritical
1721.9	93.000	20.443	0.048915	1346.9	1801.8	7.0456	0.90060	1.1622	772.63	-0.055400	7.0509e-05	0.11010	supercritical
1725.2	93.000	20.406	0.049006	1349.8	1805.6	7.0478	0.90084	1.1624	773.31	-0.055451	7.0593e-05	0.11026	supercritical
1728.4	93.000	20.368	0.049097	1352.7	1809.3	7.0500	0.90108	1.1627	773.99	-0.055503	7.0678e-05	0.11042	supercritical
1731.6	93.000	20.330	0.049187	1355.7	1813.1	7.0521	0.90132	1.1629	774.67	-0.055554	7.0763e-05	0.11058	supercritical
1734.9	93.000	20.293	0.049278	1358.6	1816.9	7.0543	0.90156	1.1631	775.34	-0.055605	7.0847e-05	0.11074	supercritical
1738.1	93.000	20.256	0.049369	1361.5	1820.6	7.0565	0.90180	1.1634	776.02	-0.055656	7.0932e-05	0.11090	supercritical
1741.3	93.000	20.219	0.049459	1364.4	1824.4	7.0586	0.90204	1.1636	776.70	-0.055706	7.1016e-05	0.11106	supercritical
1744.6	93.000	20.182	0.049550	1367.3	1828.2	7.0608	0.90228	1.1638	777.37	-0.055757	7.1100e-05	0.11122	supercritical
1747.8	93.000	20.145	0.049641	1370.3	1831.9	7.0630	0.90252	1.1641	778.05	-0.055806	7.1185e-05	0.11138	supercritical
1751.0	93.000	20.108	0.049731	1373.2	1835.7	7.0651	0.90276	1.1643	778.72	-0.055856	7.1269e-05	0.11154	supercritical
1754.3	93.000	20.072	0.049822	1376.1	1839.4	7.0673	0.90300	1.1645	779.40	-0.055905	7.1353e-05	0.11170	supercritical
1757.5	93.000	20.035	0.049912	1379.0	1843.2	7.0694	0.90324	1.1648	780.07	-0.055954	7.1438e-05	0.11185	supercritical
1760.7	93.000	19.999	0.050003	1381.9	1847.0	7.0715	0.90348	1.1650	780.74	-0.056003	7.1522e-05	0.11201	supercritical
1764.0	93.000	19.963	0.050094	1384.9	1850.7	7.0737	0.90372	1.1652	781.42	-0.056052	7.1606e-05	0.11217	supercritical
1767.2	93.000	19.927	0.050184	1387.8	1854.5	7.0758	0.90396	1.1655	782.09	-0.056100	7.1690e-05	0.11233	supercritical
1770.4	93.000	19.891	0.050275	1390.7	1858.3	7.0779	0.90420	1.1657	782.76	-0.056148	7.1774e-05	0.11249	supercritical
1773.7	93.000	19.855	0.050366	1393.6	1862.0	7.0801	0.90443	1.1659	783.43	-0.056196	7.1858e-05	0.11265	supercritical
1776.9	93.000	19.819	0.050456	1396.6	1865.8	7.0822	0.90467	1.1662	784.10	-0.056243	7.1942e-05	0.11281	supercritical
1780.1	93.000	19.784	0.050547	1399.5	1869.6	7.0843	0.90491	1.1664	784.77	-0.056290	7.2026e-05	0.11297	supercritical
1783.4	93.000	19.748	0.050637	1402.4	1873.4	7.0864	0.90515	1.1666	785.44	-0.056337	7.2110e-05	0.11313	supercritical
1786.6	93.000	19.713	0.050728	1405.4	1877.1	7.0885	0.90539	1.1669	786.10	-0.056384	7.2194e-05	0.11329	supercritical
1789.8	93.000	19.678	0.050819	1408.3	1880.9	7.0907	0.90562	1.1671	786.77	-0.056430	7.2277e-05	0.11345	supercritical
1793.1	93.000	19.643	0.050909	1411.2	1884.7	7.0928	0.90586	1.1673	787.44	-0.056476	7.2361e-05	0.11360	supercritical
1796.3	93.000	19.608	0.051000	1414.2	1888.5	7.0949	0.90610	1.1675	788.10	-0.056522	7.2445e-05	0.11376	supercritical
1799.5	93.000	19.573	0.051090	1417.1	1892.2	7.0970	0.90634	1.1678	788.77	-0.056568	7.2529e-05	0.11392	supercritical
1802.8	93.000	19.538	0.051181	1420.0	1896.0	7.0991	0.90657	1.1680	789.43	-0.056613	7.2612e-05	0.11408	supercritical
1806.0	93.000	19.504	0.051272	1423.0	1899.8	7.1012	0.90681	1.1682	790.10	-0.056658	7.2696e-05	0.11424	supercritical
1809.2	93.000	19.470	0.051362	1425.9	1903.6	7.1032	0.90705	1.1685	790.76	-0.056703	7.2779e-05	0.11440	supercritical
1812.5	93.000	19.435	0.051453	1428.8	1907.3	7.1053	0.90728	1.1687	791.42	-0.056747	7.2863e-05	0.11456	supercritical
1815.7	93.000	19.401	0.051544	1431.8	1911.1	7.1074	0.90752	1.1689	792.08	-0.056792	7.2946e-05	0.11472	supercritical
1818.9	93.000	19.367	0.051634	1434.7	1914.9	7.1095	0.90776	1.1692	792.74	-0.056836	7.3030e-05	0.11487	supercritical
1822.2	93.000	19.333	0.051725	1437.6	1918.7	7.1116	0.90799	1.1694	793.41	-0.056880	7.3113e-05	0.11503	supercritical
1825.4	93.000	19.299	0.051815	1440.6	1922.5	7.1136	0.90823	1.1696	794.07	-0.056923	7.3196e-05	0.11519	supercritical
1828.6	93.000	19.266	0.051906	1443.5	1926.2	7.1157	0.90846	1.1698	794.72	-0.056967	7.3280e-05	0.11535	supercritical
1831.9	93.000	19.232	0.051997	1446.5	1930.0	7.1178	0.90870	1.1701	795.38	-0.057010	7.3363e-05	0.11551	supercritical
1835.1	93.000	19.199	0.052087	1449.4	1933.8	7.1198	0.90894	1.1703	796.04	-0.057053	7.3446e-05	0.11567	supercritical
1838.3	93.000	19.165	0.052178	1452.3	1937.6	7.1219	0.90917	1.1705	796.70	-0.057095	7.3529e-05	0.11582	supercritical
1841.6	93.000	19.132	0.052268	1455.3	1941.4	7.1240	0.90941	1.1708	797.36	-0.057138	7.3613e-05	0.11598	supercritical
1844.8	93.000	19.099	0.052359	1458.2	1945.2	7.1260	0.90964	1.1710	798.01	-0.057180	7.3696e-05	0.11614	supercritical
1848.0	93.000	19.066	0.052450	1461.2	1949.0	7.1281	0.90988	1.1712	798.67	-0.057222	7.3779e-05	0.11630	supercritical
1851.3	93.000	19.033	0.052540	1464.1	1952.7	7.1301	0.91011	1.1714	799.32	-0.057264	7.3862e-05	0.11646	supercritical
1854.5	93.000	19.000	0.052631	1467.1	1956.5	7.1322	0.91035	1.1717	799.98	-0.057305	7.3945e-05	0.11662	supercritical
1857.7	93.000	18.968	0.052721	1470.0	1960.3	7.1342	0.91058	1.1719	800.63	-0.057346	7.4028e-05	0.11677	supercritical
1861.0	93.000	18.935	0.052812	1473.0	1964.1	7.1362	0.91082	1.1721	801.29	-0.057387	7.4111e-05	0.11693	supercritical
1864.2	93.000	18.903	0.052902	1475.9	1967.9	7.1383	0.91105	1.1724	801.94	-0.057428	7.4193e-05	0.11709	supercritical
1867.4	93.000	18.870	0.052993	1478.9	1971.7	7.1403	0.91128	1.1726	802.59	-0.057469	7.4276e-05	0.11725	supercritical
1870.7	93.000	18.838	0.053084	1481.8	1975.5	7.1423	0.91152	1.1728	803.24	-0.057509	7.4359e-05	0.11741	supercritical
1873.9	93.000	18.806	0.053174	1484.7	1979.3	7.1444	0.91175	1.1730	803.89	-0.057549	7.4442e-05	0.11756	supercritical
1877.1	93.000	18.774	0.053265	1487.7	1983.1	7.1464	0.91199	1.1733	804.55	-0.057589	7.4525e-05	0.11772	supercritical
1880.4	93.000	18.742	0.053355	1490.7	1986.9	7.1484	0.91222	1.1735	805.20	-0.057629	7.4607e-05	0.11788	supercritical
1883.6	93.000	18.710	0.053446	1493.6	1990.7	7.1504	0.91245	1.1737	805.84	-0.057668	7.4690e-05	0.11804	supercritical
1886.8	93.000	18.679	0.053537	1496.6	1994.4	7.1524	0.91269	1.1740	806.49	-0.057708	7.4773e-05	0.11819	supercritical
1890.1	93.000	18.647	0.053627	1499.5	1998.2	7.1544	0.91292	1.1742	807.14	-0.057747	7.4855e-05	0.11835	supercritical
1893.3	93.000	18.616	0.053718	1502.5	2002.0	7.1565	0.91315	1.1744	807.79	-0.057785	7.4938e-05	0.11851	supercritical
1896.5	93.000	18.584	0.053808	1505.4	2005.8	7.1585	0.91339	1.1746	808.44	-0.057824	7.5020e-05	0.11867	supercritical
1899.8	93.000	18.553	0.053899	1508.4	2009.6	7.1605	0.91362	1.1749	809.08	-0.057862	7.5103e-05	0.11882	supercritical
1903.0	93.000	18.522	0.053989	1511.3	2013.4	7.1625	0.91385	1.1751	809.73	-0.057901	7.5185e-05	0.11898	supercritical
1906.2	93.000	18.491	0.054080	1514.3	2017.2	7.1645	0.91409	1.1753	810.37	-0.057939	7.5267e-05	0.11914	supercritical
1909.5	93.000	18.460	0.054171	1517.2	2021.0	7.1664	0.91432	1.1755	811.02	-0.057976	7.5350e-05	0.11930	supercritical
1912.7	93.000	18.429	0.054261	1520.2	2024.8	7.1684	0.91455	1.1758	811.66	-0.058014	7.5432e-05	0.11945	supercritical
1915.9	93.000	18.399	0.054352	1523.2	2028.6	7.1704	0.91478	1.1760	812.31	-0.058051	7.5514e-05	0.11961	supercritical
1919.2	93.000	18.368	0.054442	1526.1	2032.4	7.1724	0.91502	1.1762	812.95	-0.058089	7.5597e-05	0.11977	supercritical
1922.4	93.000	18.338	0.054533	1529.1	2036.2	7.1744	0.91525	1.1764	813.59	-0.058125	7.5679e-05	0.11993	supercritical
1925.6	93.000	18.307	0.054623	1532.1	2040.0	7.1764	0.91548	1.1767	814.23	-0.058162	7.5761e-05	0.12008	supercritical
1928.9	93.000	18.277	0.054714	1535.0	2043.9	7.1783	0.91571	1.1769	814.87	-0.058199	7.5843e-05	0.12024	supercritical
1932.1	93.000	18.247	0.054805	1538.0	2047.7	7.1803	0.91594	1.1771	815.52	-0.058235	7.5925e-05	0.12040	supercritical
1935.3	93.000	18.217	0.054895	1540.9	2051.5	7.1823	0.91618	1.1774	816.16	-0.058271	7.6007e-05	0.12056	supercritical
1938.6	93.000	18.187	0.054986	1543.9	2055.3	7.1842	0.91641	1.1776	816.80	-0.058307	7.6090e-05	0.12071	supercritical
1941.8	93.000	18.157	0.055076	1546.9	2059.1	7.1862	0.91664	1.1778	817.43	-0.058343	7.6172e-05	0.12087	supercritical
1945.0	93.000	18.127	0.055167	1549.8	2062.9	7.1882	0.91687	1.1780	818.07	-0.058379	7.6254e-05	0.12103	supercritical
1948.3	93.000	18.097	0.055257	1552.8	2066.7	7.1901	0.91710	1.1783	818.71	-0.058414	7.6335e-05	0.12118	supercritical
1951.5	93.000	18.068	0.055348	1555.8	2070.5	7.1921	0.91733	1.1785	819.35	-0.058449	7.6417e-05	0.12134	supercritical
1954.7	93.000	18.038	0.055439	1558.7	2074.3	7.1940	0.91756	1.1787	819.99	-0.058484	7.6499e-05	0.12150	supercritical
1958.0	93.000	18.009	0.055529	1561.7	2078.1	7.1960	0.91779	1.1789	820.62	-0.058519	7.6581e-05	0.12165	supercritical
1961.2	93.000	17.979	0.055620	1564.7	2081.9	7.1979	0.91802	1.1792	821.26	-0.058554	7.6663e-05	0.12181	supercritical
1964.4	93.000	17.950	0.055710	1567.7	2085.8	7.1999	0.91825	1.1794	821.89	-0.058588	7.6745e-05	0.12197	supercritical
1967.7	93.000	17.921	0.055801	1570.6	2089.6	7.2018	0.91849	1.1796	822.53	-0.058622	7.6826e-05	0.12212	supercritical
1970.9	93.000	17.892	0.055891	1573.6	2093.4	7.2037	0.91872	1.1798	823.16	-0.058656	7.6908e-05	0.12228	supercritical
1974.1	93.000	17.863	0.055982	1576.6	2097.2	7.2057	0.91895	1.1801	823.79	-0.058690	7.6990e-05	0.12244	supercritical
1977.4	93.000	17.834	0.056072	1579.5	2101.0	7.2076	0.91918	1.1803	824.43	-0.058724	7.7071e-05	0.12259	supercritical
1980.6	93.000	17.805	0.056163	1582.5	2104.8	7.2095	0.91941	1.1805	825.06	-0.058757	7.7153e-05	0.12275	supercritical
1983.8	93.000	17.777	0.056254	1585.5	2108.7	7.2115	0.91964	1.1807	825.69	-0.058791	7.7235e-05	0.12291	supercritical
1987.1	93.000	17.748	0.056344	1588.5	2112.5	7.2134	0.91987	1.1810	826.32	-0.058824	7.7316e-05	0.12306	supercritical
1990.3	93.000	17.720	0.056435	1591.4	2116.3	7.2153	0.92009	1.1812	826.95	-0.058857	7.7398e-05	0.12322	supercritical
1993.5	93.000	17.691	0.056525	1594.4	2120.1	7.2172	0.92032	1.1814	827.58	-0.058890	7.7479e-05	0.12338	supercritical
1996.8	93.000	17.663	0.056616	1597.4	2123.9	7.2191	0.92055	1.1816	828.21	-0.058922	7.7561e-05	0.12353	supercritical
2000.0	93.000	17.635	0.056706	1600.4	2127.7	7.2210	0.92078	1.1819	828.84	-0.058955	7.7642e-05	0.12369	supercritical
