Temperature (K)	Pressure (bar)	Density (kg/m3)	Volume (m3/kg)	Internal Energy (kJ/kg)	Enthalpy (kJ/kg)	Entropy (J/g*K)	Cv (J/g*K)	Cp (J/g*K)	Sound Spd. (m/s)	Joule-Thomson (K/bar)	Viscosity (Pa*s)	Therm. Cond. (W/m*K)	Phase
60.000	85.000	1292.0	0.00077399	-185.49	-178.91	2.2350	1.0918	1.6557	1150.6	-0.037543	0.00061811	0.19736	liquid
63.233	85.000	1278.2	0.00078236	-180.20	-173.55	2.3220	1.0675	1.6608	1135.6	-0.037085	0.00053076	0.19304	liquid
66.467	85.000	1264.2	0.00079100	-174.90	-168.18	2.4049	1.0487	1.6625	1115.8	-0.036735	0.00046057	0.18872	liquid
69.700	85.000	1250.2	0.00079990	-169.60	-162.80	2.4838	1.0322	1.6620	1093.6	-0.036429	0.00040374	0.18440	liquid
72.933	85.000	1236.0	0.00080904	-164.31	-157.43	2.5592	1.0170	1.6605	1070.3	-0.036120	0.00035728	0.18008	liquid
76.167	85.000	1221.8	0.00081846	-159.02	-152.07	2.6312	1.0024	1.6590	1046.6	-0.035772	0.00031893	0.17576	liquid
79.400	85.000	1207.5	0.00082815	-153.74	-146.70	2.7001	0.98835	1.6580	1022.6	-0.035362	0.00028694	0.17144	liquid
82.633	85.000	1193.1	0.00083816	-148.47	-141.34	2.7663	0.97483	1.6579	998.62	-0.034871	0.00025996	0.16711	liquid
85.867	85.000	1178.5	0.00084852	-143.19	-135.98	2.8299	0.96181	1.6589	974.62	-0.034285	0.00023698	0.16277	liquid
89.100	85.000	1163.8	0.00085924	-137.92	-130.61	2.8913	0.94931	1.6613	950.62	-0.033591	0.00021720	0.15842	liquid
92.333	85.000	1148.9	0.00087039	-132.63	-125.24	2.9506	0.93731	1.6652	926.59	-0.032778	0.00020001	0.15406	liquid
95.567	85.000	1133.8	0.00088199	-127.34	-119.84	3.0080	0.92582	1.6705	902.51	-0.031833	0.00018491	0.14969	liquid
98.800	85.000	1118.4	0.00089410	-122.03	-114.43	3.0637	0.91483	1.6775	878.34	-0.030742	0.00017153	0.14530	liquid
102.03	85.000	1102.8	0.00090678	-116.70	-108.99	3.1178	0.90433	1.6863	854.04	-0.029488	0.00015957	0.14090	liquid
105.27	85.000	1086.9	0.00092008	-111.35	-103.52	3.1706	0.89430	1.6969	829.58	-0.028054	0.00014878	0.13650	liquid
108.50	85.000	1070.6	0.00093408	-105.96	-98.018	3.2221	0.88474	1.7095	804.91	-0.026414	0.00013898	0.13208	liquid
111.73	85.000	1053.9	0.00094887	-100.53	-92.468	3.2725	0.87564	1.7243	779.99	-0.024541	0.00013001	0.12768	liquid
114.97	85.000	1036.8	0.00096454	-95.064	-86.865	3.3220	0.86701	1.7417	754.78	-0.022400	0.00012175	0.12327	liquid
118.20	85.000	1019.1	0.00098122	-89.542	-81.201	3.3706	0.85885	1.7620	729.22	-0.019948	0.00011409	0.11887	liquid
121.43	85.000	1001.0	0.00099905	-83.959	-75.467	3.4184	0.85118	1.7857	703.27	-0.017130	0.00010694	0.11446	liquid
124.67	85.000	982.13	0.0010182	-78.304	-69.649	3.4657	0.84402	1.8134	676.87	-0.013879	0.00010024	0.11006	liquid
127.90	85.000	962.57	0.0010389	-72.565	-63.735	3.5125	0.83740	1.8459	649.95	-0.010107	9.3937e-05	0.10567	liquid
131.13	85.000	942.16	0.0010614	-66.728	-57.706	3.5591	0.83138	1.8843	622.43	-0.0057026	8.7973e-05	0.10129	liquid
134.37	85.000	920.75	0.0010861	-60.773	-51.542	3.6055	0.82603	1.9301	594.22	-0.00051626	8.2307e-05	0.096920	liquid
137.60	85.000	898.18	0.0011134	-54.678	-45.214	3.6520	0.82144	1.9854	565.22	0.0056513	7.6902e-05	0.092568	liquid
140.83	85.000	874.20	0.0011439	-48.412	-38.689	3.6989	0.81774	2.0531	535.31	0.013074	7.1722e-05	0.088232	liquid
144.07	85.000	848.50	0.0011785	-41.937	-31.919	3.7464	0.81512	2.1376	504.35	0.022138	6.6733e-05	0.083911	liquid
147.30	85.000	820.66	0.0012185	-35.199	-24.841	3.7950	0.81385	2.2454	472.17	0.033398	6.1898e-05	0.079600	liquid
150.53	85.000	790.06	0.0012657	-28.122	-17.363	3.8452	0.81429	2.3869	438.65	0.047676	5.7174e-05	0.075290	liquid
153.77	85.000	755.85	0.0013230	-20.597	-9.3513	3.8979	0.81695	2.5791	403.69	0.066228	5.2512e-05	0.070965	liquid
157.00	85.000	716.70	0.0013953	-12.460	-0.60011	3.9542	0.82244	2.8506	367.39	0.091015	4.7846e-05	0.066597	supercritical
160.23	85.000	670.63	0.0014911	-3.4566	9.2180	4.0161	0.83132	3.2484	330.23	0.12510	4.3089e-05	0.062141	supercritical
163.47	85.000	614.87	0.0016264	6.7766	20.601	4.0864	0.84349	3.8235	293.63	0.17273	3.8148e-05	0.057521	supercritical
166.70	85.000	547.45	0.0018266	18.541	34.068	4.1680	0.85623	4.4980	261.25	0.23698	3.3055e-05	0.052582	supercritical
169.93	85.000	473.54	0.0021118	31.310	49.260	4.2582	0.85988	4.7682	239.36	0.31079	2.8297e-05	0.047168	supercritical
173.17	85.000	408.39	0.0024486	43.164	63.977	4.3440	0.84757	4.2376	230.39	0.37189	2.4727e-05	0.041885	supercritical
176.40	85.000	360.07	0.0027773	52.866	76.473	4.4155	0.82823	3.5085	229.22	0.40957	2.2488e-05	0.037765	supercritical
179.63	85.000	325.11	0.0030759	60.716	86.861	4.4739	0.80941	2.9494	231.20	0.42958	2.1126e-05	0.034869	supercritical
182.87	85.000	298.88	0.0033458	67.287	95.727	4.5228	0.79291	2.5575	234.38	0.43862	2.0272e-05	0.032838	supercritical
186.10	85.000	278.34	0.0035927	72.983	103.52	4.5651	0.77873	2.2786	238.04	0.44094	1.9722e-05	0.031381	supercritical
189.33	85.000	261.69	0.0038212	78.060	110.54	4.6025	0.76654	2.0734	241.86	0.43910	1.9364e-05	0.030311	supercritical
192.57	85.000	247.82	0.0040352	82.683	116.98	4.6362	0.75603	1.9174	245.70	0.43463	1.9132e-05	0.029514	supercritical
195.80	85.000	235.99	0.0042374	86.959	122.98	4.6671	0.74692	1.7953	249.49	0.42849	1.8988e-05	0.028912	supercritical
199.03	85.000	225.74	0.0044298	90.964	128.62	4.6957	0.73898	1.6975	253.22	0.42128	1.8908e-05	0.028458	supercritical
202.27	85.000	216.73	0.0046141	94.753	133.97	4.7224	0.73204	1.6176	256.85	0.41342	1.8876e-05	0.028115	supercritical
205.50	85.000	208.70	0.0047915	98.364	139.09	4.7475	0.72595	1.5511	260.39	0.40518	1.8878e-05	0.027859	supercritical
208.73	85.000	201.49	0.0049630	101.83	144.01	4.7712	0.72058	1.4951	263.84	0.39674	1.8909e-05	0.027673	supercritical
211.97	85.000	194.96	0.0051293	105.17	148.77	4.7939	0.71583	1.4473	267.19	0.38822	1.8962e-05	0.027542	supercritical
215.20	85.000	189.00	0.0052911	108.41	153.38	4.8154	0.71161	1.4060	270.47	0.37973	1.9032e-05	0.027457	supercritical
218.43	85.000	183.52	0.0054489	111.55	157.87	4.8361	0.70785	1.3701	273.65	0.37131	1.9116e-05	0.027410	supercritical
221.67	85.000	178.47	0.0056031	114.62	162.25	4.8560	0.70450	1.3386	276.77	0.36301	1.9212e-05	0.027394	supercritical
224.90	85.000	173.79	0.0057542	117.62	166.53	4.8752	0.70149	1.3107	279.80	0.35486	1.9318e-05	0.027405	supercritical
228.13	85.000	169.42	0.0059024	120.55	170.72	4.8937	0.69880	1.2859	282.77	0.34688	1.9432e-05	0.027439	supercritical
231.37	85.000	165.34	0.0060480	123.44	174.85	4.9117	0.69638	1.2638	285.68	0.33908	1.9552e-05	0.027492	supercritical
234.60	85.000	161.52	0.0061913	126.27	178.90	4.9291	0.69421	1.2438	288.52	0.33147	1.9678e-05	0.027561	supercritical
237.83	85.000	157.92	0.0063324	129.07	182.89	4.9460	0.69225	1.2258	291.30	0.32404	1.9809e-05	0.027645	supercritical
241.07	85.000	154.52	0.0064715	131.82	186.83	4.9624	0.69049	1.2095	294.03	0.31681	1.9944e-05	0.027742	supercritical
244.30	85.000	151.31	0.0066088	134.54	190.71	4.9784	0.68890	1.1946	296.71	0.30977	2.0082e-05	0.027850	supercritical
247.53	85.000	148.27	0.0067445	137.23	194.55	4.9941	0.68746	1.1810	299.34	0.30292	2.0223e-05	0.027968	supercritical
250.77	85.000	145.38	0.0068785	139.89	198.35	5.0093	0.68617	1.1685	301.92	0.29625	2.0367e-05	0.028094	supercritical
254.00	85.000	142.63	0.0070112	142.52	202.11	5.0242	0.68501	1.1571	304.45	0.28976	2.0513e-05	0.028228	supercritical
257.23	85.000	140.01	0.0071424	145.13	205.84	5.0388	0.68397	1.1465	306.95	0.28345	2.0661e-05	0.028369	supercritical
260.47	85.000	137.51	0.0072724	147.71	209.53	5.0530	0.68303	1.1368	309.40	0.27730	2.0810e-05	0.028516	supercritical
263.70	85.000	135.11	0.0074013	150.28	213.19	5.0670	0.68220	1.1278	311.81	0.27132	2.0961e-05	0.028668	supercritical
266.93	85.000	132.82	0.0075290	152.82	216.82	5.0807	0.68145	1.1194	314.19	0.26550	2.1113e-05	0.028826	supercritical
270.17	85.000	130.62	0.0076557	155.35	220.43	5.0941	0.68080	1.1116	316.53	0.25983	2.1266e-05	0.028987	supercritical
273.40	85.000	128.51	0.0077814	157.87	224.01	5.1073	0.68022	1.1044	318.84	0.25431	2.1419e-05	0.029153	supercritical
276.63	85.000	126.48	0.0079062	160.37	227.57	5.1202	0.67971	1.0977	321.11	0.24894	2.1574e-05	0.029322	supercritical
279.87	85.000	124.53	0.0080301	162.85	231.11	5.1330	0.67928	1.0914	323.36	0.24370	2.1729e-05	0.029495	supercritical
283.10	85.000	122.65	0.0081532	165.33	234.63	5.1455	0.67891	1.0855	325.57	0.23859	2.1884e-05	0.029671	supercritical
286.33	85.000	120.84	0.0082755	167.79	238.13	5.1578	0.67860	1.0800	327.75	0.23362	2.2040e-05	0.029849	supercritical
289.57	85.000	119.09	0.0083971	170.24	241.61	5.1699	0.67835	1.0748	329.91	0.22877	2.2196e-05	0.030029	supercritical
292.80	85.000	117.40	0.0085180	172.68	245.08	5.1818	0.67815	1.0700	332.04	0.22404	2.2352e-05	0.030212	supercritical
296.03	85.000	115.77	0.0086382	175.11	248.53	5.1935	0.67801	1.0655	334.14	0.21942	2.2508e-05	0.030396	supercritical
299.27	85.000	114.18	0.0087577	177.53	251.97	5.2050	0.67791	1.0612	336.22	0.21492	2.2665e-05	0.030582	supercritical
302.50	85.000	112.65	0.0088767	179.94	255.39	5.2164	0.67786	1.0573	338.27	0.21052	2.2821e-05	0.030769	supercritical
305.73	85.000	111.17	0.0089951	182.35	258.81	5.2276	0.67785	1.0535	340.30	0.20623	2.2978e-05	0.030957	supercritical
308.97	85.000	109.73	0.0091129	184.75	262.21	5.2387	0.67788	1.0500	342.31	0.20204	2.3134e-05	0.031139	supercritical
312.20	85.000	108.34	0.0092302	187.14	265.60	5.2496	0.67796	1.0467	344.30	0.19794	2.3291e-05	0.031333	supercritical
315.43	85.000	106.99	0.0093470	189.53	268.98	5.2604	0.67807	1.0436	346.26	0.19394	2.3447e-05	0.031532	supercritical
318.67	85.000	105.67	0.0094634	191.91	272.35	5.2710	0.67822	1.0407	348.20	0.19004	2.3603e-05	0.031732	supercritical
321.90	85.000	104.39	0.0095792	194.28	275.71	5.2815	0.67841	1.0379	350.12	0.18622	2.3759e-05	0.031933	supercritical
325.13	85.000	103.15	0.0096946	196.65	279.06	5.2919	0.67863	1.0353	352.03	0.18248	2.3915e-05	0.032135	supercritical
328.37	85.000	101.94	0.0098096	199.02	282.40	5.3021	0.67888	1.0329	353.91	0.17883	2.4070e-05	0.032337	supercritical
331.60	85.000	100.76	0.0099242	201.38	285.74	5.3122	0.67916	1.0306	355.78	0.17526	2.4226e-05	0.032540	supercritical
334.83	85.000	99.618	0.010038	203.74	289.07	5.3222	0.67947	1.0285	357.63	0.17176	2.4381e-05	0.032743	supercritical
338.07	85.000	98.501	0.010152	206.09	292.39	5.3321	0.67982	1.0264	359.46	0.16834	2.4535e-05	0.032947	supercritical
341.30	85.000	97.412	0.010266	208.45	295.70	5.3418	0.68018	1.0246	361.27	0.16499	2.4690e-05	0.033152	supercritical
344.53	85.000	96.351	0.010379	210.79	299.01	5.3515	0.68058	1.0228	363.07	0.16172	2.4844e-05	0.033357	supercritical
347.77	85.000	95.315	0.010491	213.14	302.32	5.3610	0.68100	1.0211	364.85	0.15851	2.4998e-05	0.033562	supercritical
351.00	85.000	94.305	0.010604	215.48	305.62	5.3705	0.68145	1.0196	366.61	0.15537	2.5151e-05	0.033768	supercritical
354.23	85.000	93.318	0.010716	217.83	308.91	5.3798	0.68192	1.0181	368.36	0.15229	2.5305e-05	0.033974	supercritical
357.47	85.000	92.355	0.010828	220.16	312.20	5.3891	0.68242	1.0167	370.10	0.14928	2.5458e-05	0.034181	supercritical
360.70	85.000	91.413	0.010939	222.50	315.49	5.3982	0.68293	1.0155	371.82	0.14633	2.5610e-05	0.034387	supercritical
363.93	85.000	90.493	0.011051	224.84	318.77	5.4073	0.68347	1.0143	373.52	0.14343	2.5762e-05	0.034594	supercritical
367.17	85.000	89.593	0.011162	227.17	322.05	5.4162	0.68403	1.0132	375.21	0.14060	2.5914e-05	0.034801	supercritical
370.40	85.000	88.713	0.011272	229.51	325.32	5.4251	0.68461	1.0122	376.89	0.13782	2.6066e-05	0.035009	supercritical
373.63	85.000	87.852	0.011383	231.84	328.59	5.4339	0.68521	1.0112	378.56	0.13509	2.6217e-05	0.035216	supercritical
376.87	85.000	87.010	0.011493	234.17	331.86	5.4426	0.68582	1.0103	380.21	0.13242	2.6368e-05	0.035424	supercritical
380.10	85.000	86.185	0.011603	236.50	335.12	5.4512	0.68646	1.0095	381.85	0.12980	2.6518e-05	0.035631	supercritical
383.33	85.000	85.378	0.011713	238.83	338.39	5.4598	0.68711	1.0088	383.47	0.12723	2.6668e-05	0.035839	supercritical
386.57	85.000	84.587	0.011822	241.16	341.65	5.4683	0.68778	1.0081	385.09	0.12471	2.6818e-05	0.036047	supercritical
389.80	85.000	83.812	0.011931	243.49	344.91	5.4767	0.68846	1.0075	386.69	0.12224	2.6967e-05	0.036255	supercritical
393.03	85.000	83.053	0.012041	245.82	348.16	5.4850	0.68916	1.0069	388.28	0.11981	2.7116e-05	0.036463	supercritical
396.27	85.000	82.309	0.012149	248.15	351.42	5.4932	0.68988	1.0064	389.86	0.11743	2.7264e-05	0.036671	supercritical
399.50	85.000	81.579	0.012258	250.48	354.67	5.5014	0.69061	1.0060	391.43	0.11510	2.7413e-05	0.036879	supercritical
402.73	85.000	80.863	0.012367	252.81	357.92	5.5095	0.69135	1.0056	392.99	0.11280	2.7560e-05	0.037087	supercritical
405.97	85.000	80.161	0.012475	255.14	361.17	5.5176	0.69210	1.0052	394.54	0.11055	2.7708e-05	0.037295	supercritical
409.20	85.000	79.473	0.012583	257.47	364.42	5.5255	0.69287	1.0049	396.08	0.10834	2.7855e-05	0.037503	supercritical
412.43	85.000	78.797	0.012691	259.80	367.67	5.5334	0.69365	1.0047	397.61	0.10617	2.8001e-05	0.037711	supercritical
415.67	85.000	78.133	0.012799	262.13	370.92	5.5413	0.69445	1.0044	399.12	0.10404	2.8148e-05	0.037919	supercritical
418.90	85.000	77.482	0.012906	264.47	374.17	5.5491	0.69525	1.0043	400.63	0.10195	2.8293e-05	0.038127	supercritical
422.13	85.000	76.842	0.013014	266.80	377.42	5.5568	0.69606	1.0041	402.13	0.099890	2.8439e-05	0.038335	supercritical
425.37	85.000	76.214	0.013121	269.13	380.66	5.5644	0.69689	1.0040	403.62	0.097871	2.8584e-05	0.038543	supercritical
428.60	85.000	75.596	0.013228	271.47	383.91	5.5720	0.69772	1.0040	405.10	0.095888	2.8729e-05	0.038750	supercritical
431.83	85.000	74.990	0.013335	273.81	387.15	5.5796	0.69856	1.0039	406.57	0.093939	2.8873e-05	0.038958	supercritical
435.07	85.000	74.394	0.013442	276.14	390.40	5.5871	0.69942	1.0039	408.03	0.092024	2.9017e-05	0.039166	supercritical
438.30	85.000	73.808	0.013549	278.48	393.65	5.5945	0.70028	1.0040	409.48	0.090142	2.9160e-05	0.039373	supercritical
441.53	85.000	73.232	0.013655	280.82	396.89	5.6019	0.70114	1.0040	410.93	0.088293	2.9304e-05	0.039580	supercritical
444.77	85.000	72.666	0.013762	283.17	400.14	5.6092	0.70202	1.0041	412.36	0.086475	2.9446e-05	0.039787	supercritical
448.00	85.000	72.109	0.013868	285.51	403.39	5.6165	0.70290	1.0042	413.79	0.084689	2.9589e-05	0.039994	supercritical
451.23	85.000	71.561	0.013974	287.85	406.63	5.6237	0.70379	1.0044	415.21	0.082932	2.9731e-05	0.040201	supercritical
454.47	85.000	71.022	0.014080	290.20	409.88	5.6309	0.70469	1.0046	416.63	0.081206	2.9872e-05	0.040408	supercritical
457.70	85.000	70.492	0.014186	292.55	413.13	5.6380	0.70559	1.0048	418.03	0.079508	3.0014e-05	0.040615	supercritical
460.93	85.000	69.970	0.014292	294.90	416.38	5.6451	0.70650	1.0050	419.43	0.077839	3.0155e-05	0.040821	supercritical
464.17	85.000	69.456	0.014398	297.25	419.63	5.6521	0.70741	1.0052	420.82	0.076197	3.0295e-05	0.041027	supercritical
467.40	85.000	68.951	0.014503	299.60	422.88	5.6591	0.70833	1.0055	422.20	0.074583	3.0436e-05	0.041233	supercritical
470.63	85.000	68.453	0.014609	301.96	426.13	5.6660	0.70925	1.0058	423.58	0.072995	3.0575e-05	0.041439	supercritical
473.87	85.000	67.963	0.014714	304.31	429.38	5.6729	0.71018	1.0061	424.94	0.071433	3.0715e-05	0.041645	supercritical
477.10	85.000	67.480	0.014819	306.67	432.64	5.6798	0.71111	1.0064	426.31	0.069897	3.0854e-05	0.041851	supercritical
480.33	85.000	67.005	0.014924	309.03	435.89	5.6865	0.71204	1.0068	427.66	0.068385	3.0993e-05	0.042056	supercritical
483.57	85.000	66.536	0.015029	311.40	439.15	5.6933	0.71298	1.0071	429.01	0.066898	3.1131e-05	0.042262	supercritical
486.80	85.000	66.075	0.015134	313.76	442.40	5.7000	0.71392	1.0075	430.35	0.065435	3.1269e-05	0.042467	supercritical
490.03	85.000	65.620	0.015239	316.13	445.66	5.7067	0.71486	1.0079	431.69	0.063995	3.1407e-05	0.042672	supercritical
493.27	85.000	65.172	0.015344	318.50	448.92	5.7133	0.71581	1.0083	433.02	0.062578	3.1544e-05	0.042877	supercritical
496.50	85.000	64.731	0.015449	320.87	452.18	5.7199	0.71676	1.0087	434.34	0.061183	3.1681e-05	0.043081	supercritical
499.73	85.000	64.296	0.015553	323.24	455.44	5.7265	0.71771	1.0092	435.66	0.059811	3.1818e-05	0.043286	supercritical
502.97	85.000	63.867	0.015658	325.62	458.71	5.7330	0.71866	1.0096	436.97	0.058460	3.1954e-05	0.043490	supercritical
506.20	85.000	63.443	0.015762	328.00	461.97	5.7394	0.71961	1.0101	438.27	0.057130	3.2090e-05	0.043694	supercritical
509.43	85.000	63.026	0.015866	330.38	465.24	5.7459	0.72057	1.0106	439.57	0.055821	3.2226e-05	0.043898	supercritical
512.67	85.000	62.615	0.015971	332.76	468.51	5.7523	0.72153	1.0111	440.86	0.054532	3.2361e-05	0.044102	supercritical
515.90	85.000	62.209	0.016075	335.14	471.78	5.7586	0.72248	1.0116	442.15	0.053262	3.2496e-05	0.044305	supercritical
519.13	85.000	61.809	0.016179	337.53	475.05	5.7649	0.72344	1.0121	443.43	0.052013	3.2631e-05	0.044508	supercritical
522.37	85.000	61.414	0.016283	339.92	478.32	5.7712	0.72440	1.0126	444.71	0.050782	3.2765e-05	0.044712	supercritical
525.60	85.000	61.025	0.016387	342.31	481.60	5.7775	0.72536	1.0132	445.98	0.049570	3.2899e-05	0.044914	supercritical
528.83	85.000	60.640	0.016491	344.70	484.88	5.7837	0.72632	1.0137	447.25	0.048376	3.3033e-05	0.045117	supercritical
532.07	85.000	60.261	0.016594	347.10	488.15	5.7899	0.72728	1.0142	448.51	0.047201	3.3166e-05	0.045320	supercritical
535.30	85.000	59.887	0.016698	349.50	491.43	5.7960	0.72823	1.0148	449.77	0.046042	3.3299e-05	0.045522	supercritical
538.53	85.000	59.517	0.016802	351.90	494.72	5.8021	0.72919	1.0154	451.02	0.044902	3.3432e-05	0.045724	supercritical
541.77	85.000	59.153	0.016905	354.30	498.00	5.8082	0.73015	1.0159	452.26	0.043778	3.3564e-05	0.045926	supercritical
545.00	85.000	58.793	0.017009	356.71	501.29	5.8143	0.73110	1.0165	453.50	0.042670	3.3696e-05	0.046128	supercritical
548.23	85.000	58.437	0.017112	359.12	504.57	5.8203	0.73206	1.0171	454.74	0.041579	3.3828e-05	0.046329	supercritical
551.47	85.000	58.086	0.017216	361.53	507.86	5.8263	0.73301	1.0177	455.97	0.040504	3.3959e-05	0.046530	supercritical
554.70	85.000	57.740	0.017319	363.94	511.16	5.8322	0.73397	1.0183	457.20	0.039445	3.4090e-05	0.046732	supercritical
557.93	85.000	57.398	0.017422	366.36	514.45	5.8381	0.73492	1.0189	458.42	0.038401	3.4221e-05	0.046932	supercritical
561.17	85.000	57.060	0.017526	368.78	517.74	5.8440	0.73587	1.0195	459.64	0.037372	3.4351e-05	0.047133	supercritical
564.40	85.000	56.726	0.017629	371.20	521.04	5.8499	0.73681	1.0202	460.85	0.036358	3.4482e-05	0.047334	supercritical
567.63	85.000	56.396	0.017732	373.62	524.34	5.8557	0.73776	1.0208	462.06	0.035358	3.4611e-05	0.047534	supercritical
570.87	85.000	56.070	0.017835	376.05	527.64	5.8615	0.73870	1.0214	463.27	0.034372	3.4741e-05	0.047734	supercritical
574.10	85.000	55.748	0.017938	378.48	530.95	5.8673	0.73965	1.0220	464.47	0.033401	3.4870e-05	0.047934	supercritical
577.33	85.000	55.430	0.018041	380.91	534.25	5.8730	0.74059	1.0227	465.66	0.032443	3.4999e-05	0.048133	supercritical
580.57	85.000	55.116	0.018144	383.34	537.56	5.8787	0.74152	1.0233	466.86	0.031499	3.5128e-05	0.048333	supercritical
583.80	85.000	54.805	0.018246	385.78	540.87	5.8844	0.74246	1.0240	468.05	0.030568	3.5256e-05	0.048532	supercritical
587.03	85.000	54.498	0.018349	388.21	544.18	5.8901	0.74339	1.0246	469.23	0.029650	3.5384e-05	0.048731	supercritical
590.27	85.000	54.195	0.018452	390.65	547.50	5.8957	0.74432	1.0252	470.41	0.028745	3.5512e-05	0.048930	supercritical
593.50	85.000	53.895	0.018555	393.10	550.81	5.9013	0.74525	1.0259	471.59	0.027852	3.5640e-05	0.049129	supercritical
596.73	85.000	53.599	0.018657	395.54	554.13	5.9069	0.74617	1.0266	472.76	0.026971	3.5767e-05	0.049327	supercritical
599.97	85.000	53.306	0.018760	397.99	557.45	5.9124	0.74709	1.0272	473.93	0.026103	3.5894e-05	0.049525	supercritical
603.20	85.000	53.016	0.018862	400.44	560.77	5.9180	0.74801	1.0279	475.09	0.025246	3.6020e-05	0.049723	supercritical
606.43	85.000	52.729	0.018965	402.90	564.10	5.9235	0.74893	1.0285	476.25	0.024401	3.6147e-05	0.049921	supercritical
609.67	85.000	52.446	0.019067	405.35	567.42	5.9289	0.74984	1.0292	477.41	0.023567	3.6273e-05	0.050119	supercritical
612.90	85.000	52.166	0.019170	407.81	570.75	5.9344	0.75075	1.0298	478.56	0.022745	3.6399e-05	0.050316	supercritical
616.13	85.000	51.889	0.019272	410.27	574.08	5.9398	0.75165	1.0305	479.71	0.021933	3.6524e-05	0.050513	supercritical
619.37	85.000	51.615	0.019374	412.74	577.42	5.9452	0.75255	1.0312	480.86	0.021133	3.6650e-05	0.050710	supercritical
622.60	85.000	51.344	0.019476	415.20	580.75	5.9506	0.75345	1.0318	482.00	0.020343	3.6775e-05	0.050907	supercritical
625.83	85.000	51.076	0.019579	417.67	584.09	5.9559	0.75435	1.0325	483.14	0.019563	3.6899e-05	0.051104	supercritical
629.07	85.000	50.811	0.019681	420.14	587.43	5.9612	0.75524	1.0332	484.28	0.018794	3.7024e-05	0.051300	supercritical
632.30	85.000	50.549	0.019783	422.61	590.77	5.9665	0.75613	1.0338	485.41	0.018035	3.7148e-05	0.051496	supercritical
635.53	85.000	50.289	0.019885	425.09	594.11	5.9718	0.75701	1.0345	486.54	0.017286	3.7272e-05	0.051692	supercritical
638.77	85.000	50.032	0.019987	427.57	597.46	5.9771	0.75789	1.0352	487.67	0.016546	3.7395e-05	0.051888	supercritical
642.00	85.000	49.778	0.020089	430.05	600.81	5.9823	0.75877	1.0358	488.79	0.015816	3.7519e-05	0.052084	supercritical
645.23	85.000	49.527	0.020191	432.53	604.16	5.9875	0.75964	1.0365	489.91	0.015096	3.7642e-05	0.052279	supercritical
648.47	85.000	49.278	0.020293	435.02	607.51	5.9927	0.76051	1.0372	491.03	0.014384	3.7765e-05	0.052474	supercritical
651.70	85.000	49.032	0.020395	437.51	610.86	5.9978	0.76138	1.0378	492.14	0.013682	3.7888e-05	0.052669	supercritical
654.93	85.000	48.788	0.020497	440.00	614.22	6.0030	0.76224	1.0385	493.25	0.012989	3.8010e-05	0.052864	supercritical
658.17	85.000	48.547	0.020599	442.49	617.58	6.0081	0.76310	1.0392	494.36	0.012304	3.8132e-05	0.053059	supercritical
661.40	85.000	48.308	0.020700	444.99	620.94	6.0132	0.76395	1.0398	495.46	0.011628	3.8254e-05	0.053253	supercritical
664.63	85.000	48.072	0.020802	447.49	624.30	6.0182	0.76480	1.0405	496.56	0.010961	3.8376e-05	0.053447	supercritical
667.87	85.000	47.838	0.020904	449.99	627.67	6.0233	0.76564	1.0412	497.66	0.010301	3.8497e-05	0.053641	supercritical
671.10	85.000	47.606	0.021006	452.49	631.04	6.0283	0.76649	1.0418	498.76	0.0096504	3.8618e-05	0.053835	supercritical
674.33	85.000	47.377	0.021107	454.99	634.41	6.0333	0.76732	1.0425	499.85	0.0090076	3.8739e-05	0.054029	supercritical
677.57	85.000	47.150	0.021209	457.50	637.78	6.0383	0.76816	1.0431	500.94	0.0083726	3.8860e-05	0.054222	supercritical
680.80	85.000	46.925	0.021311	460.01	641.15	6.0433	0.76899	1.0438	502.02	0.0077454	3.8980e-05	0.054415	supercritical
684.03	85.000	46.702	0.021412	462.52	644.53	6.0482	0.76981	1.0444	503.11	0.0071259	3.9100e-05	0.054608	supercritical
687.27	85.000	46.482	0.021514	465.04	647.91	6.0532	0.77063	1.0451	504.19	0.0065140	3.9220e-05	0.054801	supercritical
690.50	85.000	46.264	0.021615	467.56	651.29	6.0581	0.77145	1.0458	505.27	0.0059094	3.9340e-05	0.054994	supercritical
693.73	85.000	46.047	0.021717	470.08	654.67	6.0630	0.77226	1.0464	506.34	0.0053122	3.9459e-05	0.055186	supercritical
696.97	85.000	45.833	0.021818	472.60	658.05	6.0678	0.77307	1.0471	507.41	0.0047221	3.9579e-05	0.055379	supercritical
700.20	85.000	45.621	0.021920	475.12	661.44	6.0727	0.77387	1.0477	508.48	0.0041391	3.9698e-05	0.055571	supercritical
703.43	85.000	45.411	0.022021	477.65	664.83	6.0775	0.77467	1.0484	509.55	0.0035630	3.9816e-05	0.055763	supercritical
706.67	85.000	45.203	0.022122	480.18	668.22	6.0823	0.77547	1.0490	510.62	0.0029938	3.9935e-05	0.055954	supercritical
709.90	85.000	44.997	0.022224	482.71	671.61	6.0871	0.77626	1.0496	511.68	0.0024313	4.0053e-05	0.056146	supercritical
713.13	85.000	44.793	0.022325	485.24	675.01	6.0919	0.77705	1.0503	512.74	0.0018754	4.0171e-05	0.056337	supercritical
716.37	85.000	44.590	0.022426	487.78	678.40	6.0966	0.77783	1.0509	513.79	0.0013260	4.0289e-05	0.056528	supercritical
719.60	85.000	44.390	0.022528	490.32	681.80	6.1014	0.77861	1.0516	514.85	0.00078302	4.0407e-05	0.056719	supercritical
722.83	85.000	44.191	0.022629	492.86	685.20	6.1061	0.77938	1.0522	515.90	0.00024636	4.0524e-05	0.056910	supercritical
726.07	85.000	43.994	0.022730	495.40	688.61	6.1108	0.78015	1.0528	516.95	-0.00028410	4.0641e-05	0.057101	supercritical
729.30	85.000	43.799	0.022831	497.95	692.01	6.1155	0.78092	1.0535	518.00	-0.00080845	4.0758e-05	0.057291	supercritical
732.53	85.000	43.606	0.022933	500.49	695.42	6.1201	0.78168	1.0541	519.04	-0.0013268	4.0875e-05	0.057481	supercritical
735.77	85.000	43.415	0.023034	503.04	698.83	6.1248	0.78244	1.0547	520.08	-0.0018392	4.0992e-05	0.057671	supercritical
739.00	85.000	43.225	0.023135	505.59	702.24	6.1294	0.78319	1.0553	521.12	-0.0023458	4.1108e-05	0.057861	supercritical
742.23	85.000	43.037	0.023236	508.15	705.65	6.1340	0.78394	1.0560	522.16	-0.0028466	4.1224e-05	0.058051	supercritical
745.47	85.000	42.850	0.023337	510.70	709.07	6.1386	0.78469	1.0566	523.20	-0.0033418	4.1340e-05	0.058240	supercritical
748.70	85.000	42.666	0.023438	513.26	712.49	6.1432	0.78543	1.0572	524.23	-0.0038315	4.1456e-05	0.058430	supercritical
751.93	85.000	42.483	0.023539	515.82	715.90	6.1477	0.78616	1.0578	525.26	-0.0043156	4.1571e-05	0.058619	supercritical
755.17	85.000	42.301	0.023640	518.39	719.33	6.1523	0.78689	1.0584	526.29	-0.0047944	4.1686e-05	0.058808	supercritical
758.40	85.000	42.121	0.023741	520.95	722.75	6.1568	0.78762	1.0590	527.31	-0.0052678	4.1801e-05	0.058997	supercritical
761.63	85.000	41.943	0.023842	523.52	726.17	6.1613	0.78835	1.0596	528.34	-0.0057360	4.1916e-05	0.059185	supercritical
764.87	85.000	41.766	0.023943	526.09	729.60	6.1658	0.78907	1.0602	529.36	-0.0061991	4.2031e-05	0.059374	supercritical
768.10	85.000	41.591	0.024044	528.66	733.03	6.1703	0.78978	1.0608	530.38	-0.0066571	4.2145e-05	0.059562	supercritical
771.33	85.000	41.417	0.024145	531.23	736.46	6.1747	0.79049	1.0614	531.39	-0.0071101	4.2260e-05	0.059750	supercritical
774.57	85.000	41.244	0.024246	533.81	739.89	6.1792	0.79120	1.0620	532.41	-0.0075582	4.2374e-05	0.059938	supercritical
777.80	85.000	41.074	0.024347	536.38	743.33	6.1836	0.79190	1.0626	533.42	-0.0080014	4.2487e-05	0.060126	supercritical
781.03	85.000	40.904	0.024447	538.96	746.77	6.1880	0.79260	1.0632	534.43	-0.0084398	4.2601e-05	0.060313	supercritical
784.27	85.000	40.736	0.024548	541.54	750.20	6.1924	0.79329	1.0638	535.44	-0.0088735	4.2715e-05	0.060501	supercritical
787.50	85.000	40.570	0.024649	544.13	753.65	6.1968	0.79398	1.0644	536.44	-0.0093026	4.2828e-05	0.060688	supercritical
790.73	85.000	40.404	0.024750	546.71	757.09	6.2011	0.79467	1.0650	537.45	-0.0097271	4.2941e-05	0.060875	supercritical
793.97	85.000	40.240	0.024851	549.30	760.53	6.2055	0.79535	1.0656	538.45	-0.010147	4.3054e-05	0.061062	supercritical
797.20	85.000	40.078	0.024951	551.89	763.98	6.2098	0.79603	1.0661	539.45	-0.010563	4.3166e-05	0.061249	supercritical
800.43	85.000	39.917	0.025052	554.48	767.43	6.2141	0.79671	1.0667	540.45	-0.010974	4.3279e-05	0.061435	supercritical
803.67	85.000	39.757	0.025153	557.08	770.88	6.2184	0.79738	1.0673	541.44	-0.011381	4.3391e-05	0.061622	supercritical
806.90	85.000	39.598	0.025254	559.67	774.33	6.2227	0.79804	1.0679	542.44	-0.011783	4.3503e-05	0.061808	supercritical
810.13	85.000	39.441	0.025354	562.27	777.78	6.2270	0.79870	1.0684	543.43	-0.012182	4.3615e-05	0.061994	supercritical
813.37	85.000	39.285	0.025455	564.87	781.24	6.2312	0.79936	1.0690	544.42	-0.012576	4.3727e-05	0.062180	supercritical
816.60	85.000	39.131	0.025556	567.47	784.69	6.2355	0.80002	1.0695	545.41	-0.012966	4.3839e-05	0.062366	supercritical
819.83	85.000	38.977	0.025656	570.08	788.15	6.2397	0.80067	1.0701	546.39	-0.013353	4.3950e-05	0.062552	supercritical
823.07	85.000	38.825	0.025757	572.68	791.61	6.2439	0.80131	1.0707	547.38	-0.013735	4.4061e-05	0.062737	supercritical
826.30	85.000	38.674	0.025857	575.29	795.08	6.2481	0.80196	1.0712	548.36	-0.014113	4.4172e-05	0.062922	supercritical
829.53	85.000	38.524	0.025958	577.90	798.54	6.2523	0.80260	1.0718	549.34	-0.014488	4.4283e-05	0.063107	supercritical
832.77	85.000	38.375	0.026058	580.51	802.01	6.2565	0.80323	1.0723	550.32	-0.014859	4.4394e-05	0.063292	supercritical
836.00	85.000	38.228	0.026159	583.12	805.48	6.2606	0.80386	1.0729	551.29	-0.015226	4.4504e-05	0.063477	supercritical
839.23	85.000	38.081	0.026260	585.74	808.95	6.2648	0.80449	1.0734	552.27	-0.015589	4.4614e-05	0.063662	supercritical
842.47	85.000	37.936	0.026360	588.36	812.42	6.2689	0.80511	1.0739	553.24	-0.015949	4.4724e-05	0.063846	supercritical
845.70	85.000	37.792	0.026461	590.98	815.89	6.2730	0.80573	1.0745	554.21	-0.016305	4.4834e-05	0.064031	supercritical
848.93	85.000	37.649	0.026561	593.60	819.37	6.2771	0.80635	1.0750	555.18	-0.016657	4.4944e-05	0.064215	supercritical
852.17	85.000	37.507	0.026662	596.22	822.84	6.2812	0.80696	1.0756	556.14	-0.017007	4.5054e-05	0.064399	supercritical
855.40	85.000	37.366	0.026762	598.84	826.32	6.2853	0.80757	1.0761	557.11	-0.017352	4.5163e-05	0.064583	supercritical
858.63	85.000	37.227	0.026862	601.47	829.80	6.2893	0.80817	1.0766	558.07	-0.017694	4.5272e-05	0.064766	supercritical
861.87	85.000	37.088	0.026963	604.10	833.28	6.2934	0.80878	1.0771	559.03	-0.018033	4.5381e-05	0.064950	supercritical
865.10	85.000	36.950	0.027063	606.73	836.77	6.2974	0.80937	1.0777	559.99	-0.018369	4.5490e-05	0.065133	supercritical
868.33	85.000	36.814	0.027164	609.36	840.25	6.3014	0.80997	1.0782	560.95	-0.018701	4.5599e-05	0.065317	supercritical
871.57	85.000	36.678	0.027264	611.99	843.74	6.3054	0.81056	1.0787	561.91	-0.019031	4.5708e-05	0.065500	supercritical
874.80	85.000	36.544	0.027364	614.63	847.23	6.3094	0.81114	1.0792	562.86	-0.019357	4.5816e-05	0.065683	supercritical
878.03	85.000	36.410	0.027465	617.27	850.72	6.3134	0.81173	1.0797	563.81	-0.019679	4.5924e-05	0.065866	supercritical
881.27	85.000	36.278	0.027565	619.91	854.21	6.3174	0.81231	1.0802	564.77	-0.019999	4.6032e-05	0.066048	supercritical
884.50	85.000	36.146	0.027666	622.55	857.70	6.3214	0.81288	1.0807	565.71	-0.020316	4.6140e-05	0.066231	supercritical
887.73	85.000	36.015	0.027766	625.19	861.20	6.3253	0.81346	1.0812	566.66	-0.020630	4.6248e-05	0.066413	supercritical
890.97	85.000	35.886	0.027866	627.83	864.70	6.3292	0.81403	1.0817	567.61	-0.020940	4.6356e-05	0.066595	supercritical
894.20	85.000	35.757	0.027966	630.48	868.19	6.3331	0.81459	1.0822	568.55	-0.021248	4.6463e-05	0.066777	supercritical
897.43	85.000	35.629	0.028067	633.13	871.69	6.3371	0.81515	1.0827	569.49	-0.021553	4.6570e-05	0.066959	supercritical
900.67	85.000	35.503	0.028167	635.78	875.20	6.3409	0.81571	1.0832	570.44	-0.021855	4.6677e-05	0.067141	supercritical
903.90	85.000	35.377	0.028267	638.43	878.70	6.3448	0.81627	1.0837	571.37	-0.022155	4.6784e-05	0.067323	supercritical
907.13	85.000	35.252	0.028368	641.08	882.20	6.3487	0.81682	1.0842	572.31	-0.022451	4.6891e-05	0.067504	supercritical
910.37	85.000	35.127	0.028468	643.73	885.71	6.3526	0.81737	1.0847	573.25	-0.022745	4.6998e-05	0.067686	supercritical
913.60	85.000	35.004	0.028568	646.39	889.22	6.3564	0.81792	1.0852	574.18	-0.023036	4.7104e-05	0.067867	supercritical
916.83	85.000	34.882	0.028668	649.05	892.73	6.3602	0.81846	1.0856	575.11	-0.023324	4.7211e-05	0.068048	supercritical
920.07	85.000	34.760	0.028768	651.71	896.24	6.3641	0.81900	1.0861	576.05	-0.023610	4.7317e-05	0.068229	supercritical
923.30	85.000	34.640	0.028869	654.37	899.75	6.3679	0.81954	1.0866	576.97	-0.023893	4.7423e-05	0.068410	supercritical
926.53	85.000	34.520	0.028969	657.03	903.26	6.3717	0.82007	1.0871	577.90	-0.024174	4.7529e-05	0.068590	supercritical
929.77	85.000	34.401	0.029069	659.69	906.78	6.3755	0.82060	1.0875	578.83	-0.024452	4.7634e-05	0.068771	supercritical
933.00	85.000	34.283	0.029169	662.36	910.30	6.3792	0.82113	1.0880	579.75	-0.024727	4.7740e-05	0.068951	supercritical
936.23	85.000	34.166	0.029269	665.03	913.82	6.3830	0.82165	1.0885	580.68	-0.025000	4.7845e-05	0.069131	supercritical
939.47	85.000	34.049	0.029369	667.70	917.34	6.3868	0.82217	1.0889	581.60	-0.025271	4.7951e-05	0.069312	supercritical
942.70	85.000	33.933	0.029470	670.37	920.86	6.3905	0.82269	1.0894	582.52	-0.025539	4.8056e-05	0.069492	supercritical
945.93	85.000	33.818	0.029570	673.04	924.38	6.3942	0.82320	1.0899	583.44	-0.025805	4.8161e-05	0.069671	supercritical
949.17	85.000	33.704	0.029670	675.71	927.91	6.3979	0.82371	1.0903	584.35	-0.026068	4.8266e-05	0.069851	supercritical
952.40	85.000	33.591	0.029770	678.39	931.43	6.4017	0.82422	1.0908	585.27	-0.026329	4.8370e-05	0.070031	supercritical
955.63	85.000	33.478	0.029870	681.07	934.96	6.4054	0.82473	1.0912	586.18	-0.026588	4.8475e-05	0.070210	supercritical
958.87	85.000	33.367	0.029970	683.74	938.49	6.4090	0.82523	1.0917	587.10	-0.026845	4.8579e-05	0.070389	supercritical
962.10	85.000	33.256	0.030070	686.42	942.02	6.4127	0.82573	1.0921	588.01	-0.027099	4.8684e-05	0.070569	supercritical
965.33	85.000	33.145	0.030170	689.10	945.55	6.4164	0.82623	1.0926	588.92	-0.027351	4.8788e-05	0.070748	supercritical
968.57	85.000	33.036	0.030270	691.79	949.08	6.4200	0.82672	1.0930	589.82	-0.027601	4.8892e-05	0.070927	supercritical
971.80	85.000	32.927	0.030370	694.47	952.62	6.4237	0.82721	1.0934	590.73	-0.027849	4.8996e-05	0.071105	supercritical
975.03	85.000	32.819	0.030470	697.16	956.16	6.4273	0.82770	1.0939	591.64	-0.028094	4.9099e-05	0.071284	supercritical
978.27	85.000	32.712	0.030570	699.85	959.69	6.4309	0.82818	1.0943	592.54	-0.028338	4.9203e-05	0.071463	supercritical
981.50	85.000	32.605	0.030670	702.53	963.23	6.4345	0.82867	1.0948	593.44	-0.028579	4.9306e-05	0.071641	supercritical
984.73	85.000	32.499	0.030770	705.22	966.77	6.4381	0.82915	1.0952	594.34	-0.028819	4.9410e-05	0.071819	supercritical
987.97	85.000	32.394	0.030870	707.92	970.31	6.4417	0.82962	1.0956	595.24	-0.029056	4.9513e-05	0.071997	supercritical
991.20	85.000	32.289	0.030970	710.61	973.86	6.4453	0.83010	1.0960	596.14	-0.029291	4.9616e-05	0.072175	supercritical
994.43	85.000	32.185	0.031070	713.30	977.40	6.4489	0.83057	1.0965	597.04	-0.029525	4.9719e-05	0.072353	supercritical
997.67	85.000	32.082	0.031170	716.00	980.95	6.4524	0.83104	1.0969	597.93	-0.029756	4.9821e-05	0.072531	supercritical
1000.9	85.000	31.979	0.031270	718.70	984.49	6.4560	0.83151	1.0973	598.82	-0.029985	4.9924e-05	0.072709	supercritical
1004.1	85.000	31.877	0.031370	721.40	988.04	6.4595	0.83197	1.0977	599.72	-0.030213	5.0026e-05	0.072886	supercritical
1007.4	85.000	31.776	0.031470	724.10	991.59	6.4631	0.83243	1.0981	600.61	-0.030438	5.0129e-05	0.073064	supercritical
1010.6	85.000	31.676	0.031570	726.80	995.14	6.4666	0.83289	1.0986	601.50	-0.030662	5.0231e-05	0.073241	supercritical
1013.8	85.000	31.576	0.031670	729.50	998.70	6.4701	0.83334	1.0990	602.38	-0.030884	5.0333e-05	0.073418	supercritical
1017.1	85.000	31.476	0.031770	732.21	1002.3	6.4736	0.83380	1.0994	603.27	-0.031104	5.0435e-05	0.073595	supercritical
1020.3	85.000	31.378	0.031870	734.91	1005.8	6.4771	0.83425	1.0998	604.16	-0.031322	5.0537e-05	0.073772	supercritical
1023.5	85.000	31.280	0.031970	737.62	1009.4	6.4806	0.83470	1.1002	605.04	-0.031539	5.0639e-05	0.073949	supercritical
1026.8	85.000	31.182	0.032070	740.33	1012.9	6.4840	0.83514	1.1006	605.92	-0.031753	5.0740e-05	0.074125	supercritical
1030.0	85.000	31.085	0.032169	743.04	1016.5	6.4875	0.83559	1.1010	606.80	-0.031966	5.0842e-05	0.074302	supercritical
1033.2	85.000	30.989	0.032269	745.75	1020.0	6.4910	0.83603	1.1014	607.68	-0.032177	5.0943e-05	0.074478	supercritical
1036.5	85.000	30.894	0.032369	748.47	1023.6	6.4944	0.83647	1.1018	608.56	-0.032387	5.1044e-05	0.074655	supercritical
1039.7	85.000	30.799	0.032469	751.18	1027.2	6.4978	0.83690	1.1022	609.44	-0.032594	5.1145e-05	0.074831	supercritical
1042.9	85.000	30.704	0.032569	753.90	1030.7	6.5012	0.83734	1.1026	610.32	-0.032801	5.1246e-05	0.075007	supercritical
1046.2	85.000	30.610	0.032669	756.61	1034.3	6.5047	0.83777	1.1030	611.19	-0.033005	5.1347e-05	0.075183	supercritical
1049.4	85.000	30.517	0.032769	759.33	1037.9	6.5081	0.83820	1.1034	612.06	-0.033208	5.1448e-05	0.075359	supercritical
1052.6	85.000	30.424	0.032868	762.05	1041.4	6.5115	0.83863	1.1038	612.94	-0.033409	5.1548e-05	0.075534	supercritical
1055.9	85.000	30.332	0.032968	764.77	1045.0	6.5148	0.83905	1.1041	613.81	-0.033608	5.1649e-05	0.075710	supercritical
1059.1	85.000	30.241	0.033068	767.49	1048.6	6.5182	0.83947	1.1045	614.68	-0.033806	5.1749e-05	0.075885	supercritical
1062.3	85.000	30.150	0.033168	770.22	1052.1	6.5216	0.83989	1.1049	615.54	-0.034003	5.1849e-05	0.076061	supercritical
1065.6	85.000	30.059	0.033268	772.94	1055.7	6.5250	0.84031	1.1053	616.41	-0.034198	5.1949e-05	0.076236	supercritical
1068.8	85.000	29.969	0.033367	775.67	1059.3	6.5283	0.84073	1.1057	617.28	-0.034391	5.2049e-05	0.076411	supercritical
1072.0	85.000	29.880	0.033467	778.39	1062.9	6.5316	0.84114	1.1060	618.14	-0.034583	5.2149e-05	0.076586	supercritical
1075.3	85.000	29.791	0.033567	781.12	1066.4	6.5350	0.84155	1.1064	619.00	-0.034773	5.2249e-05	0.076761	supercritical
1078.5	85.000	29.703	0.033667	783.85	1070.0	6.5383	0.84196	1.1068	619.87	-0.034962	5.2349e-05	0.076936	supercritical
1081.7	85.000	29.615	0.033767	786.58	1073.6	6.5416	0.84237	1.1072	620.73	-0.035149	5.2448e-05	0.077111	supercritical
1085.0	85.000	29.528	0.033866	789.32	1077.2	6.5449	0.84278	1.1075	621.59	-0.035335	5.2548e-05	0.077285	supercritical
1088.2	85.000	29.441	0.033966	792.05	1080.8	6.5482	0.84318	1.1079	622.44	-0.035520	5.2647e-05	0.077460	supercritical
1091.4	85.000	29.355	0.034066	794.79	1084.3	6.5515	0.84358	1.1083	623.30	-0.035703	5.2746e-05	0.077634	supercritical
1094.7	85.000	29.269	0.034166	797.52	1087.9	6.5548	0.84398	1.1086	624.16	-0.035884	5.2845e-05	0.077808	supercritical
1097.9	85.000	29.184	0.034265	800.26	1091.5	6.5580	0.84438	1.1090	625.01	-0.036065	5.2944e-05	0.077982	supercritical
1101.1	85.000	29.099	0.034365	803.00	1095.1	6.5613	0.84477	1.1094	625.86	-0.036243	5.3043e-05	0.078157	supercritical
1104.4	85.000	29.015	0.034465	805.74	1098.7	6.5646	0.84517	1.1097	626.72	-0.036421	5.3142e-05	0.078330	supercritical
1107.6	85.000	28.931	0.034564	808.48	1102.3	6.5678	0.84556	1.1101	627.57	-0.036597	5.3240e-05	0.078504	supercritical
1110.8	85.000	28.848	0.034664	811.22	1105.9	6.5710	0.84595	1.1104	628.42	-0.036772	5.3339e-05	0.078678	supercritical
1114.1	85.000	28.765	0.034764	813.96	1109.5	6.5743	0.84633	1.1108	629.27	-0.036945	5.3437e-05	0.078852	supercritical
1117.3	85.000	28.683	0.034864	816.71	1113.0	6.5775	0.84672	1.1111	630.11	-0.037117	5.3535e-05	0.079025	supercritical
1120.5	85.000	28.601	0.034963	819.46	1116.6	6.5807	0.84710	1.1115	630.96	-0.037288	5.3633e-05	0.079199	supercritical
1123.8	85.000	28.520	0.035063	822.20	1120.2	6.5839	0.84749	1.1118	631.80	-0.037458	5.3732e-05	0.079372	supercritical
1127.0	85.000	28.439	0.035163	824.95	1123.8	6.5871	0.84787	1.1122	632.65	-0.037626	5.3829e-05	0.079545	supercritical
1130.2	85.000	28.359	0.035262	827.70	1127.4	6.5903	0.84824	1.1125	633.49	-0.037793	5.3927e-05	0.079718	supercritical
1133.5	85.000	28.279	0.035362	830.45	1131.0	6.5935	0.84862	1.1129	634.33	-0.037959	5.4025e-05	0.079891	supercritical
1136.7	85.000	28.199	0.035462	833.20	1134.6	6.5966	0.84900	1.1132	635.17	-0.038124	5.4123e-05	0.080064	supercritical
1139.9	85.000	28.120	0.035561	835.96	1138.2	6.5998	0.84937	1.1136	636.01	-0.038287	5.4220e-05	0.080237	supercritical
1143.2	85.000	28.042	0.035661	838.71	1141.8	6.6030	0.84974	1.1139	636.85	-0.038449	5.4318e-05	0.080409	supercritical
1146.4	85.000	27.964	0.035761	841.46	1145.4	6.6061	0.85011	1.1143	637.68	-0.038610	5.4415e-05	0.080582	supercritical
1149.6	85.000	27.886	0.035860	844.22	1149.0	6.6092	0.85048	1.1146	638.52	-0.038770	5.4512e-05	0.080755	supercritical
1152.9	85.000	27.809	0.035960	846.98	1152.6	6.6124	0.85084	1.1149	639.35	-0.038929	5.4609e-05	0.080927	supercritical
1156.1	85.000	27.732	0.036060	849.74	1156.2	6.6155	0.85121	1.1153	640.19	-0.039086	5.4706e-05	0.081099	supercritical
1159.3	85.000	27.655	0.036159	852.50	1159.8	6.6186	0.85157	1.1156	641.02	-0.039242	5.4803e-05	0.081271	supercritical
1162.6	85.000	27.580	0.036259	855.26	1163.5	6.6217	0.85193	1.1159	641.85	-0.039398	5.4900e-05	0.081443	supercritical
1165.8	85.000	27.504	0.036358	858.02	1167.1	6.6248	0.85229	1.1163	642.68	-0.039552	5.4997e-05	0.081615	supercritical
1169.0	85.000	27.429	0.036458	860.78	1170.7	6.6279	0.85265	1.1166	643.51	-0.039705	5.5093e-05	0.081787	supercritical
1172.3	85.000	27.354	0.036558	863.55	1174.3	6.6310	0.85301	1.1169	644.34	-0.039856	5.5190e-05	0.081959	supercritical
1175.5	85.000	27.280	0.036657	866.31	1177.9	6.6341	0.85336	1.1173	645.16	-0.040007	5.5286e-05	0.082131	supercritical
1178.7	85.000	27.206	0.036757	869.08	1181.5	6.6371	0.85371	1.1176	645.99	-0.040157	5.5382e-05	0.082302	supercritical
1182.0	85.000	27.132	0.036856	871.85	1185.1	6.6402	0.85407	1.1179	646.81	-0.040305	5.5479e-05	0.082474	supercritical
1185.2	85.000	27.059	0.036956	874.61	1188.7	6.6433	0.85442	1.1182	647.64	-0.040453	5.5575e-05	0.082645	supercritical
1188.4	85.000	26.986	0.037056	877.38	1192.4	6.6463	0.85477	1.1186	648.46	-0.040599	5.5671e-05	0.082817	supercritical
1191.7	85.000	26.914	0.037155	880.16	1196.0	6.6493	0.85511	1.1189	649.28	-0.040745	5.5767e-05	0.082988	supercritical
1194.9	85.000	26.842	0.037255	882.93	1199.6	6.6524	0.85546	1.1192	650.10	-0.040889	5.5862e-05	0.083159	supercritical
1198.1	85.000	26.771	0.037354	885.70	1203.2	6.6554	0.85580	1.1195	650.92	-0.041033	5.5958e-05	0.083330	supercritical
1201.4	85.000	26.699	0.037454	888.47	1206.8	6.6584	0.85615	1.1198	651.73	-0.041175	5.6054e-05	0.083501	supercritical
1204.6	85.000	26.629	0.037553	891.25	1210.5	6.6614	0.85649	1.1202	652.55	-0.041316	5.6149e-05	0.083672	supercritical
1207.8	85.000	26.558	0.037653	894.03	1214.1	6.6644	0.85683	1.1205	653.37	-0.041457	5.6245e-05	0.083842	supercritical
1211.1	85.000	26.488	0.037753	896.80	1217.7	6.6674	0.85717	1.1208	654.18	-0.041596	5.6340e-05	0.084013	supercritical
1214.3	85.000	26.419	0.037852	899.58	1221.3	6.6704	0.85750	1.1211	654.99	-0.041735	5.6435e-05	0.084184	supercritical
1217.5	85.000	26.349	0.037952	902.36	1224.9	6.6734	0.85784	1.1214	655.81	-0.041872	5.6530e-05	0.084354	supercritical
1220.8	85.000	26.280	0.038051	905.14	1228.6	6.6764	0.85817	1.1217	656.62	-0.042008	5.6625e-05	0.084524	supercritical
1224.0	85.000	26.212	0.038151	907.92	1232.2	6.6793	0.85851	1.1220	657.43	-0.042144	5.6720e-05	0.084695	supercritical
1227.2	85.000	26.144	0.038250	910.70	1235.8	6.6823	0.85884	1.1223	658.24	-0.042279	5.6815e-05	0.084865	supercritical
1230.5	85.000	26.076	0.038350	913.49	1239.5	6.6852	0.85917	1.1226	659.05	-0.042412	5.6910e-05	0.085035	supercritical
1233.7	85.000	26.008	0.038449	916.27	1243.1	6.6882	0.85950	1.1230	659.85	-0.042545	5.7004e-05	0.085205	supercritical
1236.9	85.000	25.941	0.038549	919.06	1246.7	6.6911	0.85983	1.1233	660.66	-0.042677	5.7099e-05	0.085375	supercritical
1240.2	85.000	25.874	0.038648	921.84	1250.4	6.6941	0.86015	1.1236	661.46	-0.042808	5.7194e-05	0.085545	supercritical
1243.4	85.000	25.808	0.038748	924.63	1254.0	6.6970	0.86048	1.1239	662.27	-0.042938	5.7288e-05	0.085714	supercritical
1246.6	85.000	25.742	0.038847	927.42	1257.6	6.6999	0.86081	1.1242	663.07	-0.043067	5.7382e-05	0.085884	supercritical
1249.9	85.000	25.676	0.038947	930.21	1261.3	6.7028	0.86113	1.1245	663.87	-0.043195	5.7476e-05	0.086054	supercritical
1253.1	85.000	25.611	0.039046	933.00	1264.9	6.7057	0.86145	1.1248	664.67	-0.043323	5.7571e-05	0.086223	supercritical
1256.3	85.000	25.546	0.039146	935.79	1268.5	6.7086	0.86177	1.1251	665.47	-0.043449	5.7665e-05	0.086393	supercritical
1259.6	85.000	25.481	0.039245	938.58	1272.2	6.7115	0.86209	1.1254	666.27	-0.043575	5.7759e-05	0.086562	supercritical
1262.8	85.000	25.416	0.039345	941.38	1275.8	6.7144	0.86241	1.1257	667.07	-0.043699	5.7852e-05	0.086731	supercritical
1266.0	85.000	25.352	0.039444	944.17	1279.4	6.7173	0.86273	1.1260	667.87	-0.043823	5.7946e-05	0.086900	supercritical
1269.3	85.000	25.288	0.039544	946.97	1283.1	6.7202	0.86304	1.1263	668.66	-0.043947	5.8040e-05	0.087069	supercritical
1272.5	85.000	25.225	0.039643	949.76	1286.7	6.7230	0.86336	1.1266	669.46	-0.044069	5.8134e-05	0.087238	supercritical
1275.7	85.000	25.162	0.039743	952.56	1290.4	6.7259	0.86367	1.1268	670.25	-0.044190	5.8227e-05	0.087407	supercritical
1279.0	85.000	25.099	0.039842	955.36	1294.0	6.7287	0.86398	1.1271	671.04	-0.044311	5.8320e-05	0.087576	supercritical
1282.2	85.000	25.037	0.039942	958.16	1297.7	6.7316	0.86430	1.1274	671.84	-0.044431	5.8414e-05	0.087745	supercritical
1285.4	85.000	24.974	0.040041	960.96	1301.3	6.7344	0.86461	1.1277	672.63	-0.044550	5.8507e-05	0.087913	supercritical
1288.7	85.000	24.913	0.040140	963.76	1305.0	6.7373	0.86492	1.1280	673.42	-0.044668	5.8600e-05	0.088082	supercritical
1291.9	85.000	24.851	0.040240	966.56	1308.6	6.7401	0.86523	1.1283	674.21	-0.044786	5.8693e-05	0.088250	supercritical
1295.1	85.000	24.790	0.040339	969.37	1312.3	6.7429	0.86553	1.1286	674.99	-0.044902	5.8786e-05	0.088419	supercritical
1298.4	85.000	24.729	0.040439	972.17	1315.9	6.7457	0.86584	1.1289	675.78	-0.045018	5.8879e-05	0.088587	supercritical
1301.6	85.000	24.668	0.040538	974.98	1319.6	6.7485	0.86615	1.1292	676.57	-0.045133	5.8972e-05	0.088755	supercritical
1304.8	85.000	24.608	0.040638	977.78	1323.2	6.7513	0.86645	1.1295	677.35	-0.045248	5.9065e-05	0.088923	supercritical
1308.1	85.000	24.548	0.040737	980.59	1326.9	6.7541	0.86675	1.1297	678.14	-0.045361	5.9158e-05	0.089091	supercritical
1311.3	85.000	24.488	0.040837	983.40	1330.5	6.7569	0.86706	1.1300	678.92	-0.045474	5.9250e-05	0.089259	supercritical
1314.5	85.000	24.428	0.040936	986.21	1334.2	6.7597	0.86736	1.1303	679.70	-0.045586	5.9343e-05	0.089427	supercritical
1317.8	85.000	24.369	0.041035	989.02	1337.8	6.7625	0.86766	1.1306	680.48	-0.045698	5.9435e-05	0.089595	supercritical
1321.0	85.000	24.310	0.041135	991.83	1341.5	6.7652	0.86796	1.1309	681.26	-0.045808	5.9528e-05	0.089763	supercritical
1324.2	85.000	24.252	0.041234	994.64	1345.1	6.7680	0.86826	1.1311	682.04	-0.045918	5.9620e-05	0.089930	supercritical
1327.5	85.000	24.193	0.041334	997.45	1348.8	6.7708	0.86856	1.1314	682.82	-0.046028	5.9712e-05	0.090098	supercritical
1330.7	85.000	24.135	0.041433	1000.3	1352.4	6.7735	0.86885	1.1317	683.60	-0.046136	5.9804e-05	0.090265	supercritical
1333.9	85.000	24.078	0.041532	1003.1	1356.1	6.7763	0.86915	1.1320	684.37	-0.046244	5.9896e-05	0.090433	supercritical
1337.2	85.000	24.020	0.041632	1005.9	1359.8	6.7790	0.86944	1.1323	685.15	-0.046351	5.9988e-05	0.090600	supercritical
1340.4	85.000	23.963	0.041731	1008.7	1363.4	6.7817	0.86974	1.1325	685.92	-0.046458	6.0080e-05	0.090767	supercritical
1343.6	85.000	23.906	0.041831	1011.5	1367.1	6.7845	0.87003	1.1328	686.70	-0.046563	6.0172e-05	0.090934	supercritical
1346.9	85.000	23.849	0.041930	1014.4	1370.8	6.7872	0.87032	1.1331	687.47	-0.046668	6.0264e-05	0.091102	supercritical
1350.1	85.000	23.793	0.042029	1017.2	1374.4	6.7899	0.87062	1.1334	688.24	-0.046773	6.0355e-05	0.091269	supercritical
1353.3	85.000	23.737	0.042129	1020.0	1378.1	6.7926	0.87091	1.1336	689.01	-0.046876	6.0447e-05	0.091435	supercritical
1356.6	85.000	23.681	0.042228	1022.8	1381.8	6.7953	0.87120	1.1339	689.78	-0.046980	6.0538e-05	0.091602	supercritical
1359.8	85.000	23.625	0.042328	1025.6	1385.4	6.7980	0.87149	1.1342	690.55	-0.047082	6.0630e-05	0.091769	supercritical
1363.0	85.000	23.570	0.042427	1028.5	1389.1	6.8007	0.87178	1.1345	691.32	-0.047184	6.0721e-05	0.091936	supercritical
1366.3	85.000	23.515	0.042526	1031.3	1392.8	6.8034	0.87206	1.1347	692.09	-0.047285	6.0812e-05	0.092102	supercritical
1369.5	85.000	23.460	0.042626	1034.1	1396.4	6.8061	0.87235	1.1350	692.85	-0.047385	6.0903e-05	0.092269	supercritical
1372.7	85.000	23.405	0.042725	1036.9	1400.1	6.8088	0.87264	1.1353	693.62	-0.047485	6.0995e-05	0.092436	supercritical
1376.0	85.000	23.351	0.042824	1039.8	1403.8	6.8114	0.87292	1.1355	694.38	-0.047584	6.1086e-05	0.092602	supercritical
1379.2	85.000	23.297	0.042924	1042.6	1407.4	6.8141	0.87321	1.1358	695.15	-0.047683	6.1177e-05	0.092768	supercritical
1382.4	85.000	23.243	0.043023	1045.4	1411.1	6.8168	0.87349	1.1361	695.91	-0.047781	6.1268e-05	0.092935	supercritical
1385.7	85.000	23.190	0.043122	1048.2	1414.8	6.8194	0.87377	1.1364	696.67	-0.047878	6.1358e-05	0.093101	supercritical
1388.9	85.000	23.136	0.043222	1051.1	1418.5	6.8221	0.87406	1.1366	697.43	-0.047975	6.1449e-05	0.093267	supercritical
1392.1	85.000	23.083	0.043321	1053.9	1422.1	6.8247	0.87434	1.1369	698.19	-0.048071	6.1540e-05	0.093433	supercritical
1395.4	85.000	23.031	0.043421	1056.7	1425.8	6.8274	0.87462	1.1372	698.95	-0.048166	6.1630e-05	0.093599	supercritical
1398.6	85.000	22.978	0.043520	1059.6	1429.5	6.8300	0.87490	1.1374	699.71	-0.048261	6.1721e-05	0.093765	supercritical
1401.8	85.000	22.926	0.043619	1062.4	1433.2	6.8326	0.87518	1.1377	700.47	-0.048355	6.1811e-05	0.093931	supercritical
1405.1	85.000	22.874	0.043719	1065.2	1436.8	6.8352	0.87546	1.1379	701.22	-0.048449	6.1902e-05	0.094096	supercritical
1408.3	85.000	22.822	0.043818	1068.1	1440.5	6.8378	0.87574	1.1382	701.98	-0.048542	6.1992e-05	0.094262	supercritical
1411.5	85.000	22.770	0.043917	1070.9	1444.2	6.8405	0.87601	1.1385	702.73	-0.048635	6.2082e-05	0.094428	supercritical
1414.8	85.000	22.719	0.044017	1073.7	1447.9	6.8431	0.87629	1.1387	703.49	-0.048726	6.2173e-05	0.094593	supercritical
1418.0	85.000	22.668	0.044116	1076.6	1451.6	6.8457	0.87657	1.1390	704.24	-0.048818	6.2263e-05	0.094759	supercritical
1421.2	85.000	22.617	0.044215	1079.4	1455.3	6.8483	0.87684	1.1393	704.99	-0.048909	6.2353e-05	0.094924	supercritical
1424.5	85.000	22.566	0.044315	1082.3	1458.9	6.8508	0.87712	1.1395	705.74	-0.048999	6.2443e-05	0.095089	supercritical
1427.7	85.000	22.516	0.044414	1085.1	1462.6	6.8534	0.87739	1.1398	706.49	-0.049089	6.2533e-05	0.095255	supercritical
1430.9	85.000	22.465	0.044513	1087.9	1466.3	6.8560	0.87767	1.1400	707.24	-0.049178	6.2622e-05	0.095420	supercritical
1434.2	85.000	22.415	0.044612	1090.8	1470.0	6.8586	0.87794	1.1403	707.99	-0.049266	6.2712e-05	0.095585	supercritical
1437.4	85.000	22.365	0.044712	1093.6	1473.7	6.8612	0.87821	1.1406	708.74	-0.049354	6.2802e-05	0.095750	supercritical
1440.6	85.000	22.316	0.044811	1096.5	1477.4	6.8637	0.87849	1.1408	709.49	-0.049442	6.2892e-05	0.095915	supercritical
1443.9	85.000	22.267	0.044910	1099.3	1481.1	6.8663	0.87876	1.1411	710.23	-0.049529	6.2981e-05	0.096080	supercritical
1447.1	85.000	22.217	0.045010	1102.2	1484.7	6.8688	0.87903	1.1413	710.98	-0.049615	6.3071e-05	0.096245	supercritical
1450.3	85.000	22.169	0.045109	1105.0	1488.4	6.8714	0.87930	1.1416	711.72	-0.049701	6.3160e-05	0.096410	supercritical
1453.6	85.000	22.120	0.045208	1107.9	1492.1	6.8739	0.87957	1.1418	712.47	-0.049786	6.3249e-05	0.096574	supercritical
1456.8	85.000	22.071	0.045308	1110.7	1495.8	6.8765	0.87984	1.1421	713.21	-0.049871	6.3339e-05	0.096739	supercritical
1460.0	85.000	22.023	0.045407	1113.6	1499.5	6.8790	0.88011	1.1424	713.95	-0.049955	6.3428e-05	0.096904	supercritical
1463.3	85.000	21.975	0.045506	1116.4	1503.2	6.8815	0.88037	1.1426	714.69	-0.050039	6.3517e-05	0.097068	supercritical
1466.5	85.000	21.927	0.045605	1119.3	1506.9	6.8840	0.88064	1.1429	715.43	-0.050122	6.3606e-05	0.097233	supercritical
1469.7	85.000	21.880	0.045705	1122.1	1510.6	6.8866	0.88091	1.1431	716.17	-0.050205	6.3695e-05	0.097397	supercritical
1473.0	85.000	21.832	0.045804	1125.0	1514.3	6.8891	0.88118	1.1434	716.91	-0.050288	6.3784e-05	0.097561	supercritical
1476.2	85.000	21.785	0.045903	1127.8	1518.0	6.8916	0.88144	1.1436	717.65	-0.050369	6.3873e-05	0.097726	supercritical
1479.4	85.000	21.738	0.046003	1130.7	1521.7	6.8941	0.88171	1.1439	718.39	-0.050451	6.3962e-05	0.097890	supercritical
1482.7	85.000	21.691	0.046102	1133.5	1525.4	6.8966	0.88197	1.1441	719.12	-0.050531	6.4051e-05	0.098054	supercritical
1485.9	85.000	21.644	0.046201	1136.4	1529.1	6.8991	0.88224	1.1444	719.86	-0.050612	6.4140e-05	0.098218	supercritical
1489.1	85.000	21.598	0.046300	1139.2	1532.8	6.9016	0.88250	1.1446	720.59	-0.050691	6.4228e-05	0.098382	supercritical
1492.4	85.000	21.552	0.046400	1142.1	1536.5	6.9040	0.88276	1.1449	721.32	-0.050771	6.4317e-05	0.098546	supercritical
1495.6	85.000	21.506	0.046499	1145.0	1540.2	6.9065	0.88303	1.1451	722.06	-0.050850	6.4405e-05	0.098710	supercritical
1498.8	85.000	21.460	0.046598	1147.8	1543.9	6.9090	0.88329	1.1454	722.79	-0.050928	6.4494e-05	0.098874	supercritical
1502.1	85.000	21.414	0.046697	1150.7	1547.6	6.9115	0.88355	1.1456	723.52	-0.051006	6.4582e-05	0.099037	supercritical
1505.3	85.000	21.369	0.046797	1153.5	1551.3	6.9139	0.88381	1.1459	724.25	-0.051083	6.4671e-05	0.099201	supercritical
1508.5	85.000	21.324	0.046896	1156.4	1555.0	6.9164	0.88408	1.1461	724.98	-0.051160	6.4759e-05	0.099365	supercritical
1511.8	85.000	21.279	0.046995	1159.3	1558.7	6.9188	0.88434	1.1464	725.71	-0.051237	6.4847e-05	0.099528	supercritical
1515.0	85.000	21.234	0.047095	1162.1	1562.4	6.9213	0.88460	1.1466	726.44	-0.051313	6.4935e-05	0.099692	supercritical
1518.2	85.000	21.189	0.047194	1165.0	1566.1	6.9237	0.88486	1.1469	727.17	-0.051388	6.5023e-05	0.099855	supercritical
1521.5	85.000	21.145	0.047293	1167.9	1569.8	6.9262	0.88512	1.1471	727.89	-0.051464	6.5111e-05	0.10002	supercritical
1524.7	85.000	21.100	0.047392	1170.7	1573.6	6.9286	0.88538	1.1474	728.62	-0.051538	6.5199e-05	0.10018	supercritical
1527.9	85.000	21.056	0.047492	1173.6	1577.3	6.9310	0.88563	1.1476	729.34	-0.051612	6.5287e-05	0.10035	supercritical
1531.2	85.000	21.012	0.047591	1176.5	1581.0	6.9335	0.88589	1.1479	730.07	-0.051686	6.5375e-05	0.10051	supercritical
1534.4	85.000	20.969	0.047690	1179.3	1584.7	6.9359	0.88615	1.1481	730.79	-0.051760	6.5463e-05	0.10067	supercritical
1537.6	85.000	20.925	0.047789	1182.2	1588.4	6.9383	0.88641	1.1484	731.51	-0.051833	6.5551e-05	0.10083	supercritical
1540.9	85.000	20.882	0.047888	1185.1	1592.1	6.9407	0.88667	1.1486	732.23	-0.051905	6.5638e-05	0.10100	supercritical
1544.1	85.000	20.839	0.047988	1187.9	1595.8	6.9431	0.88692	1.1489	732.96	-0.051977	6.5726e-05	0.10116	supercritical
1547.3	85.000	20.796	0.048087	1190.8	1599.5	6.9455	0.88718	1.1491	733.68	-0.052049	6.5814e-05	0.10132	supercritical
1550.6	85.000	20.753	0.048186	1193.7	1603.3	6.9479	0.88743	1.1494	734.39	-0.052120	6.5901e-05	0.10149	supercritical
1553.8	85.000	20.710	0.048285	1196.5	1607.0	6.9503	0.88769	1.1496	735.11	-0.052191	6.5989e-05	0.10165	supercritical
1557.0	85.000	20.668	0.048385	1199.4	1610.7	6.9527	0.88795	1.1499	735.83	-0.052261	6.6076e-05	0.10181	supercritical
1560.3	85.000	20.625	0.048484	1202.3	1614.4	6.9551	0.88820	1.1501	736.55	-0.052331	6.6163e-05	0.10197	supercritical
1563.5	85.000	20.583	0.048583	1205.2	1618.1	6.9575	0.88845	1.1503	737.26	-0.052401	6.6251e-05	0.10214	supercritical
1566.7	85.000	20.541	0.048682	1208.0	1621.8	6.9598	0.88871	1.1506	737.98	-0.052470	6.6338e-05	0.10230	supercritical
1570.0	85.000	20.500	0.048782	1210.9	1625.6	6.9622	0.88896	1.1508	738.70	-0.052538	6.6425e-05	0.10246	supercritical
1573.2	85.000	20.458	0.048881	1213.8	1629.3	6.9646	0.88922	1.1511	739.41	-0.052607	6.6512e-05	0.10262	supercritical
1576.4	85.000	20.417	0.048980	1216.7	1633.0	6.9670	0.88947	1.1513	740.12	-0.052675	6.6599e-05	0.10279	supercritical
1579.7	85.000	20.375	0.049079	1219.6	1636.7	6.9693	0.88972	1.1516	740.84	-0.052742	6.6686e-05	0.10295	supercritical
1582.9	85.000	20.334	0.049178	1222.4	1640.5	6.9717	0.88997	1.1518	741.55	-0.052809	6.6773e-05	0.10311	supercritical
1586.1	85.000	20.293	0.049278	1225.3	1644.2	6.9740	0.89023	1.1520	742.26	-0.052876	6.6860e-05	0.10327	supercritical
1589.4	85.000	20.252	0.049377	1228.2	1647.9	6.9764	0.89048	1.1523	742.97	-0.052942	6.6947e-05	0.10344	supercritical
1592.6	85.000	20.212	0.049476	1231.1	1651.6	6.9787	0.89073	1.1525	743.68	-0.053008	6.7034e-05	0.10360	supercritical
1595.8	85.000	20.171	0.049575	1234.0	1655.4	6.9810	0.89098	1.1528	744.39	-0.053074	6.7120e-05	0.10376	supercritical
1599.1	85.000	20.131	0.049674	1236.9	1659.1	6.9834	0.89123	1.1530	745.10	-0.053139	6.7207e-05	0.10392	supercritical
1602.3	85.000	20.091	0.049774	1239.7	1662.8	6.9857	0.89148	1.1533	745.80	-0.053204	6.7294e-05	0.10408	supercritical
1605.5	85.000	20.051	0.049873	1242.6	1666.5	6.9880	0.89173	1.1535	746.51	-0.053268	6.7380e-05	0.10425	supercritical
1608.8	85.000	20.011	0.049972	1245.5	1670.3	6.9904	0.89198	1.1537	747.22	-0.053332	6.7467e-05	0.10441	supercritical
1612.0	85.000	19.972	0.050071	1248.4	1674.0	6.9927	0.89223	1.1540	747.92	-0.053396	6.7553e-05	0.10457	supercritical
1615.2	85.000	19.932	0.050170	1251.3	1677.7	6.9950	0.89248	1.1542	748.62	-0.053459	6.7640e-05	0.10473	supercritical
1618.5	85.000	19.893	0.050270	1254.2	1681.5	6.9973	0.89273	1.1545	749.33	-0.053522	6.7726e-05	0.10489	supercritical
1621.7	85.000	19.854	0.050369	1257.1	1685.2	6.9996	0.89298	1.1547	750.03	-0.053585	6.7812e-05	0.10505	supercritical
1624.9	85.000	19.815	0.050468	1260.0	1688.9	7.0019	0.89323	1.1549	750.73	-0.053647	6.7899e-05	0.10522	supercritical
1628.2	85.000	19.776	0.050567	1262.9	1692.7	7.0042	0.89348	1.1552	751.44	-0.053709	6.7985e-05	0.10538	supercritical
1631.4	85.000	19.737	0.050666	1265.7	1696.4	7.0065	0.89372	1.1554	752.14	-0.053770	6.8071e-05	0.10554	supercritical
1634.6	85.000	19.698	0.050766	1268.6	1700.1	7.0088	0.89397	1.1557	752.84	-0.053832	6.8157e-05	0.10570	supercritical
1637.9	85.000	19.660	0.050865	1271.5	1703.9	7.0111	0.89422	1.1559	753.54	-0.053892	6.8243e-05	0.10586	supercritical
1641.1	85.000	19.622	0.050964	1274.4	1707.6	7.0133	0.89447	1.1561	754.23	-0.053953	6.8329e-05	0.10602	supercritical
1644.3	85.000	19.584	0.051063	1277.3	1711.4	7.0156	0.89471	1.1564	754.93	-0.054013	6.8415e-05	0.10618	supercritical
1647.6	85.000	19.546	0.051162	1280.2	1715.1	7.0179	0.89496	1.1566	755.63	-0.054073	6.8501e-05	0.10634	supercritical
1650.8	85.000	19.508	0.051261	1283.1	1718.8	7.0202	0.89521	1.1568	756.33	-0.054132	6.8587e-05	0.10651	supercritical
1654.0	85.000	19.470	0.051361	1286.0	1722.6	7.0224	0.89545	1.1571	757.02	-0.054191	6.8672e-05	0.10667	supercritical
1657.3	85.000	19.433	0.051460	1288.9	1726.3	7.0247	0.89570	1.1573	757.72	-0.054250	6.8758e-05	0.10683	supercritical
1660.5	85.000	19.395	0.051559	1291.8	1730.1	7.0269	0.89594	1.1576	758.41	-0.054308	6.8844e-05	0.10699	supercritical
1663.7	85.000	19.358	0.051658	1294.7	1733.8	7.0292	0.89619	1.1578	759.11	-0.054366	6.8930e-05	0.10715	supercritical
1667.0	85.000	19.321	0.051757	1297.6	1737.5	7.0314	0.89643	1.1580	759.80	-0.054424	6.9015e-05	0.10731	supercritical
1670.2	85.000	19.284	0.051857	1300.5	1741.3	7.0337	0.89668	1.1583	760.49	-0.054481	6.9101e-05	0.10747	supercritical
1673.4	85.000	19.247	0.051956	1303.4	1745.0	7.0359	0.89692	1.1585	761.18	-0.054539	6.9186e-05	0.10763	supercritical
1676.7	85.000	19.211	0.052055	1306.3	1748.8	7.0382	0.89717	1.1587	761.87	-0.054595	6.9272e-05	0.10779	supercritical
1679.9	85.000	19.174	0.052154	1309.2	1752.5	7.0404	0.89741	1.1590	762.56	-0.054652	6.9357e-05	0.10795	supercritical
1683.1	85.000	19.138	0.052253	1312.1	1756.3	7.0426	0.89766	1.1592	763.25	-0.054708	6.9442e-05	0.10811	supercritical
1686.4	85.000	19.101	0.052352	1315.0	1760.0	7.0448	0.89790	1.1594	763.94	-0.054763	6.9528e-05	0.10827	supercritical
1689.6	85.000	19.065	0.052451	1317.9	1763.8	7.0471	0.89814	1.1597	764.63	-0.054819	6.9613e-05	0.10844	supercritical
1692.8	85.000	19.029	0.052551	1320.8	1767.5	7.0493	0.89839	1.1599	765.32	-0.054874	6.9698e-05	0.10860	supercritical
1696.1	85.000	18.993	0.052650	1323.8	1771.3	7.0515	0.89863	1.1602	766.00	-0.054929	6.9783e-05	0.10876	supercritical
1699.3	85.000	18.958	0.052749	1326.7	1775.0	7.0537	0.89887	1.1604	766.69	-0.054983	6.9868e-05	0.10892	supercritical
1702.5	85.000	18.922	0.052848	1329.6	1778.8	7.0559	0.89912	1.1606	767.38	-0.055038	6.9953e-05	0.10908	supercritical
1705.8	85.000	18.887	0.052947	1332.5	1782.5	7.0581	0.89936	1.1609	768.06	-0.055091	7.0038e-05	0.10924	supercritical
1709.0	85.000	18.851	0.053046	1335.4	1786.3	7.0603	0.89960	1.1611	768.74	-0.055145	7.0123e-05	0.10940	supercritical
1712.2	85.000	18.816	0.053146	1338.3	1790.0	7.0625	0.89984	1.1613	769.43	-0.055198	7.0208e-05	0.10956	supercritical
1715.5	85.000	18.781	0.053245	1341.2	1793.8	7.0647	0.90009	1.1616	770.11	-0.055251	7.0293e-05	0.10972	supercritical
1718.7	85.000	18.746	0.053344	1344.1	1797.6	7.0669	0.90033	1.1618	770.79	-0.055304	7.0378e-05	0.10988	supercritical
1721.9	85.000	18.712	0.053443	1347.0	1801.3	7.0691	0.90057	1.1620	771.47	-0.055356	7.0463e-05	0.11004	supercritical
1725.2	85.000	18.677	0.053542	1350.0	1805.1	7.0712	0.90081	1.1623	772.16	-0.055408	7.0548e-05	0.11020	supercritical
1728.4	85.000	18.642	0.053641	1352.9	1808.8	7.0734	0.90105	1.1625	772.84	-0.055460	7.0632e-05	0.11036	supercritical
1731.6	85.000	18.608	0.053740	1355.8	1812.6	7.0756	0.90129	1.1627	773.51	-0.055512	7.0717e-05	0.11052	supercritical
1734.9	85.000	18.574	0.053840	1358.7	1816.3	7.0778	0.90153	1.1630	774.19	-0.055563	7.0801e-05	0.11068	supercritical
1738.1	85.000	18.540	0.053939	1361.6	1820.1	7.0799	0.90177	1.1632	774.87	-0.055614	7.0886e-05	0.11084	supercritical
1741.3	85.000	18.506	0.054038	1364.5	1823.9	7.0821	0.90201	1.1634	775.55	-0.055665	7.0971e-05	0.11100	supercritical
1744.6	85.000	18.472	0.054137	1367.5	1827.6	7.0842	0.90225	1.1637	776.23	-0.055715	7.1055e-05	0.11116	supercritical
1747.8	85.000	18.438	0.054236	1370.4	1831.4	7.0864	0.90249	1.1639	776.90	-0.055765	7.1139e-05	0.11132	supercritical
1751.0	85.000	18.404	0.054335	1373.3	1835.2	7.0886	0.90273	1.1641	777.58	-0.055815	7.1224e-05	0.11148	supercritical
1754.3	85.000	18.371	0.054434	1376.2	1838.9	7.0907	0.90297	1.1644	778.25	-0.055864	7.1308e-05	0.11164	supercritical
1757.5	85.000	18.337	0.054534	1379.2	1842.7	7.0928	0.90321	1.1646	778.93	-0.055913	7.1392e-05	0.11179	supercritical
1760.7	85.000	18.304	0.054633	1382.1	1846.5	7.0950	0.90345	1.1648	779.60	-0.055962	7.1477e-05	0.11195	supercritical
1764.0	85.000	18.271	0.054732	1385.0	1850.2	7.0971	0.90369	1.1651	780.27	-0.056011	7.1561e-05	0.11211	supercritical
1767.2	85.000	18.238	0.054831	1387.9	1854.0	7.0993	0.90393	1.1653	780.95	-0.056059	7.1645e-05	0.11227	supercritical
1770.4	85.000	18.205	0.054930	1390.9	1857.8	7.1014	0.90417	1.1655	781.62	-0.056108	7.1729e-05	0.11243	supercritical
1773.7	85.000	18.172	0.055029	1393.8	1861.5	7.1035	0.90441	1.1658	782.29	-0.056155	7.1813e-05	0.11259	supercritical
1776.9	85.000	18.140	0.055128	1396.7	1865.3	7.1056	0.90465	1.1660	782.96	-0.056203	7.1897e-05	0.11275	supercritical
1780.1	85.000	18.107	0.055227	1399.6	1869.1	7.1078	0.90488	1.1662	783.63	-0.056250	7.1981e-05	0.11291	supercritical
1783.4	85.000	18.075	0.055327	1402.6	1872.8	7.1099	0.90512	1.1665	784.30	-0.056297	7.2065e-05	0.11307	supercritical
1786.6	85.000	18.042	0.055426	1405.5	1876.6	7.1120	0.90536	1.1667	784.97	-0.056344	7.2149e-05	0.11323	supercritical
1789.8	85.000	18.010	0.055525	1408.4	1880.4	7.1141	0.90560	1.1669	785.63	-0.056391	7.2233e-05	0.11339	supercritical
1793.1	85.000	17.978	0.055624	1411.4	1884.2	7.1162	0.90584	1.1671	786.30	-0.056437	7.2317e-05	0.11355	supercritical
1796.3	85.000	17.946	0.055723	1414.3	1887.9	7.1183	0.90607	1.1674	786.97	-0.056483	7.2401e-05	0.11371	supercritical
1799.5	85.000	17.914	0.055822	1417.2	1891.7	7.1204	0.90631	1.1676	787.63	-0.056529	7.2484e-05	0.11386	supercritical
1802.8	85.000	17.882	0.055921	1420.1	1895.5	7.1225	0.90655	1.1678	788.30	-0.056574	7.2568e-05	0.11402	supercritical
1806.0	85.000	17.851	0.056020	1423.1	1899.3	7.1246	0.90678	1.1681	788.96	-0.056619	7.2652e-05	0.11418	supercritical
1809.2	85.000	17.819	0.056119	1426.0	1903.0	7.1267	0.90702	1.1683	789.63	-0.056664	7.2735e-05	0.11434	supercritical
1812.5	85.000	17.788	0.056219	1429.0	1906.8	7.1288	0.90726	1.1685	790.29	-0.056709	7.2819e-05	0.11450	supercritical
1815.7	85.000	17.756	0.056318	1431.9	1910.6	7.1309	0.90750	1.1688	790.95	-0.056754	7.2902e-05	0.11466	supercritical
1818.9	85.000	17.725	0.056417	1434.8	1914.4	7.1329	0.90773	1.1690	791.61	-0.056798	7.2986e-05	0.11482	supercritical
1822.2	85.000	17.694	0.056516	1437.8	1918.1	7.1350	0.90797	1.1692	792.28	-0.056842	7.3069e-05	0.11498	supercritical
1825.4	85.000	17.663	0.056615	1440.7	1921.9	7.1371	0.90820	1.1695	792.94	-0.056886	7.3153e-05	0.11513	supercritical
1828.6	85.000	17.632	0.056714	1443.6	1925.7	7.1392	0.90844	1.1697	793.60	-0.056929	7.3236e-05	0.11529	supercritical
1831.9	85.000	17.602	0.056813	1446.6	1929.5	7.1412	0.90868	1.1699	794.26	-0.056973	7.3319e-05	0.11545	supercritical
1835.1	85.000	17.571	0.056912	1449.5	1933.3	7.1433	0.90891	1.1701	794.92	-0.057016	7.3403e-05	0.11561	supercritical
1838.3	85.000	17.540	0.057011	1452.5	1937.1	7.1453	0.90915	1.1704	795.57	-0.057058	7.3486e-05	0.11577	supercritical
1841.6	85.000	17.510	0.057110	1455.4	1940.8	7.1474	0.90938	1.1706	796.23	-0.057101	7.3569e-05	0.11593	supercritical
1844.8	85.000	17.480	0.057210	1458.3	1944.6	7.1495	0.90962	1.1708	796.89	-0.057143	7.3652e-05	0.11608	supercritical
1848.0	85.000	17.449	0.057309	1461.3	1948.4	7.1515	0.90985	1.1711	797.55	-0.057185	7.3735e-05	0.11624	supercritical
1851.3	85.000	17.419	0.057408	1464.2	1952.2	7.1536	0.91009	1.1713	798.20	-0.057227	7.3819e-05	0.11640	supercritical
1854.5	85.000	17.389	0.057507	1467.2	1956.0	7.1556	0.91032	1.1715	798.86	-0.057269	7.3902e-05	0.11656	supercritical
1857.7	85.000	17.359	0.057606	1470.1	1959.8	7.1576	0.91056	1.1717	799.51	-0.057310	7.3985e-05	0.11672	supercritical
1861.0	85.000	17.330	0.057705	1473.1	1963.6	7.1597	0.91079	1.1720	800.17	-0.057351	7.4068e-05	0.11688	supercritical
1864.2	85.000	17.300	0.057804	1476.0	1967.4	7.1617	0.91103	1.1722	800.82	-0.057392	7.4151e-05	0.11703	supercritical
1867.4	85.000	17.270	0.057903	1479.0	1971.1	7.1637	0.91126	1.1724	801.47	-0.057433	7.4233e-05	0.11719	supercritical
1870.7	85.000	17.241	0.058002	1481.9	1974.9	7.1658	0.91150	1.1727	802.13	-0.057474	7.4316e-05	0.11735	supercritical
1873.9	85.000	17.211	0.058101	1484.9	1978.7	7.1678	0.91173	1.1729	802.78	-0.057514	7.4399e-05	0.11751	supercritical
1877.1	85.000	17.182	0.058200	1487.8	1982.5	7.1698	0.91196	1.1731	803.43	-0.057554	7.4482e-05	0.11767	supercritical
1880.4	85.000	17.153	0.058300	1490.8	1986.3	7.1718	0.91220	1.1733	804.08	-0.057594	7.4565e-05	0.11782	supercritical
1883.6	85.000	17.124	0.058399	1493.7	1990.1	7.1739	0.91243	1.1736	804.73	-0.057633	7.4647e-05	0.11798	supercritical
1886.8	85.000	17.095	0.058498	1496.7	1993.9	7.1759	0.91267	1.1738	805.38	-0.057673	7.4730e-05	0.11814	supercritical
1890.1	85.000	17.066	0.058597	1499.6	1997.7	7.1779	0.91290	1.1740	806.03	-0.057712	7.4813e-05	0.11830	supercritical
1893.3	85.000	17.037	0.058696	1502.6	2001.5	7.1799	0.91313	1.1743	806.68	-0.057751	7.4895e-05	0.11845	supercritical
1896.5	85.000	17.008	0.058795	1505.5	2005.3	7.1819	0.91337	1.1745	807.33	-0.057790	7.4978e-05	0.11861	supercritical
1899.8	85.000	16.980	0.058894	1508.5	2009.1	7.1839	0.91360	1.1747	807.97	-0.057828	7.5060e-05	0.11877	supercritical
1903.0	85.000	16.951	0.058993	1511.4	2012.9	7.1859	0.91383	1.1749	808.62	-0.057866	7.5143e-05	0.11893	supercritical
1906.2	85.000	16.923	0.059092	1514.4	2016.7	7.1879	0.91406	1.1752	809.27	-0.057905	7.5225e-05	0.11908	supercritical
1909.5	85.000	16.894	0.059191	1517.4	2020.5	7.1899	0.91430	1.1754	809.91	-0.057942	7.5308e-05	0.11924	supercritical
1912.7	85.000	16.866	0.059290	1520.3	2024.3	7.1919	0.91453	1.1756	810.56	-0.057980	7.5390e-05	0.11940	supercritical
1915.9	85.000	16.838	0.059389	1523.3	2028.1	7.1938	0.91476	1.1759	811.20	-0.058018	7.5473e-05	0.11956	supercritical
1919.2	85.000	16.810	0.059489	1526.2	2031.9	7.1958	0.91499	1.1761	811.84	-0.058055	7.5555e-05	0.11971	supercritical
1922.4	85.000	16.782	0.059588	1529.2	2035.7	7.1978	0.91523	1.1763	812.49	-0.058092	7.5637e-05	0.11987	supercritical
1925.6	85.000	16.754	0.059687	1532.2	2039.5	7.1998	0.91546	1.1765	813.13	-0.058129	7.5719e-05	0.12003	supercritical
1928.9	85.000	16.726	0.059786	1535.1	2043.3	7.2018	0.91569	1.1768	813.77	-0.058166	7.5802e-05	0.12019	supercritical
1932.1	85.000	16.699	0.059885	1538.1	2047.1	7.2037	0.91592	1.1770	814.41	-0.058202	7.5884e-05	0.12034	supercritical
1935.3	85.000	16.671	0.059984	1541.1	2050.9	7.2057	0.91615	1.1772	815.05	-0.058238	7.5966e-05	0.12050	supercritical
1938.6	85.000	16.644	0.060083	1544.0	2054.7	7.2077	0.91639	1.1774	815.69	-0.058274	7.6048e-05	0.12066	supercritical
1941.8	85.000	16.616	0.060182	1547.0	2058.5	7.2096	0.91662	1.1777	816.33	-0.058310	7.6130e-05	0.12082	supercritical
1945.0	85.000	16.589	0.060281	1550.0	2062.3	7.2116	0.91685	1.1779	816.97	-0.058346	7.6212e-05	0.12097	supercritical
1948.3	85.000	16.562	0.060380	1552.9	2066.1	7.2135	0.91708	1.1781	817.61	-0.058381	7.6294e-05	0.12113	supercritical
1951.5	85.000	16.535	0.060479	1555.9	2070.0	7.2155	0.91731	1.1783	818.25	-0.058417	7.6376e-05	0.12129	supercritical
1954.7	85.000	16.508	0.060578	1558.9	2073.8	7.2174	0.91754	1.1786	818.89	-0.058452	7.6458e-05	0.12144	supercritical
1958.0	85.000	16.481	0.060677	1561.8	2077.6	7.2194	0.91777	1.1788	819.52	-0.058487	7.6540e-05	0.12160	supercritical
1961.2	85.000	16.454	0.060776	1564.8	2081.4	7.2213	0.91800	1.1790	820.16	-0.058521	7.6622e-05	0.12176	supercritical
1964.4	85.000	16.427	0.060875	1567.8	2085.2	7.2233	0.91823	1.1793	820.80	-0.058556	7.6704e-05	0.12191	supercritical
1967.7	85.000	16.400	0.060975	1570.7	2089.0	7.2252	0.91846	1.1795	821.43	-0.058590	7.6786e-05	0.12207	supercritical
1970.9	85.000	16.374	0.061074	1573.7	2092.8	7.2272	0.91869	1.1797	822.07	-0.058625	7.6867e-05	0.12223	supercritical
1974.1	85.000	16.347	0.061173	1576.7	2096.6	7.2291	0.91893	1.1799	822.70	-0.058658	7.6949e-05	0.12238	supercritical
1977.4	85.000	16.321	0.061272	1579.7	2100.5	7.2310	0.91916	1.1802	823.34	-0.058692	7.7031e-05	0.12254	supercritical
1980.6	85.000	16.294	0.061371	1582.6	2104.3	7.2330	0.91939	1.1804	823.97	-0.058726	7.7112e-05	0.12270	supercritical
1983.8	85.000	16.268	0.061470	1585.6	2108.1	7.2349	0.91962	1.1806	824.60	-0.058759	7.7194e-05	0.12286	supercritical
1987.1	85.000	16.242	0.061569	1588.6	2111.9	7.2368	0.91985	1.1808	825.23	-0.058793	7.7276e-05	0.12301	supercritical
1990.3	85.000	16.216	0.061668	1591.6	2115.7	7.2387	0.92007	1.1811	825.87	-0.058826	7.7357e-05	0.12317	supercritical
1993.5	85.000	16.190	0.061767	1594.5	2119.6	7.2406	0.92030	1.1813	826.50	-0.058858	7.7439e-05	0.12332	supercritical
1996.8	85.000	16.164	0.061866	1597.5	2123.4	7.2426	0.92053	1.1815	827.13	-0.058891	7.7520e-05	0.12348	supercritical
2000.0	85.000	16.138	0.061965	1600.5	2127.2	7.2445	0.92076	1.1817	827.76	-0.058924	7.7602e-05	0.12364	supercritical
