Temperature (K)	Pressure (bar)	Density (kg/m3)	Volume (m3/kg)	Internal Energy (kJ/kg)	Enthalpy (kJ/kg)	Entropy (J/g*K)	Cv (J/g*K)	Cp (J/g*K)	Sound Spd. (m/s)	Joule-Thomson (K/bar)	Viscosity (Pa*s)	Therm. Cond. (W/m*K)	Phase
60.000	103.00	1294.1	0.00077277	-185.75	-177.80	2.2304	1.0925	1.6523	1155.3	-0.037643	0.00062669	0.19807	liquid
63.233	103.00	1280.3	0.00078104	-180.49	-172.44	2.3173	1.0693	1.6579	1140.3	-0.037186	0.00053825	0.19381	liquid
66.467	103.00	1266.5	0.00078958	-175.21	-167.08	2.4000	1.0511	1.6597	1120.7	-0.036846	0.00046718	0.18954	liquid
69.700	103.00	1252.6	0.00079836	-169.94	-161.71	2.4789	1.0350	1.6591	1098.7	-0.036557	0.00040962	0.18527	liquid
72.933	103.00	1238.6	0.00080738	-164.67	-156.35	2.5541	1.0200	1.6573	1075.8	-0.036271	0.00036257	0.18101	liquid
76.167	103.00	1224.5	0.00081665	-159.41	-151.00	2.6259	1.0055	1.6554	1052.3	-0.035951	0.00032373	0.17674	liquid
79.400	103.00	1210.4	0.00082620	-154.16	-145.65	2.6947	0.99155	1.6538	1028.7	-0.035575	0.00029134	0.17248	liquid
82.633	103.00	1196.1	0.00083603	-148.91	-140.30	2.7607	0.97807	1.6532	1005.1	-0.035123	0.00026403	0.16821	liquid
85.867	103.00	1181.8	0.00084619	-143.67	-134.95	2.8241	0.96509	1.6535	981.57	-0.034582	0.00024078	0.16393	liquid
89.100	103.00	1167.3	0.00085671	-138.43	-129.61	2.8853	0.95260	1.6552	958.03	-0.033941	0.00022077	0.15965	liquid
92.333	103.00	1152.6	0.00086761	-133.19	-124.25	2.9443	0.94062	1.6581	934.50	-0.033190	0.00020339	0.15535	liquid
95.567	103.00	1137.7	0.00087894	-127.93	-118.88	3.0015	0.92913	1.6625	910.95	-0.032317	0.00018813	0.15104	liquid
98.800	103.00	1122.7	0.00089075	-122.67	-113.50	3.0569	0.91814	1.6683	887.36	-0.031310	0.00017463	0.14673	liquid
102.03	103.00	1107.3	0.00090307	-117.39	-108.09	3.1107	0.90764	1.6757	863.69	-0.030157	0.00016257	0.14241	liquid
105.27	103.00	1091.7	0.00091597	-112.09	-102.66	3.1631	0.89760	1.6847	839.92	-0.028841	0.00015171	0.13808	liquid
108.50	103.00	1075.8	0.00092951	-106.77	-97.195	3.2143	0.88801	1.6955	816.00	-0.027343	0.00014185	0.13374	liquid
111.73	103.00	1059.6	0.00094377	-101.41	-91.692	3.2642	0.87888	1.7082	791.91	-0.025641	0.00013284	0.12942	liquid
114.97	103.00	1043.0	0.00095882	-96.022	-86.146	3.3132	0.87019	1.7230	767.62	-0.023706	0.00012455	0.12510	liquid
118.20	103.00	1025.9	0.00097476	-90.588	-80.548	3.3612	0.86195	1.7402	743.08	-0.021506	0.00011688	0.12079	liquid
121.43	103.00	1008.4	0.00099171	-85.104	-74.890	3.4084	0.85416	1.7600	718.27	-0.018999	0.00010974	0.11649	liquid
124.67	103.00	990.28	0.0010098	-79.564	-69.163	3.4550	0.84684	1.7829	693.15	-0.016135	0.00010307	0.11220	liquid
127.90	103.00	971.60	0.0010292	-73.957	-63.356	3.5009	0.83999	1.8095	667.68	-0.012852	9.6799e-05	0.10793	liquid
131.13	103.00	952.23	0.0010502	-68.274	-57.457	3.5465	0.83366	1.8403	641.82	-0.0090712	9.0889e-05	0.10367	liquid
134.37	103.00	932.07	0.0010729	-62.501	-51.450	3.5917	0.82788	1.8762	615.51	-0.0046939	8.5296e-05	0.099444	liquid
137.60	103.00	911.01	0.0010977	-56.624	-45.318	3.6368	0.82271	1.9183	588.72	0.00040645	7.9987e-05	0.095245	liquid
140.83	103.00	888.90	0.0011250	-50.624	-39.037	3.6819	0.81820	1.9682	561.39	0.0063937	7.4929e-05	0.091081	liquid
144.07	103.00	865.56	0.0011553	-44.479	-32.580	3.7273	0.81446	2.0278	533.47	0.013482	7.0097e-05	0.086954	liquid
147.30	103.00	840.77	0.0011894	-38.161	-25.910	3.7731	0.81159	2.0998	504.93	0.021957	6.5464e-05	0.082868	liquid
150.53	103.00	814.23	0.0012281	-31.634	-18.984	3.8196	0.80975	2.1877	475.75	0.032196	6.1006e-05	0.078826	liquid
153.77	103.00	785.59	0.0012729	-24.852	-11.741	3.8672	0.80908	2.2965	445.98	0.044710	5.6699e-05	0.074828	liquid
157.00	103.00	754.37	0.0013256	-17.758	-4.1040	3.9163	0.80975	2.4326	415.75	0.060179	5.2517e-05	0.070871	supercritical
160.23	103.00	719.99	0.0013889	-10.278	4.0280	3.9676	0.81182	2.6040	385.39	0.079491	4.8436e-05	0.066950	supercritical
163.47	103.00	681.78	0.0014667	-2.3266	12.781	4.0217	0.81510	2.8174	355.49	0.10371	4.4435e-05	0.063054	supercritical
166.70	103.00	639.15	0.0015646	6.1731	22.288	4.0792	0.81905	3.0679	327.06	0.13378	4.0510e-05	0.059165	supercritical
169.93	103.00	592.14	0.0016888	15.229	32.623	4.1406	0.82263	3.3199	301.60	0.16986	3.6703e-05	0.055266	supercritical
173.17	103.00	542.17	0.0018444	24.678	43.676	4.2051	0.82431	3.4960	280.87	0.21036	3.3132e-05	0.051365	supercritical
176.40	103.00	492.48	0.0020305	34.135	55.050	4.2701	0.82237	3.5067	266.09	0.25132	2.9977e-05	0.047548	supercritical
179.63	103.00	446.95	0.0022374	43.100	66.145	4.3325	0.81612	3.3293	257.27	0.28729	2.7402e-05	0.044005	supercritical
182.87	103.00	408.00	0.0024510	51.221	76.466	4.3894	0.80666	3.0466	253.13	0.31485	2.5442e-05	0.040947	supercritical
186.10	103.00	375.82	0.0026608	58.432	85.839	4.4402	0.79572	2.7547	252.05	0.33393	2.4006e-05	0.038455	supercritical
189.33	103.00	349.38	0.0028622	64.838	94.319	4.4854	0.78461	2.4986	252.78	0.34614	2.2968e-05	0.036483	supercritical
192.57	103.00	327.45	0.0030539	70.589	102.04	4.5259	0.77402	2.2867	254.54	0.35317	2.2216e-05	0.034935	supercritical
195.80	103.00	309.00	0.0032362	75.816	109.15	4.5625	0.76427	2.1143	256.90	0.35643	2.1669e-05	0.033719	supercritical
199.03	103.00	293.25	0.0034100	80.628	115.75	4.5959	0.75543	1.9738	259.60	0.35696	2.1272e-05	0.032760	supercritical
202.27	103.00	279.62	0.0035763	85.105	121.94	4.6268	0.74750	1.8583	262.49	0.35550	2.0985e-05	0.031999	supercritical
205.50	103.00	267.68	0.0037359	89.310	127.79	4.6555	0.74040	1.7625	265.48	0.35262	2.0782e-05	0.031395	supercritical
208.73	103.00	257.09	0.0038896	93.291	133.35	4.6823	0.73407	1.6822	268.50	0.34870	2.0642e-05	0.030914	supercritical
211.97	103.00	247.63	0.0040383	97.086	138.68	4.7077	0.72842	1.6140	271.54	0.34405	2.0552e-05	0.030534	supercritical
215.20	103.00	239.10	0.0041824	100.72	143.80	4.7316	0.72337	1.5557	274.56	0.33888	2.0502e-05	0.030234	supercritical
218.43	103.00	231.34	0.0043226	104.23	148.75	4.7545	0.71886	1.5053	277.55	0.33335	2.0483e-05	0.030001	supercritical
221.67	103.00	224.26	0.0044591	107.61	153.54	4.7762	0.71482	1.4614	280.51	0.32757	2.0490e-05	0.029823	supercritical
224.90	103.00	217.75	0.0045924	110.90	158.20	4.7971	0.71119	1.4229	283.43	0.32165	2.0518e-05	0.029691	supercritical
228.13	103.00	211.74	0.0047228	114.10	162.75	4.8172	0.70793	1.3889	286.30	0.31565	2.0564e-05	0.029598	supercritical
231.37	103.00	206.16	0.0048506	117.23	167.19	4.8365	0.70499	1.3586	289.13	0.30962	2.0624e-05	0.029539	supercritical
234.60	103.00	200.96	0.0049761	120.29	171.54	4.8552	0.70235	1.3316	291.91	0.30359	2.0697e-05	0.029508	supercritical
237.83	103.00	196.11	0.0050993	123.28	175.80	4.8732	0.69996	1.3074	294.64	0.29760	2.0780e-05	0.029502	supercritical
241.07	103.00	191.55	0.0052205	126.22	180.00	4.8907	0.69780	1.2855	297.33	0.29168	2.0872e-05	0.029517	supercritical
244.30	103.00	187.27	0.0053400	129.12	184.12	4.9077	0.69586	1.2657	299.98	0.28582	2.0972e-05	0.029550	supercritical
247.53	103.00	183.23	0.0054577	131.97	188.18	4.9243	0.69409	1.2477	302.58	0.28006	2.1078e-05	0.029600	supercritical
250.77	103.00	179.41	0.0055739	134.78	192.19	4.9403	0.69250	1.2312	305.15	0.27439	2.1190e-05	0.029664	supercritical
254.00	103.00	175.79	0.0056886	137.55	196.15	4.9560	0.69106	1.2162	307.67	0.26882	2.1306e-05	0.029741	supercritical
257.23	103.00	172.36	0.0058020	140.30	200.06	4.9713	0.68976	1.2024	310.15	0.26336	2.1427e-05	0.029829	supercritical
260.47	103.00	169.09	0.0059141	143.01	203.92	4.9863	0.68859	1.1896	312.60	0.25801	2.1552e-05	0.029928	supercritical
263.70	103.00	165.97	0.0060250	145.69	207.75	5.0009	0.68753	1.1779	315.01	0.25277	2.1680e-05	0.030035	supercritical
266.93	103.00	163.00	0.0061349	148.35	211.54	5.0151	0.68659	1.1671	317.39	0.24764	2.1811e-05	0.030150	supercritical
270.17	103.00	160.16	0.0062437	150.99	215.30	5.0291	0.68574	1.1570	319.73	0.24262	2.1944e-05	0.030273	supercritical
273.40	103.00	157.44	0.0063515	153.60	219.02	5.0428	0.68498	1.1476	322.04	0.23771	2.2080e-05	0.030402	supercritical
276.63	103.00	154.84	0.0064585	156.20	222.72	5.0563	0.68431	1.1390	324.32	0.23290	2.2217e-05	0.030537	supercritical
279.87	103.00	152.33	0.0065645	158.77	226.39	5.0695	0.68372	1.1309	326.57	0.22820	2.2356e-05	0.030677	supercritical
283.10	103.00	149.93	0.0066698	161.33	230.03	5.0824	0.68320	1.1233	328.79	0.22361	2.2497e-05	0.030822	supercritical
286.33	103.00	147.62	0.0067743	163.88	233.65	5.0951	0.68276	1.1162	330.98	0.21911	2.2638e-05	0.030971	supercritical
289.57	103.00	145.39	0.0068780	166.41	237.25	5.1076	0.68237	1.1096	333.14	0.21472	2.2781e-05	0.031124	supercritical
292.80	103.00	143.24	0.0069811	168.92	240.83	5.1199	0.68205	1.1035	335.28	0.21042	2.2925e-05	0.031281	supercritical
296.03	103.00	141.17	0.0070835	171.43	244.39	5.1320	0.68179	1.0977	337.39	0.20621	2.3070e-05	0.031440	supercritical
299.27	103.00	139.17	0.0071853	173.92	247.93	5.1439	0.68158	1.0922	339.47	0.20210	2.3215e-05	0.031602	supercritical
302.50	103.00	137.24	0.0072865	176.40	251.45	5.1556	0.68143	1.0871	341.54	0.19808	2.3361e-05	0.031766	supercritical
305.73	103.00	135.37	0.0073871	178.87	254.96	5.1671	0.68132	1.0823	343.57	0.19414	2.3508e-05	0.031931	supercritical
308.97	103.00	133.56	0.0074872	181.33	258.45	5.1785	0.68126	1.0778	345.59	0.19029	2.3655e-05	0.032089	supercritical
312.20	103.00	131.81	0.0075867	183.79	261.93	5.1897	0.68125	1.0735	347.58	0.18652	2.3802e-05	0.032263	supercritical
315.43	103.00	130.11	0.0076858	186.23	265.39	5.2007	0.68128	1.0696	349.55	0.18284	2.3950e-05	0.032446	supercritical
318.67	103.00	128.46	0.0077844	188.67	268.85	5.2116	0.68134	1.0658	351.51	0.17923	2.4098e-05	0.032631	supercritical
321.90	103.00	126.86	0.0078825	191.10	272.29	5.2224	0.68145	1.0622	353.44	0.17569	2.4246e-05	0.032816	supercritical
325.13	103.00	125.31	0.0079803	193.52	275.72	5.2330	0.68160	1.0589	355.35	0.17223	2.4395e-05	0.033004	supercritical
328.37	103.00	123.80	0.0080775	195.93	279.13	5.2434	0.68178	1.0558	357.24	0.16885	2.4543e-05	0.033192	supercritical
331.60	103.00	122.33	0.0081744	198.35	282.54	5.2538	0.68199	1.0528	359.11	0.16553	2.4691e-05	0.033382	supercritical
334.83	103.00	120.91	0.0082710	200.75	285.94	5.2640	0.68224	1.0500	360.97	0.16228	2.4840e-05	0.033572	supercritical
338.07	103.00	119.52	0.0083671	203.15	289.33	5.2740	0.68252	1.0474	362.81	0.15909	2.4988e-05	0.033764	supercritical
341.30	103.00	118.16	0.0084629	205.55	292.72	5.2840	0.68283	1.0449	364.63	0.15597	2.5137e-05	0.033956	supercritical
344.53	103.00	116.85	0.0085583	207.94	296.09	5.2938	0.68316	1.0425	366.43	0.15292	2.5285e-05	0.034150	supercritical
347.77	103.00	115.56	0.0086534	210.33	299.46	5.3036	0.68353	1.0403	368.22	0.14992	2.5434e-05	0.034344	supercritical
351.00	103.00	114.31	0.0087482	212.71	302.82	5.3132	0.68392	1.0383	369.99	0.14698	2.5582e-05	0.034539	supercritical
354.23	103.00	113.09	0.0088427	215.09	306.17	5.3227	0.68434	1.0363	371.75	0.14410	2.5730e-05	0.034735	supercritical
357.47	103.00	111.90	0.0089369	217.47	309.52	5.3321	0.68479	1.0345	373.49	0.14128	2.5878e-05	0.034931	supercritical
360.70	103.00	110.73	0.0090308	219.84	312.86	5.3414	0.68525	1.0328	375.21	0.13851	2.6025e-05	0.035128	supercritical
363.93	103.00	109.60	0.0091245	222.22	316.20	5.3506	0.68575	1.0312	376.92	0.13579	2.6173e-05	0.035325	supercritical
367.17	103.00	108.49	0.0092179	224.59	319.53	5.3597	0.68626	1.0296	378.62	0.13313	2.6320e-05	0.035523	supercritical
370.40	103.00	107.40	0.0093110	226.95	322.86	5.3688	0.68679	1.0282	380.30	0.13052	2.6467e-05	0.035721	supercritical
373.63	103.00	106.34	0.0094038	229.32	326.18	5.3777	0.68735	1.0269	381.97	0.12795	2.6614e-05	0.035920	supercritical
376.87	103.00	105.30	0.0094965	231.68	329.50	5.3865	0.68793	1.0256	383.63	0.12544	2.6761e-05	0.036119	supercritical
380.10	103.00	104.29	0.0095889	234.05	332.81	5.3953	0.68852	1.0245	385.28	0.12297	2.6907e-05	0.036319	supercritical
383.33	103.00	103.29	0.0096811	236.41	336.12	5.4040	0.68913	1.0234	386.91	0.12055	2.7054e-05	0.036519	supercritical
386.57	103.00	102.32	0.0097730	238.77	339.43	5.4126	0.68976	1.0224	388.53	0.11817	2.7200e-05	0.036719	supercritical
389.80	103.00	101.37	0.0098648	241.13	342.73	5.4211	0.69041	1.0214	390.13	0.11584	2.7345e-05	0.036919	supercritical
393.03	103.00	100.44	0.0099563	243.48	346.03	5.4295	0.69108	1.0206	391.73	0.11354	2.7490e-05	0.037120	supercritical
396.27	103.00	99.526	0.010048	245.84	349.33	5.4379	0.69176	1.0198	393.31	0.11129	2.7636e-05	0.037321	supercritical
399.50	103.00	98.631	0.010139	248.20	352.63	5.4461	0.69245	1.0190	394.89	0.10908	2.7780e-05	0.037522	supercritical
402.73	103.00	97.754	0.010230	250.56	355.92	5.4544	0.69316	1.0184	396.45	0.10691	2.7925e-05	0.037723	supercritical
405.97	103.00	96.894	0.010321	252.91	359.21	5.4625	0.69389	1.0177	398.00	0.10478	2.8069e-05	0.037924	supercritical
409.20	103.00	96.051	0.010411	255.27	362.50	5.4706	0.69463	1.0172	399.54	0.10269	2.8213e-05	0.038126	supercritical
412.43	103.00	95.224	0.010502	257.63	365.79	5.4786	0.69538	1.0167	401.07	0.10063	2.8356e-05	0.038328	supercritical
415.67	103.00	94.412	0.010592	259.98	369.08	5.4865	0.69614	1.0162	402.59	0.098611	2.8500e-05	0.038529	supercritical
418.90	103.00	93.616	0.010682	262.34	372.36	5.4944	0.69691	1.0158	404.10	0.096626	2.8643e-05	0.038731	supercritical
422.13	103.00	92.834	0.010772	264.70	375.65	5.5022	0.69770	1.0154	405.60	0.094675	2.8785e-05	0.038933	supercritical
425.37	103.00	92.067	0.010862	267.05	378.93	5.5099	0.69850	1.0151	407.09	0.092757	2.8928e-05	0.039135	supercritical
428.60	103.00	91.313	0.010951	269.41	382.21	5.5176	0.69930	1.0148	408.58	0.090873	2.9070e-05	0.039337	supercritical
431.83	103.00	90.573	0.011041	271.77	385.49	5.5252	0.70012	1.0146	410.05	0.089020	2.9211e-05	0.039539	supercritical
435.07	103.00	89.846	0.011130	274.13	388.77	5.5328	0.70095	1.0144	411.51	0.087199	2.9353e-05	0.039741	supercritical
438.30	103.00	89.131	0.011219	276.49	392.05	5.5403	0.70178	1.0142	412.97	0.085409	2.9494e-05	0.039943	supercritical
441.53	103.00	88.429	0.011308	278.85	395.33	5.5478	0.70263	1.0141	414.41	0.083649	2.9634e-05	0.040145	supercritical
444.77	103.00	87.739	0.011397	281.22	398.61	5.5552	0.70348	1.0140	415.85	0.081918	2.9775e-05	0.040347	supercritical
448.00	103.00	87.060	0.011486	283.58	401.89	5.5625	0.70434	1.0139	417.28	0.080216	2.9915e-05	0.040549	supercritical
451.23	103.00	86.393	0.011575	285.94	405.17	5.5698	0.70521	1.0139	418.70	0.078543	3.0054e-05	0.040751	supercritical
454.47	103.00	85.737	0.011664	288.31	408.44	5.5771	0.70608	1.0139	420.12	0.076897	3.0194e-05	0.040953	supercritical
457.70	103.00	85.092	0.011752	290.68	411.72	5.5842	0.70696	1.0139	421.52	0.075278	3.0333e-05	0.041155	supercritical
460.93	103.00	84.457	0.011840	293.05	415.00	5.5914	0.70785	1.0140	422.92	0.073685	3.0472e-05	0.041357	supercritical
464.17	103.00	83.832	0.011929	295.42	418.28	5.5985	0.70874	1.0141	424.31	0.072119	3.0610e-05	0.041559	supercritical
467.40	103.00	83.217	0.012017	297.79	421.56	5.6055	0.70964	1.0142	425.70	0.070578	3.0748e-05	0.041761	supercritical
470.63	103.00	82.612	0.012105	300.16	424.84	5.6125	0.71054	1.0143	427.07	0.069061	3.0886e-05	0.041962	supercritical
473.87	103.00	82.016	0.012193	302.53	428.12	5.6194	0.71145	1.0145	428.44	0.067569	3.1023e-05	0.042164	supercritical
477.10	103.00	81.430	0.012281	304.91	431.40	5.6263	0.71236	1.0147	429.80	0.066101	3.1161e-05	0.042365	supercritical
480.33	103.00	80.852	0.012368	307.29	434.68	5.6332	0.71328	1.0149	431.16	0.064656	3.1297e-05	0.042567	supercritical
483.57	103.00	80.283	0.012456	309.67	437.96	5.6400	0.71420	1.0151	432.51	0.063234	3.1434e-05	0.042768	supercritical
486.80	103.00	79.723	0.012543	312.05	441.25	5.6468	0.71512	1.0154	433.85	0.061834	3.1570e-05	0.042969	supercritical
490.03	103.00	79.171	0.012631	314.43	444.53	5.6535	0.71605	1.0157	435.18	0.060456	3.1706e-05	0.043170	supercritical
493.27	103.00	78.627	0.012718	316.82	447.81	5.6602	0.71698	1.0159	436.51	0.059100	3.1841e-05	0.043371	supercritical
496.50	103.00	78.092	0.012805	319.20	451.10	5.6668	0.71791	1.0162	437.84	0.057765	3.1977e-05	0.043572	supercritical
499.73	103.00	77.564	0.012893	321.59	454.39	5.6734	0.71885	1.0166	439.15	0.056450	3.2112e-05	0.043773	supercritical
502.97	103.00	77.043	0.012980	323.98	457.67	5.6800	0.71978	1.0169	440.46	0.055156	3.2246e-05	0.043973	supercritical
506.20	103.00	76.530	0.013067	326.37	460.96	5.6865	0.72072	1.0173	441.77	0.053881	3.2380e-05	0.044174	supercritical
509.43	103.00	76.024	0.013154	328.77	464.25	5.6930	0.72166	1.0176	443.07	0.052626	3.2514e-05	0.044374	supercritical
512.67	103.00	75.526	0.013241	331.16	467.54	5.6994	0.72260	1.0180	444.36	0.051390	3.2648e-05	0.044574	supercritical
515.90	103.00	75.034	0.013327	333.56	470.83	5.7058	0.72355	1.0184	445.65	0.050173	3.2781e-05	0.044775	supercritical
519.13	103.00	74.549	0.013414	335.96	474.13	5.7122	0.72449	1.0188	446.93	0.048974	3.2914e-05	0.044975	supercritical
522.37	103.00	74.071	0.013501	338.37	477.42	5.7185	0.72543	1.0193	448.20	0.047793	3.3047e-05	0.045174	supercritical
525.60	103.00	73.599	0.013587	340.77	480.72	5.7248	0.72638	1.0197	449.48	0.046629	3.3179e-05	0.045374	supercritical
528.83	103.00	73.134	0.013674	343.18	484.02	5.7310	0.72732	1.0201	450.74	0.045483	3.3312e-05	0.045574	supercritical
532.07	103.00	72.674	0.013760	345.59	487.32	5.7373	0.72827	1.0206	452.00	0.044354	3.3443e-05	0.045773	supercritical
535.30	103.00	72.221	0.013846	348.00	490.62	5.7434	0.72921	1.0211	453.26	0.043242	3.3575e-05	0.045972	supercritical
538.53	103.00	71.774	0.013933	350.41	493.92	5.7496	0.73016	1.0215	454.51	0.042145	3.3706e-05	0.046171	supercritical
541.77	103.00	71.333	0.014019	352.83	497.22	5.7557	0.73110	1.0220	455.75	0.041065	3.3837e-05	0.046370	supercritical
545.00	103.00	70.897	0.014105	355.25	500.53	5.7618	0.73205	1.0225	456.99	0.040001	3.3968e-05	0.046569	supercritical
548.23	103.00	70.467	0.014191	357.67	503.83	5.7678	0.73299	1.0230	458.23	0.038952	3.4098e-05	0.046767	supercritical
551.47	103.00	70.042	0.014277	360.09	507.14	5.7739	0.73393	1.0235	459.46	0.037917	3.4228e-05	0.046966	supercritical
554.70	103.00	69.623	0.014363	362.51	510.45	5.7799	0.73487	1.0241	460.68	0.036898	3.4358e-05	0.047164	supercritical
557.93	103.00	69.209	0.014449	364.94	513.77	5.7858	0.73581	1.0246	461.90	0.035894	3.4487e-05	0.047362	supercritical
561.17	103.00	68.801	0.014535	367.37	517.08	5.7917	0.73675	1.0251	463.12	0.034903	3.4616e-05	0.047560	supercritical
564.40	103.00	68.397	0.014621	369.80	520.39	5.7976	0.73769	1.0257	464.33	0.033927	3.4745e-05	0.047758	supercritical
567.63	103.00	67.998	0.014706	372.24	523.71	5.8035	0.73862	1.0262	465.54	0.032964	3.4874e-05	0.047955	supercritical
570.87	103.00	67.605	0.014792	374.67	527.03	5.8093	0.73956	1.0268	466.74	0.032015	3.5002e-05	0.048153	supercritical
574.10	103.00	67.215	0.014878	377.11	530.35	5.8151	0.74049	1.0273	467.94	0.031080	3.5130e-05	0.048350	supercritical
577.33	103.00	66.831	0.014963	379.55	533.67	5.8209	0.74142	1.0279	469.14	0.030157	3.5258e-05	0.048547	supercritical
580.57	103.00	66.451	0.015049	382.00	537.00	5.8266	0.74235	1.0285	470.33	0.029247	3.5385e-05	0.048744	supercritical
583.80	103.00	66.076	0.015134	384.44	540.33	5.8323	0.74327	1.0290	471.51	0.028349	3.5512e-05	0.048941	supercritical
587.03	103.00	65.705	0.015219	386.89	543.65	5.8380	0.74419	1.0296	472.70	0.027464	3.5639e-05	0.049138	supercritical
590.27	103.00	65.339	0.015305	389.34	546.98	5.8437	0.74511	1.0302	473.87	0.026591	3.5766e-05	0.049334	supercritical
593.50	103.00	64.977	0.015390	391.80	550.32	5.8493	0.74603	1.0308	475.05	0.025730	3.5892e-05	0.049530	supercritical
596.73	103.00	64.619	0.015475	394.25	553.65	5.8549	0.74695	1.0314	476.22	0.024881	3.6018e-05	0.049726	supercritical
599.97	103.00	64.265	0.015561	396.71	556.99	5.8605	0.74786	1.0320	477.39	0.024043	3.6144e-05	0.049922	supercritical
603.20	103.00	63.915	0.015646	399.17	560.32	5.8660	0.74877	1.0326	478.55	0.023216	3.6269e-05	0.050118	supercritical
606.43	103.00	63.569	0.015731	401.63	563.66	5.8716	0.74967	1.0332	479.71	0.022400	3.6394e-05	0.050313	supercritical
609.67	103.00	63.227	0.015816	404.10	567.00	5.8771	0.75058	1.0338	480.86	0.021596	3.6519e-05	0.050509	supercritical
612.90	103.00	62.889	0.015901	406.57	570.35	5.8825	0.75148	1.0344	482.01	0.020801	3.6644e-05	0.050704	supercritical
616.13	103.00	62.555	0.015986	409.04	573.69	5.8880	0.75237	1.0350	483.16	0.020018	3.6769e-05	0.050899	supercritical
619.37	103.00	62.224	0.016071	411.51	577.04	5.8934	0.75327	1.0356	484.31	0.019245	3.6893e-05	0.051094	supercritical
622.60	103.00	61.897	0.016156	413.98	580.39	5.8988	0.75416	1.0362	485.45	0.018481	3.7017e-05	0.051288	supercritical
625.83	103.00	61.573	0.016241	416.46	583.74	5.9041	0.75505	1.0368	486.59	0.017728	3.7140e-05	0.051483	supercritical
629.07	103.00	61.253	0.016326	418.94	587.09	5.9095	0.75593	1.0374	487.72	0.016985	3.7264e-05	0.051677	supercritical
632.30	103.00	60.937	0.016410	421.42	590.45	5.9148	0.75681	1.0381	488.85	0.016251	3.7387e-05	0.051871	supercritical
635.53	103.00	60.624	0.016495	423.91	593.81	5.9201	0.75769	1.0387	489.98	0.015526	3.7510e-05	0.052065	supercritical
638.77	103.00	60.314	0.016580	426.39	597.17	5.9254	0.75856	1.0393	491.10	0.014811	3.7633e-05	0.052259	supercritical
642.00	103.00	60.007	0.016665	428.88	600.53	5.9306	0.75943	1.0399	492.22	0.014105	3.7755e-05	0.052453	supercritical
645.23	103.00	59.704	0.016749	431.37	603.89	5.9359	0.76029	1.0405	493.34	0.013408	3.7877e-05	0.052646	supercritical
648.47	103.00	59.404	0.016834	433.87	607.26	5.9411	0.76116	1.0411	494.45	0.012720	3.7999e-05	0.052839	supercritical
651.70	103.00	59.107	0.016918	436.36	610.62	5.9462	0.76202	1.0418	495.56	0.012040	3.8121e-05	0.053032	supercritical
654.93	103.00	58.813	0.017003	438.86	613.99	5.9514	0.76287	1.0424	496.67	0.011369	3.8242e-05	0.053225	supercritical
658.17	103.00	58.522	0.017088	441.36	617.36	5.9565	0.76372	1.0430	497.78	0.010707	3.8363e-05	0.053418	supercritical
661.40	103.00	58.234	0.017172	443.87	620.74	5.9616	0.76457	1.0436	498.88	0.010052	3.8484e-05	0.053610	supercritical
664.63	103.00	57.949	0.017256	446.37	624.11	5.9667	0.76541	1.0442	499.98	0.0094061	3.8605e-05	0.053803	supercritical
667.87	103.00	57.667	0.017341	448.88	627.49	5.9718	0.76625	1.0449	501.07	0.0087677	3.8725e-05	0.053995	supercritical
671.10	103.00	57.388	0.017425	451.39	630.87	5.9769	0.76708	1.0455	502.17	0.0081373	3.8846e-05	0.054187	supercritical
674.33	103.00	57.112	0.017510	453.90	634.25	5.9819	0.76792	1.0461	503.26	0.0075145	3.8966e-05	0.054379	supercritical
677.57	103.00	56.838	0.017594	456.42	637.64	5.9869	0.76874	1.0467	504.34	0.0068993	3.9085e-05	0.054571	supercritical
680.80	103.00	56.567	0.017678	458.94	641.02	5.9919	0.76957	1.0473	505.43	0.0062915	3.9205e-05	0.054762	supercritical
684.03	103.00	56.299	0.017762	461.45	644.41	5.9968	0.77038	1.0480	506.51	0.0056911	3.9324e-05	0.054953	supercritical
687.27	103.00	56.033	0.017847	463.98	647.80	6.0018	0.77120	1.0486	507.59	0.0050980	3.9443e-05	0.055144	supercritical
690.50	103.00	55.770	0.017931	466.50	651.19	6.0067	0.77201	1.0492	508.66	0.0045119	3.9562e-05	0.055335	supercritical
693.73	103.00	55.509	0.018015	469.03	654.58	6.0116	0.77282	1.0498	509.73	0.0039328	3.9681e-05	0.055526	supercritical
696.97	103.00	55.251	0.018099	471.56	657.98	6.0165	0.77362	1.0504	510.80	0.0033606	3.9799e-05	0.055717	supercritical
700.20	103.00	54.996	0.018183	474.09	661.37	6.0213	0.77442	1.0510	511.87	0.0027951	3.9917e-05	0.055907	supercritical
703.43	103.00	54.742	0.018267	476.62	664.77	6.0262	0.77521	1.0516	512.94	0.0022363	4.0035e-05	0.056098	supercritical
706.67	103.00	54.492	0.018351	479.16	668.18	6.0310	0.77600	1.0522	514.00	0.0016841	4.0153e-05	0.056288	supercritical
709.90	103.00	54.243	0.018435	481.69	671.58	6.0358	0.77679	1.0529	515.06	0.0011383	4.0270e-05	0.056478	supercritical
713.13	103.00	53.997	0.018519	484.23	674.98	6.0406	0.77757	1.0535	516.12	0.00059879	4.0387e-05	0.056667	supercritical
716.37	103.00	53.753	0.018603	486.78	678.39	6.0454	0.77835	1.0541	517.17	6.5574e-05	4.0505e-05	0.056857	supercritical
719.60	103.00	53.512	0.018687	489.32	681.80	6.0501	0.77912	1.0547	518.22	-0.00046150	4.0621e-05	0.057046	supercritical
722.83	103.00	53.273	0.018771	491.87	685.21	6.0548	0.77989	1.0553	519.27	-0.00098252	4.0738e-05	0.057236	supercritical
726.07	103.00	53.036	0.018855	494.42	688.62	6.0596	0.78066	1.0559	520.32	-0.0014976	4.0854e-05	0.057425	supercritical
729.30	103.00	52.801	0.018939	496.97	692.04	6.0643	0.78142	1.0565	521.36	-0.0020068	4.0971e-05	0.057614	supercritical
732.53	103.00	52.568	0.019023	499.52	695.46	6.0689	0.78217	1.0571	522.40	-0.0025102	4.1087e-05	0.057803	supercritical
735.77	103.00	52.337	0.019107	502.07	698.87	6.0736	0.78293	1.0577	523.44	-0.0030080	4.1202e-05	0.057991	supercritical
739.00	103.00	52.109	0.019191	504.63	702.30	6.0782	0.78367	1.0583	524.48	-0.0035001	4.1318e-05	0.058180	supercritical
742.23	103.00	51.882	0.019274	507.19	705.72	6.0828	0.78442	1.0589	525.51	-0.0039868	4.1433e-05	0.058368	supercritical
745.47	103.00	51.658	0.019358	509.75	709.14	6.0874	0.78516	1.0594	526.55	-0.0044680	4.1548e-05	0.058556	supercritical
748.70	103.00	51.435	0.019442	512.32	712.57	6.0920	0.78589	1.0600	527.58	-0.0049438	4.1663e-05	0.058744	supercritical
751.93	103.00	51.215	0.019526	514.88	716.00	6.0966	0.78663	1.0606	528.60	-0.0054144	4.1778e-05	0.058932	supercritical
755.17	103.00	50.996	0.019609	517.45	719.43	6.1012	0.78735	1.0612	529.63	-0.0058799	4.1893e-05	0.059119	supercritical
758.40	103.00	50.779	0.019693	520.02	722.86	6.1057	0.78808	1.0618	530.65	-0.0063402	4.2007e-05	0.059307	supercritical
761.63	103.00	50.564	0.019777	522.59	726.29	6.1102	0.78880	1.0624	531.67	-0.0067955	4.2121e-05	0.059494	supercritical
764.87	103.00	50.352	0.019860	525.17	729.73	6.1147	0.78951	1.0629	532.69	-0.0072458	4.2235e-05	0.059681	supercritical
768.10	103.00	50.140	0.019944	527.74	733.17	6.1192	0.79022	1.0635	533.71	-0.0076913	4.2349e-05	0.059868	supercritical
771.33	103.00	49.931	0.020028	530.32	736.61	6.1237	0.79093	1.0641	534.72	-0.0081319	4.2462e-05	0.060055	supercritical
774.57	103.00	49.724	0.020111	532.90	740.05	6.1281	0.79163	1.0647	535.73	-0.0085678	4.2576e-05	0.060241	supercritical
777.80	103.00	49.518	0.020195	535.49	743.49	6.1326	0.79233	1.0652	536.74	-0.0089991	4.2689e-05	0.060428	supercritical
781.03	103.00	49.314	0.020278	538.07	746.94	6.1370	0.79303	1.0658	537.75	-0.0094257	4.2802e-05	0.060614	supercritical
784.27	103.00	49.112	0.020362	540.66	750.38	6.1414	0.79372	1.0664	538.76	-0.0098478	4.2915e-05	0.060800	supercritical
787.50	103.00	48.911	0.020445	543.25	753.83	6.1458	0.79440	1.0669	539.76	-0.010265	4.3027e-05	0.060986	supercritical
790.73	103.00	48.712	0.020529	545.84	757.28	6.1501	0.79509	1.0675	540.76	-0.010679	4.3140e-05	0.061172	supercritical
793.97	103.00	48.515	0.020612	548.43	760.74	6.1545	0.79576	1.0680	541.76	-0.011088	4.3252e-05	0.061358	supercritical
797.20	103.00	48.319	0.020696	551.02	764.19	6.1588	0.79644	1.0686	542.76	-0.011492	4.3364e-05	0.061543	supercritical
800.43	103.00	48.125	0.020779	553.62	767.65	6.1632	0.79711	1.0691	543.75	-0.011893	4.3476e-05	0.061729	supercritical
803.67	103.00	47.933	0.020863	556.22	771.10	6.1675	0.79778	1.0697	544.74	-0.012289	4.3587e-05	0.061914	supercritical
806.90	103.00	47.742	0.020946	558.82	774.56	6.1718	0.79844	1.0702	545.73	-0.012681	4.3699e-05	0.062099	supercritical
810.13	103.00	47.553	0.021029	561.42	778.03	6.1761	0.79910	1.0708	546.72	-0.013069	4.3810e-05	0.062284	supercritical
813.37	103.00	47.365	0.021113	564.03	781.49	6.1803	0.79975	1.0713	547.71	-0.013454	4.3921e-05	0.062469	supercritical
816.60	103.00	47.179	0.021196	566.63	784.95	6.1846	0.80040	1.0719	548.69	-0.013834	4.4032e-05	0.062653	supercritical
819.83	103.00	46.994	0.021279	569.24	788.42	6.1888	0.80105	1.0724	549.68	-0.014210	4.4143e-05	0.062838	supercritical
823.07	103.00	46.811	0.021363	571.85	791.89	6.1930	0.80169	1.0729	550.66	-0.014583	4.4253e-05	0.063022	supercritical
826.30	103.00	46.629	0.021446	574.46	795.36	6.1972	0.80233	1.0735	551.64	-0.014952	4.4364e-05	0.063206	supercritical
829.53	103.00	46.448	0.021529	577.08	798.83	6.2014	0.80297	1.0740	552.61	-0.015317	4.4474e-05	0.063390	supercritical
832.77	103.00	46.269	0.021613	579.69	802.30	6.2056	0.80360	1.0745	553.59	-0.015678	4.4584e-05	0.063574	supercritical
836.00	103.00	46.092	0.021696	582.31	805.78	6.2098	0.80423	1.0751	554.56	-0.016036	4.4694e-05	0.063758	supercritical
839.23	103.00	45.916	0.021779	584.93	809.26	6.2139	0.80485	1.0756	555.53	-0.016390	4.4804e-05	0.063941	supercritical
842.47	103.00	45.741	0.021862	587.55	812.73	6.2181	0.80547	1.0761	556.50	-0.016741	4.4913e-05	0.064125	supercritical
845.70	103.00	45.568	0.021945	590.18	816.21	6.2222	0.80609	1.0766	557.47	-0.017088	4.5022e-05	0.064308	supercritical
848.93	103.00	45.395	0.022029	592.80	819.70	6.2263	0.80670	1.0771	558.44	-0.017432	4.5132e-05	0.064491	supercritical
852.17	103.00	45.225	0.022112	595.43	823.18	6.2304	0.80731	1.0777	559.40	-0.017773	4.5241e-05	0.064674	supercritical
855.40	103.00	45.055	0.022195	598.06	826.66	6.2345	0.80792	1.0782	560.36	-0.018110	4.5349e-05	0.064857	supercritical
858.63	103.00	44.887	0.022278	600.69	830.15	6.2385	0.80852	1.0787	561.32	-0.018444	4.5458e-05	0.065039	supercritical
861.87	103.00	44.720	0.022361	603.32	833.64	6.2426	0.80912	1.0792	562.28	-0.018775	4.5567e-05	0.065222	supercritical
865.10	103.00	44.555	0.022444	605.95	837.13	6.2466	0.80971	1.0797	563.24	-0.019102	4.5675e-05	0.065404	supercritical
868.33	103.00	44.390	0.022528	608.59	840.62	6.2507	0.81030	1.0802	564.19	-0.019427	4.5783e-05	0.065587	supercritical
871.57	103.00	44.227	0.022611	611.23	844.12	6.2547	0.81089	1.0807	565.15	-0.019748	4.5891e-05	0.065769	supercritical
874.80	103.00	44.065	0.022694	613.87	847.61	6.2587	0.81147	1.0812	566.10	-0.020066	4.5999e-05	0.065951	supercritical
878.03	103.00	43.904	0.022777	616.51	851.11	6.2627	0.81205	1.0817	567.05	-0.020382	4.6107e-05	0.066132	supercritical
881.27	103.00	43.745	0.022860	619.15	854.61	6.2667	0.81263	1.0822	568.00	-0.020694	4.6214e-05	0.066314	supercritical
884.50	103.00	43.587	0.022943	621.79	858.11	6.2706	0.81320	1.0827	568.94	-0.021003	4.6322e-05	0.066496	supercritical
887.73	103.00	43.429	0.023026	624.44	861.61	6.2746	0.81377	1.0832	569.89	-0.021310	4.6429e-05	0.066677	supercritical
890.97	103.00	43.273	0.023109	627.09	865.11	6.2785	0.81434	1.0836	570.83	-0.021613	4.6536e-05	0.066858	supercritical
894.20	103.00	43.118	0.023192	629.74	868.61	6.2824	0.81490	1.0841	571.77	-0.021914	4.6643e-05	0.067039	supercritical
897.43	103.00	42.965	0.023275	632.39	872.12	6.2863	0.81546	1.0846	572.71	-0.022212	4.6749e-05	0.067220	supercritical
900.67	103.00	42.812	0.023358	635.04	875.63	6.2902	0.81602	1.0851	573.65	-0.022507	4.6856e-05	0.067401	supercritical
903.90	103.00	42.661	0.023441	637.70	879.14	6.2941	0.81657	1.0856	574.59	-0.022799	4.6962e-05	0.067582	supercritical
907.13	103.00	42.510	0.023524	640.35	882.65	6.2980	0.81712	1.0860	575.52	-0.023089	4.7069e-05	0.067763	supercritical
910.37	103.00	42.361	0.023607	643.01	886.16	6.3019	0.81767	1.0865	576.45	-0.023376	4.7175e-05	0.067943	supercritical
913.60	103.00	42.212	0.023690	645.67	889.67	6.3057	0.81821	1.0870	577.38	-0.023661	4.7281e-05	0.068123	supercritical
916.83	103.00	42.065	0.023773	648.33	893.19	6.3096	0.81875	1.0874	578.31	-0.023943	4.7387e-05	0.068304	supercritical
920.07	103.00	41.919	0.023856	650.99	896.71	6.3134	0.81929	1.0879	579.24	-0.024222	4.7492e-05	0.068484	supercritical
923.30	103.00	41.774	0.023938	653.66	900.22	6.3172	0.81983	1.0884	580.17	-0.024499	4.7598e-05	0.068663	supercritical
926.53	103.00	41.630	0.024021	656.32	903.74	6.3210	0.82036	1.0888	581.09	-0.024773	4.7703e-05	0.068843	supercritical
929.77	103.00	41.487	0.024104	658.99	907.27	6.3248	0.82088	1.0893	582.02	-0.025045	4.7808e-05	0.069023	supercritical
933.00	103.00	41.344	0.024187	661.66	910.79	6.3286	0.82141	1.0897	582.94	-0.025314	4.7913e-05	0.069202	supercritical
936.23	103.00	41.203	0.024270	664.33	914.31	6.3324	0.82193	1.0902	583.86	-0.025582	4.8018e-05	0.069382	supercritical
939.47	103.00	41.063	0.024353	667.00	917.84	6.3361	0.82245	1.0906	584.78	-0.025846	4.8123e-05	0.069561	supercritical
942.70	103.00	40.924	0.024436	669.68	921.36	6.3399	0.82296	1.0911	585.70	-0.026109	4.8228e-05	0.069740	supercritical
945.93	103.00	40.786	0.024518	672.35	924.89	6.3436	0.82348	1.0915	586.61	-0.026369	4.8332e-05	0.069919	supercritical
949.17	103.00	40.648	0.024601	675.03	928.42	6.3473	0.82399	1.0920	587.52	-0.026626	4.8437e-05	0.070098	supercritical
952.40	103.00	40.512	0.024684	677.71	931.95	6.3511	0.82449	1.0924	588.44	-0.026882	4.8541e-05	0.070277	supercritical
955.63	103.00	40.377	0.024767	680.39	935.49	6.3548	0.82499	1.0928	589.35	-0.027135	4.8645e-05	0.070455	supercritical
958.87	103.00	40.242	0.024850	683.07	939.02	6.3585	0.82550	1.0933	590.26	-0.027386	4.8749e-05	0.070634	supercritical
962.10	103.00	40.108	0.024932	685.75	942.56	6.3621	0.82599	1.0937	591.17	-0.027635	4.8853e-05	0.070812	supercritical
965.33	103.00	39.976	0.025015	688.44	946.09	6.3658	0.82649	1.0941	592.07	-0.027882	4.8956e-05	0.070990	supercritical
968.57	103.00	39.844	0.025098	691.12	949.63	6.3695	0.82698	1.0946	592.98	-0.028127	4.9060e-05	0.071168	supercritical
971.80	103.00	39.713	0.025181	693.81	953.17	6.3731	0.82747	1.0950	593.88	-0.028369	4.9163e-05	0.071346	supercritical
975.03	103.00	39.583	0.025263	696.50	956.71	6.3767	0.82795	1.0954	594.78	-0.028610	4.9267e-05	0.071524	supercritical
978.27	103.00	39.454	0.025346	699.19	960.26	6.3804	0.82844	1.0959	595.68	-0.028848	4.9370e-05	0.071702	supercritical
981.50	103.00	39.325	0.025429	701.88	963.80	6.3840	0.82892	1.0963	596.58	-0.029084	4.9473e-05	0.071880	supercritical
984.73	103.00	39.198	0.025512	704.58	967.35	6.3876	0.82940	1.0967	597.48	-0.029319	4.9575e-05	0.072057	supercritical
987.97	103.00	39.071	0.025594	707.27	970.89	6.3912	0.82987	1.0971	598.38	-0.029551	4.9678e-05	0.072234	supercritical
991.20	103.00	38.945	0.025677	709.97	974.44	6.3948	0.83034	1.0975	599.27	-0.029782	4.9781e-05	0.072412	supercritical
994.43	103.00	38.820	0.025760	712.66	977.99	6.3984	0.83081	1.0979	600.17	-0.030010	4.9883e-05	0.072589	supercritical
997.67	103.00	38.696	0.025842	715.36	981.54	6.4019	0.83128	1.0983	601.06	-0.030237	4.9985e-05	0.072766	supercritical
1000.9	103.00	38.573	0.025925	718.06	985.09	6.4055	0.83175	1.0988	601.95	-0.030462	5.0088e-05	0.072943	supercritical
1004.1	103.00	38.450	0.026008	720.77	988.65	6.4090	0.83221	1.0992	602.84	-0.030685	5.0190e-05	0.073119	supercritical
1007.4	103.00	38.328	0.026090	723.47	992.20	6.4126	0.83267	1.0996	603.73	-0.030906	5.0292e-05	0.073296	supercritical
1010.6	103.00	38.207	0.026173	726.17	995.76	6.4161	0.83312	1.1000	604.61	-0.031125	5.0393e-05	0.073473	supercritical
1013.8	103.00	38.087	0.026256	728.88	999.31	6.4196	0.83358	1.1004	605.50	-0.031342	5.0495e-05	0.073649	supercritical
1017.1	103.00	37.967	0.026338	731.59	1002.9	6.4231	0.83403	1.1008	606.38	-0.031558	5.0597e-05	0.073825	supercritical
1020.3	103.00	37.849	0.026421	734.30	1006.4	6.4266	0.83448	1.1012	607.27	-0.031772	5.0698e-05	0.074001	supercritical
1023.5	103.00	37.731	0.026504	737.01	1010.0	6.4301	0.83493	1.1016	608.15	-0.031984	5.0799e-05	0.074178	supercritical
1026.8	103.00	37.614	0.026586	739.72	1013.6	6.4336	0.83537	1.1020	609.03	-0.032194	5.0900e-05	0.074353	supercritical
1030.0	103.00	37.497	0.026669	742.43	1017.1	6.4370	0.83581	1.1024	609.91	-0.032403	5.1001e-05	0.074529	supercritical
1033.2	103.00	37.381	0.026751	745.14	1020.7	6.4405	0.83625	1.1027	610.78	-0.032610	5.1102e-05	0.074705	supercritical
1036.5	103.00	37.266	0.026834	747.86	1024.2	6.4439	0.83669	1.1031	611.66	-0.032816	5.1203e-05	0.074881	supercritical
1039.7	103.00	37.152	0.026917	750.58	1027.8	6.4474	0.83712	1.1035	612.53	-0.033019	5.1304e-05	0.075056	supercritical
1042.9	103.00	37.038	0.026999	753.30	1031.4	6.4508	0.83756	1.1039	613.41	-0.033222	5.1404e-05	0.075231	supercritical
1046.2	103.00	36.925	0.027082	756.01	1035.0	6.4542	0.83799	1.1043	614.28	-0.033422	5.1505e-05	0.075407	supercritical
1049.4	103.00	36.813	0.027164	758.74	1038.5	6.4576	0.83841	1.1047	615.15	-0.033621	5.1605e-05	0.075582	supercritical
1052.6	103.00	36.702	0.027247	761.46	1042.1	6.4610	0.83884	1.1050	616.02	-0.033818	5.1705e-05	0.075757	supercritical
1055.9	103.00	36.591	0.027329	764.18	1045.7	6.4644	0.83926	1.1054	616.89	-0.034014	5.1805e-05	0.075932	supercritical
1059.1	103.00	36.481	0.027412	766.91	1049.2	6.4678	0.83968	1.1058	617.75	-0.034208	5.1905e-05	0.076107	supercritical
1062.3	103.00	36.371	0.027494	769.63	1052.8	6.4711	0.84010	1.1062	618.62	-0.034401	5.2005e-05	0.076281	supercritical
1065.6	103.00	36.262	0.027577	772.36	1056.4	6.4745	0.84052	1.1065	619.48	-0.034592	5.2105e-05	0.076456	supercritical
1068.8	103.00	36.154	0.027659	775.09	1060.0	6.4779	0.84093	1.1069	620.35	-0.034782	5.2204e-05	0.076630	supercritical
1072.0	103.00	36.047	0.027742	777.82	1063.6	6.4812	0.84135	1.1073	621.21	-0.034970	5.2304e-05	0.076805	supercritical
1075.3	103.00	35.940	0.027824	780.55	1067.1	6.4845	0.84176	1.1076	622.07	-0.035157	5.2403e-05	0.076979	supercritical
1078.5	103.00	35.833	0.027907	783.28	1070.7	6.4879	0.84216	1.1080	622.93	-0.035342	5.2503e-05	0.077153	supercritical
1081.7	103.00	35.728	0.027989	786.01	1074.3	6.4912	0.84257	1.1084	623.78	-0.035526	5.2602e-05	0.077327	supercritical
1085.0	103.00	35.623	0.028072	788.75	1077.9	6.4945	0.84298	1.1087	624.64	-0.035709	5.2701e-05	0.077501	supercritical
1088.2	103.00	35.518	0.028154	791.48	1081.5	6.4978	0.84338	1.1091	625.50	-0.035890	5.2800e-05	0.077675	supercritical
1091.4	103.00	35.415	0.028237	794.22	1085.1	6.5011	0.84378	1.1095	626.35	-0.036070	5.2898e-05	0.077849	supercritical
1094.7	103.00	35.312	0.028319	796.96	1088.6	6.5044	0.84417	1.1098	627.20	-0.036248	5.2997e-05	0.078022	supercritical
1097.9	103.00	35.209	0.028402	799.70	1092.2	6.5076	0.84457	1.1102	628.06	-0.036425	5.3096e-05	0.078196	supercritical
1101.1	103.00	35.107	0.028484	802.44	1095.8	6.5109	0.84496	1.1105	628.91	-0.036601	5.3194e-05	0.078369	supercritical
1104.4	103.00	35.006	0.028567	805.18	1099.4	6.5142	0.84536	1.1109	629.75	-0.036775	5.3292e-05	0.078543	supercritical
1107.6	103.00	34.905	0.028649	807.93	1103.0	6.5174	0.84575	1.1112	630.60	-0.036948	5.3391e-05	0.078716	supercritical
1110.8	103.00	34.805	0.028731	810.67	1106.6	6.5207	0.84614	1.1116	631.45	-0.037120	5.3489e-05	0.078889	supercritical
1114.1	103.00	34.705	0.028814	813.42	1110.2	6.5239	0.84652	1.1119	632.30	-0.037290	5.3587e-05	0.079062	supercritical
1117.3	103.00	34.606	0.028896	816.16	1113.8	6.5271	0.84691	1.1123	633.14	-0.037459	5.3685e-05	0.079235	supercritical
1120.5	103.00	34.508	0.028979	818.91	1117.4	6.5303	0.84729	1.1126	633.98	-0.037627	5.3783e-05	0.079408	supercritical
1123.8	103.00	34.410	0.029061	821.66	1121.0	6.5335	0.84767	1.1130	634.83	-0.037794	5.3880e-05	0.079580	supercritical
1127.0	103.00	34.313	0.029144	824.41	1124.6	6.5367	0.84805	1.1133	635.67	-0.037959	5.3978e-05	0.079753	supercritical
1130.2	103.00	34.216	0.029226	827.16	1128.2	6.5399	0.84842	1.1136	636.51	-0.038123	5.4075e-05	0.079926	supercritical
1133.5	103.00	34.120	0.029308	829.92	1131.8	6.5431	0.84880	1.1140	637.34	-0.038286	5.4173e-05	0.080098	supercritical
1136.7	103.00	34.024	0.029391	832.67	1135.4	6.5463	0.84917	1.1143	638.18	-0.038448	5.4270e-05	0.080270	supercritical
1139.9	103.00	33.929	0.029473	835.42	1139.0	6.5494	0.84955	1.1147	639.02	-0.038609	5.4367e-05	0.080442	supercritical
1143.2	103.00	33.835	0.029555	838.18	1142.6	6.5526	0.84992	1.1150	639.85	-0.038768	5.4464e-05	0.080615	supercritical
1146.4	103.00	33.741	0.029638	840.94	1146.2	6.5557	0.85028	1.1153	640.69	-0.038926	5.4561e-05	0.080787	supercritical
1149.6	103.00	33.647	0.029720	843.70	1149.8	6.5589	0.85065	1.1157	641.52	-0.039084	5.4658e-05	0.080958	supercritical
1152.9	103.00	33.554	0.029803	846.46	1153.4	6.5620	0.85102	1.1160	642.35	-0.039240	5.4755e-05	0.081130	supercritical
1156.1	103.00	33.462	0.029885	849.22	1157.0	6.5651	0.85138	1.1163	643.18	-0.039394	5.4851e-05	0.081302	supercritical
1159.3	103.00	33.370	0.029967	851.98	1160.6	6.5683	0.85174	1.1166	644.01	-0.039548	5.4948e-05	0.081474	supercritical
1162.6	103.00	33.278	0.030050	854.74	1164.3	6.5714	0.85210	1.1170	644.84	-0.039701	5.5044e-05	0.081645	supercritical
1165.8	103.00	33.187	0.030132	857.50	1167.9	6.5745	0.85246	1.1173	645.67	-0.039852	5.5141e-05	0.081817	supercritical
1169.0	103.00	33.097	0.030214	860.27	1171.5	6.5776	0.85282	1.1176	646.49	-0.040003	5.5237e-05	0.081988	supercritical
1172.3	103.00	33.007	0.030297	863.04	1175.1	6.5807	0.85317	1.1179	647.32	-0.040152	5.5333e-05	0.082159	supercritical
1175.5	103.00	32.918	0.030379	865.80	1178.7	6.5837	0.85353	1.1183	648.14	-0.040300	5.5429e-05	0.082330	supercritical
1178.7	103.00	32.829	0.030461	868.57	1182.3	6.5868	0.85388	1.1186	648.97	-0.040447	5.5525e-05	0.082501	supercritical
1182.0	103.00	32.740	0.030544	871.34	1185.9	6.5899	0.85423	1.1189	649.79	-0.040594	5.5621e-05	0.082672	supercritical
1185.2	103.00	32.652	0.030626	874.11	1189.6	6.5929	0.85458	1.1192	650.61	-0.040739	5.5717e-05	0.082843	supercritical
1188.4	103.00	32.565	0.030708	876.88	1193.2	6.5960	0.85493	1.1195	651.43	-0.040883	5.5813e-05	0.083014	supercritical
1191.7	103.00	32.478	0.030791	879.66	1196.8	6.5990	0.85527	1.1198	652.25	-0.041026	5.5908e-05	0.083185	supercritical
1194.9	103.00	32.391	0.030873	882.43	1200.4	6.6021	0.85562	1.1202	653.06	-0.041168	5.6004e-05	0.083355	supercritical
1198.1	103.00	32.305	0.030955	885.20	1204.0	6.6051	0.85596	1.1205	653.88	-0.041309	5.6099e-05	0.083526	supercritical
1201.4	103.00	32.219	0.031037	887.98	1207.7	6.6081	0.85630	1.1208	654.69	-0.041449	5.6194e-05	0.083696	supercritical
1204.6	103.00	32.134	0.031120	890.76	1211.3	6.6111	0.85664	1.1211	655.51	-0.041588	5.6289e-05	0.083866	supercritical
1207.8	103.00	32.049	0.031202	893.53	1214.9	6.6141	0.85698	1.1214	656.32	-0.041727	5.6385e-05	0.084037	supercritical
1211.1	103.00	31.965	0.031284	896.31	1218.5	6.6171	0.85732	1.1217	657.13	-0.041864	5.6480e-05	0.084207	supercritical
1214.3	103.00	31.881	0.031366	899.09	1222.2	6.6201	0.85766	1.1220	657.94	-0.042000	5.6574e-05	0.084377	supercritical
1217.5	103.00	31.798	0.031449	901.88	1225.8	6.6231	0.85799	1.1223	658.75	-0.042135	5.6669e-05	0.084547	supercritical
1220.8	103.00	31.715	0.031531	904.66	1229.4	6.6261	0.85832	1.1226	659.56	-0.042270	5.6764e-05	0.084717	supercritical
1224.0	103.00	31.632	0.031613	907.44	1233.1	6.6290	0.85866	1.1229	660.37	-0.042403	5.6859e-05	0.084886	supercritical
1227.2	103.00	31.550	0.031695	910.22	1236.7	6.6320	0.85899	1.1232	661.18	-0.042536	5.6953e-05	0.085056	supercritical
1230.5	103.00	31.469	0.031778	913.01	1240.3	6.6350	0.85932	1.1235	661.98	-0.042667	5.7048e-05	0.085226	supercritical
1233.7	103.00	31.387	0.031860	915.80	1244.0	6.6379	0.85965	1.1238	662.79	-0.042798	5.7142e-05	0.085395	supercritical
1236.9	103.00	31.307	0.031942	918.58	1247.6	6.6409	0.85997	1.1241	663.59	-0.042928	5.7236e-05	0.085565	supercritical
1240.2	103.00	31.226	0.032024	921.37	1251.2	6.6438	0.86030	1.1244	664.39	-0.043057	5.7330e-05	0.085734	supercritical
1243.4	103.00	31.146	0.032107	924.16	1254.9	6.6467	0.86062	1.1247	665.19	-0.043185	5.7425e-05	0.085903	supercritical
1246.6	103.00	31.067	0.032189	926.95	1258.5	6.6496	0.86095	1.1250	665.99	-0.043312	5.7519e-05	0.086072	supercritical
1249.9	103.00	30.987	0.032271	929.74	1262.1	6.6526	0.86127	1.1253	666.79	-0.043438	5.7612e-05	0.086241	supercritical
1253.1	103.00	30.909	0.032353	932.53	1265.8	6.6555	0.86159	1.1256	667.59	-0.043564	5.7706e-05	0.086410	supercritical
1256.3	103.00	30.830	0.032436	935.33	1269.4	6.6584	0.86191	1.1259	668.39	-0.043688	5.7800e-05	0.086579	supercritical
1259.6	103.00	30.752	0.032518	938.12	1273.1	6.6613	0.86223	1.1262	669.19	-0.043812	5.7894e-05	0.086748	supercritical
1262.8	103.00	30.675	0.032600	940.92	1276.7	6.6641	0.86255	1.1265	669.98	-0.043935	5.7987e-05	0.086917	supercritical
1266.0	103.00	30.598	0.032682	943.71	1280.3	6.6670	0.86286	1.1268	670.78	-0.044057	5.8081e-05	0.087086	supercritical
1269.3	103.00	30.521	0.032764	946.51	1284.0	6.6699	0.86318	1.1271	671.57	-0.044179	5.8174e-05	0.087254	supercritical
1272.5	103.00	30.445	0.032847	949.31	1287.6	6.6728	0.86349	1.1274	672.36	-0.044299	5.8268e-05	0.087423	supercritical
1275.7	103.00	30.369	0.032929	952.11	1291.3	6.6756	0.86381	1.1277	673.15	-0.044419	5.8361e-05	0.087591	supercritical
1279.0	103.00	30.293	0.033011	954.91	1294.9	6.6785	0.86412	1.1280	673.94	-0.044538	5.8454e-05	0.087759	supercritical
1282.2	103.00	30.218	0.033093	957.71	1298.6	6.6813	0.86443	1.1282	674.73	-0.044656	5.8547e-05	0.087928	supercritical
1285.4	103.00	30.143	0.033175	960.51	1302.2	6.6842	0.86474	1.1285	675.52	-0.044773	5.8640e-05	0.088096	supercritical
1288.7	103.00	30.068	0.033257	963.31	1305.9	6.6870	0.86505	1.1288	676.31	-0.044890	5.8733e-05	0.088264	supercritical
1291.9	103.00	29.994	0.033340	966.12	1309.5	6.6898	0.86536	1.1291	677.10	-0.045006	5.8826e-05	0.088432	supercritical
1295.1	103.00	29.921	0.033422	968.92	1313.2	6.6927	0.86566	1.1294	677.88	-0.045121	5.8918e-05	0.088600	supercritical
1298.4	103.00	29.847	0.033504	971.73	1316.8	6.6955	0.86597	1.1297	678.67	-0.045235	5.9011e-05	0.088768	supercritical
1301.6	103.00	29.774	0.033586	974.54	1320.5	6.6983	0.86627	1.1300	679.45	-0.045348	5.9104e-05	0.088935	supercritical
1304.8	103.00	29.702	0.033668	977.34	1324.1	6.7011	0.86658	1.1302	680.23	-0.045461	5.9196e-05	0.089103	supercritical
1308.1	103.00	29.629	0.033750	980.15	1327.8	6.7039	0.86688	1.1305	681.01	-0.045573	5.9288e-05	0.089271	supercritical
1311.3	103.00	29.557	0.033833	982.96	1331.4	6.7067	0.86718	1.1308	681.79	-0.045685	5.9381e-05	0.089438	supercritical
1314.5	103.00	29.486	0.033915	985.77	1335.1	6.7095	0.86748	1.1311	682.57	-0.045795	5.9473e-05	0.089606	supercritical
1317.8	103.00	29.414	0.033997	988.58	1338.8	6.7122	0.86778	1.1314	683.35	-0.045905	5.9565e-05	0.089773	supercritical
1321.0	103.00	29.344	0.034079	991.40	1342.4	6.7150	0.86808	1.1316	684.13	-0.046014	5.9657e-05	0.089940	supercritical
1324.2	103.00	29.273	0.034161	994.21	1346.1	6.7178	0.86838	1.1319	684.91	-0.046123	5.9749e-05	0.090108	supercritical
1327.5	103.00	29.203	0.034243	997.02	1349.7	6.7205	0.86868	1.1322	685.68	-0.046230	5.9841e-05	0.090275	supercritical
1330.7	103.00	29.133	0.034325	999.84	1353.4	6.7233	0.86897	1.1325	686.46	-0.046337	5.9933e-05	0.090442	supercritical
1333.9	103.00	29.063	0.034408	1002.7	1357.1	6.7260	0.86927	1.1327	687.23	-0.046444	6.0025e-05	0.090609	supercritical
1337.2	103.00	28.994	0.034490	1005.5	1360.7	6.7288	0.86956	1.1330	688.01	-0.046549	6.0117e-05	0.090776	supercritical
1340.4	103.00	28.925	0.034572	1008.3	1364.4	6.7315	0.86986	1.1333	688.78	-0.046654	6.0208e-05	0.090943	supercritical
1343.6	103.00	28.857	0.034654	1011.1	1368.0	6.7343	0.87015	1.1335	689.55	-0.046759	6.0300e-05	0.091109	supercritical
1346.9	103.00	28.789	0.034736	1013.9	1371.7	6.7370	0.87044	1.1338	690.32	-0.046862	6.0391e-05	0.091276	supercritical
1350.1	103.00	28.721	0.034818	1016.7	1375.4	6.7397	0.87073	1.1341	691.09	-0.046965	6.0483e-05	0.091443	supercritical
1353.3	103.00	28.653	0.034900	1019.6	1379.0	6.7424	0.87102	1.1344	691.86	-0.047068	6.0574e-05	0.091609	supercritical
1356.6	103.00	28.586	0.034982	1022.4	1382.7	6.7451	0.87131	1.1346	692.62	-0.047169	6.0665e-05	0.091776	supercritical
1359.8	103.00	28.519	0.035064	1025.2	1386.4	6.7478	0.87160	1.1349	693.39	-0.047270	6.0756e-05	0.091942	supercritical
1363.0	103.00	28.452	0.035147	1028.0	1390.1	6.7505	0.87189	1.1352	694.16	-0.047371	6.0847e-05	0.092108	supercritical
1366.3	103.00	28.386	0.035229	1030.9	1393.7	6.7532	0.87218	1.1354	694.92	-0.047471	6.0938e-05	0.092275	supercritical
1369.5	103.00	28.320	0.035311	1033.7	1397.4	6.7559	0.87246	1.1357	695.69	-0.047570	6.1029e-05	0.092441	supercritical
1372.7	103.00	28.254	0.035393	1036.5	1401.1	6.7586	0.87275	1.1360	696.45	-0.047668	6.1120e-05	0.092607	supercritical
1376.0	103.00	28.189	0.035475	1039.3	1404.7	6.7612	0.87303	1.1362	697.21	-0.047766	6.1211e-05	0.092773	supercritical
1379.2	103.00	28.124	0.035557	1042.2	1408.4	6.7639	0.87332	1.1365	697.97	-0.047863	6.1302e-05	0.092939	supercritical
1382.4	103.00	28.059	0.035639	1045.0	1412.1	6.7666	0.87360	1.1368	698.73	-0.047960	6.1392e-05	0.093105	supercritical
1385.7	103.00	27.995	0.035721	1047.8	1415.8	6.7692	0.87388	1.1370	699.49	-0.048056	6.1483e-05	0.093270	supercritical
1388.9	103.00	27.930	0.035803	1050.7	1419.4	6.7719	0.87417	1.1373	700.25	-0.048152	6.1574e-05	0.093436	supercritical
1392.1	103.00	27.867	0.035885	1053.5	1423.1	6.7745	0.87445	1.1376	701.01	-0.048246	6.1664e-05	0.093602	supercritical
1395.4	103.00	27.803	0.035967	1056.3	1426.8	6.7772	0.87473	1.1378	701.76	-0.048341	6.1754e-05	0.093767	supercritical
1398.6	103.00	27.740	0.036049	1059.2	1430.5	6.7798	0.87501	1.1381	702.52	-0.048434	6.1845e-05	0.093933	supercritical
1401.8	103.00	27.677	0.036132	1062.0	1434.2	6.7824	0.87529	1.1383	703.28	-0.048527	6.1935e-05	0.094098	supercritical
1405.1	103.00	27.614	0.036214	1064.8	1437.8	6.7850	0.87556	1.1386	704.03	-0.048620	6.2025e-05	0.094264	supercritical
1408.3	103.00	27.552	0.036296	1067.7	1441.5	6.7877	0.87584	1.1389	704.78	-0.048712	6.2115e-05	0.094429	supercritical
1411.5	103.00	27.489	0.036378	1070.5	1445.2	6.7903	0.87612	1.1391	705.54	-0.048803	6.2205e-05	0.094594	supercritical
1414.8	103.00	27.427	0.036460	1073.4	1448.9	6.7929	0.87640	1.1394	706.29	-0.048894	6.2295e-05	0.094760	supercritical
1418.0	103.00	27.366	0.036542	1076.2	1452.6	6.7955	0.87667	1.1396	707.04	-0.048984	6.2385e-05	0.094925	supercritical
1421.2	103.00	27.305	0.036624	1079.0	1456.3	6.7981	0.87695	1.1399	707.79	-0.049074	6.2475e-05	0.095090	supercritical
1424.5	103.00	27.244	0.036706	1081.9	1459.9	6.8007	0.87722	1.1402	708.54	-0.049163	6.2564e-05	0.095255	supercritical
1427.7	103.00	27.183	0.036788	1084.7	1463.6	6.8033	0.87750	1.1404	709.28	-0.049252	6.2654e-05	0.095420	supercritical
1430.9	103.00	27.122	0.036870	1087.6	1467.3	6.8058	0.87777	1.1407	710.03	-0.049340	6.2744e-05	0.095584	supercritical
1434.2	103.00	27.062	0.036952	1090.4	1471.0	6.8084	0.87804	1.1409	710.78	-0.049427	6.2833e-05	0.095749	supercritical
1437.4	103.00	27.002	0.037034	1093.2	1474.7	6.8110	0.87831	1.1412	711.52	-0.049514	6.2923e-05	0.095914	supercritical
1440.6	103.00	26.942	0.037116	1096.1	1478.4	6.8135	0.87859	1.1414	712.27	-0.049601	6.3012e-05	0.096078	supercritical
1443.9	103.00	26.883	0.037198	1098.9	1482.1	6.8161	0.87886	1.1417	713.01	-0.049687	6.3102e-05	0.096243	supercritical
1447.1	103.00	26.824	0.037280	1101.8	1485.8	6.8187	0.87913	1.1419	713.76	-0.049772	6.3191e-05	0.096408	supercritical
1450.3	103.00	26.765	0.037362	1104.6	1489.5	6.8212	0.87940	1.1422	714.50	-0.049857	6.3280e-05	0.096572	supercritical
1453.6	103.00	26.706	0.037444	1107.5	1493.2	6.8238	0.87967	1.1425	715.24	-0.049941	6.3369e-05	0.096736	supercritical
1456.8	103.00	26.648	0.037526	1110.3	1496.8	6.8263	0.87993	1.1427	715.98	-0.050025	6.3458e-05	0.096901	supercritical
1460.0	103.00	26.590	0.037608	1113.2	1500.5	6.8288	0.88020	1.1430	716.72	-0.050108	6.3547e-05	0.097065	supercritical
1463.3	103.00	26.532	0.037690	1116.0	1504.2	6.8314	0.88047	1.1432	717.46	-0.050191	6.3636e-05	0.097229	supercritical
1466.5	103.00	26.474	0.037772	1118.9	1507.9	6.8339	0.88074	1.1435	718.20	-0.050273	6.3725e-05	0.097393	supercritical
1469.7	103.00	26.417	0.037854	1121.7	1511.6	6.8364	0.88100	1.1437	718.93	-0.050355	6.3814e-05	0.097557	supercritical
1473.0	103.00	26.360	0.037936	1124.6	1515.3	6.8389	0.88127	1.1440	719.67	-0.050436	6.3903e-05	0.097721	supercritical
1476.2	103.00	26.303	0.038018	1127.4	1519.0	6.8414	0.88154	1.1442	720.41	-0.050517	6.3991e-05	0.097885	supercritical
1479.4	103.00	26.247	0.038100	1130.3	1522.7	6.8439	0.88180	1.1445	721.14	-0.050598	6.4080e-05	0.098049	supercritical
1482.7	103.00	26.190	0.038182	1133.2	1526.4	6.8464	0.88207	1.1447	721.87	-0.050677	6.4169e-05	0.098213	supercritical
1485.9	103.00	26.134	0.038264	1136.0	1530.1	6.8489	0.88233	1.1450	722.61	-0.050757	6.4257e-05	0.098376	supercritical
1489.1	103.00	26.078	0.038346	1138.9	1533.8	6.8514	0.88259	1.1452	723.34	-0.050836	6.4345e-05	0.098540	supercritical
1492.4	103.00	26.022	0.038428	1141.7	1537.5	6.8539	0.88286	1.1455	724.07	-0.050914	6.4434e-05	0.098704	supercritical
1495.6	103.00	25.967	0.038510	1144.6	1541.2	6.8564	0.88312	1.1457	724.80	-0.050992	6.4522e-05	0.098867	supercritical
1498.8	103.00	25.912	0.038592	1147.4	1544.9	6.8588	0.88338	1.1460	725.53	-0.051070	6.4610e-05	0.099031	supercritical
1502.1	103.00	25.857	0.038674	1150.3	1548.7	6.8613	0.88364	1.1462	726.26	-0.051147	6.4699e-05	0.099194	supercritical
1505.3	103.00	25.802	0.038756	1153.2	1552.4	6.8638	0.88390	1.1465	726.99	-0.051223	6.4787e-05	0.099358	supercritical
1508.5	103.00	25.748	0.038838	1156.0	1556.1	6.8662	0.88417	1.1467	727.72	-0.051299	6.4875e-05	0.099521	supercritical
1511.8	103.00	25.694	0.038920	1158.9	1559.8	6.8687	0.88443	1.1470	728.44	-0.051375	6.4963e-05	0.099684	supercritical
1515.0	103.00	25.640	0.039002	1161.8	1563.5	6.8711	0.88469	1.1472	729.17	-0.051450	6.5051e-05	0.099847	supercritical
1518.2	103.00	25.586	0.039084	1164.6	1567.2	6.8736	0.88494	1.1474	729.89	-0.051525	6.5139e-05	0.10001	supercritical
1521.5	103.00	25.532	0.039166	1167.5	1570.9	6.8760	0.88520	1.1477	730.62	-0.051599	6.5227e-05	0.10017	supercritical
1524.7	103.00	25.479	0.039248	1170.4	1574.6	6.8785	0.88546	1.1479	731.34	-0.051673	6.5314e-05	0.10034	supercritical
1527.9	103.00	25.426	0.039330	1173.2	1578.3	6.8809	0.88572	1.1482	732.06	-0.051746	6.5402e-05	0.10050	supercritical
1531.2	103.00	25.373	0.039412	1176.1	1582.0	6.8833	0.88598	1.1484	732.79	-0.051819	6.5490e-05	0.10066	supercritical
1534.4	103.00	25.320	0.039494	1179.0	1585.8	6.8857	0.88624	1.1487	733.51	-0.051892	6.5577e-05	0.10083	supercritical
1537.6	103.00	25.268	0.039576	1181.8	1589.5	6.8882	0.88649	1.1489	734.23	-0.051964	6.5665e-05	0.10099	supercritical
1540.9	103.00	25.216	0.039658	1184.7	1593.2	6.8906	0.88675	1.1492	734.95	-0.052036	6.5752e-05	0.10115	supercritical
1544.1	103.00	25.164	0.039740	1187.6	1596.9	6.8930	0.88701	1.1494	735.67	-0.052107	6.5840e-05	0.10131	supercritical
1547.3	103.00	25.112	0.039822	1190.5	1600.6	6.8954	0.88726	1.1496	736.38	-0.052178	6.5927e-05	0.10148	supercritical
1550.6	103.00	25.060	0.039904	1193.3	1604.3	6.8978	0.88752	1.1499	737.10	-0.052248	6.6014e-05	0.10164	supercritical
1553.8	103.00	25.009	0.039986	1196.2	1608.1	6.9002	0.88777	1.1501	737.82	-0.052319	6.6102e-05	0.10180	supercritical
1557.0	103.00	24.958	0.040068	1199.1	1611.8	6.9026	0.88803	1.1504	738.53	-0.052388	6.6189e-05	0.10196	supercritical
1560.3	103.00	24.907	0.040150	1202.0	1615.5	6.9050	0.88828	1.1506	739.25	-0.052457	6.6276e-05	0.10213	supercritical
1563.5	103.00	24.856	0.040232	1204.8	1619.2	6.9074	0.88854	1.1509	739.96	-0.052526	6.6363e-05	0.10229	supercritical
1566.7	103.00	24.806	0.040314	1207.7	1622.9	6.9097	0.88879	1.1511	740.68	-0.052595	6.6450e-05	0.10245	supercritical
1570.0	103.00	24.755	0.040396	1210.6	1626.7	6.9121	0.88904	1.1513	741.39	-0.052663	6.6537e-05	0.10261	supercritical
1573.2	103.00	24.705	0.040478	1213.5	1630.4	6.9145	0.88930	1.1516	742.10	-0.052730	6.6624e-05	0.10277	supercritical
1576.4	103.00	24.655	0.040559	1216.3	1634.1	6.9168	0.88955	1.1518	742.81	-0.052797	6.6711e-05	0.10294	supercritical
1579.7	103.00	24.605	0.040641	1219.2	1637.8	6.9192	0.88980	1.1521	743.52	-0.052864	6.6798e-05	0.10310	supercritical
1582.9	103.00	24.556	0.040723	1222.1	1641.6	6.9216	0.89005	1.1523	744.23	-0.052931	6.6884e-05	0.10326	supercritical
1586.1	103.00	24.507	0.040805	1225.0	1645.3	6.9239	0.89031	1.1525	744.94	-0.052997	6.6971e-05	0.10342	supercritical
1589.4	103.00	24.458	0.040887	1227.9	1649.0	6.9263	0.89056	1.1528	745.65	-0.053062	6.7058e-05	0.10358	supercritical
1592.6	103.00	24.409	0.040969	1230.8	1652.7	6.9286	0.89081	1.1530	746.36	-0.053128	6.7144e-05	0.10375	supercritical
1595.8	103.00	24.360	0.041051	1233.6	1656.5	6.9309	0.89106	1.1533	747.07	-0.053193	6.7231e-05	0.10391	supercritical
1599.1	103.00	24.311	0.041133	1236.5	1660.2	6.9333	0.89131	1.1535	747.77	-0.053257	6.7317e-05	0.10407	supercritical
1602.3	103.00	24.263	0.041215	1239.4	1663.9	6.9356	0.89156	1.1537	748.48	-0.053321	6.7404e-05	0.10423	supercritical
1605.5	103.00	24.215	0.041297	1242.3	1667.7	6.9379	0.89181	1.1540	749.18	-0.053385	6.7490e-05	0.10439	supercritical
1608.8	103.00	24.167	0.041379	1245.2	1671.4	6.9402	0.89206	1.1542	749.89	-0.053448	6.7576e-05	0.10455	supercritical
1612.0	103.00	24.119	0.041461	1248.1	1675.1	6.9426	0.89231	1.1545	750.59	-0.053512	6.7663e-05	0.10472	supercritical
1615.2	103.00	24.072	0.041543	1251.0	1678.9	6.9449	0.89256	1.1547	751.29	-0.053574	6.7749e-05	0.10488	supercritical
1618.5	103.00	24.024	0.041625	1253.9	1682.6	6.9472	0.89281	1.1549	751.99	-0.053637	6.7835e-05	0.10504	supercritical
1621.7	103.00	23.977	0.041706	1256.7	1686.3	6.9495	0.89305	1.1552	752.69	-0.053699	6.7921e-05	0.10520	supercritical
1624.9	103.00	23.930	0.041788	1259.6	1690.1	6.9518	0.89330	1.1554	753.39	-0.053760	6.8007e-05	0.10536	supercritical
1628.2	103.00	23.883	0.041870	1262.5	1693.8	6.9541	0.89355	1.1556	754.09	-0.053821	6.8093e-05	0.10552	supercritical
1631.4	103.00	23.837	0.041952	1265.4	1697.5	6.9564	0.89380	1.1559	754.79	-0.053882	6.8179e-05	0.10568	supercritical
1634.6	103.00	23.790	0.042034	1268.3	1701.3	6.9587	0.89404	1.1561	755.49	-0.053943	6.8265e-05	0.10584	supercritical
1637.9	103.00	23.744	0.042116	1271.2	1705.0	6.9610	0.89429	1.1563	756.19	-0.054003	6.8351e-05	0.10601	supercritical
1641.1	103.00	23.698	0.042198	1274.1	1708.7	6.9632	0.89454	1.1566	756.88	-0.054063	6.8437e-05	0.10617	supercritical
1644.3	103.00	23.652	0.042280	1277.0	1712.5	6.9655	0.89479	1.1568	757.58	-0.054122	6.8523e-05	0.10633	supercritical
1647.6	103.00	23.606	0.042362	1279.9	1716.2	6.9678	0.89503	1.1571	758.28	-0.054182	6.8608e-05	0.10649	supercritical
1650.8	103.00	23.561	0.042444	1282.8	1720.0	6.9701	0.89528	1.1573	758.97	-0.054240	6.8694e-05	0.10665	supercritical
1654.0	103.00	23.515	0.042526	1285.7	1723.7	6.9723	0.89552	1.1575	759.66	-0.054299	6.8780e-05	0.10681	supercritical
1657.3	103.00	23.470	0.042607	1288.6	1727.5	6.9746	0.89577	1.1578	760.36	-0.054357	6.8865e-05	0.10697	supercritical
1660.5	103.00	23.425	0.042689	1291.5	1731.2	6.9768	0.89601	1.1580	761.05	-0.054415	6.8951e-05	0.10713	supercritical
1663.7	103.00	23.380	0.042771	1294.4	1734.9	6.9791	0.89626	1.1582	761.74	-0.054472	6.9036e-05	0.10729	supercritical
1667.0	103.00	23.336	0.042853	1297.3	1738.7	6.9813	0.89650	1.1585	762.43	-0.054530	6.9122e-05	0.10745	supercritical
1670.2	103.00	23.291	0.042935	1300.2	1742.4	6.9836	0.89675	1.1587	763.12	-0.054586	6.9207e-05	0.10761	supercritical
1673.4	103.00	23.247	0.043017	1303.1	1746.2	6.9858	0.89699	1.1589	763.81	-0.054643	6.9292e-05	0.10777	supercritical
1676.7	103.00	23.202	0.043099	1306.0	1749.9	6.9881	0.89724	1.1592	764.50	-0.054699	6.9377e-05	0.10793	supercritical
1679.9	103.00	23.158	0.043181	1308.9	1753.7	6.9903	0.89748	1.1594	765.19	-0.054755	6.9463e-05	0.10809	supercritical
1683.1	103.00	23.115	0.043263	1311.8	1757.4	6.9925	0.89772	1.1596	765.88	-0.054811	6.9548e-05	0.10825	supercritical
1686.4	103.00	23.071	0.043344	1314.7	1761.2	6.9948	0.89797	1.1599	766.56	-0.054866	6.9633e-05	0.10841	supercritical
1689.6	103.00	23.027	0.043426	1317.6	1764.9	6.9970	0.89821	1.1601	767.25	-0.054921	6.9718e-05	0.10858	supercritical
1692.8	103.00	22.984	0.043508	1320.5	1768.7	6.9992	0.89845	1.1603	767.94	-0.054975	6.9803e-05	0.10874	supercritical
1696.1	103.00	22.941	0.043590	1323.4	1772.4	7.0014	0.89870	1.1606	768.62	-0.055030	6.9888e-05	0.10890	supercritical
1699.3	103.00	22.898	0.043672	1326.4	1776.2	7.0036	0.89894	1.1608	769.30	-0.055084	6.9973e-05	0.10906	supercritical
1702.5	103.00	22.855	0.043754	1329.3	1779.9	7.0058	0.89918	1.1610	769.99	-0.055138	7.0058e-05	0.10922	supercritical
1705.8	103.00	22.812	0.043836	1332.2	1783.7	7.0080	0.89942	1.1613	770.67	-0.055191	7.0143e-05	0.10938	supercritical
1709.0	103.00	22.770	0.043918	1335.1	1787.4	7.0102	0.89967	1.1615	771.35	-0.055244	7.0227e-05	0.10954	supercritical
1712.2	103.00	22.728	0.044000	1338.0	1791.2	7.0124	0.89991	1.1617	772.03	-0.055297	7.0312e-05	0.10970	supercritical
1715.5	103.00	22.685	0.044081	1340.9	1795.0	7.0146	0.90015	1.1620	772.72	-0.055349	7.0397e-05	0.10986	supercritical
1718.7	103.00	22.643	0.044163	1343.8	1798.7	7.0168	0.90039	1.1622	773.40	-0.055402	7.0482e-05	0.11001	supercritical
1721.9	103.00	22.601	0.044245	1346.7	1802.5	7.0190	0.90063	1.1624	774.08	-0.055453	7.0566e-05	0.11017	supercritical
1725.2	103.00	22.560	0.044327	1349.7	1806.2	7.0212	0.90087	1.1627	774.75	-0.055505	7.0651e-05	0.11033	supercritical
1728.4	103.00	22.518	0.044409	1352.6	1810.0	7.0233	0.90111	1.1629	775.43	-0.055556	7.0735e-05	0.11049	supercritical
1731.6	103.00	22.477	0.044491	1355.5	1813.8	7.0255	0.90135	1.1631	776.11	-0.055607	7.0820e-05	0.11065	supercritical
1734.9	103.00	22.435	0.044573	1358.4	1817.5	7.0277	0.90160	1.1634	776.79	-0.055658	7.0904e-05	0.11081	supercritical
1738.1	103.00	22.394	0.044654	1361.3	1821.3	7.0299	0.90184	1.1636	777.46	-0.055709	7.0989e-05	0.11097	supercritical
1741.3	103.00	22.353	0.044736	1364.3	1825.0	7.0320	0.90208	1.1638	778.14	-0.055759	7.1073e-05	0.11113	supercritical
1744.6	103.00	22.312	0.044818	1367.2	1828.8	7.0342	0.90232	1.1641	778.81	-0.055809	7.1157e-05	0.11129	supercritical
1747.8	103.00	22.272	0.044900	1370.1	1832.6	7.0363	0.90256	1.1643	779.49	-0.055858	7.1241e-05	0.11145	supercritical
1751.0	103.00	22.231	0.044982	1373.0	1836.3	7.0385	0.90279	1.1645	780.16	-0.055908	7.1326e-05	0.11161	supercritical
1754.3	103.00	22.191	0.045064	1375.9	1840.1	7.0406	0.90303	1.1648	780.83	-0.055957	7.1410e-05	0.11177	supercritical
1757.5	103.00	22.151	0.045146	1378.9	1843.9	7.0428	0.90327	1.1650	781.51	-0.056006	7.1494e-05	0.11193	supercritical
1760.7	103.00	22.110	0.045227	1381.8	1847.6	7.0449	0.90351	1.1652	782.18	-0.056054	7.1578e-05	0.11209	supercritical
1764.0	103.00	22.070	0.045309	1384.7	1851.4	7.0471	0.90375	1.1654	782.85	-0.056102	7.1662e-05	0.11225	supercritical
1767.2	103.00	22.031	0.045391	1387.6	1855.2	7.0492	0.90399	1.1657	783.52	-0.056150	7.1746e-05	0.11241	supercritical
1770.4	103.00	21.991	0.045473	1390.6	1858.9	7.0513	0.90423	1.1659	784.19	-0.056198	7.1830e-05	0.11257	supercritical
1773.7	103.00	21.952	0.045555	1393.5	1862.7	7.0535	0.90447	1.1661	784.86	-0.056246	7.1914e-05	0.11272	supercritical
1776.9	103.00	21.912	0.045637	1396.4	1866.5	7.0556	0.90470	1.1664	785.53	-0.056293	7.1998e-05	0.11288	supercritical
1780.1	103.00	21.873	0.045719	1399.3	1870.2	7.0577	0.90494	1.1666	786.19	-0.056340	7.2082e-05	0.11304	supercritical
1783.4	103.00	21.834	0.045800	1402.3	1874.0	7.0598	0.90518	1.1668	786.86	-0.056386	7.2165e-05	0.11320	supercritical
1786.6	103.00	21.795	0.045882	1405.2	1877.8	7.0619	0.90542	1.1671	787.53	-0.056433	7.2249e-05	0.11336	supercritical
1789.8	103.00	21.756	0.045964	1408.1	1881.6	7.0640	0.90566	1.1673	788.19	-0.056479	7.2333e-05	0.11352	supercritical
1793.1	103.00	21.717	0.046046	1411.1	1885.3	7.0661	0.90589	1.1675	788.86	-0.056525	7.2417e-05	0.11368	supercritical
1796.3	103.00	21.679	0.046128	1414.0	1889.1	7.0682	0.90613	1.1677	789.52	-0.056571	7.2500e-05	0.11384	supercritical
1799.5	103.00	21.640	0.046210	1416.9	1892.9	7.0703	0.90637	1.1680	790.19	-0.056616	7.2584e-05	0.11400	supercritical
1802.8	103.00	21.602	0.046291	1419.9	1896.7	7.0724	0.90660	1.1682	790.85	-0.056661	7.2667e-05	0.11415	supercritical
1806.0	103.00	21.564	0.046373	1422.8	1900.4	7.0745	0.90684	1.1684	791.51	-0.056706	7.2751e-05	0.11431	supercritical
1809.2	103.00	21.526	0.046455	1425.7	1904.2	7.0766	0.90708	1.1687	792.18	-0.056751	7.2834e-05	0.11447	supercritical
1812.5	103.00	21.488	0.046537	1428.7	1908.0	7.0787	0.90731	1.1689	792.84	-0.056795	7.2918e-05	0.11463	supercritical
1815.7	103.00	21.451	0.046619	1431.6	1911.8	7.0808	0.90755	1.1691	793.50	-0.056839	7.3001e-05	0.11479	supercritical
1818.9	103.00	21.413	0.046701	1434.5	1915.6	7.0829	0.90779	1.1694	794.16	-0.056883	7.3084e-05	0.11495	supercritical
1822.2	103.00	21.376	0.046783	1437.5	1919.3	7.0850	0.90802	1.1696	794.82	-0.056927	7.3168e-05	0.11510	supercritical
1825.4	103.00	21.338	0.046864	1440.4	1923.1	7.0870	0.90826	1.1698	795.48	-0.056970	7.3251e-05	0.11526	supercritical
1828.6	103.00	21.301	0.046946	1443.4	1926.9	7.0891	0.90849	1.1700	796.14	-0.057013	7.3334e-05	0.11542	supercritical
1831.9	103.00	21.264	0.047028	1446.3	1930.7	7.0912	0.90873	1.1703	796.79	-0.057056	7.3417e-05	0.11558	supercritical
1835.1	103.00	21.227	0.047110	1449.2	1934.5	7.0932	0.90897	1.1705	797.45	-0.057099	7.3500e-05	0.11574	supercritical
1838.3	103.00	21.190	0.047192	1452.2	1938.3	7.0953	0.90920	1.1707	798.11	-0.057141	7.3584e-05	0.11590	supercritical
1841.6	103.00	21.154	0.047273	1455.1	1942.0	7.0973	0.90944	1.1709	798.76	-0.057184	7.3667e-05	0.11605	supercritical
1844.8	103.00	21.117	0.047355	1458.1	1945.8	7.0994	0.90967	1.1712	799.42	-0.057226	7.3750e-05	0.11621	supercritical
1848.0	103.00	21.081	0.047437	1461.0	1949.6	7.1015	0.90991	1.1714	800.07	-0.057267	7.3833e-05	0.11637	supercritical
1851.3	103.00	21.044	0.047519	1464.0	1953.4	7.1035	0.91014	1.1716	800.73	-0.057309	7.3916e-05	0.11653	supercritical
1854.5	103.00	21.008	0.047601	1466.9	1957.2	7.1055	0.91038	1.1719	801.38	-0.057350	7.3999e-05	0.11669	supercritical
1857.7	103.00	20.972	0.047683	1469.9	1961.0	7.1076	0.91061	1.1721	802.04	-0.057391	7.4081e-05	0.11684	supercritical
1861.0	103.00	20.936	0.047764	1472.8	1964.8	7.1096	0.91085	1.1723	802.69	-0.057432	7.4164e-05	0.11700	supercritical
1864.2	103.00	20.900	0.047846	1475.8	1968.6	7.1117	0.91108	1.1725	803.34	-0.057473	7.4247e-05	0.11716	supercritical
1867.4	103.00	20.865	0.047928	1478.7	1972.4	7.1137	0.91131	1.1728	803.99	-0.057513	7.4330e-05	0.11732	supercritical
1870.7	103.00	20.829	0.048010	1481.7	1976.2	7.1157	0.91155	1.1730	804.64	-0.057553	7.4412e-05	0.11748	supercritical
1873.9	103.00	20.794	0.048092	1484.6	1979.9	7.1177	0.91178	1.1732	805.29	-0.057593	7.4495e-05	0.11763	supercritical
1877.1	103.00	20.758	0.048173	1487.6	1983.7	7.1198	0.91202	1.1735	805.94	-0.057633	7.4578e-05	0.11779	supercritical
1880.4	103.00	20.723	0.048255	1490.5	1987.5	7.1218	0.91225	1.1737	806.59	-0.057673	7.4660e-05	0.11795	supercritical
1883.6	103.00	20.688	0.048337	1493.5	1991.3	7.1238	0.91248	1.1739	807.24	-0.057712	7.4743e-05	0.11811	supercritical
1886.8	103.00	20.653	0.048419	1496.4	1995.1	7.1258	0.91272	1.1741	807.89	-0.057751	7.4826e-05	0.11826	supercritical
1890.1	103.00	20.618	0.048501	1499.4	1998.9	7.1278	0.91295	1.1744	808.53	-0.057790	7.4908e-05	0.11842	supercritical
1893.3	103.00	20.584	0.048583	1502.3	2002.7	7.1298	0.91318	1.1746	809.18	-0.057829	7.4990e-05	0.11858	supercritical
1896.5	103.00	20.549	0.048664	1505.3	2006.5	7.1318	0.91342	1.1748	809.83	-0.057867	7.5073e-05	0.11874	supercritical
1899.8	103.00	20.514	0.048746	1508.2	2010.3	7.1338	0.91365	1.1750	810.47	-0.057905	7.5155e-05	0.11889	supercritical
1903.0	103.00	20.480	0.048828	1511.2	2014.1	7.1358	0.91388	1.1753	811.12	-0.057943	7.5238e-05	0.11905	supercritical
1906.2	103.00	20.446	0.048910	1514.1	2017.9	7.1378	0.91411	1.1755	811.76	-0.057981	7.5320e-05	0.11921	supercritical
1909.5	103.00	20.412	0.048992	1517.1	2021.7	7.1398	0.91435	1.1757	812.41	-0.058019	7.5402e-05	0.11937	supercritical
1912.7	103.00	20.378	0.049073	1520.1	2025.5	7.1418	0.91458	1.1759	813.05	-0.058056	7.5485e-05	0.11952	supercritical
1915.9	103.00	20.344	0.049155	1523.0	2029.3	7.1438	0.91481	1.1762	813.69	-0.058093	7.5567e-05	0.11968	supercritical
1919.2	103.00	20.310	0.049237	1526.0	2033.1	7.1458	0.91504	1.1764	814.33	-0.058130	7.5649e-05	0.11984	supercritical
1922.4	103.00	20.276	0.049319	1528.9	2036.9	7.1478	0.91527	1.1766	814.97	-0.058167	7.5731e-05	0.11999	supercritical
1925.6	103.00	20.243	0.049401	1531.9	2040.7	7.1497	0.91551	1.1768	815.62	-0.058204	7.5813e-05	0.12015	supercritical
1928.9	103.00	20.209	0.049482	1534.9	2044.5	7.1517	0.91574	1.1771	816.26	-0.058240	7.5895e-05	0.12031	supercritical
1932.1	103.00	20.176	0.049564	1537.8	2048.3	7.1537	0.91597	1.1773	816.90	-0.058277	7.5977e-05	0.12047	supercritical
1935.3	103.00	20.143	0.049646	1540.8	2052.2	7.1557	0.91620	1.1775	817.54	-0.058313	7.6059e-05	0.12062	supercritical
1938.6	103.00	20.109	0.049728	1543.8	2056.0	7.1576	0.91643	1.1778	818.17	-0.058348	7.6141e-05	0.12078	supercritical
1941.8	103.00	20.076	0.049810	1546.7	2059.8	7.1596	0.91666	1.1780	818.81	-0.058384	7.6223e-05	0.12094	supercritical
1945.0	103.00	20.044	0.049891	1549.7	2063.6	7.1616	0.91690	1.1782	819.45	-0.058419	7.6305e-05	0.12109	supercritical
1948.3	103.00	20.011	0.049973	1552.7	2067.4	7.1635	0.91713	1.1784	820.09	-0.058455	7.6387e-05	0.12125	supercritical
1951.5	103.00	19.978	0.050055	1555.6	2071.2	7.1655	0.91736	1.1787	820.72	-0.058490	7.6469e-05	0.12141	supercritical
1954.7	103.00	19.945	0.050137	1558.6	2075.0	7.1674	0.91759	1.1789	821.36	-0.058525	7.6551e-05	0.12156	supercritical
1958.0	103.00	19.913	0.050219	1561.6	2078.8	7.1694	0.91782	1.1791	821.99	-0.058559	7.6632e-05	0.12172	supercritical
1961.2	103.00	19.881	0.050300	1564.5	2082.6	7.1713	0.91805	1.1793	822.63	-0.058594	7.6714e-05	0.12188	supercritical
1964.4	103.00	19.848	0.050382	1567.5	2086.4	7.1733	0.91828	1.1796	823.26	-0.058628	7.6796e-05	0.12203	supercritical
1967.7	103.00	19.816	0.050464	1570.5	2090.3	7.1752	0.91851	1.1798	823.90	-0.058662	7.6878e-05	0.12219	supercritical
1970.9	103.00	19.784	0.050546	1573.5	2094.1	7.1771	0.91874	1.1800	824.53	-0.058696	7.6959e-05	0.12235	supercritical
1974.1	103.00	19.752	0.050627	1576.4	2097.9	7.1791	0.91897	1.1802	825.16	-0.058730	7.7041e-05	0.12250	supercritical
1977.4	103.00	19.720	0.050709	1579.4	2101.7	7.1810	0.91920	1.1804	825.79	-0.058763	7.7122e-05	0.12266	supercritical
1980.6	103.00	19.689	0.050791	1582.4	2105.5	7.1829	0.91943	1.1807	826.43	-0.058797	7.7204e-05	0.12282	supercritical
1983.8	103.00	19.657	0.050873	1585.4	2109.3	7.1849	0.91966	1.1809	827.06	-0.058830	7.7285e-05	0.12297	supercritical
1987.1	103.00	19.625	0.050955	1588.3	2113.2	7.1868	0.91989	1.1811	827.69	-0.058863	7.7367e-05	0.12313	supercritical
1990.3	103.00	19.594	0.051036	1591.3	2117.0	7.1887	0.92012	1.1813	828.32	-0.058896	7.7448e-05	0.12329	supercritical
1993.5	103.00	19.563	0.051118	1594.3	2120.8	7.1906	0.92035	1.1816	828.95	-0.058929	7.7530e-05	0.12344	supercritical
1996.8	103.00	19.531	0.051200	1597.3	2124.6	7.1925	0.92058	1.1818	829.58	-0.058961	7.7611e-05	0.12360	supercritical
2000.0	103.00	19.500	0.051282	1600.2	2128.4	7.1944	0.92081	1.1820	830.20	-0.058993	7.7692e-05	0.12376	supercritical
