Temperature (K)	Pressure (bar)	Density (kg/m3)	Volume (m3/kg)	Internal Energy (kJ/kg)	Enthalpy (kJ/kg)	Entropy (J/g*K)	Cv (J/g*K)	Cp (J/g*K)	Sound Spd. (m/s)	Joule-Thomson (K/bar)	Viscosity (Pa*s)	Therm. Cond. (W/m*K)	Phase
60.000	95.000	1293.1	0.00077331	-185.64	-178.29	2.2324	1.0922	1.6538	1153.2	-0.037599	0.00062287	0.19776	liquid
63.233	95.000	1279.4	0.00078162	-180.36	-172.94	2.3194	1.0685	1.6592	1138.2	-0.037142	0.00053492	0.19347	liquid
66.467	95.000	1265.5	0.00079021	-175.07	-167.57	2.4022	1.0501	1.6609	1118.5	-0.036797	0.00046424	0.18917	liquid
69.700	95.000	1251.5	0.00079904	-169.79	-162.20	2.4811	1.0338	1.6604	1096.5	-0.036501	0.00040700	0.18488	liquid
72.933	95.000	1237.4	0.00080812	-164.51	-156.83	2.5563	1.0186	1.6587	1073.4	-0.036205	0.00036022	0.18059	liquid
76.167	95.000	1223.3	0.00081745	-159.24	-151.47	2.6282	1.0041	1.6570	1049.8	-0.035873	0.00032160	0.17631	liquid
79.400	95.000	1209.1	0.00082706	-153.97	-146.12	2.6971	0.99014	1.6557	1026.0	-0.035482	0.00028938	0.17202	liquid
82.633	95.000	1194.8	0.00083697	-148.72	-140.76	2.7632	0.97664	1.6552	1002.3	-0.035013	0.00026222	0.16772	liquid
85.867	95.000	1180.3	0.00084722	-143.46	-135.41	2.8267	0.96364	1.6559	978.50	-0.034452	0.00023909	0.16342	liquid
89.100	95.000	1165.7	0.00085783	-138.20	-130.05	2.8879	0.95114	1.6579	954.76	-0.033788	0.00021919	0.15910	liquid
92.333	95.000	1151.0	0.00086883	-132.94	-124.69	2.9471	0.93916	1.6612	931.01	-0.033010	0.00020188	0.15478	liquid
95.567	95.000	1136.0	0.00088028	-127.67	-119.31	3.0044	0.92767	1.6660	907.23	-0.032106	0.00018670	0.15044	liquid
98.800	95.000	1120.8	0.00089222	-122.39	-113.91	3.0599	0.91668	1.6723	883.39	-0.031063	0.00017326	0.14610	liquid
102.03	95.000	1105.3	0.00090470	-117.09	-108.49	3.1139	0.90617	1.6803	859.45	-0.029866	0.00016124	0.14174	liquid
105.27	95.000	1089.6	0.00091778	-111.76	-103.05	3.1664	0.89614	1.6900	835.37	-0.028499	0.00015041	0.13738	liquid
108.50	95.000	1073.5	0.00093152	-106.41	-97.563	3.2177	0.88656	1.7016	811.13	-0.026941	0.00014058	0.13301	liquid
111.73	95.000	1057.1	0.00094600	-101.03	-92.040	3.2679	0.87745	1.7152	786.68	-0.025165	0.00013159	0.12865	liquid
114.97	95.000	1040.2	0.00096132	-95.602	-86.469	3.3170	0.86878	1.7311	761.99	-0.023143	0.00012331	0.12430	liquid
118.20	95.000	1022.9	0.00097758	-90.130	-80.843	3.3653	0.86057	1.7496	737.02	-0.020836	0.00011565	0.11994	liquid
121.43	95.000	1005.1	0.00099490	-84.604	-75.153	3.4128	0.85283	1.7710	711.73	-0.018198	0.00010851	0.11560	liquid
124.67	95.000	986.73	0.0010135	-79.015	-69.387	3.4597	0.84557	1.7959	686.06	-0.015171	0.00010182	0.11126	liquid
127.90	95.000	967.67	0.0010334	-73.352	-63.535	3.5060	0.83882	1.8249	659.98	-0.011685	9.5540e-05	0.10693	liquid
131.13	95.000	947.86	0.0010550	-67.603	-57.581	3.5520	0.83262	1.8588	633.42	-0.0076459	8.9609e-05	0.10263	liquid
134.37	95.000	927.18	0.0010785	-61.754	-51.508	3.5977	0.82701	1.8987	606.32	-0.0029374	8.3987e-05	0.098340	liquid
137.60	95.000	905.49	0.0011044	-55.786	-45.295	3.6434	0.82206	1.9460	578.62	0.0025947	7.8640e-05	0.094077	liquid
140.83	95.000	882.61	0.0011330	-49.677	-38.914	3.6892	0.81787	2.0028	550.23	0.0091545	7.3535e-05	0.089842	liquid
144.07	95.000	858.32	0.0011651	-43.398	-32.330	3.7355	0.81456	2.0719	521.09	0.017017	6.8641e-05	0.085635	liquid
147.30	95.000	832.32	0.0012015	-36.912	-25.498	3.7823	0.81228	2.1570	491.10	0.026558	6.3931e-05	0.081459	liquid
150.53	95.000	804.21	0.0012435	-30.171	-18.358	3.8303	0.81127	2.2639	460.23	0.038302	5.9374e-05	0.077312	liquid
153.77	95.000	773.47	0.0012929	-23.108	-10.826	3.8798	0.81177	2.4008	428.48	0.052985	5.4938e-05	0.073189	liquid
157.00	95.000	739.40	0.0013524	-15.636	-2.7879	3.9315	0.81404	2.5795	396.00	0.071650	5.0587e-05	0.069080	supercritical
160.23	95.000	701.04	0.0014265	-7.6343	5.9170	3.9864	0.81824	2.8162	363.19	0.095744	4.6282e-05	0.064969	supercritical
163.47	95.000	657.22	0.0015216	1.0485	15.503	4.0456	0.82412	3.1262	330.86	0.12709	4.1986e-05	0.060828	supercritical
166.70	95.000	606.94	0.0016476	10.550	26.202	4.1104	0.83076	3.4972	300.63	0.16725	3.7698e-05	0.056617	supercritical
169.93	95.000	550.71	0.0018158	20.836	38.087	4.1810	0.83596	3.8349	275.03	0.21589	3.3523e-05	0.052291	supercritical
173.17	95.000	492.41	0.0020308	31.464	50.757	4.2549	0.83623	3.9476	256.74	0.26812	2.9738e-05	0.047890	supercritical
176.40	95.000	438.79	0.0022790	41.583	63.234	4.3263	0.82938	3.7195	246.60	0.31442	2.6684e-05	0.043694	supercritical
179.63	95.000	394.48	0.0025350	50.530	74.612	4.3902	0.81746	3.3083	242.72	0.34820	2.4476e-05	0.040122	supercritical
182.87	95.000	359.51	0.0027816	58.220	84.645	4.4456	0.80386	2.9080	242.43	0.36985	2.2959e-05	0.037332	supercritical
186.10	95.000	331.88	0.0030132	64.875	93.500	4.4936	0.79053	2.5824	244.00	0.38243	2.1923e-05	0.035221	supercritical
189.33	95.000	309.61	0.0032299	70.739	101.42	4.5358	0.77825	2.3292	246.50	0.38871	2.1208e-05	0.033625	supercritical
192.57	95.000	291.26	0.0034334	76.006	108.62	4.5735	0.76723	2.1325	249.47	0.39069	2.0710e-05	0.032409	supercritical
195.80	95.000	275.82	0.0036256	80.815	115.26	4.6077	0.75744	1.9775	252.67	0.38970	2.0363e-05	0.031473	supercritical
199.03	95.000	262.59	0.0038082	85.267	121.44	4.6390	0.74878	1.8535	255.98	0.38668	2.0124e-05	0.030748	supercritical
202.27	95.000	251.09	0.0039826	89.434	127.27	4.6680	0.74114	1.7525	259.32	0.38226	1.9964e-05	0.030184	supercritical
205.50	95.000	240.96	0.0041500	93.371	132.80	4.6952	0.73438	1.6691	262.64	0.37687	1.9864e-05	0.029744	supercritical
208.73	95.000	231.94	0.0043114	97.119	138.08	4.7206	0.72839	1.5992	265.92	0.37084	1.9809e-05	0.029403	supercritical
211.97	95.000	223.84	0.0044676	100.71	143.15	4.7448	0.72308	1.5399	269.16	0.36438	1.9790e-05	0.029141	supercritical
215.20	95.000	216.49	0.0046191	104.16	148.04	4.7677	0.71836	1.4890	272.34	0.35764	1.9800e-05	0.028944	supercritical
218.43	95.000	209.80	0.0047665	107.50	152.79	4.7896	0.71415	1.4450	275.46	0.35076	1.9833e-05	0.028799	supercritical
221.67	95.000	203.65	0.0049104	110.75	157.39	4.8105	0.71039	1.4067	278.52	0.34380	1.9884e-05	0.028698	supercritical
224.90	95.000	197.98	0.0050510	113.90	161.89	4.8306	0.70702	1.3729	281.52	0.33683	1.9950e-05	0.028634	supercritical
228.13	95.000	192.73	0.0051887	116.98	166.28	4.8500	0.70399	1.3430	284.46	0.32990	2.0030e-05	0.028602	supercritical
231.37	95.000	187.84	0.0053237	120.00	170.58	4.8687	0.70127	1.3164	287.34	0.32304	2.0120e-05	0.028596	supercritical
234.60	95.000	183.27	0.0054564	122.96	174.79	4.8868	0.69883	1.2925	290.16	0.31628	2.0218e-05	0.028612	supercritical
237.83	95.000	178.99	0.0055869	125.86	178.94	4.9044	0.69662	1.2711	292.94	0.30962	2.0325e-05	0.028649	supercritical
241.07	95.000	174.97	0.0057154	128.72	183.01	4.9214	0.69463	1.2517	295.66	0.30309	2.0438e-05	0.028703	supercritical
244.30	95.000	171.17	0.0058420	131.53	187.03	4.9379	0.69283	1.2341	298.33	0.29668	2.0557e-05	0.028771	supercritical
247.53	95.000	167.59	0.0059670	134.31	191.00	4.9541	0.69121	1.2180	300.96	0.29041	2.0680e-05	0.028853	supercritical
250.77	95.000	164.19	0.0060904	137.05	194.91	4.9698	0.68975	1.2034	303.54	0.28428	2.0807e-05	0.028947	supercritical
254.00	95.000	160.97	0.0062123	139.76	198.78	4.9851	0.68843	1.1899	306.08	0.27829	2.0938e-05	0.029050	supercritical
257.23	95.000	157.91	0.0063329	142.44	202.61	5.0001	0.68724	1.1776	308.58	0.27243	2.1072e-05	0.029163	supercritical
260.47	95.000	154.99	0.0064522	145.10	206.40	5.0147	0.68617	1.1662	311.03	0.26671	2.1209e-05	0.029285	supercritical
263.70	95.000	152.20	0.0065703	147.73	210.15	5.0290	0.68521	1.1557	313.45	0.26113	2.1348e-05	0.029413	supercritical
266.93	95.000	149.54	0.0066873	150.34	213.87	5.0431	0.68435	1.1459	315.84	0.25568	2.1489e-05	0.029548	supercritical
270.17	95.000	146.99	0.0068033	152.93	217.56	5.0568	0.68358	1.1369	318.18	0.25037	2.1632e-05	0.029689	supercritical
273.40	95.000	144.54	0.0069183	155.50	221.22	5.0703	0.68290	1.1285	320.50	0.24517	2.1776e-05	0.029835	supercritical
276.63	95.000	142.20	0.0070324	158.05	224.86	5.0835	0.68230	1.1207	322.78	0.24011	2.1921e-05	0.029986	supercritical
279.87	95.000	139.95	0.0071456	160.59	228.47	5.0965	0.68178	1.1134	325.03	0.23516	2.2068e-05	0.030141	supercritical
283.10	95.000	137.78	0.0072580	163.11	232.06	5.1092	0.68133	1.1066	327.25	0.23033	2.2216e-05	0.030301	supercritical
286.33	95.000	135.69	0.0073697	165.61	235.63	5.1218	0.68094	1.1002	329.44	0.22562	2.2364e-05	0.030463	supercritical
289.57	95.000	133.68	0.0074805	168.11	239.17	5.1341	0.68061	1.0942	331.61	0.22102	2.2513e-05	0.030629	supercritical
292.80	95.000	131.74	0.0075907	170.59	242.70	5.1462	0.68035	1.0887	333.75	0.21652	2.2663e-05	0.030798	supercritical
296.03	95.000	129.87	0.0077003	173.06	246.21	5.1581	0.68013	1.0834	335.86	0.21213	2.2814e-05	0.030969	supercritical
299.27	95.000	128.05	0.0078092	175.52	249.71	5.1699	0.67997	1.0785	337.94	0.20784	2.2964e-05	0.031142	supercritical
302.50	95.000	126.30	0.0079174	177.97	253.19	5.1814	0.67986	1.0739	340.00	0.20365	2.3115e-05	0.031317	supercritical
305.73	95.000	124.61	0.0080252	180.41	256.65	5.1928	0.67980	1.0696	342.04	0.19955	2.3267e-05	0.031492	supercritical
308.97	95.000	122.97	0.0081323	182.85	260.10	5.2041	0.67978	1.0655	344.06	0.19554	2.3418e-05	0.031661	supercritical
312.20	95.000	121.37	0.0082390	185.27	263.54	5.2151	0.67981	1.0617	346.05	0.19163	2.3570e-05	0.031845	supercritical
315.43	95.000	119.83	0.0083451	187.69	266.97	5.2260	0.67987	1.0581	348.02	0.18780	2.3722e-05	0.032035	supercritical
318.67	95.000	118.33	0.0084508	190.10	270.39	5.2368	0.67998	1.0547	349.97	0.18406	2.3873e-05	0.032227	supercritical
321.90	95.000	116.88	0.0085560	192.51	273.79	5.2475	0.68012	1.0515	351.90	0.18039	2.4025e-05	0.032419	supercritical
325.13	95.000	115.46	0.0086608	194.91	277.19	5.2579	0.68029	1.0485	353.81	0.17681	2.4177e-05	0.032613	supercritical
328.37	95.000	114.09	0.0087652	197.30	280.57	5.2683	0.68051	1.0457	355.70	0.17330	2.4329e-05	0.032808	supercritical
331.60	95.000	112.75	0.0088691	199.69	283.95	5.2785	0.68075	1.0430	357.57	0.16987	2.4481e-05	0.033004	supercritical
334.83	95.000	111.45	0.0089727	202.08	287.32	5.2886	0.68103	1.0405	359.43	0.16651	2.4632e-05	0.033200	supercritical
338.07	95.000	110.18	0.0090759	204.46	290.68	5.2986	0.68133	1.0381	361.26	0.16322	2.4784e-05	0.033397	supercritical
341.30	95.000	108.95	0.0091787	206.83	294.03	5.3085	0.68167	1.0359	363.08	0.15999	2.4935e-05	0.033596	supercritical
344.53	95.000	107.74	0.0092812	209.20	297.38	5.3183	0.68203	1.0338	364.88	0.15684	2.5086e-05	0.033794	supercritical
347.77	95.000	106.57	0.0093834	211.57	300.72	5.3279	0.68242	1.0319	366.67	0.15375	2.5237e-05	0.033994	supercritical
351.00	95.000	105.43	0.0094852	213.94	304.05	5.3375	0.68284	1.0300	368.44	0.15072	2.5388e-05	0.034194	supercritical
354.23	95.000	104.31	0.0095867	216.30	307.38	5.3469	0.68328	1.0283	370.19	0.14775	2.5538e-05	0.034394	supercritical
357.47	95.000	103.22	0.0096879	218.66	310.70	5.3562	0.68375	1.0267	371.93	0.14484	2.5688e-05	0.034595	supercritical
360.70	95.000	102.16	0.0097889	221.02	314.02	5.3655	0.68423	1.0251	373.66	0.14199	2.5838e-05	0.034796	supercritical
363.93	95.000	101.12	0.0098895	223.38	317.33	5.3746	0.68475	1.0237	375.37	0.13919	2.5988e-05	0.034998	supercritical
367.17	95.000	100.10	0.0099899	225.73	320.64	5.3837	0.68528	1.0224	377.06	0.13645	2.6138e-05	0.035200	supercritical
370.40	95.000	99.108	0.010090	228.08	323.94	5.3926	0.68583	1.0211	378.75	0.13377	2.6287e-05	0.035402	supercritical
373.63	95.000	98.136	0.010190	230.43	327.24	5.4015	0.68641	1.0200	380.41	0.13113	2.6436e-05	0.035605	supercritical
376.87	95.000	97.186	0.010290	232.78	330.54	5.4103	0.68700	1.0189	382.07	0.12855	2.6584e-05	0.035808	supercritical
380.10	95.000	96.256	0.010389	235.13	333.83	5.4190	0.68761	1.0179	383.71	0.12601	2.6732e-05	0.036011	supercritical
383.33	95.000	95.346	0.010488	237.48	337.12	5.4276	0.68824	1.0170	385.34	0.12352	2.6880e-05	0.036215	supercritical
386.57	95.000	94.455	0.010587	239.83	340.40	5.4361	0.68889	1.0161	386.96	0.12108	2.7028e-05	0.036419	supercritical
389.80	95.000	93.582	0.010686	242.17	343.69	5.4446	0.68956	1.0153	388.57	0.11868	2.7175e-05	0.036622	supercritical
393.03	95.000	92.727	0.010784	244.52	346.97	5.4530	0.69024	1.0146	390.16	0.11633	2.7322e-05	0.036826	supercritical
396.27	95.000	91.889	0.010883	246.86	350.25	5.4613	0.69093	1.0139	391.75	0.11402	2.7469e-05	0.037031	supercritical
399.50	95.000	91.068	0.010981	249.21	353.53	5.4695	0.69164	1.0133	393.32	0.11176	2.7615e-05	0.037235	supercritical
402.73	95.000	90.263	0.011079	251.55	356.80	5.4777	0.69237	1.0127	394.88	0.10953	2.7761e-05	0.037439	supercritical
405.97	95.000	89.473	0.011177	253.90	360.08	5.4858	0.69310	1.0122	396.43	0.10735	2.7907e-05	0.037643	supercritical
409.20	95.000	88.699	0.011274	256.24	363.35	5.4938	0.69386	1.0118	397.97	0.10520	2.8052e-05	0.037848	supercritical
412.43	95.000	87.939	0.011372	258.59	366.62	5.5018	0.69462	1.0114	399.50	0.10309	2.8197e-05	0.038052	supercritical
415.67	95.000	87.193	0.011469	260.94	369.89	5.5097	0.69539	1.0110	401.02	0.10102	2.8342e-05	0.038257	supercritical
418.90	95.000	86.462	0.011566	263.28	373.16	5.5175	0.69618	1.0107	402.53	0.098989	2.8486e-05	0.038462	supercritical
422.13	95.000	85.743	0.011663	265.63	376.42	5.5253	0.69698	1.0104	404.03	0.096991	2.8630e-05	0.038666	supercritical
425.37	95.000	85.038	0.011759	267.98	379.69	5.5330	0.69779	1.0102	405.52	0.095028	2.8774e-05	0.038871	supercritical
428.60	95.000	84.345	0.011856	270.32	382.96	5.5406	0.69861	1.0100	407.00	0.093100	2.8917e-05	0.039075	supercritical
431.83	95.000	83.664	0.011953	272.67	386.22	5.5482	0.69944	1.0099	408.48	0.091204	2.9060e-05	0.039280	supercritical
435.07	95.000	82.995	0.012049	275.02	389.49	5.5557	0.70027	1.0098	409.94	0.089341	2.9202e-05	0.039484	supercritical
438.30	95.000	82.338	0.012145	277.37	392.75	5.5632	0.70112	1.0097	411.39	0.087511	2.9345e-05	0.039689	supercritical
441.53	95.000	81.692	0.012241	279.73	396.02	5.5706	0.70198	1.0096	412.84	0.085711	2.9486e-05	0.039893	supercritical
444.77	95.000	81.057	0.012337	282.08	399.28	5.5780	0.70284	1.0096	414.28	0.083941	2.9628e-05	0.040098	supercritical
448.00	95.000	80.432	0.012433	284.43	402.55	5.5853	0.70371	1.0097	415.71	0.082202	2.9769e-05	0.040302	supercritical
451.23	95.000	79.818	0.012528	286.79	405.81	5.5926	0.70458	1.0097	417.13	0.080491	2.9910e-05	0.040506	supercritical
454.47	95.000	79.214	0.012624	289.15	409.08	5.5998	0.70547	1.0098	418.54	0.078809	3.0050e-05	0.040710	supercritical
457.70	95.000	78.620	0.012719	291.51	412.34	5.6070	0.70636	1.0099	419.95	0.077155	3.0190e-05	0.040914	supercritical
460.93	95.000	78.035	0.012815	293.87	415.61	5.6141	0.70725	1.0100	421.35	0.075529	3.0330e-05	0.041118	supercritical
464.17	95.000	77.460	0.012910	296.23	418.87	5.6211	0.70816	1.0102	422.74	0.073929	3.0470e-05	0.041322	supercritical
467.40	95.000	76.894	0.013005	298.59	422.14	5.6281	0.70906	1.0104	424.12	0.072355	3.0609e-05	0.041526	supercritical
470.63	95.000	76.336	0.013100	300.96	425.41	5.6351	0.70997	1.0106	425.50	0.070807	3.0747e-05	0.041729	supercritical
473.87	95.000	75.787	0.013195	303.32	428.67	5.6420	0.71089	1.0108	426.87	0.069284	3.0886e-05	0.041933	supercritical
477.10	95.000	75.247	0.013290	305.69	431.94	5.6489	0.71181	1.0110	428.23	0.067785	3.1024e-05	0.042136	supercritical
480.33	95.000	74.715	0.013384	308.06	435.21	5.6557	0.71273	1.0113	429.59	0.066311	3.1161e-05	0.042339	supercritical
483.57	95.000	74.191	0.013479	310.43	438.48	5.6625	0.71366	1.0116	430.93	0.064860	3.1299e-05	0.042543	supercritical
486.80	95.000	73.674	0.013573	312.81	441.75	5.6693	0.71459	1.0119	432.28	0.063432	3.1436e-05	0.042745	supercritical
490.03	95.000	73.166	0.013668	315.18	445.03	5.6760	0.71553	1.0122	433.61	0.062026	3.1573e-05	0.042948	supercritical
493.27	95.000	72.664	0.013762	317.56	448.30	5.6826	0.71646	1.0126	434.94	0.060643	3.1709e-05	0.043151	supercritical
496.50	95.000	72.170	0.013856	319.94	451.57	5.6892	0.71740	1.0129	436.26	0.059281	3.1845e-05	0.043354	supercritical
499.73	95.000	71.684	0.013950	322.32	454.85	5.6958	0.71835	1.0133	437.58	0.057941	3.1981e-05	0.043556	supercritical
502.97	95.000	71.204	0.014044	324.71	458.13	5.7023	0.71929	1.0137	438.89	0.056622	3.2116e-05	0.043758	supercritical
506.20	95.000	70.731	0.014138	327.09	461.40	5.7088	0.72023	1.0141	440.20	0.055322	3.2251e-05	0.043960	supercritical
509.43	95.000	70.264	0.014232	329.48	464.68	5.7153	0.72118	1.0145	441.50	0.054043	3.2386e-05	0.044162	supercritical
512.67	95.000	69.804	0.014326	331.87	467.97	5.7217	0.72213	1.0150	442.79	0.052784	3.2520e-05	0.044364	supercritical
515.90	95.000	69.351	0.014419	334.26	471.25	5.7281	0.72308	1.0154	444.08	0.051543	3.2654e-05	0.044566	supercritical
519.13	95.000	68.903	0.014513	336.66	474.53	5.7344	0.72403	1.0159	445.36	0.050322	3.2788e-05	0.044767	supercritical
522.37	95.000	68.462	0.014607	339.05	477.82	5.7408	0.72498	1.0163	446.64	0.049119	3.2921e-05	0.044968	supercritical
525.60	95.000	68.027	0.014700	341.45	481.10	5.7470	0.72593	1.0168	447.91	0.047934	3.3055e-05	0.045170	supercritical
528.83	95.000	67.597	0.014793	343.85	484.39	5.7533	0.72688	1.0173	449.17	0.046767	3.3187e-05	0.045370	supercritical
532.07	95.000	67.174	0.014887	346.26	487.68	5.7595	0.72783	1.0178	450.44	0.045617	3.3320e-05	0.045571	supercritical
535.30	95.000	66.755	0.014980	348.66	490.97	5.7656	0.72878	1.0183	451.69	0.044484	3.3452e-05	0.045772	supercritical
538.53	95.000	66.343	0.015073	351.07	494.27	5.7718	0.72973	1.0188	452.94	0.043368	3.3584e-05	0.045972	supercritical
541.77	95.000	65.935	0.015166	353.48	497.56	5.7779	0.73068	1.0193	454.19	0.042268	3.3715e-05	0.046173	supercritical
545.00	95.000	65.533	0.015259	355.89	500.86	5.7839	0.73163	1.0199	455.43	0.041185	3.3847e-05	0.046373	supercritical
548.23	95.000	65.136	0.015352	358.31	504.16	5.7900	0.73258	1.0204	456.66	0.040117	3.3978e-05	0.046572	supercritical
551.47	95.000	64.745	0.015445	360.73	507.46	5.7960	0.73353	1.0210	457.90	0.039065	3.4108e-05	0.046772	supercritical
554.70	95.000	64.358	0.015538	363.15	510.76	5.8019	0.73447	1.0215	459.12	0.038028	3.4239e-05	0.046972	supercritical
557.93	95.000	63.975	0.015631	365.57	514.06	5.8079	0.73542	1.0221	460.34	0.037006	3.4369e-05	0.047171	supercritical
561.17	95.000	63.598	0.015724	367.99	517.37	5.8138	0.73636	1.0227	461.56	0.035998	3.4498e-05	0.047370	supercritical
564.40	95.000	63.225	0.015816	370.42	520.68	5.8197	0.73730	1.0232	462.77	0.035005	3.4628e-05	0.047569	supercritical
567.63	95.000	62.857	0.015909	372.85	523.99	5.8255	0.73824	1.0238	463.98	0.034026	3.4757e-05	0.047768	supercritical
570.87	95.000	62.494	0.016002	375.28	527.30	5.8313	0.73918	1.0244	465.19	0.033061	3.4886e-05	0.047967	supercritical
574.10	95.000	62.134	0.016094	377.72	530.61	5.8371	0.74012	1.0250	466.39	0.032109	3.5014e-05	0.048165	supercritical
577.33	95.000	61.779	0.016187	380.15	533.93	5.8429	0.74105	1.0256	467.58	0.031171	3.5143e-05	0.048363	supercritical
580.57	95.000	61.429	0.016279	382.59	537.24	5.8486	0.74198	1.0262	468.77	0.030246	3.5271e-05	0.048561	supercritical
583.80	95.000	61.082	0.016371	385.03	540.56	5.8543	0.74291	1.0268	469.96	0.029333	3.5398e-05	0.048759	supercritical
587.03	95.000	60.740	0.016464	387.48	543.88	5.8600	0.74384	1.0274	471.14	0.028434	3.5526e-05	0.048957	supercritical
590.27	95.000	60.401	0.016556	389.92	547.21	5.8656	0.74476	1.0280	472.32	0.027546	3.5653e-05	0.049154	supercritical
593.50	95.000	60.067	0.016648	392.37	550.53	5.8712	0.74569	1.0286	473.50	0.026671	3.5780e-05	0.049352	supercritical
596.73	95.000	59.736	0.016740	394.82	553.86	5.8768	0.74660	1.0293	474.67	0.025808	3.5906e-05	0.049549	supercritical
599.97	95.000	59.409	0.016833	397.28	557.19	5.8824	0.74752	1.0299	475.84	0.024956	3.6033e-05	0.049746	supercritical
603.20	95.000	59.086	0.016925	399.73	560.52	5.8879	0.74843	1.0305	477.00	0.024116	3.6159e-05	0.049942	supercritical
606.43	95.000	58.766	0.017017	402.19	563.85	5.8934	0.74934	1.0311	478.16	0.023288	3.6284e-05	0.050139	supercritical
609.67	95.000	58.450	0.017109	404.65	567.19	5.8989	0.75025	1.0318	479.32	0.022470	3.6410e-05	0.050335	supercritical
612.90	95.000	58.138	0.017201	407.12	570.52	5.9044	0.75116	1.0324	480.47	0.021663	3.6535e-05	0.050532	supercritical
616.13	95.000	57.829	0.017292	409.58	573.86	5.9098	0.75206	1.0330	481.62	0.020867	3.6660e-05	0.050728	supercritical
619.37	95.000	57.523	0.017384	412.05	577.20	5.9152	0.75295	1.0336	482.77	0.020082	3.6785e-05	0.050923	supercritical
622.60	95.000	57.221	0.017476	414.52	580.55	5.9206	0.75385	1.0343	483.91	0.019307	3.6909e-05	0.051119	supercritical
625.83	95.000	56.922	0.017568	417.00	583.89	5.9260	0.75474	1.0349	485.05	0.018542	3.7033e-05	0.051314	supercritical
629.07	95.000	56.626	0.017660	419.47	587.24	5.9313	0.75563	1.0356	486.18	0.017787	3.7157e-05	0.051510	supercritical
632.30	95.000	56.334	0.017751	421.95	590.59	5.9366	0.75651	1.0362	487.31	0.017042	3.7281e-05	0.051705	supercritical
635.53	95.000	56.044	0.017843	424.43	593.94	5.9419	0.75739	1.0368	488.44	0.016307	3.7404e-05	0.051900	supercritical
638.77	95.000	55.758	0.017935	426.91	597.29	5.9472	0.75827	1.0375	489.57	0.015581	3.7527e-05	0.052094	supercritical
642.00	95.000	55.475	0.018026	429.40	600.65	5.9524	0.75914	1.0381	490.69	0.014864	3.7650e-05	0.052289	supercritical
645.23	95.000	55.195	0.018118	431.89	604.01	5.9576	0.76001	1.0387	491.81	0.014157	3.7773e-05	0.052483	supercritical
648.47	95.000	54.917	0.018209	434.38	607.37	5.9628	0.76087	1.0394	492.92	0.013458	3.7895e-05	0.052677	supercritical
651.70	95.000	54.643	0.018301	436.87	610.73	5.9680	0.76173	1.0400	494.03	0.012768	3.8017e-05	0.052871	supercritical
654.93	95.000	54.371	0.018392	439.37	614.09	5.9731	0.76259	1.0407	495.14	0.012088	3.8139e-05	0.053065	supercritical
658.17	95.000	54.102	0.018484	441.86	617.46	5.9783	0.76345	1.0413	496.25	0.011415	3.8261e-05	0.053258	supercritical
661.40	95.000	53.836	0.018575	444.36	620.82	5.9834	0.76430	1.0419	497.35	0.010751	3.8382e-05	0.053452	supercritical
664.63	95.000	53.573	0.018666	446.87	624.19	5.9885	0.76514	1.0426	498.45	0.010096	3.8503e-05	0.053645	supercritical
667.87	95.000	53.312	0.018758	449.37	627.57	5.9935	0.76598	1.0432	499.55	0.0094480	3.8624e-05	0.053838	supercritical
671.10	95.000	53.054	0.018849	451.88	630.94	5.9986	0.76682	1.0439	500.64	0.0088084	3.8744e-05	0.054031	supercritical
674.33	95.000	52.798	0.018940	454.39	634.32	6.0036	0.76766	1.0445	501.73	0.0081767	3.8865e-05	0.054223	supercritical
677.57	95.000	52.545	0.019031	456.90	637.70	6.0086	0.76849	1.0451	502.82	0.0075528	3.8985e-05	0.054416	supercritical
680.80	95.000	52.295	0.019122	459.41	641.08	6.0135	0.76931	1.0458	503.91	0.0069364	3.9105e-05	0.054608	supercritical
684.03	95.000	52.046	0.019214	461.93	644.46	6.0185	0.77013	1.0464	504.99	0.0063276	3.9225e-05	0.054800	supercritical
687.27	95.000	51.801	0.019305	464.45	647.84	6.0234	0.77095	1.0470	506.07	0.0057261	3.9344e-05	0.054992	supercritical
690.50	95.000	51.558	0.019396	466.97	651.23	6.0284	0.77176	1.0477	507.15	0.0051318	3.9463e-05	0.055184	supercritical
693.73	95.000	51.317	0.019487	469.49	654.62	6.0333	0.77257	1.0483	508.22	0.0045447	3.9582e-05	0.055375	supercritical
696.97	95.000	51.078	0.019578	472.02	658.01	6.0381	0.77338	1.0489	509.29	0.0039645	3.9701e-05	0.055567	supercritical
700.20	95.000	50.842	0.019669	474.55	661.40	6.0430	0.77418	1.0496	510.36	0.0033913	3.9820e-05	0.055758	supercritical
703.43	95.000	50.608	0.019760	477.08	664.80	6.0478	0.77498	1.0502	511.43	0.0028248	3.9938e-05	0.055949	supercritical
706.67	95.000	50.376	0.019851	479.61	668.19	6.0526	0.77577	1.0508	512.49	0.0022650	4.0056e-05	0.056140	supercritical
709.90	95.000	50.146	0.019942	482.14	671.59	6.0574	0.77656	1.0514	513.55	0.0017118	4.0174e-05	0.056330	supercritical
713.13	95.000	49.919	0.020033	484.68	674.99	6.0622	0.77734	1.0521	514.61	0.0011651	4.0291e-05	0.056521	supercritical
716.37	95.000	49.693	0.020124	487.22	678.39	6.0670	0.77812	1.0527	515.66	0.00062471	4.0409e-05	0.056711	supercritical
719.60	95.000	49.470	0.020214	489.76	681.80	6.0717	0.77890	1.0533	516.72	9.0590e-05	4.0526e-05	0.056901	supercritical
722.83	95.000	49.249	0.020305	492.31	685.21	6.0764	0.77967	1.0539	517.77	-0.00043737	4.0643e-05	0.057091	supercritical
726.07	95.000	49.029	0.020396	494.85	688.61	6.0811	0.78044	1.0545	518.81	-0.00095925	4.0760e-05	0.057281	supercritical
729.30	95.000	48.812	0.020487	497.40	692.02	6.0858	0.78120	1.0551	519.86	-0.0014752	4.0876e-05	0.057470	supercritical
732.53	95.000	48.597	0.020577	499.95	695.44	6.0905	0.78196	1.0558	520.90	-0.0019852	4.0993e-05	0.057660	supercritical
735.77	95.000	48.383	0.020668	502.50	698.85	6.0952	0.78271	1.0564	521.94	-0.0024895	4.1109e-05	0.057849	supercritical
739.00	95.000	48.172	0.020759	505.06	702.27	6.0998	0.78346	1.0570	522.98	-0.0029880	4.1225e-05	0.058038	supercritical
742.23	95.000	47.963	0.020850	507.62	705.69	6.1044	0.78421	1.0576	524.02	-0.0034809	4.1340e-05	0.058227	supercritical
745.47	95.000	47.755	0.020940	510.17	709.11	6.1090	0.78495	1.0582	525.05	-0.0039683	4.1456e-05	0.058416	supercritical
748.70	95.000	47.549	0.021031	512.74	712.53	6.1136	0.78569	1.0588	526.08	-0.0044503	4.1571e-05	0.058604	supercritical
751.93	95.000	47.345	0.021121	515.30	715.95	6.1181	0.78642	1.0594	527.11	-0.0049269	4.1686e-05	0.058793	supercritical
755.17	95.000	47.143	0.021212	517.87	719.38	6.1227	0.78715	1.0600	528.14	-0.0053983	4.1801e-05	0.058981	supercritical
758.40	95.000	46.943	0.021303	520.43	722.81	6.1272	0.78788	1.0606	529.16	-0.0058644	4.1916e-05	0.059169	supercritical
761.63	95.000	46.744	0.021393	523.00	726.24	6.1317	0.78860	1.0612	530.18	-0.0063254	4.2030e-05	0.059357	supercritical
764.87	95.000	46.547	0.021484	525.58	729.67	6.1362	0.78932	1.0617	531.20	-0.0067814	4.2144e-05	0.059545	supercritical
768.10	95.000	46.352	0.021574	528.15	733.10	6.1407	0.79003	1.0623	532.22	-0.0072324	4.2258e-05	0.059732	supercritical
771.33	95.000	46.158	0.021665	530.73	736.54	6.1452	0.79074	1.0629	533.24	-0.0076785	4.2372e-05	0.059920	supercritical
774.57	95.000	45.966	0.021755	533.30	739.98	6.1496	0.79144	1.0635	534.25	-0.0081198	4.2486e-05	0.060107	supercritical
777.80	95.000	45.776	0.021846	535.88	743.42	6.1541	0.79214	1.0641	535.26	-0.0085564	4.2599e-05	0.060294	supercritical
781.03	95.000	45.587	0.021936	538.47	746.86	6.1585	0.79284	1.0647	536.27	-0.0089883	4.2713e-05	0.060481	supercritical
784.27	95.000	45.400	0.022026	541.05	750.30	6.1629	0.79353	1.0652	537.28	-0.0094155	4.2826e-05	0.060667	supercritical
787.50	95.000	45.214	0.022117	543.64	753.75	6.1673	0.79422	1.0658	538.28	-0.0098382	4.2939e-05	0.060854	supercritical
790.73	95.000	45.030	0.022207	546.23	757.19	6.1716	0.79490	1.0664	539.28	-0.010256	4.3051e-05	0.061040	supercritical
793.97	95.000	44.848	0.022298	548.82	760.64	6.1760	0.79558	1.0669	540.28	-0.010670	4.3164e-05	0.061227	supercritical
797.20	95.000	44.667	0.022388	551.41	764.09	6.1803	0.79626	1.0675	541.28	-0.011080	4.3276e-05	0.061413	supercritical
800.43	95.000	44.488	0.022478	554.00	767.55	6.1846	0.79693	1.0681	542.28	-0.011485	4.3388e-05	0.061599	supercritical
803.67	95.000	44.310	0.022568	556.60	771.00	6.1889	0.79760	1.0686	543.27	-0.011886	4.3500e-05	0.061784	supercritical
806.90	95.000	44.133	0.022659	559.20	774.46	6.1932	0.79826	1.0692	544.26	-0.012283	4.3612e-05	0.061970	supercritical
810.13	95.000	43.958	0.022749	561.80	777.91	6.1975	0.79892	1.0697	545.25	-0.012676	4.3724e-05	0.062155	supercritical
813.37	95.000	43.784	0.022839	564.40	781.37	6.2018	0.79958	1.0703	546.24	-0.013064	4.3835e-05	0.062341	supercritical
816.60	95.000	43.612	0.022929	567.01	784.84	6.2060	0.80023	1.0708	547.23	-0.013449	4.3946e-05	0.062526	supercritical
819.83	95.000	43.441	0.023020	569.61	788.30	6.2103	0.80088	1.0714	548.21	-0.013830	4.4057e-05	0.062711	supercritical
823.07	95.000	43.272	0.023110	572.22	791.76	6.2145	0.80153	1.0719	549.20	-0.014207	4.4168e-05	0.062895	supercritical
826.30	95.000	43.103	0.023200	574.83	795.23	6.2187	0.80217	1.0725	550.18	-0.014580	4.4279e-05	0.063080	supercritical
829.53	95.000	42.936	0.023290	577.44	798.70	6.2229	0.80280	1.0730	551.15	-0.014949	4.4389e-05	0.063265	supercritical
832.77	95.000	42.771	0.023380	580.06	802.17	6.2270	0.80344	1.0736	552.13	-0.015314	4.4499e-05	0.063449	supercritical
836.00	95.000	42.607	0.023471	582.67	805.64	6.2312	0.80407	1.0741	553.10	-0.015676	4.4610e-05	0.063633	supercritical
839.23	95.000	42.444	0.023561	585.29	809.12	6.2353	0.80469	1.0746	554.08	-0.016035	4.4720e-05	0.063817	supercritical
842.47	95.000	42.282	0.023651	587.91	812.59	6.2395	0.80531	1.0752	555.05	-0.016389	4.4829e-05	0.064001	supercritical
845.70	95.000	42.122	0.023741	590.53	816.07	6.2436	0.80593	1.0757	556.02	-0.016741	4.4939e-05	0.064185	supercritical
848.93	95.000	41.962	0.023831	593.15	819.55	6.2477	0.80655	1.0762	556.98	-0.017088	4.5048e-05	0.064368	supercritical
852.17	95.000	41.804	0.023921	595.78	823.03	6.2518	0.80716	1.0767	557.95	-0.017433	4.5158e-05	0.064552	supercritical
855.40	95.000	41.648	0.024011	598.41	826.51	6.2559	0.80776	1.0772	558.91	-0.017774	4.5267e-05	0.064735	supercritical
858.63	95.000	41.492	0.024101	601.03	829.99	6.2599	0.80837	1.0778	559.87	-0.018111	4.5376e-05	0.064918	supercritical
861.87	95.000	41.338	0.024191	603.66	833.48	6.2640	0.80897	1.0783	560.83	-0.018446	4.5484e-05	0.065101	supercritical
865.10	95.000	41.184	0.024281	606.30	836.97	6.2680	0.80956	1.0788	561.79	-0.018777	4.5593e-05	0.065284	supercritical
868.33	95.000	41.032	0.024371	608.93	840.46	6.2721	0.81015	1.0793	562.75	-0.019105	4.5701e-05	0.065467	supercritical
871.57	95.000	40.881	0.024461	611.57	843.95	6.2761	0.81074	1.0798	563.70	-0.019430	4.5810e-05	0.065649	supercritical
874.80	95.000	40.732	0.024551	614.20	847.44	6.2801	0.81133	1.0803	564.66	-0.019751	4.5918e-05	0.065832	supercritical
878.03	95.000	40.583	0.024641	616.84	850.93	6.2841	0.81191	1.0808	565.61	-0.020070	4.6026e-05	0.066014	supercritical
881.27	95.000	40.435	0.024731	619.48	854.43	6.2880	0.81249	1.0813	566.56	-0.020386	4.6133e-05	0.066196	supercritical
884.50	95.000	40.289	0.024821	622.13	857.92	6.2920	0.81306	1.0818	567.50	-0.020698	4.6241e-05	0.066378	supercritical
887.73	95.000	40.143	0.024911	624.77	861.42	6.2959	0.81363	1.0823	568.45	-0.021008	4.6349e-05	0.066560	supercritical
890.97	95.000	39.999	0.025001	627.42	864.92	6.2999	0.81420	1.0828	569.39	-0.021314	4.6456e-05	0.066742	supercritical
894.20	95.000	39.856	0.025090	630.07	868.43	6.3038	0.81477	1.0833	570.34	-0.021618	4.6563e-05	0.066923	supercritical
897.43	95.000	39.714	0.025180	632.72	871.93	6.3077	0.81533	1.0838	571.28	-0.021919	4.6670e-05	0.067105	supercritical
900.67	95.000	39.572	0.025270	635.37	875.43	6.3116	0.81589	1.0843	572.22	-0.022218	4.6777e-05	0.067286	supercritical
903.90	95.000	39.432	0.025360	638.02	878.94	6.3155	0.81644	1.0847	573.15	-0.022513	4.6883e-05	0.067467	supercritical
907.13	95.000	39.293	0.025450	640.68	882.45	6.3194	0.81699	1.0852	574.09	-0.022806	4.6990e-05	0.067648	supercritical
910.37	95.000	39.155	0.025540	643.33	885.96	6.3232	0.81754	1.0857	575.03	-0.023096	4.7096e-05	0.067829	supercritical
913.60	95.000	39.018	0.025630	645.99	889.47	6.3271	0.81808	1.0862	575.96	-0.023383	4.7202e-05	0.068009	supercritical
916.83	95.000	38.881	0.025719	648.65	892.98	6.3309	0.81862	1.0866	576.89	-0.023668	4.7309e-05	0.068190	supercritical
920.07	95.000	38.746	0.025809	651.31	896.50	6.3347	0.81916	1.0871	577.82	-0.023950	4.7414e-05	0.068371	supercritical
923.30	95.000	38.612	0.025899	653.97	900.01	6.3386	0.81970	1.0876	578.75	-0.024230	4.7520e-05	0.068551	supercritical
926.53	95.000	38.478	0.025989	656.64	903.53	6.3424	0.82023	1.0880	579.67	-0.024507	4.7626e-05	0.068731	supercritical
929.77	95.000	38.346	0.026078	659.30	907.05	6.3462	0.82076	1.0885	580.60	-0.024782	4.7731e-05	0.068911	supercritical
933.00	95.000	38.214	0.026168	661.97	910.57	6.3499	0.82128	1.0890	581.52	-0.025054	4.7837e-05	0.069091	supercritical
936.23	95.000	38.084	0.026258	664.64	914.09	6.3537	0.82181	1.0894	582.44	-0.025323	4.7942e-05	0.069271	supercritical
939.47	95.000	37.954	0.026348	667.31	917.61	6.3575	0.82233	1.0899	583.36	-0.025591	4.8047e-05	0.069450	supercritical
942.70	95.000	37.825	0.026437	669.98	921.14	6.3612	0.82284	1.0903	584.28	-0.025856	4.8152e-05	0.069630	supercritical
945.93	95.000	37.697	0.026527	672.66	924.66	6.3649	0.82336	1.0908	585.20	-0.026118	4.8256e-05	0.069809	supercritical
949.17	95.000	37.570	0.026617	675.33	928.19	6.3687	0.82387	1.0912	586.11	-0.026379	4.8361e-05	0.069988	supercritical
952.40	95.000	37.444	0.026706	678.01	931.72	6.3724	0.82437	1.0917	587.03	-0.026637	4.8465e-05	0.070167	supercritical
955.63	95.000	37.319	0.026796	680.69	935.25	6.3761	0.82488	1.0921	587.94	-0.026892	4.8570e-05	0.070346	supercritical
958.87	95.000	37.194	0.026886	683.37	938.78	6.3798	0.82538	1.0926	588.85	-0.027146	4.8674e-05	0.070525	supercritical
962.10	95.000	37.071	0.026975	686.05	942.32	6.3834	0.82588	1.0930	589.76	-0.027397	4.8778e-05	0.070704	supercritical
965.33	95.000	36.948	0.027065	688.73	945.85	6.3871	0.82637	1.0934	590.67	-0.027646	4.8882e-05	0.070883	supercritical
968.57	95.000	36.826	0.027155	691.42	949.39	6.3908	0.82686	1.0939	591.57	-0.027893	4.8985e-05	0.071061	supercritical
971.80	95.000	36.705	0.027244	694.10	952.93	6.3944	0.82735	1.0943	592.48	-0.028138	4.9089e-05	0.071239	supercritical
975.03	95.000	36.585	0.027334	696.79	956.46	6.3980	0.82784	1.0947	593.38	-0.028381	4.9192e-05	0.071418	supercritical
978.27	95.000	36.465	0.027424	699.48	960.00	6.4017	0.82833	1.0952	594.28	-0.028622	4.9296e-05	0.071596	supercritical
981.50	95.000	36.346	0.027513	702.17	963.55	6.4053	0.82881	1.0956	595.18	-0.028860	4.9399e-05	0.071774	supercritical
984.73	95.000	36.228	0.027603	704.86	967.09	6.4089	0.82929	1.0960	596.08	-0.029097	4.9502e-05	0.071951	supercritical
987.97	95.000	36.111	0.027692	707.56	970.63	6.4125	0.82976	1.0964	596.98	-0.029331	4.9605e-05	0.072129	supercritical
991.20	95.000	35.995	0.027782	710.25	974.18	6.4161	0.83024	1.0969	597.88	-0.029564	4.9708e-05	0.072307	supercritical
994.43	95.000	35.879	0.027871	712.95	977.73	6.4196	0.83071	1.0973	598.77	-0.029795	4.9810e-05	0.072484	supercritical
997.67	95.000	35.764	0.027961	715.65	981.28	6.4232	0.83117	1.0977	599.67	-0.030023	4.9913e-05	0.072662	supercritical
1000.9	95.000	35.650	0.028051	718.35	984.83	6.4268	0.83164	1.0981	600.56	-0.030250	5.0015e-05	0.072839	supercritical
1004.1	95.000	35.537	0.028140	721.05	988.38	6.4303	0.83210	1.0985	601.45	-0.030475	5.0117e-05	0.073016	supercritical
1007.4	95.000	35.424	0.028230	723.75	991.93	6.4338	0.83256	1.0989	602.34	-0.030698	5.0219e-05	0.073193	supercritical
1010.6	95.000	35.312	0.028319	726.45	995.48	6.4374	0.83302	1.0993	603.23	-0.030919	5.0321e-05	0.073370	supercritical
1013.8	95.000	35.201	0.028409	729.16	999.04	6.4409	0.83348	1.0998	604.11	-0.031139	5.0423e-05	0.073546	supercritical
1017.1	95.000	35.090	0.028498	731.86	1002.6	6.4444	0.83393	1.1002	605.00	-0.031356	5.0525e-05	0.073723	supercritical
1020.3	95.000	34.980	0.028588	734.57	1006.2	6.4479	0.83438	1.1006	605.88	-0.031572	5.0627e-05	0.073900	supercritical
1023.5	95.000	34.871	0.028677	737.28	1009.7	6.4513	0.83483	1.1010	606.76	-0.031786	5.0728e-05	0.074076	supercritical
1026.8	95.000	34.763	0.028767	739.99	1013.3	6.4548	0.83527	1.1014	607.65	-0.031999	5.0829e-05	0.074252	supercritical
1030.0	95.000	34.655	0.028856	742.70	1016.8	6.4583	0.83571	1.1018	608.52	-0.032209	5.0931e-05	0.074428	supercritical
1033.2	95.000	34.548	0.028946	745.41	1020.4	6.4617	0.83615	1.1021	609.40	-0.032418	5.1032e-05	0.074604	supercritical
1036.5	95.000	34.441	0.029035	748.13	1024.0	6.4652	0.83659	1.1025	610.28	-0.032625	5.1133e-05	0.074780	supercritical
1039.7	95.000	34.335	0.029124	750.84	1027.5	6.4686	0.83703	1.1029	611.16	-0.032831	5.1233e-05	0.074956	supercritical
1042.9	95.000	34.230	0.029214	753.56	1031.1	6.4720	0.83746	1.1033	612.03	-0.033035	5.1334e-05	0.075132	supercritical
1046.2	95.000	34.126	0.029303	756.28	1034.7	6.4755	0.83789	1.1037	612.90	-0.033237	5.1435e-05	0.075307	supercritical
1049.4	95.000	34.022	0.029393	759.00	1038.2	6.4789	0.83832	1.1041	613.78	-0.033437	5.1535e-05	0.075483	supercritical
1052.6	95.000	33.919	0.029482	761.72	1041.8	6.4823	0.83875	1.1045	614.65	-0.033636	5.1636e-05	0.075658	supercritical
1055.9	95.000	33.816	0.029572	764.44	1045.4	6.4856	0.83917	1.1049	615.52	-0.033834	5.1736e-05	0.075833	supercritical
1059.1	95.000	33.714	0.029661	767.17	1048.9	6.4890	0.83959	1.1052	616.38	-0.034030	5.1836e-05	0.076008	supercritical
1062.3	95.000	33.613	0.029750	769.89	1052.5	6.4924	0.84001	1.1056	617.25	-0.034224	5.1936e-05	0.076183	supercritical
1065.6	95.000	33.512	0.029840	772.62	1056.1	6.4958	0.84043	1.1060	618.12	-0.034417	5.2036e-05	0.076358	supercritical
1068.8	95.000	33.412	0.029929	775.34	1059.7	6.4991	0.84084	1.1064	618.98	-0.034608	5.2136e-05	0.076533	supercritical
1072.0	95.000	33.313	0.030019	778.07	1063.3	6.5024	0.84126	1.1067	619.84	-0.034798	5.2235e-05	0.076708	supercritical
1075.3	95.000	33.214	0.030108	780.80	1066.8	6.5058	0.84167	1.1071	620.70	-0.034986	5.2335e-05	0.076882	supercritical
1078.5	95.000	33.116	0.030197	783.53	1070.4	6.5091	0.84208	1.1075	621.56	-0.035173	5.2434e-05	0.077057	supercritical
1081.7	95.000	33.018	0.030287	786.27	1074.0	6.5124	0.84248	1.1078	622.42	-0.035359	5.2534e-05	0.077231	supercritical
1085.0	95.000	32.921	0.030376	789.00	1077.6	6.5157	0.84289	1.1082	623.28	-0.035543	5.2633e-05	0.077405	supercritical
1088.2	95.000	32.824	0.030465	791.74	1081.2	6.5190	0.84329	1.1086	624.14	-0.035725	5.2732e-05	0.077579	supercritical
1091.4	95.000	32.728	0.030555	794.47	1084.7	6.5223	0.84369	1.1089	624.99	-0.035907	5.2831e-05	0.077754	supercritical
1094.7	95.000	32.633	0.030644	797.21	1088.3	6.5256	0.84409	1.1093	625.85	-0.036086	5.2930e-05	0.077927	supercritical
1097.9	95.000	32.538	0.030733	799.95	1091.9	6.5289	0.84449	1.1097	626.70	-0.036265	5.3028e-05	0.078101	supercritical
1101.1	95.000	32.444	0.030823	802.69	1095.5	6.5321	0.84488	1.1100	627.55	-0.036442	5.3127e-05	0.078275	supercritical
1104.4	95.000	32.350	0.030912	805.43	1099.1	6.5354	0.84527	1.1104	628.40	-0.036618	5.3225e-05	0.078449	supercritical
1107.6	95.000	32.257	0.031001	808.17	1102.7	6.5386	0.84566	1.1107	629.25	-0.036792	5.3324e-05	0.078622	supercritical
1110.8	95.000	32.164	0.031091	810.92	1106.3	6.5419	0.84605	1.1111	630.10	-0.036965	5.3422e-05	0.078795	supercritical
1114.1	95.000	32.072	0.031180	813.66	1109.9	6.5451	0.84644	1.1114	630.95	-0.037137	5.3520e-05	0.078969	supercritical
1117.3	95.000	31.980	0.031269	816.41	1113.5	6.5483	0.84682	1.1118	631.79	-0.037307	5.3618e-05	0.079142	supercritical
1120.5	95.000	31.889	0.031359	819.15	1117.1	6.5515	0.84721	1.1121	632.64	-0.037477	5.3716e-05	0.079315	supercritical
1123.8	95.000	31.799	0.031448	821.90	1120.7	6.5547	0.84759	1.1125	633.48	-0.037645	5.3814e-05	0.079488	supercritical
1127.0	95.000	31.709	0.031537	824.65	1124.3	6.5579	0.84797	1.1128	634.32	-0.037811	5.3912e-05	0.079661	supercritical
1130.2	95.000	31.619	0.031626	827.40	1127.9	6.5611	0.84835	1.1132	635.16	-0.037977	5.4010e-05	0.079833	supercritical
1133.5	95.000	31.530	0.031716	830.15	1131.5	6.5643	0.84872	1.1135	636.00	-0.038141	5.4107e-05	0.080006	supercritical
1136.7	95.000	31.442	0.031805	832.91	1135.1	6.5675	0.84910	1.1138	636.84	-0.038304	5.4205e-05	0.080179	supercritical
1139.9	95.000	31.354	0.031894	835.66	1138.7	6.5706	0.84947	1.1142	637.68	-0.038466	5.4302e-05	0.080351	supercritical
1143.2	95.000	31.266	0.031983	838.42	1142.3	6.5738	0.84984	1.1145	638.52	-0.038627	5.4399e-05	0.080524	supercritical
1146.4	95.000	31.179	0.032073	841.17	1145.9	6.5769	0.85021	1.1149	639.35	-0.038786	5.4496e-05	0.080696	supercritical
1149.6	95.000	31.093	0.032162	843.93	1149.5	6.5801	0.85057	1.1152	640.18	-0.038944	5.4593e-05	0.080868	supercritical
1152.9	95.000	31.007	0.032251	846.69	1153.1	6.5832	0.85094	1.1155	641.02	-0.039101	5.4690e-05	0.081040	supercritical
1156.1	95.000	30.921	0.032340	849.45	1156.7	6.5863	0.85130	1.1159	641.85	-0.039257	5.4787e-05	0.081212	supercritical
1159.3	95.000	30.836	0.032429	852.21	1160.3	6.5895	0.85167	1.1162	642.68	-0.039412	5.4884e-05	0.081384	supercritical
1162.6	95.000	30.752	0.032519	854.97	1163.9	6.5926	0.85203	1.1165	643.51	-0.039566	5.4980e-05	0.081556	supercritical
1165.8	95.000	30.667	0.032608	857.73	1167.5	6.5957	0.85239	1.1168	644.34	-0.039719	5.5077e-05	0.081727	supercritical
1169.0	95.000	30.584	0.032697	860.50	1171.1	6.5988	0.85274	1.1172	645.17	-0.039870	5.5173e-05	0.081899	supercritical
1172.3	95.000	30.501	0.032786	863.26	1174.7	6.6019	0.85310	1.1175	645.99	-0.040021	5.5270e-05	0.082070	supercritical
1175.5	95.000	30.418	0.032876	866.03	1178.3	6.6049	0.85345	1.1178	646.82	-0.040170	5.5366e-05	0.082242	supercritical
1178.7	95.000	30.335	0.032965	868.80	1182.0	6.6080	0.85381	1.1181	647.64	-0.040318	5.5462e-05	0.082413	supercritical
1182.0	95.000	30.254	0.033054	871.57	1185.6	6.6111	0.85416	1.1185	648.46	-0.040466	5.5558e-05	0.082584	supercritical
1185.2	95.000	30.172	0.033143	874.33	1189.2	6.6141	0.85451	1.1188	649.28	-0.040612	5.5654e-05	0.082755	supercritical
1188.4	95.000	30.091	0.033232	877.11	1192.8	6.6172	0.85486	1.1191	650.11	-0.040757	5.5750e-05	0.082926	supercritical
1191.7	95.000	30.011	0.033321	879.88	1196.4	6.6202	0.85520	1.1194	650.92	-0.040901	5.5845e-05	0.083097	supercritical
1194.9	95.000	29.931	0.033411	882.65	1200.1	6.6232	0.85555	1.1197	651.74	-0.041044	5.5941e-05	0.083268	supercritical
1198.1	95.000	29.851	0.033500	885.42	1203.7	6.6263	0.85589	1.1201	652.56	-0.041186	5.6036e-05	0.083439	supercritical
1201.4	95.000	29.772	0.033589	888.20	1207.3	6.6293	0.85623	1.1204	653.38	-0.041327	5.6132e-05	0.083609	supercritical
1204.6	95.000	29.693	0.033678	890.98	1210.9	6.6323	0.85657	1.1207	654.19	-0.041468	5.6227e-05	0.083780	supercritical
1207.8	95.000	29.615	0.033767	893.75	1214.5	6.6353	0.85691	1.1210	655.01	-0.041607	5.6322e-05	0.083950	supercritical
1211.1	95.000	29.537	0.033856	896.53	1218.2	6.6383	0.85725	1.1213	655.82	-0.041745	5.6418e-05	0.084121	supercritical
1214.3	95.000	29.459	0.033945	899.31	1221.8	6.6413	0.85759	1.1216	656.63	-0.041882	5.6513e-05	0.084291	supercritical
1217.5	95.000	29.382	0.034035	902.09	1225.4	6.6443	0.85792	1.1219	657.44	-0.042018	5.6608e-05	0.084461	supercritical
1220.8	95.000	29.305	0.034124	904.87	1229.0	6.6473	0.85826	1.1222	658.25	-0.042154	5.6702e-05	0.084631	supercritical
1224.0	95.000	29.229	0.034213	907.65	1232.7	6.6502	0.85859	1.1225	659.06	-0.042288	5.6797e-05	0.084801	supercritical
1227.2	95.000	29.153	0.034302	910.44	1236.3	6.6532	0.85892	1.1228	659.87	-0.042421	5.6892e-05	0.084971	supercritical
1230.5	95.000	29.077	0.034391	913.22	1239.9	6.6561	0.85925	1.1231	660.68	-0.042554	5.6986e-05	0.085141	supercritical
1233.7	95.000	29.002	0.034480	916.01	1243.6	6.6591	0.85958	1.1235	661.48	-0.042686	5.7081e-05	0.085311	supercritical
1236.9	95.000	28.927	0.034569	918.79	1247.2	6.6620	0.85991	1.1238	662.29	-0.042816	5.7175e-05	0.085480	supercritical
1240.2	95.000	28.853	0.034658	921.58	1250.8	6.6650	0.86024	1.1241	663.09	-0.042946	5.7270e-05	0.085650	supercritical
1243.4	95.000	28.779	0.034748	924.37	1254.5	6.6679	0.86056	1.1244	663.89	-0.043075	5.7364e-05	0.085819	supercritical
1246.6	95.000	28.705	0.034837	927.16	1258.1	6.6708	0.86088	1.1247	664.69	-0.043203	5.7458e-05	0.085989	supercritical
1249.9	95.000	28.632	0.034926	929.95	1261.7	6.6737	0.86121	1.1250	665.49	-0.043330	5.7552e-05	0.086158	supercritical
1253.1	95.000	28.559	0.035015	932.74	1265.4	6.6766	0.86153	1.1253	666.29	-0.043457	5.7646e-05	0.086327	supercritical
1256.3	95.000	28.487	0.035104	935.53	1269.0	6.6795	0.86185	1.1255	667.09	-0.043582	5.7740e-05	0.086496	supercritical
1259.6	95.000	28.415	0.035193	938.33	1272.7	6.6824	0.86217	1.1258	667.89	-0.043707	5.7834e-05	0.086665	supercritical
1262.8	95.000	28.343	0.035282	941.12	1276.3	6.6853	0.86249	1.1261	668.69	-0.043830	5.7927e-05	0.086834	supercritical
1266.0	95.000	28.272	0.035371	943.92	1279.9	6.6882	0.86280	1.1264	669.48	-0.043953	5.8021e-05	0.087003	supercritical
1269.3	95.000	28.201	0.035460	946.71	1283.6	6.6911	0.86312	1.1267	670.28	-0.044075	5.8115e-05	0.087172	supercritical
1272.5	95.000	28.130	0.035549	949.51	1287.2	6.6939	0.86343	1.1270	671.07	-0.044197	5.8208e-05	0.087341	supercritical
1275.7	95.000	28.060	0.035638	952.31	1290.9	6.6968	0.86375	1.1273	671.86	-0.044317	5.8301e-05	0.087509	supercritical
1279.0	95.000	27.990	0.035727	955.11	1294.5	6.6996	0.86406	1.1276	672.65	-0.044437	5.8395e-05	0.087678	supercritical
1282.2	95.000	27.920	0.035816	957.91	1298.2	6.7025	0.86437	1.1279	673.44	-0.044556	5.8488e-05	0.087846	supercritical
1285.4	95.000	27.851	0.035905	960.71	1301.8	6.7053	0.86468	1.1282	674.23	-0.044674	5.8581e-05	0.088015	supercritical
1288.7	95.000	27.782	0.035995	963.51	1305.5	6.7082	0.86499	1.1285	675.02	-0.044791	5.8674e-05	0.088183	supercritical
1291.9	95.000	27.713	0.036084	966.32	1309.1	6.7110	0.86530	1.1288	675.81	-0.044908	5.8767e-05	0.088351	supercritical
1295.1	95.000	27.645	0.036173	969.12	1312.8	6.7138	0.86561	1.1290	676.60	-0.045024	5.8860e-05	0.088519	supercritical
1298.4	95.000	27.577	0.036262	971.93	1316.4	6.7166	0.86591	1.1293	677.38	-0.045139	5.8953e-05	0.088687	supercritical
1301.6	95.000	27.510	0.036351	974.73	1320.1	6.7194	0.86622	1.1296	678.17	-0.045253	5.9045e-05	0.088855	supercritical
1304.8	95.000	27.443	0.036440	977.54	1323.7	6.7222	0.86652	1.1299	678.95	-0.045366	5.9138e-05	0.089023	supercritical
1308.1	95.000	27.376	0.036529	980.35	1327.4	6.7250	0.86682	1.1302	679.73	-0.045479	5.9230e-05	0.089191	supercritical
1311.3	95.000	27.309	0.036618	983.16	1331.0	6.7278	0.86713	1.1305	680.51	-0.045591	5.9323e-05	0.089359	supercritical
1314.5	95.000	27.243	0.036707	985.97	1334.7	6.7306	0.86743	1.1307	681.30	-0.045702	5.9415e-05	0.089526	supercritical
1317.8	95.000	27.177	0.036796	988.78	1338.3	6.7334	0.86773	1.1310	682.08	-0.045813	5.9508e-05	0.089694	supercritical
1321.0	95.000	27.111	0.036885	991.59	1342.0	6.7362	0.86803	1.1313	682.85	-0.045923	5.9600e-05	0.089861	supercritical
1324.2	95.000	27.046	0.036974	994.40	1345.7	6.7389	0.86833	1.1316	683.63	-0.046032	5.9692e-05	0.090029	supercritical
1327.5	95.000	26.981	0.037063	997.21	1349.3	6.7417	0.86862	1.1318	684.41	-0.046140	5.9784e-05	0.090196	supercritical
1330.7	95.000	26.917	0.037152	1000.0	1353.0	6.7444	0.86892	1.1321	685.19	-0.046248	5.9876e-05	0.090363	supercritical
1333.9	95.000	26.852	0.037241	1002.8	1356.6	6.7472	0.86922	1.1324	685.96	-0.046355	5.9968e-05	0.090531	supercritical
1337.2	95.000	26.788	0.037330	1005.7	1360.3	6.7499	0.86951	1.1327	686.73	-0.046461	6.0060e-05	0.090698	supercritical
1340.4	95.000	26.725	0.037419	1008.5	1364.0	6.7527	0.86981	1.1330	687.51	-0.046567	6.0151e-05	0.090865	supercritical
1343.6	95.000	26.661	0.037508	1011.3	1367.6	6.7554	0.87010	1.1332	688.28	-0.046672	6.0243e-05	0.091032	supercritical
1346.9	95.000	26.598	0.037597	1014.1	1371.3	6.7581	0.87039	1.1335	689.05	-0.046776	6.0335e-05	0.091199	supercritical
1350.1	95.000	26.535	0.037686	1016.9	1375.0	6.7608	0.87068	1.1338	689.82	-0.046880	6.0426e-05	0.091365	supercritical
1353.3	95.000	26.473	0.037775	1019.8	1378.6	6.7636	0.87097	1.1340	690.59	-0.046983	6.0518e-05	0.091532	supercritical
1356.6	95.000	26.411	0.037864	1022.6	1382.3	6.7663	0.87126	1.1343	691.36	-0.047085	6.0609e-05	0.091699	supercritical
1359.8	95.000	26.349	0.037953	1025.4	1386.0	6.7690	0.87155	1.1346	692.13	-0.047187	6.0700e-05	0.091865	supercritical
1363.0	95.000	26.287	0.038042	1028.2	1389.6	6.7717	0.87184	1.1349	692.89	-0.047288	6.0791e-05	0.092032	supercritical
1366.3	95.000	26.226	0.038131	1031.1	1393.3	6.7743	0.87213	1.1351	693.66	-0.047388	6.0882e-05	0.092198	supercritical
1369.5	95.000	26.165	0.038220	1033.9	1397.0	6.7770	0.87241	1.1354	694.43	-0.047488	6.0974e-05	0.092365	supercritical
1372.7	95.000	26.104	0.038309	1036.7	1400.6	6.7797	0.87270	1.1357	695.19	-0.047587	6.1065e-05	0.092531	supercritical
1376.0	95.000	26.043	0.038397	1039.5	1404.3	6.7824	0.87298	1.1359	695.95	-0.047685	6.1155e-05	0.092697	supercritical
1379.2	95.000	25.983	0.038486	1042.4	1408.0	6.7850	0.87327	1.1362	696.72	-0.047783	6.1246e-05	0.092863	supercritical
1382.4	95.000	25.923	0.038575	1045.2	1411.7	6.7877	0.87355	1.1365	697.48	-0.047880	6.1337e-05	0.093029	supercritical
1385.7	95.000	25.864	0.038664	1048.0	1415.3	6.7904	0.87384	1.1367	698.24	-0.047977	6.1428e-05	0.093195	supercritical
1388.9	95.000	25.804	0.038753	1050.8	1419.0	6.7930	0.87412	1.1370	699.00	-0.048073	6.1518e-05	0.093361	supercritical
1392.1	95.000	25.745	0.038842	1053.7	1422.7	6.7957	0.87440	1.1373	699.76	-0.048168	6.1609e-05	0.093527	supercritical
1395.4	95.000	25.686	0.038931	1056.5	1426.4	6.7983	0.87468	1.1375	700.51	-0.048263	6.1699e-05	0.093693	supercritical
1398.6	95.000	25.628	0.039020	1059.3	1430.0	6.8009	0.87496	1.1378	701.27	-0.048357	6.1790e-05	0.093858	supercritical
1401.8	95.000	25.570	0.039109	1062.2	1433.7	6.8036	0.87524	1.1380	702.03	-0.048451	6.1880e-05	0.094024	supercritical
1405.1	95.000	25.512	0.039198	1065.0	1437.4	6.8062	0.87552	1.1383	702.78	-0.048544	6.1970e-05	0.094190	supercritical
1408.3	95.000	25.454	0.039287	1067.9	1441.1	6.8088	0.87580	1.1386	703.54	-0.048636	6.2061e-05	0.094355	supercritical
1411.5	95.000	25.396	0.039376	1070.7	1444.8	6.8114	0.87607	1.1388	704.29	-0.048728	6.2151e-05	0.094520	supercritical
1414.8	95.000	25.339	0.039465	1073.5	1448.4	6.8140	0.87635	1.1391	705.04	-0.048820	6.2241e-05	0.094686	supercritical
1418.0	95.000	25.282	0.039554	1076.4	1452.1	6.8166	0.87663	1.1394	705.79	-0.048910	6.2331e-05	0.094851	supercritical
1421.2	95.000	25.225	0.039643	1079.2	1455.8	6.8192	0.87690	1.1396	706.54	-0.049000	6.2421e-05	0.095016	supercritical
1424.5	95.000	25.169	0.039732	1082.0	1459.5	6.8218	0.87718	1.1399	707.29	-0.049090	6.2510e-05	0.095181	supercritical
1427.7	95.000	25.113	0.039820	1084.9	1463.2	6.8244	0.87745	1.1401	708.04	-0.049179	6.2600e-05	0.095346	supercritical
1430.9	95.000	25.057	0.039909	1087.7	1466.9	6.8270	0.87772	1.1404	708.79	-0.049268	6.2690e-05	0.095511	supercritical
1434.2	95.000	25.001	0.039998	1090.6	1470.6	6.8295	0.87800	1.1406	709.54	-0.049356	6.2780e-05	0.095676	supercritical
1437.4	95.000	24.946	0.040087	1093.4	1474.2	6.8321	0.87827	1.1409	710.29	-0.049443	6.2869e-05	0.095841	supercritical
1440.6	95.000	24.890	0.040176	1096.3	1477.9	6.8347	0.87854	1.1412	711.03	-0.049530	6.2959e-05	0.096006	supercritical
1443.9	95.000	24.835	0.040265	1099.1	1481.6	6.8372	0.87881	1.1414	711.78	-0.049616	6.3048e-05	0.096171	supercritical
1447.1	95.000	24.781	0.040354	1102.0	1485.3	6.8398	0.87908	1.1417	712.52	-0.049702	6.3137e-05	0.096335	supercritical
1450.3	95.000	24.726	0.040443	1104.8	1489.0	6.8423	0.87935	1.1419	713.26	-0.049787	6.3227e-05	0.096500	supercritical
1453.6	95.000	24.672	0.040532	1107.6	1492.7	6.8449	0.87962	1.1422	714.01	-0.049872	6.3316e-05	0.096664	supercritical
1456.8	95.000	24.618	0.040621	1110.5	1496.4	6.8474	0.87989	1.1424	714.75	-0.049957	6.3405e-05	0.096829	supercritical
1460.0	95.000	24.564	0.040709	1113.3	1500.1	6.8499	0.88016	1.1427	715.49	-0.050040	6.3494e-05	0.096993	supercritical
1463.3	95.000	24.511	0.040798	1116.2	1503.8	6.8525	0.88043	1.1429	716.23	-0.050124	6.3583e-05	0.097158	supercritical
1466.5	95.000	24.458	0.040887	1119.0	1507.5	6.8550	0.88070	1.1432	716.97	-0.050206	6.3672e-05	0.097322	supercritical
1469.7	95.000	24.404	0.040976	1121.9	1511.2	6.8575	0.88096	1.1435	717.70	-0.050289	6.3761e-05	0.097486	supercritical
1473.0	95.000	24.352	0.041065	1124.8	1514.9	6.8600	0.88123	1.1437	718.44	-0.050370	6.3850e-05	0.097650	supercritical
1476.2	95.000	24.299	0.041154	1127.6	1518.6	6.8625	0.88149	1.1440	719.18	-0.050451	6.3939e-05	0.097814	supercritical
1479.4	95.000	24.247	0.041243	1130.5	1522.3	6.8650	0.88176	1.1442	719.91	-0.050532	6.4028e-05	0.097978	supercritical
1482.7	95.000	24.195	0.041332	1133.3	1526.0	6.8675	0.88202	1.1445	720.65	-0.050613	6.4116e-05	0.098142	supercritical
1485.9	95.000	24.143	0.041420	1136.2	1529.7	6.8700	0.88229	1.1447	721.38	-0.050692	6.4205e-05	0.098306	supercritical
1489.1	95.000	24.091	0.041509	1139.0	1533.4	6.8725	0.88255	1.1450	722.12	-0.050772	6.4293e-05	0.098470	supercritical
1492.4	95.000	24.040	0.041598	1141.9	1537.1	6.8750	0.88282	1.1452	722.85	-0.050850	6.4382e-05	0.098634	supercritical
1495.6	95.000	23.988	0.041687	1144.8	1540.8	6.8775	0.88308	1.1455	723.58	-0.050929	6.4470e-05	0.098797	supercritical
1498.8	95.000	23.937	0.041776	1147.6	1544.5	6.8800	0.88334	1.1457	724.31	-0.051007	6.4559e-05	0.098961	supercritical
1502.1	95.000	23.886	0.041865	1150.5	1548.2	6.8824	0.88360	1.1460	725.04	-0.051084	6.4647e-05	0.099125	supercritical
1505.3	95.000	23.836	0.041954	1153.3	1551.9	6.8849	0.88386	1.1462	725.77	-0.051161	6.4735e-05	0.099288	supercritical
1508.5	95.000	23.785	0.042042	1156.2	1555.6	6.8873	0.88413	1.1465	726.50	-0.051237	6.4823e-05	0.099452	supercritical
1511.8	95.000	23.735	0.042131	1159.1	1559.3	6.8898	0.88439	1.1467	727.23	-0.051313	6.4911e-05	0.099615	supercritical
1515.0	95.000	23.685	0.042220	1161.9	1563.0	6.8923	0.88465	1.1470	727.95	-0.051389	6.5000e-05	0.099778	supercritical
1518.2	95.000	23.636	0.042309	1164.8	1566.7	6.8947	0.88491	1.1472	728.68	-0.051464	6.5088e-05	0.099942	supercritical
1521.5	95.000	23.586	0.042398	1167.7	1570.4	6.8971	0.88517	1.1474	729.41	-0.051539	6.5175e-05	0.10010	supercritical
1524.7	95.000	23.537	0.042487	1170.5	1574.1	6.8996	0.88542	1.1477	730.13	-0.051613	6.5263e-05	0.10027	supercritical
1527.9	95.000	23.488	0.042576	1173.4	1577.9	6.9020	0.88568	1.1479	730.85	-0.051687	6.5351e-05	0.10043	supercritical
1531.2	95.000	23.439	0.042664	1176.3	1581.6	6.9044	0.88594	1.1482	731.58	-0.051760	6.5439e-05	0.10059	supercritical
1534.4	95.000	23.390	0.042753	1179.1	1585.3	6.9069	0.88620	1.1484	732.30	-0.051833	6.5527e-05	0.10076	supercritical
1537.6	95.000	23.342	0.042842	1182.0	1589.0	6.9093	0.88646	1.1487	733.02	-0.051906	6.5614e-05	0.10092	supercritical
1540.9	95.000	23.293	0.042931	1184.9	1592.7	6.9117	0.88671	1.1489	733.74	-0.051978	6.5702e-05	0.10108	supercritical
1544.1	95.000	23.245	0.043020	1187.7	1596.4	6.9141	0.88697	1.1492	734.46	-0.052049	6.5789e-05	0.10125	supercritical
1547.3	95.000	23.197	0.043109	1190.6	1600.1	6.9165	0.88723	1.1494	735.18	-0.052121	6.5877e-05	0.10141	supercritical
1550.6	95.000	23.150	0.043197	1193.5	1603.9	6.9189	0.88748	1.1497	735.90	-0.052191	6.5964e-05	0.10157	supercritical
1553.8	95.000	23.102	0.043286	1196.4	1607.6	6.9213	0.88774	1.1499	736.62	-0.052262	6.6051e-05	0.10173	supercritical
1557.0	95.000	23.055	0.043375	1199.2	1611.3	6.9237	0.88799	1.1501	737.33	-0.052332	6.6139e-05	0.10190	supercritical
1560.3	95.000	23.008	0.043464	1202.1	1615.0	6.9261	0.88825	1.1504	738.05	-0.052401	6.6226e-05	0.10206	supercritical
1563.5	95.000	22.961	0.043553	1205.0	1618.7	6.9285	0.88850	1.1506	738.76	-0.052470	6.6313e-05	0.10222	supercritical
1566.7	95.000	22.914	0.043641	1207.9	1622.5	6.9308	0.88875	1.1509	739.48	-0.052539	6.6400e-05	0.10238	supercritical
1570.0	95.000	22.867	0.043730	1210.7	1626.2	6.9332	0.88901	1.1511	740.19	-0.052607	6.6487e-05	0.10255	supercritical
1573.2	95.000	22.821	0.043819	1213.6	1629.9	6.9356	0.88926	1.1514	740.90	-0.052675	6.6574e-05	0.10271	supercritical
1576.4	95.000	22.775	0.043908	1216.5	1633.6	6.9379	0.88951	1.1516	741.62	-0.052743	6.6661e-05	0.10287	supercritical
1579.7	95.000	22.729	0.043997	1219.4	1637.3	6.9403	0.88977	1.1518	742.33	-0.052810	6.6748e-05	0.10303	supercritical
1582.9	95.000	22.683	0.044086	1222.3	1641.1	6.9427	0.89002	1.1521	743.04	-0.052877	6.6835e-05	0.10319	supercritical
1586.1	95.000	22.638	0.044174	1225.1	1644.8	6.9450	0.89027	1.1523	743.75	-0.052943	6.6922e-05	0.10336	supercritical
1589.4	95.000	22.592	0.044263	1228.0	1648.5	6.9474	0.89052	1.1526	744.46	-0.053009	6.7009e-05	0.10352	supercritical
1592.6	95.000	22.547	0.044352	1230.9	1652.2	6.9497	0.89077	1.1528	745.17	-0.053075	6.7095e-05	0.10368	supercritical
1595.8	95.000	22.502	0.044441	1233.8	1656.0	6.9520	0.89102	1.1530	745.87	-0.053140	6.7182e-05	0.10384	supercritical
1599.1	95.000	22.457	0.044530	1236.7	1659.7	6.9544	0.89128	1.1533	746.58	-0.053205	6.7268e-05	0.10400	supercritical
1602.3	95.000	22.412	0.044618	1239.6	1663.4	6.9567	0.89153	1.1535	747.29	-0.053269	6.7355e-05	0.10417	supercritical
1605.5	95.000	22.368	0.044707	1242.4	1667.2	6.9590	0.89178	1.1538	747.99	-0.053333	6.7441e-05	0.10433	supercritical
1608.8	95.000	22.323	0.044796	1245.3	1670.9	6.9613	0.89203	1.1540	748.70	-0.053397	6.7528e-05	0.10449	supercritical
1612.0	95.000	22.279	0.044885	1248.2	1674.6	6.9637	0.89227	1.1542	749.40	-0.053460	6.7614e-05	0.10465	supercritical
1615.2	95.000	22.235	0.044974	1251.1	1678.4	6.9660	0.89252	1.1545	750.10	-0.053523	6.7700e-05	0.10481	supercritical
1618.5	95.000	22.191	0.045062	1254.0	1682.1	6.9683	0.89277	1.1547	750.81	-0.053586	6.7787e-05	0.10497	supercritical
1621.7	95.000	22.148	0.045151	1256.9	1685.8	6.9706	0.89302	1.1550	751.51	-0.053648	6.7873e-05	0.10514	supercritical
1624.9	95.000	22.104	0.045240	1259.8	1689.6	6.9729	0.89327	1.1552	752.21	-0.053710	6.7959e-05	0.10530	supercritical
1628.2	95.000	22.061	0.045329	1262.7	1693.3	6.9752	0.89352	1.1554	752.91	-0.053771	6.8045e-05	0.10546	supercritical
1631.4	95.000	22.018	0.045417	1265.6	1697.0	6.9775	0.89377	1.1557	753.61	-0.053833	6.8131e-05	0.10562	supercritical
1634.6	95.000	21.975	0.045506	1268.5	1700.8	6.9798	0.89401	1.1559	754.31	-0.053893	6.8217e-05	0.10578	supercritical
1637.9	95.000	21.932	0.045595	1271.4	1704.5	6.9820	0.89426	1.1561	755.01	-0.053954	6.8303e-05	0.10594	supercritical
1641.1	95.000	21.890	0.045684	1274.2	1708.2	6.9843	0.89451	1.1564	755.71	-0.054014	6.8389e-05	0.10610	supercritical
1644.3	95.000	21.847	0.045773	1277.1	1712.0	6.9866	0.89475	1.1566	756.40	-0.054074	6.8475e-05	0.10626	supercritical
1647.6	95.000	21.805	0.045861	1280.0	1715.7	6.9889	0.89500	1.1569	757.10	-0.054133	6.8561e-05	0.10642	supercritical
1650.8	95.000	21.763	0.045950	1282.9	1719.5	6.9911	0.89525	1.1571	757.79	-0.054192	6.8646e-05	0.10659	supercritical
1654.0	95.000	21.721	0.046039	1285.8	1723.2	6.9934	0.89549	1.1573	758.49	-0.054251	6.8732e-05	0.10675	supercritical
1657.3	95.000	21.679	0.046128	1288.7	1726.9	6.9957	0.89574	1.1576	759.18	-0.054309	6.8818e-05	0.10691	supercritical
1660.5	95.000	21.637	0.046216	1291.6	1730.7	6.9979	0.89598	1.1578	759.88	-0.054368	6.8903e-05	0.10707	supercritical
1663.7	95.000	21.596	0.046305	1294.5	1734.4	7.0002	0.89623	1.1580	760.57	-0.054425	6.8989e-05	0.10723	supercritical
1667.0	95.000	21.555	0.046394	1297.4	1738.2	7.0024	0.89647	1.1583	761.26	-0.054483	6.9074e-05	0.10739	supercritical
1670.2	95.000	21.513	0.046483	1300.3	1741.9	7.0047	0.89672	1.1585	761.95	-0.054540	6.9160e-05	0.10755	supercritical
1673.4	95.000	21.472	0.046571	1303.2	1745.7	7.0069	0.89696	1.1587	762.64	-0.054597	6.9245e-05	0.10771	supercritical
1676.7	95.000	21.432	0.046660	1306.1	1749.4	7.0092	0.89721	1.1590	763.33	-0.054653	6.9330e-05	0.10787	supercritical
1679.9	95.000	21.391	0.046749	1309.1	1753.2	7.0114	0.89745	1.1592	764.02	-0.054709	6.9416e-05	0.10803	supercritical
1683.1	95.000	21.350	0.046838	1312.0	1756.9	7.0136	0.89769	1.1595	764.71	-0.054765	6.9501e-05	0.10819	supercritical
1686.4	95.000	21.310	0.046927	1314.9	1760.7	7.0158	0.89794	1.1597	765.40	-0.054820	6.9586e-05	0.10835	supercritical
1689.6	95.000	21.270	0.047015	1317.8	1764.4	7.0181	0.89818	1.1599	766.08	-0.054876	6.9671e-05	0.10851	supercritical
1692.8	95.000	21.230	0.047104	1320.7	1768.2	7.0203	0.89843	1.1602	766.77	-0.054930	6.9756e-05	0.10867	supercritical
1696.1	95.000	21.190	0.047193	1323.6	1771.9	7.0225	0.89867	1.1604	767.46	-0.054985	6.9842e-05	0.10883	supercritical
1699.3	95.000	21.150	0.047282	1326.5	1775.7	7.0247	0.89891	1.1606	768.14	-0.055039	6.9927e-05	0.10899	supercritical
1702.5	95.000	21.110	0.047370	1329.4	1779.4	7.0269	0.89915	1.1609	768.83	-0.055093	7.0012e-05	0.10915	supercritical
1705.8	95.000	21.071	0.047459	1332.3	1783.2	7.0291	0.89940	1.1611	769.51	-0.055147	7.0096e-05	0.10931	supercritical
1709.0	95.000	21.031	0.047548	1335.2	1786.9	7.0313	0.89964	1.1613	770.19	-0.055200	7.0181e-05	0.10947	supercritical
1712.2	95.000	20.992	0.047637	1338.1	1790.7	7.0335	0.89988	1.1616	770.88	-0.055253	7.0266e-05	0.10963	supercritical
1715.5	95.000	20.953	0.047725	1341.1	1794.4	7.0357	0.90012	1.1618	771.56	-0.055306	7.0351e-05	0.10979	supercritical
1718.7	95.000	20.914	0.047814	1344.0	1798.2	7.0379	0.90036	1.1620	772.24	-0.055358	7.0436e-05	0.10995	supercritical
1721.9	95.000	20.876	0.047903	1346.9	1802.0	7.0401	0.90060	1.1623	772.92	-0.055410	7.0520e-05	0.11011	supercritical
1725.2	95.000	20.837	0.047991	1349.8	1805.7	7.0422	0.90085	1.1625	773.60	-0.055462	7.0605e-05	0.11027	supercritical
1728.4	95.000	20.799	0.048080	1352.7	1809.5	7.0444	0.90109	1.1627	774.28	-0.055514	7.0690e-05	0.11043	supercritical
1731.6	95.000	20.760	0.048169	1355.6	1813.2	7.0466	0.90133	1.1630	774.96	-0.055565	7.0774e-05	0.11059	supercritical
1734.9	95.000	20.722	0.048258	1358.5	1817.0	7.0488	0.90157	1.1632	775.63	-0.055616	7.0859e-05	0.11075	supercritical
1738.1	95.000	20.684	0.048346	1361.5	1820.8	7.0509	0.90181	1.1634	776.31	-0.055667	7.0943e-05	0.11091	supercritical
1741.3	95.000	20.646	0.048435	1364.4	1824.5	7.0531	0.90205	1.1637	776.99	-0.055717	7.1027e-05	0.11107	supercritical
1744.6	95.000	20.608	0.048524	1367.3	1828.3	7.0553	0.90229	1.1639	777.66	-0.055767	7.1112e-05	0.11123	supercritical
1747.8	95.000	20.571	0.048613	1370.2	1832.0	7.0574	0.90253	1.1641	778.34	-0.055817	7.1196e-05	0.11139	supercritical
1751.0	95.000	20.533	0.048701	1373.1	1835.8	7.0596	0.90277	1.1643	779.01	-0.055866	7.1280e-05	0.11155	supercritical
1754.3	95.000	20.496	0.048790	1376.1	1839.6	7.0617	0.90301	1.1646	779.69	-0.055916	7.1365e-05	0.11171	supercritical
1757.5	95.000	20.459	0.048879	1379.0	1843.3	7.0639	0.90325	1.1648	780.36	-0.055965	7.1449e-05	0.11187	supercritical
1760.7	95.000	20.422	0.048968	1381.9	1847.1	7.0660	0.90349	1.1650	781.03	-0.056013	7.1533e-05	0.11203	supercritical
1764.0	95.000	20.385	0.049056	1384.8	1850.9	7.0681	0.90372	1.1653	781.70	-0.056062	7.1617e-05	0.11219	supercritical
1767.2	95.000	20.348	0.049145	1387.8	1854.6	7.0703	0.90396	1.1655	782.37	-0.056110	7.1701e-05	0.11235	supercritical
1770.4	95.000	20.311	0.049234	1390.7	1858.4	7.0724	0.90420	1.1657	783.04	-0.056158	7.1785e-05	0.11251	supercritical
1773.7	95.000	20.275	0.049322	1393.6	1862.2	7.0745	0.90444	1.1660	783.71	-0.056206	7.1869e-05	0.11267	supercritical
1776.9	95.000	20.238	0.049411	1396.5	1865.9	7.0767	0.90468	1.1662	784.38	-0.056253	7.1953e-05	0.11282	supercritical
1780.1	95.000	20.202	0.049500	1399.5	1869.7	7.0788	0.90492	1.1664	785.05	-0.056300	7.2037e-05	0.11298	supercritical
1783.4	95.000	20.166	0.049589	1402.4	1873.5	7.0809	0.90516	1.1667	785.72	-0.056347	7.2121e-05	0.11314	supercritical
1786.6	95.000	20.130	0.049677	1405.3	1877.3	7.0830	0.90539	1.1669	786.39	-0.056393	7.2205e-05	0.11330	supercritical
1789.8	95.000	20.094	0.049766	1408.3	1881.0	7.0851	0.90563	1.1671	787.05	-0.056440	7.2289e-05	0.11346	supercritical
1793.1	95.000	20.058	0.049855	1411.2	1884.8	7.0872	0.90587	1.1674	787.72	-0.056486	7.2372e-05	0.11362	supercritical
1796.3	95.000	20.023	0.049943	1414.1	1888.6	7.0893	0.90611	1.1676	788.39	-0.056532	7.2456e-05	0.11378	supercritical
1799.5	95.000	19.987	0.050032	1417.1	1892.4	7.0914	0.90634	1.1678	789.05	-0.056577	7.2540e-05	0.11394	supercritical
1802.8	95.000	19.952	0.050121	1420.0	1896.1	7.0935	0.90658	1.1680	789.72	-0.056622	7.2623e-05	0.11410	supercritical
1806.0	95.000	19.917	0.050210	1422.9	1899.9	7.0956	0.90682	1.1683	790.38	-0.056668	7.2707e-05	0.11425	supercritical
1809.2	95.000	19.881	0.050298	1425.9	1903.7	7.0977	0.90705	1.1685	791.04	-0.056712	7.2790e-05	0.11441	supercritical
1812.5	95.000	19.846	0.050387	1428.8	1907.5	7.0998	0.90729	1.1687	791.70	-0.056757	7.2874e-05	0.11457	supercritical
1815.7	95.000	19.812	0.050476	1431.7	1911.3	7.1019	0.90753	1.1690	792.37	-0.056801	7.2957e-05	0.11473	supercritical
1818.9	95.000	19.777	0.050564	1434.7	1915.0	7.1040	0.90776	1.1692	793.03	-0.056845	7.3041e-05	0.11489	supercritical
1822.2	95.000	19.742	0.050653	1437.6	1918.8	7.1060	0.90800	1.1694	793.69	-0.056889	7.3124e-05	0.11505	supercritical
1825.4	95.000	19.708	0.050742	1440.5	1922.6	7.1081	0.90824	1.1697	794.35	-0.056933	7.3207e-05	0.11521	supercritical
1828.6	95.000	19.673	0.050830	1443.5	1926.4	7.1102	0.90847	1.1699	795.01	-0.056976	7.3291e-05	0.11536	supercritical
1831.9	95.000	19.639	0.050919	1446.4	1930.2	7.1122	0.90871	1.1701	795.67	-0.057019	7.3374e-05	0.11552	supercritical
1835.1	95.000	19.605	0.051008	1449.4	1933.9	7.1143	0.90894	1.1703	796.32	-0.057062	7.3457e-05	0.11568	supercritical
1838.3	95.000	19.571	0.051097	1452.3	1937.7	7.1164	0.90918	1.1706	796.98	-0.057105	7.3540e-05	0.11584	supercritical
1841.6	95.000	19.537	0.051185	1455.3	1941.5	7.1184	0.90941	1.1708	797.64	-0.057147	7.3623e-05	0.11600	supercritical
1844.8	95.000	19.503	0.051274	1458.2	1945.3	7.1205	0.90965	1.1710	798.29	-0.057189	7.3706e-05	0.11616	supercritical
1848.0	95.000	19.469	0.051363	1461.1	1949.1	7.1225	0.90988	1.1713	798.95	-0.057231	7.3790e-05	0.11631	supercritical
1851.3	95.000	19.436	0.051451	1464.1	1952.9	7.1246	0.91012	1.1715	799.61	-0.057273	7.3873e-05	0.11647	supercritical
1854.5	95.000	19.402	0.051540	1467.0	1956.7	7.1266	0.91035	1.1717	800.26	-0.057314	7.3955e-05	0.11663	supercritical
1857.7	95.000	19.369	0.051629	1470.0	1960.4	7.1287	0.91059	1.1719	800.91	-0.057355	7.4038e-05	0.11679	supercritical
1861.0	95.000	19.336	0.051717	1472.9	1964.2	7.1307	0.91082	1.1722	801.57	-0.057396	7.4121e-05	0.11695	supercritical
1864.2	95.000	19.303	0.051806	1475.9	1968.0	7.1327	0.91106	1.1724	802.22	-0.057437	7.4204e-05	0.11710	supercritical
1867.4	95.000	19.270	0.051895	1478.8	1971.8	7.1348	0.91129	1.1726	802.87	-0.057478	7.4287e-05	0.11726	supercritical
1870.7	95.000	19.237	0.051983	1481.8	1975.6	7.1368	0.91152	1.1728	803.52	-0.057518	7.4370e-05	0.11742	supercritical
1873.9	95.000	19.204	0.052072	1484.7	1979.4	7.1388	0.91176	1.1731	804.17	-0.057558	7.4453e-05	0.11758	supercritical
1877.1	95.000	19.171	0.052161	1487.7	1983.2	7.1408	0.91199	1.1733	804.82	-0.057598	7.4535e-05	0.11774	supercritical
1880.4	95.000	19.139	0.052249	1490.6	1987.0	7.1429	0.91223	1.1735	805.47	-0.057638	7.4618e-05	0.11789	supercritical
1883.6	95.000	19.107	0.052338	1493.6	1990.8	7.1449	0.91246	1.1738	806.12	-0.057677	7.4701e-05	0.11805	supercritical
1886.8	95.000	19.074	0.052427	1496.5	1994.6	7.1469	0.91269	1.1740	806.77	-0.057716	7.4783e-05	0.11821	supercritical
1890.1	95.000	19.042	0.052516	1499.5	1998.4	7.1489	0.91293	1.1742	807.42	-0.057755	7.4866e-05	0.11837	supercritical
1893.3	95.000	19.010	0.052604	1502.4	2002.2	7.1509	0.91316	1.1744	808.07	-0.057794	7.4948e-05	0.11852	supercritical
1896.5	95.000	18.978	0.052693	1505.4	2006.0	7.1529	0.91339	1.1747	808.71	-0.057833	7.5031e-05	0.11868	supercritical
1899.8	95.000	18.946	0.052782	1508.3	2009.8	7.1549	0.91363	1.1749	809.36	-0.057871	7.5113e-05	0.11884	supercritical
1903.0	95.000	18.914	0.052870	1511.3	2013.6	7.1569	0.91386	1.1751	810.01	-0.057909	7.5196e-05	0.11900	supercritical
1906.2	95.000	18.883	0.052959	1514.3	2017.4	7.1589	0.91409	1.1754	810.65	-0.057947	7.5278e-05	0.11915	supercritical
1909.5	95.000	18.851	0.053048	1517.2	2021.2	7.1609	0.91432	1.1756	811.30	-0.057985	7.5360e-05	0.11931	supercritical
1912.7	95.000	18.820	0.053136	1520.2	2025.0	7.1629	0.91456	1.1758	811.94	-0.058022	7.5443e-05	0.11947	supercritical
1915.9	95.000	18.788	0.053225	1523.1	2028.8	7.1649	0.91479	1.1760	812.58	-0.058060	7.5525e-05	0.11963	supercritical
1919.2	95.000	18.757	0.053314	1526.1	2032.6	7.1669	0.91502	1.1763	813.23	-0.058097	7.5607e-05	0.11978	supercritical
1922.4	95.000	18.726	0.053402	1529.1	2036.4	7.1688	0.91525	1.1765	813.87	-0.058134	7.5689e-05	0.11994	supercritical
1925.6	95.000	18.695	0.053491	1532.0	2040.2	7.1708	0.91549	1.1767	814.51	-0.058171	7.5772e-05	0.12010	supercritical
1928.9	95.000	18.664	0.053580	1535.0	2044.0	7.1728	0.91572	1.1769	815.15	-0.058207	7.5854e-05	0.12025	supercritical
1932.1	95.000	18.633	0.053668	1537.9	2047.8	7.1748	0.91595	1.1772	815.79	-0.058243	7.5936e-05	0.12041	supercritical
1935.3	95.000	18.602	0.053757	1540.9	2051.6	7.1767	0.91618	1.1774	816.43	-0.058280	7.6018e-05	0.12057	supercritical
1938.6	95.000	18.572	0.053846	1543.9	2055.4	7.1787	0.91641	1.1776	817.07	-0.058316	7.6100e-05	0.12073	supercritical
1941.8	95.000	18.541	0.053934	1546.8	2059.2	7.1807	0.91664	1.1778	817.71	-0.058351	7.6182e-05	0.12088	supercritical
1945.0	95.000	18.511	0.054023	1549.8	2063.0	7.1826	0.91687	1.1781	818.35	-0.058387	7.6264e-05	0.12104	supercritical
1948.3	95.000	18.480	0.054112	1552.8	2066.8	7.1846	0.91711	1.1783	818.99	-0.058422	7.6346e-05	0.12120	supercritical
1951.5	95.000	18.450	0.054200	1555.7	2070.6	7.1865	0.91734	1.1785	819.62	-0.058457	7.6428e-05	0.12135	supercritical
1954.7	95.000	18.420	0.054289	1558.7	2074.5	7.1885	0.91757	1.1787	820.26	-0.058492	7.6510e-05	0.12151	supercritical
1958.0	95.000	18.390	0.054378	1561.7	2078.3	7.1904	0.91780	1.1790	820.90	-0.058527	7.6591e-05	0.12167	supercritical
1961.2	95.000	18.360	0.054466	1564.7	2082.1	7.1924	0.91803	1.1792	821.53	-0.058562	7.6673e-05	0.12182	supercritical
1964.4	95.000	18.330	0.054555	1567.6	2085.9	7.1943	0.91826	1.1794	822.17	-0.058596	7.6755e-05	0.12198	supercritical
1967.7	95.000	18.300	0.054644	1570.6	2089.7	7.1963	0.91849	1.1796	822.80	-0.058630	7.6837e-05	0.12214	supercritical
1970.9	95.000	18.271	0.054732	1573.6	2093.5	7.1982	0.91872	1.1799	823.43	-0.058664	7.6918e-05	0.12229	supercritical
1974.1	95.000	18.241	0.054821	1576.5	2097.3	7.2001	0.91895	1.1801	824.07	-0.058698	7.7000e-05	0.12245	supercritical
1977.4	95.000	18.212	0.054909	1579.5	2101.2	7.2021	0.91918	1.1803	824.70	-0.058732	7.7082e-05	0.12261	supercritical
1980.6	95.000	18.182	0.054998	1582.5	2105.0	7.2040	0.91941	1.1805	825.33	-0.058765	7.7163e-05	0.12276	supercritical
1983.8	95.000	18.153	0.055087	1585.5	2108.8	7.2059	0.91964	1.1808	825.96	-0.058799	7.7245e-05	0.12292	supercritical
1987.1	95.000	18.124	0.055175	1588.4	2112.6	7.2078	0.91987	1.1810	826.60	-0.058832	7.7326e-05	0.12308	supercritical
1990.3	95.000	18.095	0.055264	1591.4	2116.4	7.2098	0.92010	1.1812	827.23	-0.058865	7.7408e-05	0.12323	supercritical
1993.5	95.000	18.066	0.055353	1594.4	2120.2	7.2117	0.92033	1.1814	827.86	-0.058897	7.7489e-05	0.12339	supercritical
1996.8	95.000	18.037	0.055441	1597.4	2124.1	7.2136	0.92056	1.1817	828.49	-0.058930	7.7571e-05	0.12355	supercritical
2000.0	95.000	18.008	0.055530	1600.4	2127.9	7.2155	0.92079	1.1819	829.12	-0.058962	7.7652e-05	0.12370	supercritical
