Temperature (K)	Pressure (bar)	Density (kg/m3)	Volume (m3/kg)	Internal Energy (kJ/kg)	Enthalpy (kJ/kg)	Entropy (J/g*K)	Cv (J/g*K)	Cp (J/g*K)	Sound Spd. (m/s)	Joule-Thomson (K/bar)	Viscosity (Pa*s)	Therm. Cond. (W/m*K)	Phase
16.000	41.000	78.648	0.012715	-46.725	5.4062	-2.6208	5.3169	7.1266	1361.4	-0.15259	2.5983e-05	0.10434	liquid
17.000	41.000	77.923	0.012833	-39.934	12.682	-2.1798	5.4049	7.4282	1346.2	-0.14486	2.3454e-05	0.10597	liquid
18.000	41.000	77.167	0.012959	-32.864	20.268	-1.7463	5.4905	7.7451	1330.4	-0.13722	2.1336e-05	0.10739	liquid
19.000	41.000	76.380	0.013092	-25.503	28.176	-1.3188	5.5717	8.0744	1313.6	-0.12975	1.9537e-05	0.10861	liquid
20.000	41.000	75.560	0.013234	-17.841	36.421	-0.89597	5.6495	8.4164	1296.0	-0.12241	1.7991e-05	0.10962	liquid
21.000	41.000	74.706	0.013386	-9.8682	45.014	-0.47677	5.7244	8.7727	1277.4	-0.11517	1.6649e-05	0.11043	liquid
22.000	41.000	73.815	0.013547	-1.5732	53.971	-0.060150	5.7969	9.1445	1257.7	-0.10800	1.5474e-05	0.11105	liquid
23.000	41.000	72.886	0.013720	7.0566	63.308	0.35485	5.8668	9.5332	1237.2	-0.10086	1.4437e-05	0.11147	liquid
24.000	41.000	71.918	0.013905	16.034	73.044	0.76912	5.9338	9.9406	1215.6	-0.093693	1.3515e-05	0.11171	liquid
25.000	41.000	70.907	0.014103	25.374	83.196	1.1835	5.9976	10.369	1193.0	-0.086464	1.2688e-05	0.11176	liquid
26.000	41.000	69.850	0.014316	35.091	93.789	1.5989	6.0578	10.820	1169.5	-0.079112	1.1941e-05	0.11164	liquid
27.000	41.000	68.745	0.014547	45.204	104.84	2.0161	6.1143	11.297	1144.9	-0.071574	1.1263e-05	0.11134	liquid
28.000	41.000	67.587	0.014796	55.731	116.39	2.4360	6.1669	11.806	1119.4	-0.063775	1.0643e-05	0.11087	liquid
29.000	41.000	66.372	0.015067	66.695	128.47	2.8597	6.2157	12.349	1092.8	-0.055632	1.0071e-05	0.11023	liquid
30.000	41.000	65.095	0.015362	78.121	141.11	3.2881	6.2607	12.935	1065.1	-0.047050	9.5413e-06	0.10942	liquid
31.000	41.000	63.750	0.015686	90.039	154.35	3.7224	6.3023	13.569	1036.4	-0.037919	9.0464e-06	0.10850	liquid
32.000	41.000	62.329	0.016044	102.48	168.26	4.1640	6.3408	14.262	1006.7	-0.028117	8.5814e-06	0.10742	liquid
33.000	41.000	60.825	0.016441	115.49	182.90	4.6143	6.3767	15.022	975.87	-0.017506	8.1416e-06	0.10617	liquid
34.000	41.000	59.229	0.016884	129.11	198.33	5.0750	6.4108	15.859	944.09	-0.0059344	7.7232e-06	0.10475	supercritical
35.000	41.000	57.532	0.017382	143.38	214.65	5.5478	6.4438	16.785	911.45	0.0067598	7.3229e-06	0.10315	supercritical
36.000	41.000	55.724	0.017946	158.36	231.93	6.0347	6.4766	17.805	878.15	0.020736	6.9383e-06	0.10135	supercritical
37.000	41.000	53.797	0.018588	174.08	250.29	6.5375	6.5103	18.918	844.50	0.036129	6.5677e-06	0.099366	supercritical
38.000	41.000	51.746	0.019325	190.56	269.80	7.0577	6.5457	20.110	811.03	0.053011	6.2107e-06	0.097176	supercritical
39.000	41.000	49.573	0.020172	207.82	290.52	7.5960	6.5834	21.340	778.43	0.071332	5.8679e-06	0.094784	supercritical
40.000	41.000	47.292	0.021145	225.77	312.47	8.1515	6.6228	22.533	747.62	0.090858	5.5416e-06	0.092201	supercritical
41.000	41.000	44.932	0.022256	244.29	335.54	8.7212	6.6626	23.582	719.64	0.11112	5.2357e-06	0.089457	supercritical
42.000	41.000	42.538	0.023509	263.16	359.54	9.2995	6.6996	24.367	695.44	0.13143	4.9546e-06	0.086603	supercritical
43.000	41.000	40.167	0.024896	282.08	384.15	9.8787	6.7304	24.795	675.64	0.15099	4.7029e-06	0.083713	supercritical
44.000	41.000	37.879	0.026400	300.76	409.00	10.450	6.7520	24.832	660.40	0.16905	4.4833e-06	0.080874	supercritical
45.000	41.000	35.721	0.027995	318.92	433.70	11.005	6.7631	24.513	649.45	0.18500	4.2965e-06	0.078170	supercritical
46.000	41.000	33.727	0.029650	336.37	457.93	11.538	6.7643	23.921	642.20	0.19849	4.1411e-06	0.075666	supercritical
47.000	41.000	31.908	0.031340	352.99	481.48	12.044	6.7576	23.155	637.98	0.20940	4.0139e-06	0.073401	supercritical
48.000	41.000	30.266	0.033041	368.75	504.22	12.523	6.7454	22.307	636.14	0.21783	3.9112e-06	0.071380	supercritical
49.000	41.000	28.788	0.034736	383.67	526.09	12.974	6.7301	21.445	636.13	0.22399	3.8291e-06	0.069558	supercritical
50.000	41.000	27.460	0.036416	397.81	547.12	13.399	6.7134	20.615	637.49	0.22818	3.7642e-06	0.067726	supercritical
51.000	41.000	26.265	0.038073	411.24	567.34	13.799	6.6966	19.840	639.89	0.23072	3.7133e-06	0.066769	supercritical
52.000	41.000	25.187	0.039704	424.04	586.82	14.177	6.6805	19.130	643.06	0.23189	3.6740e-06	0.065993	supercritical
53.000	41.000	24.210	0.041306	436.27	605.62	14.536	6.6655	18.488	646.80	0.23196	3.6442e-06	0.065371	supercritical
54.000	41.000	23.321	0.042881	448.01	623.82	14.876	6.6520	17.911	650.96	0.23116	3.6221e-06	0.064881	supercritical
55.000	41.000	22.508	0.044428	459.31	641.47	15.200	6.6400	17.394	655.43	0.22965	3.6065e-06	0.064502	supercritical
56.000	41.000	21.763	0.045949	470.23	658.62	15.509	6.6296	16.930	660.12	0.22760	3.5963e-06	0.064218	supercritical
57.000	41.000	21.077	0.047446	480.81	675.34	15.805	6.6207	16.515	664.98	0.22512	3.5906e-06	0.064017	supercritical
58.000	41.000	20.442	0.048919	491.10	691.67	16.089	6.6134	16.141	669.95	0.22231	3.5888e-06	0.063887	supercritical
59.000	41.000	19.853	0.050370	501.12	707.64	16.362	6.6075	15.806	674.99	0.21925	3.5901e-06	0.063818	supercritical
60.000	41.000	19.304	0.051802	510.90	723.29	16.625	6.6031	15.503	680.08	0.21599	3.5943e-06	0.063803	supercritical
61.000	41.000	18.792	0.053214	520.48	738.65	16.879	6.6000	15.229	685.18	0.21258	3.6009e-06	0.063835	supercritical
62.000	41.000	18.312	0.054608	529.86	753.75	17.124	6.5983	14.980	690.29	0.20907	3.6095e-06	0.063909	supercritical
63.000	41.000	17.862	0.055986	539.08	768.62	17.362	6.5978	14.755	695.39	0.20549	3.6200e-06	0.064019	supercritical
64.000	41.000	17.437	0.057348	548.14	783.27	17.593	6.5986	14.549	700.47	0.20186	3.6320e-06	0.064162	supercritical
65.000	41.000	17.037	0.058696	557.07	797.72	17.817	6.6006	14.362	705.52	0.19820	3.6454e-06	0.064335	supercritical
66.000	41.000	16.658	0.060031	565.87	812.00	18.035	6.6038	14.190	710.53	0.19453	3.6600e-06	0.064534	supercritical
67.000	41.000	16.299	0.061352	574.57	826.11	18.247	6.6081	14.033	715.50	0.19085	3.6757e-06	0.064756	supercritical
68.000	41.000	15.959	0.062662	583.16	840.07	18.454	6.6135	13.889	720.43	0.18720	3.6923e-06	0.065001	supercritical
69.000	41.000	15.635	0.063960	591.66	853.89	18.656	6.6200	13.757	725.30	0.18356	3.7098e-06	0.065265	supercritical
70.000	41.000	15.326	0.065248	600.07	867.59	18.853	6.6275	13.636	730.13	0.17995	3.7281e-06	0.065547	supercritical
71.000	41.000	15.032	0.066525	608.41	881.17	19.045	6.6360	13.525	734.90	0.17637	3.7470e-06	0.065846	supercritical
72.000	41.000	14.751	0.067794	616.69	894.64	19.234	6.6455	13.422	739.62	0.17283	3.7666e-06	0.066160	supercritical
73.000	41.000	14.482	0.069053	624.90	908.01	19.418	6.6560	13.328	744.28	0.16933	3.7867e-06	0.066489	supercritical
74.000	41.000	14.224	0.070304	633.05	921.30	19.599	6.6673	13.241	748.89	0.16588	3.8072e-06	0.066830	supercritical
75.000	41.000	13.977	0.071547	641.16	934.50	19.776	6.6796	13.161	753.45	0.16247	3.8283e-06	0.067184	supercritical
76.000	41.000	13.740	0.072782	649.21	947.62	19.950	6.6928	13.087	757.94	0.15911	3.8497e-06	0.067549	supercritical
77.000	41.000	13.512	0.074010	657.23	960.67	20.121	6.7068	13.019	762.39	0.15580	3.8715e-06	0.067925	supercritical
78.000	41.000	13.292	0.075232	665.21	973.66	20.288	6.7217	12.957	766.78	0.15255	3.8936e-06	0.068312	supercritical
79.000	41.000	13.081	0.076446	673.16	986.59	20.453	6.7373	12.900	771.12	0.14934	3.9161e-06	0.068707	supercritical
80.000	41.000	12.877	0.077655	681.08	999.46	20.615	6.7538	12.847	775.40	0.14619	3.9388e-06	0.069112	supercritical
81.000	41.000	12.681	0.078857	688.97	1012.3	20.774	6.7709	12.799	779.64	0.14308	3.9617e-06	0.069526	supercritical
82.000	41.000	12.492	0.080054	696.84	1025.1	20.931	6.7888	12.755	783.82	0.14003	3.9849e-06	0.069948	supercritical
83.000	41.000	12.308	0.081246	704.69	1037.8	21.085	6.8074	12.714	787.96	0.13704	4.0083e-06	0.070377	supercritical
84.000	41.000	12.131	0.082432	712.52	1050.5	21.237	6.8266	12.678	792.05	0.13409	4.0318e-06	0.070814	supercritical
85.000	41.000	11.960	0.083613	720.34	1063.2	21.387	6.8464	12.644	796.09	0.13120	4.0556e-06	0.071258	supercritical
86.000	41.000	11.794	0.084790	728.14	1075.8	21.535	6.8669	12.614	800.08	0.12836	4.0794e-06	0.071709	supercritical
87.000	41.000	11.633	0.085962	735.94	1088.4	21.680	6.8880	12.587	804.03	0.12557	4.1035e-06	0.072167	supercritical
88.000	41.000	11.477	0.087129	743.73	1101.0	21.824	6.9096	12.563	807.94	0.12283	4.1276e-06	0.072631	supercritical
89.000	41.000	11.326	0.088293	751.51	1113.5	21.966	6.9317	12.541	811.80	0.12015	4.1519e-06	0.073101	supercritical
90.000	41.000	11.179	0.089452	759.29	1126.0	22.106	6.9544	12.521	815.63	0.11751	4.1762e-06	0.073577	supercritical
91.000	41.000	11.037	0.090607	767.06	1138.6	22.244	6.9775	12.504	819.41	0.11492	4.2007e-06	0.074059	supercritical
92.000	41.000	10.898	0.091759	774.84	1151.0	22.381	7.0011	12.489	823.15	0.11238	4.2253e-06	0.074546	supercritical
93.000	41.000	10.763	0.092907	782.61	1163.5	22.516	7.0251	12.476	826.86	0.10988	4.2499e-06	0.075039	supercritical
94.000	41.000	10.632	0.094052	790.39	1176.0	22.649	7.0495	12.465	830.53	0.10744	4.2746e-06	0.075536	supercritical
95.000	41.000	10.505	0.095193	798.17	1188.5	22.781	7.0743	12.456	834.16	0.10504	4.2993e-06	0.076039	supercritical
96.000	41.000	10.381	0.096332	805.95	1200.9	22.911	7.0994	12.449	837.76	0.10268	4.3241e-06	0.076547	supercritical
97.000	41.000	10.260	0.097467	813.75	1213.4	23.040	7.1249	12.443	841.33	0.10038	4.3490e-06	0.077060	supercritical
98.000	41.000	10.142	0.098599	821.55	1225.8	23.168	7.1507	12.439	844.86	0.098111	4.3739e-06	0.077577	supercritical
99.000	41.000	10.027	0.099728	829.35	1238.2	23.294	7.1768	12.436	848.37	0.095890	4.3988e-06	0.078099	supercritical
100.00	41.000	9.9153	0.10085	837.17	1250.7	23.419	7.2031	12.434	851.84	0.093711	4.4238e-06	0.078625	supercritical
101.00	41.000	9.8060	0.10198	845.00	1263.1	23.543	7.2297	12.434	855.28	0.091575	4.4488e-06	0.079155	supercritical
102.00	41.000	9.6994	0.10310	852.83	1275.5	23.665	7.2566	12.435	858.70	0.089479	4.4738e-06	0.079690	supercritical
103.00	41.000	9.5953	0.10422	860.68	1288.0	23.787	7.2836	12.437	862.09	0.087424	4.4989e-06	0.080228	supercritical
104.00	41.000	9.4936	0.10533	868.54	1300.4	23.907	7.3108	12.440	865.45	0.085409	4.5240e-06	0.080771	supercritical
105.00	41.000	9.3943	0.10645	876.42	1312.9	24.026	7.3382	12.444	868.78	0.083432	4.5490e-06	0.081317	supercritical
106.00	41.000	9.2972	0.10756	884.31	1325.3	24.144	7.3657	12.449	872.09	0.081494	4.5741e-06	0.081867	supercritical
107.00	41.000	9.2023	0.10867	892.21	1337.8	24.261	7.3934	12.455	875.38	0.079593	4.5992e-06	0.082421	supercritical
108.00	41.000	9.1095	0.10978	900.13	1350.2	24.377	7.4212	12.462	878.64	0.077728	4.6243e-06	0.082978	supercritical
109.00	41.000	9.0187	0.11088	908.07	1362.7	24.492	7.4491	12.470	881.88	0.075900	4.6494e-06	0.083538	supercritical
110.00	41.000	8.9298	0.11198	916.02	1375.2	24.606	7.4771	12.478	885.10	0.074107	4.6745e-06	0.084102	supercritical
111.00	41.000	8.8429	0.11309	923.99	1387.6	24.719	7.5051	12.487	888.30	0.072348	4.6996e-06	0.084669	supercritical
112.00	41.000	8.7578	0.11418	931.97	1400.1	24.831	7.5332	12.497	891.47	0.070623	4.7247e-06	0.085239	supercritical
113.00	41.000	8.6744	0.11528	939.98	1412.6	24.942	7.5613	12.508	894.63	0.068930	4.7498e-06	0.085812	supercritical
114.00	41.000	8.5927	0.11638	948.00	1425.1	25.052	7.5895	12.519	897.77	0.067271	4.7749e-06	0.086388	supercritical
115.00	41.000	8.5127	0.11747	956.04	1437.7	25.161	7.6176	12.530	900.89	0.065643	4.8000e-06	0.086967	supercritical
116.00	41.000	8.4343	0.11856	964.09	1450.2	25.270	7.6458	12.542	903.99	0.064046	4.8250e-06	0.087548	supercritical
117.00	41.000	8.3574	0.11965	972.17	1462.8	25.378	7.6739	12.554	907.07	0.062479	4.8501e-06	0.088132	supercritical
118.00	41.000	8.2821	0.12074	980.27	1475.3	25.485	7.7020	12.567	910.14	0.060942	4.8751e-06	0.088719	supercritical
119.00	41.000	8.2081	0.12183	988.38	1487.9	25.591	7.7301	12.581	913.19	0.059434	4.9001e-06	0.089308	supercritical
120.00	41.000	8.1356	0.12292	996.52	1500.5	25.696	7.7582	12.594	916.22	0.057954	4.9251e-06	0.089899	supercritical
121.00	41.000	8.0645	0.12400	1004.7	1513.1	25.801	7.7861	12.608	919.24	0.056502	4.9501e-06	0.090493	supercritical
122.00	41.000	7.9947	0.12508	1012.9	1525.7	25.904	7.8140	12.623	922.24	0.055078	4.9751e-06	0.091089	supercritical
123.00	41.000	7.9261	0.12617	1021.0	1538.3	26.008	7.8419	12.637	925.23	0.053680	5.0000e-06	0.091687	supercritical
124.00	41.000	7.8588	0.12725	1029.3	1551.0	26.110	7.8696	12.652	928.21	0.052308	5.0250e-06	0.092287	supercritical
125.00	41.000	7.7928	0.12832	1037.5	1563.6	26.212	7.8972	12.668	931.17	0.050961	5.0499e-06	0.092889	supercritical
126.00	41.000	7.7279	0.12940	1045.8	1576.3	26.313	7.9248	12.683	934.11	0.049639	5.0747e-06	0.093492	supercritical
127.00	41.000	7.6641	0.13048	1054.0	1589.0	26.413	7.9522	12.699	937.05	0.048342	5.0996e-06	0.094097	supercritical
128.00	41.000	7.6015	0.13155	1062.3	1601.7	26.513	7.9795	12.715	939.97	0.047068	5.1244e-06	0.094704	supercritical
129.00	41.000	7.5399	0.13263	1070.7	1614.4	26.612	8.0067	12.731	942.88	0.045818	5.1492e-06	0.095313	supercritical
130.00	41.000	7.4794	0.13370	1079.0	1627.2	26.710	8.0338	12.747	945.78	0.044590	5.1740e-06	0.095923	supercritical
131.00	41.000	7.4200	0.13477	1087.4	1639.9	26.808	8.0607	12.763	948.66	0.043384	5.1988e-06	0.096535	supercritical
132.00	41.000	7.3615	0.13584	1095.7	1652.7	26.905	8.0875	12.780	951.53	0.042201	5.2235e-06	0.097147	supercritical
133.00	41.000	7.3040	0.13691	1104.1	1665.5	27.001	8.1141	12.796	954.40	0.041038	5.2482e-06	0.097761	supercritical
134.00	41.000	7.2474	0.13798	1112.6	1678.3	27.097	8.1406	12.813	957.25	0.039896	5.2729e-06	0.098377	supercritical
135.00	41.000	7.1918	0.13905	1121.0	1691.1	27.193	8.1669	12.830	960.09	0.038775	5.2975e-06	0.098993	supercritical
136.00	41.000	7.1371	0.14011	1129.5	1703.9	27.287	8.1930	12.847	962.92	0.037673	5.3221e-06	0.099610	supercritical
137.00	41.000	7.0832	0.14118	1138.0	1716.8	27.382	8.2190	12.864	965.74	0.036591	5.3467e-06	0.10023	supercritical
138.00	41.000	7.0302	0.14224	1146.5	1729.7	27.475	8.2448	12.881	968.55	0.035528	5.3713e-06	0.10085	supercritical
139.00	41.000	6.9780	0.14331	1155.0	1742.6	27.568	8.2704	12.897	971.35	0.034483	5.3958e-06	0.10147	supercritical
140.00	41.000	6.9267	0.14437	1163.5	1755.5	27.661	8.2959	12.915	974.14	0.033456	5.4203e-06	0.10209	supercritical
141.00	41.000	6.8761	0.14543	1172.1	1768.4	27.753	8.3211	12.932	976.93	0.032447	5.4448e-06	0.10271	supercritical
142.00	41.000	6.8263	0.14649	1180.7	1781.3	27.844	8.3462	12.949	979.70	0.031456	5.4692e-06	0.10333	supercritical
143.00	41.000	6.7773	0.14755	1189.3	1794.3	27.935	8.3711	12.966	982.46	0.030481	5.4936e-06	0.10395	supercritical
144.00	41.000	6.7290	0.14861	1198.0	1807.3	28.025	8.3958	12.983	985.22	0.029523	5.5180e-06	0.10458	supercritical
145.00	41.000	6.6814	0.14967	1206.6	1820.2	28.115	8.4203	13.000	987.97	0.028581	5.5424e-06	0.10520	supercritical
146.00	41.000	6.6345	0.15073	1215.3	1833.3	28.205	8.4446	13.017	990.71	0.027655	5.5667e-06	0.10582	supercritical
147.00	41.000	6.5884	0.15178	1224.0	1846.3	28.294	8.4687	13.034	993.44	0.026744	5.5910e-06	0.10645	supercritical
148.00	41.000	6.5428	0.15284	1232.7	1859.3	28.382	8.4926	13.051	996.16	0.025849	5.6152e-06	0.10707	supercritical
149.00	41.000	6.4980	0.15389	1241.4	1872.4	28.470	8.5163	13.067	998.87	0.024968	5.6395e-06	0.10770	supercritical
150.00	41.000	6.4538	0.15495	1250.2	1885.5	28.558	8.5399	13.084	1001.6	0.024102	5.6637e-06	0.10832	supercritical
151.00	41.000	6.4102	0.15600	1258.9	1898.6	28.645	8.5632	13.101	1004.3	0.023250	5.6878e-06	0.10895	supercritical
152.00	41.000	6.3672	0.15705	1267.7	1911.7	28.731	8.5863	13.118	1007.0	0.022412	5.7119e-06	0.10957	supercritical
153.00	41.000	6.3248	0.15811	1276.5	1924.8	28.817	8.6092	13.134	1009.7	0.021588	5.7360e-06	0.11019	supercritical
154.00	41.000	6.2830	0.15916	1285.4	1937.9	28.903	8.6319	13.151	1012.3	0.020776	5.7601e-06	0.11082	supercritical
155.00	41.000	6.2418	0.16021	1294.2	1951.1	28.988	8.6543	13.167	1015.0	0.019978	5.7841e-06	0.11144	supercritical
156.00	41.000	6.2012	0.16126	1303.1	1964.3	29.073	8.6766	13.184	1017.7	0.019192	5.8081e-06	0.11207	supercritical
157.00	41.000	6.1611	0.16231	1312.0	1977.5	29.157	8.6987	13.200	1020.3	0.018419	5.8321e-06	0.11269	supercritical
158.00	41.000	6.1215	0.16336	1320.9	1990.7	29.241	8.7205	13.216	1023.0	0.017658	5.8561e-06	0.11331	supercritical
159.00	41.000	6.0825	0.16441	1329.8	2003.9	29.324	8.7422	13.233	1025.6	0.016909	5.8800e-06	0.11394	supercritical
160.00	41.000	6.0440	0.16545	1338.8	2017.1	29.407	8.7636	13.249	1028.3	0.016171	5.9038e-06	0.11456	supercritical
161.00	41.000	6.0059	0.16650	1347.7	2030.4	29.490	8.7849	13.265	1030.9	0.015445	5.9277e-06	0.11518	supercritical
162.00	41.000	5.9684	0.16755	1356.7	2043.7	29.572	8.8059	13.280	1033.5	0.014730	5.9515e-06	0.11580	supercritical
163.00	41.000	5.9314	0.16859	1365.7	2056.9	29.654	8.8267	13.296	1036.1	0.014026	5.9753e-06	0.11642	supercritical
164.00	41.000	5.8948	0.16964	1374.7	2070.3	29.735	8.8473	13.312	1038.7	0.013332	5.9990e-06	0.11704	supercritical
165.00	41.000	5.8587	0.17068	1383.8	2083.6	29.816	8.8677	13.327	1041.3	0.012649	6.0227e-06	0.11766	supercritical
166.00	41.000	5.8231	0.17173	1392.8	2096.9	29.897	8.8879	13.343	1043.9	0.011977	6.0464e-06	0.11828	supercritical
167.00	41.000	5.7879	0.17277	1401.9	2110.3	29.977	8.9079	13.358	1046.5	0.011314	6.0701e-06	0.11890	supercritical
168.00	41.000	5.7532	0.17382	1411.0	2123.6	30.057	8.9277	13.373	1049.1	0.010661	6.0937e-06	0.11952	supercritical
169.00	41.000	5.7189	0.17486	1420.1	2137.0	30.136	8.9473	13.388	1051.7	0.010018	6.1173e-06	0.12014	supercritical
170.00	41.000	5.6850	0.17590	1429.2	2150.4	30.215	8.9667	13.403	1054.3	0.0093839	6.1408e-06	0.12076	supercritical
171.00	41.000	5.6515	0.17694	1438.3	2163.8	30.294	8.9859	13.418	1056.8	0.0087592	6.1643e-06	0.12137	supercritical
172.00	41.000	5.6184	0.17799	1447.5	2177.2	30.372	9.0048	13.433	1059.4	0.0081436	6.1878e-06	0.12199	supercritical
173.00	41.000	5.5858	0.17903	1456.7	2190.7	30.450	9.0236	13.448	1062.0	0.0075368	6.2113e-06	0.12260	supercritical
174.00	41.000	5.5535	0.18007	1465.9	2204.1	30.528	9.0422	13.462	1064.5	0.0069387	6.2347e-06	0.12321	supercritical
175.00	41.000	5.5216	0.18111	1475.1	2217.6	30.605	9.0606	13.476	1067.1	0.0063490	6.2581e-06	0.12383	supercritical
176.00	41.000	5.4901	0.18215	1484.3	2231.1	30.682	9.0787	13.491	1069.6	0.0057677	6.2815e-06	0.12444	supercritical
177.00	41.000	5.4590	0.18319	1493.5	2244.6	30.758	9.0967	13.505	1072.1	0.0051945	6.3048e-06	0.12505	supercritical
178.00	41.000	5.4282	0.18422	1502.8	2258.1	30.834	9.1145	13.519	1074.7	0.0046293	6.3281e-06	0.12566	supercritical
179.00	41.000	5.3978	0.18526	1512.0	2271.6	30.910	9.1321	13.533	1077.2	0.0040720	6.3514e-06	0.12627	supercritical
180.00	41.000	5.3677	0.18630	1521.3	2285.2	30.985	9.1495	13.546	1079.7	0.0035223	6.3746e-06	0.12687	supercritical
181.00	41.000	5.3380	0.18734	1530.6	2298.7	31.060	9.1666	13.560	1082.2	0.0029802	6.3979e-06	0.12748	supercritical
182.00	41.000	5.3086	0.18837	1539.9	2312.3	31.135	9.1837	13.573	1084.7	0.0024454	6.4210e-06	0.12809	supercritical
183.00	41.000	5.2795	0.18941	1549.3	2325.9	31.210	9.2005	13.587	1087.2	0.0019178	6.4442e-06	0.12869	supercritical
184.00	41.000	5.2508	0.19045	1558.6	2339.5	31.284	9.2171	13.600	1089.7	0.0013974	6.4673e-06	0.12929	supercritical
185.00	41.000	5.2224	0.19148	1568.0	2353.1	31.357	9.2335	13.613	1092.2	0.00088387	6.4904e-06	0.12990	supercritical
186.00	41.000	5.1943	0.19252	1577.4	2366.7	31.431	9.2498	13.626	1094.7	0.00037718	6.5135e-06	0.13050	supercritical
187.00	41.000	5.1665	0.19355	1586.7	2380.3	31.504	9.2659	13.639	1097.2	-0.00012282	6.5365e-06	0.13110	supercritical
188.00	41.000	5.1390	0.19459	1596.1	2394.0	31.577	9.2817	13.652	1099.7	-0.00061626	6.5595e-06	0.13170	supercritical
189.00	41.000	5.1119	0.19562	1605.6	2407.6	31.649	9.2974	13.664	1102.2	-0.0011033	6.5825e-06	0.13230	supercritical
190.00	41.000	5.0850	0.19666	1615.0	2421.3	31.721	9.3130	13.677	1104.6	-0.0015840	6.6054e-06	0.13289	supercritical
191.00	41.000	5.0584	0.19769	1624.4	2435.0	31.793	9.3283	13.689	1107.1	-0.0020585	6.6283e-06	0.13349	supercritical
192.00	41.000	5.0321	0.19872	1633.9	2448.7	31.865	9.3435	13.701	1109.6	-0.0025269	6.6512e-06	0.13408	supercritical
193.00	41.000	5.0061	0.19976	1643.4	2462.4	31.936	9.3584	13.713	1112.0	-0.0029894	6.6740e-06	0.13468	supercritical
194.00	41.000	4.9803	0.20079	1652.8	2476.1	32.007	9.3732	13.725	1114.5	-0.0034460	6.6969e-06	0.13527	supercritical
195.00	41.000	4.9549	0.20182	1662.3	2489.8	32.077	9.3879	13.737	1116.9	-0.0038968	6.7196e-06	0.13586	supercritical
196.00	41.000	4.9296	0.20285	1671.9	2503.6	32.148	9.4023	13.749	1119.4	-0.0043421	6.7424e-06	0.13645	supercritical
197.00	41.000	4.9047	0.20389	1681.4	2517.3	32.218	9.4166	13.760	1121.8	-0.0047818	6.7651e-06	0.13704	supercritical
198.00	41.000	4.8800	0.20492	1690.9	2531.1	32.287	9.4308	13.772	1124.2	-0.0052161	6.7878e-06	0.13762	supercritical
199.00	41.000	4.8556	0.20595	1700.5	2544.9	32.357	9.4447	13.783	1126.7	-0.0056450	6.8105e-06	0.13821	supercritical
200.00	41.000	4.8314	0.20698	1710.0	2558.6	32.426	9.4585	13.794	1129.1	-0.0060687	6.8332e-06	0.13879	supercritical
201.00	41.000	4.8075	0.20801	1719.6	2572.4	32.495	9.4721	13.805	1131.5	-0.0064873	6.8558e-06	0.13938	supercritical
202.00	41.000	4.7838	0.20904	1729.2	2586.3	32.563	9.4856	13.816	1133.9	-0.0069008	6.8784e-06	0.13996	supercritical
203.00	41.000	4.7603	0.21007	1738.8	2600.1	32.632	9.4989	13.827	1136.4	-0.0073093	6.9009e-06	0.14054	supercritical
204.00	41.000	4.7371	0.21110	1748.4	2613.9	32.699	9.5120	13.838	1138.8	-0.0077130	6.9235e-06	0.14112	supercritical
205.00	41.000	4.7141	0.21213	1758.0	2627.8	32.767	9.5250	13.848	1141.2	-0.0081119	6.9460e-06	0.14170	supercritical
206.00	41.000	4.6913	0.21316	1767.7	2641.6	32.835	9.5378	13.859	1143.6	-0.0085061	6.9684e-06	0.14227	supercritical
207.00	41.000	4.6688	0.21419	1777.3	2655.5	32.902	9.5504	13.869	1146.0	-0.0088957	6.9909e-06	0.14285	supercritical
208.00	41.000	4.6465	0.21522	1787.0	2669.3	32.969	9.5629	13.879	1148.4	-0.0092808	7.0133e-06	0.14342	supercritical
209.00	41.000	4.6244	0.21624	1796.6	2683.2	33.035	9.5753	13.889	1150.7	-0.0096614	7.0357e-06	0.14400	supercritical
210.00	41.000	4.6025	0.21727	1806.3	2697.1	33.101	9.5875	13.899	1153.1	-0.010038	7.0581e-06	0.14457	supercritical
211.00	41.000	4.5808	0.21830	1816.0	2711.0	33.168	9.5995	13.909	1155.5	-0.010410	7.0804e-06	0.14514	supercritical
212.00	41.000	4.5594	0.21933	1825.7	2724.9	33.233	9.6114	13.919	1157.9	-0.010777	7.1027e-06	0.14571	supercritical
213.00	41.000	4.5381	0.22036	1835.4	2738.9	33.299	9.6232	13.928	1160.3	-0.011141	7.1250e-06	0.14628	supercritical
214.00	41.000	4.5171	0.22138	1845.1	2752.8	33.364	9.6348	13.938	1162.6	-0.011500	7.1472e-06	0.14684	supercritical
215.00	41.000	4.4962	0.22241	1854.9	2766.7	33.429	9.6462	13.947	1165.0	-0.011856	7.1695e-06	0.14741	supercritical
216.00	41.000	4.4755	0.22344	1864.6	2780.7	33.494	9.6575	13.957	1167.3	-0.012207	7.1917e-06	0.14797	supercritical
217.00	41.000	4.4551	0.22446	1874.4	2794.7	33.558	9.6687	13.966	1169.7	-0.012555	7.2138e-06	0.14853	supercritical
218.00	41.000	4.4348	0.22549	1884.1	2808.6	33.623	9.6797	13.975	1172.0	-0.012898	7.2360e-06	0.14910	supercritical
219.00	41.000	4.4147	0.22652	1893.9	2822.6	33.687	9.6906	13.984	1174.4	-0.013238	7.2581e-06	0.14966	supercritical
220.00	41.000	4.3948	0.22754	1903.7	2836.6	33.750	9.7013	13.993	1176.7	-0.013575	7.2802e-06	0.15021	supercritical
221.00	41.000	4.3751	0.22857	1913.5	2850.6	33.814	9.7120	14.001	1179.1	-0.013907	7.3023e-06	0.15077	supercritical
222.00	41.000	4.3556	0.22959	1923.3	2864.6	33.877	9.7224	14.010	1181.4	-0.014237	7.3243e-06	0.15133	supercritical
223.00	41.000	4.3362	0.23062	1933.1	2878.6	33.940	9.7328	14.019	1183.7	-0.014562	7.3463e-06	0.15188	supercritical
224.00	41.000	4.3170	0.23164	1942.9	2892.6	34.003	9.7430	14.027	1186.1	-0.014884	7.3683e-06	0.15244	supercritical
225.00	41.000	4.2980	0.23267	1952.7	2906.7	34.065	9.7531	14.035	1188.4	-0.015203	7.3903e-06	0.15299	supercritical
226.00	41.000	4.2792	0.23369	1962.6	2920.7	34.127	9.7630	14.043	1190.7	-0.015518	7.4122e-06	0.15354	supercritical
227.00	41.000	4.2605	0.23472	1972.4	2934.8	34.189	9.7728	14.051	1193.0	-0.015831	7.4341e-06	0.15409	supercritical
228.00	41.000	4.2420	0.23574	1982.3	2948.8	34.251	9.7825	14.059	1195.4	-0.016139	7.4560e-06	0.15464	supercritical
229.00	41.000	4.2236	0.23676	1992.1	2962.9	34.313	9.7921	14.067	1197.7	-0.016445	7.4779e-06	0.15519	supercritical
230.00	41.000	4.2054	0.23779	2002.0	2976.9	34.374	9.8015	14.075	1200.0	-0.016748	7.4997e-06	0.15573	supercritical
231.00	41.000	4.1874	0.23881	2011.9	2991.0	34.435	9.8108	14.083	1202.3	-0.017047	7.5215e-06	0.15628	supercritical
232.00	41.000	4.1696	0.23983	2021.8	3005.1	34.496	9.8200	14.090	1204.6	-0.017343	7.5433e-06	0.15682	supercritical
233.00	41.000	4.1518	0.24086	2031.7	3019.2	34.557	9.8291	14.098	1206.9	-0.017637	7.5651e-06	0.15736	supercritical
234.00	41.000	4.1343	0.24188	2041.6	3033.3	34.617	9.8380	14.105	1209.2	-0.017927	7.5868e-06	0.15790	supercritical
235.00	41.000	4.1169	0.24290	2051.5	3047.4	34.677	9.8468	14.113	1211.4	-0.018215	7.6085e-06	0.15844	supercritical
236.00	41.000	4.0996	0.24393	2061.4	3061.5	34.737	9.8556	14.120	1213.7	-0.018500	7.6302e-06	0.15898	supercritical
237.00	41.000	4.0825	0.24495	2071.4	3075.7	34.797	9.8641	14.127	1216.0	-0.018781	7.6518e-06	0.15952	supercritical
238.00	41.000	4.0655	0.24597	2081.3	3089.8	34.856	9.8726	14.134	1218.3	-0.019061	7.6735e-06	0.16006	supercritical
239.00	41.000	4.0487	0.24699	2091.3	3103.9	34.916	9.8810	14.141	1220.6	-0.019337	7.6951e-06	0.16059	supercritical
240.00	41.000	4.0320	0.24801	2101.2	3118.1	34.975	9.8892	14.148	1222.8	-0.019611	7.7167e-06	0.16113	supercritical
241.00	41.000	4.0155	0.24904	2111.2	3132.2	35.034	9.8974	14.154	1225.1	-0.019882	7.7382e-06	0.16166	supercritical
242.00	41.000	3.9991	0.25006	2121.1	3146.4	35.092	9.9054	14.161	1227.4	-0.020150	7.7598e-06	0.16219	supercritical
243.00	41.000	3.9828	0.25108	2131.1	3160.5	35.151	9.9133	14.167	1229.6	-0.020416	7.7813e-06	0.16272	supercritical
244.00	41.000	3.9667	0.25210	2141.1	3174.7	35.209	9.9212	14.174	1231.9	-0.020679	7.8028e-06	0.16325	supercritical
245.00	41.000	3.9507	0.25312	2151.1	3188.9	35.267	9.9289	14.180	1234.1	-0.020940	7.8243e-06	0.16378	supercritical
246.00	41.000	3.9348	0.25414	2161.1	3203.1	35.325	9.9365	14.187	1236.4	-0.021199	7.8457e-06	0.16430	supercritical
247.00	41.000	3.9191	0.25516	2171.1	3217.3	35.382	9.9440	14.193	1238.6	-0.021454	7.8671e-06	0.16483	supercritical
248.00	41.000	3.9035	0.25618	2181.1	3231.5	35.439	9.9514	14.199	1240.9	-0.021708	7.8885e-06	0.16535	supercritical
249.00	41.000	3.8880	0.25720	2191.1	3245.7	35.497	9.9587	14.205	1243.1	-0.021959	7.9099e-06	0.16587	supercritical
250.00	41.000	3.8726	0.25822	2201.1	3259.9	35.554	9.9658	14.211	1245.4	-0.022208	7.9313e-06	0.16640	supercritical
251.00	41.000	3.8574	0.25924	2211.2	3274.1	35.610	9.9729	14.217	1247.6	-0.022455	7.9526e-06	0.16692	supercritical
252.00	41.000	3.8422	0.26026	2221.2	3288.3	35.667	9.9799	14.222	1249.8	-0.022699	7.9739e-06	0.16744	supercritical
253.00	41.000	3.8272	0.26128	2231.3	3302.5	35.723	9.9868	14.228	1252.1	-0.022941	7.9952e-06	0.16795	supercritical
254.00	41.000	3.8124	0.26230	2241.3	3316.8	35.779	9.9936	14.234	1254.3	-0.023181	8.0164e-06	0.16847	supercritical
255.00	41.000	3.7976	0.26332	2251.4	3331.0	35.835	10.000	14.239	1256.5	-0.023419	8.0377e-06	0.16899	supercritical
256.00	41.000	3.7830	0.26434	2261.4	3345.2	35.891	10.007	14.245	1258.7	-0.023655	8.0589e-06	0.16950	supercritical
257.00	41.000	3.7684	0.26536	2271.5	3359.5	35.947	10.013	14.250	1260.9	-0.023888	8.0801e-06	0.17002	supercritical
258.00	41.000	3.7540	0.26638	2281.6	3373.7	36.002	10.020	14.255	1263.1	-0.024120	8.1013e-06	0.17053	supercritical
259.00	41.000	3.7397	0.26740	2291.6	3388.0	36.057	10.026	14.260	1265.4	-0.024349	8.1224e-06	0.17104	supercritical
260.00	41.000	3.7255	0.26842	2301.7	3402.2	36.112	10.032	14.266	1267.6	-0.024577	8.1435e-06	0.17155	supercritical
261.00	41.000	3.7114	0.26944	2311.8	3416.5	36.167	10.039	14.271	1269.8	-0.024802	8.1646e-06	0.17206	supercritical
262.00	41.000	3.6974	0.27046	2321.9	3430.8	36.221	10.045	14.276	1272.0	-0.025026	8.1857e-06	0.17257	supercritical
263.00	41.000	3.6836	0.27148	2332.0	3445.1	36.276	10.051	14.281	1274.2	-0.025247	8.2068e-06	0.17308	supercritical
264.00	41.000	3.6698	0.27249	2342.1	3459.4	36.330	10.057	14.285	1276.4	-0.025467	8.2278e-06	0.17358	supercritical
265.00	41.000	3.6561	0.27351	2352.2	3473.6	36.384	10.062	14.290	1278.5	-0.025685	8.2488e-06	0.17409	supercritical
266.00	41.000	3.6426	0.27453	2362.4	3487.9	36.438	10.068	14.295	1280.7	-0.025900	8.2698e-06	0.17459	supercritical
267.00	41.000	3.6291	0.27555	2372.5	3502.2	36.491	10.074	14.299	1282.9	-0.026114	8.2908e-06	0.17509	supercritical
268.00	41.000	3.6158	0.27657	2382.6	3516.5	36.545	10.079	14.304	1285.1	-0.026327	8.3118e-06	0.17560	supercritical
269.00	41.000	3.6025	0.27758	2392.7	3530.8	36.598	10.085	14.308	1287.3	-0.026537	8.3327e-06	0.17610	supercritical
270.00	41.000	3.5893	0.27860	2402.9	3545.1	36.651	10.090	14.313	1289.4	-0.026746	8.3536e-06	0.17660	supercritical
271.00	41.000	3.5763	0.27962	2413.0	3559.5	36.704	10.095	14.317	1291.6	-0.026953	8.3745e-06	0.17709	supercritical
272.00	41.000	3.5633	0.28064	2423.2	3573.8	36.757	10.101	14.322	1293.8	-0.027158	8.3954e-06	0.17759	supercritical
273.00	41.000	3.5504	0.28166	2433.3	3588.1	36.810	10.106	14.326	1295.9	-0.027362	8.4162e-06	0.17809	supercritical
274.00	41.000	3.5377	0.28267	2443.5	3602.4	36.862	10.111	14.330	1298.1	-0.027564	8.4370e-06	0.17858	supercritical
275.00	41.000	3.5250	0.28369	2453.6	3616.8	36.914	10.116	14.334	1300.3	-0.027764	8.4579e-06	0.17908	supercritical
276.00	41.000	3.5124	0.28471	2463.8	3631.1	36.966	10.121	14.338	1302.4	-0.027962	8.4786e-06	0.17957	supercritical
277.00	41.000	3.4999	0.28572	2474.0	3645.4	37.018	10.126	14.342	1304.6	-0.028160	8.4994e-06	0.18007	supercritical
278.00	41.000	3.4875	0.28674	2484.1	3659.8	37.070	10.131	14.346	1306.7	-0.028355	8.5201e-06	0.18056	supercritical
279.00	41.000	3.4751	0.28776	2494.3	3674.1	37.121	10.135	14.350	1308.9	-0.028549	8.5409e-06	0.18105	supercritical
280.00	41.000	3.4629	0.28877	2504.5	3688.5	37.173	10.140	14.353	1311.0	-0.028741	8.5616e-06	0.18154	supercritical
281.00	41.000	3.4508	0.28979	2514.7	3702.8	37.224	10.144	14.357	1313.2	-0.028932	8.5823e-06	0.18203	supercritical
282.00	41.000	3.4387	0.29081	2524.9	3717.2	37.275	10.149	14.361	1315.3	-0.029121	8.6029e-06	0.18251	supercritical
283.00	41.000	3.4267	0.29182	2535.1	3731.6	37.326	10.153	14.364	1317.4	-0.029309	8.6236e-06	0.18300	supercritical
284.00	41.000	3.4148	0.29284	2545.3	3745.9	37.376	10.158	14.368	1319.6	-0.029495	8.6442e-06	0.18349	supercritical
285.00	41.000	3.4030	0.29386	2555.5	3760.3	37.427	10.162	14.371	1321.7	-0.029680	8.6648e-06	0.18397	supercritical
286.00	41.000	3.3913	0.29487	2565.7	3774.7	37.477	10.166	14.375	1323.8	-0.029863	8.6854e-06	0.18446	supercritical
287.00	41.000	3.3797	0.29589	2575.9	3789.0	37.527	10.170	14.378	1326.0	-0.030045	8.7059e-06	0.18494	supercritical
288.00	41.000	3.3681	0.29690	2586.1	3803.4	37.577	10.175	14.381	1328.1	-0.030226	8.7265e-06	0.18542	supercritical
289.00	41.000	3.3566	0.29792	2596.3	3817.8	37.627	10.179	14.385	1330.2	-0.030405	8.7470e-06	0.18590	supercritical
290.00	41.000	3.3452	0.29894	2606.6	3832.2	37.677	10.183	14.388	1332.3	-0.030583	8.7675e-06	0.18638	supercritical
291.00	41.000	3.3339	0.29995	2616.8	3846.6	37.726	10.187	14.391	1334.4	-0.030759	8.7880e-06	0.18686	supercritical
292.00	41.000	3.3226	0.30097	2627.0	3861.0	37.776	10.190	14.394	1336.5	-0.030934	8.8085e-06	0.18734	supercritical
293.00	41.000	3.3115	0.30198	2637.2	3875.4	37.825	10.194	14.397	1338.7	-0.031108	8.8289e-06	0.18782	supercritical
294.00	41.000	3.3004	0.30300	2647.5	3889.8	37.874	10.198	14.400	1340.8	-0.031280	8.8494e-06	0.18829	supercritical
295.00	41.000	3.2893	0.30401	2657.7	3904.2	37.923	10.202	14.403	1342.9	-0.031452	8.8698e-06	0.18877	supercritical
296.00	41.000	3.2784	0.30503	2668.0	3918.6	37.972	10.205	14.406	1345.0	-0.031622	8.8902e-06	0.18924	supercritical
297.00	41.000	3.2675	0.30604	2678.2	3933.0	38.020	10.209	14.409	1347.1	-0.031790	8.9105e-06	0.18972	supercritical
298.00	41.000	3.2567	0.30706	2688.5	3947.4	38.069	10.212	14.412	1349.1	-0.031958	8.9309e-06	0.19019	supercritical
299.00	41.000	3.2460	0.30807	2698.7	3961.8	38.117	10.216	14.414	1351.2	-0.032124	8.9512e-06	0.19066	supercritical
300.00	41.000	3.2353	0.30909	2709.0	3976.2	38.165	10.219	14.417	1353.3	-0.032289	8.9715e-06	0.19114	supercritical
301.00	41.000	3.2247	0.31010	2719.2	3990.6	38.213	10.222	14.420	1355.4	-0.032452	8.9918e-06	0.19161	supercritical
302.00	41.000	3.2142	0.31112	2729.5	4005.1	38.261	10.226	14.422	1357.5	-0.032615	9.0121e-06	0.19208	supercritical
303.00	41.000	3.2038	0.31213	2739.8	4019.5	38.309	10.229	14.425	1359.6	-0.032776	9.0324e-06	0.19254	supercritical
304.00	41.000	3.1934	0.31315	2750.0	4033.9	38.356	10.232	14.427	1361.7	-0.032936	9.0526e-06	0.19301	supercritical
305.00	41.000	3.1831	0.31416	2760.3	4048.3	38.404	10.235	14.430	1363.7	-0.033095	9.0728e-06	0.19348	supercritical
306.00	41.000	3.1728	0.31517	2770.6	4062.8	38.451	10.238	14.432	1365.8	-0.033253	9.0930e-06	0.19395	supercritical
307.00	41.000	3.1627	0.31619	2780.8	4077.2	38.498	10.241	14.435	1367.9	-0.033410	9.1132e-06	0.19441	supercritical
308.00	41.000	3.1526	0.31720	2791.1	4091.6	38.545	10.244	14.437	1369.9	-0.033565	9.1334e-06	0.19488	supercritical
309.00	41.000	3.1425	0.31822	2801.4	4106.1	38.592	10.247	14.439	1372.0	-0.033720	9.1536e-06	0.19534	supercritical
310.00	41.000	3.1325	0.31923	2811.7	4120.5	38.638	10.250	14.442	1374.1	-0.033873	9.1737e-06	0.19580	supercritical
311.00	41.000	3.1226	0.32024	2822.0	4135.0	38.685	10.253	14.444	1376.1	-0.034025	9.1938e-06	0.19627	supercritical
312.00	41.000	3.1128	0.32126	2832.3	4149.4	38.731	10.256	14.446	1378.2	-0.034177	9.2139e-06	0.19673	supercritical
313.00	41.000	3.1030	0.32227	2842.5	4163.9	38.777	10.259	14.448	1380.2	-0.034327	9.2340e-06	0.19719	supercritical
314.00	41.000	3.0932	0.32329	2852.8	4178.3	38.824	10.261	14.450	1382.3	-0.034476	9.2541e-06	0.19765	supercritical
315.00	41.000	3.0836	0.32430	2863.1	4192.8	38.869	10.264	14.452	1384.3	-0.034624	9.2741e-06	0.19811	supercritical
316.00	41.000	3.0740	0.32531	2873.4	4207.2	38.915	10.267	14.454	1386.4	-0.034771	9.2941e-06	0.19857	supercritical
317.00	41.000	3.0644	0.32633	2883.7	4221.7	38.961	10.269	14.456	1388.4	-0.034917	9.3141e-06	0.19903	supercritical
318.00	41.000	3.0549	0.32734	2894.0	4236.1	39.007	10.272	14.458	1390.5	-0.035062	9.3341e-06	0.19948	supercritical
319.00	41.000	3.0455	0.32835	2904.3	4250.6	39.052	10.274	14.460	1392.5	-0.035206	9.3541e-06	0.19994	supercritical
320.00	41.000	3.0361	0.32937	2914.6	4265.0	39.097	10.277	14.462	1394.5	-0.035349	9.3741e-06	0.20039	supercritical
321.00	41.000	3.0268	0.33038	2924.9	4279.5	39.142	10.279	14.464	1396.6	-0.035491	9.3940e-06	0.20085	supercritical
322.00	41.000	3.0176	0.33139	2935.3	4294.0	39.187	10.281	14.466	1398.6	-0.035632	9.4139e-06	0.20130	supercritical
323.00	41.000	3.0084	0.33241	2945.6	4308.4	39.232	10.284	14.467	1400.6	-0.035773	9.4339e-06	0.20176	supercritical
324.00	41.000	2.9992	0.33342	2955.9	4322.9	39.277	10.286	14.469	1402.7	-0.035912	9.4537e-06	0.20221	supercritical
325.00	41.000	2.9901	0.33443	2966.2	4337.4	39.321	10.288	14.471	1404.7	-0.036050	9.4736e-06	0.20266	supercritical
326.00	41.000	2.9811	0.33545	2976.5	4351.8	39.366	10.290	14.473	1406.7	-0.036187	9.4935e-06	0.20311	supercritical
327.00	41.000	2.9721	0.33646	2986.8	4366.3	39.410	10.292	14.474	1408.7	-0.036324	9.5133e-06	0.20356	supercritical
328.00	41.000	2.9632	0.33747	2997.2	4380.8	39.454	10.295	14.476	1410.7	-0.036459	9.5331e-06	0.20401	supercritical
329.00	41.000	2.9543	0.33848	3007.5	4395.3	39.499	10.297	14.477	1412.8	-0.036594	9.5530e-06	0.20446	supercritical
330.00	41.000	2.9455	0.33950	3017.8	4409.8	39.542	10.299	14.479	1414.8	-0.036728	9.5727e-06	0.20491	supercritical
331.00	41.000	2.9368	0.34051	3028.1	4424.2	39.586	10.301	14.480	1416.8	-0.036860	9.5925e-06	0.20536	supercritical
332.00	41.000	2.9281	0.34152	3038.5	4438.7	39.630	10.303	14.482	1418.8	-0.036992	9.6123e-06	0.20581	supercritical
333.00	41.000	2.9194	0.34253	3048.8	4453.2	39.674	10.305	14.483	1420.8	-0.037123	9.6320e-06	0.20625	supercritical
334.00	41.000	2.9108	0.34355	3059.1	4467.7	39.717	10.307	14.485	1422.8	-0.037254	9.6518e-06	0.20670	supercritical
335.00	41.000	2.9023	0.34456	3069.5	4482.2	39.760	10.308	14.486	1424.8	-0.037383	9.6715e-06	0.20714	supercritical
336.00	41.000	2.8938	0.34557	3079.8	4496.7	39.803	10.310	14.487	1426.8	-0.037511	9.6912e-06	0.20759	supercritical
337.00	41.000	2.8853	0.34658	3090.1	4511.1	39.846	10.312	14.489	1428.8	-0.037639	9.7108e-06	0.20803	supercritical
338.00	41.000	2.8769	0.34760	3100.5	4525.6	39.889	10.314	14.490	1430.8	-0.037766	9.7305e-06	0.20847	supercritical
339.00	41.000	2.8685	0.34861	3110.8	4540.1	39.932	10.316	14.491	1432.8	-0.037892	9.7501e-06	0.20892	supercritical
340.00	41.000	2.8602	0.34962	3121.2	4554.6	39.975	10.317	14.493	1434.7	-0.038017	9.7698e-06	0.20936	supercritical
341.00	41.000	2.8520	0.35063	3131.5	4569.1	40.017	10.319	14.494	1436.7	-0.038142	9.7894e-06	0.20980	supercritical
342.00	41.000	2.8438	0.35164	3141.9	4583.6	40.060	10.321	14.495	1438.7	-0.038265	9.8090e-06	0.21024	supercritical
343.00	41.000	2.8356	0.35266	3152.2	4598.1	40.102	10.322	14.496	1440.7	-0.038388	9.8286e-06	0.21068	supercritical
344.00	41.000	2.8275	0.35367	3162.6	4612.6	40.144	10.324	14.497	1442.7	-0.038510	9.8481e-06	0.21112	supercritical
345.00	41.000	2.8194	0.35468	3172.9	4627.1	40.187	10.325	14.499	1444.6	-0.038631	9.8677e-06	0.21156	supercritical
346.00	41.000	2.8114	0.35569	3183.3	4641.6	40.228	10.327	14.500	1446.6	-0.038752	9.8872e-06	0.21200	supercritical
347.00	41.000	2.8034	0.35670	3193.6	4656.1	40.270	10.329	14.501	1448.6	-0.038871	9.9067e-06	0.21243	supercritical
348.00	41.000	2.7955	0.35772	3204.0	4670.6	40.312	10.330	14.502	1450.5	-0.038990	9.9263e-06	0.21287	supercritical
349.00	41.000	2.7876	0.35873	3214.3	4685.1	40.354	10.331	14.503	1452.5	-0.039109	9.9457e-06	0.21331	supercritical
350.00	41.000	2.7798	0.35974	3224.7	4699.6	40.395	10.333	14.504	1454.5	-0.039226	9.9652e-06	0.21374	supercritical
351.00	41.000	2.7720	0.36075	3235.0	4714.1	40.437	10.334	14.505	1456.4	-0.039343	9.9847e-06	0.21418	supercritical
352.00	41.000	2.7642	0.36176	3245.4	4728.6	40.478	10.336	14.506	1458.4	-0.039459	1.0004e-05	0.21461	supercritical
353.00	41.000	2.7565	0.36277	3255.7	4743.1	40.519	10.337	14.507	1460.3	-0.039574	1.0024e-05	0.21505	supercritical
354.00	41.000	2.7489	0.36378	3266.1	4757.6	40.560	10.338	14.508	1462.3	-0.039689	1.0043e-05	0.21548	supercritical
355.00	41.000	2.7413	0.36480	3276.5	4772.1	40.601	10.340	14.509	1464.2	-0.039803	1.0062e-05	0.21591	supercritical
356.00	41.000	2.7337	0.36581	3286.8	4786.6	40.642	10.341	14.509	1466.2	-0.039916	1.0082e-05	0.21634	supercritical
357.00	41.000	2.7261	0.36682	3297.2	4801.1	40.682	10.342	14.510	1468.1	-0.040028	1.0101e-05	0.21678	supercritical
358.00	41.000	2.7186	0.36783	3307.6	4815.7	40.723	10.343	14.511	1470.1	-0.040140	1.0120e-05	0.21721	supercritical
359.00	41.000	2.7112	0.36884	3317.9	4830.2	40.764	10.345	14.512	1472.0	-0.040251	1.0140e-05	0.21764	supercritical
360.00	41.000	2.7038	0.36985	3328.3	4844.7	40.804	10.346	14.513	1474.0	-0.040361	1.0159e-05	0.21807	supercritical
361.00	41.000	2.6964	0.37086	3338.7	4859.2	40.844	10.347	14.514	1475.9	-0.040471	1.0178e-05	0.21850	supercritical
362.00	41.000	2.6891	0.37187	3349.0	4873.7	40.884	10.348	14.514	1477.8	-0.040580	1.0198e-05	0.21893	supercritical
363.00	41.000	2.6818	0.37289	3359.4	4888.2	40.924	10.349	14.515	1479.8	-0.040689	1.0217e-05	0.21935	supercritical
364.00	41.000	2.6745	0.37390	3369.8	4902.7	40.964	10.350	14.516	1481.7	-0.040796	1.0236e-05	0.21978	supercritical
365.00	41.000	2.6673	0.37491	3380.1	4917.3	41.004	10.351	14.517	1483.6	-0.040903	1.0256e-05	0.22021	supercritical
366.00	41.000	2.6602	0.37592	3390.5	4931.8	41.044	10.352	14.517	1485.6	-0.041010	1.0275e-05	0.22064	supercritical
367.00	41.000	2.6530	0.37693	3400.9	4946.3	41.083	10.353	14.518	1487.5	-0.041116	1.0294e-05	0.22106	supercritical
368.00	41.000	2.6459	0.37794	3411.3	4960.8	41.123	10.355	14.519	1489.4	-0.041221	1.0313e-05	0.22149	supercritical
369.00	41.000	2.6389	0.37895	3421.6	4975.3	41.162	10.355	14.519	1491.3	-0.041325	1.0332e-05	0.22191	supercritical
370.00	41.000	2.6318	0.37996	3432.0	4989.8	41.202	10.356	14.520	1493.2	-0.041429	1.0352e-05	0.22234	supercritical
371.00	41.000	2.6249	0.38097	3442.4	5004.4	41.241	10.357	14.520	1495.1	-0.041532	1.0371e-05	0.22276	supercritical
372.00	41.000	2.6179	0.38198	3452.8	5018.9	41.280	10.358	14.521	1497.1	-0.041635	1.0390e-05	0.22319	supercritical
373.00	41.000	2.6110	0.38299	3463.1	5033.4	41.319	10.359	14.522	1499.0	-0.041737	1.0409e-05	0.22361	supercritical
374.00	41.000	2.6041	0.38400	3473.5	5047.9	41.358	10.360	14.522	1500.9	-0.041838	1.0428e-05	0.22403	supercritical
375.00	41.000	2.5973	0.38501	3483.9	5062.5	41.397	10.361	14.523	1502.8	-0.041939	1.0447e-05	0.22445	supercritical
376.00	41.000	2.5905	0.38602	3494.3	5077.0	41.435	10.362	14.523	1504.7	-0.042039	1.0466e-05	0.22488	supercritical
377.00	41.000	2.5837	0.38703	3504.7	5091.5	41.474	10.363	14.524	1506.6	-0.042139	1.0485e-05	0.22530	supercritical
378.00	41.000	2.5770	0.38805	3515.0	5106.0	41.512	10.364	14.524	1508.5	-0.042238	1.0505e-05	0.22572	supercritical
379.00	41.000	2.5703	0.38906	3525.4	5120.5	41.551	10.364	14.525	1510.4	-0.042336	1.0524e-05	0.22614	supercritical
380.00	41.000	2.5637	0.39007	3535.8	5135.1	41.589	10.365	14.525	1512.3	-0.042434	1.0543e-05	0.22656	supercritical
381.00	41.000	2.5570	0.39108	3546.2	5149.6	41.627	10.366	14.526	1514.2	-0.042532	1.0562e-05	0.22698	supercritical
382.00	41.000	2.5505	0.39209	3556.6	5164.1	41.665	10.367	14.526	1516.1	-0.042628	1.0581e-05	0.22740	supercritical
383.00	41.000	2.5439	0.39310	3567.0	5178.7	41.703	10.368	14.527	1517.9	-0.042724	1.0600e-05	0.22782	supercritical
384.00	41.000	2.5374	0.39411	3577.3	5193.2	41.741	10.368	14.527	1519.8	-0.042820	1.0619e-05	0.22823	supercritical
385.00	41.000	2.5309	0.39512	3587.7	5207.7	41.779	10.369	14.528	1521.7	-0.042915	1.0638e-05	0.22865	supercritical
386.00	41.000	2.5244	0.39613	3598.1	5222.2	41.816	10.370	14.528	1523.6	-0.043010	1.0657e-05	0.22907	supercritical
387.00	41.000	2.5180	0.39714	3608.5	5236.8	41.854	10.371	14.528	1525.5	-0.043103	1.0676e-05	0.22948	supercritical
388.00	41.000	2.5116	0.39815	3618.9	5251.3	41.892	10.371	14.529	1527.3	-0.043197	1.0694e-05	0.22990	supercritical
389.00	41.000	2.5053	0.39916	3629.3	5265.8	41.929	10.372	14.529	1529.2	-0.043290	1.0713e-05	0.23032	supercritical
390.00	41.000	2.4990	0.40017	3639.7	5280.3	41.966	10.373	14.530	1531.1	-0.043382	1.0732e-05	0.23073	supercritical
391.00	41.000	2.4927	0.40118	3650.1	5294.9	42.003	10.373	14.530	1533.0	-0.043474	1.0751e-05	0.23115	supercritical
392.00	41.000	2.4864	0.40219	3660.4	5309.4	42.041	10.374	14.530	1534.8	-0.043565	1.0770e-05	0.23156	supercritical
393.00	41.000	2.4802	0.40320	3670.8	5323.9	42.078	10.374	14.531	1536.7	-0.043656	1.0789e-05	0.23198	supercritical
394.00	41.000	2.4740	0.40421	3681.2	5338.5	42.115	10.375	14.531	1538.6	-0.043746	1.0808e-05	0.23239	supercritical
395.00	41.000	2.4678	0.40522	3691.6	5353.0	42.151	10.376	14.531	1540.4	-0.043836	1.0827e-05	0.23280	supercritical
396.00	41.000	2.4617	0.40623	3702.0	5367.5	42.188	10.376	14.532	1542.3	-0.043925	1.0845e-05	0.23321	supercritical
397.00	41.000	2.4556	0.40724	3712.4	5382.1	42.225	10.377	14.532	1544.1	-0.044013	1.0864e-05	0.23363	supercritical
398.00	41.000	2.4495	0.40824	3722.8	5396.6	42.261	10.377	14.532	1546.0	-0.044101	1.0883e-05	0.23404	supercritical
399.00	41.000	2.4435	0.40925	3733.2	5411.1	42.298	10.378	14.532	1547.8	-0.044189	1.0902e-05	0.23445	supercritical
400.00	41.000	2.4375	0.41026	3743.6	5425.7	42.334	10.379	14.533	1549.7	-0.044276	1.0921e-05	0.23486	supercritical
401.00	41.000	2.4315	0.41127	3754.0	5440.2	42.370	10.379	14.533	1551.5	-0.044363	1.0939e-05	0.23527	supercritical
402.00	41.000	2.4255	0.41228	3764.4	5454.7	42.407	10.380	14.533	1553.4	-0.044449	1.0958e-05	0.23568	supercritical
403.00	41.000	2.4196	0.41329	3774.8	5469.3	42.443	10.380	14.534	1555.2	-0.044535	1.0977e-05	0.23609	supercritical
404.00	41.000	2.4137	0.41430	3785.2	5483.8	42.479	10.381	14.534	1557.1	-0.044620	1.0996e-05	0.23650	supercritical
405.00	41.000	2.4078	0.41531	3795.6	5498.3	42.515	10.381	14.534	1558.9	-0.044704	1.1014e-05	0.23691	supercritical
406.00	41.000	2.4020	0.41632	3805.9	5512.9	42.551	10.382	14.534	1560.8	-0.044789	1.1033e-05	0.23732	supercritical
407.00	41.000	2.3962	0.41733	3816.3	5527.4	42.586	10.382	14.534	1562.6	-0.044872	1.1052e-05	0.23773	supercritical
408.00	41.000	2.3904	0.41834	3826.7	5541.9	42.622	10.383	14.535	1564.4	-0.044956	1.1070e-05	0.23814	supercritical
409.00	41.000	2.3846	0.41935	3837.1	5556.5	42.658	10.383	14.535	1566.3	-0.045038	1.1089e-05	0.23854	supercritical
410.00	41.000	2.3789	0.42036	3847.5	5571.0	42.693	10.383	14.535	1568.1	-0.045121	1.1108e-05	0.23895	supercritical
411.00	41.000	2.3732	0.42137	3857.9	5585.5	42.728	10.384	14.535	1569.9	-0.045202	1.1126e-05	0.23936	supercritical
412.00	41.000	2.3676	0.42238	3868.3	5600.1	42.764	10.384	14.536	1571.7	-0.045284	1.1145e-05	0.23976	supercritical
413.00	41.000	2.3619	0.42339	3878.7	5614.6	42.799	10.385	14.536	1573.6	-0.045365	1.1164e-05	0.24017	supercritical
414.00	41.000	2.3563	0.42440	3889.1	5629.1	42.834	10.385	14.536	1575.4	-0.045445	1.1182e-05	0.24058	supercritical
415.00	41.000	2.3507	0.42540	3899.5	5643.7	42.869	10.386	14.536	1577.2	-0.045525	1.1201e-05	0.24098	supercritical
416.00	41.000	2.3451	0.42641	3909.9	5658.2	42.904	10.386	14.536	1579.0	-0.045605	1.1219e-05	0.24139	supercritical
417.00	41.000	2.3396	0.42742	3920.3	5672.8	42.939	10.386	14.536	1580.8	-0.045684	1.1238e-05	0.24179	supercritical
418.00	41.000	2.3341	0.42843	3930.7	5687.3	42.974	10.387	14.537	1582.7	-0.045763	1.1256e-05	0.24220	supercritical
419.00	41.000	2.3286	0.42944	3941.1	5701.8	43.009	10.387	14.537	1584.5	-0.045841	1.1275e-05	0.24260	supercritical
420.00	41.000	2.3232	0.43045	3951.5	5716.4	43.043	10.388	14.537	1586.3	-0.045919	1.1294e-05	0.24300	supercritical
421.00	41.000	2.3177	0.43146	3961.9	5730.9	43.078	10.388	14.537	1588.1	-0.045996	1.1312e-05	0.24341	supercritical
422.00	41.000	2.3123	0.43247	3972.3	5745.4	43.112	10.388	14.537	1589.9	-0.046073	1.1331e-05	0.24381	supercritical
423.00	41.000	2.3069	0.43348	3982.7	5760.0	43.147	10.389	14.537	1591.7	-0.046150	1.1349e-05	0.24421	supercritical
424.00	41.000	2.3016	0.43449	3993.1	5774.5	43.181	10.389	14.537	1593.5	-0.046226	1.1367e-05	0.24462	supercritical
425.00	41.000	2.2962	0.43549	4003.5	5789.0	43.215	10.389	14.538	1595.3	-0.046301	1.1386e-05	0.24502	supercritical
426.00	41.000	2.2909	0.43650	4013.9	5803.6	43.250	10.390	14.538	1597.1	-0.046377	1.1404e-05	0.24542	supercritical
427.00	41.000	2.2857	0.43751	4024.3	5818.1	43.284	10.390	14.538	1598.9	-0.046451	1.1423e-05	0.24582	supercritical
428.00	41.000	2.2804	0.43852	4034.7	5832.7	43.318	10.390	14.538	1600.7	-0.046526	1.1441e-05	0.24622	supercritical
429.00	41.000	2.2752	0.43953	4045.1	5847.2	43.352	10.391	14.538	1602.5	-0.046600	1.1460e-05	0.24662	supercritical
430.00	41.000	2.2700	0.44054	4055.5	5861.7	43.385	10.391	14.538	1604.3	-0.046674	1.1478e-05	0.24702	supercritical
431.00	41.000	2.2648	0.44155	4065.9	5876.3	43.419	10.391	14.538	1606.1	-0.046747	1.1497e-05	0.24742	supercritical
432.00	41.000	2.2596	0.44256	4076.3	5890.8	43.453	10.392	14.538	1607.8	-0.046820	1.1515e-05	0.24782	supercritical
433.00	41.000	2.2545	0.44356	4086.7	5905.4	43.486	10.392	14.538	1609.6	-0.046892	1.1533e-05	0.24822	supercritical
434.00	41.000	2.2494	0.44457	4097.1	5919.9	43.520	10.392	14.539	1611.4	-0.046964	1.1552e-05	0.24862	supercritical
435.00	41.000	2.2443	0.44558	4107.5	5934.4	43.553	10.393	14.539	1613.2	-0.047036	1.1570e-05	0.24902	supercritical
436.00	41.000	2.2392	0.44659	4117.9	5949.0	43.587	10.393	14.539	1615.0	-0.047107	1.1588e-05	0.24942	supercritical
437.00	41.000	2.2341	0.44760	4128.4	5963.5	43.620	10.393	14.539	1616.7	-0.047178	1.1607e-05	0.24982	supercritical
438.00	41.000	2.2291	0.44861	4138.8	5978.0	43.653	10.393	14.539	1618.5	-0.047248	1.1625e-05	0.25021	supercritical
439.00	41.000	2.2241	0.44962	4149.2	5992.6	43.687	10.394	14.539	1620.3	-0.047318	1.1643e-05	0.25061	supercritical
440.00	41.000	2.2191	0.45062	4159.6	6007.1	43.720	10.394	14.539	1622.1	-0.047388	1.1662e-05	0.25101	supercritical
441.00	41.000	2.2142	0.45163	4170.0	6021.7	43.753	10.394	14.539	1623.8	-0.047457	1.1680e-05	0.25141	supercritical
442.00	41.000	2.2093	0.45264	4180.4	6036.2	43.786	10.395	14.539	1625.6	-0.047526	1.1698e-05	0.25180	supercritical
443.00	41.000	2.2043	0.45365	4190.8	6050.7	43.818	10.395	14.539	1627.4	-0.047594	1.1716e-05	0.25220	supercritical
444.00	41.000	2.1995	0.45466	4201.2	6065.3	43.851	10.395	14.539	1629.1	-0.047663	1.1735e-05	0.25260	supercritical
445.00	41.000	2.1946	0.45567	4211.6	6079.8	43.884	10.395	14.540	1630.9	-0.047730	1.1753e-05	0.25299	supercritical
446.00	41.000	2.1897	0.45667	4222.0	6094.4	43.917	10.396	14.540	1632.6	-0.047798	1.1771e-05	0.25339	supercritical
447.00	41.000	2.1849	0.45768	4232.4	6108.9	43.949	10.396	14.540	1634.4	-0.047865	1.1789e-05	0.25378	supercritical
448.00	41.000	2.1801	0.45869	4242.8	6123.4	43.982	10.396	14.540	1636.2	-0.047932	1.1808e-05	0.25418	supercritical
449.00	41.000	2.1753	0.45970	4253.2	6138.0	44.014	10.396	14.540	1637.9	-0.047998	1.1826e-05	0.25457	supercritical
450.00	41.000	2.1706	0.46071	4263.6	6152.5	44.046	10.397	14.540	1639.7	-0.048064	1.1844e-05	0.25497	supercritical
451.00	41.000	2.1658	0.46172	4274.0	6167.1	44.079	10.397	14.540	1641.4	-0.048129	1.1862e-05	0.25536	supercritical
452.00	41.000	2.1611	0.46272	4284.4	6181.6	44.111	10.397	14.540	1643.2	-0.048195	1.1880e-05	0.25576	supercritical
453.00	41.000	2.1564	0.46373	4294.8	6196.1	44.143	10.397	14.540	1644.9	-0.048260	1.1898e-05	0.25615	supercritical
454.00	41.000	2.1517	0.46474	4305.2	6210.7	44.175	10.398	14.540	1646.7	-0.048324	1.1917e-05	0.25654	supercritical
455.00	41.000	2.1471	0.46575	4315.6	6225.2	44.207	10.398	14.540	1648.4	-0.048388	1.1935e-05	0.25694	supercritical
456.00	41.000	2.1424	0.46676	4326.1	6239.8	44.239	10.398	14.540	1650.1	-0.048452	1.1953e-05	0.25733	supercritical
457.00	41.000	2.1378	0.46777	4336.5	6254.3	44.271	10.398	14.540	1651.9	-0.048516	1.1971e-05	0.25772	supercritical
458.00	41.000	2.1332	0.46877	4346.9	6268.8	44.303	10.398	14.540	1653.6	-0.048579	1.1989e-05	0.25811	supercritical
459.00	41.000	2.1286	0.46978	4357.3	6283.4	44.334	10.399	14.540	1655.3	-0.048642	1.2007e-05	0.25851	supercritical
460.00	41.000	2.1241	0.47079	4367.7	6297.9	44.366	10.399	14.541	1657.1	-0.048704	1.2025e-05	0.25890	supercritical
461.00	41.000	2.1196	0.47180	4378.1	6312.5	44.398	10.399	14.541	1658.8	-0.048766	1.2043e-05	0.25929	supercritical
462.00	41.000	2.1150	0.47281	4388.5	6327.0	44.429	10.399	14.541	1660.5	-0.048828	1.2061e-05	0.25968	supercritical
463.00	41.000	2.1105	0.47381	4398.9	6341.5	44.461	10.400	14.541	1662.3	-0.048890	1.2079e-05	0.26007	supercritical
464.00	41.000	2.1061	0.47482	4409.3	6356.1	44.492	10.400	14.541	1664.0	-0.048951	1.2097e-05	0.26046	supercritical
465.00	41.000	2.1016	0.47583	4419.7	6370.6	44.523	10.400	14.541	1665.7	-0.049012	1.2115e-05	0.26086	supercritical
466.00	41.000	2.0972	0.47684	4430.1	6385.2	44.554	10.400	14.541	1667.4	-0.049072	1.2133e-05	0.26125	supercritical
467.00	41.000	2.0927	0.47785	4440.5	6399.7	44.586	10.400	14.541	1669.2	-0.049132	1.2151e-05	0.26164	supercritical
468.00	41.000	2.0883	0.47885	4450.9	6414.2	44.617	10.401	14.541	1670.9	-0.049192	1.2169e-05	0.26203	supercritical
469.00	41.000	2.0839	0.47986	4461.4	6428.8	44.648	10.401	14.541	1672.6	-0.049252	1.2187e-05	0.26242	supercritical
470.00	41.000	2.0796	0.48087	4471.8	6443.3	44.679	10.401	14.541	1674.3	-0.049311	1.2205e-05	0.26281	supercritical
471.00	41.000	2.0752	0.48188	4482.2	6457.9	44.710	10.401	14.541	1676.0	-0.049370	1.2223e-05	0.26320	supercritical
472.00	41.000	2.0709	0.48288	4492.6	6472.4	44.740	10.402	14.541	1677.7	-0.049428	1.2241e-05	0.26358	supercritical
473.00	41.000	2.0666	0.48389	4503.0	6487.0	44.771	10.402	14.541	1679.4	-0.049486	1.2259e-05	0.26397	supercritical
474.00	41.000	2.0623	0.48490	4513.4	6501.5	44.802	10.402	14.541	1681.2	-0.049544	1.2277e-05	0.26436	supercritical
475.00	41.000	2.0580	0.48591	4523.8	6516.0	44.833	10.402	14.541	1682.9	-0.049602	1.2295e-05	0.26475	supercritical
476.00	41.000	2.0537	0.48692	4534.2	6530.6	44.863	10.402	14.542	1684.6	-0.049659	1.2313e-05	0.26514	supercritical
477.00	41.000	2.0495	0.48792	4544.6	6545.1	44.894	10.403	14.542	1686.3	-0.049716	1.2331e-05	0.26553	supercritical
478.00	41.000	2.0453	0.48893	4555.0	6559.7	44.924	10.403	14.542	1688.0	-0.049773	1.2349e-05	0.26591	supercritical
479.00	41.000	2.0411	0.48994	4565.5	6574.2	44.955	10.403	14.542	1689.7	-0.049829	1.2367e-05	0.26630	supercritical
480.00	41.000	2.0369	0.49095	4575.9	6588.7	44.985	10.403	14.542	1691.4	-0.049886	1.2384e-05	0.26669	supercritical
481.00	41.000	2.0327	0.49195	4586.3	6603.3	45.015	10.403	14.542	1693.1	-0.049941	1.2402e-05	0.26708	supercritical
482.00	41.000	2.0286	0.49296	4596.7	6617.8	45.045	10.404	14.542	1694.8	-0.049997	1.2420e-05	0.26746	supercritical
483.00	41.000	2.0244	0.49397	4607.1	6632.4	45.075	10.404	14.542	1696.4	-0.050052	1.2438e-05	0.26785	supercritical
484.00	41.000	2.0203	0.49498	4617.5	6646.9	45.106	10.404	14.542	1698.1	-0.050107	1.2456e-05	0.26824	supercritical
485.00	41.000	2.0162	0.49599	4627.9	6661.5	45.136	10.404	14.542	1699.8	-0.050162	1.2474e-05	0.26862	supercritical
486.00	41.000	2.0121	0.49699	4638.3	6676.0	45.165	10.405	14.542	1701.5	-0.050216	1.2491e-05	0.26901	supercritical
487.00	41.000	2.0080	0.49800	4648.7	6690.5	45.195	10.405	14.542	1703.2	-0.050270	1.2509e-05	0.26940	supercritical
488.00	41.000	2.0040	0.49901	4659.1	6705.1	45.225	10.405	14.542	1704.9	-0.050324	1.2527e-05	0.26978	supercritical
489.00	41.000	1.9999	0.50002	4669.6	6719.6	45.255	10.405	14.543	1706.6	-0.050377	1.2545e-05	0.27017	supercritical
490.00	41.000	1.9959	0.50102	4680.0	6734.2	45.285	10.405	14.543	1708.2	-0.050430	1.2563e-05	0.27055	supercritical
491.00	41.000	1.9919	0.50203	4690.4	6748.7	45.314	10.406	14.543	1709.9	-0.050483	1.2580e-05	0.27094	supercritical
492.00	41.000	1.9879	0.50304	4700.8	6763.3	45.344	10.406	14.543	1711.6	-0.050536	1.2598e-05	0.27132	supercritical
493.00	41.000	1.9839	0.50405	4711.2	6777.8	45.373	10.406	14.543	1713.3	-0.050588	1.2616e-05	0.27171	supercritical
494.00	41.000	1.9800	0.50505	4721.6	6792.3	45.403	10.406	14.543	1714.9	-0.050640	1.2634e-05	0.27209	supercritical
495.00	41.000	1.9760	0.50606	4732.0	6806.9	45.432	10.406	14.543	1716.6	-0.050692	1.2651e-05	0.27248	supercritical
496.00	41.000	1.9721	0.50707	4742.4	6821.4	45.462	10.407	14.543	1718.3	-0.050744	1.2669e-05	0.27286	supercritical
497.00	41.000	1.9682	0.50808	4752.9	6836.0	45.491	10.407	14.543	1720.0	-0.050795	1.2687e-05	0.27325	supercritical
498.00	41.000	1.9643	0.50908	4763.3	6850.5	45.520	10.407	14.543	1721.6	-0.050846	1.2704e-05	0.27363	supercritical
499.00	41.000	1.9604	0.51009	4773.7	6865.1	45.549	10.407	14.543	1723.3	-0.050897	1.2722e-05	0.27401	supercritical
500.00	41.000	1.9566	0.51110	4784.1	6879.6	45.579	10.408	14.544	1724.9	-0.050947	1.2740e-05	0.27440	supercritical
501.00	41.000	1.9527	0.51210	4794.5	6894.1	45.608	10.408	14.544	1726.6	-0.050997	1.2757e-05	0.27478	supercritical
502.00	41.000	1.9489	0.51311	4804.9	6908.7	45.637	10.408	14.544	1728.3	-0.051047	1.2775e-05	0.27516	supercritical
503.00	41.000	1.9451	0.51412	4815.3	6923.2	45.666	10.408	14.544	1729.9	-0.051097	1.2793e-05	0.27555	supercritical
504.00	41.000	1.9413	0.51513	4825.8	6937.8	45.694	10.408	14.544	1731.6	-0.051146	1.2810e-05	0.27593	supercritical
505.00	41.000	1.9375	0.51613	4836.2	6952.3	45.723	10.409	14.544	1733.2	-0.051195	1.2828e-05	0.27631	supercritical
506.00	41.000	1.9337	0.51714	4846.6	6966.9	45.752	10.409	14.544	1734.9	-0.051244	1.2846e-05	0.27670	supercritical
507.00	41.000	1.9299	0.51815	4857.0	6981.4	45.781	10.409	14.544	1736.5	-0.051292	1.2863e-05	0.27708	supercritical
508.00	41.000	1.9262	0.51916	4867.4	6995.9	45.809	10.409	14.544	1738.2	-0.051341	1.2881e-05	0.27746	supercritical
509.00	41.000	1.9225	0.52016	4877.8	7010.5	45.838	10.410	14.545	1739.8	-0.051389	1.2898e-05	0.27784	supercritical
510.00	41.000	1.9188	0.52117	4888.2	7025.0	45.867	10.410	14.545	1741.5	-0.051437	1.2916e-05	0.27823	supercritical
511.00	41.000	1.9151	0.52218	4898.7	7039.6	45.895	10.410	14.545	1743.1	-0.051484	1.2933e-05	0.27861	supercritical
512.00	41.000	1.9114	0.52318	4909.1	7054.1	45.923	10.410	14.545	1744.8	-0.051532	1.2951e-05	0.27899	supercritical
513.00	41.000	1.9077	0.52419	4919.5	7068.7	45.952	10.411	14.545	1746.4	-0.051579	1.2969e-05	0.27937	supercritical
514.00	41.000	1.9040	0.52520	4929.9	7083.2	45.980	10.411	14.545	1748.1	-0.051625	1.2986e-05	0.27975	supercritical
515.00	41.000	1.9004	0.52621	4940.3	7097.8	46.008	10.411	14.545	1749.7	-0.051672	1.3004e-05	0.28013	supercritical
516.00	41.000	1.8968	0.52721	4950.7	7112.3	46.037	10.411	14.545	1751.3	-0.051718	1.3021e-05	0.28051	supercritical
517.00	41.000	1.8931	0.52822	4961.1	7126.9	46.065	10.412	14.546	1753.0	-0.051764	1.3039e-05	0.28090	supercritical
518.00	41.000	1.8895	0.52923	4971.6	7141.4	46.093	10.412	14.546	1754.6	-0.051810	1.3056e-05	0.28128	supercritical
519.00	41.000	1.8860	0.53024	4982.0	7155.9	46.121	10.412	14.546	1756.2	-0.051856	1.3074e-05	0.28166	supercritical
520.00	41.000	1.8824	0.53124	4992.4	7170.5	46.149	10.412	14.546	1757.9	-0.051901	1.3091e-05	0.28204	supercritical
521.00	41.000	1.8788	0.53225	5002.8	7185.0	46.177	10.413	14.546	1759.5	-0.051946	1.3109e-05	0.28242	supercritical
522.00	41.000	1.8753	0.53326	5013.2	7199.6	46.205	10.413	14.546	1761.1	-0.051991	1.3126e-05	0.28280	supercritical
523.00	41.000	1.8717	0.53426	5023.6	7214.1	46.233	10.413	14.547	1762.7	-0.052036	1.3144e-05	0.28318	supercritical
524.00	41.000	1.8682	0.53527	5034.1	7228.7	46.260	10.413	14.547	1764.4	-0.052080	1.3161e-05	0.28356	supercritical
525.00	41.000	1.8647	0.53628	5044.5	7243.2	46.288	10.414	14.547	1766.0	-0.052124	1.3178e-05	0.28394	supercritical
526.00	41.000	1.8612	0.53728	5054.9	7257.8	46.316	10.414	14.547	1767.6	-0.052168	1.3196e-05	0.28432	supercritical
527.00	41.000	1.8577	0.53829	5065.3	7272.3	46.343	10.414	14.547	1769.2	-0.052212	1.3213e-05	0.28470	supercritical
528.00	41.000	1.8543	0.53930	5075.7	7286.9	46.371	10.415	14.547	1770.8	-0.052255	1.3231e-05	0.28508	supercritical
529.00	41.000	1.8508	0.54031	5086.2	7301.4	46.399	10.415	14.548	1772.5	-0.052298	1.3248e-05	0.28546	supercritical
530.00	41.000	1.8474	0.54131	5096.6	7316.0	46.426	10.415	14.548	1774.1	-0.052341	1.3266e-05	0.28584	supercritical
531.00	41.000	1.8439	0.54232	5107.0	7330.5	46.453	10.415	14.548	1775.7	-0.052384	1.3283e-05	0.28621	supercritical
532.00	41.000	1.8405	0.54333	5117.4	7345.1	46.481	10.416	14.548	1777.3	-0.052427	1.3300e-05	0.28659	supercritical
533.00	41.000	1.8371	0.54433	5127.8	7359.6	46.508	10.416	14.548	1778.9	-0.052469	1.3318e-05	0.28697	supercritical
534.00	41.000	1.8337	0.54534	5138.3	7374.2	46.535	10.416	14.548	1780.5	-0.052511	1.3335e-05	0.28735	supercritical
535.00	41.000	1.8303	0.54635	5148.7	7388.7	46.563	10.416	14.549	1782.1	-0.052553	1.3352e-05	0.28773	supercritical
536.00	41.000	1.8270	0.54735	5159.1	7403.2	46.590	10.417	14.549	1783.7	-0.052595	1.3370e-05	0.28811	supercritical
537.00	41.000	1.8236	0.54836	5169.5	7417.8	46.617	10.417	14.549	1785.3	-0.052636	1.3387e-05	0.28849	supercritical
538.00	41.000	1.8203	0.54937	5179.9	7432.3	46.644	10.417	14.549	1786.9	-0.052677	1.3404e-05	0.28886	supercritical
539.00	41.000	1.8169	0.55037	5190.4	7446.9	46.671	10.418	14.549	1788.5	-0.052718	1.3422e-05	0.28924	supercritical
540.00	41.000	1.8136	0.55138	5200.8	7461.4	46.698	10.418	14.550	1790.1	-0.052759	1.3439e-05	0.28962	supercritical
541.00	41.000	1.8103	0.55239	5211.2	7476.0	46.725	10.418	14.550	1791.7	-0.052799	1.3456e-05	0.29000	supercritical
542.00	41.000	1.8070	0.55340	5221.6	7490.5	46.752	10.419	14.550	1793.3	-0.052840	1.3474e-05	0.29038	supercritical
543.00	41.000	1.8037	0.55440	5232.0	7505.1	46.779	10.419	14.550	1794.9	-0.052880	1.3491e-05	0.29075	supercritical
544.00	41.000	1.8005	0.55541	5242.5	7519.6	46.805	10.419	14.550	1796.5	-0.052920	1.3508e-05	0.29113	supercritical
545.00	41.000	1.7972	0.55642	5252.9	7534.2	46.832	10.419	14.551	1798.1	-0.052959	1.3525e-05	0.29151	supercritical
546.00	41.000	1.7940	0.55742	5263.3	7548.7	46.859	10.420	14.551	1799.7	-0.052999	1.3543e-05	0.29189	supercritical
547.00	41.000	1.7907	0.55843	5273.7	7563.3	46.885	10.420	14.551	1801.3	-0.053038	1.3560e-05	0.29226	supercritical
548.00	41.000	1.7875	0.55944	5284.2	7577.9	46.912	10.420	14.551	1802.9	-0.053077	1.3577e-05	0.29264	supercritical
549.00	41.000	1.7843	0.56044	5294.6	7592.4	46.939	10.421	14.552	1804.5	-0.053116	1.3594e-05	0.29302	supercritical
550.00	41.000	1.7811	0.56145	5305.0	7607.0	46.965	10.421	14.552	1806.0	-0.053155	1.3612e-05	0.29339	supercritical
551.00	41.000	1.7779	0.56246	5315.4	7621.5	46.991	10.421	14.552	1807.6	-0.053193	1.3629e-05	0.29377	supercritical
552.00	41.000	1.7747	0.56346	5325.9	7636.1	47.018	10.422	14.552	1809.2	-0.053231	1.3646e-05	0.29415	supercritical
553.00	41.000	1.7716	0.56447	5336.3	7650.6	47.044	10.422	14.553	1810.8	-0.053269	1.3663e-05	0.29452	supercritical
554.00	41.000	1.7684	0.56548	5346.7	7665.2	47.070	10.422	14.553	1812.4	-0.053307	1.3680e-05	0.29490	supercritical
555.00	41.000	1.7653	0.56648	5357.1	7679.7	47.097	10.423	14.553	1813.9	-0.053345	1.3698e-05	0.29528	supercritical
556.00	41.000	1.7621	0.56749	5367.6	7694.3	47.123	10.423	14.553	1815.5	-0.053382	1.3715e-05	0.29565	supercritical
557.00	41.000	1.7590	0.56850	5378.0	7708.8	47.149	10.423	14.554	1817.1	-0.053420	1.3732e-05	0.29603	supercritical
558.00	41.000	1.7559	0.56950	5388.4	7723.4	47.175	10.424	14.554	1818.7	-0.053457	1.3749e-05	0.29641	supercritical
559.00	41.000	1.7528	0.57051	5398.8	7737.9	47.201	10.424	14.554	1820.2	-0.053493	1.3766e-05	0.29678	supercritical
560.00	41.000	1.7497	0.57152	5409.3	7752.5	47.227	10.424	14.554	1821.8	-0.053530	1.3783e-05	0.29716	supercritical
561.00	41.000	1.7467	0.57252	5419.7	7767.0	47.253	10.425	14.555	1823.4	-0.053567	1.3801e-05	0.29753	supercritical
562.00	41.000	1.7436	0.57353	5430.1	7781.6	47.279	10.425	14.555	1824.9	-0.053603	1.3818e-05	0.29791	supercritical
563.00	41.000	1.7405	0.57454	5440.5	7796.1	47.305	10.425	14.555	1826.5	-0.053639	1.3835e-05	0.29828	supercritical
564.00	41.000	1.7375	0.57554	5451.0	7810.7	47.331	10.426	14.556	1828.1	-0.053675	1.3852e-05	0.29866	supercritical
565.00	41.000	1.7345	0.57655	5461.4	7825.3	47.357	10.426	14.556	1829.6	-0.053710	1.3869e-05	0.29904	supercritical
566.00	41.000	1.7314	0.57756	5471.8	7839.8	47.382	10.427	14.556	1831.2	-0.053746	1.3886e-05	0.29941	supercritical
567.00	41.000	1.7284	0.57856	5482.3	7854.4	47.408	10.427	14.556	1832.7	-0.053781	1.3903e-05	0.29979	supercritical
568.00	41.000	1.7254	0.57957	5492.7	7868.9	47.434	10.427	14.557	1834.3	-0.053816	1.3920e-05	0.30016	supercritical
569.00	41.000	1.7224	0.58058	5503.1	7883.5	47.459	10.428	14.557	1835.9	-0.053851	1.3937e-05	0.30054	supercritical
570.00	41.000	1.7194	0.58158	5513.6	7898.0	47.485	10.428	14.557	1837.4	-0.053886	1.3954e-05	0.30091	supercritical
571.00	41.000	1.7165	0.58259	5524.0	7912.6	47.510	10.428	14.558	1839.0	-0.053920	1.3971e-05	0.30129	supercritical
572.00	41.000	1.7135	0.58360	5534.4	7927.2	47.536	10.429	14.558	1840.5	-0.053955	1.3988e-05	0.30166	supercritical
573.00	41.000	1.7106	0.58460	5544.8	7941.7	47.561	10.429	14.558	1842.1	-0.053989	1.4005e-05	0.30204	supercritical
574.00	41.000	1.7076	0.58561	5555.3	7956.3	47.587	10.430	14.559	1843.6	-0.054023	1.4022e-05	0.30241	supercritical
575.00	41.000	1.7047	0.58662	5565.7	7970.8	47.612	10.430	14.559	1845.2	-0.054057	1.4040e-05	0.30279	supercritical
576.00	41.000	1.7018	0.58762	5576.1	7985.4	47.637	10.430	14.559	1846.7	-0.054090	1.4057e-05	0.30316	supercritical
577.00	41.000	1.6989	0.58863	5586.6	8000.0	47.663	10.431	14.559	1848.3	-0.054124	1.4074e-05	0.30354	supercritical
578.00	41.000	1.6960	0.58964	5597.0	8014.5	47.688	10.431	14.560	1849.8	-0.054157	1.4091e-05	0.30391	supercritical
579.00	41.000	1.6931	0.59064	5607.4	8029.1	47.713	10.432	14.560	1851.3	-0.054190	1.4108e-05	0.30428	supercritical
580.00	41.000	1.6902	0.59165	5617.9	8043.6	47.738	10.432	14.560	1852.9	-0.054223	1.4124e-05	0.30466	supercritical
581.00	41.000	1.6873	0.59265	5628.3	8058.2	47.763	10.432	14.561	1854.4	-0.054256	1.4141e-05	0.30503	supercritical
582.00	41.000	1.6845	0.59366	5638.7	8072.8	47.788	10.433	14.561	1856.0	-0.054288	1.4158e-05	0.30541	supercritical
583.00	41.000	1.6816	0.59467	5649.2	8087.3	47.813	10.433	14.562	1857.5	-0.054321	1.4175e-05	0.30578	supercritical
584.00	41.000	1.6788	0.59567	5659.6	8101.9	47.838	10.434	14.562	1859.0	-0.054353	1.4192e-05	0.30616	supercritical
585.00	41.000	1.6759	0.59668	5670.0	8116.4	47.863	10.434	14.562	1860.6	-0.054385	1.4209e-05	0.30653	supercritical
586.00	41.000	1.6731	0.59769	5680.5	8131.0	47.888	10.434	14.563	1862.1	-0.054417	1.4226e-05	0.30690	supercritical
587.00	41.000	1.6703	0.59869	5690.9	8145.6	47.913	10.435	14.563	1863.6	-0.054449	1.4243e-05	0.30728	supercritical
588.00	41.000	1.6675	0.59970	5701.4	8160.1	47.938	10.435	14.563	1865.2	-0.054480	1.4260e-05	0.30765	supercritical
589.00	41.000	1.6647	0.60071	5711.8	8174.7	47.962	10.436	14.564	1866.7	-0.054511	1.4277e-05	0.30802	supercritical
590.00	41.000	1.6619	0.60171	5722.2	8189.3	47.987	10.436	14.564	1868.2	-0.054543	1.4294e-05	0.30840	supercritical
591.00	41.000	1.6591	0.60272	5732.7	8203.8	48.012	10.437	14.564	1869.7	-0.054574	1.4311e-05	0.30877	supercritical
592.00	41.000	1.6564	0.60373	5743.1	8218.4	48.036	10.437	14.565	1871.3	-0.054604	1.4328e-05	0.30915	supercritical
593.00	41.000	1.6536	0.60473	5753.5	8232.9	48.061	10.438	14.565	1872.8	-0.054635	1.4344e-05	0.30952	supercritical
594.00	41.000	1.6509	0.60574	5764.0	8247.5	48.085	10.438	14.566	1874.3	-0.054666	1.4361e-05	0.30989	supercritical
595.00	41.000	1.6481	0.60674	5774.4	8262.1	48.110	10.438	14.566	1875.8	-0.054696	1.4378e-05	0.31027	supercritical
596.00	41.000	1.6454	0.60775	5784.9	8276.6	48.134	10.439	14.566	1877.3	-0.054726	1.4395e-05	0.31064	supercritical
597.00	41.000	1.6427	0.60876	5795.3	8291.2	48.159	10.439	14.567	1878.9	-0.054756	1.4412e-05	0.31101	supercritical
598.00	41.000	1.6400	0.60976	5805.7	8305.8	48.183	10.440	14.567	1880.4	-0.054786	1.4429e-05	0.31139	supercritical
599.00	41.000	1.6373	0.61077	5816.2	8320.3	48.207	10.440	14.567	1881.9	-0.054816	1.4446e-05	0.31176	supercritical
600.00	41.000	1.6346	0.61178	5826.6	8334.9	48.232	10.441	14.568	1883.4	-0.054845	1.4462e-05	0.31213	supercritical
601.00	41.000	1.6319	0.61278	5837.1	8349.5	48.256	10.441	14.568	1884.9	-0.054875	1.4479e-05	0.31250	supercritical
602.00	41.000	1.6292	0.61379	5847.5	8364.0	48.280	10.442	14.569	1886.4	-0.054904	1.4496e-05	0.31288	supercritical
603.00	41.000	1.6266	0.61479	5858.0	8378.6	48.304	10.442	14.569	1887.9	-0.054933	1.4513e-05	0.31325	supercritical
604.00	41.000	1.6239	0.61580	5868.4	8393.2	48.329	10.443	14.570	1889.4	-0.054962	1.4530e-05	0.31362	supercritical
605.00	41.000	1.6213	0.61681	5878.8	8407.8	48.353	10.443	14.570	1890.9	-0.054990	1.4546e-05	0.31400	supercritical
606.00	41.000	1.6186	0.61781	5889.3	8422.3	48.377	10.444	14.570	1892.5	-0.055019	1.4563e-05	0.31437	supercritical
607.00	41.000	1.6160	0.61882	5899.7	8436.9	48.401	10.444	14.571	1894.0	-0.055047	1.4580e-05	0.31474	supercritical
608.00	41.000	1.6134	0.61983	5910.2	8451.5	48.425	10.445	14.571	1895.5	-0.055076	1.4597e-05	0.31512	supercritical
609.00	41.000	1.6107	0.62083	5920.6	8466.0	48.449	10.445	14.572	1897.0	-0.055104	1.4614e-05	0.31549	supercritical
610.00	41.000	1.6081	0.62184	5931.1	8480.6	48.473	10.446	14.572	1898.5	-0.055132	1.4630e-05	0.31586	supercritical
611.00	41.000	1.6055	0.62284	5941.5	8495.2	48.496	10.446	14.573	1900.0	-0.055160	1.4647e-05	0.31623	supercritical
612.00	41.000	1.6029	0.62385	5952.0	8509.8	48.520	10.447	14.573	1901.5	-0.055187	1.4664e-05	0.31661	supercritical
613.00	41.000	1.6004	0.62486	5962.4	8524.3	48.544	10.447	14.573	1903.0	-0.055215	1.4680e-05	0.31698	supercritical
