Temperature (K)	Pressure (bar)	Density (kg/m3)	Volume (m3/kg)	Internal Energy (kJ/kg)	Enthalpy (kJ/kg)	Entropy (J/g*K)	Cv (J/g*K)	Cp (J/g*K)	Sound Spd. (m/s)	Joule-Thomson (K/bar)	Viscosity (Pa*s)	Therm. Cond. (W/m*K)	Phase
16.000	58.000	79.822	0.012528	-48.770	23.892	-2.8063	5.3054	6.9656	1410.8	-0.15605	2.8385e-05	0.10579	liquid
17.000	58.000	79.150	0.012634	-42.286	30.993	-2.3758	5.3925	7.2403	1397.2	-0.14885	2.5602e-05	0.10761	liquid
18.000	58.000	78.453	0.012747	-35.553	38.377	-1.9538	5.4796	7.5297	1382.9	-0.14172	2.3281e-05	0.10922	liquid
19.000	58.000	77.730	0.012865	-28.562	46.056	-1.5388	5.5635	7.8293	1368.0	-0.13475	2.1317e-05	0.11063	liquid
20.000	58.000	76.980	0.012990	-21.305	54.039	-1.1293	5.6444	8.1385	1352.3	-0.12796	1.9636e-05	0.11184	liquid
21.000	58.000	76.203	0.013123	-13.776	62.336	-0.72458	5.7227	8.4576	1335.9	-0.12132	1.8182e-05	0.11285	liquid
22.000	58.000	75.397	0.013263	-5.9684	70.958	-0.32358	5.7984	8.7868	1318.8	-0.11482	1.6915e-05	0.11368	liquid
23.000	58.000	74.562	0.013412	2.1257	79.913	0.074464	5.8714	9.1263	1301.0	-0.10842	1.5801e-05	0.11432	liquid
24.000	58.000	73.697	0.013569	10.513	89.214	0.47024	5.9414	9.4766	1282.5	-0.10211	1.4814e-05	0.11478	liquid
25.000	58.000	72.800	0.013736	19.200	98.870	0.86438	6.0081	9.8378	1263.3	-0.095864	1.3934e-05	0.11507	liquid
26.000	58.000	71.871	0.013914	28.193	108.89	1.2574	6.0712	10.211	1243.4	-0.089642	1.3145e-05	0.11520	liquid
27.000	58.000	70.908	0.014103	37.499	119.30	1.6500	6.1305	10.596	1222.8	-0.083416	1.2433e-05	0.11516	liquid
28.000	58.000	69.910	0.014304	47.125	130.09	2.0425	6.1856	10.994	1201.7	-0.077148	1.1786e-05	0.11498	liquid
29.000	58.000	68.875	0.014519	57.077	141.29	2.4354	6.2367	11.406	1179.9	-0.070799	1.1195e-05	0.11464	liquid
30.000	58.000	67.801	0.014749	67.362	152.91	2.8293	6.2837	11.835	1157.5	-0.064328	1.0652e-05	0.11416	liquid
31.000	58.000	66.687	0.014995	77.989	164.96	3.2245	6.3266	12.280	1134.6	-0.057693	1.0151e-05	0.11355	liquid
32.000	58.000	65.531	0.015260	88.965	177.47	3.6217	6.3658	12.744	1111.1	-0.050848	9.6865e-06	0.11280	liquid
33.000	58.000	64.330	0.015545	100.30	190.46	4.0212	6.4013	13.229	1087.1	-0.043750	9.2535e-06	0.11193	liquid
34.000	58.000	63.083	0.015852	112.00	203.94	4.4236	6.4335	13.735	1062.8	-0.036356	8.8482e-06	0.11098	supercritical
35.000	58.000	61.788	0.016184	124.07	217.93	4.8293	6.4627	14.263	1038.0	-0.028623	8.4674e-06	0.10993	supercritical
36.000	58.000	60.442	0.016545	136.51	232.47	5.2388	6.4892	14.812	1013.1	-0.020515	8.1082e-06	0.10876	supercritical
37.000	58.000	59.046	0.016936	149.34	247.57	5.6523	6.5134	15.382	988.01	-0.012004	7.7685e-06	0.10748	supercritical
38.000	58.000	57.599	0.017361	162.54	263.24	6.0703	6.5357	15.968	963.00	-0.0030710	7.4467e-06	0.10609	supercritical
39.000	58.000	56.101	0.017825	176.12	279.51	6.4928	6.5565	16.565	938.24	0.0062842	7.1413e-06	0.10461	supercritical
40.000	58.000	54.555	0.018330	190.05	296.37	6.9197	6.5761	17.162	913.97	0.016041	6.8517e-06	0.10303	supercritical
41.000	58.000	52.965	0.018880	204.32	313.83	7.3507	6.5947	17.748	890.43	0.026154	6.5773e-06	0.10136	supercritical
42.000	58.000	51.339	0.019478	218.88	331.86	7.7852	6.6125	18.306	867.93	0.036544	6.3182e-06	0.099612	supercritical
43.000	58.000	49.684	0.020127	233.69	350.42	8.2220	6.6294	18.817	846.74	0.047104	6.0745e-06	0.097792	supercritical
44.000	58.000	48.014	0.020827	248.67	369.47	8.6598	6.6453	19.262	827.15	0.057698	5.8466e-06	0.095916	supercritical
45.000	58.000	46.342	0.021579	263.76	388.92	9.0969	6.6599	19.625	809.37	0.068171	5.6351e-06	0.093999	supercritical
46.000	58.000	44.683	0.022380	278.88	408.69	9.5314	6.6728	19.890	793.56	0.078359	5.4404e-06	0.092058	supercritical
47.000	58.000	43.051	0.023228	293.94	428.66	9.9610	6.6837	20.051	779.82	0.088101	5.2626e-06	0.090109	supercritical
48.000	58.000	41.462	0.024118	308.87	448.75	10.384	6.6922	20.107	768.15	0.097252	5.1019e-06	0.088160	supercritical
49.000	58.000	39.927	0.025046	323.58	468.85	10.798	6.6982	20.064	758.47	0.10569	4.9577e-06	0.086183	supercritical
50.000	58.000	38.455	0.026004	338.03	488.85	11.202	6.7018	19.934	750.67	0.11333	4.8295e-06	0.083983	supercritical
51.000	58.000	37.054	0.026988	352.16	508.69	11.595	6.7032	19.730	744.57	0.12011	4.7163e-06	0.082496	supercritical
52.000	58.000	35.727	0.027990	365.95	528.29	11.976	6.7027	19.470	740.01	0.12602	4.6172e-06	0.081134	supercritical
53.000	58.000	34.475	0.029006	379.38	547.62	12.344	6.7008	19.169	736.79	0.13105	4.5308e-06	0.079901	supercritical
54.000	58.000	33.299	0.030031	392.44	566.62	12.699	6.6978	18.841	734.74	0.13524	4.4560e-06	0.078794	supercritical
55.000	58.000	32.195	0.031061	405.14	585.29	13.042	6.6941	18.499	733.68	0.13864	4.3916e-06	0.077809	supercritical
56.000	58.000	31.160	0.032092	417.48	603.62	13.372	6.6901	18.152	733.47	0.14130	4.3366e-06	0.076940	supercritical
57.000	58.000	30.191	0.033122	429.49	621.60	13.690	6.6862	17.809	733.98	0.14330	4.2897e-06	0.076181	supercritical
58.000	58.000	29.283	0.034149	441.17	639.24	13.997	6.6825	17.475	735.08	0.14470	4.2502e-06	0.075522	supercritical
59.000	58.000	28.432	0.035171	452.56	656.55	14.293	6.6793	17.153	736.70	0.14558	4.2171e-06	0.074955	supercritical
60.000	58.000	27.634	0.036188	463.66	673.55	14.579	6.6767	16.846	738.73	0.14599	4.1896e-06	0.074474	supercritical
61.000	58.000	26.884	0.037197	474.51	690.25	14.855	6.6748	16.556	741.10	0.14600	4.1672e-06	0.074070	supercritical
62.000	58.000	26.178	0.038200	485.11	706.67	15.122	6.6738	16.282	743.77	0.14566	4.1493e-06	0.073737	supercritical
63.000	58.000	25.514	0.039194	495.49	722.82	15.380	6.6737	16.025	746.67	0.14501	4.1352e-06	0.073467	supercritical
64.000	58.000	24.887	0.040182	505.67	738.72	15.631	6.6745	15.785	749.77	0.14411	4.1247e-06	0.073256	supercritical
65.000	58.000	24.295	0.041161	515.66	754.39	15.874	6.6763	15.560	753.03	0.14300	4.1172e-06	0.073098	supercritical
66.000	58.000	23.735	0.042133	525.48	769.85	16.110	6.6791	15.351	756.41	0.14169	4.1126e-06	0.072988	supercritical
67.000	58.000	23.204	0.043097	535.14	785.10	16.339	6.6828	15.156	759.90	0.14023	4.1103e-06	0.072923	supercritical
68.000	58.000	22.700	0.044054	544.65	800.16	16.562	6.6876	14.974	763.48	0.13863	4.1103e-06	0.072897	supercritical
69.000	58.000	22.221	0.045003	554.03	815.05	16.780	6.6933	14.805	767.11	0.13692	4.1123e-06	0.072909	supercritical
70.000	58.000	21.765	0.045946	563.29	829.78	16.991	6.7000	14.648	770.80	0.13512	4.1161e-06	0.072954	supercritical
71.000	58.000	21.330	0.046881	572.44	844.35	17.198	6.7077	14.501	774.52	0.13325	4.1215e-06	0.073030	supercritical
72.000	58.000	20.916	0.047811	581.48	858.78	17.400	6.7163	14.365	778.27	0.13131	4.1283e-06	0.073135	supercritical
73.000	58.000	20.520	0.048734	590.43	873.08	17.597	6.7259	14.239	782.03	0.12932	4.1364e-06	0.073266	supercritical
74.000	58.000	20.141	0.049650	599.29	887.26	17.790	6.7364	14.121	785.81	0.12729	4.1458e-06	0.073422	supercritical
75.000	58.000	19.778	0.050561	608.07	901.33	17.979	6.7477	14.012	789.58	0.12523	4.1562e-06	0.073601	supercritical
76.000	58.000	19.430	0.051467	616.78	915.29	18.164	6.7600	13.910	793.35	0.12315	4.1677e-06	0.073801	supercritical
77.000	58.000	19.096	0.052367	625.42	929.15	18.345	6.7731	13.815	797.12	0.12106	4.1800e-06	0.074020	supercritical
78.000	58.000	18.775	0.053261	634.01	942.92	18.523	6.7870	13.727	800.87	0.11895	4.1932e-06	0.074258	supercritical
79.000	58.000	18.467	0.054151	642.53	956.61	18.697	6.8017	13.646	804.61	0.11684	4.2071e-06	0.074513	supercritical
80.000	58.000	18.170	0.055036	651.01	970.22	18.868	6.8172	13.570	808.34	0.11472	4.2218e-06	0.074784	supercritical
81.000	58.000	17.884	0.055916	659.44	983.75	19.036	6.8335	13.500	812.04	0.11262	4.2371e-06	0.075071	supercritical
82.000	58.000	17.608	0.056792	667.82	997.22	19.202	6.8505	13.435	815.72	0.11051	4.2529e-06	0.075371	supercritical
83.000	58.000	17.342	0.057664	676.17	1010.6	19.364	6.8682	13.374	819.38	0.10842	4.2693e-06	0.075686	supercritical
84.000	58.000	17.085	0.058531	684.49	1024.0	19.524	6.8866	13.318	823.02	0.10634	4.2863e-06	0.076013	supercritical
85.000	58.000	16.837	0.059394	692.77	1037.3	19.681	6.9056	13.266	826.63	0.10428	4.3036e-06	0.076353	supercritical
86.000	58.000	16.596	0.060254	701.03	1050.5	19.836	6.9252	13.219	830.22	0.10223	4.3215e-06	0.076704	supercritical
87.000	58.000	16.364	0.061110	709.26	1063.7	19.989	6.9455	13.175	833.78	0.10020	4.3397e-06	0.077065	supercritical
88.000	58.000	16.139	0.061962	717.47	1076.9	20.139	6.9663	13.134	837.32	0.098191	4.3583e-06	0.077438	supercritical
89.000	58.000	15.921	0.062811	725.66	1090.0	20.287	6.9876	13.097	840.83	0.096202	4.3772e-06	0.077820	supercritical
90.000	58.000	15.709	0.063657	733.83	1103.0	20.433	7.0095	13.063	844.32	0.094235	4.3964e-06	0.078212	supercritical
91.000	58.000	15.504	0.064500	742.00	1116.1	20.578	7.0319	13.031	847.78	0.092291	4.4160e-06	0.078613	supercritical
92.000	58.000	15.305	0.065339	750.14	1129.1	20.720	7.0547	13.003	851.21	0.090371	4.4358e-06	0.079023	supercritical
93.000	58.000	15.111	0.066175	758.28	1142.1	20.860	7.0780	12.977	854.62	0.088475	4.4558e-06	0.079442	supercritical
94.000	58.000	14.923	0.067009	766.41	1155.1	20.999	7.1017	12.953	858.01	0.086604	4.4761e-06	0.079868	supercritical
95.000	58.000	14.741	0.067840	774.54	1168.0	21.136	7.1258	12.932	861.37	0.084758	4.4967e-06	0.080302	supercritical
96.000	58.000	14.563	0.068668	782.65	1180.9	21.271	7.1503	12.913	864.71	0.082937	4.5174e-06	0.080744	supercritical
97.000	58.000	14.390	0.069494	790.77	1193.8	21.405	7.1751	12.896	868.02	0.081142	4.5383e-06	0.081193	supercritical
98.000	58.000	14.221	0.070317	798.89	1206.7	21.537	7.2003	12.881	871.31	0.079373	4.5594e-06	0.081648	supercritical
99.000	58.000	14.057	0.071137	807.00	1219.6	21.668	7.2257	12.868	874.58	0.077630	4.5807e-06	0.082111	supercritical
100.00	58.000	13.897	0.071956	815.12	1232.5	21.797	7.2514	12.857	877.83	0.075913	4.6021e-06	0.082580	supercritical
101.00	58.000	13.742	0.072772	823.24	1245.3	21.925	7.2774	12.847	881.05	0.074222	4.6237e-06	0.083055	supercritical
102.00	58.000	13.590	0.073586	831.36	1258.2	22.052	7.3037	12.839	884.26	0.072557	4.6454e-06	0.083536	supercritical
103.00	58.000	13.441	0.074397	839.48	1271.0	22.177	7.3301	12.832	887.44	0.070917	4.6672e-06	0.084023	supercritical
104.00	58.000	13.297	0.075207	847.62	1283.8	22.301	7.3568	12.826	890.60	0.069304	4.6892e-06	0.084515	supercritical
105.00	58.000	13.155	0.076014	855.76	1296.6	22.423	7.3836	12.822	893.75	0.067716	4.7112e-06	0.085013	supercritical
106.00	58.000	13.017	0.076820	863.91	1309.5	22.545	7.4106	12.819	896.87	0.066153	4.7334e-06	0.085516	supercritical
107.00	58.000	12.883	0.077624	872.06	1322.3	22.665	7.4378	12.818	899.98	0.064616	4.7557e-06	0.086024	supercritical
108.00	58.000	12.751	0.078426	880.23	1335.1	22.785	7.4650	12.817	903.06	0.063104	4.7780e-06	0.086537	supercritical
109.00	58.000	12.622	0.079226	888.40	1347.9	22.903	7.4924	12.817	906.14	0.061616	4.8004e-06	0.087055	supercritical
110.00	58.000	12.496	0.080024	896.59	1360.7	23.020	7.5199	12.819	909.19	0.060152	4.8229e-06	0.087577	supercritical
111.00	58.000	12.373	0.080821	904.79	1373.6	23.136	7.5474	12.821	912.23	0.058713	4.8455e-06	0.088104	supercritical
112.00	58.000	12.252	0.081616	913.00	1386.4	23.251	7.5750	12.824	915.25	0.057298	4.8681e-06	0.088635	supercritical
113.00	58.000	12.134	0.082410	921.22	1399.2	23.365	7.6027	12.828	918.25	0.055906	4.8908e-06	0.089170	supercritical
114.00	58.000	12.019	0.083202	929.46	1412.0	23.478	7.6304	12.833	921.24	0.054537	4.9136e-06	0.089709	supercritical
115.00	58.000	11.906	0.083992	937.71	1424.9	23.590	7.6581	12.838	924.22	0.053191	4.9364e-06	0.090252	supercritical
116.00	58.000	11.795	0.084781	945.98	1437.7	23.701	7.6858	12.845	927.18	0.051868	4.9593e-06	0.090799	supercritical
117.00	58.000	11.686	0.085569	954.26	1450.6	23.811	7.7136	12.851	930.13	0.050566	4.9822e-06	0.091349	supercritical
118.00	58.000	11.580	0.086355	962.55	1463.4	23.921	7.7413	12.859	933.06	0.049287	5.0051e-06	0.091903	supercritical
119.00	58.000	11.476	0.087140	970.86	1476.3	24.029	7.7689	12.867	935.99	0.048029	5.0281e-06	0.092460	supercritical
120.00	58.000	11.374	0.087924	979.19	1489.1	24.137	7.7966	12.875	938.89	0.046792	5.0511e-06	0.093020	supercritical
121.00	58.000	11.273	0.088706	987.53	1502.0	24.244	7.8241	12.884	941.79	0.045576	5.0741e-06	0.093583	supercritical
122.00	58.000	11.175	0.089487	995.89	1514.9	24.350	7.8516	12.894	944.67	0.044381	5.0972e-06	0.094149	supercritical
123.00	58.000	11.078	0.090267	1004.3	1527.8	24.455	7.8791	12.904	947.54	0.043205	5.1203e-06	0.094718	supercritical
124.00	58.000	10.984	0.091045	1012.7	1540.7	24.560	7.9065	12.914	950.40	0.042049	5.1434e-06	0.095290	supercritical
125.00	58.000	10.891	0.091823	1021.1	1553.6	24.664	7.9337	12.925	953.25	0.040913	5.1666e-06	0.095864	supercritical
126.00	58.000	10.799	0.092599	1029.5	1566.6	24.767	7.9609	12.936	956.09	0.039795	5.1897e-06	0.096441	supercritical
127.00	58.000	10.710	0.093374	1037.9	1579.5	24.869	7.9880	12.947	958.92	0.038697	5.2129e-06	0.097020	supercritical
128.00	58.000	10.622	0.094148	1046.4	1592.5	24.971	8.0150	12.959	961.74	0.037616	5.2361e-06	0.097601	supercritical
129.00	58.000	10.535	0.094922	1054.9	1605.4	25.071	8.0418	12.971	964.54	0.036554	5.2593e-06	0.098185	supercritical
130.00	58.000	10.450	0.095694	1063.4	1618.4	25.172	8.0686	12.983	967.34	0.035509	5.2825e-06	0.098770	supercritical
131.00	58.000	10.366	0.096465	1071.9	1631.4	25.271	8.0952	12.996	970.13	0.034481	5.3057e-06	0.099358	supercritical
132.00	58.000	10.284	0.097235	1080.4	1644.4	25.370	8.1216	13.008	972.91	0.033471	5.3290e-06	0.099947	supercritical
133.00	58.000	10.204	0.098004	1089.0	1657.4	25.468	8.1479	13.021	975.68	0.032477	5.3522e-06	0.10054	supercritical
134.00	58.000	10.124	0.098772	1097.6	1670.4	25.566	8.1741	13.035	978.43	0.031499	5.3755e-06	0.10113	supercritical
135.00	58.000	10.046	0.099539	1106.2	1683.5	25.663	8.2001	13.048	981.19	0.030538	5.3987e-06	0.10173	supercritical
136.00	58.000	9.9695	0.10031	1114.8	1696.5	25.759	8.2259	13.061	983.93	0.029592	5.4219e-06	0.10232	supercritical
137.00	58.000	9.8940	0.10107	1123.4	1709.6	25.855	8.2516	13.075	986.66	0.028661	5.4452e-06	0.10292	supercritical
138.00	58.000	9.8197	0.10184	1132.0	1722.7	25.950	8.2771	13.089	989.39	0.027746	5.4684e-06	0.10352	supercritical
139.00	58.000	9.7466	0.10260	1140.7	1735.8	26.045	8.3025	13.102	992.11	0.026845	5.4917e-06	0.10412	supercritical
140.00	58.000	9.6746	0.10336	1149.4	1748.9	26.139	8.3277	13.116	994.82	0.025959	5.5149e-06	0.10472	supercritical
141.00	58.000	9.6038	0.10413	1158.1	1762.0	26.232	8.3527	13.130	997.52	0.025087	5.5381e-06	0.10532	supercritical
142.00	58.000	9.5341	0.10489	1166.8	1775.2	26.325	8.3775	13.144	1000.2	0.024229	5.5614e-06	0.10592	supercritical
143.00	58.000	9.4655	0.10565	1175.6	1788.3	26.417	8.4021	13.159	1002.9	0.023385	5.5846e-06	0.10653	supercritical
144.00	58.000	9.3979	0.10641	1184.3	1801.5	26.509	8.4265	13.173	1005.6	0.022554	5.6078e-06	0.10713	supercritical
145.00	58.000	9.3313	0.10717	1193.1	1814.7	26.600	8.4508	13.187	1008.3	0.021736	5.6310e-06	0.10774	supercritical
146.00	58.000	9.2657	0.10792	1201.9	1827.8	26.691	8.4749	13.201	1010.9	0.020931	5.6542e-06	0.10834	supercritical
147.00	58.000	9.2011	0.10868	1210.7	1841.1	26.781	8.4987	13.216	1013.6	0.020139	5.6774e-06	0.10895	supercritical
148.00	58.000	9.1374	0.10944	1219.5	1854.3	26.871	8.5224	13.230	1016.2	0.019359	5.7006e-06	0.10956	supercritical
149.00	58.000	9.0747	0.11020	1228.4	1867.5	26.960	8.5459	13.244	1018.9	0.018591	5.7237e-06	0.11017	supercritical
150.00	58.000	9.0129	0.11095	1237.2	1880.8	27.048	8.5692	13.259	1021.5	0.017834	5.7469e-06	0.11078	supercritical
151.00	58.000	8.9520	0.11171	1246.1	1894.0	27.136	8.5922	13.273	1024.1	0.017090	5.7700e-06	0.11138	supercritical
152.00	58.000	8.8919	0.11246	1255.0	1907.3	27.224	8.6151	13.288	1026.8	0.016357	5.7932e-06	0.11199	supercritical
153.00	58.000	8.8327	0.11322	1264.0	1920.6	27.311	8.6378	13.302	1029.4	0.015634	5.8163e-06	0.11260	supercritical
154.00	58.000	8.7743	0.11397	1272.9	1933.9	27.398	8.6603	13.316	1032.0	0.014923	5.8394e-06	0.11321	supercritical
155.00	58.000	8.7168	0.11472	1281.9	1947.2	27.484	8.6825	13.330	1034.6	0.014223	5.8625e-06	0.11382	supercritical
156.00	58.000	8.6600	0.11547	1290.8	1960.6	27.570	8.7046	13.345	1037.2	0.013533	5.8855e-06	0.11443	supercritical
157.00	58.000	8.6040	0.11623	1299.8	1973.9	27.655	8.7265	13.359	1039.8	0.012853	5.9086e-06	0.11504	supercritical
158.00	58.000	8.5488	0.11698	1308.8	1987.3	27.740	8.7481	13.373	1042.4	0.012183	5.9316e-06	0.11565	supercritical
159.00	58.000	8.4943	0.11773	1317.9	2000.7	27.825	8.7696	13.387	1045.0	0.011523	5.9546e-06	0.11626	supercritical
160.00	58.000	8.4405	0.11848	1326.9	2014.1	27.909	8.7908	13.401	1047.5	0.010873	5.9777e-06	0.11687	supercritical
161.00	58.000	8.3875	0.11923	1336.0	2027.5	27.992	8.8119	13.415	1050.1	0.010232	6.0006e-06	0.11748	supercritical
162.00	58.000	8.3351	0.11997	1345.0	2040.9	28.075	8.8327	13.429	1052.7	0.0096008	6.0236e-06	0.11809	supercritical
163.00	58.000	8.2834	0.12072	1354.1	2054.3	28.158	8.8533	13.443	1055.2	0.0089784	6.0466e-06	0.11869	supercritical
164.00	58.000	8.2325	0.12147	1363.3	2067.8	28.240	8.8738	13.457	1057.8	0.0083650	6.0695e-06	0.11930	supercritical
165.00	58.000	8.1821	0.12222	1372.4	2081.2	28.322	8.8940	13.470	1060.3	0.0077603	6.0924e-06	0.11991	supercritical
166.00	58.000	8.1324	0.12296	1381.5	2094.7	28.403	8.9140	13.484	1062.9	0.0071641	6.1153e-06	0.12052	supercritical
167.00	58.000	8.0834	0.12371	1390.7	2108.2	28.485	8.9338	13.498	1065.4	0.0065764	6.1382e-06	0.12112	supercritical
168.00	58.000	8.0349	0.12446	1399.9	2121.7	28.565	8.9534	13.511	1068.0	0.0059969	6.1611e-06	0.12173	supercritical
169.00	58.000	7.9871	0.12520	1409.1	2135.2	28.645	8.9729	13.524	1070.5	0.0054255	6.1839e-06	0.12234	supercritical
170.00	58.000	7.9398	0.12595	1418.3	2148.8	28.725	8.9921	13.538	1073.0	0.0048620	6.2067e-06	0.12294	supercritical
171.00	58.000	7.8932	0.12669	1427.5	2162.3	28.805	9.0111	13.551	1075.5	0.0043063	6.2295e-06	0.12355	supercritical
172.00	58.000	7.8471	0.12744	1436.7	2175.9	28.884	9.0299	13.564	1078.0	0.0037582	6.2523e-06	0.12415	supercritical
173.00	58.000	7.8016	0.12818	1446.0	2189.4	28.962	9.0485	13.577	1080.6	0.0032175	6.2751e-06	0.12475	supercritical
174.00	58.000	7.7566	0.12892	1455.3	2203.0	29.041	9.0669	13.590	1083.1	0.0026842	6.2978e-06	0.12536	supercritical
175.00	58.000	7.7122	0.12967	1464.6	2216.6	29.119	9.0851	13.603	1085.6	0.0021581	6.3205e-06	0.12596	supercritical
176.00	58.000	7.6683	0.13041	1473.9	2230.2	29.196	9.1031	13.616	1088.0	0.0016390	6.3432e-06	0.12656	supercritical
177.00	58.000	7.6249	0.13115	1483.2	2243.9	29.273	9.1210	13.628	1090.5	0.0011268	6.3659e-06	0.12716	supercritical
178.00	58.000	7.5820	0.13189	1492.5	2257.5	29.350	9.1386	13.641	1093.0	0.00062141	6.3886e-06	0.12776	supercritical
179.00	58.000	7.5396	0.13263	1501.9	2271.1	29.427	9.1560	13.653	1095.5	0.00012266	6.4112e-06	0.12836	supercritical
180.00	58.000	7.4977	0.13337	1511.2	2284.8	29.503	9.1733	13.666	1098.0	-0.00036955	6.4338e-06	0.12896	supercritical
181.00	58.000	7.4563	0.13411	1520.6	2298.5	29.578	9.1903	13.678	1100.4	-0.00085536	6.4564e-06	0.12955	supercritical
182.00	58.000	7.4154	0.13485	1530.0	2312.2	29.654	9.2072	13.690	1102.9	-0.0013349	6.4790e-06	0.13015	supercritical
183.00	58.000	7.3750	0.13559	1539.4	2325.8	29.729	9.2238	13.702	1105.4	-0.0018082	6.5015e-06	0.13074	supercritical
184.00	58.000	7.3350	0.13633	1548.8	2339.6	29.804	9.2403	13.714	1107.8	-0.0022756	6.5240e-06	0.13134	supercritical
185.00	58.000	7.2954	0.13707	1558.3	2353.3	29.878	9.2566	13.726	1110.3	-0.0027369	6.5466e-06	0.13193	supercritical
186.00	58.000	7.2563	0.13781	1567.7	2367.0	29.952	9.2727	13.737	1112.7	-0.0031924	6.5690e-06	0.13252	supercritical
187.00	58.000	7.2176	0.13855	1577.2	2380.8	30.026	9.2887	13.749	1115.2	-0.0036423	6.5915e-06	0.13311	supercritical
188.00	58.000	7.1794	0.13929	1586.6	2394.5	30.099	9.3044	13.761	1117.6	-0.0040864	6.6139e-06	0.13370	supercritical
189.00	58.000	7.1416	0.14003	1596.1	2408.3	30.172	9.3200	13.772	1120.0	-0.0045251	6.6364e-06	0.13429	supercritical
190.00	58.000	7.1041	0.14076	1605.6	2422.0	30.245	9.3354	13.783	1122.5	-0.0049584	6.6588e-06	0.13488	supercritical
191.00	58.000	7.0671	0.14150	1615.1	2435.8	30.317	9.3506	13.794	1124.9	-0.0053863	6.6811e-06	0.13547	supercritical
192.00	58.000	7.0305	0.14224	1624.7	2449.6	30.389	9.3656	13.805	1127.3	-0.0058090	6.7035e-06	0.13606	supercritical
193.00	58.000	6.9943	0.14297	1634.2	2463.4	30.461	9.3805	13.816	1129.7	-0.0062266	6.7258e-06	0.13664	supercritical
194.00	58.000	6.9585	0.14371	1643.8	2477.3	30.532	9.3952	13.827	1132.1	-0.0066391	6.7481e-06	0.13722	supercritical
195.00	58.000	6.9230	0.14445	1653.3	2491.1	30.603	9.4097	13.838	1134.5	-0.0070467	6.7704e-06	0.13781	supercritical
196.00	58.000	6.8880	0.14518	1662.9	2504.9	30.674	9.4240	13.849	1136.9	-0.0074494	6.7927e-06	0.13839	supercritical
197.00	58.000	6.8532	0.14592	1672.5	2518.8	30.745	9.4382	13.859	1139.3	-0.0078474	6.8149e-06	0.13897	supercritical
198.00	58.000	6.8189	0.14665	1682.1	2532.7	30.815	9.4522	13.869	1141.7	-0.0082407	6.8371e-06	0.13955	supercritical
199.00	58.000	6.7849	0.14739	1691.7	2546.5	30.885	9.4660	13.880	1144.1	-0.0086293	6.8593e-06	0.14013	supercritical
200.00	58.000	6.7513	0.14812	1701.3	2560.4	30.954	9.4797	13.890	1146.5	-0.0090135	6.8815e-06	0.14070	supercritical
201.00	58.000	6.7180	0.14885	1711.0	2574.3	31.024	9.4932	13.900	1148.9	-0.0093931	6.9036e-06	0.14128	supercritical
202.00	58.000	6.6850	0.14959	1720.6	2588.2	31.093	9.5065	13.910	1151.3	-0.0097684	6.9258e-06	0.14185	supercritical
203.00	58.000	6.6524	0.15032	1730.3	2602.1	31.161	9.5197	13.920	1153.7	-0.010139	6.9479e-06	0.14243	supercritical
204.00	58.000	6.6201	0.15106	1739.9	2616.1	31.230	9.5327	13.930	1156.0	-0.010506	6.9699e-06	0.14300	supercritical
205.00	58.000	6.5881	0.15179	1749.6	2630.0	31.298	9.5456	13.939	1158.4	-0.010869	6.9920e-06	0.14357	supercritical
206.00	58.000	6.5564	0.15252	1759.3	2643.9	31.366	9.5583	13.949	1160.8	-0.011227	7.0140e-06	0.14414	supercritical
207.00	58.000	6.5251	0.15325	1769.0	2657.9	31.433	9.5709	13.958	1163.1	-0.011582	7.0361e-06	0.14471	supercritical
208.00	58.000	6.4941	0.15399	1778.7	2671.9	31.501	9.5833	13.967	1165.5	-0.011933	7.0580e-06	0.14528	supercritical
209.00	58.000	6.4633	0.15472	1788.5	2685.8	31.568	9.5955	13.977	1167.8	-0.012279	7.0800e-06	0.14584	supercritical
210.00	58.000	6.4329	0.15545	1798.2	2699.8	31.634	9.6076	13.986	1170.2	-0.012622	7.1020e-06	0.14641	supercritical
211.00	58.000	6.4028	0.15618	1807.9	2713.8	31.701	9.6195	13.995	1172.5	-0.012961	7.1239e-06	0.14697	supercritical
212.00	58.000	6.3729	0.15691	1817.7	2727.8	31.767	9.6313	14.004	1174.9	-0.013297	7.1458e-06	0.14754	supercritical
213.00	58.000	6.3433	0.15765	1827.5	2741.8	31.833	9.6430	14.012	1177.2	-0.013629	7.1677e-06	0.14810	supercritical
214.00	58.000	6.3141	0.15838	1837.2	2755.8	31.899	9.6545	14.021	1179.5	-0.013957	7.1895e-06	0.14866	supercritical
215.00	58.000	6.2851	0.15911	1847.0	2769.9	31.964	9.6658	14.030	1181.9	-0.014282	7.2114e-06	0.14922	supercritical
216.00	58.000	6.2563	0.15984	1856.8	2783.9	32.029	9.6770	14.038	1184.2	-0.014603	7.2332e-06	0.14978	supercritical
217.00	58.000	6.2279	0.16057	1866.6	2797.9	32.094	9.6881	14.047	1186.5	-0.014921	7.2550e-06	0.15033	supercritical
218.00	58.000	6.1997	0.16130	1876.4	2812.0	32.159	9.6990	14.055	1188.8	-0.015235	7.2768e-06	0.15089	supercritical
219.00	58.000	6.1717	0.16203	1886.3	2826.0	32.223	9.7098	14.063	1191.1	-0.015547	7.2985e-06	0.15144	supercritical
220.00	58.000	6.1441	0.16276	1896.1	2840.1	32.287	9.7205	14.071	1193.5	-0.015855	7.3202e-06	0.15199	supercritical
221.00	58.000	6.1167	0.16349	1905.9	2854.2	32.351	9.7310	14.079	1195.8	-0.016159	7.3419e-06	0.15255	supercritical
222.00	58.000	6.0895	0.16422	1915.8	2868.3	32.415	9.7414	14.087	1198.1	-0.016461	7.3636e-06	0.15310	supercritical
223.00	58.000	6.0626	0.16495	1925.7	2882.4	32.478	9.7516	14.095	1200.4	-0.016760	7.3853e-06	0.15365	supercritical
224.00	58.000	6.0359	0.16568	1935.5	2896.5	32.541	9.7618	14.103	1202.7	-0.017055	7.4069e-06	0.15419	supercritical
225.00	58.000	6.0095	0.16640	1945.4	2910.6	32.604	9.7717	14.110	1205.0	-0.017348	7.4285e-06	0.15474	supercritical
226.00	58.000	5.9833	0.16713	1955.3	2924.7	32.666	9.7816	14.118	1207.2	-0.017638	7.4501e-06	0.15529	supercritical
227.00	58.000	5.9573	0.16786	1965.2	2938.8	32.729	9.7913	14.125	1209.5	-0.017924	7.4717e-06	0.15583	supercritical
228.00	58.000	5.9316	0.16859	1975.1	2952.9	32.791	9.8009	14.132	1211.8	-0.018208	7.4933e-06	0.15637	supercritical
229.00	58.000	5.9061	0.16932	1985.0	2967.1	32.853	9.8104	14.140	1214.1	-0.018489	7.5148e-06	0.15692	supercritical
230.00	58.000	5.8808	0.17005	1994.9	2981.2	32.914	9.8198	14.147	1216.4	-0.018768	7.5363e-06	0.15746	supercritical
231.00	58.000	5.8557	0.17077	2004.9	2995.4	32.976	9.8290	14.154	1218.6	-0.019043	7.5578e-06	0.15800	supercritical
232.00	58.000	5.8309	0.17150	2014.8	3009.5	33.037	9.8381	14.161	1220.9	-0.019316	7.5793e-06	0.15853	supercritical
233.00	58.000	5.8063	0.17223	2024.7	3023.7	33.098	9.8471	14.168	1223.2	-0.019586	7.6007e-06	0.15907	supercritical
234.00	58.000	5.7818	0.17296	2034.7	3037.8	33.158	9.8560	14.174	1225.4	-0.019854	7.6221e-06	0.15961	supercritical
235.00	58.000	5.7576	0.17368	2044.7	3052.0	33.219	9.8647	14.181	1227.7	-0.020119	7.6435e-06	0.16014	supercritical
236.00	58.000	5.7336	0.17441	2054.6	3066.2	33.279	9.8733	14.188	1230.0	-0.020382	7.6649e-06	0.16068	supercritical
237.00	58.000	5.7099	0.17514	2064.6	3080.4	33.339	9.8818	14.194	1232.2	-0.020642	7.6863e-06	0.16121	supercritical
238.00	58.000	5.6863	0.17586	2074.6	3094.6	33.399	9.8903	14.200	1234.5	-0.020899	7.7076e-06	0.16174	supercritical
239.00	58.000	5.6629	0.17659	2084.6	3108.8	33.458	9.8985	14.207	1236.7	-0.021155	7.7289e-06	0.16227	supercritical
240.00	58.000	5.6397	0.17731	2094.6	3123.0	33.518	9.9067	14.213	1238.9	-0.021408	7.7502e-06	0.16280	supercritical
241.00	58.000	5.6167	0.17804	2104.6	3137.2	33.577	9.9148	14.219	1241.2	-0.021658	7.7715e-06	0.16333	supercritical
242.00	58.000	5.5939	0.17877	2114.6	3151.4	33.636	9.9227	14.225	1243.4	-0.021906	7.7928e-06	0.16385	supercritical
243.00	58.000	5.5713	0.17949	2124.6	3165.7	33.694	9.9306	14.231	1245.6	-0.022152	7.8140e-06	0.16438	supercritical
244.00	58.000	5.5488	0.18022	2134.6	3179.9	33.753	9.9383	14.237	1247.9	-0.022396	7.8352e-06	0.16490	supercritical
245.00	58.000	5.5266	0.18094	2144.7	3194.1	33.811	9.9460	14.243	1250.1	-0.022637	7.8564e-06	0.16543	supercritical
246.00	58.000	5.5045	0.18167	2154.7	3208.4	33.869	9.9535	14.249	1252.3	-0.022876	7.8776e-06	0.16595	supercritical
247.00	58.000	5.4826	0.18239	2164.8	3222.6	33.927	9.9609	14.254	1254.5	-0.023114	7.8987e-06	0.16647	supercritical
248.00	58.000	5.4609	0.18312	2174.8	3236.9	33.985	9.9682	14.260	1256.8	-0.023348	7.9199e-06	0.16699	supercritical
249.00	58.000	5.4394	0.18384	2184.9	3251.2	34.042	9.9755	14.265	1259.0	-0.023581	7.9410e-06	0.16751	supercritical
250.00	58.000	5.4180	0.18457	2194.9	3265.4	34.099	9.9826	14.271	1261.2	-0.023812	7.9621e-06	0.16803	supercritical
251.00	58.000	5.3968	0.18529	2205.0	3279.7	34.156	9.9896	14.276	1263.4	-0.024041	7.9831e-06	0.16854	supercritical
252.00	58.000	5.3758	0.18602	2215.1	3294.0	34.213	9.9965	14.281	1265.6	-0.024268	8.0042e-06	0.16906	supercritical
253.00	58.000	5.3550	0.18674	2225.2	3308.3	34.270	10.003	14.287	1267.8	-0.024493	8.0252e-06	0.16957	supercritical
254.00	58.000	5.3343	0.18747	2235.3	3322.6	34.326	10.010	14.292	1270.0	-0.024715	8.0462e-06	0.17008	supercritical
255.00	58.000	5.3138	0.18819	2245.3	3336.9	34.382	10.017	14.297	1272.2	-0.024936	8.0672e-06	0.17060	supercritical
256.00	58.000	5.2934	0.18891	2255.4	3351.2	34.438	10.023	14.302	1274.4	-0.025155	8.0882e-06	0.17111	supercritical
257.00	58.000	5.2732	0.18964	2265.6	3365.5	34.494	10.030	14.307	1276.6	-0.025372	8.1091e-06	0.17162	supercritical
258.00	58.000	5.2531	0.19036	2275.7	3379.8	34.549	10.036	14.311	1278.8	-0.025588	8.1301e-06	0.17213	supercritical
259.00	58.000	5.2333	0.19109	2285.8	3394.1	34.605	10.042	14.316	1280.9	-0.025801	8.1510e-06	0.17263	supercritical
260.00	58.000	5.2135	0.19181	2295.9	3408.4	34.660	10.049	14.321	1283.1	-0.026013	8.1719e-06	0.17314	supercritical
261.00	58.000	5.1939	0.19253	2306.0	3422.7	34.715	10.055	14.325	1285.3	-0.026223	8.1927e-06	0.17364	supercritical
262.00	58.000	5.1745	0.19326	2316.2	3437.0	34.770	10.061	14.330	1287.5	-0.026431	8.2136e-06	0.17415	supercritical
263.00	58.000	5.1552	0.19398	2326.3	3451.4	34.824	10.067	14.334	1289.6	-0.026637	8.2344e-06	0.17465	supercritical
264.00	58.000	5.1361	0.19470	2336.4	3465.7	34.879	10.072	14.339	1291.8	-0.026842	8.2552e-06	0.17516	supercritical
265.00	58.000	5.1171	0.19542	2346.6	3480.1	34.933	10.078	14.343	1294.0	-0.027045	8.2760e-06	0.17566	supercritical
266.00	58.000	5.0982	0.19615	2356.7	3494.4	34.987	10.084	14.347	1296.1	-0.027246	8.2968e-06	0.17616	supercritical
267.00	58.000	5.0795	0.19687	2366.9	3508.8	35.041	10.089	14.352	1298.3	-0.027446	8.3176e-06	0.17666	supercritical
268.00	58.000	5.0609	0.19759	2377.1	3523.1	35.094	10.095	14.356	1300.4	-0.027644	8.3383e-06	0.17715	supercritical
269.00	58.000	5.0425	0.19831	2387.2	3537.5	35.148	10.100	14.360	1302.6	-0.027841	8.3590e-06	0.17765	supercritical
270.00	58.000	5.0242	0.19904	2397.4	3551.8	35.201	10.106	14.364	1304.7	-0.028036	8.3797e-06	0.17815	supercritical
271.00	58.000	5.0060	0.19976	2407.6	3566.2	35.254	10.111	14.368	1306.9	-0.028229	8.4004e-06	0.17864	supercritical
272.00	58.000	4.9880	0.20048	2417.8	3580.6	35.307	10.116	14.372	1309.0	-0.028421	8.4211e-06	0.17914	supercritical
273.00	58.000	4.9701	0.20120	2428.0	3594.9	35.360	10.121	14.375	1311.2	-0.028611	8.4417e-06	0.17963	supercritical
274.00	58.000	4.9523	0.20193	2438.1	3609.3	35.413	10.126	14.379	1313.3	-0.028800	8.4623e-06	0.18012	supercritical
275.00	58.000	4.9347	0.20265	2448.3	3623.7	35.465	10.131	14.383	1315.5	-0.028987	8.4829e-06	0.18061	supercritical
276.00	58.000	4.9172	0.20337	2458.5	3638.1	35.517	10.136	14.387	1317.6	-0.029173	8.5035e-06	0.18110	supercritical
277.00	58.000	4.8998	0.20409	2468.7	3652.5	35.569	10.141	14.390	1319.7	-0.029357	8.5241e-06	0.18159	supercritical
278.00	58.000	4.8825	0.20481	2478.9	3666.9	35.621	10.146	14.394	1321.8	-0.029540	8.5446e-06	0.18208	supercritical
279.00	58.000	4.8654	0.20553	2489.2	3681.3	35.673	10.150	14.397	1324.0	-0.029722	8.5651e-06	0.18257	supercritical
280.00	58.000	4.8484	0.20625	2499.4	3695.7	35.724	10.155	14.401	1326.1	-0.029902	8.5857e-06	0.18305	supercritical
281.00	58.000	4.8315	0.20698	2509.6	3710.1	35.776	10.159	14.404	1328.2	-0.030080	8.6062e-06	0.18354	supercritical
282.00	58.000	4.8147	0.20770	2519.8	3724.5	35.827	10.164	14.407	1330.3	-0.030258	8.6266e-06	0.18402	supercritical
283.00	58.000	4.7981	0.20842	2530.0	3738.9	35.878	10.168	14.410	1332.4	-0.030434	8.6471e-06	0.18451	supercritical
284.00	58.000	4.7815	0.20914	2540.3	3753.3	35.929	10.172	14.414	1334.5	-0.030608	8.6675e-06	0.18499	supercritical
285.00	58.000	4.7651	0.20986	2550.5	3767.7	35.979	10.177	14.417	1336.7	-0.030782	8.6879e-06	0.18547	supercritical
286.00	58.000	4.7488	0.21058	2560.7	3782.1	36.030	10.181	14.420	1338.8	-0.030954	8.7083e-06	0.18595	supercritical
287.00	58.000	4.7326	0.21130	2571.0	3796.5	36.080	10.185	14.423	1340.9	-0.031125	8.7287e-06	0.18643	supercritical
288.00	58.000	4.7165	0.21202	2581.2	3811.0	36.130	10.189	14.426	1343.0	-0.031294	8.7491e-06	0.18691	supercritical
289.00	58.000	4.7005	0.21274	2591.5	3825.4	36.180	10.193	14.429	1345.1	-0.031462	8.7694e-06	0.18739	supercritical
290.00	58.000	4.6847	0.21346	2601.7	3839.8	36.230	10.197	14.432	1347.1	-0.031630	8.7898e-06	0.18787	supercritical
291.00	58.000	4.6689	0.21418	2612.0	3854.2	36.280	10.201	14.434	1349.2	-0.031795	8.8101e-06	0.18834	supercritical
292.00	58.000	4.6533	0.21490	2622.2	3868.7	36.329	10.205	14.437	1351.3	-0.031960	8.8304e-06	0.18882	supercritical
293.00	58.000	4.6377	0.21562	2632.5	3883.1	36.379	10.208	14.440	1353.4	-0.032123	8.8507e-06	0.18929	supercritical
294.00	58.000	4.6223	0.21634	2642.8	3897.6	36.428	10.212	14.443	1355.5	-0.032285	8.8709e-06	0.18977	supercritical
295.00	58.000	4.6070	0.21706	2653.0	3912.0	36.477	10.216	14.445	1357.6	-0.032446	8.8912e-06	0.19024	supercritical
296.00	58.000	4.5917	0.21778	2663.3	3926.5	36.526	10.219	14.448	1359.7	-0.032606	8.9114e-06	0.19071	supercritical
297.00	58.000	4.5766	0.21850	2673.6	3940.9	36.575	10.223	14.450	1361.7	-0.032765	8.9316e-06	0.19118	supercritical
298.00	58.000	4.5616	0.21922	2683.9	3955.4	36.623	10.226	14.453	1363.8	-0.032923	8.9518e-06	0.19165	supercritical
299.00	58.000	4.5466	0.21994	2694.1	3969.8	36.672	10.230	14.455	1365.9	-0.033079	8.9719e-06	0.19212	supercritical
300.00	58.000	4.5318	0.22066	2704.4	3984.3	36.720	10.233	14.458	1367.9	-0.033234	8.9921e-06	0.19259	supercritical
301.00	58.000	4.5171	0.22138	2714.7	3998.7	36.768	10.236	14.460	1370.0	-0.033389	9.0122e-06	0.19306	supercritical
302.00	58.000	4.5025	0.22210	2725.0	4013.2	36.816	10.240	14.462	1372.1	-0.033542	9.0324e-06	0.19353	supercritical
303.00	58.000	4.4879	0.22282	2735.3	4027.7	36.864	10.243	14.465	1374.1	-0.033694	9.0525e-06	0.19399	supercritical
304.00	58.000	4.4735	0.22354	2745.6	4042.1	36.911	10.246	14.467	1376.2	-0.033845	9.0726e-06	0.19446	supercritical
305.00	58.000	4.4591	0.22426	2755.9	4056.6	36.959	10.249	14.469	1378.2	-0.033995	9.0926e-06	0.19492	supercritical
306.00	58.000	4.4449	0.22498	2766.2	4071.1	37.006	10.252	14.471	1380.3	-0.034144	9.1127e-06	0.19539	supercritical
307.00	58.000	4.4307	0.22570	2776.5	4085.5	37.054	10.255	14.473	1382.3	-0.034292	9.1327e-06	0.19585	supercritical
308.00	58.000	4.4167	0.22642	2786.8	4100.0	37.101	10.258	14.475	1384.4	-0.034438	9.1527e-06	0.19631	supercritical
309.00	58.000	4.4027	0.22713	2797.1	4114.5	37.148	10.261	14.477	1386.4	-0.034584	9.1727e-06	0.19677	supercritical
310.00	58.000	4.3888	0.22785	2807.4	4129.0	37.194	10.264	14.479	1388.5	-0.034729	9.1927e-06	0.19723	supercritical
311.00	58.000	4.3750	0.22857	2817.7	4143.4	37.241	10.266	14.481	1390.5	-0.034873	9.2127e-06	0.19769	supercritical
312.00	58.000	4.3613	0.22929	2828.0	4157.9	37.287	10.269	14.483	1392.5	-0.035016	9.2326e-06	0.19815	supercritical
313.00	58.000	4.3477	0.23001	2838.3	4172.4	37.334	10.272	14.485	1394.6	-0.035158	9.2526e-06	0.19861	supercritical
314.00	58.000	4.3341	0.23073	2848.7	4186.9	37.380	10.275	14.487	1396.6	-0.035299	9.2725e-06	0.19907	supercritical
315.00	58.000	4.3207	0.23145	2859.0	4201.4	37.426	10.277	14.489	1398.6	-0.035439	9.2924e-06	0.19953	supercritical
316.00	58.000	4.3073	0.23216	2869.3	4215.9	37.472	10.280	14.491	1400.7	-0.035578	9.3123e-06	0.19998	supercritical
317.00	58.000	4.2940	0.23288	2879.6	4230.4	37.518	10.282	14.492	1402.7	-0.035716	9.3322e-06	0.20044	supercritical
318.00	58.000	4.2808	0.23360	2890.0	4244.9	37.563	10.285	14.494	1404.7	-0.035853	9.3520e-06	0.20089	supercritical
319.00	58.000	4.2677	0.23432	2900.3	4259.3	37.609	10.287	14.496	1406.7	-0.035989	9.3719e-06	0.20135	supercritical
320.00	58.000	4.2546	0.23504	2910.6	4273.8	37.654	10.290	14.497	1408.7	-0.036125	9.3917e-06	0.20180	supercritical
321.00	58.000	4.2417	0.23576	2921.0	4288.3	37.700	10.292	14.499	1410.7	-0.036259	9.4115e-06	0.20225	supercritical
322.00	58.000	4.2288	0.23647	2931.3	4302.8	37.745	10.294	14.500	1412.8	-0.036393	9.4313e-06	0.20270	supercritical
323.00	58.000	4.2160	0.23719	2941.6	4317.3	37.790	10.296	14.502	1414.8	-0.036526	9.4511e-06	0.20315	supercritical
324.00	58.000	4.2033	0.23791	2952.0	4331.8	37.834	10.299	14.503	1416.8	-0.036658	9.4708e-06	0.20360	supercritical
325.00	58.000	4.1906	0.23863	2962.3	4346.3	37.879	10.301	14.505	1418.8	-0.036789	9.4906e-06	0.20405	supercritical
326.00	58.000	4.1781	0.23935	2972.6	4360.9	37.924	10.303	14.506	1420.8	-0.036919	9.5103e-06	0.20450	supercritical
327.00	58.000	4.1656	0.24006	2983.0	4375.4	37.968	10.305	14.508	1422.8	-0.037048	9.5300e-06	0.20495	supercritical
328.00	58.000	4.1532	0.24078	2993.3	4389.9	38.012	10.307	14.509	1424.8	-0.037177	9.5497e-06	0.20540	supercritical
329.00	58.000	4.1408	0.24150	3003.7	4404.4	38.057	10.309	14.510	1426.8	-0.037304	9.5694e-06	0.20585	supercritical
330.00	58.000	4.1285	0.24222	3014.0	4418.9	38.101	10.311	14.512	1428.8	-0.037431	9.5891e-06	0.20629	supercritical
331.00	58.000	4.1164	0.24293	3024.4	4433.4	38.145	10.313	14.513	1430.7	-0.037557	9.6087e-06	0.20674	supercritical
332.00	58.000	4.1042	0.24365	3034.7	4447.9	38.188	10.315	14.514	1432.7	-0.037682	9.6283e-06	0.20718	supercritical
333.00	58.000	4.0922	0.24437	3045.1	4462.4	38.232	10.317	14.516	1434.7	-0.037807	9.6480e-06	0.20763	supercritical
334.00	58.000	4.0802	0.24509	3055.4	4476.9	38.276	10.319	14.517	1436.7	-0.037930	9.6676e-06	0.20807	supercritical
335.00	58.000	4.0683	0.24580	3065.8	4491.5	38.319	10.321	14.518	1438.7	-0.038053	9.6872e-06	0.20851	supercritical
336.00	58.000	4.0565	0.24652	3076.2	4506.0	38.362	10.323	14.519	1440.7	-0.038175	9.7067e-06	0.20896	supercritical
337.00	58.000	4.0447	0.24724	3086.5	4520.5	38.405	10.324	14.520	1442.6	-0.038297	9.7263e-06	0.20940	supercritical
338.00	58.000	4.0330	0.24795	3096.9	4535.0	38.448	10.326	14.521	1444.6	-0.038417	9.7458e-06	0.20984	supercritical
339.00	58.000	4.0214	0.24867	3107.2	4549.5	38.491	10.328	14.522	1446.6	-0.038537	9.7654e-06	0.21028	supercritical
340.00	58.000	4.0098	0.24939	3117.6	4564.1	38.534	10.330	14.523	1448.5	-0.038656	9.7849e-06	0.21072	supercritical
341.00	58.000	3.9983	0.25011	3128.0	4578.6	38.577	10.331	14.524	1450.5	-0.038774	9.8044e-06	0.21116	supercritical
342.00	58.000	3.9869	0.25082	3138.3	4593.1	38.619	10.333	14.525	1452.5	-0.038892	9.8239e-06	0.21160	supercritical
343.00	58.000	3.9755	0.25154	3148.7	4607.6	38.662	10.334	14.526	1454.4	-0.039009	9.8433e-06	0.21203	supercritical
344.00	58.000	3.9642	0.25226	3159.1	4622.2	38.704	10.336	14.527	1456.4	-0.039125	9.8628e-06	0.21247	supercritical
345.00	58.000	3.9530	0.25297	3169.5	4636.7	38.746	10.337	14.528	1458.3	-0.039240	9.8822e-06	0.21291	supercritical
346.00	58.000	3.9418	0.25369	3179.8	4651.2	38.788	10.339	14.529	1460.3	-0.039355	9.9017e-06	0.21334	supercritical
347.00	58.000	3.9307	0.25441	3190.2	4665.8	38.830	10.340	14.530	1462.2	-0.039469	9.9211e-06	0.21378	supercritical
348.00	58.000	3.9197	0.25512	3200.6	4680.3	38.872	10.342	14.531	1464.2	-0.039582	9.9405e-06	0.21421	supercritical
349.00	58.000	3.9087	0.25584	3210.9	4694.8	38.914	10.343	14.532	1466.1	-0.039695	9.9599e-06	0.21465	supercritical
350.00	58.000	3.8978	0.25656	3221.3	4709.3	38.955	10.345	14.533	1468.1	-0.039806	9.9792e-06	0.21508	supercritical
351.00	58.000	3.8869	0.25727	3231.7	4723.9	38.997	10.346	14.533	1470.0	-0.039918	9.9986e-06	0.21552	supercritical
352.00	58.000	3.8761	0.25799	3242.1	4738.4	39.038	10.347	14.534	1472.0	-0.040028	1.0018e-05	0.21595	supercritical
353.00	58.000	3.8654	0.25871	3252.5	4753.0	39.079	10.349	14.535	1473.9	-0.040138	1.0037e-05	0.21638	supercritical
354.00	58.000	3.8547	0.25942	3262.8	4767.5	39.120	10.350	14.536	1475.8	-0.040247	1.0057e-05	0.21681	supercritical
355.00	58.000	3.8441	0.26014	3273.2	4782.0	39.161	10.351	14.536	1477.8	-0.040356	1.0076e-05	0.21724	supercritical
356.00	58.000	3.8336	0.26085	3283.6	4796.6	39.202	10.353	14.537	1479.7	-0.040464	1.0095e-05	0.21767	supercritical
357.00	58.000	3.8231	0.26157	3294.0	4811.1	39.243	10.354	14.538	1481.6	-0.040571	1.0114e-05	0.21810	supercritical
358.00	58.000	3.8126	0.26229	3304.4	4825.6	39.284	10.355	14.539	1483.6	-0.040678	1.0134e-05	0.21853	supercritical
359.00	58.000	3.8022	0.26300	3314.8	4840.2	39.324	10.356	14.539	1485.5	-0.040784	1.0153e-05	0.21896	supercritical
360.00	58.000	3.7919	0.26372	3325.1	4854.7	39.365	10.357	14.540	1487.4	-0.040889	1.0172e-05	0.21939	supercritical
361.00	58.000	3.7817	0.26443	3335.5	4869.3	39.405	10.358	14.540	1489.3	-0.040994	1.0191e-05	0.21982	supercritical
362.00	58.000	3.7714	0.26515	3345.9	4883.8	39.445	10.360	14.541	1491.2	-0.041098	1.0211e-05	0.22024	supercritical
363.00	58.000	3.7613	0.26587	3356.3	4898.3	39.485	10.361	14.542	1493.2	-0.041201	1.0230e-05	0.22067	supercritical
364.00	58.000	3.7512	0.26658	3366.7	4912.9	39.525	10.362	14.542	1495.1	-0.041304	1.0249e-05	0.22110	supercritical
365.00	58.000	3.7411	0.26730	3377.1	4927.4	39.565	10.363	14.543	1497.0	-0.041406	1.0268e-05	0.22152	supercritical
366.00	58.000	3.7312	0.26801	3387.5	4942.0	39.605	10.364	14.543	1498.9	-0.041508	1.0287e-05	0.22195	supercritical
367.00	58.000	3.7212	0.26873	3397.9	4956.5	39.645	10.365	14.544	1500.8	-0.041609	1.0306e-05	0.22237	supercritical
368.00	58.000	3.7113	0.26945	3408.3	4971.1	39.684	10.366	14.544	1502.7	-0.041709	1.0325e-05	0.22280	supercritical
369.00	58.000	3.7015	0.27016	3418.7	4985.6	39.724	10.367	14.545	1504.6	-0.041809	1.0345e-05	0.22322	supercritical
370.00	58.000	3.6917	0.27088	3429.1	5000.1	39.763	10.368	14.545	1506.5	-0.041909	1.0364e-05	0.22364	supercritical
371.00	58.000	3.6820	0.27159	3439.5	5014.7	39.802	10.369	14.546	1508.4	-0.042007	1.0383e-05	0.22406	supercritical
372.00	58.000	3.6723	0.27231	3449.8	5029.2	39.842	10.370	14.546	1510.3	-0.042105	1.0402e-05	0.22449	supercritical
373.00	58.000	3.6627	0.27302	3460.2	5043.8	39.881	10.370	14.547	1512.2	-0.042203	1.0421e-05	0.22491	supercritical
374.00	58.000	3.6531	0.27374	3470.6	5058.3	39.920	10.371	14.547	1514.1	-0.042300	1.0440e-05	0.22533	supercritical
375.00	58.000	3.6436	0.27445	3481.0	5072.9	39.958	10.372	14.547	1516.0	-0.042396	1.0459e-05	0.22575	supercritical
376.00	58.000	3.6341	0.27517	3491.4	5087.4	39.997	10.373	14.548	1517.8	-0.042492	1.0478e-05	0.22617	supercritical
377.00	58.000	3.6247	0.27589	3501.8	5102.0	40.036	10.374	14.548	1519.7	-0.042588	1.0497e-05	0.22659	supercritical
378.00	58.000	3.6153	0.27660	3512.2	5116.5	40.074	10.375	14.549	1521.6	-0.042682	1.0516e-05	0.22701	supercritical
379.00	58.000	3.6060	0.27732	3522.6	5131.1	40.113	10.375	14.549	1523.5	-0.042777	1.0535e-05	0.22743	supercritical
380.00	58.000	3.5967	0.27803	3533.0	5145.6	40.151	10.376	14.549	1525.4	-0.042870	1.0554e-05	0.22785	supercritical
381.00	58.000	3.5875	0.27875	3543.4	5160.2	40.189	10.377	14.550	1527.2	-0.042963	1.0573e-05	0.22826	supercritical
382.00	58.000	3.5783	0.27946	3553.8	5174.7	40.227	10.378	14.550	1529.1	-0.043056	1.0592e-05	0.22868	supercritical
383.00	58.000	3.5692	0.28018	3564.2	5189.3	40.266	10.378	14.550	1531.0	-0.043148	1.0611e-05	0.22910	supercritical
384.00	58.000	3.5601	0.28089	3574.6	5203.8	40.303	10.379	14.550	1532.9	-0.043240	1.0629e-05	0.22951	supercritical
385.00	58.000	3.5511	0.28161	3585.0	5218.4	40.341	10.380	14.551	1534.7	-0.043331	1.0648e-05	0.22993	supercritical
386.00	58.000	3.5421	0.28232	3595.4	5232.9	40.379	10.381	14.551	1536.6	-0.043421	1.0667e-05	0.23035	supercritical
387.00	58.000	3.5331	0.28304	3605.9	5247.5	40.417	10.381	14.551	1538.4	-0.043511	1.0686e-05	0.23076	supercritical
388.00	58.000	3.5242	0.28375	3616.3	5262.0	40.454	10.382	14.552	1540.3	-0.043601	1.0705e-05	0.23118	supercritical
389.00	58.000	3.5153	0.28447	3626.7	5276.6	40.492	10.383	14.552	1542.2	-0.043690	1.0724e-05	0.23159	supercritical
390.00	58.000	3.5065	0.28518	3637.1	5291.1	40.529	10.383	14.552	1544.0	-0.043778	1.0743e-05	0.23200	supercritical
391.00	58.000	3.4978	0.28590	3647.5	5305.7	40.566	10.384	14.552	1545.9	-0.043866	1.0761e-05	0.23242	supercritical
392.00	58.000	3.4890	0.28661	3657.9	5320.2	40.603	10.384	14.553	1547.7	-0.043954	1.0780e-05	0.23283	supercritical
393.00	58.000	3.4804	0.28733	3668.3	5334.8	40.641	10.385	14.553	1549.6	-0.044041	1.0799e-05	0.23324	supercritical
394.00	58.000	3.4717	0.28804	3678.7	5349.3	40.678	10.386	14.553	1551.4	-0.044127	1.0818e-05	0.23365	supercritical
395.00	58.000	3.4631	0.28876	3689.1	5363.9	40.714	10.386	14.553	1553.3	-0.044213	1.0837e-05	0.23407	supercritical
396.00	58.000	3.4546	0.28947	3699.5	5378.4	40.751	10.387	14.553	1555.1	-0.044299	1.0855e-05	0.23448	supercritical
397.00	58.000	3.4461	0.29019	3709.9	5393.0	40.788	10.387	14.553	1557.0	-0.044384	1.0874e-05	0.23489	supercritical
398.00	58.000	3.4376	0.29090	3720.3	5407.5	40.825	10.388	14.554	1558.8	-0.044468	1.0893e-05	0.23530	supercritical
399.00	58.000	3.4292	0.29161	3730.7	5422.1	40.861	10.388	14.554	1560.6	-0.044553	1.0911e-05	0.23571	supercritical
400.00	58.000	3.4208	0.29233	3741.1	5436.7	40.898	10.389	14.554	1562.5	-0.044636	1.0930e-05	0.23612	supercritical
401.00	58.000	3.4125	0.29304	3751.6	5451.2	40.934	10.389	14.554	1564.3	-0.044719	1.0949e-05	0.23653	supercritical
402.00	58.000	3.4042	0.29376	3762.0	5465.8	40.970	10.390	14.554	1566.1	-0.044802	1.0968e-05	0.23694	supercritical
403.00	58.000	3.3959	0.29447	3772.4	5480.3	41.006	10.390	14.554	1568.0	-0.044884	1.0986e-05	0.23734	supercritical
404.00	58.000	3.3877	0.29519	3782.8	5494.9	41.042	10.391	14.555	1569.8	-0.044966	1.1005e-05	0.23775	supercritical
405.00	58.000	3.3795	0.29590	3793.2	5509.4	41.078	10.391	14.555	1571.6	-0.045048	1.1023e-05	0.23816	supercritical
406.00	58.000	3.3714	0.29662	3803.6	5524.0	41.114	10.392	14.555	1573.4	-0.045128	1.1042e-05	0.23857	supercritical
407.00	58.000	3.3633	0.29733	3814.0	5538.5	41.150	10.392	14.555	1575.3	-0.045209	1.1061e-05	0.23897	supercritical
408.00	58.000	3.3552	0.29804	3824.4	5553.1	41.186	10.393	14.555	1577.1	-0.045289	1.1079e-05	0.23938	supercritical
409.00	58.000	3.3472	0.29876	3834.8	5567.6	41.221	10.393	14.555	1578.9	-0.045369	1.1098e-05	0.23979	supercritical
410.00	58.000	3.3392	0.29947	3845.3	5582.2	41.257	10.394	14.555	1580.7	-0.045448	1.1116e-05	0.24019	supercritical
411.00	58.000	3.3312	0.30019	3855.7	5596.8	41.292	10.394	14.555	1582.5	-0.045526	1.1135e-05	0.24060	supercritical
412.00	58.000	3.3233	0.30090	3866.1	5611.3	41.328	10.394	14.555	1584.3	-0.045605	1.1154e-05	0.24100	supercritical
413.00	58.000	3.3155	0.30162	3876.5	5625.9	41.363	10.395	14.555	1586.1	-0.045682	1.1172e-05	0.24141	supercritical
414.00	58.000	3.3076	0.30233	3886.9	5640.4	41.398	10.395	14.555	1587.9	-0.045760	1.1191e-05	0.24181	supercritical
415.00	58.000	3.2998	0.30304	3897.3	5655.0	41.433	10.396	14.556	1589.7	-0.045837	1.1209e-05	0.24222	supercritical
416.00	58.000	3.2921	0.30376	3907.7	5669.5	41.468	10.396	14.556	1591.6	-0.045913	1.1228e-05	0.24262	supercritical
417.00	58.000	3.2844	0.30447	3918.1	5684.1	41.503	10.396	14.556	1593.4	-0.045990	1.1246e-05	0.24302	supercritical
418.00	58.000	3.2767	0.30519	3928.6	5698.6	41.538	10.397	14.556	1595.2	-0.046065	1.1265e-05	0.24343	supercritical
419.00	58.000	3.2690	0.30590	3939.0	5713.2	41.573	10.397	14.556	1596.9	-0.046141	1.1283e-05	0.24383	supercritical
420.00	58.000	3.2614	0.30661	3949.4	5727.8	41.608	10.397	14.556	1598.7	-0.046215	1.1302e-05	0.24423	supercritical
421.00	58.000	3.2538	0.30733	3959.8	5742.3	41.642	10.398	14.556	1600.5	-0.046290	1.1320e-05	0.24464	supercritical
422.00	58.000	3.2463	0.30804	3970.2	5756.9	41.677	10.398	14.556	1602.3	-0.046364	1.1339e-05	0.24504	supercritical
423.00	58.000	3.2388	0.30876	3980.6	5771.4	41.711	10.398	14.556	1604.1	-0.046438	1.1357e-05	0.24544	supercritical
424.00	58.000	3.2313	0.30947	3991.0	5786.0	41.746	10.399	14.556	1605.9	-0.046511	1.1375e-05	0.24584	supercritical
425.00	58.000	3.2239	0.31018	4001.5	5800.5	41.780	10.399	14.556	1607.7	-0.046584	1.1394e-05	0.24624	supercritical
426.00	58.000	3.2165	0.31090	4011.9	5815.1	41.814	10.399	14.556	1609.5	-0.046656	1.1412e-05	0.24664	supercritical
427.00	58.000	3.2091	0.31161	4022.3	5829.6	41.848	10.400	14.556	1611.3	-0.046728	1.1431e-05	0.24704	supercritical
428.00	58.000	3.2018	0.31233	4032.7	5844.2	41.882	10.400	14.556	1613.0	-0.046800	1.1449e-05	0.24744	supercritical
429.00	58.000	3.1945	0.31304	4043.1	5858.8	41.916	10.400	14.556	1614.8	-0.046871	1.1467e-05	0.24784	supercritical
430.00	58.000	3.1872	0.31375	4053.5	5873.3	41.950	10.401	14.556	1616.6	-0.046942	1.1486e-05	0.24824	supercritical
431.00	58.000	3.1800	0.31447	4064.0	5887.9	41.984	10.401	14.556	1618.4	-0.047013	1.1504e-05	0.24864	supercritical
432.00	58.000	3.1728	0.31518	4074.4	5902.4	42.018	10.401	14.556	1620.1	-0.047083	1.1522e-05	0.24904	supercritical
433.00	58.000	3.1656	0.31590	4084.8	5917.0	42.051	10.401	14.556	1621.9	-0.047153	1.1541e-05	0.24943	supercritical
434.00	58.000	3.1585	0.31661	4095.2	5931.5	42.085	10.402	14.556	1623.7	-0.047222	1.1559e-05	0.24983	supercritical
435.00	58.000	3.1514	0.31732	4105.6	5946.1	42.118	10.402	14.556	1625.4	-0.047291	1.1577e-05	0.25023	supercritical
436.00	58.000	3.1443	0.31804	4116.0	5960.6	42.152	10.402	14.556	1627.2	-0.047360	1.1595e-05	0.25063	supercritical
437.00	58.000	3.1373	0.31875	4126.5	5975.2	42.185	10.403	14.556	1629.0	-0.047428	1.1614e-05	0.25102	supercritical
438.00	58.000	3.1302	0.31946	4136.9	5989.8	42.218	10.403	14.556	1630.7	-0.047496	1.1632e-05	0.25142	supercritical
439.00	58.000	3.1233	0.32018	4147.3	6004.3	42.252	10.403	14.556	1632.5	-0.047564	1.1650e-05	0.25182	supercritical
440.00	58.000	3.1163	0.32089	4157.7	6018.9	42.285	10.403	14.556	1634.2	-0.047631	1.1668e-05	0.25221	supercritical
441.00	58.000	3.1094	0.32160	4168.1	6033.4	42.318	10.404	14.556	1636.0	-0.047698	1.1687e-05	0.25261	supercritical
442.00	58.000	3.1025	0.32232	4178.5	6048.0	42.351	10.404	14.556	1637.7	-0.047764	1.1705e-05	0.25301	supercritical
443.00	58.000	3.0957	0.32303	4189.0	6062.5	42.384	10.404	14.556	1639.5	-0.047831	1.1723e-05	0.25340	supercritical
444.00	58.000	3.0889	0.32374	4199.4	6077.1	42.417	10.404	14.556	1641.2	-0.047896	1.1741e-05	0.25380	supercritical
445.00	58.000	3.0821	0.32446	4209.8	6091.7	42.449	10.405	14.556	1643.0	-0.047962	1.1759e-05	0.25419	supercritical
446.00	58.000	3.0753	0.32517	4220.2	6106.2	42.482	10.405	14.556	1644.7	-0.048027	1.1778e-05	0.25459	supercritical
447.00	58.000	3.0686	0.32588	4230.6	6120.8	42.515	10.405	14.556	1646.5	-0.048092	1.1796e-05	0.25498	supercritical
448.00	58.000	3.0619	0.32660	4241.1	6135.3	42.547	10.405	14.556	1648.2	-0.048156	1.1814e-05	0.25537	supercritical
449.00	58.000	3.0552	0.32731	4251.5	6149.9	42.580	10.405	14.556	1650.0	-0.048220	1.1832e-05	0.25577	supercritical
450.00	58.000	3.0486	0.32802	4261.9	6164.4	42.612	10.406	14.556	1651.7	-0.048284	1.1850e-05	0.25616	supercritical
451.00	58.000	3.0419	0.32874	4272.3	6179.0	42.644	10.406	14.556	1653.4	-0.048347	1.1868e-05	0.25655	supercritical
452.00	58.000	3.0353	0.32945	4282.7	6193.5	42.676	10.406	14.556	1655.2	-0.048410	1.1886e-05	0.25695	supercritical
453.00	58.000	3.0288	0.33016	4293.1	6208.1	42.709	10.406	14.556	1656.9	-0.048473	1.1905e-05	0.25734	supercritical
454.00	58.000	3.0223	0.33088	4303.6	6222.7	42.741	10.407	14.556	1658.6	-0.048535	1.1923e-05	0.25773	supercritical
455.00	58.000	3.0158	0.33159	4314.0	6237.2	42.773	10.407	14.556	1660.4	-0.048597	1.1941e-05	0.25812	supercritical
456.00	58.000	3.0093	0.33230	4324.4	6251.8	42.805	10.407	14.556	1662.1	-0.048659	1.1959e-05	0.25852	supercritical
457.00	58.000	3.0028	0.33302	4334.8	6266.3	42.837	10.407	14.556	1663.8	-0.048720	1.1977e-05	0.25891	supercritical
458.00	58.000	2.9964	0.33373	4345.2	6280.9	42.868	10.407	14.556	1665.5	-0.048781	1.1995e-05	0.25930	supercritical
459.00	58.000	2.9900	0.33444	4355.7	6295.4	42.900	10.408	14.556	1667.3	-0.048842	1.2013e-05	0.25969	supercritical
460.00	58.000	2.9837	0.33516	4366.1	6310.0	42.932	10.408	14.556	1669.0	-0.048902	1.2031e-05	0.26008	supercritical
461.00	58.000	2.9773	0.33587	4376.5	6324.5	42.963	10.408	14.556	1670.7	-0.048962	1.2049e-05	0.26047	supercritical
462.00	58.000	2.9710	0.33658	4386.9	6339.1	42.995	10.408	14.556	1672.4	-0.049022	1.2067e-05	0.26086	supercritical
463.00	58.000	2.9648	0.33730	4397.3	6353.7	43.026	10.408	14.556	1674.1	-0.049082	1.2085e-05	0.26125	supercritical
464.00	58.000	2.9585	0.33801	4407.8	6368.2	43.058	10.409	14.556	1675.8	-0.049141	1.2103e-05	0.26164	supercritical
465.00	58.000	2.9523	0.33872	4418.2	6382.8	43.089	10.409	14.556	1677.5	-0.049200	1.2121e-05	0.26203	supercritical
466.00	58.000	2.9461	0.33944	4428.6	6397.3	43.120	10.409	14.556	1679.3	-0.049258	1.2139e-05	0.26242	supercritical
467.00	58.000	2.9399	0.34015	4439.0	6411.9	43.152	10.409	14.556	1681.0	-0.049316	1.2157e-05	0.26281	supercritical
468.00	58.000	2.9337	0.34086	4449.4	6426.4	43.183	10.409	14.556	1682.7	-0.049374	1.2175e-05	0.26320	supercritical
469.00	58.000	2.9276	0.34157	4459.9	6441.0	43.214	10.410	14.556	1684.4	-0.049432	1.2193e-05	0.26359	supercritical
470.00	58.000	2.9215	0.34229	4470.3	6455.5	43.245	10.410	14.556	1686.1	-0.049489	1.2211e-05	0.26398	supercritical
471.00	58.000	2.9154	0.34300	4480.7	6470.1	43.276	10.410	14.556	1687.8	-0.049546	1.2229e-05	0.26437	supercritical
472.00	58.000	2.9094	0.34371	4491.1	6484.7	43.307	10.410	14.556	1689.5	-0.049603	1.2246e-05	0.26475	supercritical
473.00	58.000	2.9034	0.34443	4501.5	6499.2	43.337	10.410	14.555	1691.2	-0.049659	1.2264e-05	0.26514	supercritical
474.00	58.000	2.8974	0.34514	4512.0	6513.8	43.368	10.411	14.555	1692.9	-0.049715	1.2282e-05	0.26553	supercritical
475.00	58.000	2.8914	0.34585	4522.4	6528.3	43.399	10.411	14.555	1694.6	-0.049771	1.2300e-05	0.26592	supercritical
476.00	58.000	2.8855	0.34656	4532.8	6542.9	43.430	10.411	14.555	1696.2	-0.049826	1.2318e-05	0.26630	supercritical
477.00	58.000	2.8795	0.34728	4543.2	6557.4	43.460	10.411	14.555	1697.9	-0.049882	1.2336e-05	0.26669	supercritical
478.00	58.000	2.8736	0.34799	4553.6	6572.0	43.491	10.411	14.555	1699.6	-0.049936	1.2354e-05	0.26708	supercritical
479.00	58.000	2.8678	0.34870	4564.1	6586.5	43.521	10.412	14.555	1701.3	-0.049991	1.2371e-05	0.26746	supercritical
480.00	58.000	2.8619	0.34942	4574.5	6601.1	43.551	10.412	14.555	1703.0	-0.050045	1.2389e-05	0.26785	supercritical
481.00	58.000	2.8561	0.35013	4584.9	6615.7	43.582	10.412	14.555	1704.7	-0.050099	1.2407e-05	0.26824	supercritical
482.00	58.000	2.8503	0.35084	4595.3	6630.2	43.612	10.412	14.555	1706.4	-0.050153	1.2425e-05	0.26862	supercritical
483.00	58.000	2.8445	0.35155	4605.8	6644.8	43.642	10.412	14.555	1708.0	-0.050207	1.2443e-05	0.26901	supercritical
484.00	58.000	2.8388	0.35227	4616.2	6659.3	43.672	10.413	14.555	1709.7	-0.050260	1.2460e-05	0.26940	supercritical
485.00	58.000	2.8330	0.35298	4626.6	6673.9	43.702	10.413	14.555	1711.4	-0.050313	1.2478e-05	0.26978	supercritical
486.00	58.000	2.8273	0.35369	4637.0	6688.4	43.732	10.413	14.556	1713.1	-0.050365	1.2496e-05	0.27017	supercritical
487.00	58.000	2.8216	0.35440	4647.4	6703.0	43.762	10.413	14.556	1714.7	-0.050418	1.2514e-05	0.27055	supercritical
488.00	58.000	2.8160	0.35512	4657.9	6717.5	43.792	10.413	14.556	1716.4	-0.050470	1.2531e-05	0.27094	supercritical
489.00	58.000	2.8103	0.35583	4668.3	6732.1	43.822	10.414	14.556	1718.1	-0.050522	1.2549e-05	0.27132	supercritical
490.00	58.000	2.8047	0.35654	4678.7	6746.7	43.851	10.414	14.556	1719.7	-0.050573	1.2567e-05	0.27171	supercritical
491.00	58.000	2.7991	0.35726	4689.1	6761.2	43.881	10.414	14.556	1721.4	-0.050624	1.2585e-05	0.27209	supercritical
492.00	58.000	2.7935	0.35797	4699.6	6775.8	43.911	10.414	14.556	1723.1	-0.050675	1.2602e-05	0.27247	supercritical
493.00	58.000	2.7880	0.35868	4710.0	6790.3	43.940	10.414	14.556	1724.7	-0.050726	1.2620e-05	0.27286	supercritical
494.00	58.000	2.7825	0.35939	4720.4	6804.9	43.970	10.415	14.556	1726.4	-0.050777	1.2638e-05	0.27324	supercritical
495.00	58.000	2.7770	0.36011	4730.8	6819.4	43.999	10.415	14.556	1728.1	-0.050827	1.2655e-05	0.27363	supercritical
496.00	58.000	2.7715	0.36082	4741.2	6834.0	44.029	10.415	14.556	1729.7	-0.050877	1.2673e-05	0.27401	supercritical
497.00	58.000	2.7660	0.36153	4751.7	6848.5	44.058	10.415	14.556	1731.4	-0.050926	1.2691e-05	0.27439	supercritical
498.00	58.000	2.7606	0.36224	4762.1	6863.1	44.087	10.415	14.556	1733.0	-0.050976	1.2708e-05	0.27478	supercritical
499.00	58.000	2.7552	0.36296	4772.5	6877.7	44.116	10.416	14.556	1734.7	-0.051025	1.2726e-05	0.27516	supercritical
500.00	58.000	2.7498	0.36367	4782.9	6892.2	44.145	10.416	14.556	1736.3	-0.051074	1.2744e-05	0.27554	supercritical
501.00	58.000	2.7444	0.36438	4793.4	6906.8	44.175	10.416	14.556	1738.0	-0.051123	1.2761e-05	0.27592	supercritical
502.00	58.000	2.7390	0.36509	4803.8	6921.3	44.204	10.416	14.556	1739.6	-0.051171	1.2779e-05	0.27631	supercritical
503.00	58.000	2.7337	0.36581	4814.2	6935.9	44.233	10.416	14.556	1741.3	-0.051219	1.2797e-05	0.27669	supercritical
504.00	58.000	2.7284	0.36652	4824.6	6950.4	44.261	10.417	14.556	1742.9	-0.051267	1.2814e-05	0.27707	supercritical
505.00	58.000	2.7231	0.36723	4835.1	6965.0	44.290	10.417	14.556	1744.6	-0.051315	1.2832e-05	0.27745	supercritical
506.00	58.000	2.7178	0.36794	4845.5	6979.5	44.319	10.417	14.556	1746.2	-0.051362	1.2849e-05	0.27783	supercritical
507.00	58.000	2.7126	0.36866	4855.9	6994.1	44.348	10.417	14.556	1747.8	-0.051409	1.2867e-05	0.27822	supercritical
508.00	58.000	2.7073	0.36937	4866.3	7008.7	44.377	10.417	14.556	1749.5	-0.051456	1.2884e-05	0.27860	supercritical
509.00	58.000	2.7021	0.37008	4876.8	7023.2	44.405	10.418	14.556	1751.1	-0.051503	1.2902e-05	0.27898	supercritical
510.00	58.000	2.6969	0.37079	4887.2	7037.8	44.434	10.418	14.556	1752.7	-0.051549	1.2919e-05	0.27936	supercritical
511.00	58.000	2.6918	0.37150	4897.6	7052.3	44.462	10.418	14.556	1754.4	-0.051595	1.2937e-05	0.27974	supercritical
512.00	58.000	2.6866	0.37222	4908.0	7066.9	44.491	10.418	14.557	1756.0	-0.051641	1.2955e-05	0.28012	supercritical
513.00	58.000	2.6815	0.37293	4918.5	7081.4	44.519	10.419	14.557	1757.6	-0.051687	1.2972e-05	0.28050	supercritical
514.00	58.000	2.6764	0.37364	4928.9	7096.0	44.547	10.419	14.557	1759.3	-0.051732	1.2990e-05	0.28088	supercritical
515.00	58.000	2.6713	0.37435	4939.3	7110.6	44.576	10.419	14.557	1760.9	-0.051777	1.3007e-05	0.28126	supercritical
516.00	58.000	2.6662	0.37507	4949.7	7125.1	44.604	10.419	14.557	1762.5	-0.051822	1.3025e-05	0.28164	supercritical
517.00	58.000	2.6611	0.37578	4960.2	7139.7	44.632	10.420	14.557	1764.1	-0.051867	1.3042e-05	0.28202	supercritical
518.00	58.000	2.6561	0.37649	4970.6	7154.2	44.660	10.420	14.557	1765.8	-0.051912	1.3059e-05	0.28240	supercritical
519.00	58.000	2.6511	0.37720	4981.0	7168.8	44.688	10.420	14.557	1767.4	-0.051956	1.3077e-05	0.28278	supercritical
520.00	58.000	2.6461	0.37791	4991.4	7183.3	44.716	10.420	14.557	1769.0	-0.052000	1.3094e-05	0.28316	supercritical
521.00	58.000	2.6411	0.37863	5001.9	7197.9	44.744	10.420	14.557	1770.6	-0.052044	1.3112e-05	0.28354	supercritical
522.00	58.000	2.6362	0.37934	5012.3	7212.5	44.772	10.421	14.557	1772.2	-0.052087	1.3129e-05	0.28392	supercritical
523.00	58.000	2.6312	0.38005	5022.7	7227.0	44.800	10.421	14.558	1773.9	-0.052131	1.3147e-05	0.28430	supercritical
524.00	58.000	2.6263	0.38076	5033.1	7241.6	44.828	10.421	14.558	1775.5	-0.052174	1.3164e-05	0.28468	supercritical
525.00	58.000	2.6214	0.38148	5043.6	7256.1	44.856	10.421	14.558	1777.1	-0.052217	1.3181e-05	0.28506	supercritical
526.00	58.000	2.6165	0.38219	5054.0	7270.7	44.883	10.422	14.558	1778.7	-0.052259	1.3199e-05	0.28544	supercritical
527.00	58.000	2.6116	0.38290	5064.4	7285.2	44.911	10.422	14.558	1780.3	-0.052302	1.3216e-05	0.28582	supercritical
528.00	58.000	2.6068	0.38361	5074.9	7299.8	44.939	10.422	14.558	1781.9	-0.052344	1.3234e-05	0.28620	supercritical
529.00	58.000	2.6020	0.38432	5085.3	7314.4	44.966	10.422	14.558	1783.5	-0.052386	1.3251e-05	0.28657	supercritical
530.00	58.000	2.5972	0.38504	5095.7	7328.9	44.994	10.423	14.558	1785.1	-0.052428	1.3268e-05	0.28695	supercritical
531.00	58.000	2.5924	0.38575	5106.1	7343.5	45.021	10.423	14.558	1786.7	-0.052469	1.3286e-05	0.28733	supercritical
532.00	58.000	2.5876	0.38646	5116.6	7358.0	45.049	10.423	14.559	1788.3	-0.052511	1.3303e-05	0.28771	supercritical
533.00	58.000	2.5828	0.38717	5127.0	7372.6	45.076	10.424	14.559	1789.9	-0.052552	1.3320e-05	0.28809	supercritical
534.00	58.000	2.5781	0.38788	5137.4	7387.2	45.103	10.424	14.559	1791.5	-0.052593	1.3338e-05	0.28847	supercritical
535.00	58.000	2.5734	0.38860	5147.9	7401.7	45.130	10.424	14.559	1793.1	-0.052633	1.3355e-05	0.28884	supercritical
536.00	58.000	2.5687	0.38931	5158.3	7416.3	45.158	10.424	14.559	1794.7	-0.052674	1.3372e-05	0.28922	supercritical
537.00	58.000	2.5640	0.39002	5168.7	7430.8	45.185	10.425	14.559	1796.3	-0.052714	1.3390e-05	0.28960	supercritical
538.00	58.000	2.5593	0.39073	5179.1	7445.4	45.212	10.425	14.559	1797.9	-0.052754	1.3407e-05	0.28998	supercritical
539.00	58.000	2.5546	0.39144	5189.6	7459.9	45.239	10.425	14.560	1799.5	-0.052794	1.3424e-05	0.29035	supercritical
540.00	58.000	2.5500	0.39216	5200.0	7474.5	45.266	10.425	14.560	1801.1	-0.052833	1.3441e-05	0.29073	supercritical
541.00	58.000	2.5454	0.39287	5210.4	7489.1	45.293	10.426	14.560	1802.6	-0.052873	1.3459e-05	0.29111	supercritical
542.00	58.000	2.5408	0.39358	5220.9	7503.6	45.320	10.426	14.560	1804.2	-0.052912	1.3476e-05	0.29148	supercritical
543.00	58.000	2.5362	0.39429	5231.3	7518.2	45.347	10.426	14.560	1805.8	-0.052951	1.3493e-05	0.29186	supercritical
544.00	58.000	2.5316	0.39500	5241.7	7532.7	45.373	10.427	14.560	1807.4	-0.052990	1.3510e-05	0.29224	supercritical
545.00	58.000	2.5271	0.39572	5252.2	7547.3	45.400	10.427	14.561	1809.0	-0.053029	1.3528e-05	0.29261	supercritical
546.00	58.000	2.5225	0.39643	5262.6	7561.9	45.427	10.427	14.561	1810.5	-0.053067	1.3545e-05	0.29299	supercritical
547.00	58.000	2.5180	0.39714	5273.0	7576.4	45.453	10.428	14.561	1812.1	-0.053105	1.3562e-05	0.29337	supercritical
548.00	58.000	2.5135	0.39785	5283.5	7591.0	45.480	10.428	14.561	1813.7	-0.053143	1.3579e-05	0.29374	supercritical
549.00	58.000	2.5090	0.39856	5293.9	7605.6	45.507	10.428	14.561	1815.3	-0.053181	1.3597e-05	0.29412	supercritical
550.00	58.000	2.5045	0.39928	5304.3	7620.1	45.533	10.428	14.561	1816.9	-0.053219	1.3614e-05	0.29450	supercritical
551.00	58.000	2.5001	0.39999	5314.7	7634.7	45.559	10.429	14.562	1818.4	-0.053256	1.3631e-05	0.29487	supercritical
552.00	58.000	2.4956	0.40070	5325.2	7649.2	45.586	10.429	14.562	1820.0	-0.053293	1.3648e-05	0.29525	supercritical
553.00	58.000	2.4912	0.40141	5335.6	7663.8	45.612	10.429	14.562	1821.6	-0.053330	1.3665e-05	0.29562	supercritical
554.00	58.000	2.4868	0.40212	5346.0	7678.4	45.639	10.430	14.562	1823.1	-0.053367	1.3682e-05	0.29600	supercritical
555.00	58.000	2.4824	0.40283	5356.5	7692.9	45.665	10.430	14.562	1824.7	-0.053404	1.3700e-05	0.29638	supercritical
556.00	58.000	2.4780	0.40355	5366.9	7707.5	45.691	10.430	14.563	1826.3	-0.053440	1.3717e-05	0.29675	supercritical
557.00	58.000	2.4737	0.40426	5377.4	7722.1	45.717	10.431	14.563	1827.8	-0.053476	1.3734e-05	0.29713	supercritical
558.00	58.000	2.4693	0.40497	5387.8	7736.6	45.743	10.431	14.563	1829.4	-0.053512	1.3751e-05	0.29750	supercritical
559.00	58.000	2.4650	0.40568	5398.2	7751.2	45.769	10.431	14.563	1830.9	-0.053548	1.3768e-05	0.29788	supercritical
560.00	58.000	2.4607	0.40639	5408.7	7765.7	45.795	10.432	14.564	1832.5	-0.053584	1.3785e-05	0.29825	supercritical
561.00	58.000	2.4564	0.40711	5419.1	7780.3	45.821	10.432	14.564	1834.1	-0.053619	1.3802e-05	0.29863	supercritical
562.00	58.000	2.4521	0.40782	5429.5	7794.9	45.847	10.432	14.564	1835.6	-0.053655	1.3819e-05	0.29900	supercritical
563.00	58.000	2.4478	0.40853	5440.0	7809.4	45.873	10.433	14.564	1837.2	-0.053690	1.3837e-05	0.29938	supercritical
564.00	58.000	2.4435	0.40924	5450.4	7824.0	45.899	10.433	14.565	1838.7	-0.053725	1.3854e-05	0.29975	supercritical
565.00	58.000	2.4393	0.40995	5460.8	7838.6	45.925	10.433	14.565	1840.3	-0.053759	1.3871e-05	0.30013	supercritical
566.00	58.000	2.4351	0.41066	5471.3	7853.1	45.951	10.434	14.565	1841.8	-0.053794	1.3888e-05	0.30050	supercritical
567.00	58.000	2.4309	0.41138	5481.7	7867.7	45.976	10.434	14.565	1843.4	-0.053828	1.3905e-05	0.30088	supercritical
568.00	58.000	2.4267	0.41209	5492.1	7882.3	46.002	10.434	14.565	1844.9	-0.053862	1.3922e-05	0.30125	supercritical
569.00	58.000	2.4225	0.41280	5502.6	7896.8	46.028	10.435	14.566	1846.5	-0.053896	1.3939e-05	0.30163	supercritical
570.00	58.000	2.4183	0.41351	5513.0	7911.4	46.053	10.435	14.566	1848.0	-0.053930	1.3956e-05	0.30200	supercritical
571.00	58.000	2.4142	0.41422	5523.5	7926.0	46.079	10.436	14.566	1849.6	-0.053964	1.3973e-05	0.30238	supercritical
572.00	58.000	2.4100	0.41493	5533.9	7940.5	46.104	10.436	14.567	1851.1	-0.053997	1.3990e-05	0.30275	supercritical
573.00	58.000	2.4059	0.41565	5544.3	7955.1	46.130	10.436	14.567	1852.6	-0.054031	1.4007e-05	0.30312	supercritical
574.00	58.000	2.4018	0.41636	5554.8	7969.7	46.155	10.437	14.567	1854.2	-0.054064	1.4024e-05	0.30350	supercritical
575.00	58.000	2.3977	0.41707	5565.2	7984.2	46.180	10.437	14.567	1855.7	-0.054097	1.4041e-05	0.30387	supercritical
576.00	58.000	2.3936	0.41778	5575.7	7998.8	46.206	10.437	14.568	1857.2	-0.054129	1.4058e-05	0.30425	supercritical
577.00	58.000	2.3895	0.41849	5586.1	8013.4	46.231	10.438	14.568	1858.8	-0.054162	1.4075e-05	0.30462	supercritical
578.00	58.000	2.3855	0.41920	5596.5	8027.9	46.256	10.438	14.568	1860.3	-0.054194	1.4092e-05	0.30499	supercritical
579.00	58.000	2.3814	0.41992	5607.0	8042.5	46.281	10.439	14.569	1861.8	-0.054227	1.4109e-05	0.30537	supercritical
580.00	58.000	2.3774	0.42063	5617.4	8057.1	46.307	10.439	14.569	1863.4	-0.054259	1.4126e-05	0.30574	supercritical
581.00	58.000	2.3734	0.42134	5627.9	8071.6	46.332	10.439	14.569	1864.9	-0.054291	1.4143e-05	0.30611	supercritical
582.00	58.000	2.3694	0.42205	5638.3	8086.2	46.357	10.440	14.569	1866.4	-0.054322	1.4160e-05	0.30649	supercritical
583.00	58.000	2.3654	0.42276	5648.7	8100.8	46.382	10.440	14.570	1868.0	-0.054354	1.4177e-05	0.30686	supercritical
584.00	58.000	2.3614	0.42347	5659.2	8115.3	46.407	10.441	14.570	1869.5	-0.054385	1.4193e-05	0.30724	supercritical
585.00	58.000	2.3575	0.42419	5669.6	8129.9	46.432	10.441	14.570	1871.0	-0.054417	1.4210e-05	0.30761	supercritical
586.00	58.000	2.3535	0.42490	5680.1	8144.5	46.457	10.441	14.571	1872.5	-0.054448	1.4227e-05	0.30798	supercritical
587.00	58.000	2.3496	0.42561	5690.5	8159.1	46.481	10.442	14.571	1874.0	-0.054478	1.4244e-05	0.30835	supercritical
588.00	58.000	2.3457	0.42632	5701.0	8173.6	46.506	10.442	14.571	1875.6	-0.054509	1.4261e-05	0.30873	supercritical
589.00	58.000	2.3417	0.42703	5711.4	8188.2	46.531	10.443	14.572	1877.1	-0.054540	1.4278e-05	0.30910	supercritical
590.00	58.000	2.3379	0.42774	5721.9	8202.8	46.556	10.443	14.572	1878.6	-0.054570	1.4295e-05	0.30947	supercritical
591.00	58.000	2.3340	0.42845	5732.3	8217.3	46.580	10.444	14.572	1880.1	-0.054600	1.4312e-05	0.30985	supercritical
592.00	58.000	2.3301	0.42917	5742.7	8231.9	46.605	10.444	14.573	1881.6	-0.054630	1.4329e-05	0.31022	supercritical
593.00	58.000	2.3262	0.42988	5753.2	8246.5	46.630	10.444	14.573	1883.1	-0.054660	1.4345e-05	0.31059	supercritical
594.00	58.000	2.3224	0.43059	5763.6	8261.1	46.654	10.445	14.573	1884.7	-0.054690	1.4362e-05	0.31097	supercritical
595.00	58.000	2.3186	0.43130	5774.1	8275.6	46.679	10.445	14.574	1886.2	-0.054720	1.4379e-05	0.31134	supercritical
596.00	58.000	2.3148	0.43201	5784.5	8290.2	46.703	10.446	14.574	1887.7	-0.054749	1.4396e-05	0.31171	supercritical
597.00	58.000	2.3109	0.43272	5795.0	8304.8	46.728	10.446	14.574	1889.2	-0.054778	1.4413e-05	0.31208	supercritical
598.00	58.000	2.3072	0.43343	5805.4	8319.4	46.752	10.447	14.575	1890.7	-0.054808	1.4430e-05	0.31246	supercritical
599.00	58.000	2.3034	0.43415	5815.9	8333.9	46.776	10.447	14.575	1892.2	-0.054836	1.4446e-05	0.31283	supercritical
600.00	58.000	2.2996	0.43486	5826.3	8348.5	46.801	10.447	14.575	1893.7	-0.054865	1.4463e-05	0.31320	supercritical
601.00	58.000	2.2958	0.43557	5836.8	8363.1	46.825	10.448	14.576	1895.2	-0.054894	1.4480e-05	0.31357	supercritical
602.00	58.000	2.2921	0.43628	5847.2	8377.7	46.849	10.448	14.576	1896.7	-0.054922	1.4497e-05	0.31395	supercritical
603.00	58.000	2.2884	0.43699	5857.7	8392.2	46.873	10.449	14.577	1898.2	-0.054951	1.4514e-05	0.31432	supercritical
604.00	58.000	2.2847	0.43770	5868.1	8406.8	46.897	10.449	14.577	1899.7	-0.054979	1.4530e-05	0.31469	supercritical
605.00	58.000	2.2809	0.43841	5878.6	8421.4	46.922	10.450	14.577	1901.2	-0.055007	1.4547e-05	0.31506	supercritical
606.00	58.000	2.2772	0.43913	5889.0	8436.0	46.946	10.450	14.578	1902.7	-0.055035	1.4564e-05	0.31544	supercritical
607.00	58.000	2.2736	0.43984	5899.5	8450.5	46.970	10.451	14.578	1904.2	-0.055063	1.4581e-05	0.31581	supercritical
608.00	58.000	2.2699	0.44055	5909.9	8465.1	46.994	10.451	14.579	1905.7	-0.055090	1.4597e-05	0.31618	supercritical
609.00	58.000	2.2662	0.44126	5920.4	8479.7	47.018	10.452	14.579	1907.2	-0.055118	1.4614e-05	0.31655	supercritical
610.00	58.000	2.2626	0.44197	5930.8	8494.3	47.042	10.452	14.579	1908.7	-0.055145	1.4631e-05	0.31692	supercritical
611.00	58.000	2.2590	0.44268	5941.3	8508.9	47.065	10.453	14.580	1910.1	-0.055172	1.4647e-05	0.31730	supercritical
612.00	58.000	2.2553	0.44339	5951.7	8523.4	47.089	10.453	14.580	1911.6	-0.055199	1.4664e-05	0.31767	supercritical
613.00	58.000	2.2517	0.44411	5962.2	8538.0	47.113	10.454	14.581	1913.1	-0.055226	1.4681e-05	0.31804	supercritical
