Temperature (K)	Pressure (bar)	Density (kg/m3)	Volume (m3/kg)	Internal Energy (kJ/kg)	Enthalpy (kJ/kg)	Entropy (J/g*K)	Cv (J/g*K)	Cp (J/g*K)	Sound Spd. (m/s)	Joule-Thomson (K/bar)	Viscosity (Pa*s)	Therm. Cond. (W/m*K)	Phase
16.000	62.000	80.083	0.012487	-49.181	28.239	-2.8472	5.3027	6.9322	1422.0	-0.15675	2.8952e-05	0.10612	liquid
17.000	62.000	79.422	0.012591	-42.760	35.304	-2.4190	5.3895	7.2014	1408.6	-0.14966	2.6108e-05	0.10798	liquid
18.000	62.000	78.737	0.012701	-36.097	42.647	-1.9994	5.4769	7.4854	1394.7	-0.14263	2.3737e-05	0.10964	liquid
19.000	62.000	78.027	0.012816	-29.181	50.278	-1.5868	5.5614	7.7793	1380.1	-0.13576	2.1733e-05	0.11109	liquid
20.000	62.000	77.292	0.012938	-22.007	58.208	-1.1802	5.6429	8.0823	1364.8	-0.12907	2.0020e-05	0.11234	liquid
21.000	62.000	76.530	0.013067	-14.568	66.446	-0.77830	5.7218	8.3944	1348.8	-0.12254	1.8539e-05	0.11340	liquid
22.000	62.000	75.741	0.013203	-6.8578	75.000	-0.38041	5.7981	8.7159	1332.2	-0.11616	1.7249e-05	0.11427	liquid
23.000	62.000	74.924	0.013347	1.1303	83.881	0.014291	5.8717	9.0467	1314.9	-0.10990	1.6115e-05	0.11496	liquid
24.000	62.000	74.079	0.013499	9.4020	93.097	0.40647	5.9424	9.3871	1296.9	-0.10374	1.5113e-05	0.11547	liquid
25.000	62.000	73.204	0.013661	17.963	102.66	0.79673	6.0098	9.7371	1278.3	-0.097652	1.4219e-05	0.11581	liquid
26.000	62.000	72.298	0.013832	26.818	112.57	1.1856	6.0735	10.097	1259.1	-0.091618	1.3419e-05	0.11599	liquid
27.000	62.000	71.361	0.014013	35.974	122.86	1.5736	6.1333	10.467	1239.3	-0.085605	1.2697e-05	0.11601	liquid
28.000	62.000	70.392	0.014206	45.434	133.51	1.9611	6.1891	10.848	1218.9	-0.079579	1.2042e-05	0.11587	liquid
29.000	62.000	69.388	0.014412	55.204	144.56	2.3486	6.2408	11.241	1198.0	-0.073507	1.1445e-05	0.11559	liquid
30.000	62.000	68.350	0.014631	65.289	156.00	2.7365	6.2883	11.647	1176.5	-0.067353	1.0897e-05	0.11518	liquid
31.000	62.000	67.274	0.014864	75.695	167.85	3.1252	6.3318	12.067	1154.5	-0.061080	1.0392e-05	0.11463	liquid
32.000	62.000	66.161	0.015115	86.427	180.14	3.5151	6.3714	12.501	1132.0	-0.054651	9.9252e-06	0.11395	liquid
33.000	62.000	65.008	0.015383	97.489	192.86	3.9067	6.4073	12.951	1109.2	-0.048029	9.4906e-06	0.11315	liquid
34.000	62.000	63.814	0.015671	108.89	206.04	4.3002	6.4398	13.417	1085.9	-0.041177	9.0848e-06	0.11224	supercritical
35.000	62.000	62.577	0.015980	120.63	219.70	4.6960	6.4690	13.901	1062.4	-0.034064	8.7043e-06	0.11127	supercritical
36.000	62.000	61.297	0.016314	132.70	233.85	5.0946	6.4955	14.400	1038.7	-0.026659	8.3463e-06	0.11019	supercritical
37.000	62.000	59.973	0.016674	145.13	248.51	5.4961	6.5194	14.914	1014.9	-0.018940	8.0086e-06	0.10901	supercritical
38.000	62.000	58.605	0.017063	157.89	263.68	5.9008	6.5412	15.440	991.09	-0.010893	7.6893e-06	0.10774	supercritical
39.000	62.000	57.193	0.017485	170.98	279.39	6.3087	6.5611	15.973	967.54	-0.0025149	7.3870e-06	0.10637	supercritical
40.000	62.000	55.740	0.017940	184.40	295.63	6.7199	6.5795	16.506	944.39	0.0061796	7.1007e-06	0.10492	supercritical
41.000	62.000	54.249	0.018434	198.11	312.40	7.1339	6.5966	17.031	921.84	0.015159	6.8296e-06	0.10338	supercritical
42.000	62.000	52.725	0.018966	212.09	329.68	7.5504	6.6127	17.535	900.14	0.024370	6.5734e-06	0.10178	supercritical
43.000	62.000	51.175	0.019541	226.31	347.46	7.9687	6.6279	18.006	879.51	0.033738	6.3320e-06	0.10011	supercritical
44.000	62.000	49.608	0.020158	240.70	365.68	8.3876	6.6420	18.430	860.17	0.043168	6.1055e-06	0.098383	supercritical
45.000	62.000	48.034	0.020819	255.22	384.30	8.8059	6.6551	18.792	842.33	0.052548	5.8940e-06	0.096614	supercritical
46.000	62.000	46.465	0.021522	269.81	403.24	9.2223	6.6670	19.082	826.14	0.061757	5.6978e-06	0.094814	supercritical
47.000	62.000	44.912	0.022266	284.39	422.44	9.6351	6.6773	19.291	811.72	0.070671	5.5170e-06	0.092994	supercritical
48.000	62.000	43.387	0.023048	298.90	441.80	10.043	6.6860	19.416	799.11	0.079174	5.3517e-06	0.091155	supercritical
49.000	62.000	41.901	0.023866	313.27	461.24	10.444	6.6928	19.457	788.29	0.087160	5.2015e-06	0.089269	supercritical
50.000	62.000	40.464	0.024713	327.46	480.69	10.836	6.6978	19.421	779.21	0.094544	5.0661e-06	0.087154	supercritical
51.000	62.000	39.082	0.025587	341.42	500.06	11.220	6.7009	19.314	771.76	0.10126	4.9448e-06	0.085672	supercritical
52.000	62.000	37.761	0.026482	355.11	519.29	11.594	6.7025	19.149	765.81	0.10728	4.8369e-06	0.084292	supercritical
53.000	62.000	36.504	0.027394	368.50	538.34	11.956	6.7026	18.937	761.22	0.11256	4.7415e-06	0.083019	supercritical
54.000	62.000	35.312	0.028319	381.58	557.16	12.308	6.7016	18.690	757.84	0.11713	4.6575e-06	0.081857	supercritical
55.000	62.000	34.185	0.029253	394.35	575.71	12.649	6.6999	18.418	755.52	0.12100	4.5841e-06	0.080804	supercritical
56.000	62.000	33.121	0.030192	406.80	593.99	12.978	6.6976	18.132	754.12	0.12420	4.5201e-06	0.079859	supercritical
57.000	62.000	32.119	0.031134	418.94	611.97	13.296	6.6952	17.838	753.53	0.12678	4.4647e-06	0.079016	supercritical
58.000	62.000	31.175	0.032077	430.79	629.67	13.604	6.6928	17.544	753.62	0.12878	4.4170e-06	0.078271	supercritical
59.000	62.000	30.286	0.033019	442.35	647.06	13.901	6.6907	17.254	754.30	0.13027	4.3762e-06	0.077617	supercritical
60.000	62.000	29.448	0.033958	453.64	664.18	14.189	6.6890	16.972	755.47	0.13128	4.3415e-06	0.077049	supercritical
61.000	62.000	28.659	0.034893	464.67	681.01	14.467	6.6878	16.700	757.07	0.13188	4.3122e-06	0.076559	supercritical
62.000	62.000	27.914	0.035824	475.47	697.58	14.737	6.6874	16.440	759.02	0.13212	4.2879e-06	0.076142	supercritical
63.000	62.000	27.211	0.036749	486.05	713.89	14.998	6.6877	16.193	761.27	0.13203	4.2679e-06	0.075792	supercritical
64.000	62.000	26.547	0.037669	496.42	729.97	15.251	6.6889	15.959	763.77	0.13165	4.2517e-06	0.075503	supercritical
65.000	62.000	25.918	0.038583	506.60	745.82	15.497	6.6909	15.739	766.48	0.13103	4.2390e-06	0.075271	supercritical
66.000	62.000	25.322	0.039491	516.61	761.45	15.735	6.6939	15.532	769.37	0.13020	4.2295e-06	0.075090	supercritical
67.000	62.000	24.757	0.040393	526.45	776.89	15.967	6.6977	15.337	772.40	0.12919	4.2227e-06	0.074957	supercritical
68.000	62.000	24.220	0.041288	536.14	792.13	16.193	6.7025	15.155	775.55	0.12802	4.2184e-06	0.074867	supercritical
69.000	62.000	23.709	0.042178	545.70	807.20	16.413	6.7083	14.984	778.80	0.12671	4.2164e-06	0.074817	supercritical
70.000	62.000	23.223	0.043061	555.12	822.10	16.628	6.7150	14.825	782.13	0.12529	4.2164e-06	0.074804	supercritical
71.000	62.000	22.759	0.043939	564.43	836.85	16.837	6.7226	14.676	785.52	0.12378	4.2183e-06	0.074826	supercritical
72.000	62.000	22.316	0.044810	573.63	851.46	17.041	6.7312	14.537	788.97	0.12218	4.2218e-06	0.074878	supercritical
73.000	62.000	21.893	0.045677	582.73	865.93	17.241	6.7407	14.407	792.45	0.12051	4.2268e-06	0.074960	supercritical
74.000	62.000	21.488	0.046538	591.74	880.27	17.436	6.7510	14.286	795.95	0.11879	4.2332e-06	0.075069	supercritical
75.000	62.000	21.100	0.047393	600.66	894.50	17.627	6.7623	14.172	799.48	0.11702	4.2409e-06	0.075203	supercritical
76.000	62.000	20.728	0.048244	609.51	908.62	17.814	6.7744	14.067	803.03	0.11521	4.2497e-06	0.075360	supercritical
77.000	62.000	20.371	0.049089	618.28	922.64	17.997	6.7874	13.969	806.58	0.11337	4.2596e-06	0.075539	supercritical
78.000	62.000	20.028	0.049930	626.99	936.56	18.177	6.8012	13.877	810.13	0.11151	4.2704e-06	0.075739	supercritical
79.000	62.000	19.698	0.050766	635.64	950.39	18.353	6.8158	13.792	813.68	0.10963	4.2821e-06	0.075957	supercritical
80.000	62.000	19.381	0.051598	644.24	964.15	18.526	6.8311	13.713	817.22	0.10775	4.2946e-06	0.076194	supercritical
81.000	62.000	19.075	0.052426	652.78	977.82	18.696	6.8472	13.639	820.76	0.10585	4.3079e-06	0.076447	supercritical
82.000	62.000	18.780	0.053249	661.28	991.43	18.863	6.8641	13.570	824.28	0.10396	4.3219e-06	0.076716	supercritical
83.000	62.000	18.495	0.054069	669.74	1005.0	19.027	6.8816	13.506	827.79	0.10206	4.3365e-06	0.077001	supercritical
84.000	62.000	18.220	0.054884	678.16	1018.4	19.188	6.8998	13.447	831.28	0.10017	4.3516e-06	0.077299	supercritical
85.000	62.000	17.955	0.055696	686.54	1031.9	19.347	6.9187	13.392	834.76	0.098281	4.3673e-06	0.077611	supercritical
86.000	62.000	17.698	0.056504	694.90	1045.2	19.504	6.9382	13.341	838.22	0.096405	4.3836e-06	0.077935	supercritical
87.000	62.000	17.449	0.057309	703.22	1058.5	19.657	6.9583	13.294	841.66	0.094540	4.4003e-06	0.078272	supercritical
88.000	62.000	17.208	0.058111	711.53	1071.8	19.809	6.9789	13.251	845.08	0.092688	4.4174e-06	0.078620	supercritical
89.000	62.000	16.975	0.058909	719.81	1085.0	19.959	7.0001	13.211	848.48	0.090851	4.4349e-06	0.078979	supercritical
90.000	62.000	16.749	0.059704	728.07	1098.2	20.106	7.0219	13.174	851.86	0.089030	4.4528e-06	0.079349	supercritical
91.000	62.000	16.530	0.060497	736.32	1111.4	20.251	7.0441	13.140	855.22	0.087227	4.4711e-06	0.079729	supercritical
92.000	62.000	16.317	0.061286	744.55	1124.5	20.395	7.0668	13.109	858.56	0.085441	4.4896e-06	0.080118	supercritical
93.000	62.000	16.110	0.062073	752.76	1137.6	20.536	7.0899	13.081	861.88	0.083675	4.5085e-06	0.080517	supercritical
94.000	62.000	15.909	0.062856	760.97	1150.7	20.676	7.1135	13.055	865.17	0.081929	4.5277e-06	0.080924	supercritical
95.000	62.000	15.714	0.063637	769.17	1163.7	20.814	7.1375	13.031	868.45	0.080203	4.5471e-06	0.081340	supercritical
96.000	62.000	15.524	0.064416	777.36	1176.7	20.951	7.1618	13.010	871.70	0.078499	4.5668e-06	0.081764	supercritical
97.000	62.000	15.339	0.065192	785.55	1189.7	21.085	7.1865	12.991	874.94	0.076816	4.5867e-06	0.082196	supercritical
98.000	62.000	15.159	0.065966	793.74	1202.7	21.218	7.2115	12.974	878.15	0.075155	4.6068e-06	0.082635	supercritical
99.000	62.000	14.984	0.066738	801.92	1215.7	21.350	7.2368	12.959	881.35	0.073517	4.6271e-06	0.083082	supercritical
100.00	62.000	14.813	0.067507	810.10	1228.6	21.480	7.2624	12.945	884.53	0.071900	4.6476e-06	0.083536	supercritical
101.00	62.000	14.647	0.068274	818.29	1241.6	21.609	7.2883	12.934	887.68	0.070307	4.6683e-06	0.083996	supercritical
102.00	62.000	14.485	0.069039	826.47	1254.5	21.736	7.3144	12.924	890.82	0.068736	4.6891e-06	0.084463	supercritical
103.00	62.000	14.326	0.069802	834.66	1267.4	21.862	7.3408	12.915	893.94	0.067188	4.7101e-06	0.084936	supercritical
104.00	62.000	14.172	0.070563	842.86	1280.3	21.987	7.3673	12.908	897.04	0.065663	4.7313e-06	0.085415	supercritical
105.00	62.000	14.021	0.071322	851.05	1293.2	22.111	7.3940	12.902	900.13	0.064160	4.7526e-06	0.085900	supercritical
106.00	62.000	13.874	0.072079	859.26	1306.1	22.233	7.4209	12.898	903.19	0.062680	4.7740e-06	0.086391	supercritical
107.00	62.000	13.730	0.072834	867.47	1319.0	22.354	7.4479	12.894	906.25	0.061223	4.7955e-06	0.086887	supercritical
108.00	62.000	13.589	0.073588	875.69	1331.9	22.474	7.4751	12.892	909.28	0.059788	4.8171e-06	0.087389	supercritical
109.00	62.000	13.452	0.074340	883.92	1344.8	22.593	7.5023	12.891	912.30	0.058375	4.8389e-06	0.087895	supercritical
110.00	62.000	13.317	0.075090	892.16	1357.7	22.711	7.5297	12.891	915.30	0.056984	4.8607e-06	0.088406	supercritical
111.00	62.000	13.186	0.075839	900.41	1370.6	22.827	7.5572	12.892	918.29	0.055616	4.8826e-06	0.088923	supercritical
112.00	62.000	13.057	0.076586	908.68	1383.5	22.943	7.5847	12.894	921.27	0.054269	4.9046e-06	0.089443	supercritical
113.00	62.000	12.931	0.077331	916.95	1396.4	23.057	7.6122	12.897	924.23	0.052943	4.9267e-06	0.089968	supercritical
114.00	62.000	12.808	0.078075	925.23	1409.3	23.171	7.6398	12.900	927.17	0.051639	4.9489e-06	0.090498	supercritical
115.00	62.000	12.687	0.078818	933.53	1422.2	23.284	7.6674	12.904	930.10	0.050355	4.9711e-06	0.091031	supercritical
116.00	62.000	12.569	0.079559	941.84	1435.1	23.396	7.6951	12.909	933.02	0.049093	4.9934e-06	0.091569	supercritical
117.00	62.000	12.453	0.080299	950.17	1448.0	23.506	7.7227	12.915	935.93	0.047850	5.0157e-06	0.092110	supercritical
118.00	62.000	12.340	0.081037	958.51	1460.9	23.616	7.7503	12.921	938.82	0.046628	5.0381e-06	0.092655	supercritical
119.00	62.000	12.229	0.081774	966.86	1473.9	23.725	7.7779	12.928	941.71	0.045426	5.0606e-06	0.093203	supercritical
120.00	62.000	12.120	0.082510	975.23	1486.8	23.834	7.8054	12.936	944.58	0.044243	5.0831e-06	0.093755	supercritical
121.00	62.000	12.013	0.083245	983.62	1499.7	23.941	7.8329	12.944	947.44	0.043079	5.1056e-06	0.094310	supercritical
122.00	62.000	11.908	0.083978	992.02	1512.7	24.048	7.8603	12.952	950.28	0.041935	5.1282e-06	0.094869	supercritical
123.00	62.000	11.805	0.084711	1000.4	1525.6	24.153	7.8877	12.961	953.12	0.040809	5.1509e-06	0.095430	supercritical
124.00	62.000	11.704	0.085442	1008.9	1538.6	24.258	7.9150	12.971	955.95	0.039701	5.1735e-06	0.095994	supercritical
125.00	62.000	11.605	0.086172	1017.3	1551.6	24.363	7.9422	12.980	958.76	0.038612	5.1962e-06	0.096561	supercritical
126.00	62.000	11.507	0.086901	1025.8	1564.6	24.466	7.9693	12.991	961.57	0.037540	5.2189e-06	0.097131	supercritical
127.00	62.000	11.412	0.087629	1034.3	1577.6	24.569	7.9963	13.001	964.36	0.036485	5.2417e-06	0.097703	supercritical
128.00	62.000	11.318	0.088356	1042.8	1590.6	24.671	8.0232	13.012	967.15	0.035448	5.2645e-06	0.098278	supercritical
129.00	62.000	11.226	0.089081	1051.3	1603.6	24.772	8.0500	13.023	969.93	0.034428	5.2873e-06	0.098855	supercritical
130.00	62.000	11.135	0.089806	1059.8	1616.6	24.873	8.0766	13.034	972.69	0.033424	5.3101e-06	0.099434	supercritical
131.00	62.000	11.046	0.090530	1068.4	1629.7	24.973	8.1032	13.046	975.45	0.032436	5.3329e-06	0.10002	supercritical
132.00	62.000	10.959	0.091253	1076.9	1642.7	25.072	8.1295	13.058	978.20	0.031465	5.3557e-06	0.10060	supercritical
133.00	62.000	10.873	0.091975	1085.5	1655.8	25.170	8.1558	13.070	980.94	0.030509	5.3786e-06	0.10118	supercritical
134.00	62.000	10.788	0.092696	1094.1	1668.8	25.268	8.1819	13.083	983.68	0.029568	5.4015e-06	0.10177	supercritical
135.00	62.000	10.705	0.093416	1102.8	1681.9	25.366	8.2078	13.095	986.40	0.028642	5.4244e-06	0.10236	supercritical
136.00	62.000	10.623	0.094135	1111.4	1695.0	25.462	8.2336	13.108	989.12	0.027732	5.4473e-06	0.10295	supercritical
137.00	62.000	10.543	0.094854	1120.1	1708.2	25.558	8.2592	13.121	991.82	0.026835	5.4702e-06	0.10354	supercritical
138.00	62.000	10.463	0.095572	1128.7	1721.3	25.654	8.2847	13.134	994.53	0.025953	5.4931e-06	0.10414	supercritical
139.00	62.000	10.385	0.096288	1137.4	1734.4	25.749	8.3100	13.147	997.22	0.025085	5.5160e-06	0.10473	supercritical
140.00	62.000	10.309	0.097005	1146.1	1747.6	25.843	8.3351	13.160	999.90	0.024231	5.5389e-06	0.10533	supercritical
141.00	62.000	10.233	0.097720	1154.9	1760.7	25.937	8.3600	13.174	1002.6	0.023390	5.5618e-06	0.10592	supercritical
142.00	62.000	10.159	0.098434	1163.6	1773.9	26.030	8.3848	13.187	1005.3	0.022562	5.5847e-06	0.10652	supercritical
143.00	62.000	10.086	0.099148	1172.4	1787.1	26.123	8.4093	13.201	1007.9	0.021747	5.6077e-06	0.10712	supercritical
144.00	62.000	10.014	0.099861	1181.2	1800.3	26.215	8.4337	13.214	1010.6	0.020945	5.6306e-06	0.10772	supercritical
145.00	62.000	9.9430	0.10057	1190.0	1813.5	26.306	8.4579	13.228	1013.2	0.020155	5.6535e-06	0.10832	supercritical
146.00	62.000	9.8731	0.10129	1198.8	1826.8	26.397	8.4819	13.242	1015.9	0.019377	5.6764e-06	0.10892	supercritical
147.00	62.000	9.8043	0.10200	1207.7	1840.0	26.487	8.5057	13.256	1018.5	0.018611	5.6993e-06	0.10953	supercritical
148.00	62.000	9.7365	0.10271	1216.5	1853.3	26.577	8.5294	13.269	1021.1	0.017857	5.7222e-06	0.11013	supercritical
149.00	62.000	9.6697	0.10342	1225.4	1866.6	26.667	8.5528	13.283	1023.8	0.017115	5.7451e-06	0.11073	supercritical
150.00	62.000	9.6038	0.10413	1234.3	1879.9	26.756	8.5760	13.297	1026.4	0.016384	5.7680e-06	0.11134	supercritical
151.00	62.000	9.5389	0.10483	1243.2	1893.2	26.844	8.5990	13.311	1029.0	0.015663	5.7909e-06	0.11194	supercritical
152.00	62.000	9.4750	0.10554	1252.1	1906.5	26.932	8.6219	13.325	1031.6	0.014954	5.8138e-06	0.11255	supercritical
153.00	62.000	9.4119	0.10625	1261.1	1919.8	27.019	8.6445	13.339	1034.2	0.014255	5.8366e-06	0.11315	supercritical
154.00	62.000	9.3497	0.10695	1270.0	1933.2	27.106	8.6669	13.352	1036.8	0.013566	5.8595e-06	0.11376	supercritical
155.00	62.000	9.2884	0.10766	1279.0	1946.5	27.193	8.6891	13.366	1039.4	0.012888	5.8823e-06	0.11436	supercritical
156.00	62.000	9.2280	0.10837	1288.0	1959.9	27.279	8.7112	13.380	1042.0	0.012220	5.9052e-06	0.11497	supercritical
157.00	62.000	9.1683	0.10907	1297.0	1973.3	27.364	8.7330	13.394	1044.5	0.011561	5.9280e-06	0.11558	supercritical
158.00	62.000	9.1095	0.10978	1306.1	1986.7	27.449	8.7546	13.407	1047.1	0.010912	5.9508e-06	0.11618	supercritical
159.00	62.000	9.0515	0.11048	1315.1	2000.1	27.534	8.7760	13.421	1049.7	0.010273	5.9736e-06	0.11679	supercritical
160.00	62.000	8.9942	0.11118	1324.2	2013.5	27.618	8.7972	13.435	1052.2	0.0096425	5.9964e-06	0.11739	supercritical
161.00	62.000	8.9377	0.11189	1333.3	2027.0	27.702	8.8182	13.448	1054.8	0.0090213	6.0192e-06	0.11800	supercritical
162.00	62.000	8.8820	0.11259	1342.4	2040.4	27.785	8.8390	13.462	1057.3	0.0084089	6.0419e-06	0.11860	supercritical
163.00	62.000	8.8270	0.11329	1351.5	2053.9	27.868	8.8596	13.475	1059.9	0.0078051	6.0647e-06	0.11921	supercritical
164.00	62.000	8.7727	0.11399	1360.6	2067.4	27.951	8.8800	13.489	1062.4	0.0072100	6.0874e-06	0.11981	supercritical
165.00	62.000	8.7191	0.11469	1369.8	2080.9	28.033	8.9001	13.502	1065.0	0.0066231	6.1101e-06	0.12042	supercritical
166.00	62.000	8.6661	0.11539	1378.9	2094.4	28.114	8.9201	13.515	1067.5	0.0060445	6.1328e-06	0.12102	supercritical
167.00	62.000	8.6139	0.11609	1388.1	2107.9	28.196	8.9399	13.528	1070.0	0.0054739	6.1555e-06	0.12163	supercritical
168.00	62.000	8.5623	0.11679	1397.3	2121.4	28.276	8.9595	13.541	1072.5	0.0049112	6.1782e-06	0.12223	supercritical
169.00	62.000	8.5114	0.11749	1406.5	2135.0	28.357	8.9788	13.554	1075.0	0.0043562	6.2008e-06	0.12283	supercritical
170.00	62.000	8.4611	0.11819	1415.8	2148.5	28.437	8.9980	13.567	1077.5	0.0038088	6.2235e-06	0.12344	supercritical
171.00	62.000	8.4114	0.11889	1425.0	2162.1	28.516	9.0170	13.580	1080.1	0.0032689	6.2461e-06	0.12404	supercritical
172.00	62.000	8.3623	0.11958	1434.3	2175.7	28.596	9.0357	13.593	1082.6	0.0027362	6.2687e-06	0.12464	supercritical
173.00	62.000	8.3139	0.12028	1443.6	2189.3	28.674	9.0543	13.606	1085.0	0.0022107	6.2913e-06	0.12524	supercritical
174.00	62.000	8.2660	0.12098	1452.8	2202.9	28.753	9.0727	13.618	1087.5	0.0016922	6.3138e-06	0.12584	supercritical
175.00	62.000	8.2187	0.12167	1462.2	2216.5	28.831	9.0909	13.631	1090.0	0.0011807	6.3364e-06	0.12644	supercritical
176.00	62.000	8.1719	0.12237	1471.5	2230.2	28.909	9.1088	13.643	1092.5	0.00067584	6.3589e-06	0.12704	supercritical
177.00	62.000	8.1257	0.12307	1480.8	2243.8	28.986	9.1266	13.656	1095.0	0.00017765	6.3814e-06	0.12763	supercritical
178.00	62.000	8.0801	0.12376	1490.2	2257.5	29.063	9.1442	13.668	1097.4	-0.00031403	6.4039e-06	0.12823	supercritical
179.00	62.000	8.0350	0.12446	1499.5	2271.2	29.140	9.1616	13.680	1099.9	-0.00079932	6.4264e-06	0.12883	supercritical
180.00	62.000	7.9904	0.12515	1508.9	2284.8	29.216	9.1788	13.692	1102.4	-0.0012783	6.4488e-06	0.12942	supercritical
181.00	62.000	7.9463	0.12584	1518.3	2298.5	29.292	9.1958	13.704	1104.8	-0.0017512	6.4713e-06	0.13002	supercritical
182.00	62.000	7.9027	0.12654	1527.7	2312.2	29.367	9.2127	13.716	1107.3	-0.0022180	6.4937e-06	0.13061	supercritical
183.00	62.000	7.8597	0.12723	1537.1	2326.0	29.442	9.2293	13.728	1109.7	-0.0026790	6.5161e-06	0.13120	supercritical
184.00	62.000	7.8171	0.12792	1546.6	2339.7	29.517	9.2458	13.739	1112.2	-0.0031340	6.5385e-06	0.13180	supercritical
185.00	62.000	7.7750	0.12862	1556.0	2353.4	29.592	9.2620	13.751	1114.6	-0.0035834	6.5608e-06	0.13239	supercritical
186.00	62.000	7.7334	0.12931	1565.5	2367.2	29.666	9.2781	13.762	1117.0	-0.0040272	6.5832e-06	0.13298	supercritical
187.00	62.000	7.6922	0.13000	1575.0	2381.0	29.740	9.2940	13.774	1119.5	-0.0044654	6.6055e-06	0.13357	supercritical
188.00	62.000	7.6515	0.13069	1584.5	2394.8	29.813	9.3097	13.785	1121.9	-0.0048983	6.6278e-06	0.13415	supercritical
189.00	62.000	7.6112	0.13139	1594.0	2408.5	29.886	9.3253	13.796	1124.3	-0.0053258	6.6501e-06	0.13474	supercritical
190.00	62.000	7.5714	0.13208	1603.5	2422.3	29.959	9.3406	13.807	1126.7	-0.0057481	6.6723e-06	0.13533	supercritical
191.00	62.000	7.5320	0.13277	1613.0	2436.2	30.032	9.3558	13.818	1129.2	-0.0061653	6.6946e-06	0.13591	supercritical
192.00	62.000	7.4930	0.13346	1622.5	2450.0	30.104	9.3708	13.829	1131.6	-0.0065775	6.7168e-06	0.13650	supercritical
193.00	62.000	7.4545	0.13415	1632.1	2463.8	30.176	9.3856	13.839	1134.0	-0.0069848	6.7390e-06	0.13708	supercritical
194.00	62.000	7.4163	0.13484	1641.7	2477.7	30.247	9.4003	13.850	1136.4	-0.0073871	6.7612e-06	0.13766	supercritical
195.00	62.000	7.3786	0.13553	1651.2	2491.5	30.319	9.4148	13.860	1138.8	-0.0077847	6.7833e-06	0.13824	supercritical
196.00	62.000	7.3412	0.13622	1660.8	2505.4	30.390	9.4291	13.871	1141.2	-0.0081777	6.8055e-06	0.13882	supercritical
197.00	62.000	7.3043	0.13691	1670.4	2519.3	30.460	9.4432	13.881	1143.6	-0.0085660	6.8276e-06	0.13940	supercritical
198.00	62.000	7.2677	0.13759	1680.1	2533.1	30.530	9.4572	13.891	1145.9	-0.0089498	6.8497e-06	0.13998	supercritical
199.00	62.000	7.2315	0.13828	1689.7	2547.0	30.600	9.4710	13.901	1148.3	-0.0093291	6.8717e-06	0.14055	supercritical
200.00	62.000	7.1957	0.13897	1699.3	2560.9	30.670	9.4847	13.911	1150.7	-0.0097041	6.8938e-06	0.14113	supercritical
201.00	62.000	7.1603	0.13966	1709.0	2574.9	30.740	9.4981	13.921	1153.1	-0.010075	6.9158e-06	0.14170	supercritical
202.00	62.000	7.1252	0.14035	1718.6	2588.8	30.809	9.5115	13.931	1155.4	-0.010441	6.9378e-06	0.14228	supercritical
203.00	62.000	7.0905	0.14103	1728.3	2602.7	30.877	9.5246	13.940	1157.8	-0.010804	6.9598e-06	0.14285	supercritical
204.00	62.000	7.0561	0.14172	1738.0	2616.7	30.946	9.5376	13.950	1160.2	-0.011162	6.9818e-06	0.14342	supercritical
205.00	62.000	7.0220	0.14241	1747.7	2630.6	31.014	9.5505	13.959	1162.5	-0.011516	7.0037e-06	0.14399	supercritical
206.00	62.000	6.9883	0.14310	1757.4	2644.6	31.082	9.5631	13.969	1164.9	-0.011866	7.0257e-06	0.14456	supercritical
207.00	62.000	6.9550	0.14378	1767.1	2658.6	31.150	9.5757	13.978	1167.2	-0.012213	7.0476e-06	0.14512	supercritical
208.00	62.000	6.9219	0.14447	1776.8	2672.5	31.217	9.5880	13.987	1169.6	-0.012555	7.0695e-06	0.14569	supercritical
209.00	62.000	6.8892	0.14515	1786.6	2686.5	31.284	9.6002	13.996	1171.9	-0.012894	7.0913e-06	0.14625	supercritical
210.00	62.000	6.8568	0.14584	1796.3	2700.5	31.351	9.6123	14.005	1174.3	-0.013229	7.1132e-06	0.14682	supercritical
211.00	62.000	6.8248	0.14653	1806.1	2714.5	31.418	9.6242	14.014	1176.6	-0.013561	7.1350e-06	0.14738	supercritical
212.00	62.000	6.7930	0.14721	1815.9	2728.6	31.484	9.6360	14.023	1178.9	-0.013889	7.1568e-06	0.14794	supercritical
213.00	62.000	6.7615	0.14790	1825.6	2742.6	31.550	9.6476	14.031	1181.2	-0.014213	7.1786e-06	0.14850	supercritical
214.00	62.000	6.7304	0.14858	1835.4	2756.6	31.616	9.6591	14.040	1183.6	-0.014535	7.2003e-06	0.14906	supercritical
215.00	62.000	6.6995	0.14927	1845.2	2770.7	31.681	9.6704	14.048	1185.9	-0.014852	7.2221e-06	0.14962	supercritical
216.00	62.000	6.6689	0.14995	1855.0	2784.7	31.746	9.6816	14.056	1188.2	-0.015166	7.2438e-06	0.15017	supercritical
217.00	62.000	6.6386	0.15063	1864.9	2798.8	31.811	9.6927	14.065	1190.5	-0.015477	7.2655e-06	0.15073	supercritical
218.00	62.000	6.6086	0.15132	1874.7	2812.8	31.876	9.7036	14.073	1192.8	-0.015785	7.2872e-06	0.15128	supercritical
219.00	62.000	6.5789	0.15200	1884.5	2826.9	31.941	9.7144	14.081	1195.1	-0.016090	7.3088e-06	0.15184	supercritical
220.00	62.000	6.5494	0.15269	1894.4	2841.0	32.005	9.7250	14.089	1197.4	-0.016391	7.3305e-06	0.15239	supercritical
221.00	62.000	6.5202	0.15337	1904.2	2855.1	32.069	9.7355	14.097	1199.7	-0.016690	7.3521e-06	0.15294	supercritical
222.00	62.000	6.4913	0.15405	1914.1	2869.2	32.132	9.7458	14.104	1202.0	-0.016985	7.3737e-06	0.15349	supercritical
223.00	62.000	6.4627	0.15474	1924.0	2883.3	32.196	9.7561	14.112	1204.3	-0.017277	7.3952e-06	0.15404	supercritical
224.00	62.000	6.4343	0.15542	1933.8	2897.4	32.259	9.7662	14.119	1206.6	-0.017567	7.4168e-06	0.15458	supercritical
225.00	62.000	6.4061	0.15610	1943.7	2911.6	32.322	9.7761	14.127	1208.9	-0.017853	7.4383e-06	0.15513	supercritical
226.00	62.000	6.3782	0.15678	1953.6	2925.7	32.384	9.7860	14.134	1211.2	-0.018137	7.4598e-06	0.15567	supercritical
227.00	62.000	6.3506	0.15747	1963.5	2939.8	32.447	9.7957	14.142	1213.5	-0.018418	7.4813e-06	0.15622	supercritical
228.00	62.000	6.3232	0.15815	1973.5	2954.0	32.509	9.8053	14.149	1215.7	-0.018696	7.5028e-06	0.15676	supercritical
229.00	62.000	6.2961	0.15883	1983.4	2968.1	32.571	9.8147	14.156	1218.0	-0.018971	7.5242e-06	0.15730	supercritical
230.00	62.000	6.2692	0.15951	1993.3	2982.3	32.633	9.8240	14.163	1220.3	-0.019244	7.5457e-06	0.15784	supercritical
231.00	62.000	6.2425	0.16019	2003.2	2996.4	32.694	9.8333	14.170	1222.5	-0.019514	7.5671e-06	0.15838	supercritical
232.00	62.000	6.2160	0.16087	2013.2	3010.6	32.755	9.8423	14.176	1224.8	-0.019781	7.5885e-06	0.15891	supercritical
233.00	62.000	6.1898	0.16156	2023.2	3024.8	32.816	9.8513	14.183	1227.1	-0.020046	7.6098e-06	0.15945	supercritical
234.00	62.000	6.1638	0.16224	2033.1	3039.0	32.877	9.8602	14.190	1229.3	-0.020309	7.6312e-06	0.15998	supercritical
235.00	62.000	6.1381	0.16292	2043.1	3053.2	32.938	9.8689	14.196	1231.6	-0.020569	7.6525e-06	0.16052	supercritical
236.00	62.000	6.1125	0.16360	2053.1	3067.4	32.998	9.8775	14.203	1233.8	-0.020826	7.6738e-06	0.16105	supercritical
237.00	62.000	6.0872	0.16428	2063.1	3081.6	33.058	9.8860	14.209	1236.1	-0.021081	7.6951e-06	0.16158	supercritical
238.00	62.000	6.0621	0.16496	2073.0	3095.8	33.118	9.8944	14.215	1238.3	-0.021334	7.7164e-06	0.16211	supercritical
239.00	62.000	6.0372	0.16564	2083.0	3110.0	33.177	9.9027	14.222	1240.5	-0.021584	7.7376e-06	0.16264	supercritical
240.00	62.000	6.0125	0.16632	2093.1	3124.2	33.237	9.9108	14.228	1242.8	-0.021832	7.7588e-06	0.16317	supercritical
241.00	62.000	5.9880	0.16700	2103.1	3138.5	33.296	9.9189	14.234	1245.0	-0.022078	7.7800e-06	0.16369	supercritical
242.00	62.000	5.9638	0.16768	2113.1	3152.7	33.355	9.9268	14.240	1247.2	-0.022321	7.8012e-06	0.16422	supercritical
243.00	62.000	5.9397	0.16836	2123.1	3166.9	33.414	9.9346	14.246	1249.5	-0.022562	7.8224e-06	0.16474	supercritical
244.00	62.000	5.9158	0.16904	2133.2	3181.2	33.472	9.9424	14.251	1251.7	-0.022801	7.8435e-06	0.16527	supercritical
245.00	62.000	5.8921	0.16972	2143.2	3195.4	33.530	9.9500	14.257	1253.9	-0.023038	7.8647e-06	0.16579	supercritical
246.00	62.000	5.8686	0.17040	2153.2	3209.7	33.589	9.9575	14.263	1256.1	-0.023273	7.8858e-06	0.16631	supercritical
247.00	62.000	5.8453	0.17108	2163.3	3224.0	33.646	9.9649	14.268	1258.3	-0.023506	7.9068e-06	0.16683	supercritical
248.00	62.000	5.8222	0.17176	2173.4	3238.2	33.704	9.9722	14.274	1260.5	-0.023736	7.9279e-06	0.16735	supercritical
249.00	62.000	5.7993	0.17243	2183.4	3252.5	33.762	9.9794	14.279	1262.7	-0.023965	7.9490e-06	0.16787	supercritical
250.00	62.000	5.7766	0.17311	2193.5	3266.8	33.819	9.9865	14.284	1264.9	-0.024192	7.9700e-06	0.16838	supercritical
251.00	62.000	5.7540	0.17379	2203.6	3281.1	33.876	9.9935	14.290	1267.1	-0.024416	7.9910e-06	0.16890	supercritical
252.00	62.000	5.7316	0.17447	2213.7	3295.4	33.933	10.000	14.295	1269.3	-0.024639	8.0120e-06	0.16941	supercritical
253.00	62.000	5.7094	0.17515	2223.8	3309.7	33.989	10.007	14.300	1271.5	-0.024860	8.0329e-06	0.16993	supercritical
254.00	62.000	5.6874	0.17583	2233.9	3324.0	34.046	10.014	14.305	1273.7	-0.025078	8.0539e-06	0.17044	supercritical
255.00	62.000	5.6656	0.17650	2244.0	3338.3	34.102	10.021	14.310	1275.9	-0.025295	8.0748e-06	0.17095	supercritical
256.00	62.000	5.6439	0.17718	2254.1	3352.6	34.158	10.027	14.315	1278.1	-0.025511	8.0957e-06	0.17146	supercritical
257.00	62.000	5.6224	0.17786	2264.2	3366.9	34.214	10.034	14.319	1280.3	-0.025724	8.1166e-06	0.17197	supercritical
258.00	62.000	5.6011	0.17854	2274.3	3381.2	34.269	10.040	14.324	1282.5	-0.025935	8.1375e-06	0.17248	supercritical
259.00	62.000	5.5799	0.17922	2284.4	3395.6	34.325	10.046	14.329	1284.6	-0.026145	8.1583e-06	0.17298	supercritical
260.00	62.000	5.5589	0.17989	2294.6	3409.9	34.380	10.052	14.333	1286.8	-0.026353	8.1792e-06	0.17349	supercritical
261.00	62.000	5.5380	0.18057	2304.7	3424.2	34.435	10.058	14.338	1289.0	-0.026559	8.2000e-06	0.17399	supercritical
262.00	62.000	5.5173	0.18125	2314.8	3438.6	34.490	10.064	14.342	1291.1	-0.026764	8.2208e-06	0.17450	supercritical
263.00	62.000	5.4968	0.18192	2325.0	3452.9	34.544	10.070	14.347	1293.3	-0.026967	8.2416e-06	0.17500	supercritical
264.00	62.000	5.4764	0.18260	2335.1	3467.3	34.599	10.076	14.351	1295.5	-0.027168	8.2623e-06	0.17550	supercritical
265.00	62.000	5.4562	0.18328	2345.3	3481.6	34.653	10.082	14.355	1297.6	-0.027368	8.2831e-06	0.17600	supercritical
266.00	62.000	5.4361	0.18395	2355.5	3496.0	34.707	10.087	14.359	1299.8	-0.027565	8.3038e-06	0.17650	supercritical
267.00	62.000	5.4162	0.18463	2365.6	3510.3	34.761	10.093	14.363	1301.9	-0.027762	8.3245e-06	0.17700	supercritical
268.00	62.000	5.3964	0.18531	2375.8	3524.7	34.815	10.099	14.367	1304.1	-0.027957	8.3452e-06	0.17750	supercritical
269.00	62.000	5.3768	0.18598	2386.0	3539.1	34.868	10.104	14.371	1306.2	-0.028150	8.3658e-06	0.17799	supercritical
270.00	62.000	5.3573	0.18666	2396.1	3553.4	34.922	10.109	14.375	1308.4	-0.028341	8.3865e-06	0.17849	supercritical
271.00	62.000	5.3380	0.18734	2406.3	3567.8	34.975	10.114	14.379	1310.5	-0.028532	8.4071e-06	0.17898	supercritical
272.00	62.000	5.3188	0.18801	2416.5	3582.2	35.028	10.120	14.383	1312.6	-0.028720	8.4277e-06	0.17947	supercritical
273.00	62.000	5.2997	0.18869	2426.7	3596.6	35.081	10.125	14.387	1314.8	-0.028907	8.4483e-06	0.17997	supercritical
274.00	62.000	5.2808	0.18936	2436.9	3611.0	35.133	10.130	14.390	1316.9	-0.029093	8.4689e-06	0.18046	supercritical
275.00	62.000	5.2620	0.19004	2447.1	3625.4	35.186	10.135	14.394	1319.0	-0.029277	8.4894e-06	0.18095	supercritical
276.00	62.000	5.2434	0.19072	2457.3	3639.8	35.238	10.140	14.398	1321.2	-0.029460	8.5099e-06	0.18144	supercritical
277.00	62.000	5.2249	0.19139	2467.5	3654.2	35.290	10.144	14.401	1323.3	-0.029641	8.5305e-06	0.18193	supercritical
278.00	62.000	5.2065	0.19207	2477.7	3668.6	35.342	10.149	14.404	1325.4	-0.029821	8.5510e-06	0.18241	supercritical
279.00	62.000	5.1883	0.19274	2488.0	3683.0	35.394	10.154	14.408	1327.5	-0.030000	8.5714e-06	0.18290	supercritical
280.00	62.000	5.1701	0.19342	2498.2	3697.4	35.445	10.158	14.411	1329.7	-0.030177	8.5919e-06	0.18339	supercritical
281.00	62.000	5.1522	0.19409	2508.4	3711.8	35.497	10.163	14.414	1331.8	-0.030353	8.6123e-06	0.18387	supercritical
282.00	62.000	5.1343	0.19477	2518.6	3726.2	35.548	10.167	14.418	1333.9	-0.030528	8.6328e-06	0.18436	supercritical
283.00	62.000	5.1166	0.19544	2528.9	3740.6	35.599	10.172	14.421	1336.0	-0.030701	8.6532e-06	0.18484	supercritical
284.00	62.000	5.0990	0.19612	2539.1	3755.1	35.650	10.176	14.424	1338.1	-0.030873	8.6736e-06	0.18532	supercritical
285.00	62.000	5.0815	0.19679	2549.4	3769.5	35.700	10.180	14.427	1340.2	-0.031044	8.6939e-06	0.18580	supercritical
286.00	62.000	5.0641	0.19747	2559.6	3783.9	35.751	10.184	14.430	1342.3	-0.031213	8.7143e-06	0.18628	supercritical
287.00	62.000	5.0469	0.19814	2569.9	3798.3	35.801	10.188	14.433	1344.4	-0.031381	8.7346e-06	0.18676	supercritical
288.00	62.000	5.0297	0.19882	2580.1	3812.8	35.852	10.192	14.436	1346.5	-0.031548	8.7550e-06	0.18724	supercritical
289.00	62.000	5.0127	0.19949	2590.4	3827.2	35.902	10.196	14.439	1348.6	-0.031714	8.7753e-06	0.18772	supercritical
290.00	62.000	4.9959	0.20017	2600.6	3841.6	35.951	10.200	14.441	1350.7	-0.031878	8.7955e-06	0.18819	supercritical
291.00	62.000	4.9791	0.20084	2610.9	3856.1	36.001	10.204	14.444	1352.7	-0.032042	8.8158e-06	0.18867	supercritical
292.00	62.000	4.9624	0.20151	2621.1	3870.5	36.051	10.208	14.447	1354.8	-0.032204	8.8361e-06	0.18914	supercritical
293.00	62.000	4.9459	0.20219	2631.4	3885.0	36.100	10.212	14.450	1356.9	-0.032365	8.8563e-06	0.18962	supercritical
294.00	62.000	4.9294	0.20286	2641.7	3899.4	36.149	10.215	14.452	1359.0	-0.032525	8.8765e-06	0.19009	supercritical
295.00	62.000	4.9131	0.20354	2652.0	3913.9	36.198	10.219	14.455	1361.1	-0.032683	8.8967e-06	0.19056	supercritical
296.00	62.000	4.8969	0.20421	2662.2	3928.3	36.247	10.223	14.457	1363.1	-0.032841	8.9169e-06	0.19103	supercritical
297.00	62.000	4.8808	0.20488	2672.5	3942.8	36.296	10.226	14.460	1365.2	-0.032997	8.9371e-06	0.19150	supercritical
298.00	62.000	4.8648	0.20556	2682.8	3957.3	36.345	10.230	14.462	1367.3	-0.033152	8.9572e-06	0.19197	supercritical
299.00	62.000	4.8489	0.20623	2693.1	3971.7	36.393	10.233	14.465	1369.3	-0.033307	8.9773e-06	0.19244	supercritical
300.00	62.000	4.8331	0.20691	2703.4	3986.2	36.441	10.236	14.467	1371.4	-0.033460	8.9975e-06	0.19291	supercritical
301.00	62.000	4.8174	0.20758	2713.7	4000.7	36.490	10.240	14.469	1373.4	-0.033612	9.0176e-06	0.19338	supercritical
302.00	62.000	4.8019	0.20825	2724.0	4015.1	36.538	10.243	14.471	1375.5	-0.033763	9.0376e-06	0.19384	supercritical
303.00	62.000	4.7864	0.20893	2734.3	4029.6	36.585	10.246	14.474	1377.6	-0.033912	9.0577e-06	0.19431	supercritical
304.00	62.000	4.7710	0.20960	2744.6	4044.1	36.633	10.249	14.476	1379.6	-0.034061	9.0778e-06	0.19477	supercritical
305.00	62.000	4.7557	0.21027	2754.9	4058.6	36.681	10.252	14.478	1381.7	-0.034209	9.0978e-06	0.19524	supercritical
306.00	62.000	4.7406	0.21095	2765.2	4073.0	36.728	10.255	14.480	1383.7	-0.034356	9.1178e-06	0.19570	supercritical
307.00	62.000	4.7255	0.21162	2775.5	4087.5	36.775	10.258	14.482	1385.7	-0.034502	9.1378e-06	0.19616	supercritical
308.00	62.000	4.7105	0.21229	2785.8	4102.0	36.822	10.261	14.484	1387.8	-0.034647	9.1578e-06	0.19663	supercritical
309.00	62.000	4.6956	0.21296	2796.1	4116.5	36.869	10.264	14.486	1389.8	-0.034790	9.1778e-06	0.19709	supercritical
310.00	62.000	4.6808	0.21364	2806.4	4131.0	36.916	10.267	14.488	1391.9	-0.034933	9.1977e-06	0.19755	supercritical
311.00	62.000	4.6661	0.21431	2816.7	4145.5	36.963	10.270	14.490	1393.9	-0.035075	9.2176e-06	0.19801	supercritical
312.00	62.000	4.6515	0.21498	2827.1	4160.0	37.009	10.272	14.492	1395.9	-0.035216	9.2376e-06	0.19846	supercritical
313.00	62.000	4.6370	0.21566	2837.4	4174.4	37.056	10.275	14.494	1398.0	-0.035356	9.2575e-06	0.19892	supercritical
314.00	62.000	4.6226	0.21633	2847.7	4188.9	37.102	10.278	14.495	1400.0	-0.035495	9.2773e-06	0.19938	supercritical
315.00	62.000	4.6083	0.21700	2858.0	4203.4	37.148	10.280	14.497	1402.0	-0.035633	9.2972e-06	0.19984	supercritical
316.00	62.000	4.5940	0.21767	2868.4	4217.9	37.194	10.283	14.499	1404.0	-0.035770	9.3171e-06	0.20029	supercritical
317.00	62.000	4.5799	0.21835	2878.7	4232.4	37.240	10.285	14.500	1406.0	-0.035907	9.3369e-06	0.20075	supercritical
318.00	62.000	4.5658	0.21902	2889.0	4246.9	37.286	10.288	14.502	1408.1	-0.036042	9.3567e-06	0.20120	supercritical
319.00	62.000	4.5519	0.21969	2899.4	4261.4	37.331	10.290	14.504	1410.1	-0.036176	9.3765e-06	0.20165	supercritical
320.00	62.000	4.5380	0.22036	2909.7	4275.9	37.376	10.293	14.505	1412.1	-0.036310	9.3963e-06	0.20211	supercritical
321.00	62.000	4.5242	0.22103	2920.0	4290.4	37.422	10.295	14.507	1414.1	-0.036443	9.4161e-06	0.20256	supercritical
322.00	62.000	4.5105	0.22171	2930.4	4305.0	37.467	10.297	14.508	1416.1	-0.036575	9.4358e-06	0.20301	supercritical
323.00	62.000	4.4968	0.22238	2940.7	4319.5	37.512	10.299	14.510	1418.1	-0.036706	9.4556e-06	0.20346	supercritical
324.00	62.000	4.4833	0.22305	2951.1	4334.0	37.557	10.302	14.511	1420.1	-0.036836	9.4753e-06	0.20391	supercritical
325.00	62.000	4.4698	0.22372	2961.4	4348.5	37.601	10.304	14.513	1422.1	-0.036965	9.4950e-06	0.20436	supercritical
326.00	62.000	4.4564	0.22439	2971.8	4363.0	37.646	10.306	14.514	1424.1	-0.037094	9.5147e-06	0.20481	supercritical
327.00	62.000	4.4431	0.22507	2982.1	4377.5	37.690	10.308	14.515	1426.1	-0.037221	9.5344e-06	0.20525	supercritical
328.00	62.000	4.4299	0.22574	2992.5	4392.0	37.735	10.310	14.517	1428.1	-0.037348	9.5541e-06	0.20570	supercritical
329.00	62.000	4.4168	0.22641	3002.8	4406.5	37.779	10.312	14.518	1430.1	-0.037474	9.5737e-06	0.20615	supercritical
330.00	62.000	4.4037	0.22708	3013.2	4421.1	37.823	10.314	14.519	1432.1	-0.037599	9.5934e-06	0.20659	supercritical
331.00	62.000	4.3907	0.22775	3023.5	4435.6	37.867	10.316	14.521	1434.0	-0.037724	9.6130e-06	0.20704	supercritical
332.00	62.000	4.3778	0.22842	3033.9	4450.1	37.911	10.318	14.522	1436.0	-0.037847	9.6326e-06	0.20748	supercritical
333.00	62.000	4.3650	0.22910	3044.2	4464.6	37.954	10.320	14.523	1438.0	-0.037970	9.6522e-06	0.20793	supercritical
334.00	62.000	4.3522	0.22977	3054.6	4479.2	37.998	10.322	14.524	1440.0	-0.038092	9.6718e-06	0.20837	supercritical
335.00	62.000	4.3396	0.23044	3065.0	4493.7	38.041	10.324	14.525	1442.0	-0.038214	9.6913e-06	0.20881	supercritical
336.00	62.000	4.3270	0.23111	3075.3	4508.2	38.085	10.326	14.526	1443.9	-0.038334	9.7109e-06	0.20925	supercritical
337.00	62.000	4.3144	0.23178	3085.7	4522.7	38.128	10.327	14.527	1445.9	-0.038454	9.7304e-06	0.20970	supercritical
338.00	62.000	4.3020	0.23245	3096.1	4537.3	38.171	10.329	14.528	1447.9	-0.038573	9.7499e-06	0.21014	supercritical
339.00	62.000	4.2896	0.23312	3106.4	4551.8	38.214	10.331	14.529	1449.8	-0.038691	9.7694e-06	0.21058	supercritical
340.00	62.000	4.2773	0.23379	3116.8	4566.3	38.257	10.332	14.530	1451.8	-0.038809	9.7889e-06	0.21101	supercritical
341.00	62.000	4.2650	0.23447	3127.2	4580.8	38.299	10.334	14.531	1453.8	-0.038926	9.8084e-06	0.21145	supercritical
342.00	62.000	4.2529	0.23514	3137.5	4595.4	38.342	10.336	14.532	1455.7	-0.039042	9.8278e-06	0.21189	supercritical
343.00	62.000	4.2408	0.23581	3147.9	4609.9	38.384	10.337	14.533	1457.7	-0.039157	9.8473e-06	0.21233	supercritical
344.00	62.000	4.2287	0.23648	3158.3	4624.4	38.427	10.339	14.534	1459.6	-0.039272	9.8667e-06	0.21277	supercritical
345.00	62.000	4.2168	0.23715	3168.7	4639.0	38.469	10.340	14.535	1461.6	-0.039386	9.8861e-06	0.21320	supercritical
346.00	62.000	4.2049	0.23782	3179.0	4653.5	38.511	10.342	14.536	1463.5	-0.039499	9.9055e-06	0.21364	supercritical
347.00	62.000	4.1930	0.23849	3189.4	4668.1	38.553	10.343	14.537	1465.5	-0.039612	9.9249e-06	0.21407	supercritical
348.00	62.000	4.1813	0.23916	3199.8	4682.6	38.595	10.345	14.538	1467.4	-0.039724	9.9442e-06	0.21451	supercritical
349.00	62.000	4.1696	0.23983	3210.2	4697.1	38.636	10.346	14.538	1469.4	-0.039835	9.9636e-06	0.21494	supercritical
350.00	62.000	4.1580	0.24050	3220.6	4711.7	38.678	10.348	14.539	1471.3	-0.039946	9.9829e-06	0.21537	supercritical
351.00	62.000	4.1464	0.24117	3230.9	4726.2	38.719	10.349	14.540	1473.2	-0.040055	1.0002e-05	0.21581	supercritical
352.00	62.000	4.1349	0.24184	3241.3	4740.7	38.761	10.350	14.541	1475.2	-0.040165	1.0022e-05	0.21624	supercritical
353.00	62.000	4.1235	0.24251	3251.7	4755.3	38.802	10.352	14.541	1477.1	-0.040273	1.0041e-05	0.21667	supercritical
354.00	62.000	4.1121	0.24318	3262.1	4769.8	38.843	10.353	14.542	1479.0	-0.040381	1.0060e-05	0.21710	supercritical
355.00	62.000	4.1008	0.24385	3272.5	4784.4	38.884	10.354	14.543	1481.0	-0.040489	1.0079e-05	0.21753	supercritical
356.00	62.000	4.0896	0.24452	3282.9	4798.9	38.925	10.355	14.544	1482.9	-0.040595	1.0099e-05	0.21796	supercritical
357.00	62.000	4.0784	0.24519	3293.3	4813.5	38.966	10.356	14.544	1484.8	-0.040701	1.0118e-05	0.21839	supercritical
358.00	62.000	4.0673	0.24587	3303.6	4828.0	39.007	10.358	14.545	1486.7	-0.040807	1.0137e-05	0.21882	supercritical
359.00	62.000	4.0562	0.24654	3314.0	4842.6	39.047	10.359	14.545	1488.7	-0.040911	1.0156e-05	0.21925	supercritical
360.00	62.000	4.0452	0.24721	3324.4	4857.1	39.088	10.360	14.546	1490.6	-0.041016	1.0176e-05	0.21968	supercritical
361.00	62.000	4.0343	0.24788	3334.8	4871.6	39.128	10.361	14.547	1492.5	-0.041119	1.0195e-05	0.22010	supercritical
362.00	62.000	4.0234	0.24855	3345.2	4886.2	39.168	10.362	14.547	1494.4	-0.041222	1.0214e-05	0.22053	supercritical
363.00	62.000	4.0126	0.24922	3355.6	4900.7	39.208	10.363	14.548	1496.3	-0.041324	1.0233e-05	0.22096	supercritical
364.00	62.000	4.0018	0.24989	3366.0	4915.3	39.248	10.364	14.548	1498.2	-0.041426	1.0252e-05	0.22138	supercritical
365.00	62.000	3.9911	0.25056	3376.4	4929.8	39.288	10.365	14.549	1500.1	-0.041527	1.0271e-05	0.22181	supercritical
366.00	62.000	3.9805	0.25123	3386.8	4944.4	39.328	10.366	14.549	1502.0	-0.041628	1.0290e-05	0.22223	supercritical
367.00	62.000	3.9699	0.25190	3397.2	4958.9	39.368	10.367	14.550	1503.9	-0.041728	1.0310e-05	0.22266	supercritical
368.00	62.000	3.9594	0.25256	3407.6	4973.5	39.407	10.368	14.550	1505.8	-0.041827	1.0329e-05	0.22308	supercritical
369.00	62.000	3.9489	0.25323	3418.0	4988.0	39.447	10.369	14.551	1507.7	-0.041926	1.0348e-05	0.22350	supercritical
370.00	62.000	3.9385	0.25390	3428.4	5002.6	39.486	10.370	14.551	1509.6	-0.042024	1.0367e-05	0.22393	supercritical
371.00	62.000	3.9281	0.25457	3438.8	5017.1	39.526	10.371	14.551	1511.5	-0.042122	1.0386e-05	0.22435	supercritical
372.00	62.000	3.9178	0.25524	3449.2	5031.7	39.565	10.372	14.552	1513.4	-0.042219	1.0405e-05	0.22477	supercritical
373.00	62.000	3.9076	0.25591	3459.6	5046.2	39.604	10.373	14.552	1515.3	-0.042315	1.0424e-05	0.22519	supercritical
374.00	62.000	3.8974	0.25658	3470.0	5060.8	39.643	10.374	14.553	1517.2	-0.042411	1.0443e-05	0.22561	supercritical
375.00	62.000	3.8872	0.25725	3480.4	5075.3	39.682	10.375	14.553	1519.1	-0.042506	1.0462e-05	0.22603	supercritical
376.00	62.000	3.8771	0.25792	3490.8	5089.9	39.720	10.376	14.553	1520.9	-0.042601	1.0481e-05	0.22645	supercritical
377.00	62.000	3.8671	0.25859	3501.2	5104.4	39.759	10.376	14.554	1522.8	-0.042696	1.0500e-05	0.22687	supercritical
378.00	62.000	3.8571	0.25926	3511.6	5119.0	39.798	10.377	14.554	1524.7	-0.042789	1.0519e-05	0.22729	supercritical
379.00	62.000	3.8472	0.25993	3522.0	5133.6	39.836	10.378	14.554	1526.6	-0.042883	1.0538e-05	0.22771	supercritical
380.00	62.000	3.8373	0.26060	3532.4	5148.1	39.874	10.379	14.555	1528.4	-0.042975	1.0557e-05	0.22813	supercritical
381.00	62.000	3.8275	0.26127	3542.8	5162.7	39.913	10.379	14.555	1530.3	-0.043067	1.0576e-05	0.22854	supercritical
382.00	62.000	3.8177	0.26194	3553.2	5177.2	39.951	10.380	14.555	1532.2	-0.043159	1.0595e-05	0.22896	supercritical
383.00	62.000	3.8080	0.26261	3563.6	5191.8	39.989	10.381	14.556	1534.1	-0.043250	1.0613e-05	0.22938	supercritical
384.00	62.000	3.7983	0.26328	3574.0	5206.3	40.027	10.382	14.556	1535.9	-0.043341	1.0632e-05	0.22979	supercritical
385.00	62.000	3.7887	0.26395	3584.4	5220.9	40.065	10.382	14.556	1537.8	-0.043431	1.0651e-05	0.23021	supercritical
386.00	62.000	3.7791	0.26461	3594.8	5235.4	40.102	10.383	14.556	1539.6	-0.043521	1.0670e-05	0.23062	supercritical
387.00	62.000	3.7695	0.26528	3605.2	5250.0	40.140	10.384	14.557	1541.5	-0.043610	1.0689e-05	0.23104	supercritical
388.00	62.000	3.7601	0.26595	3615.6	5264.6	40.178	10.384	14.557	1543.4	-0.043698	1.0708e-05	0.23145	supercritical
389.00	62.000	3.7506	0.26662	3626.1	5279.1	40.215	10.385	14.557	1545.2	-0.043786	1.0727e-05	0.23187	supercritical
390.00	62.000	3.7412	0.26729	3636.5	5293.7	40.252	10.386	14.557	1547.1	-0.043874	1.0745e-05	0.23228	supercritical
391.00	62.000	3.7319	0.26796	3646.9	5308.2	40.290	10.386	14.557	1548.9	-0.043961	1.0764e-05	0.23269	supercritical
392.00	62.000	3.7226	0.26863	3657.3	5322.8	40.327	10.387	14.558	1550.8	-0.044048	1.0783e-05	0.23311	supercritical
393.00	62.000	3.7134	0.26930	3667.7	5337.3	40.364	10.387	14.558	1552.6	-0.044134	1.0802e-05	0.23352	supercritical
394.00	62.000	3.7042	0.26997	3678.1	5351.9	40.401	10.388	14.558	1554.5	-0.044219	1.0820e-05	0.23393	supercritical
395.00	62.000	3.6950	0.27064	3688.5	5366.5	40.438	10.389	14.558	1556.3	-0.044305	1.0839e-05	0.23434	supercritical
396.00	62.000	3.6859	0.27130	3698.9	5381.0	40.475	10.389	14.558	1558.1	-0.044389	1.0858e-05	0.23475	supercritical
397.00	62.000	3.6768	0.27197	3709.3	5395.6	40.511	10.390	14.558	1560.0	-0.044473	1.0877e-05	0.23516	supercritical
398.00	62.000	3.6678	0.27264	3719.8	5410.1	40.548	10.390	14.559	1561.8	-0.044557	1.0895e-05	0.23557	supercritical
399.00	62.000	3.6588	0.27331	3730.2	5424.7	40.585	10.391	14.559	1563.6	-0.044640	1.0914e-05	0.23598	supercritical
400.00	62.000	3.6499	0.27398	3740.6	5439.3	40.621	10.391	14.559	1565.5	-0.044723	1.0933e-05	0.23639	supercritical
401.00	62.000	3.6410	0.27465	3751.0	5453.8	40.657	10.392	14.559	1567.3	-0.044806	1.0951e-05	0.23680	supercritical
402.00	62.000	3.6322	0.27532	3761.4	5468.4	40.694	10.392	14.559	1569.1	-0.044888	1.0970e-05	0.23721	supercritical
403.00	62.000	3.6234	0.27599	3771.8	5482.9	40.730	10.393	14.559	1571.0	-0.044969	1.0989e-05	0.23762	supercritical
404.00	62.000	3.6146	0.27665	3782.2	5497.5	40.766	10.393	14.559	1572.8	-0.045050	1.1007e-05	0.23802	supercritical
405.00	62.000	3.6059	0.27732	3792.7	5512.0	40.802	10.394	14.559	1574.6	-0.045131	1.1026e-05	0.23843	supercritical
406.00	62.000	3.5972	0.27799	3803.1	5526.6	40.838	10.394	14.559	1576.4	-0.045211	1.1045e-05	0.23884	supercritical
407.00	62.000	3.5886	0.27866	3813.5	5541.2	40.874	10.395	14.560	1578.2	-0.045290	1.1063e-05	0.23925	supercritical
408.00	62.000	3.5800	0.27933	3823.9	5555.7	40.909	10.395	14.560	1580.0	-0.045370	1.1082e-05	0.23965	supercritical
409.00	62.000	3.5715	0.28000	3834.3	5570.3	40.945	10.395	14.560	1581.9	-0.045448	1.1100e-05	0.24006	supercritical
410.00	62.000	3.5630	0.28066	3844.7	5584.8	40.981	10.396	14.560	1583.7	-0.045527	1.1119e-05	0.24046	supercritical
411.00	62.000	3.5545	0.28133	3855.1	5599.4	41.016	10.396	14.560	1585.5	-0.045605	1.1137e-05	0.24087	supercritical
412.00	62.000	3.5461	0.28200	3865.6	5614.0	41.051	10.397	14.560	1587.3	-0.045682	1.1156e-05	0.24127	supercritical
413.00	62.000	3.5377	0.28267	3876.0	5628.5	41.087	10.397	14.560	1589.1	-0.045759	1.1175e-05	0.24168	supercritical
414.00	62.000	3.5294	0.28334	3886.4	5643.1	41.122	10.397	14.560	1590.9	-0.045836	1.1193e-05	0.24208	supercritical
415.00	62.000	3.5211	0.28401	3896.8	5657.6	41.157	10.398	14.560	1592.7	-0.045912	1.1212e-05	0.24249	supercritical
416.00	62.000	3.5128	0.28467	3907.2	5672.2	41.192	10.398	14.560	1594.5	-0.045988	1.1230e-05	0.24289	supercritical
417.00	62.000	3.5046	0.28534	3917.6	5686.8	41.227	10.399	14.560	1596.3	-0.046064	1.1249e-05	0.24329	supercritical
418.00	62.000	3.4964	0.28601	3928.1	5701.3	41.262	10.399	14.560	1598.1	-0.046139	1.1267e-05	0.24370	supercritical
419.00	62.000	3.4882	0.28668	3938.5	5715.9	41.297	10.399	14.560	1599.9	-0.046213	1.1285e-05	0.24410	supercritical
420.00	62.000	3.4801	0.28735	3948.9	5730.4	41.331	10.400	14.560	1601.7	-0.046287	1.1304e-05	0.24450	supercritical
421.00	62.000	3.4720	0.28802	3959.3	5745.0	41.366	10.400	14.560	1603.5	-0.046361	1.1322e-05	0.24490	supercritical
422.00	62.000	3.4640	0.28868	3969.7	5759.6	41.401	10.400	14.560	1605.3	-0.046435	1.1341e-05	0.24530	supercritical
423.00	62.000	3.4560	0.28935	3980.1	5774.1	41.435	10.401	14.560	1607.0	-0.046508	1.1359e-05	0.24570	supercritical
424.00	62.000	3.4480	0.29002	3990.6	5788.7	41.469	10.401	14.560	1608.8	-0.046580	1.1378e-05	0.24611	supercritical
425.00	62.000	3.4401	0.29069	4001.0	5803.2	41.504	10.401	14.560	1610.6	-0.046652	1.1396e-05	0.24651	supercritical
426.00	62.000	3.4322	0.29136	4011.4	5817.8	41.538	10.402	14.560	1612.4	-0.046724	1.1414e-05	0.24691	supercritical
427.00	62.000	3.4244	0.29202	4021.8	5832.4	41.572	10.402	14.560	1614.2	-0.046796	1.1433e-05	0.24731	supercritical
428.00	62.000	3.4166	0.29269	4032.2	5846.9	41.606	10.402	14.560	1615.9	-0.046867	1.1451e-05	0.24771	supercritical
429.00	62.000	3.4088	0.29336	4042.7	5861.5	41.640	10.403	14.560	1617.7	-0.046937	1.1469e-05	0.24810	supercritical
430.00	62.000	3.4010	0.29403	4053.1	5876.0	41.674	10.403	14.560	1619.5	-0.047008	1.1488e-05	0.24850	supercritical
431.00	62.000	3.3933	0.29469	4063.5	5890.6	41.708	10.403	14.560	1621.3	-0.047078	1.1506e-05	0.24890	supercritical
432.00	62.000	3.3857	0.29536	4073.9	5905.2	41.742	10.403	14.560	1623.0	-0.047147	1.1524e-05	0.24930	supercritical
433.00	62.000	3.3780	0.29603	4084.3	5919.7	41.775	10.404	14.560	1624.8	-0.047216	1.1543e-05	0.24970	supercritical
434.00	62.000	3.3704	0.29670	4094.8	5934.3	41.809	10.404	14.560	1626.6	-0.047285	1.1561e-05	0.25010	supercritical
435.00	62.000	3.3629	0.29737	4105.2	5948.8	41.842	10.404	14.560	1628.3	-0.047354	1.1579e-05	0.25049	supercritical
436.00	62.000	3.3553	0.29803	4115.6	5963.4	41.876	10.404	14.560	1630.1	-0.047422	1.1597e-05	0.25089	supercritical
437.00	62.000	3.3478	0.29870	4126.0	5978.0	41.909	10.405	14.560	1631.8	-0.047489	1.1616e-05	0.25129	supercritical
438.00	62.000	3.3404	0.29937	4136.4	5992.5	41.942	10.405	14.560	1633.6	-0.047557	1.1634e-05	0.25168	supercritical
439.00	62.000	3.3329	0.30004	4146.9	6007.1	41.976	10.405	14.560	1635.3	-0.047624	1.1652e-05	0.25208	supercritical
440.00	62.000	3.3255	0.30070	4157.3	6021.6	42.009	10.406	14.560	1637.1	-0.047690	1.1670e-05	0.25248	supercritical
441.00	62.000	3.3182	0.30137	4167.7	6036.2	42.042	10.406	14.560	1638.9	-0.047757	1.1689e-05	0.25287	supercritical
442.00	62.000	3.3108	0.30204	4178.1	6050.8	42.075	10.406	14.560	1640.6	-0.047823	1.1707e-05	0.25327	supercritical
443.00	62.000	3.3035	0.30271	4188.5	6065.3	42.108	10.406	14.560	1642.3	-0.047888	1.1725e-05	0.25366	supercritical
444.00	62.000	3.2963	0.30337	4199.0	6079.9	42.141	10.406	14.560	1644.1	-0.047953	1.1743e-05	0.25406	supercritical
445.00	62.000	3.2890	0.30404	4209.4	6094.4	42.173	10.407	14.560	1645.8	-0.048018	1.1761e-05	0.25445	supercritical
446.00	62.000	3.2818	0.30471	4219.8	6109.0	42.206	10.407	14.560	1647.6	-0.048083	1.1780e-05	0.25485	supercritical
447.00	62.000	3.2746	0.30538	4230.2	6123.6	42.239	10.407	14.560	1649.3	-0.048147	1.1798e-05	0.25524	supercritical
448.00	62.000	3.2675	0.30604	4240.6	6138.1	42.271	10.407	14.560	1651.1	-0.048211	1.1816e-05	0.25563	supercritical
449.00	62.000	3.2604	0.30671	4251.1	6152.7	42.304	10.408	14.560	1652.8	-0.048274	1.1834e-05	0.25603	supercritical
450.00	62.000	3.2533	0.30738	4261.5	6167.2	42.336	10.408	14.560	1654.5	-0.048337	1.1852e-05	0.25642	supercritical
451.00	62.000	3.2463	0.30805	4271.9	6181.8	42.368	10.408	14.560	1656.3	-0.048400	1.1870e-05	0.25681	supercritical
452.00	62.000	3.2392	0.30871	4282.3	6196.4	42.401	10.408	14.559	1658.0	-0.048463	1.1888e-05	0.25721	supercritical
453.00	62.000	3.2323	0.30938	4292.8	6210.9	42.433	10.408	14.559	1659.7	-0.048525	1.1906e-05	0.25760	supercritical
454.00	62.000	3.2253	0.31005	4303.2	6225.5	42.465	10.409	14.559	1661.4	-0.048587	1.1924e-05	0.25799	supercritical
455.00	62.000	3.2184	0.31072	4313.6	6240.0	42.497	10.409	14.559	1663.2	-0.048648	1.1942e-05	0.25838	supercritical
456.00	62.000	3.2115	0.31138	4324.0	6254.6	42.529	10.409	14.559	1664.9	-0.048709	1.1961e-05	0.25877	supercritical
457.00	62.000	3.2046	0.31205	4334.4	6269.2	42.561	10.409	14.559	1666.6	-0.048770	1.1979e-05	0.25917	supercritical
458.00	62.000	3.1978	0.31272	4344.9	6283.7	42.593	10.410	14.559	1668.3	-0.048831	1.1997e-05	0.25956	supercritical
459.00	62.000	3.1910	0.31339	4355.3	6298.3	42.624	10.410	14.559	1670.1	-0.048891	1.2015e-05	0.25995	supercritical
460.00	62.000	3.1842	0.31405	4365.7	6312.8	42.656	10.410	14.559	1671.8	-0.048951	1.2033e-05	0.26034	supercritical
461.00	62.000	3.1774	0.31472	4376.1	6327.4	42.688	10.410	14.559	1673.5	-0.049010	1.2051e-05	0.26073	supercritical
462.00	62.000	3.1707	0.31539	4386.6	6342.0	42.719	10.410	14.559	1675.2	-0.049070	1.2069e-05	0.26112	supercritical
463.00	62.000	3.1640	0.31605	4397.0	6356.5	42.751	10.411	14.559	1676.9	-0.049129	1.2087e-05	0.26151	supercritical
464.00	62.000	3.1573	0.31672	4407.4	6371.1	42.782	10.411	14.559	1678.6	-0.049187	1.2105e-05	0.26190	supercritical
465.00	62.000	3.1507	0.31739	4417.8	6385.6	42.813	10.411	14.559	1680.3	-0.049246	1.2123e-05	0.26229	supercritical
466.00	62.000	3.1441	0.31806	4428.2	6400.2	42.845	10.411	14.559	1682.0	-0.049304	1.2140e-05	0.26268	supercritical
467.00	62.000	3.1375	0.31872	4438.7	6414.8	42.876	10.411	14.559	1683.7	-0.049361	1.2158e-05	0.26307	supercritical
468.00	62.000	3.1310	0.31939	4449.1	6429.3	42.907	10.412	14.559	1685.4	-0.049419	1.2176e-05	0.26346	supercritical
469.00	62.000	3.1244	0.32006	4459.5	6443.9	42.938	10.412	14.559	1687.1	-0.049476	1.2194e-05	0.26384	supercritical
470.00	62.000	3.1179	0.32072	4469.9	6458.4	42.969	10.412	14.559	1688.8	-0.049533	1.2212e-05	0.26423	supercritical
471.00	62.000	3.1115	0.32139	4480.4	6473.0	43.000	10.412	14.559	1690.5	-0.049589	1.2230e-05	0.26462	supercritical
472.00	62.000	3.1050	0.32206	4490.8	6487.5	43.031	10.412	14.559	1692.2	-0.049645	1.2248e-05	0.26501	supercritical
473.00	62.000	3.0986	0.32273	4501.2	6502.1	43.062	10.412	14.559	1693.9	-0.049701	1.2266e-05	0.26540	supercritical
474.00	62.000	3.0922	0.32339	4511.6	6516.7	43.092	10.413	14.559	1695.6	-0.049757	1.2284e-05	0.26578	supercritical
475.00	62.000	3.0859	0.32406	4522.1	6531.2	43.123	10.413	14.559	1697.3	-0.049812	1.2302e-05	0.26617	supercritical
476.00	62.000	3.0795	0.32473	4532.5	6545.8	43.154	10.413	14.559	1699.0	-0.049867	1.2319e-05	0.26656	supercritical
477.00	62.000	3.0732	0.32539	4542.9	6560.3	43.184	10.413	14.559	1700.7	-0.049922	1.2337e-05	0.26694	supercritical
478.00	62.000	3.0669	0.32606	4553.3	6574.9	43.215	10.413	14.559	1702.4	-0.049977	1.2355e-05	0.26733	supercritical
479.00	62.000	3.0607	0.32673	4563.7	6589.5	43.245	10.414	14.559	1704.1	-0.050031	1.2373e-05	0.26772	supercritical
480.00	62.000	3.0544	0.32739	4574.2	6604.0	43.276	10.414	14.559	1705.7	-0.050085	1.2391e-05	0.26810	supercritical
481.00	62.000	3.0482	0.32806	4584.6	6618.6	43.306	10.414	14.559	1707.4	-0.050138	1.2408e-05	0.26849	supercritical
482.00	62.000	3.0420	0.32873	4595.0	6633.1	43.336	10.414	14.559	1709.1	-0.050192	1.2426e-05	0.26888	supercritical
483.00	62.000	3.0359	0.32939	4605.4	6647.7	43.366	10.414	14.559	1710.8	-0.050245	1.2444e-05	0.26926	supercritical
484.00	62.000	3.0297	0.33006	4615.9	6662.3	43.396	10.415	14.559	1712.4	-0.050298	1.2462e-05	0.26965	supercritical
485.00	62.000	3.0236	0.33073	4626.3	6676.8	43.426	10.415	14.559	1714.1	-0.050350	1.2480e-05	0.27003	supercritical
486.00	62.000	3.0175	0.33140	4636.7	6691.4	43.456	10.415	14.559	1715.8	-0.050402	1.2497e-05	0.27042	supercritical
487.00	62.000	3.0115	0.33206	4647.1	6705.9	43.486	10.415	14.559	1717.5	-0.050454	1.2515e-05	0.27080	supercritical
488.00	62.000	3.0055	0.33273	4657.6	6720.5	43.516	10.415	14.559	1719.1	-0.050506	1.2533e-05	0.27119	supercritical
489.00	62.000	2.9994	0.33340	4668.0	6735.0	43.546	10.416	14.559	1720.8	-0.050557	1.2551e-05	0.27157	supercritical
490.00	62.000	2.9935	0.33406	4678.4	6749.6	43.576	10.416	14.559	1722.5	-0.050608	1.2568e-05	0.27196	supercritical
491.00	62.000	2.9875	0.33473	4688.8	6764.2	43.605	10.416	14.559	1724.1	-0.050659	1.2586e-05	0.27234	supercritical
492.00	62.000	2.9816	0.33540	4699.3	6778.7	43.635	10.416	14.559	1725.8	-0.050710	1.2604e-05	0.27272	supercritical
493.00	62.000	2.9756	0.33606	4709.7	6793.3	43.665	10.416	14.559	1727.4	-0.050760	1.2621e-05	0.27311	supercritical
494.00	62.000	2.9697	0.33673	4720.1	6807.8	43.694	10.416	14.559	1729.1	-0.050810	1.2639e-05	0.27349	supercritical
495.00	62.000	2.9639	0.33740	4730.5	6822.4	43.724	10.417	14.559	1730.7	-0.050860	1.2657e-05	0.27388	supercritical
496.00	62.000	2.9580	0.33806	4741.0	6837.0	43.753	10.417	14.559	1732.4	-0.050910	1.2674e-05	0.27426	supercritical
497.00	62.000	2.9522	0.33873	4751.4	6851.5	43.782	10.417	14.559	1734.1	-0.050959	1.2692e-05	0.27464	supercritical
498.00	62.000	2.9464	0.33940	4761.8	6866.1	43.812	10.417	14.559	1735.7	-0.051008	1.2710e-05	0.27502	supercritical
499.00	62.000	2.9406	0.34006	4772.2	6880.6	43.841	10.417	14.559	1737.4	-0.051057	1.2727e-05	0.27541	supercritical
500.00	62.000	2.9349	0.34073	4782.7	6895.2	43.870	10.418	14.559	1739.0	-0.051105	1.2745e-05	0.27579	supercritical
501.00	62.000	2.9292	0.34140	4793.1	6909.7	43.899	10.418	14.559	1740.7	-0.051154	1.2762e-05	0.27617	supercritical
502.00	62.000	2.9234	0.34206	4803.5	6924.3	43.928	10.418	14.559	1742.3	-0.051202	1.2780e-05	0.27655	supercritical
503.00	62.000	2.9178	0.34273	4813.9	6938.9	43.957	10.418	14.559	1743.9	-0.051250	1.2798e-05	0.27694	supercritical
504.00	62.000	2.9121	0.34339	4824.4	6953.4	43.986	10.419	14.559	1745.6	-0.051297	1.2815e-05	0.27732	supercritical
505.00	62.000	2.9065	0.34406	4834.8	6968.0	44.015	10.419	14.559	1747.2	-0.051344	1.2833e-05	0.27770	supercritical
506.00	62.000	2.9008	0.34473	4845.2	6982.5	44.044	10.419	14.559	1748.9	-0.051391	1.2850e-05	0.27808	supercritical
507.00	62.000	2.8952	0.34539	4855.7	6997.1	44.072	10.419	14.559	1750.5	-0.051438	1.2868e-05	0.27846	supercritical
508.00	62.000	2.8897	0.34606	4866.1	7011.7	44.101	10.419	14.559	1752.1	-0.051485	1.2886e-05	0.27884	supercritical
509.00	62.000	2.8841	0.34673	4876.5	7026.2	44.130	10.420	14.559	1753.8	-0.051531	1.2903e-05	0.27923	supercritical
510.00	62.000	2.8786	0.34739	4886.9	7040.8	44.158	10.420	14.559	1755.4	-0.051577	1.2921e-05	0.27961	supercritical
511.00	62.000	2.8731	0.34806	4897.4	7055.3	44.187	10.420	14.559	1757.0	-0.051623	1.2938e-05	0.27999	supercritical
512.00	62.000	2.8676	0.34873	4907.8	7069.9	44.215	10.420	14.559	1758.7	-0.051668	1.2956e-05	0.28037	supercritical
513.00	62.000	2.8621	0.34939	4918.2	7084.5	44.244	10.420	14.559	1760.3	-0.051714	1.2973e-05	0.28075	supercritical
514.00	62.000	2.8567	0.35006	4928.6	7099.0	44.272	10.421	14.559	1761.9	-0.051759	1.2991e-05	0.28113	supercritical
515.00	62.000	2.8512	0.35073	4939.1	7113.6	44.300	10.421	14.559	1763.5	-0.051804	1.3008e-05	0.28151	supercritical
516.00	62.000	2.8458	0.35139	4949.5	7128.1	44.328	10.421	14.559	1765.2	-0.051848	1.3026e-05	0.28189	supercritical
517.00	62.000	2.8404	0.35206	4959.9	7142.7	44.357	10.421	14.560	1766.8	-0.051893	1.3043e-05	0.28227	supercritical
518.00	62.000	2.8351	0.35272	4970.4	7157.3	44.385	10.422	14.560	1768.4	-0.051937	1.3060e-05	0.28265	supercritical
519.00	62.000	2.8297	0.35339	4980.8	7171.8	44.413	10.422	14.560	1770.0	-0.051981	1.3078e-05	0.28303	supercritical
520.00	62.000	2.8244	0.35406	4991.2	7186.4	44.441	10.422	14.560	1771.6	-0.052025	1.3095e-05	0.28341	supercritical
521.00	62.000	2.8191	0.35472	5001.6	7200.9	44.469	10.422	14.560	1773.2	-0.052068	1.3113e-05	0.28379	supercritical
522.00	62.000	2.8138	0.35539	5012.1	7215.5	44.497	10.423	14.560	1774.9	-0.052111	1.3130e-05	0.28417	supercritical
523.00	62.000	2.8085	0.35606	5022.5	7230.1	44.525	10.423	14.560	1776.5	-0.052154	1.3148e-05	0.28455	supercritical
524.00	62.000	2.8033	0.35672	5032.9	7244.6	44.552	10.423	14.560	1778.1	-0.052197	1.3165e-05	0.28493	supercritical
525.00	62.000	2.7981	0.35739	5043.4	7259.2	44.580	10.423	14.560	1779.7	-0.052240	1.3182e-05	0.28530	supercritical
526.00	62.000	2.7929	0.35806	5053.8	7273.7	44.608	10.424	14.560	1781.3	-0.052282	1.3200e-05	0.28568	supercritical
527.00	62.000	2.7877	0.35872	5064.2	7288.3	44.636	10.424	14.560	1782.9	-0.052324	1.3217e-05	0.28606	supercritical
528.00	62.000	2.7825	0.35939	5074.6	7302.9	44.663	10.424	14.561	1784.5	-0.052366	1.3235e-05	0.28644	supercritical
529.00	62.000	2.7774	0.36005	5085.1	7317.4	44.691	10.424	14.561	1786.1	-0.052408	1.3252e-05	0.28682	supercritical
530.00	62.000	2.7722	0.36072	5095.5	7332.0	44.718	10.425	14.561	1787.7	-0.052449	1.3269e-05	0.28720	supercritical
531.00	62.000	2.7671	0.36139	5105.9	7346.5	44.746	10.425	14.561	1789.3	-0.052491	1.3287e-05	0.28758	supercritical
532.00	62.000	2.7620	0.36205	5116.4	7361.1	44.773	10.425	14.561	1790.9	-0.052532	1.3304e-05	0.28795	supercritical
533.00	62.000	2.7570	0.36272	5126.8	7375.7	44.800	10.425	14.561	1792.5	-0.052573	1.3321e-05	0.28833	supercritical
534.00	62.000	2.7519	0.36338	5137.2	7390.2	44.828	10.426	14.561	1794.1	-0.052613	1.3339e-05	0.28871	supercritical
535.00	62.000	2.7469	0.36405	5147.7	7404.8	44.855	10.426	14.561	1795.7	-0.052654	1.3356e-05	0.28909	supercritical
536.00	62.000	2.7419	0.36472	5158.1	7419.3	44.882	10.426	14.561	1797.3	-0.052694	1.3373e-05	0.28946	supercritical
537.00	62.000	2.7369	0.36538	5168.5	7433.9	44.909	10.426	14.562	1798.9	-0.052734	1.3390e-05	0.28984	supercritical
538.00	62.000	2.7319	0.36605	5179.0	7448.5	44.936	10.427	14.562	1800.4	-0.052774	1.3408e-05	0.29022	supercritical
539.00	62.000	2.7269	0.36672	5189.4	7463.0	44.963	10.427	14.562	1802.0	-0.052813	1.3425e-05	0.29060	supercritical
540.00	62.000	2.7220	0.36738	5199.8	7477.6	44.990	10.427	14.562	1803.6	-0.052853	1.3442e-05	0.29097	supercritical
541.00	62.000	2.7170	0.36805	5210.3	7492.1	45.017	10.428	14.562	1805.2	-0.052892	1.3460e-05	0.29135	supercritical
542.00	62.000	2.7121	0.36871	5220.7	7506.7	45.044	10.428	14.562	1806.8	-0.052931	1.3477e-05	0.29173	supercritical
543.00	62.000	2.7072	0.36938	5231.1	7521.3	45.071	10.428	14.563	1808.4	-0.052969	1.3494e-05	0.29210	supercritical
544.00	62.000	2.7024	0.37005	5241.6	7535.8	45.098	10.428	14.563	1809.9	-0.053008	1.3511e-05	0.29248	supercritical
545.00	62.000	2.6975	0.37071	5252.0	7550.4	45.125	10.429	14.563	1811.5	-0.053046	1.3529e-05	0.29286	supercritical
546.00	62.000	2.6927	0.37138	5262.4	7565.0	45.151	10.429	14.563	1813.1	-0.053084	1.3546e-05	0.29323	supercritical
547.00	62.000	2.6879	0.37204	5272.9	7579.5	45.178	10.429	14.563	1814.7	-0.053122	1.3563e-05	0.29361	supercritical
548.00	62.000	2.6831	0.37271	5283.3	7594.1	45.205	10.430	14.563	1816.2	-0.053160	1.3580e-05	0.29399	supercritical
549.00	62.000	2.6783	0.37338	5293.7	7608.7	45.231	10.430	14.564	1817.8	-0.053198	1.3597e-05	0.29436	supercritical
550.00	62.000	2.6735	0.37404	5304.2	7623.2	45.258	10.430	14.564	1819.4	-0.053235	1.3615e-05	0.29474	supercritical
551.00	62.000	2.6687	0.37471	5314.6	7637.8	45.284	10.431	14.564	1821.0	-0.053272	1.3632e-05	0.29511	supercritical
552.00	62.000	2.6640	0.37537	5325.0	7652.3	45.311	10.431	14.564	1822.5	-0.053309	1.3649e-05	0.29549	supercritical
553.00	62.000	2.6593	0.37604	5335.5	7666.9	45.337	10.431	14.564	1824.1	-0.053346	1.3666e-05	0.29587	supercritical
554.00	62.000	2.6546	0.37671	5345.9	7681.5	45.363	10.431	14.564	1825.7	-0.053382	1.3683e-05	0.29624	supercritical
555.00	62.000	2.6499	0.37737	5356.3	7696.0	45.389	10.432	14.565	1827.2	-0.053419	1.3700e-05	0.29662	supercritical
556.00	62.000	2.6452	0.37804	5366.8	7710.6	45.416	10.432	14.565	1828.8	-0.053455	1.3717e-05	0.29699	supercritical
557.00	62.000	2.6406	0.37870	5377.2	7725.2	45.442	10.432	14.565	1830.3	-0.053491	1.3735e-05	0.29737	supercritical
558.00	62.000	2.6360	0.37937	5387.6	7739.7	45.468	10.433	14.565	1831.9	-0.053527	1.3752e-05	0.29774	supercritical
559.00	62.000	2.6313	0.38003	5398.1	7754.3	45.494	10.433	14.565	1833.5	-0.053562	1.3769e-05	0.29812	supercritical
560.00	62.000	2.6267	0.38070	5408.5	7768.9	45.520	10.433	14.566	1835.0	-0.053598	1.3786e-05	0.29849	supercritical
561.00	62.000	2.6221	0.38137	5419.0	7783.4	45.546	10.434	14.566	1836.6	-0.053633	1.3803e-05	0.29887	supercritical
562.00	62.000	2.6176	0.38203	5429.4	7798.0	45.572	10.434	14.566	1838.1	-0.053668	1.3820e-05	0.29924	supercritical
563.00	62.000	2.6130	0.38270	5439.8	7812.6	45.598	10.434	14.566	1839.7	-0.053703	1.3837e-05	0.29962	supercritical
564.00	62.000	2.6085	0.38336	5450.3	7827.1	45.624	10.435	14.567	1841.2	-0.053738	1.3854e-05	0.29999	supercritical
565.00	62.000	2.6040	0.38403	5460.7	7841.7	45.650	10.435	14.567	1842.8	-0.053772	1.3871e-05	0.30037	supercritical
566.00	62.000	2.5995	0.38470	5471.1	7856.3	45.675	10.435	14.567	1844.3	-0.053807	1.3888e-05	0.30074	supercritical
567.00	62.000	2.5950	0.38536	5481.6	7870.8	45.701	10.436	14.567	1845.9	-0.053841	1.3905e-05	0.30112	supercritical
568.00	62.000	2.5905	0.38603	5492.0	7885.4	45.727	10.436	14.568	1847.4	-0.053875	1.3922e-05	0.30149	supercritical
569.00	62.000	2.5860	0.38669	5502.5	7900.0	45.752	10.437	14.568	1849.0	-0.053908	1.3939e-05	0.30186	supercritical
570.00	62.000	2.5816	0.38736	5512.9	7914.5	45.778	10.437	14.568	1850.5	-0.053942	1.3956e-05	0.30224	supercritical
571.00	62.000	2.5772	0.38803	5523.3	7929.1	45.803	10.437	14.568	1852.0	-0.053975	1.3973e-05	0.30261	supercritical
572.00	62.000	2.5727	0.38869	5533.8	7943.7	45.829	10.438	14.569	1853.6	-0.054009	1.3991e-05	0.30299	supercritical
573.00	62.000	2.5683	0.38936	5544.2	7958.2	45.854	10.438	14.569	1855.1	-0.054042	1.4008e-05	0.30336	supercritical
574.00	62.000	2.5640	0.39002	5554.7	7972.8	45.880	10.438	14.569	1856.6	-0.054075	1.4024e-05	0.30374	supercritical
575.00	62.000	2.5596	0.39069	5565.1	7987.4	45.905	10.439	14.569	1858.2	-0.054107	1.4041e-05	0.30411	supercritical
576.00	62.000	2.5552	0.39135	5575.5	8001.9	45.930	10.439	14.570	1859.7	-0.054140	1.4058e-05	0.30448	supercritical
577.00	62.000	2.5509	0.39202	5586.0	8016.5	45.956	10.439	14.570	1861.2	-0.054172	1.4075e-05	0.30486	supercritical
578.00	62.000	2.5466	0.39269	5596.4	8031.1	45.981	10.440	14.570	1862.8	-0.054205	1.4092e-05	0.30523	supercritical
579.00	62.000	2.5423	0.39335	5606.9	8045.7	46.006	10.440	14.570	1864.3	-0.054237	1.4109e-05	0.30560	supercritical
580.00	62.000	2.5380	0.39402	5617.3	8060.2	46.031	10.441	14.571	1865.8	-0.054268	1.4126e-05	0.30598	supercritical
581.00	62.000	2.5337	0.39468	5627.8	8074.8	46.056	10.441	14.571	1867.4	-0.054300	1.4143e-05	0.30635	supercritical
582.00	62.000	2.5294	0.39535	5638.2	8089.4	46.081	10.441	14.571	1868.9	-0.054332	1.4160e-05	0.30672	supercritical
583.00	62.000	2.5252	0.39601	5648.7	8103.9	46.106	10.442	14.572	1870.4	-0.054363	1.4177e-05	0.30710	supercritical
584.00	62.000	2.5209	0.39668	5659.1	8118.5	46.131	10.442	14.572	1871.9	-0.054394	1.4194e-05	0.30747	supercritical
585.00	62.000	2.5167	0.39735	5669.5	8133.1	46.156	10.443	14.572	1873.5	-0.054425	1.4211e-05	0.30784	supercritical
586.00	62.000	2.5125	0.39801	5680.0	8147.7	46.181	10.443	14.573	1875.0	-0.054456	1.4228e-05	0.30822	supercritical
587.00	62.000	2.5083	0.39868	5690.4	8162.2	46.206	10.443	14.573	1876.5	-0.054487	1.4245e-05	0.30859	supercritical
588.00	62.000	2.5041	0.39934	5700.9	8176.8	46.231	10.444	14.573	1878.0	-0.054517	1.4262e-05	0.30896	supercritical
589.00	62.000	2.5000	0.40001	5711.3	8191.4	46.256	10.444	14.573	1879.5	-0.054548	1.4278e-05	0.30934	supercritical
590.00	62.000	2.4958	0.40067	5721.8	8205.9	46.280	10.445	14.574	1881.0	-0.054578	1.4295e-05	0.30971	supercritical
591.00	62.000	2.4917	0.40134	5732.2	8220.5	46.305	10.445	14.574	1882.6	-0.054608	1.4312e-05	0.31008	supercritical
592.00	62.000	2.4875	0.40200	5742.7	8235.1	46.330	10.446	14.574	1884.1	-0.054638	1.4329e-05	0.31046	supercritical
593.00	62.000	2.4834	0.40267	5753.1	8249.7	46.354	10.446	14.575	1885.6	-0.054668	1.4346e-05	0.31083	supercritical
594.00	62.000	2.4793	0.40334	5763.6	8264.2	46.379	10.446	14.575	1887.1	-0.054697	1.4363e-05	0.31120	supercritical
595.00	62.000	2.4752	0.40400	5774.0	8278.8	46.403	10.447	14.575	1888.6	-0.054727	1.4380e-05	0.31157	supercritical
596.00	62.000	2.4712	0.40467	5784.5	8293.4	46.428	10.447	14.576	1890.1	-0.054756	1.4396e-05	0.31195	supercritical
597.00	62.000	2.4671	0.40533	5794.9	8308.0	46.452	10.448	14.576	1891.6	-0.054785	1.4413e-05	0.31232	supercritical
598.00	62.000	2.4631	0.40600	5805.4	8322.5	46.477	10.448	14.577	1893.1	-0.054814	1.4430e-05	0.31269	supercritical
599.00	62.000	2.4590	0.40666	5815.8	8337.1	46.501	10.449	14.577	1894.6	-0.054843	1.4447e-05	0.31306	supercritical
600.00	62.000	2.4550	0.40733	5826.3	8351.7	46.525	10.449	14.577	1896.1	-0.054871	1.4464e-05	0.31344	supercritical
601.00	62.000	2.4510	0.40799	5836.7	8366.3	46.550	10.450	14.578	1897.6	-0.054900	1.4480e-05	0.31381	supercritical
602.00	62.000	2.4470	0.40866	5847.2	8380.9	46.574	10.450	14.578	1899.1	-0.054928	1.4497e-05	0.31418	supercritical
603.00	62.000	2.4430	0.40933	5857.6	8395.4	46.598	10.450	14.578	1900.6	-0.054956	1.4514e-05	0.31455	supercritical
604.00	62.000	2.4391	0.40999	5868.1	8410.0	46.622	10.451	14.579	1902.1	-0.054984	1.4531e-05	0.31493	supercritical
605.00	62.000	2.4351	0.41066	5878.5	8424.6	46.646	10.451	14.579	1903.6	-0.055012	1.4547e-05	0.31530	supercritical
606.00	62.000	2.4312	0.41132	5889.0	8439.2	46.670	10.452	14.579	1905.1	-0.055040	1.4564e-05	0.31567	supercritical
607.00	62.000	2.4273	0.41199	5899.4	8453.8	46.694	10.452	14.580	1906.6	-0.055067	1.4581e-05	0.31604	supercritical
608.00	62.000	2.4233	0.41265	5909.9	8468.3	46.718	10.453	14.580	1908.1	-0.055095	1.4598e-05	0.31641	supercritical
609.00	62.000	2.4194	0.41332	5920.3	8482.9	46.742	10.453	14.581	1909.6	-0.055122	1.4614e-05	0.31679	supercritical
610.00	62.000	2.4155	0.41398	5930.8	8497.5	46.766	10.454	14.581	1911.1	-0.055149	1.4631e-05	0.31716	supercritical
611.00	62.000	2.4117	0.41465	5941.2	8512.1	46.790	10.454	14.581	1912.5	-0.055176	1.4648e-05	0.31753	supercritical
612.00	62.000	2.4078	0.41532	5951.7	8526.7	46.814	10.455	14.582	1914.0	-0.055203	1.4665e-05	0.31790	supercritical
613.00	62.000	2.4040	0.41598	5962.2	8541.2	46.838	10.455	14.582	1915.5	-0.055230	1.4681e-05	0.31827	supercritical
