Temperature (K)	Pressure (bar)	Density (kg/m3)	Volume (m3/kg)	Internal Energy (kJ/kg)	Enthalpy (kJ/kg)	Entropy (J/g*K)	Cv (J/g*K)	Cp (J/g*K)	Sound Spd. (m/s)	Joule-Thomson (K/bar)	Viscosity (Pa*s)	Therm. Cond. (W/m*K)	Phase
16.000	63.000	80.147	0.012477	-49.280	29.325	-2.8573	5.3020	6.9240	1424.8	-0.15691	2.9094e-05	0.10621	liquid
17.000	63.000	79.489	0.012580	-42.874	36.382	-2.4296	5.3888	7.1920	1411.5	-0.14985	2.6234e-05	0.10808	liquid
18.000	63.000	78.807	0.012689	-36.228	43.714	-2.0106	5.4762	7.4747	1397.6	-0.14285	2.3851e-05	0.10974	liquid
19.000	63.000	78.100	0.012804	-29.331	51.334	-1.5987	5.5608	7.7672	1383.0	-0.13600	2.1838e-05	0.11120	liquid
20.000	63.000	77.368	0.012925	-22.177	59.252	-1.1926	5.6425	8.0687	1367.9	-0.12934	2.0115e-05	0.11247	liquid
21.000	63.000	76.610	0.013053	-14.760	67.475	-0.79149	5.7215	8.3792	1352.0	-0.12284	1.8628e-05	0.11354	liquid
22.000	63.000	75.825	0.013188	-7.0727	76.013	-0.39435	5.7980	8.6988	1335.5	-0.11648	1.7332e-05	0.11442	liquid
23.000	63.000	75.013	0.013331	0.88988	84.876	-0.00045449	5.8718	9.0276	1318.3	-0.11025	1.6194e-05	0.11512	liquid
24.000	63.000	74.172	0.013482	9.1338	94.071	0.39087	5.9426	9.3656	1300.5	-0.10412	1.5187e-05	0.11564	liquid
25.000	63.000	73.302	0.013642	17.664	103.61	0.78020	6.0102	9.7130	1282.0	-0.098079	1.4290e-05	0.11600	liquid
26.000	63.000	72.403	0.013812	26.487	113.50	1.1681	6.0740	10.070	1263.0	-0.092089	1.3487e-05	0.11618	liquid
27.000	63.000	71.472	0.013992	35.606	123.75	1.5550	6.1340	10.437	1243.3	-0.086125	1.2762e-05	0.11621	liquid
28.000	63.000	70.509	0.014183	45.027	134.38	1.9413	6.1900	10.814	1223.1	-0.080155	1.2105e-05	0.11609	liquid
29.000	63.000	69.513	0.014386	54.754	145.38	2.3275	6.2418	11.203	1202.4	-0.074147	1.1506e-05	0.11583	liquid
30.000	63.000	68.483	0.014602	64.792	156.79	2.7140	6.2894	11.603	1181.1	-0.068065	1.0957e-05	0.11543	liquid
31.000	63.000	67.416	0.014833	75.146	168.60	3.1012	6.3331	12.017	1159.3	-0.061874	1.0452e-05	0.11489	liquid
32.000	63.000	66.313	0.015080	85.821	180.82	3.4894	6.3728	12.444	1137.1	-0.055539	9.9839e-06	0.11423	liquid
33.000	63.000	65.171	0.015344	96.820	193.49	3.8791	6.4088	12.887	1114.5	-0.049023	9.5489e-06	0.11345	liquid
34.000	63.000	63.989	0.015628	108.15	206.60	4.2706	6.4413	13.345	1091.5	-0.042294	9.1427e-06	0.11256	supercritical
35.000	63.000	62.766	0.015932	119.81	220.18	4.6642	6.4707	13.818	1068.3	-0.035318	8.7622e-06	0.11160	supercritical
36.000	63.000	61.501	0.016260	131.81	234.24	5.0603	6.4971	14.306	1044.8	-0.028068	8.4044e-06	0.11054	supercritical
37.000	63.000	60.193	0.016613	144.14	248.80	5.4591	6.5210	14.808	1021.3	-0.020523	8.0670e-06	0.10938	supercritical
38.000	63.000	58.842	0.016995	156.80	263.86	5.8608	6.5427	15.321	997.81	-0.012669	7.7482e-06	0.10813	supercritical
39.000	63.000	57.450	0.017406	169.79	279.45	6.2654	6.5624	15.841	974.53	-0.0045038	7.4464e-06	0.10679	supercritical
40.000	63.000	56.018	0.017851	183.08	295.55	6.6731	6.5806	16.360	951.64	0.0039600	7.1607e-06	0.10537	supercritical
41.000	63.000	54.549	0.018332	196.67	312.16	7.0833	6.5975	16.872	929.33	0.012693	6.8903e-06	0.10386	supercritical
42.000	63.000	53.048	0.018851	210.52	329.28	7.4959	6.6133	17.364	907.82	0.021648	6.6347e-06	0.10229	supercritical
43.000	63.000	51.522	0.019409	224.60	346.88	7.9099	6.6281	17.826	887.33	0.030755	6.3938e-06	0.10065	supercritical
44.000	63.000	49.978	0.020009	238.86	364.92	8.3246	6.6419	18.243	868.08	0.039926	6.1675e-06	0.098961	supercritical
45.000	63.000	48.426	0.020650	253.25	383.35	8.7388	6.6546	18.604	850.26	0.049060	5.9561e-06	0.097226	supercritical
46.000	63.000	46.878	0.021332	267.71	402.10	9.1510	6.6662	18.896	834.02	0.058043	5.7597e-06	0.095459	supercritical
47.000	63.000	45.344	0.022054	282.18	421.12	9.5598	6.6764	19.114	819.48	0.066759	5.5783e-06	0.093669	supercritical
48.000	63.000	43.836	0.022813	296.59	440.31	9.9638	6.6850	19.251	806.69	0.075099	5.4121e-06	0.091858	supercritical
49.000	63.000	42.363	0.023605	310.88	459.59	10.361	6.6920	19.308	795.64	0.082961	5.2607e-06	0.089997	supercritical
50.000	63.000	40.936	0.024428	325.00	478.90	10.752	6.6971	19.290	786.29	0.090262	5.1238e-06	0.087905	supercritical
51.000	63.000	39.561	0.025278	338.90	498.15	11.133	6.7006	19.205	778.55	0.096938	5.0008e-06	0.086428	supercritical
52.000	63.000	38.243	0.026148	352.55	517.29	11.504	6.7025	19.060	772.29	0.10295	4.8910e-06	0.085048	supercritical
53.000	63.000	36.987	0.027037	365.92	536.25	11.866	6.7030	18.868	767.39	0.10827	4.7935e-06	0.083771	supercritical
54.000	63.000	35.793	0.027938	379.00	555.01	12.216	6.7025	18.640	763.70	0.11289	4.7075e-06	0.082599	supercritical
55.000	63.000	34.663	0.028850	391.77	573.53	12.556	6.7011	18.385	761.08	0.11685	4.6320e-06	0.081534	supercritical
56.000	63.000	33.594	0.029767	404.24	591.78	12.885	6.6993	18.113	759.40	0.12015	4.5660e-06	0.080573	supercritical
57.000	63.000	32.585	0.030689	416.41	609.75	13.203	6.6972	17.832	758.54	0.12285	4.5086e-06	0.079713	supercritical
58.000	63.000	31.633	0.031612	428.28	627.44	13.511	6.6951	17.549	758.38	0.12498	4.4589e-06	0.078950	supercritical
59.000	63.000	30.736	0.032535	439.88	644.85	13.808	6.6933	17.268	758.82	0.12659	4.4162e-06	0.078277	supercritical
60.000	63.000	29.890	0.033456	451.21	661.98	14.096	6.6918	16.992	759.78	0.12774	4.3798e-06	0.077688	supercritical
61.000	63.000	29.092	0.034373	462.28	678.83	14.375	6.6909	16.726	761.18	0.12848	4.3489e-06	0.077179	supercritical
62.000	63.000	28.339	0.035287	473.12	695.43	14.645	6.6906	16.471	762.95	0.12884	4.3229e-06	0.076743	supercritical
63.000	63.000	27.627	0.036196	483.75	711.78	14.906	6.6911	16.227	765.04	0.12888	4.3014e-06	0.076373	supercritical
64.000	63.000	26.954	0.037100	494.16	727.89	15.160	6.6923	15.996	767.39	0.12862	4.2839e-06	0.076066	supercritical
65.000	63.000	26.317	0.037998	504.39	743.78	15.406	6.6944	15.777	769.96	0.12812	4.2699e-06	0.075816	supercritical
66.000	63.000	25.713	0.038891	514.44	759.45	15.646	6.6974	15.571	772.72	0.12740	4.2591e-06	0.075618	supercritical
67.000	63.000	25.140	0.039778	524.32	774.92	15.878	6.7013	15.377	775.63	0.12650	4.2512e-06	0.075468	supercritical
68.000	63.000	24.595	0.040659	534.06	790.21	16.105	6.7062	15.195	778.67	0.12543	4.2459e-06	0.075363	supercritical
69.000	63.000	24.077	0.041534	543.65	805.32	16.325	6.7119	15.025	781.82	0.12422	4.2428e-06	0.075298	supercritical
70.000	63.000	23.583	0.042404	553.12	820.26	16.540	6.7186	14.865	785.06	0.12289	4.2419e-06	0.075271	supercritical
71.000	63.000	23.112	0.043268	562.46	835.05	16.750	6.7263	14.716	788.36	0.12146	4.2429e-06	0.075279	supercritical
72.000	63.000	22.662	0.044126	571.70	849.70	16.955	6.7348	14.576	791.72	0.11994	4.2456e-06	0.075319	supercritical
73.000	63.000	22.233	0.044979	580.84	864.21	17.155	6.7443	14.446	795.13	0.11835	4.2498e-06	0.075388	supercritical
74.000	63.000	21.821	0.045827	589.88	878.59	17.351	6.7546	14.324	798.57	0.11670	4.2555e-06	0.075485	supercritical
75.000	63.000	21.427	0.046669	598.84	892.86	17.542	6.7659	14.210	802.03	0.11500	4.2624e-06	0.075608	supercritical
76.000	63.000	21.049	0.047507	607.72	907.01	17.730	6.7780	14.104	805.51	0.11326	4.2706e-06	0.075755	supercritical
77.000	63.000	20.687	0.048340	616.52	921.07	17.914	6.7909	14.005	809.01	0.11148	4.2798e-06	0.075924	supercritical
78.000	63.000	20.338	0.049168	625.26	935.02	18.094	6.8047	13.913	812.51	0.10968	4.2901e-06	0.076113	supercritical
79.000	63.000	20.003	0.049992	633.94	948.89	18.270	6.8192	13.827	816.01	0.10787	4.3012e-06	0.076323	supercritical
80.000	63.000	19.681	0.050812	642.57	962.68	18.444	6.8345	13.746	819.50	0.10603	4.3132e-06	0.076550	supercritical
81.000	63.000	19.370	0.051627	651.14	976.39	18.614	6.8506	13.672	822.99	0.10419	4.3259e-06	0.076795	supercritical
82.000	63.000	19.070	0.052438	659.66	990.02	18.781	6.8674	13.602	826.48	0.10234	4.3394e-06	0.077057	supercritical
83.000	63.000	18.781	0.053245	668.15	1003.6	18.946	6.8849	13.538	829.95	0.10049	4.3535e-06	0.077333	supercritical
84.000	63.000	18.502	0.054049	676.59	1017.1	19.108	6.9031	13.478	833.40	0.098648	4.3683e-06	0.077624	supercritical
85.000	63.000	18.232	0.054849	685.00	1030.6	19.267	6.9219	13.422	836.84	0.096806	4.3836e-06	0.077929	supercritical
86.000	63.000	17.971	0.055645	693.38	1043.9	19.423	6.9414	13.371	840.27	0.094972	4.3994e-06	0.078247	supercritical
87.000	63.000	17.718	0.056438	701.73	1057.3	19.578	6.9614	13.323	843.68	0.093147	4.4157e-06	0.078577	supercritical
88.000	63.000	17.474	0.057228	710.06	1070.6	19.730	6.9821	13.279	847.07	0.091334	4.4324e-06	0.078919	supercritical
89.000	63.000	17.237	0.058015	718.36	1083.9	19.880	7.0032	13.238	850.44	0.089534	4.4496e-06	0.079272	supercritical
90.000	63.000	17.007	0.058798	726.64	1097.1	20.027	7.0249	13.201	853.79	0.087749	4.4672e-06	0.079636	supercritical
91.000	63.000	16.785	0.059579	734.91	1110.3	20.173	7.0471	13.166	857.12	0.085979	4.4851e-06	0.080011	supercritical
92.000	63.000	16.568	0.060356	743.16	1123.4	20.317	7.0698	13.135	860.44	0.084227	4.5034e-06	0.080395	supercritical
93.000	63.000	16.358	0.061131	751.40	1136.5	20.459	7.0929	13.106	863.73	0.082492	4.5219e-06	0.080788	supercritical
94.000	63.000	16.154	0.061904	759.63	1149.6	20.599	7.1164	13.079	867.00	0.080777	4.5408e-06	0.081191	supercritical
95.000	63.000	15.956	0.062673	767.84	1162.7	20.737	7.1403	13.055	870.26	0.079081	4.5599e-06	0.081602	supercritical
96.000	63.000	15.763	0.063440	776.05	1175.7	20.873	7.1647	13.034	873.49	0.077405	4.5793e-06	0.082022	supercritical
97.000	63.000	15.575	0.064205	784.26	1188.8	21.008	7.1893	13.014	876.70	0.075749	4.5990e-06	0.082449	supercritical
98.000	63.000	15.392	0.064968	792.46	1201.8	21.142	7.2143	12.996	879.90	0.074115	4.6188e-06	0.082884	supercritical
99.000	63.000	15.214	0.065728	800.66	1214.7	21.274	7.2396	12.981	883.07	0.072502	4.6389e-06	0.083327	supercritical
100.00	63.000	15.041	0.066486	808.86	1227.7	21.404	7.2652	12.967	886.23	0.070911	4.6592e-06	0.083777	supercritical
101.00	63.000	14.872	0.067241	817.06	1240.7	21.533	7.2910	12.955	889.37	0.069341	4.6796e-06	0.084233	supercritical
102.00	63.000	14.707	0.067995	825.26	1253.6	21.661	7.3171	12.944	892.49	0.067793	4.7003e-06	0.084697	supercritical
103.00	63.000	14.546	0.068747	833.47	1266.6	21.787	7.3434	12.935	895.60	0.066267	4.7211e-06	0.085166	supercritical
104.00	63.000	14.389	0.069496	841.68	1279.5	21.912	7.3699	12.928	898.68	0.064764	4.7420e-06	0.085642	supercritical
105.00	63.000	14.236	0.070244	849.89	1292.4	22.035	7.3966	12.922	901.75	0.063282	4.7631e-06	0.086124	supercritical
106.00	63.000	14.086	0.070990	858.11	1305.3	22.158	7.4234	12.917	904.80	0.061822	4.7843e-06	0.086611	supercritical
107.00	63.000	13.940	0.071734	866.34	1318.3	22.279	7.4504	12.913	907.84	0.060385	4.8056e-06	0.087104	supercritical
108.00	63.000	13.798	0.072477	874.57	1331.2	22.399	7.4776	12.911	910.86	0.058969	4.8271e-06	0.087603	supercritical
109.00	63.000	13.658	0.073217	882.81	1344.1	22.518	7.5048	12.909	913.87	0.057574	4.8486e-06	0.088106	supercritical
110.00	63.000	13.521	0.073956	891.07	1357.0	22.636	7.5322	12.909	916.86	0.056202	4.8703e-06	0.088615	supercritical
111.00	63.000	13.388	0.074694	899.33	1369.9	22.753	7.5596	12.910	919.83	0.054850	4.8920e-06	0.089128	supercritical
112.00	63.000	13.257	0.075430	907.60	1382.8	22.869	7.5871	12.911	922.79	0.053520	4.9139e-06	0.089646	supercritical
113.00	63.000	13.130	0.076164	915.89	1395.7	22.984	7.6146	12.913	925.74	0.052211	4.9358e-06	0.090169	supercritical
114.00	63.000	13.004	0.076897	924.19	1408.6	23.097	7.6422	12.917	928.68	0.050922	4.9578e-06	0.090696	supercritical
115.00	63.000	12.882	0.077629	932.50	1421.6	23.210	7.6698	12.921	931.60	0.049654	4.9799e-06	0.091227	supercritical
116.00	63.000	12.762	0.078359	940.82	1434.5	23.322	7.6974	12.925	934.51	0.048406	5.0020e-06	0.091762	supercritical
117.00	63.000	12.644	0.079088	949.16	1447.4	23.433	7.7250	12.931	937.40	0.047178	5.0243e-06	0.092301	supercritical
118.00	63.000	12.529	0.079815	957.51	1460.3	23.543	7.7526	12.937	940.28	0.045970	5.0465e-06	0.092844	supercritical
119.00	63.000	12.416	0.080541	965.87	1473.3	23.652	7.7801	12.943	943.16	0.044781	5.0688e-06	0.093390	supercritical
120.00	63.000	12.305	0.081266	974.25	1486.2	23.761	7.8076	12.951	946.02	0.043612	5.0912e-06	0.093940	supercritical
121.00	63.000	12.197	0.081990	982.65	1499.2	23.868	7.8351	12.958	948.87	0.042461	5.1136e-06	0.094493	supercritical
122.00	63.000	12.090	0.082712	991.06	1512.1	23.975	7.8625	12.967	951.70	0.041329	5.1361e-06	0.095049	supercritical
123.00	63.000	11.986	0.083434	999.48	1525.1	24.081	7.8899	12.975	954.53	0.040215	5.1586e-06	0.095609	supercritical
124.00	63.000	11.883	0.084154	1007.9	1538.1	24.186	7.9171	12.984	957.35	0.039120	5.1812e-06	0.096171	supercritical
125.00	63.000	11.782	0.084873	1016.4	1551.1	24.290	7.9443	12.994	960.16	0.038042	5.2037e-06	0.096736	supercritical
126.00	63.000	11.683	0.085591	1024.9	1564.1	24.394	7.9714	13.004	962.95	0.036981	5.2263e-06	0.097304	supercritical
127.00	63.000	11.586	0.086308	1033.4	1577.1	24.497	7.9984	13.014	965.74	0.035938	5.2490e-06	0.097875	supercritical
128.00	63.000	11.491	0.087024	1041.9	1590.1	24.599	8.0253	13.025	968.52	0.034911	5.2717e-06	0.098448	supercritical
129.00	63.000	11.397	0.087739	1050.4	1603.1	24.700	8.0520	13.036	971.29	0.033901	5.2943e-06	0.099023	supercritical
130.00	63.000	11.305	0.088453	1058.9	1616.2	24.801	8.0786	13.047	974.05	0.032907	5.3171e-06	0.099600	supercritical
131.00	63.000	11.215	0.089166	1067.5	1629.2	24.901	8.1051	13.059	976.80	0.031929	5.3398e-06	0.10018	supercritical
132.00	63.000	11.126	0.089878	1076.1	1642.3	25.000	8.1315	13.070	979.54	0.030967	5.3625e-06	0.10076	supercritical
133.00	63.000	11.039	0.090589	1084.7	1655.4	25.099	8.1577	13.082	982.27	0.030021	5.3853e-06	0.10135	supercritical
134.00	63.000	10.953	0.091299	1093.3	1668.5	25.197	8.1838	13.094	985.00	0.029089	5.4081e-06	0.10193	supercritical
135.00	63.000	10.869	0.092008	1101.9	1681.6	25.294	8.2097	13.107	987.72	0.028172	5.4309e-06	0.10252	supercritical
136.00	63.000	10.786	0.092717	1110.6	1694.7	25.391	8.2355	13.119	990.43	0.027270	5.4537e-06	0.10311	supercritical
137.00	63.000	10.704	0.093424	1119.2	1707.8	25.487	8.2611	13.132	993.13	0.026382	5.4765e-06	0.10370	supercritical
138.00	63.000	10.623	0.094131	1127.9	1720.9	25.583	8.2865	13.145	995.82	0.025508	5.4993e-06	0.10429	supercritical
139.00	63.000	10.544	0.094837	1136.6	1734.1	25.678	8.3118	13.158	998.51	0.024648	5.5222e-06	0.10488	supercritical
140.00	63.000	10.467	0.095542	1145.3	1747.3	25.772	8.3369	13.171	1001.2	0.023802	5.5450e-06	0.10548	supercritical
141.00	63.000	10.390	0.096247	1154.1	1760.4	25.866	8.3618	13.184	1003.9	0.022968	5.5678e-06	0.10607	supercritical
142.00	63.000	10.315	0.096951	1162.8	1773.6	25.959	8.3866	13.198	1006.5	0.022148	5.5907e-06	0.10667	supercritical
143.00	63.000	10.240	0.097653	1171.6	1786.8	26.052	8.4111	13.211	1009.2	0.021340	5.6135e-06	0.10727	supercritical
144.00	63.000	10.167	0.098356	1180.4	1800.1	26.144	8.4355	13.225	1011.8	0.020545	5.6364e-06	0.10787	supercritical
145.00	63.000	10.095	0.099057	1189.2	1813.3	26.235	8.4597	13.238	1014.5	0.019762	5.6592e-06	0.10847	supercritical
146.00	63.000	10.024	0.099758	1198.1	1826.5	26.326	8.4837	13.252	1017.1	0.018991	5.6820e-06	0.10907	supercritical
147.00	63.000	9.9544	0.10046	1206.9	1839.8	26.417	8.5075	13.265	1019.8	0.018232	5.7049e-06	0.10967	supercritical
148.00	63.000	9.8855	0.10116	1215.8	1853.1	26.507	8.5311	13.279	1022.4	0.017485	5.7277e-06	0.11027	supercritical
149.00	63.000	9.8177	0.10186	1224.6	1866.3	26.596	8.5545	13.293	1025.0	0.016748	5.7505e-06	0.11087	supercritical
150.00	63.000	9.7509	0.10255	1233.5	1879.6	26.685	8.5777	13.306	1027.6	0.016023	5.7734e-06	0.11148	supercritical
151.00	63.000	9.6850	0.10325	1242.5	1893.0	26.774	8.6007	13.320	1030.2	0.015309	5.7962e-06	0.11208	supercritical
152.00	63.000	9.6201	0.10395	1251.4	1906.3	26.862	8.6235	13.334	1032.8	0.014605	5.8190e-06	0.11269	supercritical
153.00	63.000	9.5560	0.10465	1260.4	1919.6	26.949	8.6462	13.348	1035.4	0.013912	5.8418e-06	0.11329	supercritical
154.00	63.000	9.4929	0.10534	1269.3	1933.0	27.036	8.6686	13.361	1038.0	0.013229	5.8646e-06	0.11389	supercritical
155.00	63.000	9.4307	0.10604	1278.3	1946.3	27.123	8.6908	13.375	1040.6	0.012557	5.8874e-06	0.11450	supercritical
156.00	63.000	9.3693	0.10673	1287.3	1959.7	27.209	8.7128	13.389	1043.2	0.011894	5.9102e-06	0.11510	supercritical
157.00	63.000	9.3088	0.10743	1296.3	1973.1	27.294	8.7346	13.402	1045.7	0.011240	5.9329e-06	0.11571	supercritical
158.00	63.000	9.2490	0.10812	1305.4	1986.5	27.380	8.7562	13.416	1048.3	0.010596	5.9557e-06	0.11631	supercritical
159.00	63.000	9.1901	0.10881	1314.4	2000.0	27.464	8.7776	13.429	1050.9	0.0099620	5.9784e-06	0.11692	supercritical
160.00	63.000	9.1320	0.10950	1323.5	2013.4	27.549	8.7988	13.443	1053.4	0.0093366	6.0012e-06	0.11752	supercritical
161.00	63.000	9.0747	0.11020	1332.6	2026.8	27.632	8.8198	13.456	1056.0	0.0087201	6.0239e-06	0.11813	supercritical
162.00	63.000	9.0181	0.11089	1341.7	2040.3	27.716	8.8405	13.470	1058.5	0.0081124	6.0466e-06	0.11873	supercritical
163.00	63.000	8.9622	0.11158	1350.8	2053.8	27.799	8.8611	13.483	1061.1	0.0075133	6.0693e-06	0.11934	supercritical
164.00	63.000	8.9071	0.11227	1360.0	2067.3	27.881	8.8815	13.496	1063.6	0.0069227	6.0919e-06	0.11994	supercritical
165.00	63.000	8.8527	0.11296	1369.1	2080.8	27.963	8.9017	13.510	1066.1	0.0063403	6.1146e-06	0.12055	supercritical
166.00	63.000	8.7990	0.11365	1378.3	2094.3	28.045	8.9216	13.523	1068.6	0.0057660	6.1373e-06	0.12115	supercritical
167.00	63.000	8.7460	0.11434	1387.5	2107.8	28.126	8.9414	13.536	1071.2	0.0051996	6.1599e-06	0.12175	supercritical
168.00	63.000	8.6936	0.11503	1396.7	2121.4	28.207	8.9610	13.549	1073.7	0.0046411	6.1825e-06	0.12235	supercritical
169.00	63.000	8.6419	0.11572	1405.9	2134.9	28.287	8.9803	13.562	1076.2	0.0040902	6.2051e-06	0.12296	supercritical
170.00	63.000	8.5908	0.11640	1415.1	2148.5	28.367	8.9995	13.575	1078.7	0.0035468	6.2277e-06	0.12356	supercritical
171.00	63.000	8.5404	0.11709	1424.4	2162.1	28.447	9.0184	13.588	1081.2	0.0030107	6.2503e-06	0.12416	supercritical
172.00	63.000	8.4906	0.11778	1433.7	2175.7	28.526	9.0372	13.600	1083.7	0.0024819	6.2728e-06	0.12476	supercritical
173.00	63.000	8.4414	0.11846	1442.9	2189.3	28.605	9.0558	13.613	1086.2	0.0019601	6.2954e-06	0.12536	supercritical
174.00	63.000	8.3928	0.11915	1452.2	2202.9	28.684	9.0741	13.625	1088.7	0.0014453	6.3179e-06	0.12596	supercritical
175.00	63.000	8.3448	0.11984	1461.6	2216.5	28.762	9.0923	13.638	1091.1	0.00093736	6.3404e-06	0.12656	supercritical
176.00	63.000	8.2973	0.12052	1470.9	2230.2	28.840	9.1103	13.650	1093.6	0.00043607	6.3629e-06	0.12716	supercritical
177.00	63.000	8.2504	0.12121	1480.2	2243.8	28.917	9.1280	13.662	1096.1	-5.8651e-05	6.3854e-06	0.12775	supercritical
178.00	63.000	8.2041	0.12189	1489.6	2257.5	28.994	9.1456	13.675	1098.6	-0.00054693	6.4078e-06	0.12835	supercritical
179.00	63.000	8.1583	0.12257	1498.9	2271.2	29.071	9.1630	13.687	1101.0	-0.0010289	6.4302e-06	0.12894	supercritical
180.00	63.000	8.1130	0.12326	1508.3	2284.9	29.147	9.1802	13.699	1103.5	-0.0015046	6.4527e-06	0.12954	supercritical
181.00	63.000	8.0683	0.12394	1517.7	2298.6	29.223	9.1972	13.710	1105.9	-0.0019743	6.4751e-06	0.13013	supercritical
182.00	63.000	8.0241	0.12462	1527.1	2312.3	29.298	9.2141	13.722	1108.4	-0.0024380	6.4974e-06	0.13073	supercritical
183.00	63.000	7.9804	0.12531	1536.6	2326.0	29.374	9.2307	13.734	1110.8	-0.0028958	6.5198e-06	0.13132	supercritical
184.00	63.000	7.9371	0.12599	1546.0	2339.7	29.449	9.2471	13.745	1113.3	-0.0033479	6.5421e-06	0.13191	supercritical
185.00	63.000	7.8944	0.12667	1555.5	2353.5	29.523	9.2634	13.757	1115.7	-0.0037943	6.5645e-06	0.13250	supercritical
186.00	63.000	7.8521	0.12735	1564.9	2367.3	29.597	9.2795	13.768	1118.1	-0.0042351	6.5868e-06	0.13309	supercritical
187.00	63.000	7.8103	0.12804	1574.4	2381.0	29.671	9.2954	13.780	1120.6	-0.0046705	6.6090e-06	0.13368	supercritical
188.00	63.000	7.7690	0.12872	1583.9	2394.8	29.745	9.3111	13.791	1123.0	-0.0051005	6.6313e-06	0.13427	supercritical
189.00	63.000	7.7281	0.12940	1593.4	2408.6	29.818	9.3266	13.802	1125.4	-0.0055253	6.6536e-06	0.13485	supercritical
190.00	63.000	7.6877	0.13008	1602.9	2422.4	29.891	9.3419	13.813	1127.8	-0.0059449	6.6758e-06	0.13544	supercritical
191.00	63.000	7.6477	0.13076	1612.5	2436.2	29.963	9.3571	13.824	1130.2	-0.0063595	6.6980e-06	0.13602	supercritical
192.00	63.000	7.6082	0.13144	1622.0	2450.1	30.035	9.3721	13.834	1132.6	-0.0067690	6.7202e-06	0.13661	supercritical
193.00	63.000	7.5690	0.13212	1631.6	2463.9	30.107	9.3869	13.845	1135.0	-0.0071737	6.7423e-06	0.13719	supercritical
194.00	63.000	7.5303	0.13280	1641.1	2477.8	30.179	9.4016	13.855	1137.4	-0.0075736	6.7645e-06	0.13777	supercritical
195.00	63.000	7.4920	0.13348	1650.7	2491.6	30.250	9.4161	13.866	1139.8	-0.0079687	6.7866e-06	0.13835	supercritical
196.00	63.000	7.4541	0.13415	1660.3	2505.5	30.321	9.4304	13.876	1142.2	-0.0083592	6.8087e-06	0.13893	supercritical
197.00	63.000	7.4166	0.13483	1669.9	2519.4	30.392	9.4445	13.886	1144.6	-0.0087451	6.8308e-06	0.13951	supercritical
198.00	63.000	7.3795	0.13551	1679.5	2533.3	30.462	9.4585	13.897	1147.0	-0.0091266	6.8529e-06	0.14008	supercritical
199.00	63.000	7.3428	0.13619	1689.2	2547.2	30.532	9.4723	13.907	1149.4	-0.0095036	6.8749e-06	0.14066	supercritical
200.00	63.000	7.3064	0.13687	1698.8	2561.1	30.602	9.4859	13.917	1151.7	-0.0098763	6.8969e-06	0.14124	supercritical
201.00	63.000	7.2704	0.13754	1708.5	2575.0	30.671	9.4994	13.926	1154.1	-0.010245	6.9189e-06	0.14181	supercritical
202.00	63.000	7.2348	0.13822	1718.1	2588.9	30.740	9.5127	13.936	1156.5	-0.010609	6.9409e-06	0.14238	supercritical
203.00	63.000	7.1996	0.13890	1727.8	2602.9	30.809	9.5258	13.946	1158.8	-0.010969	6.9629e-06	0.14295	supercritical
204.00	63.000	7.1647	0.13957	1737.5	2616.8	30.878	9.5388	13.955	1161.2	-0.011325	6.9848e-06	0.14352	supercritical
205.00	63.000	7.1301	0.14025	1747.2	2630.8	30.946	9.5517	13.964	1163.6	-0.011678	7.0067e-06	0.14409	supercritical
206.00	63.000	7.0959	0.14093	1756.9	2644.8	31.014	9.5643	13.974	1165.9	-0.012026	7.0286e-06	0.14466	supercritical
207.00	63.000	7.0620	0.14160	1766.6	2658.7	31.082	9.5769	13.983	1168.3	-0.012370	7.0505e-06	0.14523	supercritical
208.00	63.000	7.0285	0.14228	1776.4	2672.7	31.149	9.5892	13.992	1170.6	-0.012711	7.0724e-06	0.14579	supercritical
209.00	63.000	6.9953	0.14295	1786.1	2686.7	31.216	9.6014	14.001	1172.9	-0.013048	7.0942e-06	0.14636	supercritical
210.00	63.000	6.9624	0.14363	1795.9	2700.7	31.283	9.6135	14.010	1175.3	-0.013381	7.1160e-06	0.14692	supercritical
211.00	63.000	6.9299	0.14430	1805.6	2714.7	31.350	9.6254	14.019	1177.6	-0.013711	7.1378e-06	0.14748	supercritical
212.00	63.000	6.8976	0.14498	1815.4	2728.8	31.416	9.6372	14.027	1179.9	-0.014037	7.1596e-06	0.14804	supercritical
213.00	63.000	6.8657	0.14565	1825.2	2742.8	31.482	9.6488	14.036	1182.3	-0.014359	7.1814e-06	0.14860	supercritical
214.00	63.000	6.8340	0.14633	1835.0	2756.8	31.548	9.6603	14.044	1184.6	-0.014679	7.2031e-06	0.14916	supercritical
215.00	63.000	6.8027	0.14700	1844.8	2770.9	31.613	9.6716	14.053	1186.9	-0.014995	7.2248e-06	0.14972	supercritical
216.00	63.000	6.7717	0.14767	1854.6	2784.9	31.679	9.6828	14.061	1189.2	-0.015307	7.2465e-06	0.15027	supercritical
217.00	63.000	6.7409	0.14835	1864.4	2799.0	31.744	9.6938	14.069	1191.5	-0.015616	7.2682e-06	0.15083	supercritical
218.00	63.000	6.7105	0.14902	1874.2	2813.1	31.808	9.7047	14.077	1193.8	-0.015922	7.2898e-06	0.15138	supercritical
219.00	63.000	6.6803	0.14969	1884.1	2827.2	31.873	9.7155	14.085	1196.1	-0.016225	7.3115e-06	0.15193	supercritical
220.00	63.000	6.6504	0.15037	1893.9	2841.2	31.937	9.7261	14.093	1198.4	-0.016525	7.3331e-06	0.15249	supercritical
221.00	63.000	6.6208	0.15104	1903.8	2855.3	32.001	9.7366	14.101	1200.7	-0.016822	7.3547e-06	0.15304	supercritical
222.00	63.000	6.5914	0.15171	1913.7	2869.4	32.064	9.7470	14.109	1203.0	-0.017116	7.3762e-06	0.15358	supercritical
223.00	63.000	6.5623	0.15239	1923.5	2883.6	32.128	9.7572	14.116	1205.3	-0.017407	7.3978e-06	0.15413	supercritical
224.00	63.000	6.5335	0.15306	1933.4	2897.7	32.191	9.7673	14.124	1207.6	-0.017694	7.4193e-06	0.15468	supercritical
225.00	63.000	6.5049	0.15373	1943.3	2911.8	32.254	9.7772	14.131	1209.9	-0.017979	7.4408e-06	0.15522	supercritical
226.00	63.000	6.4766	0.15440	1953.2	2925.9	32.317	9.7871	14.138	1212.2	-0.018262	7.4623e-06	0.15577	supercritical
227.00	63.000	6.4486	0.15507	1963.1	2940.1	32.379	9.7968	14.146	1214.4	-0.018541	7.4838e-06	0.15631	supercritical
228.00	63.000	6.4208	0.15574	1973.0	2954.2	32.441	9.8063	14.153	1216.7	-0.018818	7.5052e-06	0.15685	supercritical
229.00	63.000	6.3932	0.15642	1983.0	2968.4	32.503	9.8158	14.160	1219.0	-0.019092	7.5267e-06	0.15739	supercritical
230.00	63.000	6.3659	0.15709	1992.9	2982.6	32.565	9.8251	14.167	1221.2	-0.019363	7.5481e-06	0.15793	supercritical
231.00	63.000	6.3388	0.15776	2002.8	2996.7	32.626	9.8343	14.174	1223.5	-0.019632	7.5694e-06	0.15847	supercritical
232.00	63.000	6.3120	0.15843	2012.8	3010.9	32.688	9.8434	14.180	1225.8	-0.019898	7.5908e-06	0.15901	supercritical
233.00	63.000	6.2854	0.15910	2022.8	3025.1	32.749	9.8524	14.187	1228.0	-0.020161	7.6122e-06	0.15954	supercritical
234.00	63.000	6.2590	0.15977	2032.7	3039.3	32.809	9.8612	14.194	1230.3	-0.020422	7.6335e-06	0.16008	supercritical
235.00	63.000	6.2328	0.16044	2042.7	3053.5	32.870	9.8699	14.200	1232.5	-0.020681	7.6548e-06	0.16061	supercritical
236.00	63.000	6.2069	0.16111	2052.7	3067.7	32.930	9.8785	14.207	1234.8	-0.020937	7.6761e-06	0.16114	supercritical
237.00	63.000	6.1812	0.16178	2062.7	3081.9	32.990	9.8870	14.213	1237.0	-0.021191	7.6973e-06	0.16167	supercritical
238.00	63.000	6.1557	0.16245	2072.7	3096.1	33.050	9.8954	14.219	1239.3	-0.021442	7.7186e-06	0.16220	supercritical
239.00	63.000	6.1305	0.16312	2082.7	3110.3	33.110	9.9037	14.225	1241.5	-0.021691	7.7398e-06	0.16273	supercritical
240.00	63.000	6.1054	0.16379	2092.7	3124.5	33.169	9.9118	14.231	1243.7	-0.021938	7.7610e-06	0.16326	supercritical
241.00	63.000	6.0806	0.16446	2102.7	3138.8	33.229	9.9199	14.237	1246.0	-0.022182	7.7822e-06	0.16379	supercritical
242.00	63.000	6.0559	0.16513	2112.7	3153.0	33.287	9.9278	14.243	1248.2	-0.022425	7.8034e-06	0.16431	supercritical
243.00	63.000	6.0315	0.16580	2122.7	3167.3	33.346	9.9356	14.249	1250.4	-0.022665	7.8245e-06	0.16483	supercritical
244.00	63.000	6.0072	0.16647	2132.8	3181.5	33.405	9.9434	14.255	1252.6	-0.022903	7.8457e-06	0.16536	supercritical
245.00	63.000	5.9832	0.16713	2142.8	3195.8	33.463	9.9510	14.260	1254.8	-0.023138	7.8668e-06	0.16588	supercritical
246.00	63.000	5.9594	0.16780	2152.9	3210.0	33.521	9.9585	14.266	1257.1	-0.023372	7.8878e-06	0.16640	supercritical
247.00	63.000	5.9357	0.16847	2162.9	3224.3	33.579	9.9659	14.272	1259.3	-0.023604	7.9089e-06	0.16692	supercritical
248.00	63.000	5.9123	0.16914	2173.0	3238.6	33.637	9.9732	14.277	1261.5	-0.023833	7.9300e-06	0.16744	supercritical
249.00	63.000	5.8890	0.16981	2183.1	3252.9	33.694	9.9804	14.282	1263.7	-0.024061	7.9510e-06	0.16796	supercritical
250.00	63.000	5.8659	0.17048	2193.1	3267.1	33.751	9.9875	14.288	1265.9	-0.024286	7.9720e-06	0.16847	supercritical
251.00	63.000	5.8430	0.17114	2203.2	3281.4	33.808	9.9945	14.293	1268.1	-0.024510	7.9930e-06	0.16899	supercritical
252.00	63.000	5.8203	0.17181	2213.3	3295.7	33.865	10.001	14.298	1270.3	-0.024732	8.0140e-06	0.16950	supercritical
253.00	63.000	5.7978	0.17248	2223.4	3310.0	33.922	10.008	14.303	1272.5	-0.024951	8.0349e-06	0.17001	supercritical
254.00	63.000	5.7754	0.17315	2233.5	3324.3	33.978	10.015	14.308	1274.7	-0.025169	8.0558e-06	0.17053	supercritical
255.00	63.000	5.7532	0.17382	2243.6	3338.7	34.035	10.022	14.313	1276.8	-0.025385	8.0768e-06	0.17104	supercritical
256.00	63.000	5.7312	0.17448	2253.7	3353.0	34.091	10.028	14.318	1279.0	-0.025599	8.0977e-06	0.17155	supercritical
257.00	63.000	5.7094	0.17515	2263.8	3367.3	34.146	10.034	14.322	1281.2	-0.025812	8.1185e-06	0.17205	supercritical
258.00	63.000	5.6877	0.17582	2274.0	3381.6	34.202	10.041	14.327	1283.4	-0.026022	8.1394e-06	0.17256	supercritical
259.00	63.000	5.6662	0.17648	2284.1	3395.9	34.258	10.047	14.332	1285.6	-0.026231	8.1602e-06	0.17307	supercritical
260.00	63.000	5.6449	0.17715	2294.2	3410.3	34.313	10.053	14.336	1287.7	-0.026438	8.1810e-06	0.17357	supercritical
261.00	63.000	5.6238	0.17782	2304.4	3424.6	34.368	10.059	14.341	1289.9	-0.026643	8.2018e-06	0.17408	supercritical
262.00	63.000	5.6027	0.17848	2314.5	3439.0	34.423	10.065	14.345	1292.1	-0.026847	8.2226e-06	0.17458	supercritical
263.00	63.000	5.5819	0.17915	2324.7	3453.3	34.477	10.071	14.350	1294.2	-0.027049	8.2434e-06	0.17508	supercritical
264.00	63.000	5.5612	0.17982	2334.8	3467.7	34.532	10.077	14.354	1296.4	-0.027249	8.2641e-06	0.17558	supercritical
265.00	63.000	5.5407	0.18048	2345.0	3482.0	34.586	10.083	14.358	1298.5	-0.027448	8.2848e-06	0.17608	supercritical
266.00	63.000	5.5203	0.18115	2355.1	3496.4	34.640	10.088	14.362	1300.7	-0.027645	8.3055e-06	0.17658	supercritical
267.00	63.000	5.5001	0.18182	2365.3	3510.7	34.694	10.094	14.366	1302.8	-0.027841	8.3262e-06	0.17708	supercritical
268.00	63.000	5.4800	0.18248	2375.5	3525.1	34.748	10.099	14.370	1305.0	-0.028035	8.3469e-06	0.17758	supercritical
269.00	63.000	5.4601	0.18315	2385.7	3539.5	34.801	10.105	14.374	1307.1	-0.028227	8.3676e-06	0.17808	supercritical
270.00	63.000	5.4403	0.18381	2395.8	3553.9	34.855	10.110	14.378	1309.3	-0.028418	8.3882e-06	0.17857	supercritical
271.00	63.000	5.4207	0.18448	2406.0	3568.2	34.908	10.115	14.382	1311.4	-0.028607	8.4088e-06	0.17906	supercritical
272.00	63.000	5.4012	0.18514	2416.2	3582.6	34.961	10.121	14.386	1313.6	-0.028795	8.4294e-06	0.17956	supercritical
273.00	63.000	5.3819	0.18581	2426.4	3597.0	35.014	10.126	14.389	1315.7	-0.028981	8.4500e-06	0.18005	supercritical
274.00	63.000	5.3627	0.18647	2436.6	3611.4	35.066	10.131	14.393	1317.8	-0.029166	8.4705e-06	0.18054	supercritical
275.00	63.000	5.3436	0.18714	2446.8	3625.8	35.119	10.136	14.397	1319.9	-0.029350	8.4911e-06	0.18103	supercritical
276.00	63.000	5.3247	0.18780	2457.0	3640.2	35.171	10.140	14.400	1322.1	-0.029532	8.5116e-06	0.18152	supercritical
277.00	63.000	5.3059	0.18847	2467.2	3654.6	35.223	10.145	14.404	1324.2	-0.029713	8.5321e-06	0.18201	supercritical
278.00	63.000	5.2872	0.18913	2477.4	3669.0	35.275	10.150	14.407	1326.3	-0.029892	8.5526e-06	0.18250	supercritical
279.00	63.000	5.2687	0.18980	2487.7	3683.4	35.327	10.155	14.411	1328.4	-0.030070	8.5730e-06	0.18298	supercritical
280.00	63.000	5.2503	0.19046	2497.9	3697.8	35.378	10.159	14.414	1330.5	-0.030246	8.5935e-06	0.18347	supercritical
281.00	63.000	5.2321	0.19113	2508.1	3712.2	35.430	10.164	14.417	1332.7	-0.030422	8.6139e-06	0.18395	supercritical
282.00	63.000	5.2140	0.19179	2518.4	3726.7	35.481	10.168	14.420	1334.8	-0.030595	8.6343e-06	0.18444	supercritical
283.00	63.000	5.1960	0.19246	2528.6	3741.1	35.532	10.172	14.423	1336.9	-0.030768	8.6547e-06	0.18492	supercritical
284.00	63.000	5.1781	0.19312	2538.8	3755.5	35.583	10.177	14.426	1339.0	-0.030939	8.6751e-06	0.18540	supercritical
285.00	63.000	5.1603	0.19379	2549.1	3769.9	35.633	10.181	14.430	1341.1	-0.031109	8.6955e-06	0.18588	supercritical
286.00	63.000	5.1427	0.19445	2559.3	3784.4	35.684	10.185	14.433	1343.2	-0.031278	8.7158e-06	0.18636	supercritical
287.00	63.000	5.1252	0.19511	2569.6	3798.8	35.734	10.189	14.435	1345.3	-0.031446	8.7361e-06	0.18684	supercritical
288.00	63.000	5.1078	0.19578	2579.8	3813.2	35.785	10.193	14.438	1347.4	-0.031612	8.7565e-06	0.18732	supercritical
289.00	63.000	5.0906	0.19644	2590.1	3827.7	35.835	10.197	14.441	1349.4	-0.031777	8.7767e-06	0.18780	supercritical
290.00	63.000	5.0734	0.19711	2600.3	3842.1	35.885	10.201	14.444	1351.5	-0.031941	8.7970e-06	0.18827	supercritical
291.00	63.000	5.0564	0.19777	2610.6	3856.6	35.934	10.205	14.447	1353.6	-0.032103	8.8173e-06	0.18875	supercritical
292.00	63.000	5.0395	0.19843	2620.9	3871.0	35.984	10.209	14.449	1355.7	-0.032265	8.8375e-06	0.18922	supercritical
293.00	63.000	5.0227	0.19910	2631.1	3885.5	36.033	10.213	14.452	1357.8	-0.032425	8.8577e-06	0.18970	supercritical
294.00	63.000	5.0060	0.19976	2641.4	3899.9	36.082	10.216	14.455	1359.9	-0.032584	8.8780e-06	0.19017	supercritical
295.00	63.000	4.9894	0.20042	2651.7	3914.4	36.132	10.220	14.457	1361.9	-0.032742	8.8981e-06	0.19064	supercritical
296.00	63.000	4.9730	0.20109	2662.0	3928.8	36.181	10.223	14.460	1364.0	-0.032899	8.9183e-06	0.19111	supercritical
297.00	63.000	4.9566	0.20175	2672.3	3943.3	36.229	10.227	14.462	1366.1	-0.033055	8.9385e-06	0.19158	supercritical
298.00	63.000	4.9404	0.20241	2682.5	3957.7	36.278	10.230	14.464	1368.1	-0.033210	8.9586e-06	0.19205	supercritical
299.00	63.000	4.9242	0.20308	2692.8	3972.2	36.326	10.234	14.467	1370.2	-0.033363	8.9787e-06	0.19252	supercritical
300.00	63.000	4.9082	0.20374	2703.1	3986.7	36.375	10.237	14.469	1372.3	-0.033516	8.9988e-06	0.19299	supercritical
301.00	63.000	4.8923	0.20440	2713.4	4001.2	36.423	10.240	14.471	1374.3	-0.033667	9.0189e-06	0.19346	supercritical
302.00	63.000	4.8765	0.20507	2723.7	4015.6	36.471	10.244	14.474	1376.4	-0.033818	9.0390e-06	0.19392	supercritical
303.00	63.000	4.8608	0.20573	2734.0	4030.1	36.519	10.247	14.476	1378.4	-0.033967	9.0590e-06	0.19439	supercritical
304.00	63.000	4.8452	0.20639	2744.3	4044.6	36.566	10.250	14.478	1380.5	-0.034115	9.0791e-06	0.19485	supercritical
305.00	63.000	4.8297	0.20705	2754.6	4059.1	36.614	10.253	14.480	1382.5	-0.034263	9.0991e-06	0.19532	supercritical
306.00	63.000	4.8143	0.20772	2764.9	4073.5	36.661	10.256	14.482	1384.6	-0.034409	9.1191e-06	0.19578	supercritical
307.00	63.000	4.7990	0.20838	2775.2	4088.0	36.709	10.259	14.484	1386.6	-0.034554	9.1391e-06	0.19624	supercritical
308.00	63.000	4.7838	0.20904	2785.5	4102.5	36.756	10.262	14.486	1388.6	-0.034699	9.1591e-06	0.19670	supercritical
309.00	63.000	4.7686	0.20970	2795.9	4117.0	36.803	10.265	14.488	1390.7	-0.034842	9.1790e-06	0.19716	supercritical
310.00	63.000	4.7536	0.21037	2806.2	4131.5	36.849	10.268	14.490	1392.7	-0.034984	9.1990e-06	0.19762	supercritical
311.00	63.000	4.7387	0.21103	2816.5	4146.0	36.896	10.270	14.492	1394.7	-0.035126	9.2189e-06	0.19808	supercritical
312.00	63.000	4.7239	0.21169	2826.8	4160.5	36.943	10.273	14.494	1396.8	-0.035266	9.2388e-06	0.19854	supercritical
313.00	63.000	4.7092	0.21235	2837.1	4175.0	36.989	10.276	14.496	1398.8	-0.035406	9.2587e-06	0.19900	supercritical
314.00	63.000	4.6945	0.21301	2847.5	4189.5	37.035	10.278	14.497	1400.8	-0.035544	9.2786e-06	0.19946	supercritical
315.00	63.000	4.6800	0.21368	2857.8	4204.0	37.081	10.281	14.499	1402.8	-0.035682	9.2984e-06	0.19991	supercritical
316.00	63.000	4.6655	0.21434	2868.1	4218.5	37.127	10.284	14.501	1404.9	-0.035819	9.3183e-06	0.20037	supercritical
317.00	63.000	4.6512	0.21500	2878.5	4233.0	37.173	10.286	14.502	1406.9	-0.035954	9.3381e-06	0.20082	supercritical
318.00	63.000	4.6369	0.21566	2888.8	4247.5	37.219	10.289	14.504	1408.9	-0.036089	9.3579e-06	0.20128	supercritical
319.00	63.000	4.6227	0.21632	2899.1	4262.0	37.264	10.291	14.506	1410.9	-0.036223	9.3777e-06	0.20173	supercritical
320.00	63.000	4.6086	0.21698	2909.5	4276.5	37.310	10.293	14.507	1412.9	-0.036356	9.3975e-06	0.20218	supercritical
321.00	63.000	4.5946	0.21765	2919.8	4291.0	37.355	10.296	14.509	1414.9	-0.036489	9.4173e-06	0.20263	supercritical
322.00	63.000	4.5807	0.21831	2930.1	4305.5	37.400	10.298	14.510	1416.9	-0.036620	9.4370e-06	0.20308	supercritical
323.00	63.000	4.5669	0.21897	2940.5	4320.0	37.445	10.300	14.512	1418.9	-0.036751	9.4567e-06	0.20353	supercritical
324.00	63.000	4.5531	0.21963	2950.8	4334.5	37.490	10.302	14.513	1420.9	-0.036880	9.4765e-06	0.20398	supercritical
325.00	63.000	4.5394	0.22029	2961.2	4349.0	37.535	10.305	14.515	1422.9	-0.037009	9.4962e-06	0.20443	supercritical
326.00	63.000	4.5258	0.22095	2971.5	4363.5	37.579	10.307	14.516	1424.9	-0.037137	9.5159e-06	0.20488	supercritical
327.00	63.000	4.5123	0.22161	2981.9	4378.1	37.624	10.309	14.517	1426.9	-0.037265	9.5355e-06	0.20533	supercritical
328.00	63.000	4.4989	0.22228	2992.2	4392.6	37.668	10.311	14.519	1428.9	-0.037391	9.5552e-06	0.20578	supercritical
329.00	63.000	4.4856	0.22294	3002.6	4407.1	37.712	10.313	14.520	1430.9	-0.037517	9.5748e-06	0.20622	supercritical
330.00	63.000	4.4723	0.22360	3012.9	4421.6	37.756	10.315	14.521	1432.9	-0.037641	9.5945e-06	0.20667	supercritical
331.00	63.000	4.4591	0.22426	3023.3	4436.1	37.800	10.317	14.522	1434.9	-0.037765	9.6141e-06	0.20711	supercritical
332.00	63.000	4.4460	0.22492	3033.7	4450.7	37.844	10.319	14.524	1436.8	-0.037889	9.6337e-06	0.20756	supercritical
333.00	63.000	4.4330	0.22558	3044.0	4465.2	37.888	10.321	14.525	1438.8	-0.038011	9.6533e-06	0.20800	supercritical
334.00	63.000	4.4201	0.22624	3054.4	4479.7	37.931	10.323	14.526	1440.8	-0.038133	9.6728e-06	0.20844	supercritical
335.00	63.000	4.4072	0.22690	3064.8	4494.2	37.975	10.324	14.527	1442.8	-0.038254	9.6924e-06	0.20889	supercritical
336.00	63.000	4.3944	0.22756	3075.1	4508.8	38.018	10.326	14.528	1444.7	-0.038374	9.7119e-06	0.20933	supercritical
337.00	63.000	4.3817	0.22822	3085.5	4523.3	38.061	10.328	14.529	1446.7	-0.038493	9.7314e-06	0.20977	supercritical
338.00	63.000	4.3690	0.22888	3095.9	4537.8	38.104	10.330	14.530	1448.7	-0.038612	9.7509e-06	0.21021	supercritical
339.00	63.000	4.3565	0.22954	3106.2	4552.4	38.147	10.331	14.531	1450.6	-0.038730	9.7704e-06	0.21065	supercritical
340.00	63.000	4.3440	0.23021	3116.6	4566.9	38.190	10.333	14.532	1452.6	-0.038847	9.7899e-06	0.21109	supercritical
341.00	63.000	4.3315	0.23087	3127.0	4581.4	38.233	10.335	14.533	1454.6	-0.038964	9.8094e-06	0.21153	supercritical
342.00	63.000	4.3192	0.23153	3137.3	4595.9	38.275	10.336	14.534	1456.5	-0.039079	9.8288e-06	0.21196	supercritical
343.00	63.000	4.3069	0.23219	3147.7	4610.5	38.318	10.338	14.535	1458.5	-0.039194	9.8483e-06	0.21240	supercritical
344.00	63.000	4.2947	0.23285	3158.1	4625.0	38.360	10.339	14.536	1460.4	-0.039309	9.8677e-06	0.21284	supercritical
345.00	63.000	4.2825	0.23351	3168.5	4639.6	38.402	10.341	14.537	1462.4	-0.039422	9.8871e-06	0.21327	supercritical
346.00	63.000	4.2705	0.23417	3178.8	4654.1	38.444	10.343	14.538	1464.3	-0.039535	9.9065e-06	0.21371	supercritical
347.00	63.000	4.2585	0.23483	3189.2	4668.6	38.486	10.344	14.538	1466.3	-0.039648	9.9259e-06	0.21414	supercritical
348.00	63.000	4.2465	0.23549	3199.6	4683.2	38.528	10.345	14.539	1468.2	-0.039759	9.9452e-06	0.21458	supercritical
349.00	63.000	4.2346	0.23615	3210.0	4697.7	38.570	10.347	14.540	1470.2	-0.039870	9.9646e-06	0.21501	supercritical
350.00	63.000	4.2228	0.23681	3220.4	4712.2	38.611	10.348	14.541	1472.1	-0.039980	9.9839e-06	0.21545	supercritical
351.00	63.000	4.2111	0.23747	3230.7	4726.8	38.653	10.350	14.542	1474.0	-0.040090	1.0003e-05	0.21588	supercritical
352.00	63.000	4.1994	0.23813	3241.1	4741.3	38.694	10.351	14.542	1476.0	-0.040199	1.0023e-05	0.21631	supercritical
353.00	63.000	4.1878	0.23879	3251.5	4755.9	38.736	10.352	14.543	1477.9	-0.040307	1.0042e-05	0.21674	supercritical
354.00	63.000	4.1763	0.23945	3261.9	4770.4	38.777	10.353	14.544	1479.8	-0.040415	1.0061e-05	0.21717	supercritical
355.00	63.000	4.1648	0.24011	3272.3	4785.0	38.818	10.355	14.544	1481.8	-0.040522	1.0080e-05	0.21760	supercritical
356.00	63.000	4.1534	0.24077	3282.7	4799.5	38.859	10.356	14.545	1483.7	-0.040628	1.0100e-05	0.21803	supercritical
357.00	63.000	4.1421	0.24143	3293.1	4814.1	38.899	10.357	14.546	1485.6	-0.040734	1.0119e-05	0.21846	supercritical
358.00	63.000	4.1308	0.24209	3303.5	4828.6	38.940	10.358	14.546	1487.5	-0.040839	1.0138e-05	0.21889	supercritical
359.00	63.000	4.1195	0.24275	3313.9	4843.1	38.981	10.360	14.547	1489.4	-0.040943	1.0157e-05	0.21932	supercritical
360.00	63.000	4.1084	0.24340	3324.2	4857.7	39.021	10.361	14.548	1491.4	-0.041047	1.0176e-05	0.21975	supercritical
361.00	63.000	4.0973	0.24406	3334.6	4872.2	39.062	10.362	14.548	1493.3	-0.041151	1.0196e-05	0.22017	supercritical
362.00	63.000	4.0862	0.24472	3345.0	4886.8	39.102	10.363	14.549	1495.2	-0.041253	1.0215e-05	0.22060	supercritical
363.00	63.000	4.0753	0.24538	3355.4	4901.3	39.142	10.364	14.549	1497.1	-0.041355	1.0234e-05	0.22103	supercritical
364.00	63.000	4.0643	0.24604	3365.8	4915.9	39.182	10.365	14.550	1499.0	-0.041457	1.0253e-05	0.22145	supercritical
365.00	63.000	4.0535	0.24670	3376.2	4930.4	39.222	10.366	14.550	1500.9	-0.041557	1.0272e-05	0.22188	supercritical
366.00	63.000	4.0427	0.24736	3386.6	4945.0	39.262	10.367	14.551	1502.8	-0.041658	1.0291e-05	0.22230	supercritical
367.00	63.000	4.0319	0.24802	3397.0	4959.5	39.301	10.368	14.551	1504.7	-0.041757	1.0310e-05	0.22273	supercritical
368.00	63.000	4.0212	0.24868	3407.4	4974.1	39.341	10.369	14.552	1506.6	-0.041856	1.0330e-05	0.22315	supercritical
369.00	63.000	4.0106	0.24934	3417.8	4988.6	39.380	10.370	14.552	1508.5	-0.041955	1.0349e-05	0.22357	supercritical
370.00	63.000	4.0000	0.25000	3428.2	5003.2	39.420	10.371	14.552	1510.4	-0.042053	1.0368e-05	0.22400	supercritical
371.00	63.000	3.9895	0.25066	3438.6	5017.7	39.459	10.372	14.553	1512.3	-0.042150	1.0387e-05	0.22442	supercritical
372.00	63.000	3.9790	0.25132	3449.0	5032.3	39.498	10.373	14.553	1514.2	-0.042247	1.0406e-05	0.22484	supercritical
373.00	63.000	3.9686	0.25198	3459.4	5046.9	39.537	10.374	14.554	1516.1	-0.042343	1.0425e-05	0.22526	supercritical
374.00	63.000	3.9583	0.25263	3469.8	5061.4	39.576	10.375	14.554	1518.0	-0.042439	1.0444e-05	0.22568	supercritical
375.00	63.000	3.9480	0.25329	3480.2	5076.0	39.615	10.375	14.554	1519.8	-0.042534	1.0463e-05	0.22610	supercritical
376.00	63.000	3.9377	0.25395	3490.6	5090.5	39.654	10.376	14.555	1521.7	-0.042629	1.0482e-05	0.22652	supercritical
377.00	63.000	3.9276	0.25461	3501.0	5105.1	39.693	10.377	14.555	1523.6	-0.042723	1.0501e-05	0.22694	supercritical
378.00	63.000	3.9174	0.25527	3511.4	5119.6	39.731	10.378	14.555	1525.5	-0.042816	1.0520e-05	0.22736	supercritical
379.00	63.000	3.9073	0.25593	3521.8	5134.2	39.770	10.379	14.556	1527.3	-0.042909	1.0539e-05	0.22778	supercritical
380.00	63.000	3.8973	0.25659	3532.2	5148.7	39.808	10.379	14.556	1529.2	-0.043002	1.0558e-05	0.22819	supercritical
381.00	63.000	3.8873	0.25725	3542.6	5163.3	39.846	10.380	14.556	1531.1	-0.043094	1.0576e-05	0.22861	supercritical
382.00	63.000	3.8774	0.25791	3553.0	5177.9	39.884	10.381	14.557	1533.0	-0.043185	1.0595e-05	0.22903	supercritical
383.00	63.000	3.8675	0.25856	3563.5	5192.4	39.922	10.382	14.557	1534.8	-0.043276	1.0614e-05	0.22944	supercritical
384.00	63.000	3.8577	0.25922	3573.9	5207.0	39.960	10.382	14.557	1536.7	-0.043366	1.0633e-05	0.22986	supercritical
385.00	63.000	3.8479	0.25988	3584.3	5221.5	39.998	10.383	14.557	1538.5	-0.043456	1.0652e-05	0.23028	supercritical
386.00	63.000	3.8382	0.26054	3594.7	5236.1	40.036	10.384	14.558	1540.4	-0.043545	1.0671e-05	0.23069	supercritical
387.00	63.000	3.8285	0.26120	3605.1	5250.6	40.074	10.384	14.558	1542.3	-0.043634	1.0690e-05	0.23111	supercritical
388.00	63.000	3.8189	0.26186	3615.5	5265.2	40.111	10.385	14.558	1544.1	-0.043723	1.0708e-05	0.23152	supercritical
389.00	63.000	3.8093	0.26252	3625.9	5279.8	40.149	10.386	14.558	1546.0	-0.043811	1.0727e-05	0.23193	supercritical
390.00	63.000	3.7998	0.26317	3636.3	5294.3	40.186	10.386	14.558	1547.8	-0.043898	1.0746e-05	0.23235	supercritical
391.00	63.000	3.7903	0.26383	3646.7	5308.9	40.223	10.387	14.559	1549.7	-0.043985	1.0765e-05	0.23276	supercritical
392.00	63.000	3.7809	0.26449	3657.1	5323.4	40.261	10.387	14.559	1551.5	-0.044071	1.0784e-05	0.23317	supercritical
393.00	63.000	3.7715	0.26515	3667.6	5338.0	40.298	10.388	14.559	1553.4	-0.044157	1.0802e-05	0.23358	supercritical
394.00	63.000	3.7621	0.26581	3678.0	5352.5	40.335	10.389	14.559	1555.2	-0.044242	1.0821e-05	0.23400	supercritical
395.00	63.000	3.7528	0.26647	3688.4	5367.1	40.372	10.389	14.559	1557.0	-0.044327	1.0840e-05	0.23441	supercritical
396.00	63.000	3.7436	0.26712	3698.8	5381.7	40.408	10.390	14.560	1558.9	-0.044412	1.0859e-05	0.23482	supercritical
397.00	63.000	3.7344	0.26778	3709.2	5396.2	40.445	10.390	14.560	1560.7	-0.044496	1.0877e-05	0.23523	supercritical
398.00	63.000	3.7252	0.26844	3719.6	5410.8	40.482	10.391	14.560	1562.6	-0.044579	1.0896e-05	0.23564	supercritical
399.00	63.000	3.7161	0.26910	3730.0	5425.3	40.518	10.391	14.560	1564.4	-0.044663	1.0915e-05	0.23605	supercritical
400.00	63.000	3.7071	0.26976	3740.4	5439.9	40.555	10.392	14.560	1566.2	-0.044745	1.0933e-05	0.23646	supercritical
401.00	63.000	3.6980	0.27041	3750.9	5454.5	40.591	10.392	14.560	1568.0	-0.044827	1.0952e-05	0.23687	supercritical
402.00	63.000	3.6891	0.27107	3761.3	5469.0	40.627	10.393	14.560	1569.9	-0.044909	1.0971e-05	0.23728	supercritical
403.00	63.000	3.6801	0.27173	3771.7	5483.6	40.664	10.393	14.560	1571.7	-0.044990	1.0989e-05	0.23768	supercritical
404.00	63.000	3.6712	0.27239	3782.1	5498.1	40.700	10.394	14.560	1573.5	-0.045071	1.1008e-05	0.23809	supercritical
405.00	63.000	3.6624	0.27305	3792.5	5512.7	40.736	10.394	14.561	1575.3	-0.045151	1.1027e-05	0.23850	supercritical
406.00	63.000	3.6536	0.27370	3802.9	5527.3	40.772	10.395	14.561	1577.2	-0.045231	1.1045e-05	0.23891	supercritical
407.00	63.000	3.6448	0.27436	3813.3	5541.8	40.807	10.395	14.561	1579.0	-0.045311	1.1064e-05	0.23931	supercritical
408.00	63.000	3.6361	0.27502	3823.8	5556.4	40.843	10.396	14.561	1580.8	-0.045390	1.1082e-05	0.23972	supercritical
409.00	63.000	3.6274	0.27568	3834.2	5570.9	40.879	10.396	14.561	1582.6	-0.045469	1.1101e-05	0.24012	supercritical
410.00	63.000	3.6188	0.27634	3844.6	5585.5	40.914	10.396	14.561	1584.4	-0.045547	1.1120e-05	0.24053	supercritical
411.00	63.000	3.6102	0.27699	3855.0	5600.1	40.950	10.397	14.561	1586.2	-0.045624	1.1138e-05	0.24094	supercritical
412.00	63.000	3.6016	0.27765	3865.4	5614.6	40.985	10.397	14.561	1588.0	-0.045702	1.1157e-05	0.24134	supercritical
413.00	63.000	3.5931	0.27831	3875.8	5629.2	41.020	10.398	14.561	1589.8	-0.045779	1.1175e-05	0.24174	supercritical
414.00	63.000	3.5847	0.27897	3886.3	5643.8	41.056	10.398	14.561	1591.6	-0.045855	1.1194e-05	0.24215	supercritical
415.00	63.000	3.5762	0.27962	3896.7	5658.3	41.091	10.398	14.561	1593.4	-0.045931	1.1212e-05	0.24255	supercritical
416.00	63.000	3.5678	0.28028	3907.1	5672.9	41.126	10.399	14.561	1595.2	-0.046007	1.1231e-05	0.24296	supercritical
417.00	63.000	3.5595	0.28094	3917.5	5687.4	41.161	10.399	14.561	1597.0	-0.046082	1.1249e-05	0.24336	supercritical
418.00	63.000	3.5512	0.28160	3927.9	5702.0	41.196	10.400	14.561	1598.8	-0.046157	1.1268e-05	0.24376	supercritical
419.00	63.000	3.5429	0.28225	3938.4	5716.6	41.230	10.400	14.561	1600.6	-0.046231	1.1286e-05	0.24416	supercritical
420.00	63.000	3.5347	0.28291	3948.8	5731.1	41.265	10.400	14.561	1602.4	-0.046306	1.1304e-05	0.24457	supercritical
421.00	63.000	3.5265	0.28357	3959.2	5745.7	41.300	10.401	14.561	1604.2	-0.046379	1.1323e-05	0.24497	supercritical
422.00	63.000	3.5183	0.28423	3969.6	5760.2	41.334	10.401	14.561	1606.0	-0.046452	1.1341e-05	0.24537	supercritical
423.00	63.000	3.5102	0.28488	3980.0	5774.8	41.369	10.401	14.561	1607.8	-0.046525	1.1360e-05	0.24577	supercritical
424.00	63.000	3.5021	0.28554	3990.4	5789.4	41.403	10.402	14.561	1609.6	-0.046598	1.1378e-05	0.24617	supercritical
425.00	63.000	3.4941	0.28620	4000.9	5803.9	41.437	10.402	14.561	1611.3	-0.046670	1.1396e-05	0.24657	supercritical
426.00	63.000	3.4861	0.28686	4011.3	5818.5	41.472	10.402	14.561	1613.1	-0.046741	1.1415e-05	0.24697	supercritical
427.00	63.000	3.4781	0.28751	4021.7	5833.0	41.506	10.403	14.561	1614.9	-0.046813	1.1433e-05	0.24737	supercritical
428.00	63.000	3.4702	0.28817	4032.1	5847.6	41.540	10.403	14.561	1616.7	-0.046884	1.1452e-05	0.24777	supercritical
429.00	63.000	3.4623	0.28883	4042.5	5862.2	41.574	10.403	14.561	1618.4	-0.046954	1.1470e-05	0.24817	supercritical
430.00	63.000	3.4544	0.28949	4053.0	5876.7	41.608	10.403	14.561	1620.2	-0.047024	1.1488e-05	0.24857	supercritical
431.00	63.000	3.4466	0.29014	4063.4	5891.3	41.642	10.404	14.561	1622.0	-0.047094	1.1507e-05	0.24897	supercritical
432.00	63.000	3.4388	0.29080	4073.8	5905.9	41.675	10.404	14.561	1623.7	-0.047163	1.1525e-05	0.24937	supercritical
433.00	63.000	3.4310	0.29146	4084.2	5920.4	41.709	10.404	14.561	1625.5	-0.047232	1.1543e-05	0.24976	supercritical
434.00	63.000	3.4233	0.29212	4094.6	5935.0	41.743	10.405	14.561	1627.3	-0.047301	1.1561e-05	0.25016	supercritical
435.00	63.000	3.4156	0.29277	4105.1	5949.5	41.776	10.405	14.561	1629.0	-0.047369	1.1580e-05	0.25056	supercritical
436.00	63.000	3.4080	0.29343	4115.5	5964.1	41.810	10.405	14.561	1630.8	-0.047437	1.1598e-05	0.25096	supercritical
437.00	63.000	3.4004	0.29409	4125.9	5978.7	41.843	10.405	14.561	1632.6	-0.047505	1.1616e-05	0.25135	supercritical
438.00	63.000	3.3928	0.29474	4136.3	5993.2	41.876	10.406	14.561	1634.3	-0.047572	1.1634e-05	0.25175	supercritical
439.00	63.000	3.3852	0.29540	4146.8	6007.8	41.909	10.406	14.561	1636.1	-0.047639	1.1653e-05	0.25214	supercritical
440.00	63.000	3.3777	0.29606	4157.2	6022.3	41.943	10.406	14.561	1637.8	-0.047705	1.1671e-05	0.25254	supercritical
441.00	63.000	3.3702	0.29672	4167.6	6036.9	41.976	10.406	14.561	1639.6	-0.047771	1.1689e-05	0.25294	supercritical
442.00	63.000	3.3628	0.29737	4178.0	6051.5	42.009	10.407	14.561	1641.3	-0.047837	1.1707e-05	0.25333	supercritical
443.00	63.000	3.3554	0.29803	4188.4	6066.0	42.041	10.407	14.561	1643.1	-0.047903	1.1726e-05	0.25373	supercritical
444.00	63.000	3.3480	0.29869	4198.9	6080.6	42.074	10.407	14.561	1644.8	-0.047968	1.1744e-05	0.25412	supercritical
445.00	63.000	3.3406	0.29934	4209.3	6095.1	42.107	10.407	14.561	1646.5	-0.048032	1.1762e-05	0.25452	supercritical
446.00	63.000	3.3333	0.30000	4219.7	6109.7	42.140	10.407	14.561	1648.3	-0.048097	1.1780e-05	0.25491	supercritical
447.00	63.000	3.3260	0.30066	4230.1	6124.3	42.172	10.408	14.561	1650.0	-0.048161	1.1798e-05	0.25530	supercritical
448.00	63.000	3.3188	0.30131	4240.5	6138.8	42.205	10.408	14.561	1651.8	-0.048224	1.1816e-05	0.25570	supercritical
449.00	63.000	3.3116	0.30197	4251.0	6153.4	42.237	10.408	14.561	1653.5	-0.048288	1.1834e-05	0.25609	supercritical
450.00	63.000	3.3044	0.30263	4261.4	6167.9	42.270	10.408	14.560	1655.2	-0.048351	1.1853e-05	0.25648	supercritical
451.00	63.000	3.2972	0.30328	4271.8	6182.5	42.302	10.409	14.560	1657.0	-0.048414	1.1871e-05	0.25688	supercritical
452.00	63.000	3.2901	0.30394	4282.2	6197.1	42.334	10.409	14.560	1658.7	-0.048476	1.1889e-05	0.25727	supercritical
453.00	63.000	3.2830	0.30460	4292.7	6211.6	42.366	10.409	14.560	1660.4	-0.048538	1.1907e-05	0.25766	supercritical
454.00	63.000	3.2759	0.30526	4303.1	6226.2	42.399	10.409	14.560	1662.2	-0.048600	1.1925e-05	0.25805	supercritical
455.00	63.000	3.2689	0.30591	4313.5	6240.8	42.431	10.409	14.560	1663.9	-0.048661	1.1943e-05	0.25845	supercritical
456.00	63.000	3.2619	0.30657	4323.9	6255.3	42.463	10.410	14.560	1665.6	-0.048722	1.1961e-05	0.25884	supercritical
457.00	63.000	3.2549	0.30723	4334.4	6269.9	42.495	10.410	14.560	1667.3	-0.048783	1.1979e-05	0.25923	supercritical
458.00	63.000	3.2480	0.30788	4344.8	6284.4	42.526	10.410	14.560	1669.0	-0.048843	1.1997e-05	0.25962	supercritical
459.00	63.000	3.2411	0.30854	4355.2	6299.0	42.558	10.410	14.560	1670.8	-0.048903	1.2015e-05	0.26001	supercritical
460.00	63.000	3.2342	0.30920	4365.6	6313.6	42.590	10.410	14.560	1672.5	-0.048963	1.2033e-05	0.26040	supercritical
461.00	63.000	3.2273	0.30985	4376.0	6328.1	42.621	10.411	14.560	1674.2	-0.049023	1.2051e-05	0.26079	supercritical
462.00	63.000	3.2205	0.31051	4386.5	6342.7	42.653	10.411	14.560	1675.9	-0.049082	1.2069e-05	0.26118	supercritical
463.00	63.000	3.2137	0.31117	4396.9	6357.2	42.684	10.411	14.560	1677.6	-0.049141	1.2087e-05	0.26157	supercritical
464.00	63.000	3.2070	0.31182	4407.3	6371.8	42.716	10.411	14.560	1679.3	-0.049199	1.2105e-05	0.26196	supercritical
465.00	63.000	3.2002	0.31248	4417.7	6386.4	42.747	10.411	14.560	1681.0	-0.049257	1.2123e-05	0.26235	supercritical
466.00	63.000	3.1935	0.31314	4428.2	6400.9	42.778	10.412	14.560	1682.7	-0.049315	1.2141e-05	0.26274	supercritical
467.00	63.000	3.1868	0.31379	4438.6	6415.5	42.810	10.412	14.560	1684.4	-0.049373	1.2159e-05	0.26313	supercritical
468.00	63.000	3.1802	0.31445	4449.0	6430.0	42.841	10.412	14.560	1686.1	-0.049430	1.2177e-05	0.26352	supercritical
469.00	63.000	3.1735	0.31511	4459.4	6444.6	42.872	10.412	14.560	1687.8	-0.049487	1.2195e-05	0.26391	supercritical
470.00	63.000	3.1669	0.31576	4469.9	6459.2	42.903	10.412	14.560	1689.5	-0.049544	1.2213e-05	0.26429	supercritical
471.00	63.000	3.1604	0.31642	4480.3	6473.7	42.934	10.413	14.560	1691.2	-0.049600	1.2230e-05	0.26468	supercritical
472.00	63.000	3.1538	0.31707	4490.7	6488.3	42.965	10.413	14.560	1692.9	-0.049656	1.2248e-05	0.26507	supercritical
473.00	63.000	3.1473	0.31773	4501.1	6502.8	42.996	10.413	14.560	1694.6	-0.049712	1.2266e-05	0.26546	supercritical
474.00	63.000	3.1408	0.31839	4511.5	6517.4	43.026	10.413	14.560	1696.3	-0.049768	1.2284e-05	0.26585	supercritical
475.00	63.000	3.1344	0.31904	4522.0	6531.9	43.057	10.413	14.560	1698.0	-0.049823	1.2302e-05	0.26623	supercritical
476.00	63.000	3.1279	0.31970	4532.4	6546.5	43.088	10.414	14.559	1699.7	-0.049878	1.2320e-05	0.26662	supercritical
477.00	63.000	3.1215	0.32036	4542.8	6561.1	43.118	10.414	14.559	1701.4	-0.049932	1.2338e-05	0.26701	supercritical
478.00	63.000	3.1151	0.32101	4553.2	6575.6	43.149	10.414	14.559	1703.1	-0.049987	1.2355e-05	0.26739	supercritical
479.00	63.000	3.1088	0.32167	4563.7	6590.2	43.179	10.414	14.559	1704.7	-0.050041	1.2373e-05	0.26778	supercritical
480.00	63.000	3.1025	0.32233	4574.1	6604.7	43.209	10.414	14.559	1706.4	-0.050095	1.2391e-05	0.26817	supercritical
481.00	63.000	3.0961	0.32298	4584.5	6619.3	43.240	10.414	14.559	1708.1	-0.050148	1.2409e-05	0.26855	supercritical
482.00	63.000	3.0899	0.32364	4594.9	6633.9	43.270	10.415	14.559	1709.8	-0.050201	1.2427e-05	0.26894	supercritical
483.00	63.000	3.0836	0.32429	4605.4	6648.4	43.300	10.415	14.559	1711.4	-0.050254	1.2444e-05	0.26932	supercritical
484.00	63.000	3.0774	0.32495	4615.8	6663.0	43.330	10.415	14.559	1713.1	-0.050307	1.2462e-05	0.26971	supercritical
485.00	63.000	3.0712	0.32561	4626.2	6677.5	43.360	10.415	14.559	1714.8	-0.050359	1.2480e-05	0.27009	supercritical
486.00	63.000	3.0650	0.32626	4636.6	6692.1	43.390	10.415	14.559	1716.5	-0.050412	1.2498e-05	0.27048	supercritical
487.00	63.000	3.0589	0.32692	4647.1	6706.7	43.420	10.416	14.559	1718.1	-0.050463	1.2515e-05	0.27086	supercritical
488.00	63.000	3.0527	0.32758	4657.5	6721.2	43.450	10.416	14.559	1719.8	-0.050515	1.2533e-05	0.27125	supercritical
489.00	63.000	3.0466	0.32823	4667.9	6735.8	43.480	10.416	14.559	1721.5	-0.050566	1.2551e-05	0.27163	supercritical
490.00	63.000	3.0405	0.32889	4678.3	6750.3	43.510	10.416	14.559	1723.1	-0.050617	1.2569e-05	0.27202	supercritical
491.00	63.000	3.0345	0.32954	4688.8	6764.9	43.539	10.416	14.559	1724.8	-0.050668	1.2586e-05	0.27240	supercritical
492.00	63.000	3.0285	0.33020	4699.2	6779.5	43.569	10.417	14.559	1726.5	-0.050719	1.2604e-05	0.27279	supercritical
493.00	63.000	3.0225	0.33086	4709.6	6794.0	43.598	10.417	14.559	1728.1	-0.050769	1.2622e-05	0.27317	supercritical
494.00	63.000	3.0165	0.33151	4720.0	6808.6	43.628	10.417	14.559	1729.8	-0.050819	1.2639e-05	0.27355	supercritical
495.00	63.000	3.0105	0.33217	4730.5	6823.1	43.657	10.417	14.559	1731.4	-0.050869	1.2657e-05	0.27394	supercritical
496.00	63.000	3.0046	0.33282	4740.9	6837.7	43.687	10.417	14.559	1733.1	-0.050918	1.2675e-05	0.27432	supercritical
497.00	63.000	2.9987	0.33348	4751.3	6852.3	43.716	10.418	14.559	1734.7	-0.050967	1.2692e-05	0.27470	supercritical
498.00	63.000	2.9928	0.33414	4761.8	6866.8	43.745	10.418	14.559	1736.4	-0.051016	1.2710e-05	0.27509	supercritical
499.00	63.000	2.9869	0.33479	4772.2	6881.4	43.775	10.418	14.559	1738.0	-0.051065	1.2728e-05	0.27547	supercritical
500.00	63.000	2.9811	0.33545	4782.6	6895.9	43.804	10.418	14.559	1739.7	-0.051113	1.2745e-05	0.27585	supercritical
501.00	63.000	2.9753	0.33610	4793.0	6910.5	43.833	10.418	14.559	1741.3	-0.051162	1.2763e-05	0.27623	supercritical
502.00	63.000	2.9695	0.33676	4803.5	6925.1	43.862	10.419	14.559	1743.0	-0.051210	1.2780e-05	0.27662	supercritical
503.00	63.000	2.9637	0.33742	4813.9	6939.6	43.891	10.419	14.559	1744.6	-0.051257	1.2798e-05	0.27700	supercritical
504.00	63.000	2.9579	0.33807	4824.3	6954.2	43.920	10.419	14.560	1746.2	-0.051305	1.2816e-05	0.27738	supercritical
505.00	63.000	2.9522	0.33873	4834.7	6968.7	43.949	10.419	14.560	1747.9	-0.051352	1.2833e-05	0.27776	supercritical
506.00	63.000	2.9465	0.33938	4845.2	6983.3	43.977	10.419	14.560	1749.5	-0.051399	1.2851e-05	0.27814	supercritical
507.00	63.000	2.9408	0.34004	4855.6	6997.8	44.006	10.420	14.560	1751.2	-0.051446	1.2868e-05	0.27852	supercritical
508.00	63.000	2.9352	0.34070	4866.0	7012.4	44.035	10.420	14.560	1752.8	-0.051492	1.2886e-05	0.27891	supercritical
509.00	63.000	2.9295	0.34135	4876.4	7027.0	44.064	10.420	14.560	1754.4	-0.051538	1.2903e-05	0.27929	supercritical
510.00	63.000	2.9239	0.34201	4886.9	7041.5	44.092	10.420	14.560	1756.1	-0.051584	1.2921e-05	0.27967	supercritical
511.00	63.000	2.9183	0.34266	4897.3	7056.1	44.121	10.421	14.560	1757.7	-0.051630	1.2938e-05	0.28005	supercritical
512.00	63.000	2.9127	0.34332	4907.7	7070.6	44.149	10.421	14.560	1759.3	-0.051675	1.2956e-05	0.28043	supercritical
513.00	63.000	2.9072	0.34398	4918.2	7085.2	44.177	10.421	14.560	1760.9	-0.051721	1.2973e-05	0.28081	supercritical
514.00	63.000	2.9016	0.34463	4928.6	7099.8	44.206	10.421	14.560	1762.6	-0.051766	1.2991e-05	0.28119	supercritical
515.00	63.000	2.8961	0.34529	4939.0	7114.3	44.234	10.421	14.560	1764.2	-0.051811	1.3008e-05	0.28157	supercritical
516.00	63.000	2.8906	0.34594	4949.4	7128.9	44.262	10.422	14.560	1765.8	-0.051855	1.3026e-05	0.28195	supercritical
517.00	63.000	2.8852	0.34660	4959.9	7143.4	44.291	10.422	14.560	1767.4	-0.051899	1.3043e-05	0.28233	supercritical
518.00	63.000	2.8797	0.34725	4970.3	7158.0	44.319	10.422	14.560	1769.0	-0.051943	1.3061e-05	0.28271	supercritical
519.00	63.000	2.8743	0.34791	4980.7	7172.6	44.347	10.422	14.560	1770.7	-0.051987	1.3078e-05	0.28309	supercritical
520.00	63.000	2.8689	0.34857	4991.2	7187.1	44.375	10.423	14.560	1772.3	-0.052031	1.3096e-05	0.28347	supercritical
521.00	63.000	2.8635	0.34922	5001.6	7201.7	44.403	10.423	14.560	1773.9	-0.052074	1.3113e-05	0.28385	supercritical
522.00	63.000	2.8581	0.34988	5012.0	7216.2	44.431	10.423	14.561	1775.5	-0.052118	1.3130e-05	0.28423	supercritical
523.00	63.000	2.8528	0.35053	5022.4	7230.8	44.459	10.423	14.561	1777.1	-0.052161	1.3148e-05	0.28461	supercritical
524.00	63.000	2.8475	0.35119	5032.9	7245.4	44.486	10.424	14.561	1778.7	-0.052203	1.3165e-05	0.28499	supercritical
525.00	63.000	2.8422	0.35184	5043.3	7259.9	44.514	10.424	14.561	1780.3	-0.052246	1.3183e-05	0.28536	supercritical
526.00	63.000	2.8369	0.35250	5053.7	7274.5	44.542	10.424	14.561	1781.9	-0.052288	1.3200e-05	0.28574	supercritical
527.00	63.000	2.8316	0.35316	5064.2	7289.1	44.570	10.424	14.561	1783.5	-0.052330	1.3217e-05	0.28612	supercritical
528.00	63.000	2.8264	0.35381	5074.6	7303.6	44.597	10.425	14.561	1785.1	-0.052372	1.3235e-05	0.28650	supercritical
529.00	63.000	2.8211	0.35447	5085.0	7318.2	44.625	10.425	14.561	1786.7	-0.052414	1.3252e-05	0.28688	supercritical
530.00	63.000	2.8159	0.35512	5095.5	7332.7	44.652	10.425	14.561	1788.3	-0.052455	1.3270e-05	0.28726	supercritical
531.00	63.000	2.8107	0.35578	5105.9	7347.3	44.680	10.425	14.561	1789.9	-0.052496	1.3287e-05	0.28763	supercritical
532.00	63.000	2.8056	0.35643	5116.3	7361.9	44.707	10.426	14.562	1791.5	-0.052537	1.3304e-05	0.28801	supercritical
533.00	63.000	2.8004	0.35709	5126.8	7376.4	44.734	10.426	14.562	1793.1	-0.052578	1.3322e-05	0.28839	supercritical
534.00	63.000	2.7953	0.35775	5137.2	7391.0	44.762	10.426	14.562	1794.7	-0.052618	1.3339e-05	0.28877	supercritical
535.00	63.000	2.7902	0.35840	5147.6	7405.5	44.789	10.426	14.562	1796.3	-0.052659	1.3356e-05	0.28915	supercritical
536.00	63.000	2.7851	0.35906	5158.0	7420.1	44.816	10.427	14.562	1797.9	-0.052699	1.3373e-05	0.28952	supercritical
537.00	63.000	2.7800	0.35971	5168.5	7434.7	44.843	10.427	14.562	1799.5	-0.052739	1.3391e-05	0.28990	supercritical
538.00	63.000	2.7749	0.36037	5178.9	7449.2	44.870	10.427	14.562	1801.1	-0.052779	1.3408e-05	0.29028	supercritical
539.00	63.000	2.7699	0.36102	5189.3	7463.8	44.897	10.427	14.562	1802.7	-0.052818	1.3425e-05	0.29066	supercritical
540.00	63.000	2.7649	0.36168	5199.8	7478.4	44.924	10.428	14.563	1804.3	-0.052857	1.3443e-05	0.29103	supercritical
541.00	63.000	2.7599	0.36233	5210.2	7492.9	44.951	10.428	14.563	1805.8	-0.052896	1.3460e-05	0.29141	supercritical
542.00	63.000	2.7549	0.36299	5220.6	7507.5	44.978	10.428	14.563	1807.4	-0.052935	1.3477e-05	0.29179	supercritical
543.00	63.000	2.7499	0.36365	5231.1	7522.0	45.005	10.429	14.563	1809.0	-0.052974	1.3494e-05	0.29216	supercritical
544.00	63.000	2.7450	0.36430	5241.5	7536.6	45.032	10.429	14.563	1810.6	-0.053012	1.3512e-05	0.29254	supercritical
545.00	63.000	2.7401	0.36496	5251.9	7551.2	45.059	10.429	14.563	1812.2	-0.053051	1.3529e-05	0.29292	supercritical
546.00	63.000	2.7351	0.36561	5262.4	7565.7	45.085	10.429	14.564	1813.7	-0.053089	1.3546e-05	0.29329	supercritical
547.00	63.000	2.7302	0.36627	5272.8	7580.3	45.112	10.430	14.564	1815.3	-0.053127	1.3563e-05	0.29367	supercritical
548.00	63.000	2.7254	0.36692	5283.2	7594.9	45.139	10.430	14.564	1816.9	-0.053164	1.3580e-05	0.29404	supercritical
549.00	63.000	2.7205	0.36758	5293.7	7609.4	45.165	10.430	14.564	1818.5	-0.053202	1.3598e-05	0.29442	supercritical
550.00	63.000	2.7157	0.36823	5304.1	7624.0	45.192	10.431	14.564	1820.0	-0.053239	1.3615e-05	0.29480	supercritical
551.00	63.000	2.7108	0.36889	5314.6	7638.6	45.218	10.431	14.564	1821.6	-0.053276	1.3632e-05	0.29517	supercritical
552.00	63.000	2.7060	0.36954	5325.0	7653.1	45.244	10.431	14.565	1823.2	-0.053313	1.3649e-05	0.29555	supercritical
553.00	63.000	2.7012	0.37020	5335.4	7667.7	45.271	10.432	14.565	1824.7	-0.053350	1.3666e-05	0.29592	supercritical
554.00	63.000	2.6965	0.37086	5345.9	7682.2	45.297	10.432	14.565	1826.3	-0.053386	1.3683e-05	0.29630	supercritical
555.00	63.000	2.6917	0.37151	5356.3	7696.8	45.323	10.432	14.565	1827.9	-0.053423	1.3701e-05	0.29668	supercritical
556.00	63.000	2.6870	0.37217	5366.7	7711.4	45.350	10.433	14.565	1829.4	-0.053459	1.3718e-05	0.29705	supercritical
557.00	63.000	2.6822	0.37282	5377.2	7725.9	45.376	10.433	14.566	1831.0	-0.053495	1.3735e-05	0.29743	supercritical
558.00	63.000	2.6775	0.37348	5387.6	7740.5	45.402	10.433	14.566	1832.5	-0.053530	1.3752e-05	0.29780	supercritical
559.00	63.000	2.6729	0.37413	5398.0	7755.1	45.428	10.433	14.566	1834.1	-0.053566	1.3769e-05	0.29818	supercritical
560.00	63.000	2.6682	0.37479	5408.5	7769.6	45.454	10.434	14.566	1835.6	-0.053601	1.3786e-05	0.29855	supercritical
561.00	63.000	2.6635	0.37544	5418.9	7784.2	45.480	10.434	14.566	1837.2	-0.053637	1.3803e-05	0.29893	supercritical
562.00	63.000	2.6589	0.37610	5429.4	7798.8	45.506	10.435	14.567	1838.7	-0.053672	1.3820e-05	0.29930	supercritical
563.00	63.000	2.6543	0.37675	5439.8	7813.3	45.532	10.435	14.567	1840.3	-0.053706	1.3837e-05	0.29968	supercritical
564.00	63.000	2.6496	0.37741	5450.2	7827.9	45.558	10.435	14.567	1841.8	-0.053741	1.3854e-05	0.30005	supercritical
565.00	63.000	2.6451	0.37806	5460.7	7842.5	45.584	10.436	14.567	1843.4	-0.053776	1.3871e-05	0.30043	supercritical
566.00	63.000	2.6405	0.37872	5471.1	7857.0	45.609	10.436	14.568	1844.9	-0.053810	1.3889e-05	0.30080	supercritical
567.00	63.000	2.6359	0.37937	5481.6	7871.6	45.635	10.436	14.568	1846.5	-0.053844	1.3906e-05	0.30117	supercritical
568.00	63.000	2.6314	0.38003	5492.0	7886.2	45.661	10.437	14.568	1848.0	-0.053878	1.3923e-05	0.30155	supercritical
569.00	63.000	2.6268	0.38068	5502.4	7900.7	45.686	10.437	14.568	1849.6	-0.053912	1.3940e-05	0.30192	supercritical
570.00	63.000	2.6223	0.38134	5512.9	7915.3	45.712	10.437	14.569	1851.1	-0.053945	1.3957e-05	0.30230	supercritical
571.00	63.000	2.6178	0.38200	5523.3	7929.9	45.737	10.438	14.569	1852.7	-0.053978	1.3974e-05	0.30267	supercritical
572.00	63.000	2.6134	0.38265	5533.8	7944.5	45.763	10.438	14.569	1854.2	-0.054012	1.3991e-05	0.30305	supercritical
573.00	63.000	2.6089	0.38331	5544.2	7959.0	45.788	10.438	14.569	1855.7	-0.054045	1.4008e-05	0.30342	supercritical
574.00	63.000	2.6044	0.38396	5554.6	7973.6	45.814	10.439	14.570	1857.3	-0.054077	1.4025e-05	0.30379	supercritical
575.00	63.000	2.6000	0.38462	5565.1	7988.2	45.839	10.439	14.570	1858.8	-0.054110	1.4042e-05	0.30417	supercritical
576.00	63.000	2.5956	0.38527	5575.5	8002.7	45.864	10.440	14.570	1860.3	-0.054143	1.4059e-05	0.30454	supercritical
577.00	63.000	2.5912	0.38593	5586.0	8017.3	45.890	10.440	14.570	1861.9	-0.054175	1.4076e-05	0.30492	supercritical
578.00	63.000	2.5868	0.38658	5596.4	8031.9	45.915	10.440	14.571	1863.4	-0.054207	1.4093e-05	0.30529	supercritical
579.00	63.000	2.5824	0.38724	5606.9	8046.4	45.940	10.441	14.571	1864.9	-0.054239	1.4109e-05	0.30566	supercritical
580.00	63.000	2.5780	0.38789	5617.3	8061.0	45.965	10.441	14.571	1866.5	-0.054271	1.4126e-05	0.30604	supercritical
581.00	63.000	2.5737	0.38855	5627.7	8075.6	45.990	10.441	14.571	1868.0	-0.054303	1.4143e-05	0.30641	supercritical
582.00	63.000	2.5694	0.38920	5638.2	8090.2	46.015	10.442	14.572	1869.5	-0.054334	1.4160e-05	0.30678	supercritical
583.00	63.000	2.5650	0.38986	5648.6	8104.7	46.040	10.442	14.572	1871.0	-0.054365	1.4177e-05	0.30716	supercritical
584.00	63.000	2.5607	0.39051	5659.1	8119.3	46.065	10.443	14.572	1872.5	-0.054397	1.4194e-05	0.30753	supercritical
585.00	63.000	2.5564	0.39117	5669.5	8133.9	46.090	10.443	14.573	1874.1	-0.054427	1.4211e-05	0.30790	supercritical
586.00	63.000	2.5522	0.39182	5680.0	8148.4	46.115	10.443	14.573	1875.6	-0.054458	1.4228e-05	0.30828	supercritical
587.00	63.000	2.5479	0.39248	5690.4	8163.0	46.140	10.444	14.573	1877.1	-0.054489	1.4245e-05	0.30865	supercritical
588.00	63.000	2.5437	0.39313	5700.9	8177.6	46.165	10.444	14.574	1878.6	-0.054519	1.4262e-05	0.30902	supercritical
589.00	63.000	2.5394	0.39379	5711.3	8192.2	46.190	10.445	14.574	1880.1	-0.054550	1.4279e-05	0.30939	supercritical
590.00	63.000	2.5352	0.39444	5721.8	8206.7	46.214	10.445	14.574	1881.7	-0.054580	1.4295e-05	0.30977	supercritical
591.00	63.000	2.5310	0.39510	5732.2	8221.3	46.239	10.446	14.575	1883.2	-0.054610	1.4312e-05	0.31014	supercritical
592.00	63.000	2.5268	0.39575	5742.6	8235.9	46.264	10.446	14.575	1884.7	-0.054640	1.4329e-05	0.31051	supercritical
593.00	63.000	2.5227	0.39641	5753.1	8250.5	46.288	10.446	14.575	1886.2	-0.054669	1.4346e-05	0.31089	supercritical
594.00	63.000	2.5185	0.39706	5763.5	8265.0	46.313	10.447	14.576	1887.7	-0.054699	1.4363e-05	0.31126	supercritical
595.00	63.000	2.5143	0.39772	5774.0	8279.6	46.337	10.447	14.576	1889.2	-0.054728	1.4380e-05	0.31163	supercritical
596.00	63.000	2.5102	0.39837	5784.4	8294.2	46.362	10.448	14.576	1890.7	-0.054758	1.4396e-05	0.31200	supercritical
597.00	63.000	2.5061	0.39903	5794.9	8308.8	46.386	10.448	14.577	1892.2	-0.054787	1.4413e-05	0.31238	supercritical
598.00	63.000	2.5020	0.39968	5805.3	8323.3	46.411	10.449	14.577	1893.7	-0.054815	1.4430e-05	0.31275	supercritical
599.00	63.000	2.4979	0.40034	5815.8	8337.9	46.435	10.449	14.577	1895.2	-0.054844	1.4447e-05	0.31312	supercritical
600.00	63.000	2.4938	0.40099	5826.2	8352.5	46.459	10.449	14.578	1896.7	-0.054873	1.4464e-05	0.31349	supercritical
601.00	63.000	2.4897	0.40165	5836.7	8367.1	46.484	10.450	14.578	1898.2	-0.054901	1.4480e-05	0.31387	supercritical
602.00	63.000	2.4857	0.40230	5847.1	8381.7	46.508	10.450	14.578	1899.7	-0.054929	1.4497e-05	0.31424	supercritical
603.00	63.000	2.4816	0.40296	5857.6	8396.2	46.532	10.451	14.579	1901.2	-0.054958	1.4514e-05	0.31461	supercritical
604.00	63.000	2.4776	0.40361	5868.1	8410.8	46.556	10.451	14.579	1902.7	-0.054986	1.4531e-05	0.31498	supercritical
605.00	63.000	2.4736	0.40427	5878.5	8425.4	46.580	10.452	14.579	1904.2	-0.055013	1.4548e-05	0.31535	supercritical
606.00	63.000	2.4696	0.40492	5889.0	8440.0	46.604	10.452	14.580	1905.7	-0.055041	1.4564e-05	0.31573	supercritical
607.00	63.000	2.4656	0.40558	5899.4	8454.6	46.628	10.453	14.580	1907.2	-0.055069	1.4581e-05	0.31610	supercritical
608.00	63.000	2.4616	0.40623	5909.9	8469.1	46.652	10.453	14.581	1908.7	-0.055096	1.4598e-05	0.31647	supercritical
609.00	63.000	2.4577	0.40689	5920.3	8483.7	46.676	10.454	14.581	1910.2	-0.055123	1.4614e-05	0.31684	supercritical
610.00	63.000	2.4537	0.40754	5930.8	8498.3	46.700	10.454	14.581	1911.6	-0.055150	1.4631e-05	0.31721	supercritical
611.00	63.000	2.4498	0.40820	5941.2	8512.9	46.724	10.455	14.582	1913.1	-0.055177	1.4648e-05	0.31759	supercritical
612.00	63.000	2.4459	0.40885	5951.7	8527.5	46.748	10.455	14.582	1914.6	-0.055204	1.4665e-05	0.31796	supercritical
613.00	63.000	2.4420	0.40951	5962.1	8542.0	46.772	10.456	14.583	1916.1	-0.055231	1.4681e-05	0.31833	supercritical
