Temperature (K)	Pressure (bar)	Density (kg/m3)	Volume (m3/kg)	Internal Energy (kJ/kg)	Enthalpy (kJ/kg)	Entropy (J/g*K)	Cv (J/g*K)	Cp (J/g*K)	Sound Spd. (m/s)	Joule-Thomson (K/bar)	Viscosity (Pa*s)	Therm. Cond. (W/m*K)	Phase
16.000	52.000	79.420	0.012591	-48.106	17.369	-2.7430	5.3095	7.0186	1393.8	-0.15493	2.7536e-05	0.10528	liquid
17.000	52.000	78.730	0.012702	-41.521	24.527	-2.3091	5.3970	7.3021	1379.6	-0.14755	2.4844e-05	0.10704	liquid
18.000	52.000	78.014	0.012818	-34.677	31.978	-1.8833	5.4836	7.6003	1364.9	-0.14026	2.2595e-05	0.10858	liquid
19.000	52.000	77.270	0.012942	-27.565	39.732	-1.4641	5.5667	7.9093	1349.4	-0.13313	2.0691e-05	0.10992	liquid
20.000	52.000	76.498	0.013072	-20.176	47.800	-1.0504	5.6466	8.2288	1333.1	-0.12617	1.9058e-05	0.11107	liquid
21.000	52.000	75.696	0.013211	-12.503	56.193	-0.64093	5.7237	8.5594	1316.0	-0.11934	1.7645e-05	0.11201	liquid
22.000	52.000	74.863	0.013358	-4.5381	64.922	-0.23490	5.7984	8.9016	1298.1	-0.11264	1.6411e-05	0.11277	liquid
23.000	52.000	73.998	0.013514	3.7279	74.000	0.16856	5.8704	9.2560	1279.4	-0.10602	1.5325e-05	0.11334	liquid
24.000	52.000	73.100	0.013680	12.303	83.439	0.57020	5.9394	9.6232	1259.9	-0.099453	1.4362e-05	0.11373	liquid
25.000	52.000	72.168	0.013857	21.196	93.251	0.97071	6.0051	10.004	1239.7	-0.092915	1.3502e-05	0.11394	liquid
26.000	52.000	71.199	0.014045	30.416	103.45	1.3707	6.0672	10.399	1218.7	-0.086366	1.2729e-05	0.11398	liquid
27.000	52.000	70.192	0.014247	39.973	114.05	1.7709	6.1255	10.810	1196.9	-0.079764	1.2029e-05	0.11387	liquid
28.000	52.000	69.146	0.014462	49.874	125.08	2.1717	6.1798	11.239	1174.4	-0.073064	1.1393e-05	0.11359	liquid
29.000	52.000	68.057	0.014694	60.133	136.54	2.5738	6.2299	11.687	1151.2	-0.066217	1.0811e-05	0.11316	liquid
30.000	52.000	66.923	0.014942	70.759	148.46	2.9779	6.2761	12.157	1127.3	-0.059171	1.0274e-05	0.11258	liquid
31.000	52.000	65.742	0.015211	81.765	160.86	3.3845	6.3184	12.652	1102.7	-0.051869	9.7778e-06	0.11186	liquid
32.000	52.000	64.511	0.015501	93.165	173.77	3.7944	6.3570	13.173	1077.4	-0.044251	9.3156e-06	0.11099	liquid
33.000	52.000	63.225	0.015816	104.97	187.22	4.2081	6.3921	13.724	1051.6	-0.036257	8.8832e-06	0.11004	liquid
34.000	52.000	61.883	0.016159	117.20	201.23	4.6264	6.4242	14.308	1025.2	-0.027823	8.4768e-06	0.10897	supercritical
35.000	52.000	60.481	0.016534	129.87	215.84	5.0499	6.4536	14.925	998.32	-0.018890	8.0932e-06	0.10776	supercritical
36.000	52.000	59.016	0.016945	142.98	231.09	5.4795	6.4808	15.578	971.14	-0.0094006	7.7298e-06	0.10643	supercritical
37.000	52.000	57.485	0.017396	156.55	247.01	5.9155	6.5063	16.262	943.80	0.00068888	7.3845e-06	0.10497	supercritical
38.000	52.000	55.888	0.017893	170.58	263.63	6.3586	6.5305	16.975	916.52	0.011405	7.0559e-06	0.10338	supercritical
39.000	52.000	54.226	0.018441	185.07	280.97	6.8090	6.5538	17.704	889.59	0.022747	6.7431e-06	0.10168	supercritical
40.000	52.000	52.502	0.019047	199.99	299.04	7.2664	6.5766	18.435	863.34	0.034674	6.4457e-06	0.099855	supercritical
41.000	52.000	50.723	0.019715	215.31	317.83	7.7304	6.5991	19.143	838.15	0.047093	6.1640e-06	0.097923	supercritical
42.000	52.000	48.901	0.020450	230.97	337.30	8.1997	6.6210	19.799	814.46	0.059859	5.8985e-06	0.095896	supercritical
43.000	52.000	47.051	0.021254	246.88	357.40	8.6725	6.6420	20.370	792.66	0.072770	5.6504e-06	0.093792	supercritical
44.000	52.000	45.193	0.022127	262.94	378.00	9.1462	6.6614	20.825	773.11	0.085581	5.4208e-06	0.091634	supercritical
45.000	52.000	43.350	0.023068	279.04	399.00	9.6180	6.6784	21.139	756.05	0.098028	5.2108e-06	0.089452	supercritical
46.000	52.000	41.543	0.024071	295.06	420.23	10.085	6.6922	21.301	741.60	0.10985	5.0210e-06	0.087274	supercritical
47.000	52.000	39.794	0.025129	310.88	441.55	10.543	6.7024	21.309	729.73	0.12083	4.8515e-06	0.085130	supercritical
48.000	52.000	38.120	0.026233	326.39	462.80	10.991	6.7087	21.179	720.33	0.13077	4.7021e-06	0.083034	supercritical
49.000	52.000	36.532	0.027373	341.53	483.87	11.425	6.7113	20.932	713.16	0.13956	4.5717e-06	0.080963	supercritical
50.000	52.000	35.039	0.028540	356.23	504.64	11.845	6.7106	20.595	707.96	0.14714	4.4590e-06	0.078711	supercritical
51.000	52.000	33.643	0.029724	370.47	525.04	12.249	6.7074	20.197	704.48	0.15350	4.3624e-06	0.077287	supercritical
52.000	52.000	32.343	0.030919	384.24	545.02	12.637	6.7024	19.760	702.44	0.15870	4.2802e-06	0.076026	supercritical
53.000	52.000	31.136	0.032118	397.54	564.55	13.009	6.6961	19.308	701.60	0.16281	4.2108e-06	0.074921	supercritical
54.000	52.000	30.016	0.033316	410.39	583.63	13.365	6.6892	18.854	701.77	0.16591	4.1526e-06	0.073961	supercritical
55.000	52.000	28.978	0.034509	422.82	602.27	13.707	6.6822	18.410	702.75	0.16814	4.1041e-06	0.073136	supercritical
56.000	52.000	28.015	0.035695	434.85	620.46	14.035	6.6754	17.985	704.39	0.16958	4.0640e-06	0.072432	supercritical
57.000	52.000	27.120	0.036873	446.50	638.24	14.350	6.6691	17.581	706.58	0.17035	4.0313e-06	0.071838	supercritical
58.000	52.000	26.288	0.038040	457.83	655.63	14.652	6.6636	17.202	709.21	0.17055	4.0049e-06	0.071343	supercritical
59.000	52.000	25.513	0.039196	468.84	672.66	14.943	6.6589	16.849	712.19	0.17025	3.9841e-06	0.070936	supercritical
60.000	52.000	24.789	0.040341	479.57	689.34	15.224	6.6551	16.521	715.45	0.16954	3.9680e-06	0.070609	supercritical
61.000	52.000	24.111	0.041474	490.04	705.70	15.494	6.6524	16.216	718.94	0.16848	3.9561e-06	0.070351	supercritical
62.000	52.000	23.476	0.042596	500.28	721.78	15.756	6.6507	15.935	722.61	0.16713	3.9479e-06	0.070158	supercritical
63.000	52.000	22.879	0.043707	510.30	737.58	16.008	6.6502	15.675	726.42	0.16554	3.9429e-06	0.070020	supercritical
64.000	52.000	22.318	0.044808	520.14	753.14	16.253	6.6507	15.435	730.34	0.16374	3.9407e-06	0.069934	supercritical
65.000	52.000	21.788	0.045898	529.79	768.46	16.491	6.6522	15.214	734.34	0.16179	3.9411e-06	0.069894	supercritical
66.000	52.000	21.287	0.046977	539.29	783.57	16.722	6.6549	15.009	738.41	0.15970	3.9436e-06	0.069895	supercritical
67.000	52.000	20.813	0.048048	548.64	798.48	16.946	6.6586	14.821	742.52	0.15750	3.9481e-06	0.069934	supercritical
68.000	52.000	20.363	0.049109	557.85	813.21	17.164	6.6634	14.646	746.66	0.15521	3.9543e-06	0.070007	supercritical
69.000	52.000	19.936	0.050161	566.94	827.78	17.377	6.6693	14.485	750.81	0.15286	3.9621e-06	0.070111	supercritical
70.000	52.000	19.530	0.051204	575.93	842.19	17.584	6.6761	14.336	754.98	0.15045	3.9714e-06	0.070244	supercritical
71.000	52.000	19.142	0.052240	584.81	856.45	17.787	6.6840	14.198	759.14	0.14800	3.9818e-06	0.070403	supercritical
72.000	52.000	18.773	0.053268	593.59	870.59	17.984	6.6928	14.070	763.30	0.14552	3.9935e-06	0.070585	supercritical
73.000	52.000	18.420	0.054289	602.30	884.60	18.177	6.7026	13.952	767.44	0.14302	4.0061e-06	0.070790	supercritical
74.000	52.000	18.082	0.055302	610.92	898.49	18.367	6.7133	13.842	771.57	0.14051	4.0197e-06	0.071015	supercritical
75.000	52.000	17.759	0.056309	619.48	912.28	18.552	6.7249	13.741	775.67	0.13800	4.0342e-06	0.071259	supercritical
76.000	52.000	17.449	0.057309	627.97	925.98	18.733	6.7374	13.647	779.75	0.13548	4.0494e-06	0.071521	supercritical
77.000	52.000	17.152	0.058304	636.40	939.58	18.911	6.7508	13.560	783.80	0.13298	4.0653e-06	0.071799	supercritical
78.000	52.000	16.866	0.059292	644.78	953.10	19.085	6.7649	13.479	787.83	0.13048	4.0818e-06	0.072093	supercritical
79.000	52.000	16.591	0.060275	653.11	966.54	19.256	6.7799	13.405	791.82	0.12800	4.0990e-06	0.072401	supercritical
80.000	52.000	16.326	0.061253	661.40	979.91	19.425	6.7957	13.336	795.78	0.12553	4.1166e-06	0.072723	supercritical
81.000	52.000	16.071	0.062225	669.64	993.21	19.590	6.8122	13.272	799.71	0.12308	4.1348e-06	0.073057	supercritical
82.000	52.000	15.825	0.063192	677.85	1006.5	19.752	6.8295	13.213	803.60	0.12066	4.1534e-06	0.073404	supercritical
83.000	52.000	15.587	0.064155	686.03	1019.6	19.912	6.8474	13.159	807.46	0.11826	4.1725e-06	0.073761	supercritical
84.000	52.000	15.358	0.065113	694.18	1032.8	20.070	6.8661	13.109	811.29	0.11589	4.1919e-06	0.074130	supercritical
85.000	52.000	15.136	0.066067	702.31	1045.9	20.224	6.8854	13.063	815.08	0.11355	4.2117e-06	0.074509	supercritical
86.000	52.000	14.922	0.067017	710.41	1058.9	20.377	6.9053	13.020	818.84	0.11123	4.2318e-06	0.074898	supercritical
87.000	52.000	14.714	0.067963	718.49	1071.9	20.527	6.9258	12.981	822.56	0.10894	4.2522e-06	0.075296	supercritical
88.000	52.000	14.513	0.068905	726.56	1084.9	20.675	6.9468	12.946	826.25	0.10668	4.2728e-06	0.075703	supercritical
89.000	52.000	14.318	0.069843	734.61	1097.8	20.821	6.9684	12.913	829.91	0.10446	4.2938e-06	0.076119	supercritical
90.000	52.000	14.129	0.070777	742.65	1110.7	20.966	6.9905	12.884	833.54	0.10226	4.3149e-06	0.076543	supercritical
91.000	52.000	13.945	0.071708	750.68	1123.6	21.108	7.0132	12.857	837.14	0.10010	4.3363e-06	0.076974	supercritical
92.000	52.000	13.767	0.072636	758.70	1136.4	21.248	7.0362	12.833	840.70	0.097968	4.3579e-06	0.077414	supercritical
93.000	52.000	13.594	0.073561	766.71	1149.2	21.387	7.0597	12.811	844.23	0.095869	4.3797e-06	0.077860	supercritical
94.000	52.000	13.426	0.074482	774.72	1162.0	21.524	7.0837	12.791	847.74	0.093802	4.4016e-06	0.078313	supercritical
95.000	52.000	13.262	0.075401	782.73	1174.8	21.659	7.1080	12.774	851.21	0.091767	4.4237e-06	0.078774	supercritical
96.000	52.000	13.103	0.076316	790.73	1187.6	21.793	7.1327	12.759	854.66	0.089765	4.4460e-06	0.079240	supercritical
97.000	52.000	12.948	0.077229	798.74	1200.3	21.925	7.1577	12.745	858.08	0.087795	4.4684e-06	0.079713	supercritical
98.000	52.000	12.798	0.078140	806.74	1213.1	22.055	7.1831	12.734	861.47	0.085857	4.4909e-06	0.080192	supercritical
99.000	52.000	12.651	0.079047	814.75	1225.8	22.185	7.2088	12.724	864.84	0.083951	4.5135e-06	0.080677	supercritical
100.00	52.000	12.507	0.079952	822.77	1238.5	22.313	7.2347	12.716	868.18	0.082077	4.5363e-06	0.081167	supercritical
101.00	52.000	12.368	0.080855	830.78	1251.2	22.439	7.2609	12.709	871.49	0.080233	4.5591e-06	0.081663	supercritical
102.00	52.000	12.232	0.081755	838.81	1263.9	22.564	7.2873	12.704	874.78	0.078421	4.5821e-06	0.082165	supercritical
103.00	52.000	12.099	0.082653	846.84	1276.6	22.688	7.3140	12.700	878.05	0.076640	4.6051e-06	0.082671	supercritical
104.00	52.000	11.969	0.083549	854.88	1289.3	22.811	7.3408	12.697	881.30	0.074889	4.6282e-06	0.083182	supercritical
105.00	52.000	11.842	0.084443	862.93	1302.0	22.932	7.3678	12.696	884.52	0.073168	4.6514e-06	0.083698	supercritical
106.00	52.000	11.719	0.085335	870.99	1314.7	23.053	7.3950	12.695	887.72	0.071477	4.6747e-06	0.084219	supercritical
107.00	52.000	11.598	0.086224	879.06	1327.4	23.172	7.4223	12.696	890.90	0.069816	4.6980e-06	0.084745	supercritical
108.00	52.000	11.479	0.087112	887.14	1340.1	23.290	7.4498	12.698	894.06	0.068183	4.7213e-06	0.085274	supercritical
109.00	52.000	11.364	0.087998	895.23	1352.8	23.407	7.4773	12.701	897.20	0.066578	4.7448e-06	0.085808	supercritical
110.00	52.000	11.251	0.088882	903.34	1365.5	23.523	7.5050	12.705	900.32	0.065002	4.7682e-06	0.086346	supercritical
111.00	52.000	11.140	0.089764	911.46	1378.2	23.638	7.5327	12.709	903.43	0.063453	4.7917e-06	0.086888	supercritical
112.00	52.000	11.032	0.090644	919.59	1390.9	23.752	7.5605	12.714	906.51	0.061931	4.8153e-06	0.087433	supercritical
113.00	52.000	10.926	0.091523	927.74	1403.7	23.865	7.5883	12.720	909.58	0.060436	4.8389e-06	0.087983	supercritical
114.00	52.000	10.822	0.092400	935.90	1416.4	23.977	7.6161	12.727	912.63	0.058968	4.8625e-06	0.088536	supercritical
115.00	52.000	10.721	0.093276	944.08	1429.1	24.088	7.6440	12.735	915.67	0.057525	4.8861e-06	0.089092	supercritical
116.00	52.000	10.621	0.094150	952.27	1441.9	24.199	7.6719	12.743	918.68	0.056108	4.9098e-06	0.089652	supercritical
117.00	52.000	10.524	0.095023	960.48	1454.6	24.308	7.6997	12.751	921.69	0.054715	4.9335e-06	0.090215	supercritical
118.00	52.000	10.428	0.095894	968.71	1467.4	24.417	7.7276	12.761	924.68	0.053347	4.9572e-06	0.090781	supercritical
119.00	52.000	10.334	0.096763	976.95	1480.1	24.524	7.7554	12.770	927.65	0.052003	4.9810e-06	0.091350	supercritical
120.00	52.000	10.243	0.097632	985.21	1492.9	24.631	7.7831	12.781	930.61	0.050683	5.0047e-06	0.091922	supercritical
121.00	52.000	10.152	0.098498	993.49	1505.7	24.737	7.8108	12.791	933.55	0.049386	5.0285e-06	0.092496	supercritical
122.00	52.000	10.064	0.099364	1001.8	1518.5	24.843	7.8385	12.802	936.49	0.048111	5.0523e-06	0.093073	supercritical
123.00	52.000	9.9772	0.10023	1010.1	1531.3	24.947	7.8661	12.814	939.41	0.046859	5.0760e-06	0.093653	supercritical
124.00	52.000	9.8920	0.10109	1018.4	1544.1	25.051	7.8936	12.826	942.31	0.045629	5.0998e-06	0.094235	supercritical
125.00	52.000	9.8084	0.10195	1026.8	1556.9	25.154	7.9210	12.838	945.21	0.044420	5.1236e-06	0.094820	supercritical
126.00	52.000	9.7263	0.10281	1035.2	1569.8	25.256	7.9483	12.850	948.09	0.043232	5.1474e-06	0.095407	supercritical
127.00	52.000	9.6457	0.10367	1043.5	1582.6	25.358	7.9755	12.863	950.96	0.042065	5.1712e-06	0.095996	supercritical
128.00	52.000	9.5665	0.10453	1051.9	1595.5	25.459	8.0026	12.876	953.82	0.040918	5.1950e-06	0.096586	supercritical
129.00	52.000	9.4886	0.10539	1060.4	1608.4	25.559	8.0295	12.890	956.67	0.039790	5.2188e-06	0.097179	supercritical
130.00	52.000	9.4122	0.10625	1068.8	1621.3	25.659	8.0564	12.903	959.50	0.038682	5.2426e-06	0.097774	supercritical
131.00	52.000	9.3370	0.10710	1077.3	1634.2	25.758	8.0831	12.917	962.33	0.037593	5.2664e-06	0.098370	supercritical
132.00	52.000	9.2632	0.10795	1085.8	1647.1	25.856	8.1096	12.931	965.15	0.036523	5.2902e-06	0.098969	supercritical
133.00	52.000	9.1905	0.10881	1094.3	1660.1	25.954	8.1361	12.945	967.95	0.035471	5.3140e-06	0.099568	supercritical
134.00	52.000	9.1191	0.10966	1102.8	1673.0	26.051	8.1623	12.959	970.75	0.034436	5.3377e-06	0.10017	supercritical
135.00	52.000	9.0489	0.11051	1111.3	1686.0	26.147	8.1884	12.974	973.54	0.033419	5.3615e-06	0.10077	supercritical
136.00	52.000	8.9798	0.11136	1119.9	1699.0	26.243	8.2144	12.989	976.32	0.032420	5.3852e-06	0.10138	supercritical
137.00	52.000	8.9118	0.11221	1128.5	1712.0	26.338	8.2402	13.003	979.08	0.031437	5.4090e-06	0.10198	supercritical
138.00	52.000	8.8449	0.11306	1137.1	1725.0	26.433	8.2658	13.018	981.84	0.030470	5.4327e-06	0.10259	supercritical
139.00	52.000	8.7791	0.11391	1145.7	1738.0	26.527	8.2912	13.033	984.60	0.029520	5.4564e-06	0.10319	supercritical
140.00	52.000	8.7143	0.11475	1154.3	1751.0	26.620	8.3165	13.048	987.34	0.028585	5.4801e-06	0.10380	supercritical
141.00	52.000	8.6506	0.11560	1163.0	1764.1	26.713	8.3416	13.063	990.07	0.027665	5.5038e-06	0.10441	supercritical
142.00	52.000	8.5878	0.11644	1171.6	1777.2	26.806	8.3665	13.078	992.80	0.026761	5.5275e-06	0.10502	supercritical
143.00	52.000	8.5260	0.11729	1180.3	1790.2	26.897	8.3912	13.093	995.52	0.025872	5.5511e-06	0.10563	supercritical
144.00	52.000	8.4651	0.11813	1189.1	1803.3	26.989	8.4157	13.108	998.23	0.024997	5.5748e-06	0.10624	supercritical
145.00	52.000	8.4051	0.11897	1197.8	1816.5	27.080	8.4401	13.123	1000.9	0.024136	5.5984e-06	0.10686	supercritical
146.00	52.000	8.3461	0.11982	1206.5	1829.6	27.170	8.4642	13.139	1003.6	0.023289	5.6220e-06	0.10747	supercritical
147.00	52.000	8.2879	0.12066	1215.3	1842.7	27.260	8.4882	13.154	1006.3	0.022455	5.6456e-06	0.10808	supercritical
148.00	52.000	8.2305	0.12150	1224.1	1855.9	27.349	8.5119	13.169	1009.0	0.021635	5.6692e-06	0.10870	supercritical
149.00	52.000	8.1740	0.12234	1232.9	1869.1	27.437	8.5355	13.184	1011.7	0.020828	5.6927e-06	0.10931	supercritical
150.00	52.000	8.1184	0.12318	1241.7	1882.3	27.526	8.5589	13.199	1014.3	0.020034	5.7163e-06	0.10992	supercritical
151.00	52.000	8.0635	0.12402	1250.6	1895.5	27.613	8.5820	13.215	1017.0	0.019252	5.7398e-06	0.11054	supercritical
152.00	52.000	8.0094	0.12485	1259.5	1908.7	27.701	8.6050	13.230	1019.6	0.018482	5.7633e-06	0.11115	supercritical
153.00	52.000	7.9560	0.12569	1268.3	1921.9	27.788	8.6277	13.245	1022.3	0.017724	5.7868e-06	0.11177	supercritical
154.00	52.000	7.9034	0.12653	1277.2	1935.2	27.874	8.6503	13.260	1024.9	0.016978	5.8102e-06	0.11238	supercritical
155.00	52.000	7.8515	0.12736	1286.2	1948.5	27.960	8.6726	13.275	1027.6	0.016244	5.8337e-06	0.11300	supercritical
156.00	52.000	7.8004	0.12820	1295.1	1961.7	28.045	8.6948	13.290	1030.2	0.015520	5.8571e-06	0.11361	supercritical
157.00	52.000	7.7499	0.12903	1304.1	1975.0	28.130	8.7167	13.305	1032.8	0.014808	5.8805e-06	0.11423	supercritical
158.00	52.000	7.7001	0.12987	1313.0	1988.3	28.215	8.7384	13.320	1035.4	0.014106	5.9038e-06	0.11484	supercritical
159.00	52.000	7.6510	0.13070	1322.0	2001.7	28.299	8.7600	13.334	1038.0	0.013415	5.9272e-06	0.11546	supercritical
160.00	52.000	7.6026	0.13153	1331.0	2015.0	28.382	8.7813	13.349	1040.6	0.012735	5.9505e-06	0.11607	supercritical
161.00	52.000	7.5548	0.13237	1340.1	2028.4	28.466	8.8024	13.364	1043.2	0.012064	5.9738e-06	0.11668	supercritical
162.00	52.000	7.5076	0.13320	1349.1	2041.7	28.548	8.8233	13.378	1045.8	0.011404	5.9971e-06	0.11730	supercritical
163.00	52.000	7.4610	0.13403	1358.2	2055.1	28.631	8.8440	13.393	1048.4	0.010753	6.0203e-06	0.11791	supercritical
164.00	52.000	7.4151	0.13486	1367.3	2068.5	28.713	8.8645	13.407	1051.0	0.010112	6.0436e-06	0.11852	supercritical
165.00	52.000	7.3697	0.13569	1376.4	2081.9	28.794	8.8848	13.422	1053.5	0.0094797	6.0668e-06	0.11914	supercritical
166.00	52.000	7.3249	0.13652	1385.5	2095.4	28.875	8.9048	13.436	1056.1	0.0088568	6.0900e-06	0.11975	supercritical
167.00	52.000	7.2807	0.13735	1394.6	2108.8	28.956	8.9247	13.450	1058.7	0.0082430	6.1131e-06	0.12036	supercritical
168.00	52.000	7.2370	0.13818	1403.7	2122.3	29.037	8.9444	13.464	1061.2	0.0076379	6.1363e-06	0.12097	supercritical
169.00	52.000	7.1939	0.13901	1412.9	2135.7	29.116	8.9639	13.478	1063.8	0.0070414	6.1594e-06	0.12158	supercritical
170.00	52.000	7.1513	0.13984	1422.1	2149.2	29.196	8.9831	13.492	1066.3	0.0064533	6.1825e-06	0.12219	supercritical
171.00	52.000	7.1092	0.14066	1431.3	2162.7	29.275	9.0022	13.506	1068.8	0.0058735	6.2055e-06	0.12280	supercritical
172.00	52.000	7.0676	0.14149	1440.5	2176.2	29.354	9.0211	13.519	1071.4	0.0053019	6.2286e-06	0.12341	supercritical
173.00	52.000	7.0266	0.14232	1449.7	2189.8	29.432	9.0397	13.533	1073.9	0.0047381	6.2516e-06	0.12401	supercritical
174.00	52.000	6.9860	0.14314	1459.0	2203.3	29.510	9.0582	13.546	1076.4	0.0041822	6.2746e-06	0.12462	supercritical
175.00	52.000	6.9460	0.14397	1468.2	2216.9	29.588	9.0765	13.560	1078.9	0.0036339	6.2976e-06	0.12522	supercritical
176.00	52.000	6.9064	0.14479	1477.5	2230.4	29.665	9.0945	13.573	1081.4	0.0030930	6.3205e-06	0.12583	supercritical
177.00	52.000	6.8673	0.14562	1486.8	2244.0	29.742	9.1124	13.586	1084.0	0.0025596	6.3434e-06	0.12643	supercritical
178.00	52.000	6.8286	0.14644	1496.1	2257.6	29.819	9.1301	13.599	1086.5	0.0020333	6.3663e-06	0.12704	supercritical
179.00	52.000	6.7904	0.14727	1505.4	2271.2	29.895	9.1476	13.612	1089.0	0.0015141	6.3892e-06	0.12764	supercritical
180.00	52.000	6.7526	0.14809	1514.8	2284.8	29.971	9.1649	13.625	1091.4	0.0010018	6.4120e-06	0.12824	supercritical
181.00	52.000	6.7153	0.14891	1524.1	2298.5	30.047	9.1820	13.637	1093.9	0.00049625	6.4349e-06	0.12884	supercritical
182.00	52.000	6.6784	0.14974	1533.5	2312.1	30.122	9.1989	13.650	1096.4	-2.5918e-06	6.4576e-06	0.12944	supercritical
183.00	52.000	6.6419	0.15056	1542.8	2325.8	30.197	9.2156	13.663	1098.9	-0.00049490	6.4804e-06	0.13004	supercritical
184.00	52.000	6.6058	0.15138	1552.2	2339.4	30.271	9.2321	13.675	1101.4	-0.00098079	6.5032e-06	0.13064	supercritical
185.00	52.000	6.5702	0.15220	1561.6	2353.1	30.345	9.2485	13.687	1103.8	-0.0014604	6.5259e-06	0.13123	supercritical
186.00	52.000	6.5349	0.15302	1571.1	2366.8	30.419	9.2647	13.699	1106.3	-0.0019338	6.5486e-06	0.13183	supercritical
187.00	52.000	6.5000	0.15385	1580.5	2380.5	30.492	9.2806	13.711	1108.8	-0.0024012	6.5712e-06	0.13242	supercritical
188.00	52.000	6.4655	0.15467	1590.0	2394.2	30.566	9.2964	13.723	1111.2	-0.0028626	6.5939e-06	0.13302	supercritical
189.00	52.000	6.4314	0.15549	1599.4	2407.9	30.638	9.3120	13.735	1113.7	-0.0033182	6.6165e-06	0.13361	supercritical
190.00	52.000	6.3977	0.15631	1608.9	2421.7	30.711	9.3275	13.747	1116.1	-0.0037681	6.6391e-06	0.13420	supercritical
191.00	52.000	6.3643	0.15713	1618.4	2435.4	30.783	9.3427	13.758	1118.5	-0.0042123	6.6617e-06	0.13479	supercritical
192.00	52.000	6.3313	0.15795	1627.9	2449.2	30.855	9.3578	13.770	1121.0	-0.0046510	6.6842e-06	0.13538	supercritical
193.00	52.000	6.2986	0.15877	1637.4	2463.0	30.927	9.3727	13.781	1123.4	-0.0050843	6.7067e-06	0.13597	supercritical
194.00	52.000	6.2663	0.15958	1646.9	2476.8	30.998	9.3874	13.792	1125.8	-0.0055123	6.7292e-06	0.13655	supercritical
195.00	52.000	6.2343	0.16040	1656.5	2490.6	31.069	9.4020	13.803	1128.3	-0.0059350	6.7517e-06	0.13714	supercritical
196.00	52.000	6.2027	0.16122	1666.0	2504.4	31.139	9.4164	13.814	1130.7	-0.0063527	6.7741e-06	0.13772	supercritical
197.00	52.000	6.1713	0.16204	1675.6	2518.2	31.210	9.4306	13.825	1133.1	-0.0067652	6.7966e-06	0.13831	supercritical
198.00	52.000	6.1404	0.16286	1685.2	2532.0	31.280	9.4446	13.836	1135.5	-0.0071729	6.8190e-06	0.13889	supercritical
199.00	52.000	6.1097	0.16367	1694.8	2545.9	31.349	9.4585	13.846	1137.9	-0.0075756	6.8413e-06	0.13947	supercritical
200.00	52.000	6.0793	0.16449	1704.4	2559.7	31.419	9.4722	13.857	1140.3	-0.0079736	6.8637e-06	0.14005	supercritical
201.00	52.000	6.0493	0.16531	1714.0	2573.6	31.488	9.4858	13.867	1142.7	-0.0083670	6.8860e-06	0.14063	supercritical
202.00	52.000	6.0196	0.16612	1723.6	2587.5	31.557	9.4992	13.878	1145.1	-0.0087557	6.9083e-06	0.14121	supercritical
203.00	52.000	5.9901	0.16694	1733.2	2601.3	31.625	9.5124	13.888	1147.5	-0.0091398	6.9306e-06	0.14178	supercritical
204.00	52.000	5.9610	0.16776	1742.9	2615.2	31.694	9.5254	13.898	1149.9	-0.0095196	6.9528e-06	0.14236	supercritical
205.00	52.000	5.9322	0.16857	1752.6	2629.1	31.762	9.5383	13.908	1152.3	-0.0098949	6.9750e-06	0.14293	supercritical
206.00	52.000	5.9036	0.16939	1762.2	2643.0	31.829	9.5511	13.918	1154.6	-0.010266	6.9972e-06	0.14350	supercritical
207.00	52.000	5.8753	0.17020	1771.9	2657.0	31.897	9.5637	13.927	1157.0	-0.010633	7.0194e-06	0.14407	supercritical
208.00	52.000	5.8473	0.17102	1781.6	2670.9	31.964	9.5761	13.937	1159.4	-0.010995	7.0415e-06	0.14464	supercritical
209.00	52.000	5.8196	0.17183	1791.3	2684.8	32.031	9.5884	13.947	1161.7	-0.011354	7.0637e-06	0.14521	supercritical
210.00	52.000	5.7922	0.17265	1801.0	2698.8	32.097	9.6005	13.956	1164.1	-0.011709	7.0858e-06	0.14578	supercritical
211.00	52.000	5.7650	0.17346	1810.8	2712.8	32.164	9.6125	13.965	1166.5	-0.012059	7.1078e-06	0.14635	supercritical
212.00	52.000	5.7380	0.17428	1820.5	2726.7	32.230	9.6243	13.975	1168.8	-0.012406	7.1299e-06	0.14691	supercritical
213.00	52.000	5.7114	0.17509	1830.2	2740.7	32.296	9.6360	13.984	1171.2	-0.012749	7.1519e-06	0.14748	supercritical
214.00	52.000	5.6850	0.17590	1840.0	2754.7	32.361	9.6475	13.993	1173.5	-0.013088	7.1739e-06	0.14804	supercritical
215.00	52.000	5.6588	0.17672	1849.8	2768.7	32.426	9.6589	14.001	1175.9	-0.013424	7.1959e-06	0.14860	supercritical
216.00	52.000	5.6329	0.17753	1859.5	2782.7	32.491	9.6702	14.010	1178.2	-0.013756	7.2179e-06	0.14916	supercritical
217.00	52.000	5.6072	0.17834	1869.3	2796.7	32.556	9.6813	14.019	1180.5	-0.014084	7.2398e-06	0.14972	supercritical
218.00	52.000	5.5818	0.17915	1879.1	2810.7	32.621	9.6922	14.027	1182.9	-0.014409	7.2617e-06	0.15028	supercritical
219.00	52.000	5.5566	0.17997	1888.9	2824.8	32.685	9.7031	14.036	1185.2	-0.014730	7.2836e-06	0.15083	supercritical
220.00	52.000	5.5316	0.18078	1898.7	2838.8	32.749	9.7137	14.044	1187.5	-0.015048	7.3055e-06	0.15139	supercritical
221.00	52.000	5.5069	0.18159	1908.6	2852.8	32.812	9.7243	14.052	1189.8	-0.015363	7.3273e-06	0.15194	supercritical
222.00	52.000	5.4824	0.18240	1918.4	2866.9	32.876	9.7347	14.061	1192.1	-0.015674	7.3491e-06	0.15249	supercritical
223.00	52.000	5.4581	0.18321	1928.3	2881.0	32.939	9.7450	14.069	1194.5	-0.015982	7.3709e-06	0.15305	supercritical
224.00	52.000	5.4340	0.18403	1938.1	2895.0	33.002	9.7551	14.077	1196.8	-0.016287	7.3927e-06	0.15360	supercritical
225.00	52.000	5.4102	0.18484	1948.0	2909.1	33.065	9.7652	14.084	1199.1	-0.016589	7.4144e-06	0.15414	supercritical
226.00	52.000	5.3865	0.18565	1957.8	2923.2	33.127	9.7750	14.092	1201.4	-0.016888	7.4361e-06	0.15469	supercritical
227.00	52.000	5.3631	0.18646	1967.7	2937.3	33.190	9.7848	14.100	1203.7	-0.017183	7.4578e-06	0.15524	supercritical
228.00	52.000	5.3399	0.18727	1977.6	2951.4	33.252	9.7944	14.107	1206.0	-0.017476	7.4795e-06	0.15578	supercritical
229.00	52.000	5.3169	0.18808	1987.5	2965.5	33.313	9.8039	14.115	1208.3	-0.017766	7.5011e-06	0.15633	supercritical
230.00	52.000	5.2941	0.18889	1997.4	2979.6	33.375	9.8133	14.122	1210.5	-0.018052	7.5228e-06	0.15687	supercritical
231.00	52.000	5.2715	0.18970	2007.3	2993.8	33.436	9.8226	14.129	1212.8	-0.018336	7.5444e-06	0.15741	supercritical
232.00	52.000	5.2490	0.19051	2017.2	3007.9	33.497	9.8317	14.136	1215.1	-0.018618	7.5660e-06	0.15795	supercritical
233.00	52.000	5.2268	0.19132	2027.2	3022.0	33.558	9.8407	14.144	1217.4	-0.018896	7.5875e-06	0.15849	supercritical
234.00	52.000	5.2048	0.19213	2037.1	3036.2	33.619	9.8496	14.150	1219.7	-0.019172	7.6091e-06	0.15903	supercritical
235.00	52.000	5.1830	0.19294	2047.1	3050.3	33.679	9.8584	14.157	1221.9	-0.019445	7.6306e-06	0.15957	supercritical
236.00	52.000	5.1613	0.19375	2057.0	3064.5	33.739	9.8671	14.164	1224.2	-0.019715	7.6521e-06	0.16010	supercritical
237.00	52.000	5.1399	0.19456	2067.0	3078.7	33.799	9.8756	14.171	1226.5	-0.019983	7.6735e-06	0.16063	supercritical
238.00	52.000	5.1186	0.19537	2076.9	3092.8	33.859	9.8840	14.177	1228.7	-0.020248	7.6950e-06	0.16117	supercritical
239.00	52.000	5.0975	0.19618	2086.9	3107.0	33.918	9.8924	14.184	1231.0	-0.020511	7.7164e-06	0.16170	supercritical
240.00	52.000	5.0766	0.19698	2096.9	3121.2	33.977	9.9006	14.190	1233.2	-0.020771	7.7378e-06	0.16223	supercritical
241.00	52.000	5.0558	0.19779	2106.9	3135.4	34.036	9.9087	14.197	1235.5	-0.021029	7.7592e-06	0.16276	supercritical
242.00	52.000	5.0352	0.19860	2116.9	3149.6	34.095	9.9166	14.203	1237.7	-0.021284	7.7806e-06	0.16329	supercritical
243.00	52.000	5.0148	0.19941	2126.9	3163.8	34.154	9.9245	14.209	1240.0	-0.021537	7.8019e-06	0.16381	supercritical
244.00	52.000	4.9946	0.20022	2136.9	3178.0	34.212	9.9323	14.215	1242.2	-0.021787	7.8232e-06	0.16434	supercritical
245.00	52.000	4.9745	0.20102	2146.9	3192.2	34.270	9.9399	14.221	1244.4	-0.022036	7.8445e-06	0.16487	supercritical
246.00	52.000	4.9546	0.20183	2156.9	3206.5	34.328	9.9475	14.227	1246.7	-0.022282	7.8658e-06	0.16539	supercritical
247.00	52.000	4.9349	0.20264	2167.0	3220.7	34.386	9.9549	14.233	1248.9	-0.022525	7.8870e-06	0.16591	supercritical
248.00	52.000	4.9153	0.20345	2177.0	3234.9	34.443	9.9623	14.239	1251.1	-0.022767	7.9083e-06	0.16643	supercritical
249.00	52.000	4.8959	0.20425	2187.1	3249.2	34.501	9.9695	14.244	1253.4	-0.023006	7.9295e-06	0.16695	supercritical
250.00	52.000	4.8766	0.20506	2197.1	3263.4	34.558	9.9767	14.250	1255.6	-0.023243	7.9507e-06	0.16747	supercritical
251.00	52.000	4.8575	0.20587	2207.2	3277.7	34.615	9.9837	14.256	1257.8	-0.023479	7.9718e-06	0.16799	supercritical
252.00	52.000	4.8385	0.20667	2217.2	3291.9	34.671	9.9907	14.261	1260.0	-0.023712	7.9930e-06	0.16851	supercritical
253.00	52.000	4.8197	0.20748	2227.3	3306.2	34.728	9.9975	14.266	1262.2	-0.023942	8.0141e-06	0.16902	supercritical
254.00	52.000	4.8010	0.20829	2237.4	3320.5	34.784	10.004	14.272	1264.4	-0.024171	8.0352e-06	0.16954	supercritical
255.00	52.000	4.7825	0.20909	2247.4	3334.7	34.840	10.011	14.277	1266.6	-0.024398	8.0563e-06	0.17005	supercritical
256.00	52.000	4.7642	0.20990	2257.5	3349.0	34.896	10.018	14.282	1268.8	-0.024623	8.0773e-06	0.17056	supercritical
257.00	52.000	4.7459	0.21071	2267.6	3363.3	34.952	10.024	14.287	1271.0	-0.024846	8.0984e-06	0.17107	supercritical
258.00	52.000	4.7278	0.21151	2277.7	3377.6	35.007	10.030	14.292	1273.2	-0.025067	8.1194e-06	0.17158	supercritical
259.00	52.000	4.7099	0.21232	2287.8	3391.9	35.063	10.037	14.297	1275.4	-0.025286	8.1404e-06	0.17209	supercritical
260.00	52.000	4.6921	0.21312	2297.9	3406.2	35.118	10.043	14.302	1277.6	-0.025503	8.1614e-06	0.17260	supercritical
261.00	52.000	4.6744	0.21393	2308.1	3420.5	35.173	10.049	14.306	1279.8	-0.025719	8.1823e-06	0.17311	supercritical
262.00	52.000	4.6569	0.21474	2318.2	3434.8	35.227	10.055	14.311	1282.0	-0.025932	8.2033e-06	0.17361	supercritical
263.00	52.000	4.6395	0.21554	2328.3	3449.1	35.282	10.061	14.316	1284.2	-0.026144	8.2242e-06	0.17412	supercritical
264.00	52.000	4.6222	0.21635	2338.4	3463.4	35.336	10.067	14.320	1286.3	-0.026354	8.2451e-06	0.17462	supercritical
265.00	52.000	4.6051	0.21715	2348.6	3477.8	35.390	10.073	14.325	1288.5	-0.026562	8.2659e-06	0.17512	supercritical
266.00	52.000	4.5881	0.21796	2358.7	3492.1	35.444	10.078	14.329	1290.7	-0.026769	8.2868e-06	0.17563	supercritical
267.00	52.000	4.5712	0.21876	2368.9	3506.4	35.498	10.084	14.334	1292.8	-0.026973	8.3076e-06	0.17613	supercritical
268.00	52.000	4.5544	0.21957	2379.0	3520.7	35.552	10.089	14.338	1295.0	-0.027176	8.3284e-06	0.17663	supercritical
269.00	52.000	4.5378	0.22037	2389.2	3535.1	35.605	10.095	14.342	1297.2	-0.027378	8.3492e-06	0.17712	supercritical
270.00	52.000	4.5213	0.22118	2399.3	3549.4	35.658	10.100	14.346	1299.3	-0.027578	8.3700e-06	0.17762	supercritical
271.00	52.000	4.5049	0.22198	2409.5	3563.8	35.711	10.105	14.350	1301.5	-0.027776	8.3908e-06	0.17812	supercritical
272.00	52.000	4.4887	0.22278	2419.7	3578.1	35.764	10.111	14.354	1303.6	-0.027972	8.4115e-06	0.17861	supercritical
273.00	52.000	4.4725	0.22359	2429.8	3592.5	35.817	10.116	14.358	1305.8	-0.028167	8.4322e-06	0.17911	supercritical
274.00	52.000	4.4565	0.22439	2440.0	3606.8	35.869	10.121	14.362	1307.9	-0.028361	8.4529e-06	0.17960	supercritical
275.00	52.000	4.4406	0.22520	2450.2	3621.2	35.922	10.126	14.366	1310.1	-0.028553	8.4736e-06	0.18009	supercritical
276.00	52.000	4.4248	0.22600	2460.4	3635.6	35.974	10.131	14.370	1312.2	-0.028743	8.4943e-06	0.18058	supercritical
277.00	52.000	4.4091	0.22680	2470.6	3650.0	36.026	10.135	14.373	1314.4	-0.028932	8.5149e-06	0.18108	supercritical
278.00	52.000	4.3935	0.22761	2480.8	3664.3	36.078	10.140	14.377	1316.5	-0.029119	8.5355e-06	0.18156	supercritical
279.00	52.000	4.3781	0.22841	2491.0	3678.7	36.129	10.145	14.381	1318.6	-0.029305	8.5561e-06	0.18205	supercritical
280.00	52.000	4.3627	0.22922	2501.2	3693.1	36.181	10.150	14.384	1320.8	-0.029489	8.5767e-06	0.18254	supercritical
281.00	52.000	4.3475	0.23002	2511.4	3707.5	36.232	10.154	14.388	1322.9	-0.029672	8.5973e-06	0.18303	supercritical
282.00	52.000	4.3323	0.23082	2521.6	3721.9	36.283	10.159	14.391	1325.0	-0.029854	8.6178e-06	0.18351	supercritical
283.00	52.000	4.3173	0.23163	2531.8	3736.3	36.334	10.163	14.394	1327.1	-0.030034	8.6383e-06	0.18400	supercritical
284.00	52.000	4.3024	0.23243	2542.0	3750.7	36.385	10.167	14.398	1329.2	-0.030213	8.6588e-06	0.18448	supercritical
285.00	52.000	4.2876	0.23323	2552.2	3765.1	36.436	10.172	14.401	1331.4	-0.030390	8.6793e-06	0.18496	supercritical
286.00	52.000	4.2729	0.23403	2562.5	3779.5	36.486	10.176	14.404	1333.5	-0.030566	8.6998e-06	0.18545	supercritical
287.00	52.000	4.2583	0.23484	2572.7	3793.9	36.536	10.180	14.407	1335.6	-0.030741	8.7202e-06	0.18593	supercritical
288.00	52.000	4.2438	0.23564	2582.9	3808.3	36.586	10.184	14.410	1337.7	-0.030914	8.7407e-06	0.18641	supercritical
289.00	52.000	4.2294	0.23644	2593.2	3822.7	36.636	10.188	14.414	1339.8	-0.031087	8.7611e-06	0.18689	supercritical
290.00	52.000	4.2150	0.23725	2603.4	3837.1	36.686	10.192	14.416	1341.9	-0.031257	8.7815e-06	0.18736	supercritical
291.00	52.000	4.2008	0.23805	2613.7	3851.5	36.736	10.196	14.419	1344.0	-0.031427	8.8019e-06	0.18784	supercritical
292.00	52.000	4.1867	0.23885	2623.9	3865.9	36.785	10.200	14.422	1346.1	-0.031595	8.8222e-06	0.18832	supercritical
293.00	52.000	4.1727	0.23965	2634.2	3880.4	36.835	10.203	14.425	1348.2	-0.031762	8.8426e-06	0.18879	supercritical
294.00	52.000	4.1588	0.24045	2644.4	3894.8	36.884	10.207	14.428	1350.3	-0.031928	8.8629e-06	0.18927	supercritical
295.00	52.000	4.1450	0.24126	2654.7	3909.2	36.933	10.211	14.431	1352.4	-0.032093	8.8832e-06	0.18974	supercritical
296.00	52.000	4.1312	0.24206	2664.9	3923.6	36.982	10.214	14.433	1354.5	-0.032256	8.9035e-06	0.19022	supercritical
297.00	52.000	4.1176	0.24286	2675.2	3938.1	37.030	10.218	14.436	1356.5	-0.032418	8.9237e-06	0.19069	supercritical
298.00	52.000	4.1040	0.24366	2685.5	3952.5	37.079	10.221	14.439	1358.6	-0.032579	8.9440e-06	0.19116	supercritical
299.00	52.000	4.0906	0.24446	2695.7	3967.0	37.127	10.225	14.441	1360.7	-0.032739	8.9642e-06	0.19163	supercritical
300.00	52.000	4.0772	0.24527	2706.0	3981.4	37.175	10.228	14.444	1362.8	-0.032898	8.9844e-06	0.19210	supercritical
301.00	52.000	4.0639	0.24607	2716.3	3995.8	37.223	10.231	14.446	1364.8	-0.033055	9.0046e-06	0.19257	supercritical
302.00	52.000	4.0507	0.24687	2726.6	4010.3	37.271	10.235	14.449	1366.9	-0.033212	9.0248e-06	0.19304	supercritical
303.00	52.000	4.0376	0.24767	2736.9	4024.7	37.319	10.238	14.451	1369.0	-0.033367	9.0450e-06	0.19350	supercritical
304.00	52.000	4.0246	0.24847	2747.1	4039.2	37.367	10.241	14.453	1371.0	-0.033521	9.0651e-06	0.19397	supercritical
305.00	52.000	4.0117	0.24927	2757.4	4053.6	37.414	10.244	14.455	1373.1	-0.033675	9.0852e-06	0.19443	supercritical
306.00	52.000	3.9988	0.25008	2767.7	4068.1	37.462	10.247	14.458	1375.2	-0.033827	9.1053e-06	0.19490	supercritical
307.00	52.000	3.9860	0.25088	2778.0	4082.6	37.509	10.250	14.460	1377.2	-0.033978	9.1254e-06	0.19536	supercritical
308.00	52.000	3.9733	0.25168	2788.3	4097.0	37.556	10.253	14.462	1379.3	-0.034128	9.1455e-06	0.19583	supercritical
309.00	52.000	3.9607	0.25248	2798.6	4111.5	37.603	10.256	14.464	1381.3	-0.034277	9.1656e-06	0.19629	supercritical
310.00	52.000	3.9482	0.25328	2808.9	4126.0	37.649	10.259	14.466	1383.4	-0.034424	9.1856e-06	0.19675	supercritical
311.00	52.000	3.9358	0.25408	2819.2	4140.4	37.696	10.262	14.468	1385.4	-0.034571	9.2056e-06	0.19721	supercritical
312.00	52.000	3.9234	0.25488	2829.5	4154.9	37.742	10.264	14.470	1387.5	-0.034717	9.2256e-06	0.19767	supercritical
313.00	52.000	3.9111	0.25568	2839.8	4169.4	37.789	10.267	14.472	1389.5	-0.034862	9.2456e-06	0.19813	supercritical
314.00	52.000	3.8989	0.25648	2850.1	4183.8	37.835	10.270	14.474	1391.5	-0.035006	9.2656e-06	0.19859	supercritical
315.00	52.000	3.8868	0.25728	2860.4	4198.3	37.881	10.272	14.476	1393.6	-0.035149	9.2856e-06	0.19905	supercritical
316.00	52.000	3.8747	0.25808	2870.7	4212.8	37.927	10.275	14.478	1395.6	-0.035290	9.3055e-06	0.19950	supercritical
317.00	52.000	3.8627	0.25888	2881.1	4227.3	37.973	10.278	14.480	1397.6	-0.035431	9.3254e-06	0.19996	supercritical
318.00	52.000	3.8508	0.25969	2891.4	4241.7	38.018	10.280	14.482	1399.7	-0.035571	9.3453e-06	0.20042	supercritical
319.00	52.000	3.8390	0.26049	2901.7	4256.2	38.064	10.283	14.483	1401.7	-0.035710	9.3652e-06	0.20087	supercritical
320.00	52.000	3.8272	0.26129	2912.0	4270.7	38.109	10.285	14.485	1403.7	-0.035849	9.3851e-06	0.20132	supercritical
321.00	52.000	3.8155	0.26209	2922.4	4285.2	38.154	10.287	14.487	1405.7	-0.035986	9.4050e-06	0.20178	supercritical
322.00	52.000	3.8039	0.26289	2932.7	4299.7	38.199	10.290	14.488	1407.8	-0.036122	9.4248e-06	0.20223	supercritical
323.00	52.000	3.7924	0.26369	2943.0	4314.2	38.244	10.292	14.490	1409.8	-0.036257	9.4446e-06	0.20268	supercritical
324.00	52.000	3.7809	0.26449	2953.3	4328.7	38.289	10.294	14.492	1411.8	-0.036392	9.4644e-06	0.20313	supercritical
325.00	52.000	3.7695	0.26529	2963.7	4343.2	38.334	10.296	14.493	1413.8	-0.036525	9.4842e-06	0.20358	supercritical
326.00	52.000	3.7582	0.26609	2974.0	4357.7	38.378	10.299	14.495	1415.8	-0.036658	9.5040e-06	0.20403	supercritical
327.00	52.000	3.7469	0.26689	2984.3	4372.1	38.423	10.301	14.496	1417.8	-0.036790	9.5238e-06	0.20448	supercritical
328.00	52.000	3.7357	0.26769	2994.7	4386.6	38.467	10.303	14.498	1419.8	-0.036921	9.5435e-06	0.20493	supercritical
329.00	52.000	3.7246	0.26849	3005.0	4401.1	38.511	10.305	14.499	1421.8	-0.037051	9.5632e-06	0.20538	supercritical
330.00	52.000	3.7135	0.26929	3015.4	4415.6	38.555	10.307	14.500	1423.8	-0.037180	9.5829e-06	0.20582	supercritical
331.00	52.000	3.7025	0.27009	3025.7	4430.1	38.599	10.309	14.502	1425.8	-0.037309	9.6026e-06	0.20627	supercritical
332.00	52.000	3.6916	0.27089	3036.0	4444.6	38.643	10.311	14.503	1427.8	-0.037436	9.6223e-06	0.20672	supercritical
333.00	52.000	3.6807	0.27168	3046.4	4459.1	38.686	10.313	14.504	1429.8	-0.037563	9.6420e-06	0.20716	supercritical
334.00	52.000	3.6699	0.27248	3056.7	4473.7	38.730	10.315	14.506	1431.8	-0.037689	9.6616e-06	0.20761	supercritical
335.00	52.000	3.6592	0.27328	3067.1	4488.2	38.773	10.316	14.507	1433.8	-0.037814	9.6813e-06	0.20805	supercritical
336.00	52.000	3.6485	0.27408	3077.4	4502.7	38.816	10.318	14.508	1435.8	-0.037938	9.7009e-06	0.20849	supercritical
337.00	52.000	3.6379	0.27488	3087.8	4517.2	38.859	10.320	14.509	1437.7	-0.038062	9.7205e-06	0.20894	supercritical
338.00	52.000	3.6274	0.27568	3098.1	4531.7	38.902	10.322	14.510	1439.7	-0.038185	9.7401e-06	0.20938	supercritical
339.00	52.000	3.6169	0.27648	3108.5	4546.2	38.945	10.324	14.512	1441.7	-0.038307	9.7596e-06	0.20982	supercritical
340.00	52.000	3.6065	0.27728	3118.9	4560.7	38.988	10.325	14.513	1443.7	-0.038428	9.7792e-06	0.21026	supercritical
341.00	52.000	3.5961	0.27808	3129.2	4575.2	39.031	10.327	14.514	1445.6	-0.038548	9.7987e-06	0.21070	supercritical
342.00	52.000	3.5858	0.27888	3139.6	4589.7	39.073	10.329	14.515	1447.6	-0.038668	9.8183e-06	0.21114	supercritical
343.00	52.000	3.5756	0.27968	3149.9	4604.3	39.115	10.330	14.516	1449.6	-0.038787	9.8378e-06	0.21158	supercritical
344.00	52.000	3.5654	0.28048	3160.3	4618.8	39.158	10.332	14.517	1451.5	-0.038905	9.8573e-06	0.21201	supercritical
345.00	52.000	3.5552	0.28127	3170.7	4633.3	39.200	10.333	14.518	1453.5	-0.039023	9.8768e-06	0.21245	supercritical
346.00	52.000	3.5452	0.28207	3181.0	4647.8	39.242	10.335	14.519	1455.5	-0.039140	9.8962e-06	0.21289	supercritical
347.00	52.000	3.5352	0.28287	3191.4	4662.3	39.284	10.336	14.520	1457.4	-0.039256	9.9157e-06	0.21332	supercritical
348.00	52.000	3.5252	0.28367	3201.8	4676.8	39.326	10.338	14.521	1459.4	-0.039371	9.9351e-06	0.21376	supercritical
349.00	52.000	3.5153	0.28447	3212.1	4691.4	39.367	10.339	14.522	1461.3	-0.039485	9.9545e-06	0.21419	supercritical
350.00	52.000	3.5055	0.28527	3222.5	4705.9	39.409	10.341	14.523	1463.3	-0.039599	9.9739e-06	0.21463	supercritical
351.00	52.000	3.4957	0.28607	3232.9	4720.4	39.450	10.342	14.524	1465.2	-0.039712	9.9933e-06	0.21506	supercritical
352.00	52.000	3.4860	0.28687	3243.2	4734.9	39.492	10.343	14.524	1467.2	-0.039825	1.0013e-05	0.21550	supercritical
353.00	52.000	3.4763	0.28766	3253.6	4749.5	39.533	10.345	14.525	1469.1	-0.039937	1.0032e-05	0.21593	supercritical
354.00	52.000	3.4667	0.28846	3264.0	4764.0	39.574	10.346	14.526	1471.1	-0.040048	1.0051e-05	0.21636	supercritical
355.00	52.000	3.4571	0.28926	3274.4	4778.5	39.615	10.347	14.527	1473.0	-0.040158	1.0071e-05	0.21679	supercritical
356.00	52.000	3.4476	0.29006	3284.7	4793.0	39.656	10.348	14.528	1474.9	-0.040268	1.0090e-05	0.21722	supercritical
357.00	52.000	3.4381	0.29086	3295.1	4807.6	39.696	10.350	14.528	1476.9	-0.040377	1.0109e-05	0.21765	supercritical
358.00	52.000	3.4287	0.29166	3305.5	4822.1	39.737	10.351	14.529	1478.8	-0.040486	1.0129e-05	0.21808	supercritical
359.00	52.000	3.4193	0.29245	3315.9	4836.6	39.778	10.352	14.530	1480.7	-0.040593	1.0148e-05	0.21851	supercritical
360.00	52.000	3.4100	0.29325	3326.2	4851.2	39.818	10.353	14.530	1482.7	-0.040700	1.0167e-05	0.21894	supercritical
361.00	52.000	3.4008	0.29405	3336.6	4865.7	39.858	10.354	14.531	1484.6	-0.040807	1.0186e-05	0.21937	supercritical
362.00	52.000	3.3916	0.29485	3347.0	4880.2	39.899	10.356	14.532	1486.5	-0.040913	1.0206e-05	0.21980	supercritical
363.00	52.000	3.3824	0.29565	3357.4	4894.8	39.939	10.357	14.532	1488.4	-0.041018	1.0225e-05	0.22023	supercritical
364.00	52.000	3.3733	0.29644	3367.8	4909.3	39.979	10.358	14.533	1490.3	-0.041123	1.0244e-05	0.22065	supercritical
365.00	52.000	3.3643	0.29724	3378.2	4923.8	40.018	10.359	14.534	1492.3	-0.041226	1.0263e-05	0.22108	supercritical
366.00	52.000	3.3552	0.29804	3388.5	4938.4	40.058	10.360	14.534	1494.2	-0.041330	1.0282e-05	0.22150	supercritical
367.00	52.000	3.3463	0.29884	3398.9	4952.9	40.098	10.361	14.535	1496.1	-0.041433	1.0302e-05	0.22193	supercritical
368.00	52.000	3.3374	0.29964	3409.3	4967.4	40.137	10.362	14.535	1498.0	-0.041535	1.0321e-05	0.22235	supercritical
369.00	52.000	3.3285	0.30043	3419.7	4982.0	40.177	10.363	14.536	1499.9	-0.041636	1.0340e-05	0.22278	supercritical
370.00	52.000	3.3197	0.30123	3430.1	4996.5	40.216	10.364	14.536	1501.8	-0.041737	1.0359e-05	0.22320	supercritical
371.00	52.000	3.3109	0.30203	3440.5	5011.0	40.255	10.365	14.537	1503.7	-0.041837	1.0378e-05	0.22362	supercritical
372.00	52.000	3.3022	0.30283	3450.9	5025.6	40.295	10.366	14.537	1505.6	-0.041937	1.0397e-05	0.22405	supercritical
373.00	52.000	3.2935	0.30362	3461.3	5040.1	40.334	10.366	14.538	1507.5	-0.042036	1.0416e-05	0.22447	supercritical
374.00	52.000	3.2849	0.30442	3471.6	5054.6	40.373	10.367	14.538	1509.4	-0.042135	1.0435e-05	0.22489	supercritical
375.00	52.000	3.2763	0.30522	3482.0	5069.2	40.411	10.368	14.539	1511.3	-0.042233	1.0454e-05	0.22531	supercritical
376.00	52.000	3.2678	0.30602	3492.4	5083.7	40.450	10.369	14.539	1513.2	-0.042330	1.0473e-05	0.22573	supercritical
377.00	52.000	3.2593	0.30682	3502.8	5098.3	40.489	10.370	14.540	1515.1	-0.042427	1.0493e-05	0.22615	supercritical
378.00	52.000	3.2508	0.30761	3513.2	5112.8	40.527	10.371	14.540	1517.0	-0.042523	1.0512e-05	0.22657	supercritical
379.00	52.000	3.2424	0.30841	3523.6	5127.3	40.566	10.372	14.541	1518.9	-0.042619	1.0531e-05	0.22699	supercritical
380.00	52.000	3.2341	0.30921	3534.0	5141.9	40.604	10.372	14.541	1520.7	-0.042714	1.0550e-05	0.22741	supercritical
381.00	52.000	3.2258	0.31000	3544.4	5156.4	40.642	10.373	14.541	1522.6	-0.042809	1.0568e-05	0.22783	supercritical
382.00	52.000	3.2175	0.31080	3554.8	5171.0	40.680	10.374	14.542	1524.5	-0.042903	1.0587e-05	0.22825	supercritical
383.00	52.000	3.2093	0.31160	3565.2	5185.5	40.718	10.375	14.542	1526.4	-0.042996	1.0606e-05	0.22866	supercritical
384.00	52.000	3.2011	0.31240	3575.6	5200.0	40.756	10.375	14.542	1528.3	-0.043089	1.0625e-05	0.22908	supercritical
385.00	52.000	3.1929	0.31319	3586.0	5214.6	40.794	10.376	14.543	1530.1	-0.043182	1.0644e-05	0.22950	supercritical
386.00	52.000	3.1848	0.31399	3596.4	5229.1	40.832	10.377	14.543	1532.0	-0.043274	1.0663e-05	0.22991	supercritical
387.00	52.000	3.1767	0.31479	3606.8	5243.7	40.869	10.377	14.543	1533.9	-0.043365	1.0682e-05	0.23033	supercritical
388.00	52.000	3.1687	0.31559	3617.2	5258.2	40.907	10.378	14.544	1535.7	-0.043456	1.0701e-05	0.23074	supercritical
389.00	52.000	3.1607	0.31638	3627.6	5272.8	40.944	10.379	14.544	1537.6	-0.043546	1.0720e-05	0.23116	supercritical
390.00	52.000	3.1528	0.31718	3638.0	5287.3	40.982	10.379	14.544	1539.5	-0.043636	1.0739e-05	0.23157	supercritical
391.00	52.000	3.1449	0.31798	3648.4	5301.9	41.019	10.380	14.545	1541.3	-0.043726	1.0757e-05	0.23199	supercritical
392.00	52.000	3.1370	0.31877	3658.8	5316.4	41.056	10.381	14.545	1543.2	-0.043814	1.0776e-05	0.23240	supercritical
393.00	52.000	3.1292	0.31957	3669.2	5330.9	41.093	10.381	14.545	1545.0	-0.043903	1.0795e-05	0.23281	supercritical
394.00	52.000	3.1214	0.32037	3679.6	5345.5	41.130	10.382	14.545	1546.9	-0.043991	1.0814e-05	0.23323	supercritical
395.00	52.000	3.1137	0.32116	3690.0	5360.0	41.167	10.382	14.546	1548.7	-0.044078	1.0833e-05	0.23364	supercritical
396.00	52.000	3.1060	0.32196	3700.4	5374.6	41.204	10.383	14.546	1550.6	-0.044165	1.0852e-05	0.23405	supercritical
397.00	52.000	3.0983	0.32276	3710.8	5389.1	41.240	10.384	14.546	1552.4	-0.044251	1.0870e-05	0.23446	supercritical
398.00	52.000	3.0907	0.32355	3721.2	5403.7	41.277	10.384	14.546	1554.3	-0.044337	1.0889e-05	0.23487	supercritical
399.00	52.000	3.0831	0.32435	3731.6	5418.2	41.314	10.385	14.546	1556.1	-0.044422	1.0908e-05	0.23528	supercritical
400.00	52.000	3.0755	0.32515	3742.0	5432.8	41.350	10.385	14.547	1558.0	-0.044507	1.0927e-05	0.23569	supercritical
401.00	52.000	3.0680	0.32594	3752.4	5447.3	41.386	10.386	14.547	1559.8	-0.044592	1.0945e-05	0.23610	supercritical
402.00	52.000	3.0605	0.32674	3762.8	5461.9	41.423	10.386	14.547	1561.6	-0.044675	1.0964e-05	0.23651	supercritical
403.00	52.000	3.0531	0.32754	3773.2	5476.4	41.459	10.387	14.547	1563.5	-0.044759	1.0983e-05	0.23692	supercritical
404.00	52.000	3.0457	0.32833	3783.6	5490.9	41.495	10.387	14.547	1565.3	-0.044842	1.1001e-05	0.23733	supercritical
405.00	52.000	3.0383	0.32913	3794.0	5505.5	41.531	10.388	14.547	1567.1	-0.044924	1.1020e-05	0.23774	supercritical
406.00	52.000	3.0310	0.32993	3804.4	5520.0	41.567	10.388	14.548	1569.0	-0.045007	1.1039e-05	0.23815	supercritical
407.00	52.000	3.0237	0.33072	3814.8	5534.6	41.602	10.389	14.548	1570.8	-0.045088	1.1057e-05	0.23855	supercritical
408.00	52.000	3.0164	0.33152	3825.2	5549.1	41.638	10.389	14.548	1572.6	-0.045169	1.1076e-05	0.23896	supercritical
409.00	52.000	3.0092	0.33232	3835.6	5563.7	41.674	10.390	14.548	1574.4	-0.045250	1.1094e-05	0.23937	supercritical
410.00	52.000	3.0020	0.33311	3846.0	5578.2	41.709	10.390	14.548	1576.3	-0.045330	1.1113e-05	0.23977	supercritical
411.00	52.000	2.9948	0.33391	3856.5	5592.8	41.745	10.390	14.548	1578.1	-0.045410	1.1132e-05	0.24018	supercritical
412.00	52.000	2.9877	0.33471	3866.9	5607.3	41.780	10.391	14.548	1579.9	-0.045489	1.1150e-05	0.24059	supercritical
413.00	52.000	2.9806	0.33550	3877.3	5621.9	41.815	10.391	14.549	1581.7	-0.045568	1.1169e-05	0.24099	supercritical
414.00	52.000	2.9736	0.33630	3887.7	5636.4	41.850	10.392	14.549	1583.5	-0.045647	1.1187e-05	0.24140	supercritical
415.00	52.000	2.9665	0.33709	3898.1	5651.0	41.886	10.392	14.549	1585.3	-0.045725	1.1206e-05	0.24180	supercritical
416.00	52.000	2.9595	0.33789	3908.5	5665.5	41.921	10.392	14.549	1587.1	-0.045803	1.1224e-05	0.24220	supercritical
417.00	52.000	2.9526	0.33869	3918.9	5680.1	41.955	10.393	14.549	1588.9	-0.045880	1.1243e-05	0.24261	supercritical
418.00	52.000	2.9457	0.33948	3929.3	5694.6	41.990	10.393	14.549	1590.7	-0.045957	1.1262e-05	0.24301	supercritical
419.00	52.000	2.9388	0.34028	3939.7	5709.2	42.025	10.394	14.549	1592.5	-0.046033	1.1280e-05	0.24341	supercritical
420.00	52.000	2.9319	0.34108	3950.1	5723.7	42.060	10.394	14.549	1594.3	-0.046109	1.1298e-05	0.24382	supercritical
421.00	52.000	2.9251	0.34187	3960.5	5738.3	42.094	10.394	14.549	1596.1	-0.046184	1.1317e-05	0.24422	supercritical
422.00	52.000	2.9183	0.34267	3970.9	5752.8	42.129	10.395	14.549	1597.9	-0.046259	1.1335e-05	0.24462	supercritical
423.00	52.000	2.9115	0.34346	3981.4	5767.4	42.163	10.395	14.549	1599.7	-0.046334	1.1354e-05	0.24502	supercritical
424.00	52.000	2.9048	0.34426	3991.8	5781.9	42.198	10.395	14.549	1601.5	-0.046408	1.1372e-05	0.24543	supercritical
425.00	52.000	2.8981	0.34506	4002.2	5796.5	42.232	10.396	14.550	1603.3	-0.046482	1.1391e-05	0.24583	supercritical
426.00	52.000	2.8914	0.34585	4012.6	5811.0	42.266	10.396	14.550	1605.1	-0.046556	1.1409e-05	0.24623	supercritical
427.00	52.000	2.8848	0.34665	4023.0	5825.6	42.300	10.396	14.550	1606.9	-0.046629	1.1428e-05	0.24663	supercritical
428.00	52.000	2.8782	0.34744	4033.4	5840.1	42.334	10.397	14.550	1608.7	-0.046702	1.1446e-05	0.24703	supercritical
429.00	52.000	2.8716	0.34824	4043.8	5854.7	42.368	10.397	14.550	1610.5	-0.046774	1.1464e-05	0.24743	supercritical
430.00	52.000	2.8650	0.34904	4054.2	5869.2	42.402	10.397	14.550	1612.2	-0.046846	1.1483e-05	0.24783	supercritical
431.00	52.000	2.8585	0.34983	4064.6	5883.8	42.436	10.398	14.550	1614.0	-0.046917	1.1501e-05	0.24823	supercritical
432.00	52.000	2.8520	0.35063	4075.1	5898.3	42.470	10.398	14.550	1615.8	-0.046988	1.1519e-05	0.24863	supercritical
433.00	52.000	2.8456	0.35142	4085.5	5912.9	42.503	10.398	14.550	1617.6	-0.047059	1.1538e-05	0.24902	supercritical
434.00	52.000	2.8391	0.35222	4095.9	5927.4	42.537	10.398	14.550	1619.3	-0.047129	1.1556e-05	0.24942	supercritical
435.00	52.000	2.8327	0.35301	4106.3	5942.0	42.570	10.399	14.550	1621.1	-0.047199	1.1574e-05	0.24982	supercritical
436.00	52.000	2.8264	0.35381	4116.7	5956.5	42.604	10.399	14.550	1622.9	-0.047269	1.1593e-05	0.25022	supercritical
437.00	52.000	2.8200	0.35461	4127.1	5971.1	42.637	10.399	14.550	1624.7	-0.047338	1.1611e-05	0.25062	supercritical
438.00	52.000	2.8137	0.35540	4137.5	5985.6	42.670	10.399	14.550	1626.4	-0.047407	1.1629e-05	0.25101	supercritical
439.00	52.000	2.8074	0.35620	4147.9	6000.2	42.704	10.400	14.550	1628.2	-0.047475	1.1648e-05	0.25141	supercritical
440.00	52.000	2.8012	0.35699	4158.4	6014.7	42.737	10.400	14.550	1629.9	-0.047543	1.1666e-05	0.25181	supercritical
441.00	52.000	2.7949	0.35779	4168.8	6029.3	42.770	10.400	14.550	1631.7	-0.047611	1.1684e-05	0.25220	supercritical
442.00	52.000	2.7887	0.35858	4179.2	6043.8	42.803	10.401	14.550	1633.5	-0.047678	1.1702e-05	0.25260	supercritical
443.00	52.000	2.7826	0.35938	4189.6	6058.4	42.836	10.401	14.550	1635.2	-0.047745	1.1720e-05	0.25299	supercritical
444.00	52.000	2.7764	0.36017	4200.0	6072.9	42.868	10.401	14.550	1637.0	-0.047812	1.1739e-05	0.25339	supercritical
445.00	52.000	2.7703	0.36097	4210.4	6087.5	42.901	10.401	14.550	1638.7	-0.047878	1.1757e-05	0.25379	supercritical
446.00	52.000	2.7642	0.36177	4220.8	6102.0	42.934	10.402	14.550	1640.5	-0.047944	1.1775e-05	0.25418	supercritical
447.00	52.000	2.7582	0.36256	4231.3	6116.6	42.966	10.402	14.550	1642.2	-0.048010	1.1793e-05	0.25457	supercritical
448.00	52.000	2.7521	0.36336	4241.7	6131.1	42.999	10.402	14.550	1644.0	-0.048075	1.1811e-05	0.25497	supercritical
449.00	52.000	2.7461	0.36415	4252.1	6145.7	43.031	10.402	14.550	1645.7	-0.048140	1.1830e-05	0.25536	supercritical
450.00	52.000	2.7401	0.36495	4262.5	6160.2	43.064	10.402	14.550	1647.5	-0.048204	1.1848e-05	0.25576	supercritical
451.00	52.000	2.7342	0.36574	4272.9	6174.8	43.096	10.403	14.550	1649.2	-0.048269	1.1866e-05	0.25615	supercritical
452.00	52.000	2.7282	0.36654	4283.3	6189.3	43.128	10.403	14.550	1650.9	-0.048332	1.1884e-05	0.25654	supercritical
453.00	52.000	2.7223	0.36733	4293.7	6203.9	43.160	10.403	14.550	1652.7	-0.048396	1.1902e-05	0.25694	supercritical
454.00	52.000	2.7164	0.36813	4304.1	6218.4	43.192	10.403	14.550	1654.4	-0.048459	1.1920e-05	0.25733	supercritical
455.00	52.000	2.7106	0.36892	4314.6	6233.0	43.224	10.404	14.550	1656.1	-0.048522	1.1938e-05	0.25772	supercritical
456.00	52.000	2.7048	0.36972	4325.0	6247.5	43.256	10.404	14.550	1657.9	-0.048584	1.1956e-05	0.25811	supercritical
457.00	52.000	2.6989	0.37052	4335.4	6262.1	43.288	10.404	14.550	1659.6	-0.048646	1.1974e-05	0.25851	supercritical
458.00	52.000	2.6932	0.37131	4345.8	6276.6	43.320	10.404	14.550	1661.3	-0.048708	1.1993e-05	0.25890	supercritical
459.00	52.000	2.6874	0.37211	4356.2	6291.2	43.352	10.404	14.550	1663.1	-0.048770	1.2011e-05	0.25929	supercritical
460.00	52.000	2.6817	0.37290	4366.6	6305.7	43.383	10.405	14.550	1664.8	-0.048831	1.2029e-05	0.25968	supercritical
461.00	52.000	2.6760	0.37370	4377.1	6320.3	43.415	10.405	14.550	1666.5	-0.048892	1.2047e-05	0.26007	supercritical
462.00	52.000	2.6703	0.37449	4387.5	6334.8	43.447	10.405	14.550	1668.2	-0.048952	1.2065e-05	0.26046	supercritical
463.00	52.000	2.6646	0.37529	4397.9	6349.4	43.478	10.405	14.550	1669.9	-0.049012	1.2083e-05	0.26085	supercritical
464.00	52.000	2.6590	0.37608	4408.3	6363.9	43.509	10.406	14.550	1671.7	-0.049072	1.2101e-05	0.26124	supercritical
465.00	52.000	2.6534	0.37688	4418.7	6378.5	43.541	10.406	14.550	1673.4	-0.049132	1.2119e-05	0.26163	supercritical
466.00	52.000	2.6478	0.37767	4429.1	6393.0	43.572	10.406	14.550	1675.1	-0.049191	1.2137e-05	0.26202	supercritical
467.00	52.000	2.6422	0.37847	4439.5	6407.6	43.603	10.406	14.550	1676.8	-0.049250	1.2155e-05	0.26241	supercritical
468.00	52.000	2.6367	0.37926	4450.0	6422.1	43.634	10.406	14.550	1678.5	-0.049308	1.2173e-05	0.26280	supercritical
469.00	52.000	2.6312	0.38006	4460.4	6436.7	43.665	10.407	14.550	1680.2	-0.049367	1.2191e-05	0.26319	supercritical
470.00	52.000	2.6257	0.38085	4470.8	6451.2	43.696	10.407	14.551	1681.9	-0.049424	1.2209e-05	0.26358	supercritical
471.00	52.000	2.6202	0.38165	4481.2	6465.8	43.727	10.407	14.551	1683.6	-0.049482	1.2226e-05	0.26397	supercritical
472.00	52.000	2.6148	0.38244	4491.6	6480.3	43.758	10.407	14.551	1685.3	-0.049539	1.2244e-05	0.26436	supercritical
473.00	52.000	2.6094	0.38324	4502.0	6494.9	43.789	10.407	14.551	1687.0	-0.049597	1.2262e-05	0.26475	supercritical
474.00	52.000	2.6040	0.38403	4512.5	6509.4	43.820	10.408	14.551	1688.7	-0.049653	1.2280e-05	0.26513	supercritical
475.00	52.000	2.5986	0.38483	4522.9	6524.0	43.850	10.408	14.551	1690.4	-0.049710	1.2298e-05	0.26552	supercritical
476.00	52.000	2.5932	0.38562	4533.3	6538.5	43.881	10.408	14.551	1692.1	-0.049766	1.2316e-05	0.26591	supercritical
477.00	52.000	2.5879	0.38642	4543.7	6553.1	43.911	10.408	14.551	1693.8	-0.049822	1.2334e-05	0.26630	supercritical
478.00	52.000	2.5826	0.38721	4554.1	6567.6	43.942	10.408	14.551	1695.5	-0.049877	1.2352e-05	0.26668	supercritical
479.00	52.000	2.5773	0.38801	4564.6	6582.2	43.972	10.409	14.551	1697.2	-0.049932	1.2370e-05	0.26707	supercritical
480.00	52.000	2.5720	0.38880	4575.0	6596.7	44.003	10.409	14.551	1698.9	-0.049987	1.2387e-05	0.26746	supercritical
481.00	52.000	2.5668	0.38960	4585.4	6611.3	44.033	10.409	14.551	1700.6	-0.050042	1.2405e-05	0.26784	supercritical
482.00	52.000	2.5615	0.39039	4595.8	6625.8	44.063	10.409	14.551	1702.3	-0.050096	1.2423e-05	0.26823	supercritical
483.00	52.000	2.5563	0.39119	4606.2	6640.4	44.093	10.409	14.551	1703.9	-0.050151	1.2441e-05	0.26862	supercritical
484.00	52.000	2.5511	0.39198	4616.6	6654.9	44.123	10.410	14.551	1705.6	-0.050204	1.2459e-05	0.26900	supercritical
485.00	52.000	2.5460	0.39278	4627.1	6669.5	44.153	10.410	14.551	1707.3	-0.050258	1.2476e-05	0.26939	supercritical
486.00	52.000	2.5408	0.39357	4637.5	6684.0	44.183	10.410	14.551	1709.0	-0.050311	1.2494e-05	0.26977	supercritical
487.00	52.000	2.5357	0.39436	4647.9	6698.6	44.213	10.410	14.551	1710.7	-0.050364	1.2512e-05	0.27016	supercritical
488.00	52.000	2.5306	0.39516	4658.3	6713.1	44.243	10.410	14.551	1712.3	-0.050417	1.2530e-05	0.27055	supercritical
489.00	52.000	2.5255	0.39595	4668.7	6727.7	44.273	10.411	14.551	1714.0	-0.050469	1.2547e-05	0.27093	supercritical
490.00	52.000	2.5205	0.39675	4679.1	6742.2	44.303	10.411	14.551	1715.7	-0.050521	1.2565e-05	0.27131	supercritical
491.00	52.000	2.5154	0.39754	4689.6	6756.8	44.332	10.411	14.551	1717.4	-0.050573	1.2583e-05	0.27170	supercritical
492.00	52.000	2.5104	0.39834	4700.0	6771.3	44.362	10.411	14.551	1719.0	-0.050625	1.2601e-05	0.27208	supercritical
493.00	52.000	2.5054	0.39913	4710.4	6785.9	44.392	10.411	14.551	1720.7	-0.050676	1.2618e-05	0.27247	supercritical
494.00	52.000	2.5005	0.39993	4720.8	6800.4	44.421	10.412	14.551	1722.4	-0.050727	1.2636e-05	0.27285	supercritical
495.00	52.000	2.4955	0.40072	4731.2	6815.0	44.450	10.412	14.551	1724.0	-0.050778	1.2654e-05	0.27324	supercritical
496.00	52.000	2.4906	0.40152	4741.7	6829.5	44.480	10.412	14.551	1725.7	-0.050828	1.2671e-05	0.27362	supercritical
497.00	52.000	2.4856	0.40231	4752.1	6844.1	44.509	10.412	14.551	1727.3	-0.050879	1.2689e-05	0.27400	supercritical
498.00	52.000	2.4807	0.40311	4762.5	6858.7	44.538	10.412	14.551	1729.0	-0.050929	1.2707e-05	0.27439	supercritical
499.00	52.000	2.4759	0.40390	4772.9	6873.2	44.568	10.413	14.551	1730.7	-0.050978	1.2724e-05	0.27477	supercritical
500.00	52.000	2.4710	0.40470	4783.3	6887.8	44.597	10.413	14.552	1732.3	-0.051028	1.2742e-05	0.27515	supercritical
501.00	52.000	2.4662	0.40549	4793.8	6902.3	44.626	10.413	14.552	1734.0	-0.051077	1.2760e-05	0.27554	supercritical
502.00	52.000	2.4613	0.40628	4804.2	6916.9	44.655	10.413	14.552	1735.6	-0.051126	1.2777e-05	0.27592	supercritical
503.00	52.000	2.4565	0.40708	4814.6	6931.4	44.684	10.414	14.552	1737.3	-0.051174	1.2795e-05	0.27630	supercritical
504.00	52.000	2.4517	0.40787	4825.0	6946.0	44.713	10.414	14.552	1738.9	-0.051223	1.2813e-05	0.27668	supercritical
505.00	52.000	2.4470	0.40867	4835.4	6960.5	44.741	10.414	14.552	1740.6	-0.051271	1.2830e-05	0.27707	supercritical
506.00	52.000	2.4422	0.40946	4845.9	6975.1	44.770	10.414	14.552	1742.2	-0.051319	1.2848e-05	0.27745	supercritical
507.00	52.000	2.4375	0.41026	4856.3	6989.6	44.799	10.414	14.552	1743.9	-0.051367	1.2865e-05	0.27783	supercritical
508.00	52.000	2.4328	0.41105	4866.7	7004.2	44.828	10.415	14.552	1745.5	-0.051414	1.2883e-05	0.27821	supercritical
509.00	52.000	2.4281	0.41185	4877.1	7018.7	44.856	10.415	14.552	1747.1	-0.051461	1.2900e-05	0.27859	supercritical
510.00	52.000	2.4234	0.41264	4887.5	7033.3	44.885	10.415	14.552	1748.8	-0.051508	1.2918e-05	0.27898	supercritical
511.00	52.000	2.4188	0.41343	4898.0	7047.8	44.913	10.415	14.552	1750.4	-0.051555	1.2936e-05	0.27936	supercritical
512.00	52.000	2.4141	0.41423	4908.4	7062.4	44.942	10.416	14.552	1752.0	-0.051601	1.2953e-05	0.27974	supercritical
513.00	52.000	2.4095	0.41502	4918.8	7076.9	44.970	10.416	14.553	1753.7	-0.051647	1.2971e-05	0.28012	supercritical
514.00	52.000	2.4049	0.41582	4929.2	7091.5	44.999	10.416	14.553	1755.3	-0.051693	1.2988e-05	0.28050	supercritical
515.00	52.000	2.4003	0.41661	4939.7	7106.0	45.027	10.416	14.553	1756.9	-0.051739	1.3006e-05	0.28088	supercritical
516.00	52.000	2.3957	0.41741	4950.1	7120.6	45.055	10.417	14.553	1758.6	-0.051784	1.3023e-05	0.28126	supercritical
517.00	52.000	2.3912	0.41820	4960.5	7135.1	45.083	10.417	14.553	1760.2	-0.051829	1.3041e-05	0.28164	supercritical
518.00	52.000	2.3867	0.41899	4970.9	7149.7	45.111	10.417	14.553	1761.8	-0.051874	1.3058e-05	0.28202	supercritical
519.00	52.000	2.3822	0.41979	4981.3	7164.2	45.139	10.417	14.553	1763.5	-0.051919	1.3076e-05	0.28240	supercritical
520.00	52.000	2.3777	0.42058	4991.8	7178.8	45.167	10.417	14.553	1765.1	-0.051964	1.3093e-05	0.28278	supercritical
521.00	52.000	2.3732	0.42138	5002.2	7193.4	45.195	10.418	14.553	1766.7	-0.052008	1.3110e-05	0.28316	supercritical
522.00	52.000	2.3687	0.42217	5012.6	7207.9	45.223	10.418	14.554	1768.3	-0.052052	1.3128e-05	0.28354	supercritical
523.00	52.000	2.3643	0.42297	5023.0	7222.5	45.251	10.418	14.554	1769.9	-0.052096	1.3145e-05	0.28392	supercritical
524.00	52.000	2.3598	0.42376	5033.5	7237.0	45.279	10.418	14.554	1771.6	-0.052139	1.3163e-05	0.28430	supercritical
525.00	52.000	2.3554	0.42455	5043.9	7251.6	45.307	10.419	14.554	1773.2	-0.052183	1.3180e-05	0.28468	supercritical
526.00	52.000	2.3510	0.42535	5054.3	7266.1	45.334	10.419	14.554	1774.8	-0.052226	1.3198e-05	0.28506	supercritical
527.00	52.000	2.3466	0.42614	5064.7	7280.7	45.362	10.419	14.554	1776.4	-0.052269	1.3215e-05	0.28544	supercritical
528.00	52.000	2.3423	0.42694	5075.2	7295.2	45.390	10.420	14.554	1778.0	-0.052311	1.3232e-05	0.28582	supercritical
529.00	52.000	2.3379	0.42773	5085.6	7309.8	45.417	10.420	14.554	1779.6	-0.052354	1.3250e-05	0.28620	supercritical
530.00	52.000	2.3336	0.42853	5096.0	7324.3	45.445	10.420	14.555	1781.2	-0.052396	1.3267e-05	0.28657	supercritical
531.00	52.000	2.3293	0.42932	5106.4	7338.9	45.472	10.420	14.555	1782.8	-0.052438	1.3285e-05	0.28695	supercritical
532.00	52.000	2.3250	0.43011	5116.9	7353.5	45.500	10.421	14.555	1784.4	-0.052480	1.3302e-05	0.28733	supercritical
533.00	52.000	2.3207	0.43091	5127.3	7368.0	45.527	10.421	14.555	1786.0	-0.052521	1.3319e-05	0.28771	supercritical
534.00	52.000	2.3164	0.43170	5137.7	7382.6	45.554	10.421	14.555	1787.6	-0.052563	1.3337e-05	0.28809	supercritical
535.00	52.000	2.3122	0.43250	5148.1	7397.1	45.581	10.421	14.555	1789.2	-0.052604	1.3354e-05	0.28847	supercritical
536.00	52.000	2.3079	0.43329	5158.6	7411.7	45.609	10.422	14.556	1790.8	-0.052645	1.3371e-05	0.28884	supercritical
537.00	52.000	2.3037	0.43408	5169.0	7426.2	45.636	10.422	14.556	1792.4	-0.052685	1.3389e-05	0.28922	supercritical
538.00	52.000	2.2995	0.43488	5179.4	7440.8	45.663	10.422	14.556	1794.0	-0.052726	1.3406e-05	0.28960	supercritical
539.00	52.000	2.2953	0.43567	5189.8	7455.3	45.690	10.423	14.556	1795.6	-0.052766	1.3423e-05	0.28998	supercritical
540.00	52.000	2.2911	0.43647	5200.3	7469.9	45.717	10.423	14.556	1797.2	-0.052806	1.3440e-05	0.29035	supercritical
541.00	52.000	2.2870	0.43726	5210.7	7484.5	45.744	10.423	14.556	1798.8	-0.052846	1.3458e-05	0.29073	supercritical
542.00	52.000	2.2828	0.43805	5221.1	7499.0	45.771	10.423	14.557	1800.4	-0.052885	1.3475e-05	0.29111	supercritical
543.00	52.000	2.2787	0.43885	5231.6	7513.6	45.797	10.424	14.557	1802.0	-0.052925	1.3492e-05	0.29149	supercritical
544.00	52.000	2.2746	0.43964	5242.0	7528.1	45.824	10.424	14.557	1803.6	-0.052964	1.3509e-05	0.29186	supercritical
545.00	52.000	2.2705	0.44044	5252.4	7542.7	45.851	10.424	14.557	1805.1	-0.053003	1.3527e-05	0.29224	supercritical
546.00	52.000	2.2664	0.44123	5262.8	7557.2	45.878	10.425	14.557	1806.7	-0.053042	1.3544e-05	0.29262	supercritical
547.00	52.000	2.2623	0.44202	5273.3	7571.8	45.904	10.425	14.558	1808.3	-0.053080	1.3561e-05	0.29299	supercritical
548.00	52.000	2.2583	0.44282	5283.7	7586.4	45.931	10.425	14.558	1809.9	-0.053119	1.3578e-05	0.29337	supercritical
549.00	52.000	2.2542	0.44361	5294.1	7600.9	45.957	10.426	14.558	1811.5	-0.053157	1.3596e-05	0.29375	supercritical
550.00	52.000	2.2502	0.44441	5304.6	7615.5	45.984	10.426	14.558	1813.0	-0.053195	1.3613e-05	0.29412	supercritical
551.00	52.000	2.2462	0.44520	5315.0	7630.0	46.010	10.426	14.558	1814.6	-0.053233	1.3630e-05	0.29450	supercritical
552.00	52.000	2.2422	0.44599	5325.4	7644.6	46.037	10.426	14.559	1816.2	-0.053270	1.3647e-05	0.29488	supercritical
553.00	52.000	2.2382	0.44679	5335.8	7659.1	46.063	10.427	14.559	1817.8	-0.053308	1.3664e-05	0.29525	supercritical
554.00	52.000	2.2342	0.44758	5346.3	7673.7	46.089	10.427	14.559	1819.3	-0.053345	1.3682e-05	0.29563	supercritical
555.00	52.000	2.2303	0.44838	5356.7	7688.3	46.116	10.427	14.559	1820.9	-0.053382	1.3699e-05	0.29600	supercritical
556.00	52.000	2.2263	0.44917	5367.1	7702.8	46.142	10.428	14.559	1822.5	-0.053418	1.3716e-05	0.29638	supercritical
557.00	52.000	2.2224	0.44996	5377.6	7717.4	46.168	10.428	14.560	1824.0	-0.053455	1.3733e-05	0.29675	supercritical
558.00	52.000	2.2185	0.45076	5388.0	7731.9	46.194	10.428	14.560	1825.6	-0.053491	1.3750e-05	0.29713	supercritical
559.00	52.000	2.2146	0.45155	5398.4	7746.5	46.220	10.429	14.560	1827.2	-0.053528	1.3767e-05	0.29751	supercritical
560.00	52.000	2.2107	0.45234	5408.9	7761.1	46.246	10.429	14.560	1828.7	-0.053564	1.3784e-05	0.29788	supercritical
561.00	52.000	2.2068	0.45314	5419.3	7775.6	46.272	10.429	14.561	1830.3	-0.053600	1.3801e-05	0.29826	supercritical
562.00	52.000	2.2030	0.45393	5429.7	7790.2	46.298	10.430	14.561	1831.8	-0.053635	1.3819e-05	0.29863	supercritical
563.00	52.000	2.1991	0.45473	5440.2	7804.7	46.324	10.430	14.561	1833.4	-0.053671	1.3836e-05	0.29901	supercritical
564.00	52.000	2.1953	0.45552	5450.6	7819.3	46.350	10.431	14.561	1835.0	-0.053706	1.3853e-05	0.29938	supercritical
565.00	52.000	2.1915	0.45631	5461.0	7833.9	46.376	10.431	14.562	1836.5	-0.053741	1.3870e-05	0.29976	supercritical
566.00	52.000	2.1877	0.45711	5471.5	7848.4	46.401	10.431	14.562	1838.1	-0.053776	1.3887e-05	0.30013	supercritical
567.00	52.000	2.1839	0.45790	5481.9	7863.0	46.427	10.432	14.562	1839.6	-0.053810	1.3904e-05	0.30051	supercritical
568.00	52.000	2.1801	0.45870	5492.3	7877.6	46.453	10.432	14.562	1841.2	-0.053845	1.3921e-05	0.30088	supercritical
569.00	52.000	2.1763	0.45949	5502.8	7892.1	46.478	10.432	14.563	1842.7	-0.053879	1.3938e-05	0.30126	supercritical
570.00	52.000	2.1726	0.46028	5513.2	7906.7	46.504	10.433	14.563	1844.3	-0.053913	1.3955e-05	0.30163	supercritical
571.00	52.000	2.1688	0.46108	5523.6	7921.2	46.529	10.433	14.563	1845.8	-0.053947	1.3972e-05	0.30201	supercritical
572.00	52.000	2.1651	0.46187	5534.1	7935.8	46.555	10.433	14.564	1847.4	-0.053981	1.3989e-05	0.30238	supercritical
573.00	52.000	2.1614	0.46266	5544.5	7950.4	46.580	10.434	14.564	1848.9	-0.054015	1.4006e-05	0.30275	supercritical
574.00	52.000	2.1577	0.46346	5555.0	7964.9	46.606	10.434	14.564	1850.4	-0.054048	1.4023e-05	0.30313	supercritical
575.00	52.000	2.1540	0.46425	5565.4	7979.5	46.631	10.435	14.564	1852.0	-0.054081	1.4040e-05	0.30350	supercritical
576.00	52.000	2.1503	0.46504	5575.8	7994.1	46.656	10.435	14.565	1853.5	-0.054115	1.4057e-05	0.30388	supercritical
577.00	52.000	2.1467	0.46584	5586.3	8008.6	46.682	10.435	14.565	1855.1	-0.054147	1.4074e-05	0.30425	supercritical
578.00	52.000	2.1430	0.46663	5596.7	8023.2	46.707	10.436	14.565	1856.6	-0.054180	1.4091e-05	0.30463	supercritical
579.00	52.000	2.1394	0.46743	5607.1	8037.8	46.732	10.436	14.566	1858.1	-0.054213	1.4108e-05	0.30500	supercritical
580.00	52.000	2.1358	0.46822	5617.6	8052.3	46.757	10.437	14.566	1859.7	-0.054245	1.4125e-05	0.30537	supercritical
581.00	52.000	2.1321	0.46901	5628.0	8066.9	46.782	10.437	14.566	1861.2	-0.054277	1.4142e-05	0.30575	supercritical
582.00	52.000	2.1285	0.46981	5638.5	8081.5	46.807	10.437	14.567	1862.7	-0.054309	1.4159e-05	0.30612	supercritical
583.00	52.000	2.1249	0.47060	5648.9	8096.0	46.832	10.438	14.567	1864.3	-0.054341	1.4176e-05	0.30649	supercritical
584.00	52.000	2.1214	0.47139	5659.3	8110.6	46.857	10.438	14.567	1865.8	-0.054373	1.4193e-05	0.30687	supercritical
585.00	52.000	2.1178	0.47219	5669.8	8125.2	46.882	10.439	14.567	1867.3	-0.054404	1.4210e-05	0.30724	supercritical
586.00	52.000	2.1142	0.47298	5680.2	8139.7	46.907	10.439	14.568	1868.8	-0.054436	1.4227e-05	0.30762	supercritical
587.00	52.000	2.1107	0.47377	5690.7	8154.3	46.932	10.439	14.568	1870.4	-0.054467	1.4244e-05	0.30799	supercritical
588.00	52.000	2.1072	0.47457	5701.1	8168.9	46.957	10.440	14.568	1871.9	-0.054498	1.4261e-05	0.30836	supercritical
589.00	52.000	2.1037	0.47536	5711.5	8183.4	46.982	10.440	14.569	1873.4	-0.054529	1.4277e-05	0.30874	supercritical
590.00	52.000	2.1002	0.47616	5722.0	8198.0	47.006	10.441	14.569	1874.9	-0.054559	1.4294e-05	0.30911	supercritical
591.00	52.000	2.0967	0.47695	5732.4	8212.6	47.031	10.441	14.570	1876.5	-0.054590	1.4311e-05	0.30948	supercritical
592.00	52.000	2.0932	0.47774	5742.9	8227.1	47.056	10.442	14.570	1878.0	-0.054620	1.4328e-05	0.30986	supercritical
593.00	52.000	2.0897	0.47854	5753.3	8241.7	47.080	10.442	14.570	1879.5	-0.054650	1.4345e-05	0.31023	supercritical
594.00	52.000	2.0862	0.47933	5763.8	8256.3	47.105	10.442	14.571	1881.0	-0.054680	1.4362e-05	0.31060	supercritical
595.00	52.000	2.0828	0.48012	5774.2	8270.8	47.129	10.443	14.571	1882.5	-0.054710	1.4379e-05	0.31097	supercritical
596.00	52.000	2.0794	0.48092	5784.6	8285.4	47.154	10.443	14.571	1884.0	-0.054740	1.4395e-05	0.31135	supercritical
597.00	52.000	2.0759	0.48171	5795.1	8300.0	47.178	10.444	14.572	1885.5	-0.054770	1.4412e-05	0.31172	supercritical
598.00	52.000	2.0725	0.48250	5805.5	8314.6	47.202	10.444	14.572	1887.1	-0.054799	1.4429e-05	0.31209	supercritical
599.00	52.000	2.0691	0.48330	5816.0	8329.1	47.227	10.445	14.572	1888.6	-0.054828	1.4446e-05	0.31247	supercritical
600.00	52.000	2.0657	0.48409	5826.4	8343.7	47.251	10.445	14.573	1890.1	-0.054857	1.4463e-05	0.31284	supercritical
601.00	52.000	2.0623	0.48488	5836.9	8358.3	47.275	10.446	14.573	1891.6	-0.054886	1.4480e-05	0.31321	supercritical
602.00	52.000	2.0590	0.48568	5847.3	8372.9	47.300	10.446	14.574	1893.1	-0.054915	1.4496e-05	0.31358	supercritical
603.00	52.000	2.0556	0.48647	5857.8	8387.4	47.324	10.447	14.574	1894.6	-0.054943	1.4513e-05	0.31396	supercritical
604.00	52.000	2.0523	0.48726	5868.2	8402.0	47.348	10.447	14.574	1896.1	-0.054972	1.4530e-05	0.31433	supercritical
605.00	52.000	2.0489	0.48806	5878.7	8416.6	47.372	10.447	14.575	1897.6	-0.055000	1.4547e-05	0.31470	supercritical
606.00	52.000	2.0456	0.48885	5889.1	8431.1	47.396	10.448	14.575	1899.1	-0.055028	1.4563e-05	0.31507	supercritical
607.00	52.000	2.0423	0.48965	5899.6	8445.7	47.420	10.448	14.576	1900.6	-0.055056	1.4580e-05	0.31545	supercritical
608.00	52.000	2.0390	0.49044	5910.0	8460.3	47.444	10.449	14.576	1902.1	-0.055084	1.4597e-05	0.31582	supercritical
609.00	52.000	2.0357	0.49123	5920.5	8474.9	47.468	10.449	14.576	1903.6	-0.055112	1.4614e-05	0.31619	supercritical
610.00	52.000	2.0324	0.49203	5930.9	8489.5	47.492	10.450	14.577	1905.1	-0.055139	1.4630e-05	0.31656	supercritical
611.00	52.000	2.0291	0.49282	5941.4	8504.0	47.516	10.450	14.577	1906.6	-0.055167	1.4647e-05	0.31694	supercritical
612.00	52.000	2.0259	0.49361	5951.8	8518.6	47.540	10.451	14.578	1908.0	-0.055194	1.4664e-05	0.31731	supercritical
613.00	52.000	2.0226	0.49441	5962.3	8533.2	47.564	10.451	14.578	1909.5	-0.055221	1.4681e-05	0.31768	supercritical
