Temperature (K)	Pressure (bar)	Density (kg/m3)	Volume (m3/kg)	Internal Energy (kJ/kg)	Enthalpy (kJ/kg)	Entropy (J/g*K)	Cv (J/g*K)	Cp (J/g*K)	Sound Spd. (m/s)	Joule-Thomson (K/bar)	Viscosity (Pa*s)	Therm. Cond. (W/m*K)	Phase
17.000	69.000	79.885	0.012518	-43.526	42.848	-2.4922	5.3844	7.1376	1428.2	-0.15097	2.6994e-05	0.10863	liquid
18.000	69.000	79.220	0.012623	-36.977	50.122	-2.0765	5.4721	7.4128	1414.7	-0.14410	2.4536e-05	0.11036	liquid
19.000	69.000	78.531	0.012734	-30.187	57.677	-1.6681	5.5574	7.6975	1400.6	-0.13740	2.2462e-05	0.11189	liquid
20.000	69.000	77.819	0.012850	-23.148	65.520	-1.2659	5.6399	7.9906	1386.0	-0.13087	2.0690e-05	0.11322	liquid
21.000	69.000	77.082	0.012973	-15.855	73.661	-0.86873	5.7198	8.2918	1370.7	-0.12452	1.9161e-05	0.11435	liquid
22.000	69.000	76.320	0.013103	-8.3025	82.106	-0.47589	5.7972	8.6012	1354.8	-0.11832	1.7830e-05	0.11530	liquid
23.000	69.000	75.532	0.013239	-0.48595	90.866	-0.086577	5.8719	8.9186	1338.3	-0.11226	1.6662e-05	0.11607	liquid
24.000	69.000	74.719	0.013384	7.5998	99.946	0.29984	5.9436	9.2438	1321.3	-0.10632	1.5630e-05	0.11666	liquid
25.000	69.000	73.878	0.013536	15.959	109.36	0.68391	6.0120	9.5767	1303.7	-0.10049	1.4713e-05	0.11708	liquid
26.000	69.000	73.010	0.013697	24.595	119.10	1.0661	6.0768	9.9173	1285.5	-0.094739	1.3891e-05	0.11734	liquid
27.000	69.000	72.114	0.013867	33.512	129.19	1.4469	6.1377	10.266	1266.8	-0.089042	1.3152e-05	0.11744	liquid
28.000	69.000	71.189	0.014047	42.712	139.64	1.8267	6.1945	10.622	1247.6	-0.083374	1.2482e-05	0.11740	liquid
29.000	69.000	70.235	0.014238	52.198	150.44	2.2058	6.2472	10.987	1228.0	-0.077706	1.1873e-05	0.11721	liquid
30.000	69.000	69.250	0.014440	61.973	161.61	2.5845	6.2957	11.360	1207.9	-0.072010	1.1315e-05	0.11689	liquid
31.000	69.000	68.233	0.014656	72.040	173.16	2.9632	6.3402	11.743	1187.3	-0.066256	1.0803e-05	0.11644	liquid
32.000	69.000	67.184	0.014884	82.400	185.10	3.3422	6.3807	12.136	1166.4	-0.060416	1.0329e-05	0.11587	liquid
33.000	69.000	66.102	0.015128	93.055	197.44	3.7218	6.4174	12.539	1145.1	-0.054459	9.8904e-06	0.11519	liquid
34.000	69.000	64.986	0.015388	104.01	210.18	4.1022	6.4505	12.952	1123.6	-0.048361	9.4818e-06	0.11439	supercritical
35.000	69.000	63.836	0.015665	115.26	223.35	4.4838	6.4802	13.376	1101.8	-0.042095	9.0999e-06	0.11350	supercritical
36.000	69.000	62.650	0.015962	126.80	236.94	4.8666	6.5070	13.809	1079.9	-0.035641	8.7418e-06	0.11254	supercritical
37.000	69.000	61.428	0.016279	138.64	250.97	5.2510	6.5309	14.251	1057.9	-0.028983	8.4052e-06	0.11150	supercritical
38.000	69.000	60.172	0.016619	150.77	265.44	5.6369	6.5524	14.699	1035.9	-0.022109	8.0879e-06	0.11038	supercritical
39.000	69.000	58.881	0.016983	163.18	280.37	6.0246	6.5716	15.151	1014.1	-0.015017	7.7883e-06	0.10918	supercritical
40.000	69.000	57.557	0.017374	175.86	295.74	6.4139	6.5891	15.602	992.67	-0.0077141	7.5052e-06	0.10790	supercritical
41.000	69.000	56.203	0.017793	188.80	311.57	6.8046	6.6049	16.046	971.65	-0.00021648	7.2376e-06	0.10656	supercritical
42.000	69.000	54.822	0.018241	201.97	327.83	7.1965	6.6193	16.477	951.24	0.0074456	6.9846e-06	0.10515	supercritical
43.000	69.000	53.419	0.018720	215.35	344.51	7.5891	6.6325	16.888	931.63	0.015230	6.7459e-06	0.10368	supercritical
44.000	69.000	51.998	0.019231	228.90	361.60	7.9817	6.6447	17.268	912.96	0.023081	6.5211e-06	0.10217	supercritical
45.000	69.000	50.568	0.019775	242.59	379.04	8.3737	6.6559	17.611	895.41	0.030935	6.3100e-06	0.10061	supercritical
46.000	69.000	49.134	0.020352	256.37	396.80	8.7641	6.6661	17.907	879.10	0.038717	6.1126e-06	0.099022	supercritical
47.000	69.000	47.707	0.020961	270.20	414.83	9.1519	6.6752	18.150	864.14	0.046348	5.9287e-06	0.097400	supercritical
48.000	69.000	46.293	0.021602	284.03	433.08	9.5361	6.6833	18.335	850.61	0.053751	5.7584e-06	0.095746	supercritical
49.000	69.000	44.900	0.022272	297.81	451.48	9.9155	6.6903	18.460	838.55	0.060850	5.6013e-06	0.094031	supercritical
50.000	69.000	43.538	0.022968	311.50	469.98	10.289	6.6960	18.526	827.95	0.067578	5.4573e-06	0.092093	supercritical
51.000	69.000	42.212	0.023690	325.06	488.52	10.656	6.7006	18.534	818.78	0.073875	5.3260e-06	0.090670	supercritical
52.000	69.000	40.927	0.024433	338.44	507.03	11.016	6.7040	18.489	810.99	0.079697	5.2068e-06	0.089315	supercritical
53.000	69.000	39.689	0.025196	351.63	525.48	11.367	6.7063	18.398	804.48	0.085010	5.0992e-06	0.088036	supercritical
54.000	69.000	38.501	0.025973	364.60	543.82	11.710	6.7077	18.268	799.16	0.089794	5.0025e-06	0.086840	supercritical
55.000	69.000	37.363	0.026764	377.33	562.01	12.044	6.7084	18.105	794.93	0.094043	4.9160e-06	0.085729	supercritical
56.000	69.000	36.278	0.027565	389.82	580.02	12.368	6.7086	17.917	791.69	0.097761	4.8390e-06	0.084705	supercritical
57.000	69.000	35.244	0.028373	402.06	597.83	12.684	6.7084	17.711	789.32	0.10096	4.7706e-06	0.083769	supercritical
58.000	69.000	34.262	0.029187	414.04	615.44	12.990	6.7080	17.492	787.73	0.10367	4.7103e-06	0.082919	supercritical
59.000	69.000	33.328	0.030005	425.78	632.82	13.287	6.7077	17.267	786.83	0.10590	4.6573e-06	0.082152	supercritical
60.000	69.000	32.443	0.030824	437.28	649.97	13.575	6.7075	17.038	786.53	0.10770	4.6109e-06	0.081466	supercritical
61.000	69.000	31.602	0.031643	448.55	666.89	13.855	6.7078	16.811	786.76	0.10910	4.5704e-06	0.080855	supercritical
62.000	69.000	30.805	0.032462	459.60	683.59	14.126	6.7084	16.587	787.44	0.11013	4.5355e-06	0.080316	supercritical
63.000	69.000	30.049	0.033279	470.44	700.07	14.390	6.7097	16.368	788.52	0.11083	4.5054e-06	0.079845	supercritical
64.000	69.000	29.330	0.034094	481.08	716.33	14.646	6.7116	16.157	789.93	0.11123	4.4797e-06	0.079438	supercritical
65.000	69.000	28.648	0.034906	491.53	732.38	14.895	6.7142	15.953	791.64	0.11136	4.4581e-06	0.079089	supercritical
66.000	69.000	28.000	0.035715	501.81	748.24	15.137	6.7176	15.759	793.60	0.11125	4.4401e-06	0.078795	supercritical
67.000	69.000	27.382	0.036520	511.92	763.90	15.373	6.7218	15.574	795.78	0.11092	4.4254e-06	0.078553	supercritical
68.000	69.000	26.795	0.037321	521.88	779.39	15.602	6.7269	15.398	798.14	0.11042	4.4136e-06	0.078358	supercritical
69.000	69.000	26.235	0.038117	531.69	794.70	15.826	6.7328	15.231	800.65	0.10974	4.4046e-06	0.078207	supercritical
70.000	69.000	25.700	0.038910	541.38	809.85	16.044	6.7396	15.074	803.30	0.10892	4.3979e-06	0.078097	supercritical
71.000	69.000	25.190	0.039698	550.94	824.85	16.256	6.7473	14.925	806.06	0.10798	4.3935e-06	0.078025	supercritical
72.000	69.000	24.702	0.040482	560.38	839.71	16.464	6.7558	14.785	808.92	0.10693	4.3911e-06	0.077989	supercritical
73.000	69.000	24.235	0.041262	569.72	854.43	16.667	6.7652	14.654	811.85	0.10578	4.3906e-06	0.077986	supercritical
74.000	69.000	23.788	0.042037	578.96	869.02	16.866	6.7755	14.530	814.85	0.10455	4.3918e-06	0.078013	supercritical
75.000	69.000	23.360	0.042809	588.11	883.49	17.060	6.7867	14.414	817.90	0.10325	4.3944e-06	0.078069	supercritical
76.000	69.000	22.949	0.043576	597.17	897.85	17.250	6.7986	14.305	821.00	0.10189	4.3985e-06	0.078153	supercritical
77.000	69.000	22.554	0.044339	606.16	912.10	17.437	6.8114	14.203	824.13	0.10048	4.4039e-06	0.078261	supercritical
78.000	69.000	22.174	0.045098	615.08	926.26	17.619	6.8251	14.107	827.29	0.099022	4.4105e-06	0.078393	supercritical
79.000	69.000	21.809	0.045853	623.93	940.32	17.798	6.8394	14.018	830.47	0.097533	4.4182e-06	0.078546	supercritical
80.000	69.000	21.457	0.046605	632.72	954.29	17.974	6.8546	13.934	833.67	0.096015	4.4269e-06	0.078721	supercritical
81.000	69.000	21.118	0.047353	641.45	968.19	18.147	6.8705	13.856	836.88	0.094474	4.4365e-06	0.078915	supercritical
82.000	69.000	20.791	0.048098	650.13	982.01	18.316	6.8871	13.783	840.09	0.092915	4.4470e-06	0.079128	supercritical
83.000	69.000	20.476	0.048839	658.77	995.75	18.483	6.9044	13.715	843.31	0.091342	4.4583e-06	0.079358	supercritical
84.000	69.000	20.171	0.049576	667.36	1009.4	18.647	6.9224	13.651	846.52	0.089759	4.4703e-06	0.079604	supercritical
85.000	69.000	19.876	0.050311	675.91	1023.1	18.808	6.9410	13.592	849.74	0.088170	4.4830e-06	0.079866	supercritical
86.000	69.000	19.592	0.051042	684.43	1036.6	18.967	6.9603	13.537	852.95	0.086579	4.4963e-06	0.080143	supercritical
87.000	69.000	19.316	0.051770	692.92	1050.1	19.123	6.9801	13.486	856.15	0.084987	4.5102e-06	0.080434	supercritical
88.000	69.000	19.049	0.052496	701.37	1063.6	19.277	7.0006	13.438	859.34	0.083397	4.5247e-06	0.080738	supercritical
89.000	69.000	18.791	0.053218	709.80	1077.0	19.428	7.0215	13.394	862.53	0.081812	4.5397e-06	0.081056	supercritical
90.000	69.000	18.540	0.053938	718.21	1090.4	19.578	7.0430	13.353	865.70	0.080233	4.5552e-06	0.081385	supercritical
91.000	69.000	18.297	0.054655	726.60	1103.7	19.725	7.0650	13.315	868.86	0.078662	4.5711e-06	0.081726	supercritical
92.000	69.000	18.061	0.055369	734.97	1117.0	19.870	7.0875	13.281	872.01	0.077101	4.5874e-06	0.082078	supercritical
93.000	69.000	17.831	0.056081	743.32	1130.3	20.014	7.1104	13.249	875.15	0.075551	4.6041e-06	0.082440	supercritical
94.000	69.000	17.609	0.056791	751.66	1143.5	20.155	7.1337	13.219	878.27	0.074013	4.6212e-06	0.082813	supercritical
95.000	69.000	17.392	0.057498	759.99	1156.7	20.295	7.1575	13.192	881.38	0.072488	4.6386e-06	0.083195	supercritical
96.000	69.000	17.181	0.058202	768.30	1169.9	20.433	7.1816	13.168	884.48	0.070977	4.6564e-06	0.083587	supercritical
97.000	69.000	16.976	0.058905	776.61	1183.1	20.569	7.2061	13.146	887.56	0.069481	4.6744e-06	0.083988	supercritical
98.000	69.000	16.777	0.059605	784.91	1196.2	20.704	7.2309	13.125	890.63	0.068001	4.6927e-06	0.084397	supercritical
99.000	69.000	16.583	0.060304	793.21	1209.3	20.837	7.2560	13.107	893.68	0.066537	4.7113e-06	0.084815	supercritical
100.00	69.000	16.393	0.061000	801.51	1222.4	20.969	7.2814	13.091	896.72	0.065089	4.7301e-06	0.085241	supercritical
101.00	69.000	16.209	0.061694	809.80	1235.5	21.099	7.3070	13.076	899.75	0.063658	4.7492e-06	0.085674	supercritical
102.00	69.000	16.029	0.062386	818.09	1248.6	21.228	7.3329	13.063	902.76	0.062245	4.7685e-06	0.086115	supercritical
103.00	69.000	15.854	0.063077	826.39	1261.6	21.355	7.3591	13.052	905.76	0.060849	4.7880e-06	0.086563	supercritical
104.00	69.000	15.682	0.063765	834.68	1274.7	21.481	7.3854	13.042	908.74	0.059471	4.8076e-06	0.087018	supercritical
105.00	69.000	15.515	0.064452	842.98	1287.7	21.606	7.4119	13.034	911.71	0.058111	4.8275e-06	0.087479	supercritical
106.00	69.000	15.352	0.065137	851.28	1300.7	21.730	7.4386	13.027	914.67	0.056770	4.8475e-06	0.087947	supercritical
107.00	69.000	15.193	0.065821	859.59	1313.8	21.852	7.4655	13.021	917.61	0.055446	4.8677e-06	0.088421	supercritical
108.00	69.000	15.037	0.066503	867.91	1326.8	21.973	7.4924	13.017	920.54	0.054141	4.8880e-06	0.088901	supercritical
109.00	69.000	14.885	0.067183	876.23	1339.8	22.093	7.5195	13.013	923.46	0.052854	4.9085e-06	0.089387	supercritical
110.00	69.000	14.736	0.067862	884.56	1352.8	22.212	7.5467	13.011	926.37	0.051586	4.9291e-06	0.089878	supercritical
111.00	69.000	14.590	0.068539	892.90	1365.8	22.330	7.5740	13.010	929.26	0.050335	4.9499e-06	0.090374	supercritical
112.00	69.000	14.448	0.069214	901.24	1378.8	22.446	7.6013	13.010	932.14	0.049103	4.9707e-06	0.090876	supercritical
113.00	69.000	14.308	0.069889	909.60	1391.8	22.562	7.6287	13.010	935.02	0.047889	4.9917e-06	0.091383	supercritical
114.00	69.000	14.172	0.070562	917.97	1404.8	22.676	7.6562	13.012	937.88	0.046692	5.0128e-06	0.091894	supercritical
115.00	69.000	14.038	0.071233	926.35	1417.9	22.790	7.6836	13.014	940.72	0.045514	5.0339e-06	0.092410	supercritical
116.00	69.000	13.908	0.071904	934.74	1430.9	22.903	7.7111	13.017	943.56	0.044353	5.0552e-06	0.092931	supercritical
117.00	69.000	13.779	0.072573	943.14	1443.9	23.015	7.7385	13.021	946.39	0.043210	5.0765e-06	0.093455	supercritical
118.00	69.000	13.654	0.073240	951.55	1456.9	23.125	7.7660	13.025	949.21	0.042084	5.0980e-06	0.093984	supercritical
119.00	69.000	13.531	0.073907	959.98	1469.9	23.235	7.7934	13.031	952.01	0.040975	5.1195e-06	0.094517	supercritical
120.00	69.000	13.410	0.074572	968.43	1483.0	23.344	7.8208	13.036	954.81	0.039883	5.1411e-06	0.095054	supercritical
121.00	69.000	13.291	0.075236	976.88	1496.0	23.453	7.8482	13.043	957.60	0.038808	5.1627e-06	0.095594	supercritical
122.00	69.000	13.175	0.075899	985.35	1509.1	23.560	7.8754	13.049	960.38	0.037749	5.1844e-06	0.096138	supercritical
123.00	69.000	13.061	0.076561	993.84	1522.1	23.667	7.9027	13.057	963.15	0.036707	5.2062e-06	0.096686	supercritical
124.00	69.000	12.950	0.077222	1002.3	1535.2	23.772	7.9298	13.065	965.91	0.035681	5.2280e-06	0.097236	supercritical
125.00	69.000	12.840	0.077882	1010.9	1548.2	23.877	7.9569	13.073	968.66	0.034670	5.2499e-06	0.097790	supercritical
126.00	69.000	12.732	0.078541	1019.4	1561.3	23.981	7.9839	13.082	971.40	0.033675	5.2718e-06	0.098347	supercritical
127.00	69.000	12.626	0.079199	1027.9	1574.4	24.085	8.0107	13.091	974.14	0.032696	5.2938e-06	0.098906	supercritical
128.00	69.000	12.523	0.079856	1036.5	1587.5	24.188	8.0375	13.100	976.86	0.031732	5.3158e-06	0.099469	supercritical
129.00	69.000	12.421	0.080511	1045.1	1600.6	24.290	8.0641	13.110	979.58	0.030783	5.3379e-06	0.10003	supercritical
130.00	69.000	12.320	0.081166	1053.7	1613.7	24.391	8.0907	13.120	982.29	0.029848	5.3600e-06	0.10060	supercritical
131.00	69.000	12.222	0.081820	1062.3	1626.8	24.491	8.1171	13.130	984.99	0.028928	5.3821e-06	0.10117	supercritical
132.00	69.000	12.125	0.082474	1070.9	1640.0	24.591	8.1433	13.141	987.69	0.028022	5.4042e-06	0.10174	supercritical
133.00	69.000	12.030	0.083126	1079.6	1653.1	24.691	8.1694	13.152	990.38	0.027130	5.4264e-06	0.10232	supercritical
134.00	69.000	11.936	0.083777	1088.2	1666.3	24.789	8.1954	13.163	993.06	0.026252	5.4486e-06	0.10289	supercritical
135.00	69.000	11.844	0.084428	1096.9	1679.5	24.887	8.2213	13.175	995.73	0.025387	5.4709e-06	0.10347	supercritical
136.00	69.000	11.754	0.085078	1105.6	1692.6	24.984	8.2469	13.186	998.40	0.024535	5.4931e-06	0.10405	supercritical
137.00	69.000	11.665	0.085726	1114.3	1705.8	25.081	8.2724	13.198	1001.1	0.023697	5.5154e-06	0.10463	supercritical
138.00	69.000	11.577	0.086375	1123.0	1719.0	25.177	8.2978	13.210	1003.7	0.022871	5.5377e-06	0.10522	supercritical
139.00	69.000	11.491	0.087022	1131.8	1732.2	25.272	8.3230	13.222	1006.4	0.022058	5.5600e-06	0.10580	supercritical
140.00	69.000	11.407	0.087669	1140.6	1745.5	25.367	8.3480	13.234	1009.0	0.021258	5.5824e-06	0.10639	supercritical
141.00	69.000	11.323	0.088315	1149.3	1758.7	25.461	8.3728	13.247	1011.6	0.020469	5.6047e-06	0.10698	supercritical
142.00	69.000	11.241	0.088960	1158.1	1772.0	25.555	8.3974	13.259	1014.3	0.019692	5.6271e-06	0.10757	supercritical
143.00	69.000	11.160	0.089604	1167.0	1785.2	25.648	8.4219	13.272	1016.9	0.018928	5.6495e-06	0.10816	supercritical
144.00	69.000	11.081	0.090248	1175.8	1798.5	25.741	8.4462	13.284	1019.5	0.018174	5.6718e-06	0.10875	supercritical
145.00	69.000	11.002	0.090891	1184.7	1811.8	25.833	8.4703	13.297	1022.1	0.017432	5.6942e-06	0.10934	supercritical
146.00	69.000	10.925	0.091534	1193.5	1825.1	25.924	8.4942	13.310	1024.7	0.016701	5.7166e-06	0.10994	supercritical
147.00	69.000	10.849	0.092176	1202.4	1838.4	26.015	8.5179	13.323	1027.3	0.015980	5.7390e-06	0.11053	supercritical
148.00	69.000	10.774	0.092817	1211.3	1851.8	26.105	8.5415	13.335	1029.9	0.015271	5.7614e-06	0.11112	supercritical
149.00	69.000	10.700	0.093458	1220.2	1865.1	26.195	8.5648	13.348	1032.5	0.014572	5.7839e-06	0.11172	supercritical
150.00	69.000	10.627	0.094098	1229.2	1878.4	26.285	8.5879	13.361	1035.1	0.013883	5.8063e-06	0.11232	supercritical
151.00	69.000	10.556	0.094737	1238.1	1891.8	26.373	8.6109	13.374	1037.6	0.013204	5.8287e-06	0.11291	supercritical
152.00	69.000	10.485	0.095376	1247.1	1905.2	26.462	8.6336	13.387	1040.2	0.012535	5.8511e-06	0.11351	supercritical
153.00	69.000	10.415	0.096014	1256.1	1918.6	26.550	8.6561	13.400	1042.8	0.011876	5.8735e-06	0.11411	supercritical
154.00	69.000	10.346	0.096652	1265.1	1932.0	26.637	8.6785	13.413	1045.3	0.011226	5.8959e-06	0.11471	supercritical
155.00	69.000	10.279	0.097289	1274.1	1945.4	26.724	8.7006	13.426	1047.9	0.010586	5.9183e-06	0.11531	supercritical
156.00	69.000	10.212	0.097925	1283.2	1958.8	26.810	8.7226	13.439	1050.4	0.0099543	5.9407e-06	0.11591	supercritical
157.00	69.000	10.146	0.098561	1292.2	1972.3	26.896	8.7443	13.452	1053.0	0.0093320	5.9632e-06	0.11651	supercritical
158.00	69.000	10.081	0.099197	1301.3	1985.8	26.982	8.7658	13.465	1055.5	0.0087186	5.9856e-06	0.11711	supercritical
159.00	69.000	10.017	0.099832	1310.4	1999.2	27.067	8.7871	13.478	1058.0	0.0081137	6.0080e-06	0.11770	supercritical
160.00	69.000	9.9536	0.10047	1319.5	2012.7	27.151	8.8083	13.491	1060.6	0.0075174	6.0303e-06	0.11830	supercritical
161.00	69.000	9.8912	0.10110	1328.6	2026.2	27.235	8.8292	13.504	1063.1	0.0069293	6.0527e-06	0.11890	supercritical
162.00	69.000	9.8296	0.10173	1337.8	2039.7	27.319	8.8499	13.517	1065.6	0.0063494	6.0751e-06	0.11950	supercritical
163.00	69.000	9.7688	0.10237	1346.9	2053.2	27.402	8.8704	13.530	1068.1	0.0057776	6.0975e-06	0.12010	supercritical
164.00	69.000	9.7088	0.10300	1356.1	2066.8	27.485	8.8907	13.542	1070.6	0.0052136	6.1198e-06	0.12070	supercritical
165.00	69.000	9.6496	0.10363	1365.3	2080.3	27.567	8.9108	13.555	1073.1	0.0046573	6.1422e-06	0.12130	supercritical
166.00	69.000	9.5911	0.10426	1374.5	2093.9	27.649	8.9308	13.568	1075.6	0.0041086	6.1645e-06	0.12190	supercritical
167.00	69.000	9.5334	0.10489	1383.7	2107.5	27.731	8.9505	13.580	1078.1	0.0035673	6.1869e-06	0.12250	supercritical
168.00	69.000	9.4764	0.10553	1392.9	2121.1	27.812	8.9700	13.593	1080.6	0.0030333	6.2092e-06	0.12310	supercritical
169.00	69.000	9.4201	0.10616	1402.2	2134.6	27.893	8.9893	13.605	1083.1	0.0025064	6.2315e-06	0.12369	supercritical
170.00	69.000	9.3646	0.10679	1411.4	2148.3	27.973	9.0084	13.618	1085.6	0.0019865	6.2538e-06	0.12429	supercritical
171.00	69.000	9.3097	0.10742	1420.7	2161.9	28.053	9.0273	13.630	1088.1	0.0014736	6.2761e-06	0.12489	supercritical
172.00	69.000	9.2555	0.10804	1430.0	2175.5	28.132	9.0460	13.642	1090.5	0.00096740	6.2984e-06	0.12548	supercritical
173.00	69.000	9.2019	0.10867	1439.3	2189.2	28.211	9.0645	13.654	1093.0	0.00046784	6.3206e-06	0.12608	supercritical
174.00	69.000	9.1490	0.10930	1448.6	2202.8	28.290	9.0828	13.666	1095.5	-2.5206e-05	6.3429e-06	0.12667	supercritical
175.00	69.000	9.0967	0.10993	1458.0	2216.5	28.368	9.1009	13.678	1097.9	-0.00051186	6.3651e-06	0.12727	supercritical
176.00	69.000	9.0451	0.11056	1467.3	2230.2	28.446	9.1188	13.690	1100.4	-0.00099224	6.3874e-06	0.12786	supercritical
177.00	69.000	8.9941	0.11118	1476.7	2243.9	28.524	9.1365	13.702	1102.8	-0.0014665	6.4096e-06	0.12845	supercritical
178.00	69.000	8.9437	0.11181	1486.1	2257.6	28.601	9.1541	13.714	1105.3	-0.0019346	6.4318e-06	0.12905	supercritical
179.00	69.000	8.8938	0.11244	1495.5	2271.3	28.678	9.1714	13.725	1107.7	-0.0023969	6.4539e-06	0.12964	supercritical
180.00	69.000	8.8446	0.11306	1504.9	2285.0	28.755	9.1886	13.737	1110.2	-0.0028533	6.4761e-06	0.13023	supercritical
181.00	69.000	8.7959	0.11369	1514.3	2298.8	28.831	9.2055	13.748	1112.6	-0.0033039	6.4983e-06	0.13082	supercritical
182.00	69.000	8.7478	0.11431	1523.8	2312.5	28.907	9.2223	13.760	1115.0	-0.0037490	6.5204e-06	0.13141	supercritical
183.00	69.000	8.7002	0.11494	1533.2	2326.3	28.982	9.2389	13.771	1117.4	-0.0041885	6.5425e-06	0.13200	supercritical
184.00	69.000	8.6532	0.11556	1542.7	2340.1	29.057	9.2553	13.782	1119.9	-0.0046227	6.5646e-06	0.13259	supercritical
185.00	69.000	8.6067	0.11619	1552.2	2353.9	29.132	9.2715	13.793	1122.3	-0.0050514	6.5867e-06	0.13317	supercritical
186.00	69.000	8.5607	0.11681	1561.7	2367.7	29.206	9.2875	13.804	1124.7	-0.0054750	6.6088e-06	0.13376	supercritical
187.00	69.000	8.5152	0.11744	1571.2	2381.5	29.280	9.3034	13.815	1127.1	-0.0058934	6.6309e-06	0.13434	supercritical
188.00	69.000	8.4702	0.11806	1580.7	2395.3	29.354	9.3190	13.826	1129.5	-0.0063068	6.6529e-06	0.13493	supercritical
189.00	69.000	8.4258	0.11868	1590.2	2409.1	29.427	9.3345	13.836	1131.9	-0.0067152	6.6750e-06	0.13551	supercritical
190.00	69.000	8.3818	0.11931	1599.8	2423.0	29.500	9.3498	13.847	1134.3	-0.0071188	6.6970e-06	0.13609	supercritical
191.00	69.000	8.3382	0.11993	1609.3	2436.8	29.573	9.3649	13.858	1136.7	-0.0075175	6.7190e-06	0.13667	supercritical
192.00	69.000	8.2952	0.12055	1618.9	2450.7	29.645	9.3799	13.868	1139.1	-0.0079116	6.7409e-06	0.13725	supercritical
193.00	69.000	8.2526	0.12117	1628.5	2464.6	29.717	9.3947	13.878	1141.5	-0.0083010	6.7629e-06	0.13783	supercritical
194.00	69.000	8.2105	0.12180	1638.1	2478.4	29.789	9.4093	13.888	1143.9	-0.0086860	6.7849e-06	0.13841	supercritical
195.00	69.000	8.1688	0.12242	1647.7	2492.3	29.861	9.4237	13.899	1146.2	-0.0090664	6.8068e-06	0.13899	supercritical
196.00	69.000	8.1276	0.12304	1657.3	2506.2	29.932	9.4380	13.909	1148.6	-0.0094425	6.8287e-06	0.13957	supercritical
197.00	69.000	8.0868	0.12366	1666.9	2520.1	30.003	9.4521	13.918	1151.0	-0.0098142	6.8506e-06	0.14014	supercritical
198.00	69.000	8.0464	0.12428	1676.5	2534.1	30.073	9.4660	13.928	1153.3	-0.010182	6.8725e-06	0.14072	supercritical
199.00	69.000	8.0064	0.12490	1686.2	2548.0	30.143	9.4798	13.938	1155.7	-0.010545	6.8943e-06	0.14129	supercritical
200.00	69.000	7.9669	0.12552	1695.9	2561.9	30.213	9.4934	13.948	1158.1	-0.010904	6.9162e-06	0.14186	supercritical
201.00	69.000	7.9277	0.12614	1705.5	2575.9	30.283	9.5068	13.957	1160.4	-0.011260	6.9380e-06	0.14243	supercritical
202.00	69.000	7.8890	0.12676	1715.2	2589.9	30.352	9.5201	13.966	1162.8	-0.011611	6.9598e-06	0.14300	supercritical
203.00	69.000	7.8506	0.12738	1724.9	2603.8	30.421	9.5332	13.976	1165.1	-0.011958	6.9816e-06	0.14357	supercritical
204.00	69.000	7.8126	0.12800	1734.6	2617.8	30.490	9.5461	13.985	1167.5	-0.012302	7.0033e-06	0.14414	supercritical
205.00	69.000	7.7750	0.12862	1744.3	2631.8	30.558	9.5589	13.994	1169.8	-0.012642	7.0251e-06	0.14470	supercritical
206.00	69.000	7.7378	0.12924	1754.1	2645.8	30.626	9.5716	14.003	1172.1	-0.012978	7.0468e-06	0.14527	supercritical
207.00	69.000	7.7010	0.12985	1763.8	2659.8	30.694	9.5840	14.012	1174.5	-0.013310	7.0685e-06	0.14583	supercritical
208.00	69.000	7.6645	0.13047	1773.6	2673.8	30.762	9.5964	14.021	1176.8	-0.013639	7.0902e-06	0.14640	supercritical
209.00	69.000	7.6283	0.13109	1783.3	2687.9	30.829	9.6085	14.029	1179.1	-0.013964	7.1119e-06	0.14696	supercritical
210.00	69.000	7.5926	0.13171	1793.1	2701.9	30.896	9.6206	14.038	1181.4	-0.014286	7.1335e-06	0.14752	supercritical
211.00	69.000	7.5571	0.13233	1802.9	2715.9	30.963	9.6324	14.047	1183.8	-0.014605	7.1552e-06	0.14808	supercritical
212.00	69.000	7.5220	0.13294	1812.7	2730.0	31.029	9.6442	14.055	1186.1	-0.014920	7.1768e-06	0.14864	supercritical
213.00	69.000	7.4873	0.13356	1822.5	2744.0	31.095	9.6558	14.063	1188.4	-0.015231	7.1984e-06	0.14919	supercritical
214.00	69.000	7.4529	0.13418	1832.3	2758.1	31.161	9.6672	14.071	1190.7	-0.015540	7.2200e-06	0.14975	supercritical
215.00	69.000	7.4188	0.13479	1842.1	2772.2	31.227	9.6785	14.080	1193.0	-0.015845	7.2416e-06	0.15030	supercritical
216.00	69.000	7.3850	0.13541	1851.9	2786.3	31.292	9.6896	14.088	1195.3	-0.016148	7.2631e-06	0.15086	supercritical
217.00	69.000	7.3515	0.13603	1861.8	2800.4	31.357	9.7006	14.096	1197.6	-0.016447	7.2846e-06	0.15141	supercritical
218.00	69.000	7.3184	0.13664	1871.6	2814.5	31.422	9.7115	14.103	1199.9	-0.016743	7.3061e-06	0.15196	supercritical
219.00	69.000	7.2856	0.13726	1881.5	2828.6	31.487	9.7222	14.111	1202.2	-0.017036	7.3276e-06	0.15251	supercritical
220.00	69.000	7.2530	0.13787	1891.3	2842.7	31.551	9.7328	14.119	1204.5	-0.017326	7.3491e-06	0.15306	supercritical
221.00	69.000	7.2208	0.13849	1901.2	2856.8	31.615	9.7433	14.126	1206.7	-0.017613	7.3705e-06	0.15361	supercritical
222.00	69.000	7.1888	0.13910	1911.1	2870.9	31.679	9.7536	14.134	1209.0	-0.017898	7.3920e-06	0.15416	supercritical
223.00	69.000	7.1572	0.13972	1921.0	2885.1	31.742	9.7638	14.141	1211.3	-0.018179	7.4134e-06	0.15470	supercritical
224.00	69.000	7.1258	0.14033	1930.9	2899.2	31.806	9.7739	14.148	1213.6	-0.018458	7.4348e-06	0.15524	supercritical
225.00	69.000	7.0948	0.14095	1940.8	2913.4	31.869	9.7838	14.156	1215.8	-0.018734	7.4562e-06	0.15579	supercritical
226.00	69.000	7.0640	0.14156	1950.7	2927.5	31.931	9.7936	14.163	1218.1	-0.019007	7.4775e-06	0.15633	supercritical
227.00	69.000	7.0334	0.14218	1960.7	2941.7	31.994	9.8033	14.170	1220.4	-0.019278	7.4988e-06	0.15687	supercritical
228.00	69.000	7.0032	0.14279	1970.6	2955.9	32.056	9.8128	14.177	1222.6	-0.019546	7.5202e-06	0.15741	supercritical
229.00	69.000	6.9732	0.14341	1980.5	2970.0	32.118	9.8222	14.183	1224.9	-0.019811	7.5415e-06	0.15795	supercritical
230.00	69.000	6.9435	0.14402	1990.5	2984.2	32.180	9.8315	14.190	1227.1	-0.020074	7.5627e-06	0.15849	supercritical
231.00	69.000	6.9140	0.14463	2000.4	2998.4	32.242	9.8407	14.197	1229.4	-0.020335	7.5840e-06	0.15902	supercritical
232.00	69.000	6.8848	0.14525	2010.4	3012.6	32.303	9.8498	14.203	1231.6	-0.020593	7.6053e-06	0.15956	supercritical
233.00	69.000	6.8558	0.14586	2020.4	3026.8	32.364	9.8587	14.210	1233.9	-0.020848	7.6265e-06	0.16009	supercritical
234.00	69.000	6.8271	0.14647	2030.4	3041.0	32.425	9.8675	14.216	1236.1	-0.021102	7.6477e-06	0.16062	supercritical
235.00	69.000	6.7987	0.14709	2040.4	3055.3	32.486	9.8762	14.223	1238.4	-0.021352	7.6689e-06	0.16116	supercritical
236.00	69.000	6.7705	0.14770	2050.4	3069.5	32.546	9.8848	14.229	1240.6	-0.021601	7.6900e-06	0.16169	supercritical
237.00	69.000	6.7425	0.14831	2060.4	3083.7	32.606	9.8933	14.235	1242.8	-0.021847	7.7112e-06	0.16221	supercritical
238.00	69.000	6.7148	0.14893	2070.4	3098.0	32.666	9.9016	14.241	1245.1	-0.022091	7.7323e-06	0.16274	supercritical
239.00	69.000	6.6873	0.14954	2080.4	3112.2	32.726	9.9099	14.247	1247.3	-0.022333	7.7534e-06	0.16327	supercritical
240.00	69.000	6.6600	0.15015	2090.4	3126.4	32.785	9.9180	14.253	1249.5	-0.022573	7.7745e-06	0.16380	supercritical
241.00	69.000	6.6330	0.15076	2100.4	3140.7	32.845	9.9260	14.259	1251.7	-0.022810	7.7956e-06	0.16432	supercritical
242.00	69.000	6.6061	0.15137	2110.5	3155.0	32.904	9.9339	14.264	1253.9	-0.023045	7.8167e-06	0.16484	supercritical
243.00	69.000	6.5795	0.15199	2120.5	3169.2	32.962	9.9417	14.270	1256.1	-0.023278	7.8377e-06	0.16537	supercritical
244.00	69.000	6.5532	0.15260	2130.6	3183.5	33.021	9.9494	14.276	1258.4	-0.023510	7.8587e-06	0.16589	supercritical
245.00	69.000	6.5270	0.15321	2140.6	3197.8	33.080	9.9570	14.281	1260.6	-0.023739	7.8797e-06	0.16641	supercritical
246.00	69.000	6.5011	0.15382	2150.7	3212.1	33.138	9.9645	14.286	1262.8	-0.023966	7.9007e-06	0.16693	supercritical
247.00	69.000	6.4753	0.15443	2160.8	3226.4	33.196	9.9719	14.292	1265.0	-0.024191	7.9217e-06	0.16744	supercritical
248.00	69.000	6.4498	0.15504	2170.9	3240.7	33.253	9.9791	14.297	1267.2	-0.024414	7.9426e-06	0.16796	supercritical
249.00	69.000	6.4245	0.15565	2180.9	3255.0	33.311	9.9863	14.302	1269.3	-0.024635	7.9635e-06	0.16848	supercritical
250.00	69.000	6.3994	0.15627	2191.0	3269.3	33.368	9.9934	14.307	1271.5	-0.024854	7.9844e-06	0.16899	supercritical
251.00	69.000	6.3745	0.15688	2201.1	3283.6	33.425	10.000	14.312	1273.7	-0.025072	8.0053e-06	0.16951	supercritical
252.00	69.000	6.3497	0.15749	2211.2	3297.9	33.482	10.007	14.317	1275.9	-0.025287	8.0262e-06	0.17002	supercritical
253.00	69.000	6.3252	0.15810	2221.3	3312.2	33.539	10.014	14.322	1278.1	-0.025501	8.0471e-06	0.17053	supercritical
254.00	69.000	6.3009	0.15871	2231.4	3326.5	33.596	10.021	14.327	1280.3	-0.025713	8.0679e-06	0.17104	supercritical
255.00	69.000	6.2768	0.15932	2241.6	3340.9	33.652	10.027	14.332	1282.4	-0.025923	8.0887e-06	0.17155	supercritical
256.00	69.000	6.2528	0.15993	2251.7	3355.2	33.708	10.034	14.337	1284.6	-0.026131	8.1095e-06	0.17206	supercritical
257.00	69.000	6.2291	0.16054	2261.8	3369.5	33.764	10.040	14.341	1286.8	-0.026338	8.1303e-06	0.17256	supercritical
258.00	69.000	6.2055	0.16115	2272.0	3383.9	33.820	10.047	14.346	1289.0	-0.026543	8.1510e-06	0.17307	supercritical
259.00	69.000	6.1821	0.16176	2282.1	3398.2	33.875	10.053	14.350	1291.1	-0.026746	8.1718e-06	0.17358	supercritical
260.00	69.000	6.1589	0.16237	2292.2	3412.6	33.930	10.059	14.355	1293.3	-0.026948	8.1925e-06	0.17408	supercritical
261.00	69.000	6.1358	0.16298	2302.4	3426.9	33.985	10.065	14.359	1295.4	-0.027148	8.2132e-06	0.17458	supercritical
262.00	69.000	6.1130	0.16359	2312.5	3441.3	34.040	10.071	14.363	1297.6	-0.027346	8.2339e-06	0.17508	supercritical
263.00	69.000	6.0903	0.16420	2322.7	3455.7	34.095	10.077	14.367	1299.7	-0.027543	8.2546e-06	0.17559	supercritical
264.00	69.000	6.0678	0.16481	2332.9	3470.0	34.150	10.083	14.372	1301.9	-0.027738	8.2752e-06	0.17608	supercritical
265.00	69.000	6.0454	0.16541	2343.0	3484.4	34.204	10.088	14.376	1304.0	-0.027932	8.2959e-06	0.17658	supercritical
266.00	69.000	6.0233	0.16602	2353.2	3498.8	34.258	10.094	14.380	1306.2	-0.028124	8.3165e-06	0.17708	supercritical
267.00	69.000	6.0012	0.16663	2363.4	3513.2	34.312	10.099	14.384	1308.3	-0.028314	8.3371e-06	0.17758	supercritical
268.00	69.000	5.9794	0.16724	2373.6	3527.5	34.366	10.105	14.387	1310.5	-0.028503	8.3577e-06	0.17807	supercritical
269.00	69.000	5.9577	0.16785	2383.8	3541.9	34.420	10.110	14.391	1312.6	-0.028691	8.3782e-06	0.17857	supercritical
270.00	69.000	5.9362	0.16846	2394.0	3556.3	34.473	10.116	14.395	1314.7	-0.028877	8.3988e-06	0.17906	supercritical
271.00	69.000	5.9148	0.16907	2404.2	3570.7	34.526	10.121	14.399	1316.9	-0.029061	8.4193e-06	0.17956	supercritical
272.00	69.000	5.8936	0.16967	2414.4	3585.1	34.579	10.126	14.402	1319.0	-0.029244	8.4398e-06	0.18005	supercritical
273.00	69.000	5.8726	0.17028	2424.6	3599.5	34.632	10.131	14.406	1321.1	-0.029426	8.4603e-06	0.18054	supercritical
274.00	69.000	5.8517	0.17089	2434.8	3613.9	34.685	10.136	14.409	1323.2	-0.029606	8.4808e-06	0.18103	supercritical
275.00	69.000	5.8309	0.17150	2445.0	3628.3	34.737	10.141	14.413	1325.4	-0.029785	8.5013e-06	0.18152	supercritical
276.00	69.000	5.8103	0.17211	2455.2	3642.8	34.790	10.146	14.416	1327.5	-0.029963	8.5217e-06	0.18201	supercritical
277.00	69.000	5.7899	0.17272	2465.4	3657.2	34.842	10.151	14.420	1329.6	-0.030139	8.5422e-06	0.18249	supercritical
278.00	69.000	5.7696	0.17332	2475.7	3671.6	34.894	10.155	14.423	1331.7	-0.030314	8.5626e-06	0.18298	supercritical
279.00	69.000	5.7494	0.17393	2485.9	3686.0	34.945	10.160	14.426	1333.8	-0.030488	8.5830e-06	0.18346	supercritical
280.00	69.000	5.7294	0.17454	2496.1	3700.5	34.997	10.164	14.429	1335.9	-0.030660	8.6033e-06	0.18395	supercritical
281.00	69.000	5.7095	0.17515	2506.4	3714.9	35.049	10.169	14.433	1338.0	-0.030831	8.6237e-06	0.18443	supercritical
282.00	69.000	5.6898	0.17575	2516.6	3729.3	35.100	10.173	14.436	1340.1	-0.031001	8.6440e-06	0.18491	supercritical
283.00	69.000	5.6702	0.17636	2526.9	3743.8	35.151	10.178	14.439	1342.2	-0.031169	8.6644e-06	0.18540	supercritical
284.00	69.000	5.6507	0.17697	2537.1	3758.2	35.202	10.182	14.442	1344.3	-0.031337	8.6847e-06	0.18588	supercritical
285.00	69.000	5.6314	0.17757	2547.4	3772.6	35.253	10.186	14.445	1346.4	-0.031503	8.7049e-06	0.18636	supercritical
286.00	69.000	5.6122	0.17818	2557.6	3787.1	35.303	10.190	14.447	1348.5	-0.031667	8.7252e-06	0.18684	supercritical
287.00	69.000	5.5932	0.17879	2567.9	3801.5	35.354	10.194	14.450	1350.6	-0.031831	8.7455e-06	0.18731	supercritical
288.00	69.000	5.5743	0.17940	2578.2	3816.0	35.404	10.198	14.453	1352.6	-0.031993	8.7657e-06	0.18779	supercritical
289.00	69.000	5.5555	0.18000	2588.4	3830.4	35.454	10.202	14.456	1354.7	-0.032155	8.7859e-06	0.18827	supercritical
290.00	69.000	5.5368	0.18061	2598.7	3844.9	35.504	10.206	14.458	1356.8	-0.032315	8.8061e-06	0.18874	supercritical
291.00	69.000	5.5183	0.18122	2609.0	3859.4	35.554	10.210	14.461	1358.9	-0.032474	8.8263e-06	0.18922	supercritical
292.00	69.000	5.4999	0.18182	2619.2	3873.8	35.603	10.214	14.464	1361.0	-0.032632	8.8465e-06	0.18969	supercritical
293.00	69.000	5.4816	0.18243	2629.5	3888.3	35.653	10.218	14.466	1363.0	-0.032788	8.8667e-06	0.19016	supercritical
294.00	69.000	5.4634	0.18304	2639.8	3902.8	35.702	10.221	14.469	1365.1	-0.032944	8.8868e-06	0.19063	supercritical
295.00	69.000	5.4454	0.18364	2650.1	3917.2	35.751	10.225	14.471	1367.2	-0.033098	8.9069e-06	0.19111	supercritical
296.00	69.000	5.4275	0.18425	2660.4	3931.7	35.800	10.228	14.474	1369.2	-0.033252	8.9270e-06	0.19158	supercritical
297.00	69.000	5.4097	0.18485	2670.7	3946.2	35.849	10.232	14.476	1371.3	-0.033404	8.9471e-06	0.19205	supercritical
298.00	69.000	5.3920	0.18546	2681.0	3960.6	35.898	10.235	14.478	1373.3	-0.033555	8.9672e-06	0.19251	supercritical
299.00	69.000	5.3744	0.18607	2691.3	3975.1	35.946	10.239	14.480	1375.4	-0.033705	8.9873e-06	0.19298	supercritical
300.00	69.000	5.3570	0.18667	2701.6	3989.6	35.995	10.242	14.483	1377.4	-0.033855	9.0073e-06	0.19345	supercritical
301.00	69.000	5.3397	0.18728	2711.9	4004.1	36.043	10.245	14.485	1379.5	-0.034003	9.0273e-06	0.19391	supercritical
302.00	69.000	5.3224	0.18788	2722.2	4018.6	36.091	10.248	14.487	1381.5	-0.034150	9.0473e-06	0.19438	supercritical
303.00	69.000	5.3053	0.18849	2732.5	4033.1	36.139	10.252	14.489	1383.6	-0.034296	9.0673e-06	0.19484	supercritical
304.00	69.000	5.2883	0.18910	2742.8	4047.6	36.186	10.255	14.491	1385.6	-0.034441	9.0873e-06	0.19531	supercritical
305.00	69.000	5.2715	0.18970	2753.1	4062.0	36.234	10.258	14.493	1387.7	-0.034585	9.1073e-06	0.19577	supercritical
306.00	69.000	5.2547	0.19031	2763.4	4076.5	36.281	10.261	14.495	1389.7	-0.034728	9.1272e-06	0.19623	supercritical
307.00	69.000	5.2380	0.19091	2773.7	4091.0	36.329	10.264	14.497	1391.7	-0.034871	9.1472e-06	0.19669	supercritical
308.00	69.000	5.2215	0.19152	2784.1	4105.5	36.376	10.267	14.499	1393.8	-0.035012	9.1671e-06	0.19715	supercritical
309.00	69.000	5.2050	0.19212	2794.4	4120.0	36.423	10.269	14.501	1395.8	-0.035152	9.1870e-06	0.19761	supercritical
310.00	69.000	5.1887	0.19273	2804.7	4134.5	36.470	10.272	14.503	1397.8	-0.035291	9.2069e-06	0.19807	supercritical
311.00	69.000	5.1724	0.19333	2815.0	4149.0	36.516	10.275	14.504	1399.8	-0.035430	9.2267e-06	0.19853	supercritical
312.00	69.000	5.1563	0.19394	2825.4	4163.5	36.563	10.278	14.506	1401.9	-0.035567	9.2466e-06	0.19899	supercritical
313.00	69.000	5.1403	0.19454	2835.7	4178.1	36.609	10.280	14.508	1403.9	-0.035704	9.2664e-06	0.19945	supercritical
314.00	69.000	5.1243	0.19515	2846.0	4192.6	36.656	10.283	14.510	1405.9	-0.035840	9.2862e-06	0.19990	supercritical
315.00	69.000	5.1085	0.19575	2856.4	4207.1	36.702	10.286	14.511	1407.9	-0.035974	9.3060e-06	0.20036	supercritical
316.00	69.000	5.0927	0.19636	2866.7	4221.6	36.748	10.288	14.513	1409.9	-0.036108	9.3258e-06	0.20081	supercritical
317.00	69.000	5.0771	0.19696	2877.1	4236.1	36.794	10.291	14.514	1411.9	-0.036241	9.3456e-06	0.20127	supercritical
318.00	69.000	5.0616	0.19757	2887.4	4250.6	36.839	10.293	14.516	1413.9	-0.036374	9.3654e-06	0.20172	supercritical
319.00	69.000	5.0461	0.19817	2897.7	4265.1	36.885	10.296	14.518	1416.0	-0.036505	9.3851e-06	0.20217	supercritical
320.00	69.000	5.0308	0.19878	2908.1	4279.6	36.930	10.298	14.519	1418.0	-0.036635	9.4048e-06	0.20262	supercritical
321.00	69.000	5.0155	0.19938	2918.4	4294.2	36.976	10.300	14.520	1420.0	-0.036765	9.4245e-06	0.20307	supercritical
322.00	69.000	5.0004	0.19999	2928.8	4308.7	37.021	10.303	14.522	1421.9	-0.036894	9.4442e-06	0.20352	supercritical
323.00	69.000	4.9853	0.20059	2939.1	4323.2	37.066	10.305	14.523	1423.9	-0.037022	9.4639e-06	0.20397	supercritical
324.00	69.000	4.9703	0.20119	2949.5	4337.7	37.111	10.307	14.525	1425.9	-0.037149	9.4836e-06	0.20442	supercritical
325.00	69.000	4.9554	0.20180	2959.9	4352.3	37.156	10.309	14.526	1427.9	-0.037275	9.5032e-06	0.20487	supercritical
326.00	69.000	4.9406	0.20240	2970.2	4366.8	37.200	10.311	14.527	1429.9	-0.037401	9.5229e-06	0.20532	supercritical
327.00	69.000	4.9259	0.20301	2980.6	4381.3	37.245	10.313	14.529	1431.9	-0.037525	9.5425e-06	0.20577	supercritical
328.00	69.000	4.9113	0.20361	2990.9	4395.8	37.289	10.315	14.530	1433.9	-0.037649	9.5621e-06	0.20621	supercritical
329.00	69.000	4.8968	0.20421	3001.3	4410.4	37.333	10.317	14.531	1435.9	-0.037773	9.5817e-06	0.20666	supercritical
330.00	69.000	4.8824	0.20482	3011.7	4424.9	37.377	10.319	14.532	1437.8	-0.037895	9.6013e-06	0.20710	supercritical
331.00	69.000	4.8680	0.20542	3022.0	4439.4	37.421	10.321	14.533	1439.8	-0.038017	9.6209e-06	0.20755	supercritical
332.00	69.000	4.8537	0.20603	3032.4	4454.0	37.465	10.323	14.534	1441.8	-0.038137	9.6404e-06	0.20799	supercritical
333.00	69.000	4.8396	0.20663	3042.8	4468.5	37.509	10.325	14.536	1443.8	-0.038258	9.6599e-06	0.20843	supercritical
334.00	69.000	4.8255	0.20723	3053.1	4483.0	37.553	10.327	14.537	1445.7	-0.038377	9.6795e-06	0.20887	supercritical
335.00	69.000	4.8114	0.20784	3063.5	4497.6	37.596	10.329	14.538	1447.7	-0.038496	9.6990e-06	0.20932	supercritical
336.00	69.000	4.7975	0.20844	3073.9	4512.1	37.639	10.331	14.539	1449.7	-0.038613	9.7185e-06	0.20976	supercritical
337.00	69.000	4.7837	0.20905	3084.2	4526.7	37.683	10.332	14.540	1451.6	-0.038731	9.7379e-06	0.21020	supercritical
338.00	69.000	4.7699	0.20965	3094.6	4541.2	37.726	10.334	14.541	1453.6	-0.038847	9.7574e-06	0.21064	supercritical
339.00	69.000	4.7562	0.21025	3105.0	4555.7	37.769	10.336	14.542	1455.5	-0.038963	9.7768e-06	0.21108	supercritical
340.00	69.000	4.7426	0.21086	3115.4	4570.3	37.811	10.337	14.543	1457.5	-0.039078	9.7963e-06	0.21151	supercritical
341.00	69.000	4.7290	0.21146	3125.8	4584.8	37.854	10.339	14.543	1459.4	-0.039192	9.8157e-06	0.21195	supercritical
342.00	69.000	4.7156	0.21206	3136.1	4599.4	37.897	10.341	14.544	1461.4	-0.039306	9.8351e-06	0.21239	supercritical
343.00	69.000	4.7022	0.21267	3146.5	4613.9	37.939	10.342	14.545	1463.3	-0.039419	9.8545e-06	0.21283	supercritical
344.00	69.000	4.6889	0.21327	3156.9	4628.5	37.982	10.344	14.546	1465.3	-0.039531	9.8739e-06	0.21326	supercritical
345.00	69.000	4.6757	0.21387	3167.3	4643.0	38.024	10.345	14.547	1467.2	-0.039643	9.8932e-06	0.21370	supercritical
346.00	69.000	4.6625	0.21448	3177.7	4657.6	38.066	10.347	14.548	1469.2	-0.039753	9.9126e-06	0.21413	supercritical
347.00	69.000	4.6495	0.21508	3188.1	4672.1	38.108	10.348	14.548	1471.1	-0.039864	9.9319e-06	0.21457	supercritical
348.00	69.000	4.6365	0.21568	3198.4	4686.6	38.150	10.350	14.549	1473.0	-0.039973	9.9512e-06	0.21500	supercritical
349.00	69.000	4.6235	0.21629	3208.8	4701.2	38.191	10.351	14.550	1475.0	-0.040082	9.9705e-06	0.21543	supercritical
350.00	69.000	4.6107	0.21689	3219.2	4715.7	38.233	10.352	14.551	1476.9	-0.040191	9.9898e-06	0.21587	supercritical
351.00	69.000	4.5979	0.21749	3229.6	4730.3	38.275	10.354	14.551	1478.8	-0.040298	1.0009e-05	0.21630	supercritical
352.00	69.000	4.5852	0.21809	3240.0	4744.9	38.316	10.355	14.552	1480.8	-0.040405	1.0028e-05	0.21673	supercritical
353.00	69.000	4.5725	0.21870	3250.4	4759.4	38.357	10.356	14.553	1482.7	-0.040511	1.0048e-05	0.21716	supercritical
354.00	69.000	4.5600	0.21930	3260.8	4774.0	38.398	10.358	14.553	1484.6	-0.040617	1.0067e-05	0.21759	supercritical
355.00	69.000	4.5475	0.21990	3271.2	4788.5	38.440	10.359	14.554	1486.5	-0.040722	1.0086e-05	0.21802	supercritical
356.00	69.000	4.5350	0.22051	3281.6	4803.1	38.480	10.360	14.554	1488.5	-0.040827	1.0105e-05	0.21845	supercritical
357.00	69.000	4.5227	0.22111	3292.0	4817.6	38.521	10.361	14.555	1490.4	-0.040931	1.0124e-05	0.21888	supercritical
358.00	69.000	4.5104	0.22171	3302.4	4832.2	38.562	10.362	14.556	1492.3	-0.041034	1.0144e-05	0.21931	supercritical
359.00	69.000	4.4982	0.22231	3312.8	4846.7	38.603	10.364	14.556	1494.2	-0.041137	1.0163e-05	0.21973	supercritical
360.00	69.000	4.4860	0.22292	3323.2	4861.3	38.643	10.365	14.557	1496.1	-0.041239	1.0182e-05	0.22016	supercritical
361.00	69.000	4.4739	0.22352	3333.6	4875.8	38.683	10.366	14.557	1498.0	-0.041340	1.0201e-05	0.22059	supercritical
362.00	69.000	4.4619	0.22412	3344.0	4890.4	38.724	10.367	14.558	1499.9	-0.041441	1.0220e-05	0.22101	supercritical
363.00	69.000	4.4499	0.22472	3354.4	4905.0	38.764	10.368	14.558	1501.8	-0.041541	1.0239e-05	0.22144	supercritical
364.00	69.000	4.4380	0.22533	3364.8	4919.5	38.804	10.369	14.559	1503.7	-0.041641	1.0258e-05	0.22186	supercritical
365.00	69.000	4.4262	0.22593	3375.2	4934.1	38.844	10.370	14.559	1505.6	-0.041740	1.0278e-05	0.22229	supercritical
366.00	69.000	4.4144	0.22653	3385.6	4948.6	38.884	10.371	14.559	1507.5	-0.041839	1.0297e-05	0.22271	supercritical
367.00	69.000	4.4027	0.22713	3396.0	4963.2	38.923	10.372	14.560	1509.4	-0.041937	1.0316e-05	0.22314	supercritical
368.00	69.000	4.3911	0.22773	3406.4	4977.8	38.963	10.373	14.560	1511.3	-0.042034	1.0335e-05	0.22356	supercritical
369.00	69.000	4.3795	0.22834	3416.8	4992.3	39.003	10.374	14.561	1513.2	-0.042131	1.0354e-05	0.22398	supercritical
370.00	69.000	4.3680	0.22894	3427.2	5006.9	39.042	10.375	14.561	1515.1	-0.042227	1.0373e-05	0.22440	supercritical
371.00	69.000	4.3565	0.22954	3437.6	5021.4	39.081	10.376	14.561	1517.0	-0.042323	1.0392e-05	0.22483	supercritical
372.00	69.000	4.3451	0.23014	3448.0	5036.0	39.120	10.377	14.562	1518.9	-0.042418	1.0411e-05	0.22525	supercritical
373.00	69.000	4.3338	0.23075	3458.4	5050.6	39.160	10.378	14.562	1520.7	-0.042513	1.0430e-05	0.22567	supercritical
374.00	69.000	4.3225	0.23135	3468.8	5065.1	39.199	10.378	14.562	1522.6	-0.042607	1.0449e-05	0.22609	supercritical
375.00	69.000	4.3113	0.23195	3479.2	5079.7	39.237	10.379	14.563	1524.5	-0.042700	1.0468e-05	0.22651	supercritical
376.00	69.000	4.3001	0.23255	3489.6	5094.2	39.276	10.380	14.563	1526.4	-0.042794	1.0487e-05	0.22693	supercritical
377.00	69.000	4.2890	0.23315	3500.1	5108.8	39.315	10.381	14.563	1528.2	-0.042886	1.0506e-05	0.22734	supercritical
378.00	69.000	4.2780	0.23375	3510.5	5123.4	39.353	10.382	14.564	1530.1	-0.042978	1.0525e-05	0.22776	supercritical
379.00	69.000	4.2670	0.23436	3520.9	5137.9	39.392	10.382	14.564	1532.0	-0.043070	1.0543e-05	0.22818	supercritical
380.00	69.000	4.2561	0.23496	3531.3	5152.5	39.430	10.383	14.564	1533.8	-0.043161	1.0562e-05	0.22860	supercritical
381.00	69.000	4.2452	0.23556	3541.7	5167.1	39.469	10.384	14.564	1535.7	-0.043251	1.0581e-05	0.22901	supercritical
382.00	69.000	4.2344	0.23616	3552.1	5181.6	39.507	10.385	14.565	1537.6	-0.043341	1.0600e-05	0.22943	supercritical
383.00	69.000	4.2236	0.23676	3562.5	5196.2	39.545	10.385	14.565	1539.4	-0.043430	1.0619e-05	0.22985	supercritical
384.00	69.000	4.2129	0.23737	3572.9	5210.8	39.583	10.386	14.565	1541.3	-0.043519	1.0638e-05	0.23026	supercritical
385.00	69.000	4.2023	0.23797	3583.4	5225.3	39.621	10.387	14.565	1543.1	-0.043608	1.0657e-05	0.23068	supercritical
386.00	69.000	4.1917	0.23857	3593.8	5239.9	39.659	10.387	14.565	1545.0	-0.043696	1.0675e-05	0.23109	supercritical
387.00	69.000	4.1811	0.23917	3604.2	5254.5	39.696	10.388	14.566	1546.8	-0.043783	1.0694e-05	0.23151	supercritical
388.00	69.000	4.1706	0.23977	3614.6	5269.0	39.734	10.389	14.566	1548.7	-0.043870	1.0713e-05	0.23192	supercritical
389.00	69.000	4.1602	0.24037	3625.0	5283.6	39.771	10.389	14.566	1550.5	-0.043957	1.0732e-05	0.23233	supercritical
390.00	69.000	4.1498	0.24097	3635.4	5298.2	39.809	10.390	14.566	1552.4	-0.044043	1.0751e-05	0.23275	supercritical
391.00	69.000	4.1395	0.24158	3645.8	5312.7	39.846	10.391	14.566	1554.2	-0.044128	1.0769e-05	0.23316	supercritical
392.00	69.000	4.1292	0.24218	3656.3	5327.3	39.883	10.391	14.566	1556.1	-0.044213	1.0788e-05	0.23357	supercritical
393.00	69.000	4.1190	0.24278	3666.7	5341.9	39.920	10.392	14.567	1557.9	-0.044298	1.0807e-05	0.23398	supercritical
394.00	69.000	4.1088	0.24338	3677.1	5356.4	39.957	10.392	14.567	1559.7	-0.044382	1.0826e-05	0.23439	supercritical
395.00	69.000	4.0987	0.24398	3687.5	5371.0	39.994	10.393	14.567	1561.6	-0.044466	1.0844e-05	0.23480	supercritical
396.00	69.000	4.0886	0.24458	3697.9	5385.6	40.031	10.393	14.567	1563.4	-0.044549	1.0863e-05	0.23521	supercritical
397.00	69.000	4.0786	0.24518	3708.4	5400.1	40.068	10.394	14.567	1565.2	-0.044632	1.0882e-05	0.23562	supercritical
398.00	69.000	4.0686	0.24578	3718.8	5414.7	40.104	10.394	14.567	1567.1	-0.044714	1.0900e-05	0.23603	supercritical
399.00	69.000	4.0587	0.24639	3729.2	5429.3	40.141	10.395	14.567	1568.9	-0.044796	1.0919e-05	0.23644	supercritical
400.00	69.000	4.0488	0.24699	3739.6	5443.8	40.177	10.396	14.567	1570.7	-0.044877	1.0938e-05	0.23685	supercritical
401.00	69.000	4.0390	0.24759	3750.0	5458.4	40.214	10.396	14.567	1572.6	-0.044958	1.0956e-05	0.23726	supercritical
402.00	69.000	4.0292	0.24819	3760.4	5473.0	40.250	10.396	14.567	1574.4	-0.045038	1.0975e-05	0.23767	supercritical
403.00	69.000	4.0194	0.24879	3770.9	5487.5	40.286	10.397	14.567	1576.2	-0.045119	1.0993e-05	0.23808	supercritical
404.00	69.000	4.0098	0.24939	3781.3	5502.1	40.322	10.397	14.567	1578.0	-0.045198	1.1012e-05	0.23848	supercritical
405.00	69.000	4.0001	0.24999	3791.7	5516.7	40.358	10.398	14.567	1579.8	-0.045277	1.1031e-05	0.23889	supercritical
406.00	69.000	3.9905	0.25059	3802.1	5531.2	40.394	10.398	14.568	1581.6	-0.045356	1.1049e-05	0.23930	supercritical
407.00	69.000	3.9810	0.25119	3812.6	5545.8	40.430	10.399	14.568	1583.4	-0.045434	1.1068e-05	0.23970	supercritical
408.00	69.000	3.9715	0.25180	3823.0	5560.4	40.466	10.399	14.568	1585.3	-0.045512	1.1086e-05	0.24011	supercritical
409.00	69.000	3.9620	0.25240	3833.4	5574.9	40.502	10.400	14.568	1587.1	-0.045590	1.1105e-05	0.24051	supercritical
410.00	69.000	3.9526	0.25300	3843.8	5589.5	40.537	10.400	14.568	1588.9	-0.045667	1.1123e-05	0.24092	supercritical
411.00	69.000	3.9433	0.25360	3854.2	5604.1	40.573	10.400	14.568	1590.7	-0.045743	1.1142e-05	0.24132	supercritical
412.00	69.000	3.9339	0.25420	3864.7	5618.6	40.608	10.401	14.568	1592.5	-0.045820	1.1160e-05	0.24173	supercritical
413.00	69.000	3.9247	0.25480	3875.1	5633.2	40.643	10.401	14.568	1594.3	-0.045895	1.1179e-05	0.24213	supercritical
414.00	69.000	3.9154	0.25540	3885.5	5647.8	40.679	10.402	14.568	1596.1	-0.045971	1.1197e-05	0.24254	supercritical
415.00	69.000	3.9062	0.25600	3895.9	5662.3	40.714	10.402	14.568	1597.9	-0.046046	1.1216e-05	0.24294	supercritical
416.00	69.000	3.8971	0.25660	3906.4	5676.9	40.749	10.402	14.568	1599.7	-0.046120	1.1234e-05	0.24334	supercritical
417.00	69.000	3.8880	0.25720	3916.8	5691.5	40.784	10.403	14.568	1601.4	-0.046195	1.1253e-05	0.24374	supercritical
418.00	69.000	3.8789	0.25780	3927.2	5706.0	40.819	10.403	14.568	1603.2	-0.046268	1.1271e-05	0.24415	supercritical
419.00	69.000	3.8699	0.25840	3937.6	5720.6	40.854	10.403	14.568	1605.0	-0.046342	1.1290e-05	0.24455	supercritical
420.00	69.000	3.8609	0.25900	3948.0	5735.2	40.888	10.404	14.568	1606.8	-0.046415	1.1308e-05	0.24495	supercritical
421.00	69.000	3.8520	0.25960	3958.5	5749.7	40.923	10.404	14.568	1608.6	-0.046487	1.1327e-05	0.24535	supercritical
422.00	69.000	3.8431	0.26021	3968.9	5764.3	40.957	10.404	14.568	1610.4	-0.046560	1.1345e-05	0.24575	supercritical
423.00	69.000	3.8343	0.26081	3979.3	5778.9	40.992	10.405	14.568	1612.1	-0.046631	1.1363e-05	0.24615	supercritical
424.00	69.000	3.8255	0.26141	3989.7	5793.4	41.026	10.405	14.567	1613.9	-0.046703	1.1382e-05	0.24655	supercritical
425.00	69.000	3.8167	0.26201	4000.2	5808.0	41.061	10.405	14.567	1615.7	-0.046774	1.1400e-05	0.24695	supercritical
426.00	69.000	3.8080	0.26261	4010.6	5822.6	41.095	10.406	14.567	1617.5	-0.046845	1.1418e-05	0.24735	supercritical
427.00	69.000	3.7993	0.26321	4021.0	5837.1	41.129	10.406	14.567	1619.2	-0.046915	1.1437e-05	0.24775	supercritical
428.00	69.000	3.7906	0.26381	4031.4	5851.7	41.163	10.406	14.567	1621.0	-0.046985	1.1455e-05	0.24815	supercritical
429.00	69.000	3.7820	0.26441	4041.9	5866.3	41.197	10.406	14.567	1622.8	-0.047054	1.1473e-05	0.24855	supercritical
430.00	69.000	3.7735	0.26501	4052.3	5880.8	41.231	10.407	14.567	1624.6	-0.047124	1.1492e-05	0.24895	supercritical
431.00	69.000	3.7649	0.26561	4062.7	5895.4	41.265	10.407	14.567	1626.3	-0.047192	1.1510e-05	0.24935	supercritical
432.00	69.000	3.7564	0.26621	4073.1	5910.0	41.299	10.407	14.567	1628.1	-0.047261	1.1528e-05	0.24975	supercritical
433.00	69.000	3.7480	0.26681	4083.6	5924.5	41.332	10.408	14.567	1629.8	-0.047329	1.1547e-05	0.25014	supercritical
434.00	69.000	3.7396	0.26741	4094.0	5939.1	41.366	10.408	14.567	1631.6	-0.047397	1.1565e-05	0.25054	supercritical
435.00	69.000	3.7312	0.26801	4104.4	5953.7	41.399	10.408	14.567	1633.4	-0.047464	1.1583e-05	0.25094	supercritical
436.00	69.000	3.7229	0.26861	4114.8	5968.2	41.433	10.408	14.567	1635.1	-0.047531	1.1601e-05	0.25133	supercritical
437.00	69.000	3.7146	0.26921	4125.3	5982.8	41.466	10.409	14.567	1636.9	-0.047598	1.1619e-05	0.25173	supercritical
438.00	69.000	3.7063	0.26981	4135.7	5997.4	41.500	10.409	14.567	1638.6	-0.047664	1.1638e-05	0.25213	supercritical
439.00	69.000	3.6981	0.27041	4146.1	6011.9	41.533	10.409	14.567	1640.4	-0.047730	1.1656e-05	0.25252	supercritical
440.00	69.000	3.6899	0.27101	4156.5	6026.5	41.566	10.409	14.567	1642.1	-0.047796	1.1674e-05	0.25292	supercritical
441.00	69.000	3.6817	0.27161	4167.0	6041.1	41.599	10.410	14.567	1643.9	-0.047861	1.1692e-05	0.25331	supercritical
442.00	69.000	3.6736	0.27221	4177.4	6055.6	41.632	10.410	14.566	1645.6	-0.047926	1.1710e-05	0.25371	supercritical
443.00	69.000	3.6655	0.27281	4187.8	6070.2	41.665	10.410	14.566	1647.3	-0.047990	1.1729e-05	0.25410	supercritical
444.00	69.000	3.6575	0.27341	4198.2	6084.8	41.698	10.410	14.566	1649.1	-0.048054	1.1747e-05	0.25450	supercritical
445.00	69.000	3.6495	0.27401	4208.7	6099.3	41.730	10.411	14.566	1650.8	-0.048118	1.1765e-05	0.25489	supercritical
446.00	69.000	3.6415	0.27461	4219.1	6113.9	41.763	10.411	14.566	1652.6	-0.048182	1.1783e-05	0.25528	supercritical
447.00	69.000	3.6336	0.27521	4229.5	6128.5	41.796	10.411	14.566	1654.3	-0.048245	1.1801e-05	0.25568	supercritical
448.00	69.000	3.6257	0.27581	4240.0	6143.0	41.828	10.411	14.566	1656.0	-0.048308	1.1819e-05	0.25607	supercritical
449.00	69.000	3.6178	0.27641	4250.4	6157.6	41.861	10.411	14.566	1657.7	-0.048371	1.1837e-05	0.25646	supercritical
450.00	69.000	3.6100	0.27701	4260.8	6172.2	41.893	10.412	14.566	1659.5	-0.048433	1.1855e-05	0.25686	supercritical
451.00	69.000	3.6022	0.27761	4271.2	6186.7	41.926	10.412	14.566	1661.2	-0.048495	1.1874e-05	0.25725	supercritical
452.00	69.000	3.5944	0.27821	4281.7	6201.3	41.958	10.412	14.566	1662.9	-0.048556	1.1892e-05	0.25764	supercritical
453.00	69.000	3.5867	0.27881	4292.1	6215.9	41.990	10.412	14.566	1664.7	-0.048617	1.1910e-05	0.25803	supercritical
454.00	69.000	3.5790	0.27941	4302.5	6230.4	42.022	10.412	14.566	1666.4	-0.048678	1.1928e-05	0.25843	supercritical
455.00	69.000	3.5713	0.28001	4312.9	6245.0	42.054	10.413	14.566	1668.1	-0.048739	1.1946e-05	0.25882	supercritical
456.00	69.000	3.5637	0.28061	4323.4	6259.6	42.086	10.413	14.565	1669.8	-0.048799	1.1964e-05	0.25921	supercritical
457.00	69.000	3.5561	0.28121	4333.8	6274.1	42.118	10.413	14.565	1671.5	-0.048859	1.1982e-05	0.25960	supercritical
458.00	69.000	3.5485	0.28181	4344.2	6288.7	42.150	10.413	14.565	1673.2	-0.048919	1.2000e-05	0.25999	supercritical
459.00	69.000	3.5410	0.28241	4354.6	6303.3	42.182	10.413	14.565	1675.0	-0.048978	1.2018e-05	0.26038	supercritical
460.00	69.000	3.5335	0.28301	4365.1	6317.8	42.213	10.414	14.565	1676.7	-0.049037	1.2036e-05	0.26077	supercritical
461.00	69.000	3.5260	0.28361	4375.5	6332.4	42.245	10.414	14.565	1678.4	-0.049096	1.2054e-05	0.26116	supercritical
462.00	69.000	3.5185	0.28421	4385.9	6347.0	42.277	10.414	14.565	1680.1	-0.049154	1.2072e-05	0.26155	supercritical
463.00	69.000	3.5111	0.28481	4396.4	6361.5	42.308	10.414	14.565	1681.8	-0.049212	1.2090e-05	0.26194	supercritical
464.00	69.000	3.5038	0.28541	4406.8	6376.1	42.339	10.414	14.565	1683.5	-0.049270	1.2108e-05	0.26233	supercritical
465.00	69.000	3.4964	0.28601	4417.2	6390.7	42.371	10.415	14.565	1685.2	-0.049328	1.2126e-05	0.26272	supercritical
466.00	69.000	3.4891	0.28661	4427.6	6405.2	42.402	10.415	14.565	1686.9	-0.049385	1.2144e-05	0.26311	supercritical
467.00	69.000	3.4818	0.28721	4438.1	6419.8	42.433	10.415	14.565	1688.6	-0.049442	1.2161e-05	0.26350	supercritical
468.00	69.000	3.4746	0.28781	4448.5	6434.4	42.465	10.415	14.565	1690.3	-0.049498	1.2179e-05	0.26389	supercritical
469.00	69.000	3.4673	0.28841	4458.9	6448.9	42.496	10.415	14.565	1692.0	-0.049555	1.2197e-05	0.26427	supercritical
470.00	69.000	3.4601	0.28901	4469.3	6463.5	42.527	10.415	14.565	1693.7	-0.049611	1.2215e-05	0.26466	supercritical
471.00	69.000	3.4530	0.28960	4479.8	6478.0	42.558	10.416	14.565	1695.4	-0.049666	1.2233e-05	0.26505	supercritical
472.00	69.000	3.4459	0.29020	4490.2	6492.6	42.588	10.416	14.564	1697.1	-0.049722	1.2251e-05	0.26544	supercritical
473.00	69.000	3.4387	0.29080	4500.6	6507.2	42.619	10.416	14.564	1698.7	-0.049777	1.2269e-05	0.26582	supercritical
474.00	69.000	3.4317	0.29140	4511.1	6521.7	42.650	10.416	14.564	1700.4	-0.049832	1.2287e-05	0.26621	supercritical
475.00	69.000	3.4246	0.29200	4521.5	6536.3	42.681	10.416	14.564	1702.1	-0.049886	1.2304e-05	0.26660	supercritical
476.00	69.000	3.4176	0.29260	4531.9	6550.9	42.711	10.417	14.564	1703.8	-0.049941	1.2322e-05	0.26699	supercritical
477.00	69.000	3.4106	0.29320	4542.3	6565.4	42.742	10.417	14.564	1705.5	-0.049995	1.2340e-05	0.26737	supercritical
478.00	69.000	3.4037	0.29380	4552.8	6580.0	42.772	10.417	14.564	1707.2	-0.050048	1.2358e-05	0.26776	supercritical
479.00	69.000	3.3967	0.29440	4563.2	6594.6	42.803	10.417	14.564	1708.8	-0.050102	1.2376e-05	0.26814	supercritical
480.00	69.000	3.3898	0.29500	4573.6	6609.1	42.833	10.417	14.564	1710.5	-0.050155	1.2393e-05	0.26853	supercritical
481.00	69.000	3.3830	0.29560	4584.1	6623.7	42.864	10.417	14.564	1712.2	-0.050208	1.2411e-05	0.26892	supercritical
482.00	69.000	3.3761	0.29620	4594.5	6638.3	42.894	10.418	14.564	1713.9	-0.050260	1.2429e-05	0.26930	supercritical
483.00	69.000	3.3693	0.29680	4604.9	6652.8	42.924	10.418	14.564	1715.5	-0.050313	1.2447e-05	0.26969	supercritical
484.00	69.000	3.3625	0.29740	4615.3	6667.4	42.954	10.418	14.564	1717.2	-0.050365	1.2465e-05	0.27007	supercritical
485.00	69.000	3.3557	0.29800	4625.8	6681.9	42.984	10.418	14.564	1718.9	-0.050417	1.2482e-05	0.27046	supercritical
486.00	69.000	3.3490	0.29860	4636.2	6696.5	43.014	10.418	14.564	1720.5	-0.050468	1.2500e-05	0.27084	supercritical
487.00	69.000	3.3423	0.29919	4646.6	6711.1	43.044	10.419	14.564	1722.2	-0.050519	1.2518e-05	0.27123	supercritical
488.00	69.000	3.3356	0.29979	4657.1	6725.6	43.074	10.419	14.564	1723.9	-0.050570	1.2535e-05	0.27161	supercritical
489.00	69.000	3.3290	0.30039	4667.5	6740.2	43.104	10.419	14.564	1725.5	-0.050621	1.2553e-05	0.27199	supercritical
490.00	69.000	3.3223	0.30099	4677.9	6754.8	43.134	10.419	14.564	1727.2	-0.050672	1.2571e-05	0.27238	supercritical
491.00	69.000	3.3157	0.30159	4688.3	6769.3	43.163	10.419	14.564	1728.8	-0.050722	1.2588e-05	0.27276	supercritical
492.00	69.000	3.3092	0.30219	4698.8	6783.9	43.193	10.420	14.564	1730.5	-0.050772	1.2606e-05	0.27315	supercritical
493.00	69.000	3.3026	0.30279	4709.2	6798.5	43.222	10.420	14.564	1732.2	-0.050821	1.2624e-05	0.27353	supercritical
494.00	69.000	3.2961	0.30339	4719.6	6813.0	43.252	10.420	14.564	1733.8	-0.050871	1.2641e-05	0.27391	supercritical
495.00	69.000	3.2896	0.30399	4730.1	6827.6	43.281	10.420	14.564	1735.5	-0.050920	1.2659e-05	0.27430	supercritical
496.00	69.000	3.2831	0.30459	4740.5	6842.1	43.311	10.420	14.564	1737.1	-0.050969	1.2677e-05	0.27468	supercritical
497.00	69.000	3.2767	0.30519	4750.9	6856.7	43.340	10.420	14.564	1738.8	-0.051018	1.2694e-05	0.27506	supercritical
498.00	69.000	3.2703	0.30579	4761.4	6871.3	43.369	10.421	14.564	1740.4	-0.051066	1.2712e-05	0.27544	supercritical
499.00	69.000	3.2639	0.30638	4771.8	6885.8	43.399	10.421	14.564	1742.0	-0.051114	1.2730e-05	0.27583	supercritical
500.00	69.000	3.2575	0.30698	4782.2	6900.4	43.428	10.421	14.564	1743.7	-0.051162	1.2747e-05	0.27621	supercritical
501.00	69.000	3.2512	0.30758	4792.6	6915.0	43.457	10.421	14.564	1745.3	-0.051210	1.2765e-05	0.27659	supercritical
502.00	69.000	3.2448	0.30818	4803.1	6929.5	43.486	10.421	14.564	1747.0	-0.051257	1.2782e-05	0.27697	supercritical
503.00	69.000	3.2385	0.30878	4813.5	6944.1	43.515	10.422	14.564	1748.6	-0.051304	1.2800e-05	0.27736	supercritical
504.00	69.000	3.2323	0.30938	4823.9	6958.7	43.544	10.422	14.564	1750.2	-0.051351	1.2818e-05	0.27774	supercritical
505.00	69.000	3.2260	0.30998	4834.4	6973.2	43.573	10.422	14.564	1751.9	-0.051398	1.2835e-05	0.27812	supercritical
506.00	69.000	3.2198	0.31058	4844.8	6987.8	43.601	10.422	14.564	1753.5	-0.051444	1.2853e-05	0.27850	supercritical
507.00	69.000	3.2136	0.31118	4855.2	7002.3	43.630	10.422	14.564	1755.1	-0.051490	1.2870e-05	0.27888	supercritical
508.00	69.000	3.2074	0.31178	4865.7	7016.9	43.659	10.423	14.564	1756.8	-0.051536	1.2888e-05	0.27926	supercritical
509.00	69.000	3.2013	0.31237	4876.1	7031.5	43.688	10.423	14.564	1758.4	-0.051582	1.2905e-05	0.27964	supercritical
510.00	69.000	3.1952	0.31297	4886.5	7046.0	43.716	10.423	14.564	1760.0	-0.051627	1.2923e-05	0.28002	supercritical
511.00	69.000	3.1891	0.31357	4896.9	7060.6	43.745	10.423	14.564	1761.6	-0.051673	1.2940e-05	0.28040	supercritical
512.00	69.000	3.1830	0.31417	4907.4	7075.2	43.773	10.424	14.564	1763.3	-0.051718	1.2958e-05	0.28078	supercritical
513.00	69.000	3.1769	0.31477	4917.8	7089.7	43.802	10.424	14.564	1764.9	-0.051762	1.2975e-05	0.28116	supercritical
514.00	69.000	3.1709	0.31537	4928.2	7104.3	43.830	10.424	14.564	1766.5	-0.051807	1.2993e-05	0.28154	supercritical
515.00	69.000	3.1649	0.31597	4938.7	7118.9	43.858	10.424	14.564	1768.1	-0.051851	1.3010e-05	0.28192	supercritical
516.00	69.000	3.1589	0.31657	4949.1	7133.4	43.886	10.424	14.564	1769.8	-0.051895	1.3028e-05	0.28230	supercritical
517.00	69.000	3.1529	0.31717	4959.5	7148.0	43.915	10.425	14.564	1771.4	-0.051939	1.3045e-05	0.28268	supercritical
518.00	69.000	3.1470	0.31776	4970.0	7162.5	43.943	10.425	14.564	1773.0	-0.051983	1.3063e-05	0.28306	supercritical
519.00	69.000	3.1411	0.31836	4980.4	7177.1	43.971	10.425	14.564	1774.6	-0.052026	1.3080e-05	0.28344	supercritical
520.00	69.000	3.1352	0.31896	4990.8	7191.7	43.999	10.425	14.564	1776.2	-0.052069	1.3097e-05	0.28382	supercritical
521.00	69.000	3.1293	0.31956	5001.3	7206.2	44.027	10.426	14.564	1777.8	-0.052112	1.3115e-05	0.28420	supercritical
522.00	69.000	3.1234	0.32016	5011.7	7220.8	44.055	10.426	14.564	1779.4	-0.052155	1.3132e-05	0.28458	supercritical
523.00	69.000	3.1176	0.32076	5022.1	7235.4	44.083	10.426	14.564	1781.0	-0.052197	1.3150e-05	0.28496	supercritical
524.00	69.000	3.1118	0.32136	5032.6	7249.9	44.111	10.426	14.564	1782.6	-0.052240	1.3167e-05	0.28534	supercritical
525.00	69.000	3.1060	0.32196	5043.0	7264.5	44.138	10.426	14.565	1784.2	-0.052282	1.3184e-05	0.28572	supercritical
526.00	69.000	3.1002	0.32256	5053.4	7279.1	44.166	10.427	14.565	1785.8	-0.052324	1.3202e-05	0.28610	supercritical
527.00	69.000	3.0945	0.32315	5063.9	7293.6	44.194	10.427	14.565	1787.4	-0.052365	1.3219e-05	0.28647	supercritical
528.00	69.000	3.0888	0.32375	5074.3	7308.2	44.221	10.427	14.565	1789.0	-0.052407	1.3236e-05	0.28685	supercritical
529.00	69.000	3.0831	0.32435	5084.7	7322.8	44.249	10.427	14.565	1790.6	-0.052448	1.3254e-05	0.28723	supercritical
530.00	69.000	3.0774	0.32495	5095.2	7337.3	44.276	10.428	14.565	1792.2	-0.052489	1.3271e-05	0.28761	supercritical
531.00	69.000	3.0717	0.32555	5105.6	7351.9	44.304	10.428	14.565	1793.8	-0.052530	1.3288e-05	0.28799	supercritical
532.00	69.000	3.0661	0.32615	5116.0	7366.5	44.331	10.428	14.565	1795.4	-0.052570	1.3306e-05	0.28836	supercritical
533.00	69.000	3.0605	0.32675	5126.5	7381.0	44.359	10.428	14.565	1797.0	-0.052610	1.3323e-05	0.28874	supercritical
534.00	69.000	3.0549	0.32734	5136.9	7395.6	44.386	10.429	14.565	1798.6	-0.052651	1.3340e-05	0.28912	supercritical
535.00	69.000	3.0493	0.32794	5147.3	7410.1	44.413	10.429	14.565	1800.2	-0.052691	1.3358e-05	0.28950	supercritical
536.00	69.000	3.0438	0.32854	5157.8	7424.7	44.440	10.429	14.566	1801.8	-0.052730	1.3375e-05	0.28987	supercritical
537.00	69.000	3.0382	0.32914	5168.2	7439.3	44.468	10.430	14.566	1803.4	-0.052770	1.3392e-05	0.29025	supercritical
538.00	69.000	3.0327	0.32974	5178.6	7453.8	44.495	10.430	14.566	1804.9	-0.052809	1.3409e-05	0.29063	supercritical
539.00	69.000	3.0272	0.33034	5189.1	7468.4	44.522	10.430	14.566	1806.5	-0.052848	1.3427e-05	0.29100	supercritical
540.00	69.000	3.0217	0.33094	5199.5	7483.0	44.549	10.430	14.566	1808.1	-0.052887	1.3444e-05	0.29138	supercritical
541.00	69.000	3.0163	0.33153	5210.0	7497.5	44.576	10.431	14.566	1809.7	-0.052926	1.3461e-05	0.29176	supercritical
542.00	69.000	3.0108	0.33213	5220.4	7512.1	44.603	10.431	14.566	1811.3	-0.052964	1.3478e-05	0.29213	supercritical
543.00	69.000	3.0054	0.33273	5230.8	7526.7	44.629	10.431	14.566	1812.8	-0.053002	1.3496e-05	0.29251	supercritical
544.00	69.000	3.0000	0.33333	5241.3	7541.2	44.656	10.431	14.567	1814.4	-0.053041	1.3513e-05	0.29289	supercritical
545.00	69.000	2.9946	0.33393	5251.7	7555.8	44.683	10.432	14.567	1816.0	-0.053078	1.3530e-05	0.29326	supercritical
546.00	69.000	2.9893	0.33453	5262.1	7570.4	44.710	10.432	14.567	1817.6	-0.053116	1.3547e-05	0.29364	supercritical
547.00	69.000	2.9840	0.33513	5272.6	7584.9	44.736	10.432	14.567	1819.1	-0.053154	1.3565e-05	0.29402	supercritical
548.00	69.000	2.9786	0.33572	5283.0	7599.5	44.763	10.433	14.567	1820.7	-0.053191	1.3582e-05	0.29439	supercritical
549.00	69.000	2.9733	0.33632	5293.4	7614.1	44.789	10.433	14.567	1822.3	-0.053228	1.3599e-05	0.29477	supercritical
550.00	69.000	2.9681	0.33692	5303.9	7628.6	44.816	10.433	14.568	1823.8	-0.053265	1.3616e-05	0.29514	supercritical
551.00	69.000	2.9628	0.33752	5314.3	7643.2	44.842	10.434	14.568	1825.4	-0.053302	1.3633e-05	0.29552	supercritical
552.00	69.000	2.9575	0.33812	5324.8	7657.8	44.869	10.434	14.568	1827.0	-0.053338	1.3650e-05	0.29589	supercritical
553.00	69.000	2.9523	0.33872	5335.2	7672.3	44.895	10.434	14.568	1828.5	-0.053374	1.3668e-05	0.29627	supercritical
554.00	69.000	2.9471	0.33932	5345.6	7686.9	44.922	10.434	14.568	1830.1	-0.053411	1.3685e-05	0.29665	supercritical
555.00	69.000	2.9419	0.33991	5356.1	7701.5	44.948	10.435	14.568	1831.6	-0.053447	1.3702e-05	0.29702	supercritical
556.00	69.000	2.9368	0.34051	5366.5	7716.1	44.974	10.435	14.569	1833.2	-0.053482	1.3719e-05	0.29740	supercritical
557.00	69.000	2.9316	0.34111	5377.0	7730.6	45.000	10.435	14.569	1834.8	-0.053518	1.3736e-05	0.29777	supercritical
558.00	69.000	2.9265	0.34171	5387.4	7745.2	45.026	10.436	14.569	1836.3	-0.053553	1.3753e-05	0.29815	supercritical
559.00	69.000	2.9214	0.34231	5397.8	7759.8	45.052	10.436	14.569	1837.9	-0.053588	1.3770e-05	0.29852	supercritical
560.00	69.000	2.9163	0.34291	5408.3	7774.3	45.078	10.436	14.569	1839.4	-0.053623	1.3787e-05	0.29890	supercritical
561.00	69.000	2.9112	0.34350	5418.7	7788.9	45.104	10.437	14.570	1841.0	-0.053658	1.3804e-05	0.29927	supercritical
562.00	69.000	2.9061	0.34410	5429.2	7803.5	45.130	10.437	14.570	1842.5	-0.053693	1.3821e-05	0.29965	supercritical
563.00	69.000	2.9011	0.34470	5439.6	7818.0	45.156	10.437	14.570	1844.1	-0.053727	1.3839e-05	0.30002	supercritical
564.00	69.000	2.8960	0.34530	5450.0	7832.6	45.182	10.438	14.570	1845.6	-0.053762	1.3856e-05	0.30039	supercritical
565.00	69.000	2.8910	0.34590	5460.5	7847.2	45.208	10.438	14.570	1847.1	-0.053796	1.3873e-05	0.30077	supercritical
566.00	69.000	2.8860	0.34650	5470.9	7861.7	45.234	10.438	14.571	1848.7	-0.053830	1.3890e-05	0.30114	supercritical
567.00	69.000	2.8811	0.34709	5481.4	7876.3	45.259	10.439	14.571	1850.2	-0.053864	1.3907e-05	0.30152	supercritical
568.00	69.000	2.8761	0.34769	5491.8	7890.9	45.285	10.439	14.571	1851.8	-0.053897	1.3924e-05	0.30189	supercritical
569.00	69.000	2.8712	0.34829	5502.3	7905.5	45.311	10.439	14.571	1853.3	-0.053931	1.3941e-05	0.30227	supercritical
570.00	69.000	2.8662	0.34889	5512.7	7920.0	45.336	10.440	14.572	1854.8	-0.053964	1.3958e-05	0.30264	supercritical
571.00	69.000	2.8613	0.34949	5523.1	7934.6	45.362	10.440	14.572	1856.4	-0.053997	1.3975e-05	0.30301	supercritical
572.00	69.000	2.8564	0.35009	5533.6	7949.2	45.387	10.441	14.572	1857.9	-0.054030	1.3992e-05	0.30339	supercritical
573.00	69.000	2.8516	0.35068	5544.0	7963.7	45.413	10.441	14.572	1859.5	-0.054062	1.4009e-05	0.30376	supercritical
574.00	69.000	2.8467	0.35128	5554.5	7978.3	45.438	10.441	14.572	1861.0	-0.054095	1.4026e-05	0.30414	supercritical
575.00	69.000	2.8419	0.35188	5564.9	7992.9	45.464	10.442	14.573	1862.5	-0.054127	1.4043e-05	0.30451	supercritical
576.00	69.000	2.8371	0.35248	5575.4	8007.5	45.489	10.442	14.573	1864.0	-0.054159	1.4060e-05	0.30488	supercritical
577.00	69.000	2.8322	0.35308	5585.8	8022.0	45.514	10.442	14.573	1865.6	-0.054191	1.4077e-05	0.30526	supercritical
578.00	69.000	2.8275	0.35368	5596.3	8036.6	45.539	10.443	14.574	1867.1	-0.054223	1.4094e-05	0.30563	supercritical
579.00	69.000	2.8227	0.35427	5606.7	8051.2	45.565	10.443	14.574	1868.6	-0.054255	1.4110e-05	0.30600	supercritical
580.00	69.000	2.8179	0.35487	5617.1	8065.8	45.590	10.444	14.574	1870.1	-0.054286	1.4127e-05	0.30638	supercritical
581.00	69.000	2.8132	0.35547	5627.6	8080.3	45.615	10.444	14.574	1871.7	-0.054318	1.4144e-05	0.30675	supercritical
582.00	69.000	2.8085	0.35607	5638.0	8094.9	45.640	10.444	14.575	1873.2	-0.054349	1.4161e-05	0.30712	supercritical
583.00	69.000	2.8037	0.35667	5648.5	8109.5	45.665	10.445	14.575	1874.7	-0.054380	1.4178e-05	0.30750	supercritical
584.00	69.000	2.7990	0.35726	5658.9	8124.1	45.690	10.445	14.575	1876.2	-0.054411	1.4195e-05	0.30787	supercritical
585.00	69.000	2.7944	0.35786	5669.4	8138.6	45.715	10.445	14.575	1877.7	-0.054442	1.4212e-05	0.30824	supercritical
586.00	69.000	2.7897	0.35846	5679.8	8153.2	45.740	10.446	14.576	1879.3	-0.054472	1.4229e-05	0.30862	supercritical
587.00	69.000	2.7851	0.35906	5690.3	8167.8	45.765	10.446	14.576	1880.8	-0.054502	1.4246e-05	0.30899	supercritical
588.00	69.000	2.7804	0.35966	5700.7	8182.4	45.789	10.447	14.576	1882.3	-0.054533	1.4263e-05	0.30936	supercritical
589.00	69.000	2.7758	0.36026	5711.2	8196.9	45.814	10.447	14.577	1883.8	-0.054563	1.4279e-05	0.30973	supercritical
590.00	69.000	2.7712	0.36085	5721.6	8211.5	45.839	10.448	14.577	1885.3	-0.054592	1.4296e-05	0.31011	supercritical
591.00	69.000	2.7666	0.36145	5732.1	8226.1	45.864	10.448	14.577	1886.8	-0.054622	1.4313e-05	0.31048	supercritical
592.00	69.000	2.7621	0.36205	5742.5	8240.7	45.888	10.448	14.578	1888.3	-0.054652	1.4330e-05	0.31085	supercritical
593.00	69.000	2.7575	0.36265	5753.0	8255.2	45.913	10.449	14.578	1889.8	-0.054681	1.4347e-05	0.31122	supercritical
594.00	69.000	2.7530	0.36325	5763.4	8269.8	45.937	10.449	14.578	1891.3	-0.054710	1.4364e-05	0.31160	supercritical
595.00	69.000	2.7484	0.36384	5773.9	8284.4	45.962	10.450	14.579	1892.8	-0.054739	1.4380e-05	0.31197	supercritical
596.00	69.000	2.7439	0.36444	5784.3	8299.0	45.986	10.450	14.579	1894.3	-0.054768	1.4397e-05	0.31234	supercritical
597.00	69.000	2.7394	0.36504	5794.8	8313.6	46.011	10.451	14.579	1895.8	-0.054797	1.4414e-05	0.31271	supercritical
598.00	69.000	2.7349	0.36564	5805.2	8328.1	46.035	10.451	14.580	1897.3	-0.054826	1.4431e-05	0.31309	supercritical
599.00	69.000	2.7305	0.36624	5815.7	8342.7	46.060	10.451	14.580	1898.8	-0.054854	1.4448e-05	0.31346	supercritical
600.00	69.000	2.7260	0.36683	5826.1	8357.3	46.084	10.452	14.580	1900.3	-0.054883	1.4464e-05	0.31383	supercritical
601.00	69.000	2.7216	0.36743	5836.6	8371.9	46.108	10.452	14.581	1901.8	-0.054911	1.4481e-05	0.31420	supercritical
602.00	69.000	2.7172	0.36803	5847.1	8386.5	46.132	10.453	14.581	1903.3	-0.054939	1.4498e-05	0.31458	supercritical
603.00	69.000	2.7128	0.36863	5857.5	8401.0	46.157	10.453	14.581	1904.8	-0.054967	1.4515e-05	0.31495	supercritical
604.00	69.000	2.7084	0.36923	5868.0	8415.6	46.181	10.454	14.582	1906.3	-0.054994	1.4532e-05	0.31532	supercritical
605.00	69.000	2.7040	0.36982	5878.4	8430.2	46.205	10.454	14.582	1907.8	-0.055022	1.4548e-05	0.31569	supercritical
606.00	69.000	2.6996	0.37042	5888.9	8444.8	46.229	10.455	14.582	1909.3	-0.055049	1.4565e-05	0.31606	supercritical
607.00	69.000	2.6953	0.37102	5899.3	8459.4	46.253	10.455	14.583	1910.8	-0.055077	1.4582e-05	0.31643	supercritical
608.00	69.000	2.6909	0.37162	5909.8	8474.0	46.277	10.456	14.583	1912.3	-0.055104	1.4598e-05	0.31681	supercritical
609.00	69.000	2.6866	0.37222	5920.2	8488.5	46.301	10.456	14.584	1913.8	-0.055131	1.4615e-05	0.31718	supercritical
610.00	69.000	2.6823	0.37281	5930.7	8503.1	46.325	10.456	14.584	1915.2	-0.055157	1.4632e-05	0.31755	supercritical
611.00	69.000	2.6780	0.37341	5941.2	8517.7	46.349	10.457	14.584	1916.7	-0.055184	1.4649e-05	0.31792	supercritical
612.00	69.000	2.6737	0.37401	5951.6	8532.3	46.373	10.457	14.585	1918.2	-0.055211	1.4665e-05	0.31829	supercritical
613.00	69.000	2.6695	0.37461	5962.1	8546.9	46.397	10.458	14.585	1919.7	-0.055237	1.4682e-05	0.31867	supercritical
