Temperature (K)	Pressure (bar)	Density (kg/m3)	Volume (m3/kg)	Internal Energy (kJ/kg)	Enthalpy (kJ/kg)	Entropy (J/g*K)	Cv (J/g*K)	Cp (J/g*K)	Sound Spd. (m/s)	Joule-Thomson (K/bar)	Viscosity (Pa*s)	Therm. Cond. (W/m*K)	Phase
16.000	65.000	80.276	0.012457	-49.473	31.498	-2.8774	5.3007	6.9081	1430.3	-0.15724	2.9378e-05	0.10637	liquid
17.000	65.000	79.622	0.012559	-43.098	38.537	-2.4507	5.3873	7.1735	1417.1	-0.15024	2.6487e-05	0.10826	liquid
18.000	65.000	78.946	0.012667	-36.485	45.850	-2.0328	5.4748	7.4536	1403.3	-0.14328	2.4080e-05	0.10995	liquid
19.000	65.000	78.246	0.012780	-29.624	53.448	-1.6221	5.5597	7.7434	1389.0	-0.13648	2.2046e-05	0.11143	liquid
20.000	65.000	77.520	0.012900	-22.509	61.340	-1.2174	5.6416	8.0420	1374.0	-0.12987	2.0307e-05	0.11272	liquid
21.000	65.000	76.769	0.013026	-15.135	69.535	-0.81760	5.7210	8.3493	1358.3	-0.12341	1.8806e-05	0.11381	liquid
22.000	65.000	75.992	0.013159	-7.4937	78.041	-0.42193	5.7978	8.6654	1342.0	-0.11711	1.7498e-05	0.11472	liquid
23.000	65.000	75.188	0.013300	0.41881	86.868	-0.029602	5.8719	8.9902	1325.1	-0.11094	1.6350e-05	0.11544	liquid
24.000	65.000	74.357	0.013449	8.6084	96.025	0.36003	5.9430	9.3237	1307.5	-0.10488	1.5335e-05	0.11598	liquid
25.000	65.000	73.497	0.013606	17.080	105.52	0.74756	6.0108	9.6660	1289.4	-0.098911	1.4432e-05	0.11636	liquid
26.000	65.000	72.609	0.013772	25.838	115.36	1.1335	6.0750	10.017	1270.6	-0.093004	1.3622e-05	0.11657	liquid
27.000	65.000	71.690	0.013949	34.888	125.56	1.5183	6.1353	10.377	1251.3	-0.087134	1.2893e-05	0.11663	liquid
28.000	65.000	70.740	0.014136	44.232	136.12	1.9023	6.1915	10.747	1231.5	-0.081272	1.2232e-05	0.11653	liquid
29.000	65.000	69.759	0.014335	53.876	147.05	2.2861	6.2436	11.127	1211.1	-0.075384	1.1629e-05	0.11629	liquid
30.000	65.000	68.744	0.014547	63.823	158.38	2.6698	6.2916	11.518	1190.2	-0.069440	1.1078e-05	0.11592	liquid
31.000	65.000	67.695	0.014772	74.076	170.09	3.0541	6.3355	11.921	1168.9	-0.063405	1.0570e-05	0.11541	liquid
32.000	65.000	66.611	0.015013	84.641	182.22	3.4391	6.3755	12.336	1147.1	-0.057247	1.0100e-05	0.11479	liquid
33.000	65.000	65.490	0.015269	95.520	194.77	3.8252	6.4117	12.764	1125.0	-0.050933	9.6641e-06	0.11404	liquid
34.000	65.000	64.331	0.015544	106.72	207.75	4.2127	6.4444	13.206	1102.5	-0.044430	9.2573e-06	0.11318	supercritical
35.000	65.000	63.134	0.015839	118.23	221.19	4.6021	6.4739	13.661	1079.7	-0.037712	8.8765e-06	0.11224	supercritical
36.000	65.000	61.897	0.016156	130.07	235.08	4.9935	6.5004	14.129	1056.8	-0.030751	8.5188e-06	0.11122	supercritical
37.000	65.000	60.620	0.016496	142.22	249.45	5.3871	6.5242	14.609	1033.9	-0.023530	8.1819e-06	0.11011	supercritical
38.000	65.000	59.303	0.016863	154.70	264.30	5.7832	6.5458	15.098	1010.9	-0.016035	7.8638e-06	0.10890	supercritical
39.000	65.000	57.947	0.017257	167.48	279.65	6.1817	6.5653	15.592	988.17	-0.0082632	7.5630e-06	0.10761	supercritical
40.000	65.000	56.554	0.017682	180.55	295.49	6.5827	6.5832	16.087	965.77	-0.00022576	7.2784e-06	0.10624	supercritical
41.000	65.000	55.127	0.018140	193.91	311.82	6.9860	6.5996	16.573	943.92	0.0080533	7.0091e-06	0.10479	supercritical
42.000	65.000	53.669	0.018633	207.51	328.63	7.3910	6.6148	17.044	922.79	0.016533	6.7546e-06	0.10328	supercritical
43.000	65.000	52.187	0.019162	221.34	345.90	7.7973	6.6290	17.487	902.59	0.025155	6.5145e-06	0.10170	supercritical
44.000	65.000	50.687	0.019729	235.35	363.59	8.2041	6.6421	17.892	883.52	0.033846	6.2888e-06	0.10008	supercritical
45.000	65.000	49.178	0.020334	249.49	381.66	8.6102	6.6543	18.248	865.76	0.042517	6.0775e-06	0.098407	supercritical
46.000	65.000	47.671	0.020977	263.71	400.06	9.0146	6.6654	18.544	849.46	0.051070	5.8807e-06	0.096702	supercritical
47.000	65.000	46.174	0.021657	277.95	418.73	9.4160	6.6752	18.773	834.73	0.059405	5.6983e-06	0.094971	supercritical
48.000	65.000	44.697	0.022373	292.16	437.59	9.8131	6.6837	18.931	821.63	0.067422	5.5305e-06	0.093214	supercritical
49.000	65.000	43.252	0.023120	306.28	456.57	10.204	6.6907	19.016	810.18	0.075031	5.3769e-06	0.091402	supercritical
50.000	65.000	41.845	0.023898	320.26	475.59	10.589	6.6962	19.031	800.35	0.082151	5.2373e-06	0.089360	supercritical
51.000	65.000	40.485	0.024701	334.05	494.61	10.965	6.7002	18.982	792.07	0.088721	5.1112e-06	0.087898	supercritical
52.000	65.000	39.177	0.025525	347.62	513.54	11.333	6.7027	18.875	785.24	0.094694	4.9979e-06	0.086522	supercritical
53.000	65.000	37.924	0.026368	360.95	532.34	11.691	6.7040	18.721	779.75	0.10004	4.8967e-06	0.085239	supercritical
54.000	65.000	36.730	0.027226	374.00	550.97	12.039	6.7042	18.528	775.48	0.10476	4.8069e-06	0.084053	supercritical
55.000	65.000	35.594	0.028095	386.77	569.39	12.377	6.7036	18.305	772.29	0.10885	4.7274e-06	0.082967	supercritical
56.000	65.000	34.517	0.028971	399.26	587.57	12.705	6.7025	18.063	770.06	0.11233	4.6574e-06	0.081981	supercritical
57.000	65.000	33.497	0.029853	411.46	605.51	13.022	6.7011	17.807	768.68	0.11523	4.5962e-06	0.081090	supercritical
58.000	65.000	32.533	0.030738	423.39	623.18	13.330	6.6996	17.545	768.03	0.11758	4.5428e-06	0.080293	supercritical
59.000	65.000	31.622	0.031624	435.04	640.60	13.627	6.6983	17.282	768.01	0.11944	4.4965e-06	0.079585	supercritical
60.000	65.000	30.761	0.032509	446.44	657.75	13.916	6.6973	17.022	768.55	0.12083	4.4566e-06	0.078960	supercritical
61.000	65.000	29.947	0.033393	457.59	674.64	14.195	6.6968	16.768	769.55	0.12181	4.4224e-06	0.078414	supercritical
62.000	65.000	29.177	0.034273	468.51	691.29	14.466	6.6968	16.522	770.96	0.12242	4.3934e-06	0.077941	supercritical
63.000	65.000	28.449	0.035150	479.21	707.69	14.728	6.6975	16.286	772.71	0.12269	4.3690e-06	0.077535	supercritical
64.000	65.000	27.760	0.036023	489.71	723.86	14.983	6.6990	16.060	774.75	0.12268	4.3487e-06	0.077193	supercritical
65.000	65.000	27.106	0.036892	500.02	739.81	15.230	6.7012	15.846	777.03	0.12240	4.3322e-06	0.076908	supercritical
66.000	65.000	26.486	0.037755	510.15	755.56	15.471	6.7044	15.643	779.53	0.12189	4.3190e-06	0.076677	supercritical
67.000	65.000	25.898	0.038614	520.12	771.10	15.704	6.7084	15.451	782.20	0.12119	4.3087e-06	0.076495	supercritical
68.000	65.000	25.338	0.039467	529.93	786.46	15.932	6.7133	15.270	785.02	0.12032	4.3013e-06	0.076359	supercritical
69.000	65.000	24.805	0.040315	539.60	801.65	16.154	6.7191	15.101	787.96	0.11929	4.2962e-06	0.076264	supercritical
70.000	65.000	24.297	0.041158	549.14	816.67	16.370	6.7258	14.941	791.01	0.11814	4.2934e-06	0.076209	supercritical
71.000	65.000	23.812	0.041995	558.57	831.53	16.581	6.7334	14.791	794.14	0.11688	4.2926e-06	0.076190	supercritical
72.000	65.000	23.349	0.042828	567.88	846.25	16.786	6.7420	14.651	797.33	0.11552	4.2936e-06	0.076204	supercritical
73.000	65.000	22.907	0.043655	577.08	860.84	16.988	6.7514	14.520	800.59	0.11409	4.2962e-06	0.076249	supercritical
74.000	65.000	22.483	0.044477	586.19	875.30	17.184	6.7617	14.397	803.88	0.11258	4.3004e-06	0.076323	supercritical
75.000	65.000	22.077	0.045295	595.22	889.64	17.377	6.7729	14.282	807.22	0.11102	4.3059e-06	0.076423	supercritical
76.000	65.000	21.688	0.046108	604.16	903.86	17.565	6.7850	14.175	810.57	0.10941	4.3127e-06	0.076548	supercritical
77.000	65.000	21.314	0.046917	613.03	917.99	17.750	6.7979	14.074	813.95	0.10776	4.3207e-06	0.076697	supercritical
78.000	65.000	20.955	0.047721	621.83	932.02	17.931	6.8116	13.981	817.34	0.10607	4.3297e-06	0.076867	supercritical
79.000	65.000	20.610	0.048521	630.57	945.95	18.108	6.8260	13.893	820.74	0.10437	4.3397e-06	0.077058	supercritical
80.000	65.000	20.277	0.049316	639.25	959.80	18.283	6.8413	13.812	824.14	0.10264	4.3506e-06	0.077268	supercritical
81.000	65.000	19.957	0.050108	647.88	973.58	18.454	6.8573	13.736	827.54	0.10090	4.3623e-06	0.077496	supercritical
82.000	65.000	19.648	0.050896	656.45	987.28	18.622	6.8741	13.665	830.93	0.099154	4.3748e-06	0.077741	supercritical
83.000	65.000	19.350	0.051680	664.99	1000.9	18.787	6.8915	13.599	834.32	0.097399	4.3880e-06	0.078002	supercritical
84.000	65.000	19.062	0.052460	673.49	1014.5	18.950	6.9096	13.538	837.70	0.095642	4.4018e-06	0.078279	supercritical
85.000	65.000	18.784	0.053237	681.94	1028.0	19.109	6.9284	13.481	841.07	0.093887	4.4163e-06	0.078569	supercritical
86.000	65.000	18.515	0.054011	690.37	1041.4	19.267	6.9477	13.428	844.42	0.092135	4.4313e-06	0.078874	supercritical
87.000	65.000	18.255	0.054781	698.77	1054.8	19.422	6.9677	13.379	847.76	0.090389	4.4468e-06	0.079191	supercritical
88.000	65.000	18.002	0.055548	707.14	1068.2	19.574	6.9883	13.334	851.09	0.088652	4.4628e-06	0.079521	supercritical
89.000	65.000	17.758	0.056312	715.48	1081.5	19.725	7.0094	13.292	854.40	0.086925	4.4793e-06	0.079862	supercritical
90.000	65.000	17.521	0.057073	723.81	1094.8	19.873	7.0310	13.253	857.70	0.085210	4.4961e-06	0.080215	supercritical
91.000	65.000	17.292	0.057831	732.12	1108.0	20.019	7.0531	13.218	860.98	0.083508	4.5134e-06	0.080578	supercritical
92.000	65.000	17.069	0.058587	740.41	1121.2	20.164	7.0757	13.185	864.24	0.081821	4.5310e-06	0.080951	supercritical
93.000	65.000	16.852	0.059340	748.68	1134.4	20.306	7.0988	13.155	867.48	0.080149	4.5490e-06	0.081335	supercritical
94.000	65.000	16.642	0.060090	756.95	1147.5	20.447	7.1222	13.127	870.70	0.078494	4.5673e-06	0.081727	supercritical
95.000	65.000	16.437	0.060837	765.20	1160.6	20.585	7.1461	13.102	873.91	0.076856	4.5858e-06	0.082129	supercritical
96.000	65.000	16.238	0.061583	773.45	1173.7	20.722	7.1703	13.080	877.10	0.075236	4.6047e-06	0.082540	supercritical
97.000	65.000	16.045	0.062325	781.69	1186.8	20.858	7.1949	13.059	880.27	0.073635	4.6238e-06	0.082958	supercritical
98.000	65.000	15.856	0.063066	789.93	1199.9	20.992	7.2198	13.041	883.43	0.072053	4.6432e-06	0.083385	supercritical
99.000	65.000	15.673	0.063804	798.16	1212.9	21.124	7.2451	13.024	886.56	0.070490	4.6628e-06	0.083819	supercritical
100.00	65.000	15.494	0.064540	806.39	1225.9	21.255	7.2706	13.009	889.68	0.068947	4.6825e-06	0.084261	supercritical
101.00	65.000	15.320	0.065274	814.62	1238.9	21.384	7.2964	12.996	892.78	0.067425	4.7025e-06	0.084710	supercritical
102.00	65.000	15.150	0.066006	822.86	1251.9	21.512	7.3224	12.985	895.87	0.065923	4.7227e-06	0.085166	supercritical
103.00	65.000	14.984	0.066737	831.09	1264.9	21.639	7.3486	12.975	898.94	0.064441	4.7431e-06	0.085629	supercritical
104.00	65.000	14.823	0.067465	839.33	1277.8	21.764	7.3751	12.967	901.99	0.062980	4.7636e-06	0.086098	supercritical
105.00	65.000	14.665	0.068191	847.57	1290.8	21.888	7.4017	12.960	905.03	0.061540	4.7843e-06	0.086573	supercritical
106.00	65.000	14.511	0.068916	855.82	1303.8	22.011	7.4285	12.954	908.05	0.060120	4.8051e-06	0.087054	supercritical
107.00	65.000	14.360	0.069638	864.07	1316.7	22.133	7.4555	12.950	911.06	0.058721	4.8261e-06	0.087541	supercritical
108.00	65.000	14.213	0.070359	872.33	1329.7	22.253	7.4826	12.947	914.05	0.057342	4.8471e-06	0.088033	supercritical
109.00	65.000	14.069	0.071079	880.60	1342.6	22.372	7.5097	12.945	917.03	0.055985	4.8683e-06	0.088531	supercritical
110.00	65.000	13.928	0.071797	888.88	1355.6	22.491	7.5370	12.944	919.99	0.054647	4.8897e-06	0.089034	supercritical
111.00	65.000	13.791	0.072513	897.17	1368.5	22.608	7.5644	12.944	922.94	0.053330	4.9111e-06	0.089541	supercritical
112.00	65.000	13.656	0.073227	905.47	1381.4	22.724	7.5918	12.945	925.88	0.052033	4.9326e-06	0.090054	supercritical
113.00	65.000	13.524	0.073941	913.78	1394.4	22.839	7.6193	12.946	928.80	0.050756	4.9542e-06	0.090571	supercritical
114.00	65.000	13.395	0.074652	922.10	1407.3	22.953	7.6468	12.949	931.71	0.049498	4.9759e-06	0.091093	supercritical
115.00	65.000	13.269	0.075363	930.43	1420.3	23.066	7.6744	12.952	934.61	0.048261	4.9977e-06	0.091619	supercritical
116.00	65.000	13.145	0.076072	938.78	1433.2	23.178	7.7020	12.957	937.49	0.047042	5.0195e-06	0.092150	supercritical
117.00	65.000	13.024	0.076779	947.14	1446.2	23.290	7.7295	12.961	940.37	0.045843	5.0415e-06	0.092684	supercritical
118.00	65.000	12.906	0.077486	955.51	1459.2	23.400	7.7570	12.967	943.23	0.044663	5.0635e-06	0.093222	supercritical
119.00	65.000	12.789	0.078191	963.90	1472.1	23.509	7.7846	12.973	946.08	0.043501	5.0855e-06	0.093764	supercritical
120.00	65.000	12.675	0.078895	972.30	1485.1	23.618	7.8120	12.980	948.92	0.042358	5.1076e-06	0.094310	supercritical
121.00	65.000	12.563	0.079598	980.71	1498.1	23.726	7.8395	12.987	951.75	0.041233	5.1298e-06	0.094859	supercritical
122.00	65.000	12.453	0.080299	989.14	1511.1	23.833	7.8668	12.995	954.57	0.040125	5.1520e-06	0.095411	supercritical
123.00	65.000	12.346	0.080999	997.59	1524.1	23.939	7.8941	13.003	957.38	0.039036	5.1743e-06	0.095966	supercritical
124.00	65.000	12.240	0.081699	1006.1	1537.1	24.044	7.9214	13.012	960.18	0.037963	5.1966e-06	0.096525	supercritical
125.00	65.000	12.136	0.082397	1014.5	1550.1	24.149	7.9485	13.021	962.96	0.036908	5.2189e-06	0.097086	supercritical
126.00	65.000	12.035	0.083094	1023.0	1563.1	24.252	7.9756	13.030	965.74	0.035870	5.2413e-06	0.097651	supercritical
127.00	65.000	11.935	0.083790	1031.5	1576.2	24.355	8.0025	13.040	968.51	0.034848	5.2637e-06	0.098218	supercritical
128.00	65.000	11.836	0.084485	1040.1	1589.2	24.458	8.0293	13.050	971.28	0.033843	5.2862e-06	0.098787	supercritical
129.00	65.000	11.740	0.085179	1048.6	1602.3	24.559	8.0561	13.061	974.03	0.032853	5.3087e-06	0.099359	supercritical
130.00	65.000	11.645	0.085872	1057.2	1615.3	24.660	8.0827	13.072	976.77	0.031879	5.3312e-06	0.099933	supercritical
131.00	65.000	11.552	0.086564	1065.7	1628.4	24.760	8.1091	13.083	979.51	0.030921	5.3537e-06	0.10051	supercritical
132.00	65.000	11.461	0.087255	1074.3	1641.5	24.860	8.1355	13.094	982.23	0.029978	5.3763e-06	0.10109	supercritical
133.00	65.000	11.371	0.087946	1083.0	1654.6	24.959	8.1616	13.106	984.95	0.029050	5.3989e-06	0.10167	supercritical
134.00	65.000	11.282	0.088635	1091.6	1667.7	25.057	8.1877	13.118	987.66	0.028136	5.4214e-06	0.10225	supercritical
135.00	65.000	11.195	0.089324	1100.2	1680.8	25.155	8.2136	13.130	990.37	0.027237	5.4441e-06	0.10284	supercritical
136.00	65.000	11.110	0.090012	1108.9	1694.0	25.252	8.2393	13.142	993.06	0.026352	5.4667e-06	0.10342	supercritical
137.00	65.000	11.026	0.090698	1117.6	1707.1	25.348	8.2649	13.154	995.75	0.025481	5.4893e-06	0.10401	supercritical
138.00	65.000	10.943	0.091385	1126.3	1720.3	25.444	8.2903	13.167	998.43	0.024623	5.5120e-06	0.10460	supercritical
139.00	65.000	10.861	0.092070	1135.0	1733.5	25.539	8.3155	13.180	1001.1	0.023779	5.5346e-06	0.10519	supercritical
140.00	65.000	10.781	0.092754	1143.7	1746.6	25.633	8.3406	13.192	1003.8	0.022948	5.5573e-06	0.10578	supercritical
141.00	65.000	10.702	0.093438	1152.5	1759.8	25.727	8.3655	13.205	1006.4	0.022129	5.5800e-06	0.10638	supercritical
142.00	65.000	10.625	0.094121	1161.3	1773.1	25.821	8.3902	13.218	1009.1	0.021324	5.6027e-06	0.10697	supercritical
143.00	65.000	10.548	0.094804	1170.1	1786.3	25.913	8.4147	13.232	1011.7	0.020531	5.6254e-06	0.10757	supercritical
144.00	65.000	10.473	0.095485	1178.9	1799.5	26.006	8.4391	13.245	1014.4	0.019750	5.6480e-06	0.10816	supercritical
145.00	65.000	10.399	0.096166	1187.7	1812.8	26.097	8.4632	13.258	1017.0	0.018980	5.6707e-06	0.10876	supercritical
146.00	65.000	10.326	0.096846	1196.5	1826.0	26.188	8.4872	13.271	1019.6	0.018223	5.6934e-06	0.10936	supercritical
147.00	65.000	10.254	0.097526	1205.4	1839.3	26.279	8.5110	13.285	1022.3	0.017477	5.7161e-06	0.10996	supercritical
148.00	65.000	10.183	0.098205	1214.3	1852.6	26.369	8.5345	13.298	1024.9	0.016742	5.7388e-06	0.11056	supercritical
149.00	65.000	10.113	0.098883	1223.2	1865.9	26.459	8.5579	13.312	1027.5	0.016018	5.7615e-06	0.11116	supercritical
150.00	65.000	10.044	0.099561	1232.1	1879.2	26.548	8.5811	13.325	1030.1	0.015305	5.7842e-06	0.11176	supercritical
151.00	65.000	9.9763	0.10024	1241.0	1892.6	26.636	8.6041	13.339	1032.7	0.014603	5.8069e-06	0.11236	supercritical
152.00	65.000	9.9094	0.10091	1250.0	1905.9	26.725	8.6269	13.352	1035.3	0.013911	5.8296e-06	0.11296	supercritical
153.00	65.000	9.8435	0.10159	1258.9	1919.3	26.812	8.6495	13.365	1037.9	0.013229	5.8522e-06	0.11356	supercritical
154.00	65.000	9.7785	0.10227	1267.9	1932.6	26.899	8.6719	13.379	1040.4	0.012558	5.8749e-06	0.11417	supercritical
155.00	65.000	9.7144	0.10294	1276.9	1946.0	26.986	8.6941	13.392	1043.0	0.011896	5.8976e-06	0.11477	supercritical
156.00	65.000	9.6512	0.10361	1285.9	1959.4	27.072	8.7160	13.406	1045.6	0.011244	5.9202e-06	0.11537	supercritical
157.00	65.000	9.5889	0.10429	1295.0	1972.8	27.158	8.7378	13.419	1048.1	0.010601	5.9429e-06	0.11597	supercritical
158.00	65.000	9.5274	0.10496	1304.0	1986.3	27.243	8.7594	13.433	1050.7	0.0099671	5.9655e-06	0.11658	supercritical
159.00	65.000	9.4667	0.10563	1313.1	1999.7	27.328	8.7808	13.446	1053.2	0.0093426	5.9881e-06	0.11718	supercritical
160.00	65.000	9.4069	0.10631	1322.2	2013.1	27.412	8.8019	13.459	1055.8	0.0087270	6.0108e-06	0.11778	supercritical
161.00	65.000	9.3478	0.10698	1331.3	2026.6	27.496	8.8229	13.473	1058.3	0.0081201	6.0334e-06	0.11839	supercritical
162.00	65.000	9.2896	0.10765	1340.4	2040.1	27.580	8.8437	13.486	1060.9	0.0075217	6.0560e-06	0.11899	supercritical
163.00	65.000	9.2321	0.10832	1349.5	2053.6	27.663	8.8642	13.499	1063.4	0.0069318	6.0786e-06	0.11959	supercritical
164.00	65.000	9.1753	0.10899	1358.7	2067.1	27.745	8.8846	13.512	1065.9	0.0063501	6.1011e-06	0.12020	supercritical
165.00	65.000	9.1193	0.10966	1367.8	2080.6	27.827	8.9047	13.525	1068.4	0.0057765	6.1237e-06	0.12080	supercritical
166.00	65.000	9.0640	0.11033	1377.0	2094.1	27.909	8.9247	13.538	1071.0	0.0052108	6.1462e-06	0.12140	supercritical
167.00	65.000	9.0094	0.11100	1386.2	2107.7	27.990	8.9444	13.551	1073.5	0.0046529	6.1688e-06	0.12200	supercritical
168.00	65.000	8.9555	0.11166	1395.4	2121.2	28.071	8.9640	13.564	1076.0	0.0041026	6.1913e-06	0.12260	supercritical
169.00	65.000	8.9022	0.11233	1404.7	2134.8	28.152	8.9833	13.577	1078.5	0.0035597	6.2138e-06	0.12320	supercritical
170.00	65.000	8.8497	0.11300	1413.9	2148.4	28.232	9.0024	13.589	1081.0	0.0030243	6.2363e-06	0.12380	supercritical
171.00	65.000	8.7977	0.11367	1423.2	2162.0	28.312	9.0214	13.602	1083.5	0.0024960	6.2588e-06	0.12440	supercritical
172.00	65.000	8.7464	0.11433	1432.4	2175.6	28.391	9.0401	13.614	1086.0	0.0019748	6.2812e-06	0.12500	supercritical
173.00	65.000	8.6958	0.11500	1441.7	2189.2	28.470	9.0587	13.627	1088.4	0.0014605	6.3037e-06	0.12560	supercritical
174.00	65.000	8.6457	0.11566	1451.0	2202.9	28.549	9.0770	13.639	1090.9	0.00095299	6.3261e-06	0.12620	supercritical
175.00	65.000	8.5963	0.11633	1460.4	2216.5	28.627	9.0952	13.651	1093.4	0.00045218	6.3485e-06	0.12680	supercritical
176.00	65.000	8.5474	0.11699	1469.7	2230.2	28.705	9.1131	13.664	1095.9	-4.2077e-05	6.3709e-06	0.12739	supercritical
177.00	65.000	8.4992	0.11766	1479.0	2243.8	28.782	9.1309	13.676	1098.3	-0.00052991	6.3933e-06	0.12799	supercritical
178.00	65.000	8.4515	0.11832	1488.4	2257.5	28.859	9.1485	13.688	1100.8	-0.0010114	6.4157e-06	0.12858	supercritical
179.00	65.000	8.4043	0.11899	1497.8	2271.2	28.936	9.1658	13.700	1103.2	-0.0014868	6.4380e-06	0.12918	supercritical
180.00	65.000	8.3577	0.11965	1507.2	2284.9	29.012	9.1830	13.711	1105.7	-0.0019560	6.4604e-06	0.12977	supercritical
181.00	65.000	8.3116	0.12031	1516.6	2298.6	29.088	9.2000	13.723	1108.1	-0.0024193	6.4827e-06	0.13036	supercritical
182.00	65.000	8.2661	0.12098	1526.0	2312.4	29.164	9.2168	13.735	1110.6	-0.0028767	6.5050e-06	0.13096	supercritical
183.00	65.000	8.2211	0.12164	1535.4	2326.1	29.239	9.2334	13.746	1113.0	-0.0033284	6.5273e-06	0.13155	supercritical
184.00	65.000	8.1766	0.12230	1544.9	2339.8	29.314	9.2498	13.758	1115.5	-0.0037744	6.5495e-06	0.13214	supercritical
185.00	65.000	8.1326	0.12296	1554.4	2353.6	29.389	9.2661	13.769	1117.9	-0.0042149	6.5718e-06	0.13273	supercritical
186.00	65.000	8.0891	0.12362	1563.8	2367.4	29.463	9.2821	13.780	1120.3	-0.0046500	6.5940e-06	0.13331	supercritical
187.00	65.000	8.0461	0.12428	1573.3	2381.2	29.537	9.2980	13.791	1122.7	-0.0050796	6.6162e-06	0.13390	supercritical
188.00	65.000	8.0035	0.12494	1582.8	2395.0	29.611	9.3137	13.803	1125.2	-0.0055041	6.6384e-06	0.13449	supercritical
189.00	65.000	7.9614	0.12561	1592.3	2408.8	29.684	9.3292	13.813	1127.6	-0.0059234	6.6606e-06	0.13507	supercritical
190.00	65.000	7.9198	0.12627	1601.9	2422.6	29.757	9.3446	13.824	1130.0	-0.0063376	6.6828e-06	0.13566	supercritical
191.00	65.000	7.8787	0.12693	1611.4	2436.4	29.829	9.3597	13.835	1132.4	-0.0067468	6.7049e-06	0.13624	supercritical
192.00	65.000	7.8379	0.12758	1621.0	2450.3	29.902	9.3747	13.846	1134.8	-0.0071512	6.7270e-06	0.13682	supercritical
193.00	65.000	7.7976	0.12824	1630.5	2464.1	29.974	9.3895	13.856	1137.2	-0.0075508	6.7491e-06	0.13740	supercritical
194.00	65.000	7.7578	0.12890	1640.1	2478.0	30.045	9.4042	13.867	1139.6	-0.0079456	6.7712e-06	0.13799	supercritical
195.00	65.000	7.7183	0.12956	1649.7	2491.8	30.116	9.4186	13.877	1142.0	-0.0083358	6.7932e-06	0.13856	supercritical
196.00	65.000	7.6793	0.13022	1659.3	2505.7	30.187	9.4329	13.887	1144.3	-0.0087214	6.8153e-06	0.13914	supercritical
197.00	65.000	7.6407	0.13088	1668.9	2519.6	30.258	9.4470	13.897	1146.7	-0.0091026	6.8373e-06	0.13972	supercritical
198.00	65.000	7.6025	0.13154	1678.5	2533.5	30.329	9.4610	13.907	1149.1	-0.0094794	6.8593e-06	0.14030	supercritical
199.00	65.000	7.5647	0.13219	1688.2	2547.4	30.399	9.4748	13.917	1151.5	-0.0098518	6.8813e-06	0.14087	supercritical
200.00	65.000	7.5273	0.13285	1697.8	2561.4	30.468	9.4884	13.927	1153.8	-0.010220	6.9032e-06	0.14144	supercritical
201.00	65.000	7.4902	0.13351	1707.5	2575.3	30.538	9.5019	13.937	1156.2	-0.010584	6.9252e-06	0.14202	supercritical
202.00	65.000	7.4536	0.13416	1717.2	2589.2	30.607	9.5151	13.946	1158.6	-0.010944	6.9471e-06	0.14259	supercritical
203.00	65.000	7.4173	0.13482	1726.8	2603.2	30.676	9.5283	13.956	1160.9	-0.011300	6.9690e-06	0.14316	supercritical
204.00	65.000	7.3813	0.13548	1736.5	2617.1	30.745	9.5413	13.965	1163.3	-0.011652	6.9909e-06	0.14373	supercritical
205.00	65.000	7.3458	0.13613	1746.2	2631.1	30.813	9.5541	13.974	1165.6	-0.012000	7.0128e-06	0.14430	supercritical
206.00	65.000	7.3105	0.13679	1756.0	2645.1	30.881	9.5667	13.984	1168.0	-0.012344	7.0346e-06	0.14486	supercritical
207.00	65.000	7.2757	0.13744	1765.7	2659.1	30.949	9.5792	13.993	1170.3	-0.012684	7.0564e-06	0.14543	supercritical
208.00	65.000	7.2412	0.13810	1775.4	2673.1	31.016	9.5916	14.002	1172.7	-0.013021	7.0782e-06	0.14599	supercritical
209.00	65.000	7.2070	0.13875	1785.2	2687.1	31.083	9.6038	14.011	1175.0	-0.013354	7.1000e-06	0.14656	supercritical
210.00	65.000	7.1731	0.13941	1794.9	2701.1	31.150	9.6159	14.019	1177.3	-0.013683	7.1218e-06	0.14712	supercritical
211.00	65.000	7.1396	0.14006	1804.7	2715.1	31.217	9.6278	14.028	1179.7	-0.014009	7.1435e-06	0.14768	supercritical
212.00	65.000	7.1064	0.14072	1814.5	2729.2	31.283	9.6395	14.037	1182.0	-0.014332	7.1653e-06	0.14824	supercritical
213.00	65.000	7.0735	0.14137	1824.3	2743.2	31.349	9.6511	14.045	1184.3	-0.014651	7.1870e-06	0.14880	supercritical
214.00	65.000	7.0409	0.14203	1834.1	2757.2	31.415	9.6626	14.053	1186.6	-0.014966	7.2086e-06	0.14936	supercritical
215.00	65.000	7.0087	0.14268	1843.9	2771.3	31.481	9.6739	14.062	1188.9	-0.015279	7.2303e-06	0.14991	supercritical
216.00	65.000	6.9767	0.14333	1853.7	2785.4	31.546	9.6851	14.070	1191.2	-0.015588	7.2520e-06	0.15047	supercritical
217.00	65.000	6.9451	0.14399	1863.5	2799.4	31.611	9.6961	14.078	1193.5	-0.015894	7.2736e-06	0.15102	supercritical
218.00	65.000	6.9137	0.14464	1873.4	2813.5	31.676	9.7070	14.086	1195.8	-0.016197	7.2952e-06	0.15158	supercritical
219.00	65.000	6.8826	0.14529	1883.2	2827.6	31.740	9.7177	14.094	1198.1	-0.016496	7.3168e-06	0.15213	supercritical
220.00	65.000	6.8519	0.14595	1893.1	2841.7	31.804	9.7284	14.102	1200.4	-0.016793	7.3383e-06	0.15268	supercritical
221.00	65.000	6.8214	0.14660	1902.9	2855.8	31.868	9.7388	14.109	1202.7	-0.017086	7.3599e-06	0.15323	supercritical
222.00	65.000	6.7911	0.14725	1912.8	2869.9	31.932	9.7492	14.117	1205.0	-0.017377	7.3814e-06	0.15378	supercritical
223.00	65.000	6.7612	0.14790	1922.7	2884.1	31.995	9.7594	14.125	1207.3	-0.017665	7.4029e-06	0.15432	supercritical
224.00	65.000	6.7315	0.14855	1932.6	2898.2	32.059	9.7695	14.132	1209.6	-0.017949	7.4244e-06	0.15487	supercritical
225.00	65.000	6.7021	0.14921	1942.5	2912.3	32.122	9.7794	14.139	1211.9	-0.018231	7.4459e-06	0.15541	supercritical
226.00	65.000	6.6730	0.14986	1952.4	2926.5	32.184	9.7892	14.147	1214.1	-0.018511	7.4673e-06	0.15596	supercritical
227.00	65.000	6.6441	0.15051	1962.3	2940.6	32.247	9.7989	14.154	1216.4	-0.018787	7.4887e-06	0.15650	supercritical
228.00	65.000	6.6155	0.15116	1972.2	2954.8	32.309	9.8085	14.161	1218.7	-0.019061	7.5101e-06	0.15704	supercritical
229.00	65.000	6.5871	0.15181	1982.2	2968.9	32.371	9.8179	14.168	1220.9	-0.019332	7.5315e-06	0.15758	supercritical
230.00	65.000	6.5590	0.15246	1992.1	2983.1	32.433	9.8273	14.175	1223.2	-0.019600	7.5529e-06	0.15812	supercritical
231.00	65.000	6.5311	0.15311	2002.0	2997.3	32.494	9.8365	14.181	1225.5	-0.019866	7.5742e-06	0.15866	supercritical
232.00	65.000	6.5035	0.15376	2012.0	3011.5	32.556	9.8455	14.188	1227.7	-0.020130	7.5956e-06	0.15919	supercritical
233.00	65.000	6.4761	0.15441	2022.0	3025.7	32.617	9.8545	14.195	1230.0	-0.020391	7.6169e-06	0.15973	supercritical
234.00	65.000	6.4489	0.15506	2031.9	3039.9	32.677	9.8633	14.201	1232.2	-0.020649	7.6382e-06	0.16026	supercritical
235.00	65.000	6.4220	0.15571	2041.9	3054.1	32.738	9.8720	14.208	1234.5	-0.020905	7.6594e-06	0.16079	supercritical
236.00	65.000	6.3953	0.15636	2051.9	3068.3	32.798	9.8806	14.214	1236.7	-0.021159	7.6807e-06	0.16132	supercritical
237.00	65.000	6.3688	0.15701	2061.9	3082.5	32.858	9.8891	14.220	1238.9	-0.021410	7.7019e-06	0.16186	supercritical
238.00	65.000	6.3426	0.15766	2071.9	3096.7	32.918	9.8975	14.226	1241.2	-0.021659	7.7231e-06	0.16238	supercritical
239.00	65.000	6.3166	0.15831	2081.9	3110.9	32.978	9.9057	14.233	1243.4	-0.021905	7.7443e-06	0.16291	supercritical
240.00	65.000	6.2908	0.15896	2091.9	3125.2	33.037	9.9139	14.239	1245.6	-0.022150	7.7655e-06	0.16344	supercritical
241.00	65.000	6.2652	0.15961	2101.9	3139.4	33.097	9.9219	14.244	1247.9	-0.022392	7.7866e-06	0.16397	supercritical
242.00	65.000	6.2398	0.16026	2112.0	3153.7	33.156	9.9299	14.250	1250.1	-0.022632	7.8077e-06	0.16449	supercritical
243.00	65.000	6.2147	0.16091	2122.0	3167.9	33.214	9.9377	14.256	1252.3	-0.022870	7.8289e-06	0.16501	supercritical
244.00	65.000	6.1897	0.16156	2132.0	3182.2	33.273	9.9454	14.262	1254.5	-0.023105	7.8499e-06	0.16554	supercritical
245.00	65.000	6.1650	0.16221	2142.1	3196.4	33.331	9.9530	14.267	1256.7	-0.023339	7.8710e-06	0.16606	supercritical
246.00	65.000	6.1404	0.16286	2152.2	3210.7	33.389	9.9605	14.273	1259.0	-0.023570	7.8921e-06	0.16658	supercritical
247.00	65.000	6.1161	0.16350	2162.2	3225.0	33.447	9.9679	14.278	1261.2	-0.023800	7.9131e-06	0.16710	supercritical
248.00	65.000	6.0919	0.16415	2172.3	3239.3	33.505	9.9752	14.284	1263.4	-0.024027	7.9341e-06	0.16761	supercritical
249.00	65.000	6.0680	0.16480	2182.4	3253.6	33.563	9.9824	14.289	1265.6	-0.024252	7.9551e-06	0.16813	supercritical
250.00	65.000	6.0442	0.16545	2192.4	3267.8	33.620	9.9895	14.294	1267.8	-0.024476	7.9761e-06	0.16865	supercritical
251.00	65.000	6.0206	0.16610	2202.5	3282.1	33.677	9.9965	14.299	1270.0	-0.024697	7.9970e-06	0.16916	supercritical
252.00	65.000	5.9973	0.16674	2212.6	3296.4	33.734	10.003	14.304	1272.2	-0.024917	8.0180e-06	0.16967	supercritical
253.00	65.000	5.9741	0.16739	2222.7	3310.8	33.790	10.010	14.309	1274.3	-0.025135	8.0389e-06	0.17019	supercritical
254.00	65.000	5.9510	0.16804	2232.8	3325.1	33.847	10.017	14.314	1276.5	-0.025351	8.0598e-06	0.17070	supercritical
255.00	65.000	5.9282	0.16868	2242.9	3339.4	33.903	10.023	14.319	1278.7	-0.025565	8.0807e-06	0.17121	supercritical
256.00	65.000	5.9056	0.16933	2253.0	3353.7	33.959	10.030	14.324	1280.9	-0.025777	8.1015e-06	0.17172	supercritical
257.00	65.000	5.8831	0.16998	2263.2	3368.0	34.015	10.036	14.329	1283.1	-0.025987	8.1224e-06	0.17223	supercritical
258.00	65.000	5.8608	0.17063	2273.3	3382.4	34.071	10.043	14.333	1285.2	-0.026196	8.1432e-06	0.17273	supercritical
259.00	65.000	5.8386	0.17127	2283.4	3396.7	34.126	10.049	14.338	1287.4	-0.026403	8.1640e-06	0.17324	supercritical
260.00	65.000	5.8167	0.17192	2293.6	3411.0	34.181	10.055	14.342	1289.6	-0.026608	8.1848e-06	0.17374	supercritical
261.00	65.000	5.7949	0.17257	2303.7	3425.4	34.237	10.061	14.347	1291.7	-0.026812	8.2056e-06	0.17425	supercritical
262.00	65.000	5.7733	0.17321	2313.9	3439.7	34.291	10.067	14.351	1293.9	-0.027014	8.2263e-06	0.17475	supercritical
263.00	65.000	5.7518	0.17386	2324.0	3454.1	34.346	10.073	14.356	1296.1	-0.027214	8.2471e-06	0.17525	supercritical
264.00	65.000	5.7305	0.17450	2334.2	3468.4	34.401	10.079	14.360	1298.2	-0.027412	8.2678e-06	0.17575	supercritical
265.00	65.000	5.7094	0.17515	2344.3	3482.8	34.455	10.085	14.364	1300.4	-0.027609	8.2885e-06	0.17625	supercritical
266.00	65.000	5.6884	0.17580	2354.5	3497.2	34.509	10.090	14.368	1302.5	-0.027805	8.3091e-06	0.17675	supercritical
267.00	65.000	5.6676	0.17644	2364.7	3511.5	34.563	10.096	14.372	1304.7	-0.027999	8.3298e-06	0.17725	supercritical
268.00	65.000	5.6469	0.17709	2374.8	3525.9	34.617	10.101	14.376	1306.8	-0.028191	8.3504e-06	0.17775	supercritical
269.00	65.000	5.6264	0.17773	2385.0	3540.3	34.670	10.107	14.380	1309.0	-0.028382	8.3711e-06	0.17824	supercritical
270.00	65.000	5.6060	0.17838	2395.2	3554.7	34.724	10.112	14.384	1311.1	-0.028571	8.3917e-06	0.17874	supercritical
271.00	65.000	5.5858	0.17902	2405.4	3569.1	34.777	10.117	14.388	1313.2	-0.028759	8.4123e-06	0.17923	supercritical
272.00	65.000	5.5658	0.17967	2415.6	3583.4	34.830	10.122	14.391	1315.4	-0.028945	8.4328e-06	0.17972	supercritical
273.00	65.000	5.5459	0.18031	2425.8	3597.8	34.883	10.127	14.395	1317.5	-0.029130	8.4534e-06	0.18021	supercritical
274.00	65.000	5.5261	0.18096	2436.0	3612.2	34.935	10.132	14.399	1319.6	-0.029313	8.4739e-06	0.18071	supercritical
275.00	65.000	5.5065	0.18160	2446.2	3626.6	34.988	10.137	14.402	1321.7	-0.029495	8.4944e-06	0.18120	supercritical
276.00	65.000	5.4870	0.18225	2456.4	3641.0	35.040	10.142	14.406	1323.9	-0.029676	8.5149e-06	0.18168	supercritical
277.00	65.000	5.4676	0.18289	2466.6	3655.4	35.092	10.147	14.409	1326.0	-0.029855	8.5354e-06	0.18217	supercritical
278.00	65.000	5.4484	0.18354	2476.9	3669.9	35.144	10.152	14.412	1328.1	-0.030033	8.5559e-06	0.18266	supercritical
279.00	65.000	5.4294	0.18418	2487.1	3684.3	35.196	10.156	14.416	1330.2	-0.030209	8.5763e-06	0.18315	supercritical
280.00	65.000	5.4104	0.18483	2497.3	3698.7	35.247	10.161	14.419	1332.3	-0.030384	8.5967e-06	0.18363	supercritical
281.00	65.000	5.3916	0.18547	2507.5	3713.1	35.299	10.165	14.422	1334.4	-0.030558	8.6171e-06	0.18411	supercritical
282.00	65.000	5.3730	0.18612	2517.8	3727.5	35.350	10.170	14.425	1336.5	-0.030731	8.6375e-06	0.18460	supercritical
283.00	65.000	5.3544	0.18676	2528.0	3742.0	35.401	10.174	14.429	1338.6	-0.030902	8.6579e-06	0.18508	supercritical
284.00	65.000	5.3360	0.18741	2538.3	3756.4	35.452	10.178	14.432	1340.7	-0.031072	8.6782e-06	0.18556	supercritical
285.00	65.000	5.3177	0.18805	2548.5	3770.8	35.503	10.183	14.435	1342.8	-0.031240	8.6986e-06	0.18604	supercritical
286.00	65.000	5.2996	0.18869	2558.8	3785.3	35.553	10.187	14.438	1344.9	-0.031408	8.7189e-06	0.18652	supercritical
287.00	65.000	5.2816	0.18934	2569.0	3799.7	35.604	10.191	14.440	1347.0	-0.031574	8.7392e-06	0.18700	supercritical
288.00	65.000	5.2637	0.18998	2579.3	3814.1	35.654	10.195	14.443	1349.1	-0.031739	8.7595e-06	0.18748	supercritical
289.00	65.000	5.2459	0.19062	2589.5	3828.6	35.704	10.199	14.446	1351.2	-0.031903	8.7798e-06	0.18795	supercritical
290.00	65.000	5.2283	0.19127	2599.8	3843.0	35.754	10.203	14.449	1353.3	-0.032065	8.8000e-06	0.18843	supercritical
291.00	65.000	5.2107	0.19191	2610.1	3857.5	35.804	10.207	14.452	1355.4	-0.032227	8.8203e-06	0.18891	supercritical
292.00	65.000	5.1933	0.19256	2620.3	3871.9	35.853	10.211	14.454	1357.4	-0.032387	8.8405e-06	0.18938	supercritical
293.00	65.000	5.1760	0.19320	2630.6	3886.4	35.903	10.214	14.457	1359.5	-0.032546	8.8607e-06	0.18985	supercritical
294.00	65.000	5.1588	0.19384	2640.9	3900.9	35.952	10.218	14.459	1361.6	-0.032704	8.8809e-06	0.19033	supercritical
295.00	65.000	5.1418	0.19449	2651.2	3915.3	36.001	10.222	14.462	1363.7	-0.032861	8.9010e-06	0.19080	supercritical
296.00	65.000	5.1248	0.19513	2661.4	3929.8	36.050	10.225	14.464	1365.7	-0.033017	8.9212e-06	0.19127	supercritical
297.00	65.000	5.1080	0.19577	2671.7	3944.2	36.099	10.229	14.467	1367.8	-0.033171	8.9413e-06	0.19174	supercritical
298.00	65.000	5.0913	0.19641	2682.0	3958.7	36.147	10.232	14.469	1369.9	-0.033325	8.9614e-06	0.19221	supercritical
299.00	65.000	5.0747	0.19706	2692.3	3973.2	36.196	10.235	14.471	1371.9	-0.033477	8.9815e-06	0.19268	supercritical
300.00	65.000	5.0582	0.19770	2702.6	3987.7	36.244	10.239	14.474	1374.0	-0.033629	9.0016e-06	0.19314	supercritical
301.00	65.000	5.0418	0.19834	2712.9	4002.1	36.292	10.242	14.476	1376.0	-0.033779	9.0217e-06	0.19361	supercritical
302.00	65.000	5.0255	0.19899	2723.2	4016.6	36.340	10.245	14.478	1378.1	-0.033928	9.0417e-06	0.19408	supercritical
303.00	65.000	5.0093	0.19963	2733.5	4031.1	36.388	10.248	14.480	1380.1	-0.034077	9.0618e-06	0.19454	supercritical
304.00	65.000	4.9932	0.20027	2743.8	4045.6	36.436	10.251	14.482	1382.2	-0.034224	9.0818e-06	0.19501	supercritical
305.00	65.000	4.9773	0.20091	2754.1	4060.0	36.483	10.255	14.485	1384.2	-0.034370	9.1018e-06	0.19547	supercritical
306.00	65.000	4.9614	0.20156	2764.4	4074.5	36.531	10.258	14.487	1386.3	-0.034515	9.1218e-06	0.19593	supercritical
307.00	65.000	4.9457	0.20220	2774.7	4089.0	36.578	10.261	14.489	1388.3	-0.034660	9.1417e-06	0.19639	supercritical
308.00	65.000	4.9300	0.20284	2785.1	4103.5	36.625	10.263	14.491	1390.3	-0.034803	9.1617e-06	0.19686	supercritical
309.00	65.000	4.9144	0.20348	2795.4	4118.0	36.672	10.266	14.492	1392.4	-0.034945	9.1816e-06	0.19732	supercritical
310.00	65.000	4.8990	0.20412	2805.7	4132.5	36.719	10.269	14.494	1394.4	-0.035087	9.2016e-06	0.19778	supercritical
311.00	65.000	4.8836	0.20477	2816.0	4147.0	36.766	10.272	14.496	1396.4	-0.035227	9.2215e-06	0.19823	supercritical
312.00	65.000	4.8684	0.20541	2826.3	4161.5	36.812	10.275	14.498	1398.5	-0.035366	9.2413e-06	0.19869	supercritical
313.00	65.000	4.8532	0.20605	2836.7	4176.0	36.859	10.277	14.500	1400.5	-0.035505	9.2612e-06	0.19915	supercritical
314.00	65.000	4.8381	0.20669	2847.0	4190.5	36.905	10.280	14.501	1402.5	-0.035643	9.2811e-06	0.19961	supercritical
315.00	65.000	4.8231	0.20733	2857.3	4205.0	36.951	10.283	14.503	1404.5	-0.035779	9.3009e-06	0.20006	supercritical
316.00	65.000	4.8083	0.20798	2867.7	4219.5	36.997	10.285	14.505	1406.6	-0.035915	9.3208e-06	0.20052	supercritical
317.00	65.000	4.7935	0.20862	2878.0	4234.0	37.043	10.288	14.506	1408.6	-0.036050	9.3406e-06	0.20097	supercritical
318.00	65.000	4.7788	0.20926	2888.3	4248.5	37.089	10.290	14.508	1410.6	-0.036184	9.3604e-06	0.20142	supercritical
319.00	65.000	4.7642	0.20990	2898.7	4263.0	37.134	10.292	14.510	1412.6	-0.036317	9.3801e-06	0.20188	supercritical
320.00	65.000	4.7497	0.21054	2909.0	4277.5	37.179	10.295	14.511	1414.6	-0.036449	9.3999e-06	0.20233	supercritical
321.00	65.000	4.7352	0.21118	2919.3	4292.0	37.225	10.297	14.513	1416.6	-0.036581	9.4196e-06	0.20278	supercritical
322.00	65.000	4.7209	0.21182	2929.7	4306.6	37.270	10.299	14.514	1418.6	-0.036711	9.4394e-06	0.20323	supercritical
323.00	65.000	4.7066	0.21247	2940.0	4321.1	37.315	10.302	14.516	1420.6	-0.036841	9.4591e-06	0.20368	supercritical
324.00	65.000	4.6925	0.21311	2950.4	4335.6	37.360	10.304	14.517	1422.6	-0.036970	9.4788e-06	0.20413	supercritical
325.00	65.000	4.6784	0.21375	2960.7	4350.1	37.405	10.306	14.518	1424.6	-0.037098	9.4985e-06	0.20458	supercritical
326.00	65.000	4.6644	0.21439	2971.1	4364.6	37.449	10.308	14.520	1426.6	-0.037225	9.5182e-06	0.20503	supercritical
327.00	65.000	4.6505	0.21503	2981.4	4379.1	37.494	10.310	14.521	1428.6	-0.037351	9.5378e-06	0.20548	supercritical
328.00	65.000	4.6367	0.21567	2991.8	4393.7	37.538	10.312	14.522	1430.6	-0.037477	9.5575e-06	0.20592	supercritical
329.00	65.000	4.6230	0.21631	3002.2	4408.2	37.582	10.314	14.524	1432.6	-0.037602	9.5771e-06	0.20637	supercritical
330.00	65.000	4.6093	0.21695	3012.5	4422.7	37.626	10.316	14.525	1434.5	-0.037726	9.5967e-06	0.20681	supercritical
331.00	65.000	4.5957	0.21759	3022.9	4437.2	37.670	10.318	14.526	1436.5	-0.037849	9.6163e-06	0.20726	supercritical
332.00	65.000	4.5822	0.21823	3033.2	4451.8	37.714	10.320	14.527	1438.5	-0.037972	9.6359e-06	0.20770	supercritical
333.00	65.000	4.5688	0.21887	3043.6	4466.3	37.758	10.322	14.528	1440.5	-0.038093	9.6554e-06	0.20815	supercritical
334.00	65.000	4.5555	0.21952	3054.0	4480.8	37.801	10.324	14.529	1442.4	-0.038214	9.6750e-06	0.20859	supercritical
335.00	65.000	4.5422	0.22016	3064.3	4495.3	37.845	10.326	14.531	1444.4	-0.038334	9.6945e-06	0.20903	supercritical
336.00	65.000	4.5291	0.22080	3074.7	4509.9	37.888	10.328	14.532	1446.4	-0.038454	9.7141e-06	0.20947	supercritical
337.00	65.000	4.5160	0.22144	3085.1	4524.4	37.931	10.329	14.533	1448.4	-0.038572	9.7336e-06	0.20991	supercritical
338.00	65.000	4.5029	0.22208	3095.4	4538.9	37.974	10.331	14.534	1450.3	-0.038690	9.7531e-06	0.21035	supercritical
339.00	65.000	4.4900	0.22272	3105.8	4553.5	38.017	10.333	14.535	1452.3	-0.038807	9.7725e-06	0.21079	supercritical
340.00	65.000	4.4771	0.22336	3116.2	4568.0	38.060	10.335	14.536	1454.2	-0.038924	9.7920e-06	0.21123	supercritical
341.00	65.000	4.4643	0.22400	3126.6	4582.5	38.103	10.336	14.537	1456.2	-0.039040	9.8114e-06	0.21167	supercritical
342.00	65.000	4.4516	0.22464	3136.9	4597.1	38.145	10.338	14.538	1458.1	-0.039155	9.8309e-06	0.21211	supercritical
343.00	65.000	4.4389	0.22528	3147.3	4611.6	38.188	10.339	14.538	1460.1	-0.039269	9.8503e-06	0.21254	supercritical
344.00	65.000	4.4264	0.22592	3157.7	4626.2	38.230	10.341	14.539	1462.1	-0.039383	9.8697e-06	0.21298	supercritical
345.00	65.000	4.4139	0.22656	3168.1	4640.7	38.272	10.342	14.540	1464.0	-0.039496	9.8891e-06	0.21342	supercritical
346.00	65.000	4.4014	0.22720	3178.4	4655.2	38.314	10.344	14.541	1465.9	-0.039608	9.9085e-06	0.21385	supercritical
347.00	65.000	4.3891	0.22784	3188.8	4669.8	38.356	10.345	14.542	1467.9	-0.039720	9.9278e-06	0.21429	supercritical
348.00	65.000	4.3768	0.22848	3199.2	4684.3	38.398	10.347	14.543	1469.8	-0.039831	9.9472e-06	0.21472	supercritical
349.00	65.000	4.3645	0.22912	3209.6	4698.9	38.440	10.348	14.543	1471.8	-0.039941	9.9665e-06	0.21515	supercritical
350.00	65.000	4.3524	0.22976	3220.0	4713.4	38.481	10.350	14.544	1473.7	-0.040050	9.9858e-06	0.21559	supercritical
351.00	65.000	4.3403	0.23040	3230.4	4728.0	38.523	10.351	14.545	1475.6	-0.040159	1.0005e-05	0.21602	supercritical
352.00	65.000	4.3283	0.23104	3240.8	4742.5	38.564	10.352	14.546	1477.6	-0.040268	1.0024e-05	0.21645	supercritical
353.00	65.000	4.3163	0.23168	3251.1	4757.0	38.606	10.354	14.546	1479.5	-0.040375	1.0044e-05	0.21688	supercritical
354.00	65.000	4.3045	0.23232	3261.5	4771.6	38.647	10.355	14.547	1481.4	-0.040482	1.0063e-05	0.21731	supercritical
355.00	65.000	4.2926	0.23296	3271.9	4786.1	38.688	10.356	14.548	1483.4	-0.040589	1.0082e-05	0.21774	supercritical
356.00	65.000	4.2809	0.23360	3282.3	4800.7	38.729	10.357	14.548	1485.3	-0.040694	1.0101e-05	0.21817	supercritical
357.00	65.000	4.2692	0.23424	3292.7	4815.2	38.770	10.359	14.549	1487.2	-0.040799	1.0121e-05	0.21860	supercritical
358.00	65.000	4.2576	0.23488	3303.1	4829.8	38.810	10.360	14.549	1489.1	-0.040904	1.0140e-05	0.21903	supercritical
359.00	65.000	4.2460	0.23552	3313.5	4844.3	38.851	10.361	14.550	1491.0	-0.041008	1.0159e-05	0.21946	supercritical
360.00	65.000	4.2345	0.23615	3323.9	4858.9	38.891	10.362	14.551	1492.9	-0.041111	1.0178e-05	0.21989	supercritical
361.00	65.000	4.2231	0.23679	3334.3	4873.4	38.932	10.363	14.551	1494.9	-0.041214	1.0197e-05	0.22031	supercritical
362.00	65.000	4.2117	0.23743	3344.7	4888.0	38.972	10.364	14.552	1496.8	-0.041316	1.0217e-05	0.22074	supercritical
363.00	65.000	4.2004	0.23807	3355.1	4902.5	39.012	10.365	14.552	1498.7	-0.041417	1.0236e-05	0.22117	supercritical
364.00	65.000	4.1892	0.23871	3365.5	4917.1	39.052	10.366	14.553	1500.6	-0.041518	1.0255e-05	0.22159	supercritical
365.00	65.000	4.1780	0.23935	3375.9	4931.6	39.092	10.367	14.553	1502.5	-0.041618	1.0274e-05	0.22202	supercritical
366.00	65.000	4.1668	0.23999	3386.3	4946.2	39.132	10.368	14.554	1504.4	-0.041718	1.0293e-05	0.22244	supercritical
367.00	65.000	4.1558	0.24063	3396.7	4960.8	39.172	10.369	14.554	1506.3	-0.041817	1.0312e-05	0.22286	supercritical
368.00	65.000	4.1448	0.24127	3407.1	4975.3	39.211	10.370	14.555	1508.2	-0.041915	1.0331e-05	0.22329	supercritical
369.00	65.000	4.1338	0.24191	3417.5	4989.9	39.251	10.371	14.555	1510.1	-0.042013	1.0350e-05	0.22371	supercritical
370.00	65.000	4.1229	0.24255	3427.9	5004.4	39.290	10.372	14.555	1512.0	-0.042111	1.0369e-05	0.22413	supercritical
371.00	65.000	4.1121	0.24319	3438.3	5019.0	39.329	10.373	14.556	1513.8	-0.042208	1.0388e-05	0.22456	supercritical
372.00	65.000	4.1013	0.24382	3448.7	5033.5	39.369	10.374	14.556	1515.7	-0.042304	1.0407e-05	0.22498	supercritical
373.00	65.000	4.0906	0.24446	3459.1	5048.1	39.408	10.375	14.556	1517.6	-0.042400	1.0426e-05	0.22540	supercritical
374.00	65.000	4.0799	0.24510	3469.5	5062.6	39.447	10.376	14.557	1519.5	-0.042495	1.0445e-05	0.22582	supercritical
375.00	65.000	4.0693	0.24574	3479.9	5077.2	39.485	10.377	14.557	1521.4	-0.042589	1.0464e-05	0.22624	supercritical
376.00	65.000	4.0588	0.24638	3490.3	5091.8	39.524	10.377	14.558	1523.3	-0.042683	1.0483e-05	0.22666	supercritical
377.00	65.000	4.0483	0.24702	3500.7	5106.3	39.563	10.378	14.558	1525.1	-0.042777	1.0502e-05	0.22708	supercritical
378.00	65.000	4.0378	0.24766	3511.1	5120.9	39.601	10.379	14.558	1527.0	-0.042870	1.0521e-05	0.22749	supercritical
379.00	65.000	4.0275	0.24830	3521.5	5135.4	39.640	10.380	14.558	1528.9	-0.042963	1.0540e-05	0.22791	supercritical
380.00	65.000	4.0171	0.24893	3531.9	5150.0	39.678	10.381	14.559	1530.8	-0.043054	1.0559e-05	0.22833	supercritical
381.00	65.000	4.0068	0.24957	3542.3	5164.5	39.717	10.381	14.559	1532.6	-0.043146	1.0578e-05	0.22875	supercritical
382.00	65.000	3.9966	0.25021	3552.7	5179.1	39.755	10.382	14.559	1534.5	-0.043237	1.0597e-05	0.22916	supercritical
383.00	65.000	3.9865	0.25085	3563.1	5193.7	39.793	10.383	14.560	1536.4	-0.043327	1.0616e-05	0.22958	supercritical
384.00	65.000	3.9763	0.25149	3573.6	5208.2	39.831	10.384	14.560	1538.2	-0.043417	1.0635e-05	0.23000	supercritical
385.00	65.000	3.9663	0.25213	3584.0	5222.8	39.869	10.384	14.560	1540.1	-0.043507	1.0653e-05	0.23041	supercritical
386.00	65.000	3.9562	0.25277	3594.4	5237.3	39.906	10.385	14.560	1541.9	-0.043595	1.0672e-05	0.23083	supercritical
387.00	65.000	3.9463	0.25340	3604.8	5251.9	39.944	10.386	14.560	1543.8	-0.043684	1.0691e-05	0.23124	supercritical
388.00	65.000	3.9364	0.25404	3615.2	5266.5	39.982	10.386	14.561	1545.6	-0.043772	1.0710e-05	0.23165	supercritical
389.00	65.000	3.9265	0.25468	3625.6	5281.0	40.019	10.387	14.561	1547.5	-0.043859	1.0729e-05	0.23207	supercritical
390.00	65.000	3.9167	0.25532	3636.0	5295.6	40.056	10.388	14.561	1549.3	-0.043946	1.0748e-05	0.23248	supercritical
391.00	65.000	3.9069	0.25596	3646.4	5310.2	40.094	10.388	14.561	1551.2	-0.044032	1.0766e-05	0.23289	supercritical
392.00	65.000	3.8972	0.25659	3656.8	5324.7	40.131	10.389	14.561	1553.0	-0.044118	1.0785e-05	0.23331	supercritical
393.00	65.000	3.8875	0.25723	3667.3	5339.3	40.168	10.389	14.562	1554.9	-0.044204	1.0804e-05	0.23372	supercritical
394.00	65.000	3.8779	0.25787	3677.7	5353.8	40.205	10.390	14.562	1556.7	-0.044289	1.0823e-05	0.23413	supercritical
395.00	65.000	3.8683	0.25851	3688.1	5368.4	40.242	10.390	14.562	1558.6	-0.044373	1.0841e-05	0.23454	supercritical
396.00	65.000	3.8588	0.25915	3698.5	5383.0	40.279	10.391	14.562	1560.4	-0.044457	1.0860e-05	0.23495	supercritical
397.00	65.000	3.8493	0.25979	3708.9	5397.5	40.316	10.392	14.562	1562.2	-0.044541	1.0879e-05	0.23536	supercritical
398.00	65.000	3.8399	0.26042	3719.3	5412.1	40.352	10.392	14.562	1564.1	-0.044624	1.0897e-05	0.23577	supercritical
399.00	65.000	3.8305	0.26106	3729.7	5426.6	40.389	10.393	14.562	1565.9	-0.044707	1.0916e-05	0.23618	supercritical
400.00	65.000	3.8212	0.26170	3740.2	5441.2	40.425	10.393	14.562	1567.7	-0.044789	1.0935e-05	0.23659	supercritical
401.00	65.000	3.8119	0.26234	3750.6	5455.8	40.462	10.394	14.563	1569.5	-0.044871	1.0953e-05	0.23700	supercritical
402.00	65.000	3.8026	0.26298	3761.0	5470.3	40.498	10.394	14.563	1571.4	-0.044952	1.0972e-05	0.23741	supercritical
403.00	65.000	3.7934	0.26361	3771.4	5484.9	40.534	10.395	14.563	1573.2	-0.045033	1.0991e-05	0.23782	supercritical
404.00	65.000	3.7843	0.26425	3781.8	5499.5	40.570	10.395	14.563	1575.0	-0.045113	1.1009e-05	0.23822	supercritical
405.00	65.000	3.7752	0.26489	3792.2	5514.0	40.606	10.395	14.563	1576.8	-0.045193	1.1028e-05	0.23863	supercritical
406.00	65.000	3.7661	0.26553	3802.7	5528.6	40.642	10.396	14.563	1578.7	-0.045273	1.1047e-05	0.23904	supercritical
407.00	65.000	3.7571	0.26616	3813.1	5543.1	40.678	10.396	14.563	1580.5	-0.045352	1.1065e-05	0.23944	supercritical
408.00	65.000	3.7481	0.26680	3823.5	5557.7	40.714	10.397	14.563	1582.3	-0.045431	1.1084e-05	0.23985	supercritical
409.00	65.000	3.7392	0.26744	3833.9	5572.3	40.749	10.397	14.563	1584.1	-0.045509	1.1102e-05	0.24026	supercritical
410.00	65.000	3.7303	0.26808	3844.3	5586.8	40.785	10.398	14.563	1585.9	-0.045587	1.1121e-05	0.24066	supercritical
411.00	65.000	3.7214	0.26871	3854.8	5601.4	40.820	10.398	14.563	1587.7	-0.045664	1.1139e-05	0.24107	supercritical
412.00	65.000	3.7126	0.26935	3865.2	5616.0	40.856	10.398	14.563	1589.5	-0.045741	1.1158e-05	0.24147	supercritical
413.00	65.000	3.7038	0.26999	3875.6	5630.5	40.891	10.399	14.563	1591.3	-0.045817	1.1176e-05	0.24188	supercritical
414.00	65.000	3.6951	0.27063	3886.0	5645.1	40.926	10.399	14.563	1593.1	-0.045894	1.1195e-05	0.24228	supercritical
415.00	65.000	3.6864	0.27127	3896.4	5659.7	40.961	10.400	14.563	1594.9	-0.045969	1.1213e-05	0.24268	supercritical
416.00	65.000	3.6778	0.27190	3906.8	5674.2	40.996	10.400	14.563	1596.7	-0.046045	1.1232e-05	0.24309	supercritical
417.00	65.000	3.6692	0.27254	3917.3	5688.8	41.031	10.400	14.563	1598.5	-0.046120	1.1250e-05	0.24349	supercritical
418.00	65.000	3.6606	0.27318	3927.7	5703.3	41.066	10.401	14.563	1600.3	-0.046194	1.1269e-05	0.24389	supercritical
419.00	65.000	3.6521	0.27382	3938.1	5717.9	41.101	10.401	14.563	1602.1	-0.046268	1.1287e-05	0.24429	supercritical
420.00	65.000	3.6436	0.27445	3948.5	5732.5	41.136	10.401	14.563	1603.9	-0.046342	1.1306e-05	0.24470	supercritical
421.00	65.000	3.6352	0.27509	3958.9	5747.0	41.170	10.402	14.563	1605.7	-0.046415	1.1324e-05	0.24510	supercritical
422.00	65.000	3.6268	0.27573	3969.4	5761.6	41.205	10.402	14.563	1607.4	-0.046488	1.1342e-05	0.24550	supercritical
423.00	65.000	3.6184	0.27636	3979.8	5776.2	41.239	10.402	14.563	1609.2	-0.046560	1.1361e-05	0.24590	supercritical
424.00	65.000	3.6101	0.27700	3990.2	5790.7	41.274	10.403	14.563	1611.0	-0.046633	1.1379e-05	0.24630	supercritical
425.00	65.000	3.6018	0.27764	4000.6	5805.3	41.308	10.403	14.563	1612.8	-0.046704	1.1398e-05	0.24670	supercritical
426.00	65.000	3.5936	0.27828	4011.1	5819.8	41.342	10.403	14.563	1614.6	-0.046776	1.1416e-05	0.24710	supercritical
427.00	65.000	3.5853	0.27891	4021.5	5834.4	41.376	10.404	14.563	1616.3	-0.046847	1.1434e-05	0.24750	supercritical
428.00	65.000	3.5772	0.27955	4031.9	5849.0	41.410	10.404	14.563	1618.1	-0.046917	1.1453e-05	0.24790	supercritical
429.00	65.000	3.5690	0.28019	4042.3	5863.5	41.444	10.404	14.563	1619.9	-0.046987	1.1471e-05	0.24830	supercritical
430.00	65.000	3.5609	0.28083	4052.7	5878.1	41.478	10.405	14.563	1621.7	-0.047057	1.1489e-05	0.24870	supercritical
431.00	65.000	3.5529	0.28146	4063.2	5892.7	41.512	10.405	14.563	1623.4	-0.047127	1.1508e-05	0.24910	supercritical
432.00	65.000	3.5449	0.28210	4073.6	5907.2	41.546	10.405	14.563	1625.2	-0.047196	1.1526e-05	0.24949	supercritical
433.00	65.000	3.5369	0.28274	4084.0	5921.8	41.580	10.405	14.563	1627.0	-0.047264	1.1544e-05	0.24989	supercritical
434.00	65.000	3.5289	0.28337	4094.4	5936.4	41.613	10.406	14.563	1628.7	-0.047333	1.1563e-05	0.25029	supercritical
435.00	65.000	3.5210	0.28401	4104.8	5950.9	41.647	10.406	14.563	1630.5	-0.047401	1.1581e-05	0.25069	supercritical
436.00	65.000	3.5131	0.28465	4115.3	5965.5	41.680	10.406	14.563	1632.2	-0.047468	1.1599e-05	0.25108	supercritical
437.00	65.000	3.5053	0.28528	4125.7	5980.0	41.714	10.406	14.563	1634.0	-0.047536	1.1617e-05	0.25148	supercritical
438.00	65.000	3.4975	0.28592	4136.1	5994.6	41.747	10.407	14.563	1635.7	-0.047602	1.1636e-05	0.25188	supercritical
439.00	65.000	3.4897	0.28656	4146.5	6009.2	41.780	10.407	14.563	1637.5	-0.047669	1.1654e-05	0.25227	supercritical
440.00	65.000	3.4819	0.28720	4157.0	6023.7	41.813	10.407	14.563	1639.2	-0.047735	1.1672e-05	0.25267	supercritical
441.00	65.000	3.4742	0.28783	4167.4	6038.3	41.846	10.407	14.563	1641.0	-0.047801	1.1690e-05	0.25306	supercritical
442.00	65.000	3.4666	0.28847	4177.8	6052.9	41.879	10.408	14.563	1642.7	-0.047867	1.1708e-05	0.25346	supercritical
443.00	65.000	3.4589	0.28911	4188.2	6067.4	41.912	10.408	14.563	1644.5	-0.047932	1.1727e-05	0.25385	supercritical
444.00	65.000	3.4513	0.28974	4198.7	6082.0	41.945	10.408	14.563	1646.2	-0.047996	1.1745e-05	0.25425	supercritical
445.00	65.000	3.4438	0.29038	4209.1	6096.5	41.978	10.408	14.563	1648.0	-0.048061	1.1763e-05	0.25464	supercritical
446.00	65.000	3.4362	0.29102	4219.5	6111.1	42.010	10.409	14.563	1649.7	-0.048125	1.1781e-05	0.25504	supercritical
447.00	65.000	3.4287	0.29165	4229.9	6125.7	42.043	10.409	14.562	1651.4	-0.048189	1.1799e-05	0.25543	supercritical
448.00	65.000	3.4213	0.29229	4240.3	6140.2	42.076	10.409	14.562	1653.2	-0.048252	1.1817e-05	0.25582	supercritical
449.00	65.000	3.4138	0.29293	4250.8	6154.8	42.108	10.409	14.562	1654.9	-0.048315	1.1835e-05	0.25622	supercritical
450.00	65.000	3.4064	0.29356	4261.2	6169.4	42.140	10.409	14.562	1656.6	-0.048378	1.1853e-05	0.25661	supercritical
451.00	65.000	3.3990	0.29420	4271.6	6183.9	42.173	10.410	14.562	1658.4	-0.048440	1.1872e-05	0.25700	supercritical
452.00	65.000	3.3917	0.29484	4282.0	6198.5	42.205	10.410	14.562	1660.1	-0.048503	1.1890e-05	0.25740	supercritical
453.00	65.000	3.3844	0.29547	4292.5	6213.0	42.237	10.410	14.562	1661.8	-0.048564	1.1908e-05	0.25779	supercritical
454.00	65.000	3.3771	0.29611	4302.9	6227.6	42.269	10.410	14.562	1663.6	-0.048626	1.1926e-05	0.25818	supercritical
455.00	65.000	3.3699	0.29675	4313.3	6242.2	42.301	10.410	14.562	1665.3	-0.048687	1.1944e-05	0.25857	supercritical
456.00	65.000	3.3627	0.29738	4323.7	6256.7	42.333	10.411	14.562	1667.0	-0.048748	1.1962e-05	0.25896	supercritical
457.00	65.000	3.3555	0.29802	4334.2	6271.3	42.365	10.411	14.562	1668.7	-0.048808	1.1980e-05	0.25935	supercritical
458.00	65.000	3.3483	0.29866	4344.6	6285.9	42.397	10.411	14.562	1670.4	-0.048868	1.1998e-05	0.25974	supercritical
459.00	65.000	3.3412	0.29929	4355.0	6300.4	42.429	10.411	14.562	1672.2	-0.048928	1.2016e-05	0.26014	supercritical
460.00	65.000	3.3341	0.29993	4365.4	6315.0	42.460	10.412	14.562	1673.9	-0.048988	1.2034e-05	0.26053	supercritical
461.00	65.000	3.3271	0.30057	4375.9	6329.5	42.492	10.412	14.562	1675.6	-0.049047	1.2052e-05	0.26092	supercritical
462.00	65.000	3.3200	0.30120	4386.3	6344.1	42.524	10.412	14.562	1677.3	-0.049106	1.2070e-05	0.26131	supercritical
463.00	65.000	3.3130	0.30184	4396.7	6358.7	42.555	10.412	14.562	1679.0	-0.049164	1.2088e-05	0.26170	supercritical
464.00	65.000	3.3061	0.30248	4407.1	6373.2	42.587	10.412	14.562	1680.7	-0.049223	1.2106e-05	0.26209	supercritical
465.00	65.000	3.2991	0.30311	4417.6	6387.8	42.618	10.412	14.562	1682.4	-0.049281	1.2124e-05	0.26248	supercritical
466.00	65.000	3.2922	0.30375	4428.0	6402.3	42.649	10.413	14.561	1684.1	-0.049338	1.2142e-05	0.26286	supercritical
467.00	65.000	3.2853	0.30438	4438.4	6416.9	42.680	10.413	14.561	1685.8	-0.049396	1.2160e-05	0.26325	supercritical
468.00	65.000	3.2785	0.30502	4448.8	6431.5	42.712	10.413	14.561	1687.5	-0.049453	1.2178e-05	0.26364	supercritical
469.00	65.000	3.2716	0.30566	4459.3	6446.0	42.743	10.413	14.561	1689.2	-0.049509	1.2195e-05	0.26403	supercritical
470.00	65.000	3.2648	0.30629	4469.7	6460.6	42.774	10.413	14.561	1690.9	-0.049566	1.2213e-05	0.26442	supercritical
471.00	65.000	3.2581	0.30693	4480.1	6475.2	42.805	10.414	14.561	1692.6	-0.049622	1.2231e-05	0.26481	supercritical
472.00	65.000	3.2513	0.30757	4490.5	6489.7	42.835	10.414	14.561	1694.3	-0.049678	1.2249e-05	0.26519	supercritical
473.00	65.000	3.2446	0.30820	4501.0	6504.3	42.866	10.414	14.561	1696.0	-0.049734	1.2267e-05	0.26558	supercritical
474.00	65.000	3.2379	0.30884	4511.4	6518.8	42.897	10.414	14.561	1697.7	-0.049789	1.2285e-05	0.26597	supercritical
475.00	65.000	3.2313	0.30948	4521.8	6533.4	42.928	10.414	14.561	1699.4	-0.049844	1.2303e-05	0.26636	supercritical
476.00	65.000	3.2246	0.31011	4532.2	6548.0	42.958	10.415	14.561	1701.1	-0.049899	1.2321e-05	0.26674	supercritical
477.00	65.000	3.2180	0.31075	4542.7	6562.5	42.989	10.415	14.561	1702.7	-0.049953	1.2338e-05	0.26713	supercritical
478.00	65.000	3.2115	0.31138	4553.1	6577.1	43.019	10.415	14.561	1704.4	-0.050007	1.2356e-05	0.26752	supercritical
479.00	65.000	3.2049	0.31202	4563.5	6591.6	43.050	10.415	14.561	1706.1	-0.050061	1.2374e-05	0.26790	supercritical
480.00	65.000	3.1984	0.31266	4573.9	6606.2	43.080	10.415	14.561	1707.8	-0.050115	1.2392e-05	0.26829	supercritical
481.00	65.000	3.1919	0.31329	4584.4	6620.8	43.111	10.415	14.561	1709.5	-0.050168	1.2410e-05	0.26868	supercritical
482.00	65.000	3.1854	0.31393	4594.8	6635.3	43.141	10.416	14.561	1711.1	-0.050221	1.2427e-05	0.26906	supercritical
483.00	65.000	3.1790	0.31456	4605.2	6649.9	43.171	10.416	14.561	1712.8	-0.050274	1.2445e-05	0.26945	supercritical
484.00	65.000	3.1726	0.31520	4615.6	6664.4	43.201	10.416	14.561	1714.5	-0.050326	1.2463e-05	0.26983	supercritical
485.00	65.000	3.1662	0.31584	4626.1	6679.0	43.231	10.416	14.561	1716.2	-0.050378	1.2481e-05	0.27022	supercritical
486.00	65.000	3.1598	0.31647	4636.5	6693.6	43.261	10.416	14.561	1717.8	-0.050430	1.2498e-05	0.27060	supercritical
487.00	65.000	3.1535	0.31711	4646.9	6708.1	43.291	10.417	14.561	1719.5	-0.050482	1.2516e-05	0.27099	supercritical
488.00	65.000	3.1472	0.31775	4657.3	6722.7	43.321	10.417	14.561	1721.2	-0.050533	1.2534e-05	0.27137	supercritical
489.00	65.000	3.1409	0.31838	4667.8	6737.3	43.351	10.417	14.561	1722.8	-0.050584	1.2552e-05	0.27176	supercritical
490.00	65.000	3.1346	0.31902	4678.2	6751.8	43.380	10.417	14.561	1724.5	-0.050635	1.2569e-05	0.27214	supercritical
491.00	65.000	3.1284	0.31965	4688.6	6766.4	43.410	10.417	14.561	1726.1	-0.050686	1.2587e-05	0.27252	supercritical
492.00	65.000	3.1222	0.32029	4699.1	6780.9	43.440	10.418	14.561	1727.8	-0.050736	1.2605e-05	0.27291	supercritical
493.00	65.000	3.1160	0.32093	4709.5	6795.5	43.469	10.418	14.561	1729.5	-0.050786	1.2622e-05	0.27329	supercritical
494.00	65.000	3.1098	0.32156	4719.9	6810.1	43.499	10.418	14.561	1731.1	-0.050836	1.2640e-05	0.27367	supercritical
495.00	65.000	3.1037	0.32220	4730.3	6824.6	43.528	10.418	14.561	1732.8	-0.050886	1.2658e-05	0.27406	supercritical
496.00	65.000	3.0976	0.32283	4740.8	6839.2	43.558	10.418	14.561	1734.4	-0.050935	1.2675e-05	0.27444	supercritical
497.00	65.000	3.0915	0.32347	4751.2	6853.7	43.587	10.419	14.561	1736.1	-0.050984	1.2693e-05	0.27482	supercritical
498.00	65.000	3.0854	0.32410	4761.6	6868.3	43.616	10.419	14.561	1737.7	-0.051033	1.2711e-05	0.27521	supercritical
499.00	65.000	3.0794	0.32474	4772.0	6882.9	43.645	10.419	14.561	1739.4	-0.051081	1.2728e-05	0.27559	supercritical
500.00	65.000	3.0734	0.32538	4782.5	6897.4	43.675	10.419	14.561	1741.0	-0.051129	1.2746e-05	0.27597	supercritical
501.00	65.000	3.0674	0.32601	4792.9	6912.0	43.704	10.419	14.561	1742.7	-0.051177	1.2763e-05	0.27635	supercritical
502.00	65.000	3.0614	0.32665	4803.3	6926.5	43.733	10.420	14.561	1744.3	-0.051225	1.2781e-05	0.27674	supercritical
503.00	65.000	3.0554	0.32728	4813.8	6941.1	43.762	10.420	14.561	1745.9	-0.051273	1.2799e-05	0.27712	supercritical
504.00	65.000	3.0495	0.32792	4824.2	6955.7	43.791	10.420	14.561	1747.6	-0.051320	1.2816e-05	0.27750	supercritical
505.00	65.000	3.0436	0.32856	4834.6	6970.2	43.819	10.420	14.561	1749.2	-0.051367	1.2834e-05	0.27788	supercritical
506.00	65.000	3.0377	0.32919	4845.0	6984.8	43.848	10.420	14.561	1750.9	-0.051414	1.2851e-05	0.27826	supercritical
507.00	65.000	3.0319	0.32983	4855.5	6999.3	43.877	10.421	14.561	1752.5	-0.051460	1.2869e-05	0.27864	supercritical
508.00	65.000	3.0261	0.33046	4865.9	7013.9	43.906	10.421	14.561	1754.1	-0.051507	1.2886e-05	0.27903	supercritical
509.00	65.000	3.0202	0.33110	4876.3	7028.5	43.934	10.421	14.561	1755.7	-0.051553	1.2904e-05	0.27941	supercritical
510.00	65.000	3.0145	0.33173	4886.8	7043.0	43.963	10.421	14.561	1757.4	-0.051598	1.2921e-05	0.27979	supercritical
511.00	65.000	3.0087	0.33237	4897.2	7057.6	43.991	10.421	14.561	1759.0	-0.051644	1.2939e-05	0.28017	supercritical
512.00	65.000	3.0029	0.33301	4907.6	7072.2	44.020	10.422	14.561	1760.6	-0.051689	1.2956e-05	0.28055	supercritical
513.00	65.000	2.9972	0.33364	4918.0	7086.7	44.048	10.422	14.561	1762.3	-0.051734	1.2974e-05	0.28093	supercritical
514.00	65.000	2.9915	0.33428	4928.5	7101.3	44.077	10.422	14.561	1763.9	-0.051779	1.2991e-05	0.28131	supercritical
515.00	65.000	2.9859	0.33491	4938.9	7115.8	44.105	10.422	14.561	1765.5	-0.051824	1.3009e-05	0.28169	supercritical
516.00	65.000	2.9802	0.33555	4949.3	7130.4	44.133	10.423	14.561	1767.1	-0.051868	1.3026e-05	0.28207	supercritical
517.00	65.000	2.9746	0.33618	4959.8	7145.0	44.161	10.423	14.561	1768.7	-0.051913	1.3044e-05	0.28245	supercritical
518.00	65.000	2.9689	0.33682	4970.2	7159.5	44.190	10.423	14.562	1770.4	-0.051956	1.3061e-05	0.28283	supercritical
519.00	65.000	2.9634	0.33746	4980.6	7174.1	44.218	10.423	14.562	1772.0	-0.052000	1.3079e-05	0.28321	supercritical
520.00	65.000	2.9578	0.33809	4991.1	7188.6	44.246	10.423	14.562	1773.6	-0.052044	1.3096e-05	0.28359	supercritical
521.00	65.000	2.9522	0.33873	5001.5	7203.2	44.274	10.424	14.562	1775.2	-0.052087	1.3114e-05	0.28397	supercritical
522.00	65.000	2.9467	0.33936	5011.9	7217.8	44.302	10.424	14.562	1776.8	-0.052130	1.3131e-05	0.28435	supercritical
523.00	65.000	2.9412	0.34000	5022.3	7232.3	44.329	10.424	14.562	1778.4	-0.052173	1.3148e-05	0.28473	supercritical
524.00	65.000	2.9357	0.34063	5032.8	7246.9	44.357	10.424	14.562	1780.0	-0.052215	1.3166e-05	0.28510	supercritical
525.00	65.000	2.9302	0.34127	5043.2	7261.5	44.385	10.425	14.562	1781.6	-0.052258	1.3183e-05	0.28548	supercritical
526.00	65.000	2.9248	0.34190	5053.6	7276.0	44.413	10.425	14.562	1783.2	-0.052300	1.3201e-05	0.28586	supercritical
527.00	65.000	2.9194	0.34254	5064.1	7290.6	44.440	10.425	14.562	1784.8	-0.052342	1.3218e-05	0.28624	supercritical
528.00	65.000	2.9140	0.34318	5074.5	7305.1	44.468	10.425	14.562	1786.4	-0.052383	1.3235e-05	0.28662	supercritical
529.00	65.000	2.9086	0.34381	5084.9	7319.7	44.496	10.426	14.562	1788.0	-0.052425	1.3253e-05	0.28700	supercritical
530.00	65.000	2.9032	0.34445	5095.4	7334.3	44.523	10.426	14.563	1789.6	-0.052466	1.3270e-05	0.28738	supercritical
531.00	65.000	2.8979	0.34508	5105.8	7348.8	44.551	10.426	14.563	1791.2	-0.052507	1.3287e-05	0.28775	supercritical
532.00	65.000	2.8925	0.34572	5116.2	7363.4	44.578	10.426	14.563	1792.8	-0.052548	1.3305e-05	0.28813	supercritical
533.00	65.000	2.8872	0.34635	5126.7	7378.0	44.605	10.427	14.563	1794.4	-0.052589	1.3322e-05	0.28851	supercritical
534.00	65.000	2.8819	0.34699	5137.1	7392.5	44.633	10.427	14.563	1796.0	-0.052629	1.3339e-05	0.28889	supercritical
535.00	65.000	2.8767	0.34762	5147.5	7407.1	44.660	10.427	14.563	1797.6	-0.052669	1.3357e-05	0.28926	supercritical
536.00	65.000	2.8714	0.34826	5158.0	7421.6	44.687	10.427	14.563	1799.2	-0.052709	1.3374e-05	0.28964	supercritical
537.00	65.000	2.8662	0.34889	5168.4	7436.2	44.714	10.428	14.563	1800.8	-0.052749	1.3391e-05	0.29002	supercritical
538.00	65.000	2.8610	0.34953	5178.8	7450.8	44.741	10.428	14.564	1802.4	-0.052789	1.3408e-05	0.29040	supercritical
539.00	65.000	2.8558	0.35017	5189.3	7465.3	44.768	10.428	14.564	1804.0	-0.052828	1.3426e-05	0.29077	supercritical
540.00	65.000	2.8506	0.35080	5199.7	7479.9	44.795	10.429	14.564	1805.5	-0.052867	1.3443e-05	0.29115	supercritical
541.00	65.000	2.8455	0.35144	5210.1	7494.5	44.822	10.429	14.564	1807.1	-0.052906	1.3460e-05	0.29153	supercritical
542.00	65.000	2.8403	0.35207	5220.6	7509.0	44.849	10.429	14.564	1808.7	-0.052945	1.3478e-05	0.29190	supercritical
543.00	65.000	2.8352	0.35271	5231.0	7523.6	44.876	10.429	14.564	1810.3	-0.052983	1.3495e-05	0.29228	supercritical
544.00	65.000	2.8301	0.35334	5241.4	7538.2	44.903	10.430	14.564	1811.9	-0.053022	1.3512e-05	0.29266	supercritical
545.00	65.000	2.8250	0.35398	5251.9	7552.7	44.930	10.430	14.565	1813.4	-0.053060	1.3529e-05	0.29303	supercritical
546.00	65.000	2.8200	0.35461	5262.3	7567.3	44.956	10.430	14.565	1815.0	-0.053098	1.3546e-05	0.29341	supercritical
547.00	65.000	2.8149	0.35525	5272.7	7581.8	44.983	10.431	14.565	1816.6	-0.053136	1.3564e-05	0.29379	supercritical
548.00	65.000	2.8099	0.35588	5283.2	7596.4	45.009	10.431	14.565	1818.2	-0.053173	1.3581e-05	0.29416	supercritical
549.00	65.000	2.8049	0.35652	5293.6	7611.0	45.036	10.431	14.565	1819.7	-0.053210	1.3598e-05	0.29454	supercritical
550.00	65.000	2.7999	0.35715	5304.0	7625.5	45.063	10.432	14.565	1821.3	-0.053248	1.3615e-05	0.29491	supercritical
551.00	65.000	2.7949	0.35779	5314.5	7640.1	45.089	10.432	14.566	1822.9	-0.053285	1.3632e-05	0.29529	supercritical
552.00	65.000	2.7900	0.35842	5324.9	7654.7	45.115	10.432	14.566	1824.4	-0.053321	1.3649e-05	0.29567	supercritical
553.00	65.000	2.7851	0.35906	5335.4	7669.2	45.142	10.432	14.566	1826.0	-0.053358	1.3667e-05	0.29604	supercritical
554.00	65.000	2.7801	0.35969	5345.8	7683.8	45.168	10.433	14.566	1827.6	-0.053394	1.3684e-05	0.29642	supercritical
555.00	65.000	2.7752	0.36033	5356.2	7698.4	45.194	10.433	14.566	1829.1	-0.053431	1.3701e-05	0.29679	supercritical
556.00	65.000	2.7703	0.36097	5366.7	7712.9	45.221	10.433	14.566	1830.7	-0.053467	1.3718e-05	0.29717	supercritical
557.00	65.000	2.7655	0.36160	5377.1	7727.5	45.247	10.434	14.567	1832.2	-0.053502	1.3735e-05	0.29754	supercritical
558.00	65.000	2.7606	0.36224	5387.5	7742.1	45.273	10.434	14.567	1833.8	-0.053538	1.3752e-05	0.29792	supercritical
559.00	65.000	2.7558	0.36287	5398.0	7756.6	45.299	10.434	14.567	1835.3	-0.053573	1.3769e-05	0.29829	supercritical
560.00	65.000	2.7510	0.36351	5408.4	7771.2	45.325	10.435	14.567	1836.9	-0.053609	1.3786e-05	0.29867	supercritical
561.00	65.000	2.7462	0.36414	5418.9	7785.8	45.351	10.435	14.567	1838.5	-0.053644	1.3804e-05	0.29904	supercritical
562.00	65.000	2.7414	0.36478	5429.3	7800.3	45.377	10.435	14.568	1840.0	-0.053679	1.3821e-05	0.29942	supercritical
563.00	65.000	2.7366	0.36541	5439.7	7814.9	45.403	10.436	14.568	1841.6	-0.053713	1.3838e-05	0.29979	supercritical
564.00	65.000	2.7319	0.36605	5450.2	7829.5	45.429	10.436	14.568	1843.1	-0.053748	1.3855e-05	0.30017	supercritical
565.00	65.000	2.7272	0.36668	5460.6	7844.0	45.454	10.436	14.568	1844.6	-0.053782	1.3872e-05	0.30054	supercritical
566.00	65.000	2.7224	0.36732	5471.1	7858.6	45.480	10.437	14.569	1846.2	-0.053816	1.3889e-05	0.30092	supercritical
567.00	65.000	2.7177	0.36795	5481.5	7873.2	45.506	10.437	14.569	1847.7	-0.053850	1.3906e-05	0.30129	supercritical
568.00	65.000	2.7131	0.36859	5491.9	7887.7	45.532	10.437	14.569	1849.3	-0.053884	1.3923e-05	0.30166	supercritical
569.00	65.000	2.7084	0.36922	5502.4	7902.3	45.557	10.438	14.569	1850.8	-0.053918	1.3940e-05	0.30204	supercritical
570.00	65.000	2.7037	0.36986	5512.8	7916.9	45.583	10.438	14.570	1852.4	-0.053951	1.3957e-05	0.30241	supercritical
571.00	65.000	2.6991	0.37049	5523.3	7931.5	45.608	10.439	14.570	1853.9	-0.053984	1.3974e-05	0.30279	supercritical
572.00	65.000	2.6945	0.37113	5533.7	7946.0	45.634	10.439	14.570	1855.4	-0.054018	1.3991e-05	0.30316	supercritical
573.00	65.000	2.6899	0.37176	5544.1	7960.6	45.659	10.439	14.570	1857.0	-0.054050	1.4008e-05	0.30354	supercritical
574.00	65.000	2.6853	0.37240	5554.6	7975.2	45.685	10.440	14.571	1858.5	-0.054083	1.4025e-05	0.30391	supercritical
575.00	65.000	2.6807	0.37303	5565.0	7989.7	45.710	10.440	14.571	1860.0	-0.054116	1.4042e-05	0.30428	supercritical
576.00	65.000	2.6762	0.37367	5575.5	8004.3	45.735	10.440	14.571	1861.6	-0.054148	1.4059e-05	0.30466	supercritical
577.00	65.000	2.6716	0.37430	5585.9	8018.9	45.761	10.441	14.571	1863.1	-0.054180	1.4076e-05	0.30503	supercritical
578.00	65.000	2.6671	0.37494	5596.4	8033.5	45.786	10.441	14.572	1864.6	-0.054212	1.4093e-05	0.30540	supercritical
579.00	65.000	2.6626	0.37557	5606.8	8048.0	45.811	10.441	14.572	1866.2	-0.054244	1.4110e-05	0.30578	supercritical
580.00	65.000	2.6581	0.37621	5617.2	8062.6	45.836	10.442	14.572	1867.7	-0.054276	1.4127e-05	0.30615	supercritical
581.00	65.000	2.6536	0.37684	5627.7	8077.2	45.861	10.442	14.572	1869.2	-0.054308	1.4144e-05	0.30652	supercritical
582.00	65.000	2.6492	0.37748	5638.1	8091.7	45.886	10.443	14.573	1870.7	-0.054339	1.4161e-05	0.30690	supercritical
583.00	65.000	2.6447	0.37811	5648.6	8106.3	45.911	10.443	14.573	1872.3	-0.054370	1.4178e-05	0.30727	supercritical
584.00	65.000	2.6403	0.37875	5659.0	8120.9	45.936	10.443	14.573	1873.8	-0.054401	1.4194e-05	0.30764	supercritical
585.00	65.000	2.6359	0.37938	5669.5	8135.5	45.961	10.444	14.574	1875.3	-0.054432	1.4211e-05	0.30802	supercritical
586.00	65.000	2.6315	0.38002	5679.9	8150.0	45.986	10.444	14.574	1876.8	-0.054463	1.4228e-05	0.30839	supercritical
587.00	65.000	2.6271	0.38065	5690.4	8164.6	46.011	10.445	14.574	1878.3	-0.054493	1.4245e-05	0.30876	supercritical
588.00	65.000	2.6227	0.38129	5700.8	8179.2	46.036	10.445	14.575	1879.8	-0.054524	1.4262e-05	0.30914	supercritical
589.00	65.000	2.6183	0.38192	5711.3	8193.8	46.061	10.446	14.575	1881.4	-0.054554	1.4279e-05	0.30951	supercritical
590.00	65.000	2.6140	0.38256	5721.7	8208.3	46.085	10.446	14.575	1882.9	-0.054584	1.4296e-05	0.30988	supercritical
591.00	65.000	2.6097	0.38319	5732.2	8222.9	46.110	10.446	14.575	1884.4	-0.054614	1.4313e-05	0.31025	supercritical
592.00	65.000	2.6053	0.38383	5742.6	8237.5	46.135	10.447	14.576	1885.9	-0.054644	1.4329e-05	0.31063	supercritical
593.00	65.000	2.6010	0.38446	5753.1	8252.1	46.159	10.447	14.576	1887.4	-0.054673	1.4346e-05	0.31100	supercritical
594.00	65.000	2.5967	0.38510	5763.5	8266.6	46.184	10.448	14.576	1888.9	-0.054703	1.4363e-05	0.31137	supercritical
595.00	65.000	2.5925	0.38573	5774.0	8281.2	46.208	10.448	14.577	1890.4	-0.054732	1.4380e-05	0.31175	supercritical
596.00	65.000	2.5882	0.38637	5784.4	8295.8	46.233	10.448	14.577	1891.9	-0.054761	1.4397e-05	0.31212	supercritical
597.00	65.000	2.5840	0.38700	5794.9	8310.4	46.257	10.449	14.577	1893.4	-0.054790	1.4414e-05	0.31249	supercritical
598.00	65.000	2.5797	0.38764	5805.3	8324.9	46.282	10.449	14.578	1894.9	-0.054819	1.4430e-05	0.31286	supercritical
599.00	65.000	2.5755	0.38827	5815.8	8339.5	46.306	10.450	14.578	1896.4	-0.054847	1.4447e-05	0.31324	supercritical
600.00	65.000	2.5713	0.38891	5826.2	8354.1	46.330	10.450	14.579	1897.9	-0.054876	1.4464e-05	0.31361	supercritical
601.00	65.000	2.5671	0.38954	5836.7	8368.7	46.355	10.451	14.579	1899.4	-0.054904	1.4481e-05	0.31398	supercritical
602.00	65.000	2.5629	0.39018	5847.1	8383.3	46.379	10.451	14.579	1900.9	-0.054932	1.4497e-05	0.31435	supercritical
603.00	65.000	2.5588	0.39081	5857.6	8397.8	46.403	10.452	14.580	1902.4	-0.054961	1.4514e-05	0.31472	supercritical
604.00	65.000	2.5546	0.39145	5868.0	8412.4	46.427	10.452	14.580	1903.9	-0.054988	1.4531e-05	0.31510	supercritical
605.00	65.000	2.5505	0.39208	5878.5	8427.0	46.451	10.453	14.580	1905.4	-0.055016	1.4548e-05	0.31547	supercritical
606.00	65.000	2.5464	0.39272	5888.9	8441.6	46.475	10.453	14.581	1906.9	-0.055044	1.4564e-05	0.31584	supercritical
607.00	65.000	2.5423	0.39335	5899.4	8456.2	46.500	10.453	14.581	1908.4	-0.055071	1.4581e-05	0.31621	supercritical
608.00	65.000	2.5382	0.39398	5909.8	8470.7	46.524	10.454	14.581	1909.9	-0.055098	1.4598e-05	0.31658	supercritical
609.00	65.000	2.5341	0.39462	5920.3	8485.3	46.547	10.454	14.582	1911.4	-0.055126	1.4615e-05	0.31696	supercritical
610.00	65.000	2.5300	0.39525	5930.8	8499.9	46.571	10.455	14.582	1912.8	-0.055153	1.4631e-05	0.31733	supercritical
611.00	65.000	2.5260	0.39589	5941.2	8514.5	46.595	10.455	14.583	1914.3	-0.055179	1.4648e-05	0.31770	supercritical
612.00	65.000	2.5219	0.39652	5951.7	8529.1	46.619	10.456	14.583	1915.8	-0.055206	1.4665e-05	0.31807	supercritical
613.00	65.000	2.5179	0.39716	5962.1	8543.7	46.643	10.456	14.583	1917.3	-0.055233	1.4682e-05	0.31844	supercritical
