Temperature (K)	Pressure (bar)	Density (kg/m3)	Volume (m3/kg)	Internal Energy (kJ/kg)	Enthalpy (kJ/kg)	Entropy (J/g*K)	Cv (J/g*K)	Cp (J/g*K)	Sound Spd. (m/s)	Joule-Thomson (K/bar)	Viscosity (Pa*s)	Therm. Cond. (W/m*K)	Phase
270.00	78.000	771.43	0.0012963	-556.27	-546.16	-1.4854	1.7234	2.1264	1441.7	-0.045470	0.0027156	0.14470	liquid
271.00	78.000	770.70	0.0012975	-554.15	-544.03	-1.4776	1.7267	2.1290	1437.4	-0.045401	0.0026479	0.14445	liquid
272.00	78.000	769.98	0.0012987	-552.03	-541.90	-1.4697	1.7300	2.1316	1433.2	-0.045331	0.0025829	0.14420	liquid
273.00	78.000	769.25	0.0013000	-549.90	-539.76	-1.4619	1.7333	2.1342	1429.0	-0.045261	0.0025204	0.14396	liquid
274.00	78.000	768.53	0.0013012	-547.78	-537.63	-1.4541	1.7366	2.1369	1424.7	-0.045189	0.0024603	0.14371	liquid
275.00	78.000	767.80	0.0013024	-545.65	-535.49	-1.4463	1.7399	2.1396	1420.6	-0.045118	0.0024024	0.14346	liquid
276.00	78.000	767.08	0.0013036	-543.52	-533.35	-1.4385	1.7433	2.1423	1416.4	-0.045045	0.0023466	0.14322	liquid
277.00	78.000	766.36	0.0013049	-541.38	-531.21	-1.4308	1.7466	2.1451	1412.2	-0.044972	0.0022928	0.14298	liquid
278.00	78.000	765.64	0.0013061	-539.25	-529.06	-1.4230	1.7500	2.1478	1408.1	-0.044898	0.0022410	0.14273	liquid
279.00	78.000	764.92	0.0013073	-537.11	-526.91	-1.4153	1.7534	2.1506	1403.9	-0.044824	0.0021910	0.14249	liquid
280.00	78.000	764.20	0.0013086	-534.96	-524.76	-1.4076	1.7568	2.1534	1399.8	-0.044749	0.0021428	0.14225	liquid
281.00	78.000	763.48	0.0013098	-532.82	-522.60	-1.3999	1.7602	2.1563	1395.7	-0.044674	0.0020962	0.14201	liquid
282.00	78.000	762.76	0.0013110	-530.67	-520.45	-1.3923	1.7636	2.1591	1391.6	-0.044598	0.0020512	0.14177	liquid
283.00	78.000	762.04	0.0013123	-528.52	-518.28	-1.3846	1.7671	2.1620	1387.5	-0.044521	0.0020078	0.14153	liquid
284.00	78.000	761.33	0.0013135	-526.37	-516.12	-1.3770	1.7705	2.1649	1383.5	-0.044444	0.0019657	0.14129	liquid
285.00	78.000	760.61	0.0013147	-524.21	-513.96	-1.3694	1.7740	2.1678	1379.4	-0.044366	0.0019251	0.14105	liquid
286.00	78.000	759.89	0.0013160	-522.05	-511.79	-1.3618	1.7775	2.1707	1375.4	-0.044288	0.0018857	0.14081	liquid
287.00	78.000	759.18	0.0013172	-519.89	-509.61	-1.3542	1.7810	2.1737	1371.4	-0.044209	0.0018477	0.14057	liquid
288.00	78.000	758.46	0.0013185	-517.72	-507.44	-1.3466	1.7845	2.1767	1367.4	-0.044130	0.0018108	0.14034	liquid
289.00	78.000	757.75	0.0013197	-515.55	-505.26	-1.3391	1.7880	2.1796	1363.4	-0.044050	0.0017751	0.14010	liquid
290.00	78.000	757.03	0.0013209	-513.38	-503.08	-1.3315	1.7915	2.1827	1359.4	-0.043970	0.0017405	0.13987	liquid
291.00	78.000	756.32	0.0013222	-511.21	-500.89	-1.3240	1.7950	2.1857	1355.4	-0.043889	0.0017070	0.13963	liquid
292.00	78.000	755.61	0.0013234	-509.03	-498.71	-1.3165	1.7986	2.1887	1351.5	-0.043808	0.0016745	0.13940	liquid
293.00	78.000	754.89	0.0013247	-506.85	-496.52	-1.3090	1.8021	2.1918	1347.6	-0.043726	0.0016429	0.13917	liquid
294.00	78.000	754.18	0.0013259	-504.67	-494.32	-1.3016	1.8057	2.1949	1343.6	-0.043643	0.0016123	0.13893	liquid
295.00	78.000	753.47	0.0013272	-502.48	-492.13	-1.2941	1.8093	2.1980	1339.7	-0.043561	0.0015826	0.13870	liquid
296.00	78.000	752.76	0.0013284	-500.29	-489.93	-1.2867	1.8129	2.2011	1335.8	-0.043477	0.0015538	0.13847	liquid
297.00	78.000	752.05	0.0013297	-498.10	-487.73	-1.2792	1.8165	2.2042	1331.9	-0.043394	0.0015258	0.13824	liquid
298.00	78.000	751.34	0.0013310	-495.90	-485.52	-1.2718	1.8201	2.2074	1328.1	-0.043310	0.0014986	0.13801	liquid
299.00	78.000	750.63	0.0013322	-493.70	-483.31	-1.2644	1.8237	2.2105	1324.2	-0.043225	0.0014721	0.13778	liquid
300.00	78.000	749.92	0.0013335	-491.50	-481.10	-1.2570	1.8273	2.2137	1320.4	-0.043140	0.0014464	0.13755	liquid
301.00	78.000	749.21	0.0013347	-489.29	-478.88	-1.2497	1.8309	2.2169	1316.5	-0.043055	0.0014214	0.13732	liquid
302.00	78.000	748.50	0.0013360	-487.09	-476.66	-1.2423	1.8346	2.2201	1312.7	-0.042969	0.0013971	0.13709	liquid
303.00	78.000	747.79	0.0013373	-484.87	-474.44	-1.2350	1.8382	2.2234	1308.9	-0.042883	0.0013735	0.13687	liquid
304.00	78.000	747.08	0.0013385	-482.66	-472.22	-1.2276	1.8419	2.2266	1305.1	-0.042796	0.0013504	0.13664	liquid
305.00	78.000	746.38	0.0013398	-480.44	-469.99	-1.2203	1.8456	2.2299	1301.3	-0.042709	0.0013280	0.13641	liquid
306.00	78.000	745.67	0.0013411	-478.22	-467.76	-1.2130	1.8492	2.2331	1297.5	-0.042622	0.0013062	0.13619	liquid
307.00	78.000	744.96	0.0013424	-475.99	-465.52	-1.2057	1.8529	2.2364	1293.8	-0.042534	0.0012850	0.13596	liquid
308.00	78.000	744.25	0.0013436	-473.77	-463.29	-1.1984	1.8566	2.2397	1290.0	-0.042446	0.0012643	0.13574	liquid
309.00	78.000	743.55	0.0013449	-471.53	-461.04	-1.1912	1.8603	2.2430	1286.3	-0.042357	0.0012441	0.13551	liquid
310.00	78.000	742.84	0.0013462	-469.30	-458.80	-1.1839	1.8640	2.2463	1282.5	-0.042268	0.0012245	0.13529	liquid
311.00	78.000	742.13	0.0013475	-467.06	-456.55	-1.1767	1.8677	2.2497	1278.8	-0.042179	0.0012053	0.13507	liquid
312.00	78.000	741.43	0.0013487	-464.82	-454.30	-1.1694	1.8714	2.2530	1275.1	-0.042089	0.0011866	0.13485	liquid
313.00	78.000	740.72	0.0013500	-462.58	-452.05	-1.1622	1.8752	2.2564	1271.4	-0.041999	0.0011684	0.13462	liquid
314.00	78.000	740.02	0.0013513	-460.33	-449.79	-1.1550	1.8789	2.2598	1267.7	-0.041909	0.0011507	0.13440	liquid
315.00	78.000	739.31	0.0013526	-458.08	-447.53	-1.1478	1.8826	2.2632	1264.1	-0.041818	0.0011333	0.13418	liquid
316.00	78.000	738.61	0.0013539	-455.82	-445.26	-1.1407	1.8864	2.2666	1260.4	-0.041727	0.0011164	0.13396	liquid
317.00	78.000	737.90	0.0013552	-453.56	-442.99	-1.1335	1.8901	2.2700	1256.8	-0.041636	0.0010999	0.13374	liquid
318.00	78.000	737.20	0.0013565	-451.30	-440.72	-1.1263	1.8939	2.2734	1253.1	-0.041544	0.0010837	0.13352	liquid
319.00	78.000	736.50	0.0013578	-449.04	-438.45	-1.1192	1.8977	2.2768	1249.5	-0.041452	0.0010680	0.13330	liquid
320.00	78.000	735.79	0.0013591	-446.77	-436.17	-1.1121	1.9014	2.2803	1245.9	-0.041360	0.0010526	0.13309	liquid
321.00	78.000	735.09	0.0013604	-444.50	-433.89	-1.1049	1.9052	2.2838	1242.3	-0.041267	0.0010376	0.13287	liquid
322.00	78.000	734.39	0.0013617	-442.22	-431.60	-1.0978	1.9090	2.2872	1238.7	-0.041174	0.0010229	0.13265	liquid
323.00	78.000	733.68	0.0013630	-439.94	-429.31	-1.0907	1.9128	2.2907	1235.1	-0.041081	0.0010085	0.13243	liquid
324.00	78.000	732.98	0.0013643	-437.66	-427.02	-1.0837	1.9166	2.2942	1231.5	-0.040987	0.00099452	0.13222	liquid
325.00	78.000	732.28	0.0013656	-435.37	-424.72	-1.0766	1.9204	2.2977	1227.9	-0.040893	0.00098080	0.13200	liquid
326.00	78.000	731.57	0.0013669	-433.08	-422.42	-1.0695	1.9242	2.3012	1224.4	-0.040799	0.00096739	0.13179	liquid
327.00	78.000	730.87	0.0013682	-430.79	-420.12	-1.0625	1.9280	2.3047	1220.8	-0.040704	0.00095428	0.13157	liquid
328.00	78.000	730.17	0.0013695	-428.50	-417.81	-1.0554	1.9318	2.3083	1217.3	-0.040609	0.00094144	0.13136	liquid
329.00	78.000	729.47	0.0013709	-426.20	-415.50	-1.0484	1.9356	2.3118	1213.8	-0.040514	0.00092889	0.13114	liquid
330.00	78.000	728.76	0.0013722	-423.89	-413.19	-1.0414	1.9394	2.3154	1210.2	-0.040419	0.00091660	0.13093	liquid
331.00	78.000	728.06	0.0013735	-421.59	-410.87	-1.0344	1.9432	2.3189	1206.7	-0.040323	0.00090458	0.13071	liquid
332.00	78.000	727.36	0.0013748	-419.28	-408.55	-1.0274	1.9471	2.3225	1203.2	-0.040227	0.00089281	0.13050	liquid
333.00	78.000	726.66	0.0013762	-416.96	-406.23	-1.0204	1.9509	2.3261	1199.7	-0.040131	0.00088128	0.13029	liquid
334.00	78.000	725.95	0.0013775	-414.64	-403.90	-1.0134	1.9547	2.3296	1196.3	-0.040034	0.00087000	0.13008	liquid
335.00	78.000	725.25	0.0013788	-412.32	-401.57	-1.0064	1.9586	2.3332	1192.8	-0.039937	0.00085894	0.12987	liquid
336.00	78.000	724.55	0.0013802	-410.00	-399.23	-0.99945	1.9624	2.3368	1189.3	-0.039840	0.00084812	0.12965	liquid
337.00	78.000	723.85	0.0013815	-407.67	-396.89	-0.99250	1.9662	2.3404	1185.9	-0.039743	0.00083751	0.12944	liquid
338.00	78.000	723.15	0.0013828	-405.34	-394.55	-0.98556	1.9701	2.3441	1182.4	-0.039645	0.00082711	0.12923	liquid
339.00	78.000	722.45	0.0013842	-403.00	-392.21	-0.97863	1.9739	2.3477	1179.0	-0.039547	0.00081693	0.12902	liquid
340.00	78.000	721.74	0.0013855	-400.66	-389.86	-0.97171	1.9778	2.3513	1175.6	-0.039449	0.00080694	0.12881	liquid
341.00	78.000	721.04	0.0013869	-398.32	-387.50	-0.96480	1.9817	2.3550	1172.1	-0.039350	0.00079715	0.12861	liquid
342.00	78.000	720.34	0.0013882	-395.98	-385.15	-0.95790	1.9855	2.3586	1168.7	-0.039252	0.00078756	0.12840	liquid
343.00	78.000	719.64	0.0013896	-393.63	-382.79	-0.95101	1.9894	2.3623	1165.3	-0.039153	0.00077814	0.12819	liquid
344.00	78.000	718.94	0.0013909	-391.27	-380.42	-0.94412	1.9932	2.3659	1162.0	-0.039053	0.00076891	0.12798	liquid
345.00	78.000	718.24	0.0013923	-388.91	-378.06	-0.93725	1.9971	2.3696	1158.6	-0.038954	0.00075986	0.12777	liquid
346.00	78.000	717.53	0.0013937	-386.55	-375.68	-0.93039	2.0010	2.3733	1155.2	-0.038854	0.00075098	0.12757	liquid
347.00	78.000	716.83	0.0013950	-384.19	-373.31	-0.92353	2.0049	2.3770	1151.8	-0.038754	0.00074226	0.12736	liquid
348.00	78.000	716.13	0.0013964	-381.82	-370.93	-0.91669	2.0087	2.3806	1148.5	-0.038654	0.00073371	0.12715	liquid
349.00	78.000	715.43	0.0013978	-379.45	-368.55	-0.90985	2.0126	2.3843	1145.1	-0.038553	0.00072531	0.12695	liquid
350.00	78.000	714.73	0.0013991	-377.07	-366.16	-0.90302	2.0165	2.3880	1141.8	-0.038452	0.00071707	0.12674	liquid
351.00	78.000	714.03	0.0014005	-374.70	-363.77	-0.89620	2.0204	2.3917	1138.5	-0.038351	0.00070899	0.12654	liquid
352.00	78.000	713.32	0.0014019	-372.31	-361.38	-0.88939	2.0243	2.3955	1135.1	-0.038250	0.00070104	0.12633	liquid
353.00	78.000	712.62	0.0014033	-369.93	-358.98	-0.88259	2.0281	2.3992	1131.8	-0.038148	0.00069324	0.12613	liquid
354.00	78.000	711.92	0.0014047	-367.54	-356.58	-0.87580	2.0320	2.4029	1128.5	-0.038046	0.00068558	0.12593	liquid
355.00	78.000	711.22	0.0014060	-365.14	-354.17	-0.86902	2.0359	2.4066	1125.2	-0.037944	0.00067806	0.12572	liquid
356.00	78.000	710.51	0.0014074	-362.74	-351.77	-0.86224	2.0398	2.4104	1121.9	-0.037842	0.00067067	0.12552	liquid
357.00	78.000	709.81	0.0014088	-360.34	-349.35	-0.85548	2.0437	2.4141	1118.6	-0.037739	0.00066340	0.12532	liquid
358.00	78.000	709.11	0.0014102	-357.94	-346.94	-0.84872	2.0476	2.4178	1115.4	-0.037637	0.00065627	0.12511	liquid
359.00	78.000	708.41	0.0014116	-355.53	-344.52	-0.84197	2.0515	2.4216	1112.1	-0.037533	0.00064925	0.12491	liquid
360.00	78.000	707.70	0.0014130	-353.12	-342.09	-0.83523	2.0554	2.4254	1108.8	-0.037430	0.00064236	0.12471	liquid
361.00	78.000	707.00	0.0014144	-350.70	-339.67	-0.82849	2.0592	2.4291	1105.6	-0.037326	0.00063558	0.12451	liquid
362.00	78.000	706.30	0.0014158	-348.28	-337.24	-0.82177	2.0631	2.4329	1102.3	-0.037223	0.00062892	0.12431	liquid
363.00	78.000	705.60	0.0014172	-345.86	-334.80	-0.81505	2.0670	2.4366	1099.1	-0.037118	0.00062237	0.12411	liquid
364.00	78.000	704.89	0.0014187	-343.43	-332.36	-0.80835	2.0709	2.4404	1095.9	-0.037014	0.00061593	0.12391	liquid
365.00	78.000	704.19	0.0014201	-341.00	-329.92	-0.80164	2.0748	2.4442	1092.7	-0.036909	0.00060960	0.12371	liquid
366.00	78.000	703.48	0.0014215	-338.56	-327.47	-0.79495	2.0787	2.4480	1089.4	-0.036804	0.00060337	0.12351	liquid
367.00	78.000	702.78	0.0014229	-336.12	-325.02	-0.78827	2.0826	2.4518	1086.2	-0.036699	0.00059724	0.12331	liquid
368.00	78.000	702.08	0.0014243	-333.68	-322.57	-0.78159	2.0865	2.4555	1083.0	-0.036594	0.00059121	0.12311	liquid
369.00	78.000	701.37	0.0014258	-331.23	-320.11	-0.77492	2.0904	2.4593	1079.8	-0.036488	0.00058528	0.12291	liquid
370.00	78.000	700.67	0.0014272	-328.78	-317.65	-0.76826	2.0943	2.4631	1076.7	-0.036382	0.00057944	0.12271	liquid
371.00	78.000	699.96	0.0014286	-326.33	-315.19	-0.76161	2.0982	2.4669	1073.5	-0.036276	0.00057369	0.12251	liquid
372.00	78.000	699.26	0.0014301	-323.87	-312.72	-0.75496	2.1021	2.4707	1070.3	-0.036170	0.00056804	0.12232	liquid
373.00	78.000	698.55	0.0014315	-321.41	-310.25	-0.74832	2.1060	2.4745	1067.1	-0.036063	0.00056247	0.12212	liquid
374.00	78.000	697.85	0.0014330	-318.95	-307.77	-0.74169	2.1099	2.4784	1064.0	-0.035956	0.00055699	0.12192	liquid
375.00	78.000	697.14	0.0014344	-316.48	-305.29	-0.73507	2.1138	2.4822	1060.8	-0.035849	0.00055160	0.12173	liquid
376.00	78.000	696.44	0.0014359	-314.01	-302.81	-0.72846	2.1177	2.4860	1057.7	-0.035741	0.00054629	0.12153	liquid
377.00	78.000	695.73	0.0014373	-311.53	-300.32	-0.72185	2.1216	2.4898	1054.6	-0.035633	0.00054106	0.12133	liquid
378.00	78.000	695.02	0.0014388	-309.05	-297.83	-0.71525	2.1255	2.4936	1051.4	-0.035525	0.00053590	0.12114	liquid
379.00	78.000	694.32	0.0014403	-306.56	-295.33	-0.70865	2.1294	2.4974	1048.3	-0.035417	0.00053083	0.12094	liquid
380.00	78.000	693.61	0.0014417	-304.08	-292.83	-0.70207	2.1332	2.5013	1045.2	-0.035308	0.00052583	0.12075	liquid
381.00	78.000	692.90	0.0014432	-301.58	-290.33	-0.69549	2.1371	2.5051	1042.1	-0.035200	0.00052091	0.12055	liquid
382.00	78.000	692.19	0.0014447	-299.09	-287.82	-0.68892	2.1410	2.5089	1039.0	-0.035090	0.00051605	0.12036	liquid
383.00	78.000	691.49	0.0014462	-296.59	-285.31	-0.68235	2.1449	2.5128	1035.9	-0.034981	0.00051127	0.12017	liquid
384.00	78.000	690.78	0.0014476	-294.09	-282.79	-0.67580	2.1488	2.5166	1032.8	-0.034871	0.00050656	0.11997	liquid
385.00	78.000	690.07	0.0014491	-291.58	-280.28	-0.66925	2.1527	2.5204	1029.7	-0.034761	0.00050192	0.11978	liquid
386.00	78.000	689.36	0.0014506	-289.07	-277.75	-0.66270	2.1566	2.5243	1026.6	-0.034651	0.00049734	0.11959	liquid
387.00	78.000	688.65	0.0014521	-286.55	-275.23	-0.65617	2.1605	2.5281	1023.6	-0.034541	0.00049283	0.11939	liquid
388.00	78.000	687.94	0.0014536	-284.04	-272.70	-0.64964	2.1643	2.5320	1020.5	-0.034430	0.00048838	0.11920	liquid
389.00	78.000	687.23	0.0014551	-281.51	-270.16	-0.64312	2.1682	2.5358	1017.4	-0.034319	0.00048400	0.11901	liquid
390.00	78.000	686.52	0.0014566	-278.99	-267.63	-0.63660	2.1721	2.5397	1014.4	-0.034207	0.00047968	0.11882	liquid
391.00	78.000	685.81	0.0014581	-276.46	-265.08	-0.63009	2.1760	2.5435	1011.4	-0.034095	0.00047541	0.11862	liquid
392.00	78.000	685.10	0.0014596	-273.92	-262.54	-0.62359	2.1799	2.5474	1008.3	-0.033983	0.00047121	0.11843	liquid
393.00	78.000	684.39	0.0014612	-271.39	-259.99	-0.61710	2.1837	2.5512	1005.3	-0.033871	0.00046706	0.11824	liquid
394.00	78.000	683.68	0.0014627	-268.85	-257.44	-0.61061	2.1876	2.5551	1002.3	-0.033758	0.00046297	0.11805	liquid
395.00	78.000	682.96	0.0014642	-266.30	-254.88	-0.60413	2.1915	2.5589	999.23	-0.033646	0.00045893	0.11786	liquid
396.00	78.000	682.25	0.0014657	-263.75	-252.32	-0.59765	2.1954	2.5628	996.22	-0.033532	0.00045495	0.11767	liquid
397.00	78.000	681.54	0.0014673	-261.20	-249.75	-0.59118	2.1992	2.5666	993.21	-0.033419	0.00045103	0.11748	liquid
398.00	78.000	680.83	0.0014688	-258.64	-247.19	-0.58472	2.2031	2.5705	990.21	-0.033305	0.00044715	0.11729	liquid
399.00	78.000	680.11	0.0014703	-256.08	-244.61	-0.57826	2.2069	2.5744	987.21	-0.033191	0.00044333	0.11710	liquid
400.00	78.000	679.40	0.0014719	-253.52	-242.04	-0.57182	2.2108	2.5782	984.22	-0.033076	0.00043955	0.11691	liquid
401.00	78.000	678.68	0.0014734	-250.95	-239.46	-0.56537	2.2147	2.5821	981.23	-0.032961	0.00043583	0.11672	liquid
402.00	78.000	677.97	0.0014750	-248.38	-236.87	-0.55894	2.2185	2.5859	978.25	-0.032846	0.00043215	0.11654	liquid
403.00	78.000	677.25	0.0014766	-245.80	-234.28	-0.55251	2.2224	2.5898	975.28	-0.032731	0.00042852	0.11635	liquid
404.00	78.000	676.54	0.0014781	-243.22	-231.69	-0.54609	2.2262	2.5937	972.31	-0.032615	0.00042494	0.11616	liquid
405.00	78.000	675.82	0.0014797	-240.64	-229.10	-0.53967	2.2301	2.5975	969.35	-0.032499	0.00042140	0.11597	liquid
406.00	78.000	675.10	0.0014813	-238.05	-226.50	-0.53326	2.2339	2.6014	966.40	-0.032382	0.00041791	0.11578	liquid
407.00	78.000	674.39	0.0014828	-235.46	-223.89	-0.52685	2.2378	2.6053	963.45	-0.032266	0.00041446	0.11560	liquid
408.00	78.000	673.67	0.0014844	-232.87	-221.29	-0.52046	2.2416	2.6091	960.50	-0.032148	0.00041105	0.11541	liquid
409.00	78.000	672.95	0.0014860	-230.27	-218.68	-0.51406	2.2455	2.6130	957.56	-0.032031	0.00040769	0.11522	liquid
410.00	78.000	672.23	0.0014876	-227.66	-216.06	-0.50768	2.2493	2.6169	954.63	-0.031913	0.00040437	0.11504	liquid
411.00	78.000	671.51	0.0014892	-225.06	-213.44	-0.50130	2.2531	2.6207	951.70	-0.031795	0.00040109	0.11485	liquid
412.00	78.000	670.79	0.0014908	-222.45	-210.82	-0.49493	2.2570	2.6246	948.78	-0.031676	0.00039785	0.11467	liquid
413.00	78.000	670.07	0.0014924	-219.83	-208.19	-0.48856	2.2608	2.6284	945.86	-0.031557	0.00039464	0.11448	liquid
414.00	78.000	669.35	0.0014940	-217.22	-205.56	-0.48220	2.2646	2.6323	942.95	-0.031438	0.00039148	0.11430	liquid
415.00	78.000	668.63	0.0014956	-214.59	-202.93	-0.47584	2.2685	2.6362	940.04	-0.031318	0.00038835	0.11411	liquid
416.00	78.000	667.91	0.0014972	-211.97	-200.29	-0.46949	2.2723	2.6400	937.14	-0.031198	0.00038527	0.11393	liquid
417.00	78.000	667.18	0.0014988	-209.34	-197.65	-0.46315	2.2761	2.6439	934.24	-0.031078	0.00038221	0.11374	liquid
418.00	78.000	666.46	0.0015005	-206.71	-195.00	-0.45681	2.2799	2.6478	931.35	-0.030957	0.00037920	0.11356	liquid
419.00	78.000	665.74	0.0015021	-204.07	-192.35	-0.45048	2.2837	2.6516	928.47	-0.030836	0.00037621	0.11337	liquid
420.00	78.000	665.01	0.0015037	-201.43	-189.70	-0.44415	2.2875	2.6555	925.59	-0.030714	0.00037327	0.11319	liquid
421.00	78.000	664.29	0.0015054	-198.78	-187.04	-0.43784	2.2913	2.6594	922.71	-0.030592	0.00037035	0.11301	liquid
422.00	78.000	663.56	0.0015070	-196.14	-184.38	-0.43152	2.2952	2.6632	919.84	-0.030469	0.00036748	0.11282	liquid
423.00	78.000	662.84	0.0015087	-193.48	-181.72	-0.42521	2.2990	2.6671	916.98	-0.030347	0.00036463	0.11264	liquid
424.00	78.000	662.11	0.0015103	-190.83	-179.05	-0.41891	2.3027	2.6709	914.12	-0.030223	0.00036181	0.11246	liquid
425.00	78.000	661.38	0.0015120	-188.17	-176.37	-0.41261	2.3065	2.6748	911.26	-0.030100	0.00035903	0.11228	liquid
426.00	78.000	660.65	0.0015136	-185.50	-173.70	-0.40632	2.3103	2.6787	908.42	-0.029976	0.00035628	0.11209	liquid
427.00	78.000	659.93	0.0015153	-182.84	-171.02	-0.40004	2.3141	2.6825	905.57	-0.029851	0.00035356	0.11191	liquid
428.00	78.000	659.20	0.0015170	-180.16	-168.33	-0.39376	2.3179	2.6864	902.73	-0.029726	0.00035087	0.11173	liquid
429.00	78.000	658.47	0.0015187	-177.49	-165.64	-0.38749	2.3217	2.6902	899.90	-0.029601	0.00034821	0.11155	liquid
430.00	78.000	657.74	0.0015204	-174.81	-162.95	-0.38122	2.3255	2.6941	897.07	-0.029475	0.00034557	0.11137	liquid
431.00	78.000	657.01	0.0015221	-172.13	-160.26	-0.37495	2.3292	2.6980	894.24	-0.029348	0.00034297	0.11119	liquid
432.00	78.000	656.27	0.0015238	-169.44	-157.56	-0.36870	2.3330	2.7018	891.42	-0.029222	0.00034039	0.11101	liquid
433.00	78.000	655.54	0.0015255	-166.75	-154.85	-0.36245	2.3368	2.7057	888.61	-0.029094	0.00033785	0.11082	liquid
434.00	78.000	654.81	0.0015272	-164.06	-152.14	-0.35620	2.3405	2.7095	885.80	-0.028967	0.00033532	0.11064	liquid
435.00	78.000	654.08	0.0015289	-161.36	-149.43	-0.34996	2.3443	2.7134	883.00	-0.028839	0.00033283	0.11046	liquid
436.00	78.000	653.34	0.0015306	-158.66	-146.72	-0.34373	2.3481	2.7172	880.20	-0.028710	0.00033036	0.11029	liquid
437.00	78.000	652.61	0.0015323	-155.95	-144.00	-0.33750	2.3518	2.7211	877.40	-0.028581	0.00032792	0.11011	liquid
438.00	78.000	651.87	0.0015340	-153.24	-141.28	-0.33127	2.3556	2.7249	874.61	-0.028451	0.00032550	0.10993	liquid
439.00	78.000	651.13	0.0015358	-150.53	-138.55	-0.32505	2.3593	2.7288	871.82	-0.028321	0.00032311	0.10975	liquid
440.00	78.000	650.40	0.0015375	-147.81	-135.82	-0.31884	2.3630	2.7326	869.04	-0.028191	0.00032075	0.10957	liquid
441.00	78.000	649.66	0.0015393	-145.09	-133.08	-0.31263	2.3668	2.7364	866.27	-0.028059	0.00031840	0.10939	liquid
442.00	78.000	648.92	0.0015410	-142.37	-130.35	-0.30643	2.3705	2.7403	863.49	-0.027928	0.00031608	0.10921	liquid
443.00	78.000	648.18	0.0015428	-139.64	-127.60	-0.30023	2.3742	2.7441	860.73	-0.027796	0.00031379	0.10903	liquid
444.00	78.000	647.44	0.0015445	-136.90	-124.86	-0.29404	2.3780	2.7480	857.97	-0.027663	0.00031152	0.10886	liquid
445.00	78.000	646.70	0.0015463	-134.17	-122.11	-0.28785	2.3817	2.7518	855.21	-0.027530	0.00030927	0.10868	liquid
446.00	78.000	645.96	0.0015481	-131.43	-119.35	-0.28167	2.3854	2.7556	852.45	-0.027396	0.00030704	0.10850	liquid
447.00	78.000	645.22	0.0015499	-128.68	-116.60	-0.27550	2.3891	2.7595	849.71	-0.027262	0.00030484	0.10832	liquid
448.00	78.000	644.47	0.0015517	-125.94	-113.83	-0.26933	2.3928	2.7633	846.96	-0.027127	0.00030265	0.10815	liquid
449.00	78.000	643.73	0.0015535	-123.19	-111.07	-0.26316	2.3965	2.7671	844.22	-0.026992	0.00030049	0.10797	liquid
450.00	78.000	642.98	0.0015553	-120.43	-108.30	-0.25700	2.4002	2.7709	841.49	-0.026856	0.00029835	0.10779	liquid
451.00	78.000	642.24	0.0015571	-117.67	-105.53	-0.25085	2.4039	2.7748	838.76	-0.026719	0.00029623	0.10762	liquid
452.00	78.000	641.49	0.0015589	-114.91	-102.75	-0.24470	2.4076	2.7786	836.03	-0.026582	0.00029413	0.10744	liquid
453.00	78.000	640.74	0.0015607	-112.14	-99.970	-0.23855	2.4113	2.7824	833.31	-0.026445	0.00029205	0.10727	liquid
454.00	78.000	640.00	0.0015625	-109.37	-97.186	-0.23241	2.4150	2.7862	830.59	-0.026306	0.00028999	0.10709	liquid
455.00	78.000	639.25	0.0015643	-106.60	-94.398	-0.22628	2.4187	2.7901	827.88	-0.026167	0.00028795	0.10692	liquid
456.00	78.000	638.50	0.0015662	-103.82	-91.606	-0.22015	2.4223	2.7939	825.17	-0.026028	0.00028593	0.10674	liquid
457.00	78.000	637.75	0.0015680	-101.04	-88.810	-0.21402	2.4260	2.7977	822.47	-0.025888	0.00028393	0.10657	liquid
458.00	78.000	637.00	0.0015699	-98.255	-86.010	-0.20790	2.4297	2.8015	819.77	-0.025747	0.00028195	0.10639	liquid
459.00	78.000	636.24	0.0015717	-95.466	-83.207	-0.20179	2.4333	2.8053	817.07	-0.025606	0.00027998	0.10622	liquid
460.00	78.000	635.49	0.0015736	-92.674	-80.400	-0.19568	2.4370	2.8091	814.38	-0.025464	0.00027804	0.10604	liquid
461.00	78.000	634.74	0.0015755	-89.877	-77.589	-0.18958	2.4407	2.8129	811.70	-0.025321	0.00027611	0.10587	liquid
462.00	78.000	633.98	0.0015773	-87.077	-74.774	-0.18348	2.4443	2.8167	809.02	-0.025178	0.00027420	0.10570	liquid
463.00	78.000	633.23	0.0015792	-84.273	-71.955	-0.17738	2.4480	2.8205	806.34	-0.025034	0.00027230	0.10552	liquid
464.00	78.000	632.47	0.0015811	-81.466	-69.133	-0.17129	2.4516	2.8243	803.66	-0.024890	0.00027043	0.10535	liquid
465.00	78.000	631.71	0.0015830	-78.654	-66.307	-0.16521	2.4552	2.8281	801.00	-0.024744	0.00026857	0.10518	liquid
466.00	78.000	630.95	0.0015849	-75.839	-63.477	-0.15913	2.4589	2.8319	798.33	-0.024599	0.00026672	0.10501	liquid
467.00	78.000	630.19	0.0015868	-73.020	-60.643	-0.15305	2.4625	2.8357	795.67	-0.024452	0.00026490	0.10483	liquid
468.00	78.000	629.43	0.0015887	-70.197	-57.805	-0.14699	2.4661	2.8395	793.01	-0.024305	0.00026309	0.10466	liquid
469.00	78.000	628.67	0.0015907	-67.371	-54.964	-0.14092	2.4697	2.8433	790.36	-0.024157	0.00026129	0.10449	liquid
470.00	78.000	627.91	0.0015926	-64.541	-52.119	-0.13486	2.4733	2.8470	787.71	-0.024008	0.00025951	0.10432	liquid
471.00	78.000	627.15	0.0015945	-61.707	-49.270	-0.12881	2.4770	2.8508	785.07	-0.023859	0.00025775	0.10415	liquid
472.00	78.000	626.38	0.0015965	-58.870	-46.417	-0.12275	2.4806	2.8546	782.43	-0.023708	0.00025600	0.10398	liquid
473.00	78.000	625.62	0.0015984	-56.028	-43.561	-0.11671	2.4842	2.8584	779.80	-0.023557	0.00025427	0.10381	liquid
474.00	78.000	624.85	0.0016004	-53.183	-40.700	-0.11067	2.4878	2.8621	777.16	-0.023406	0.00025255	0.10364	liquid
475.00	78.000	624.09	0.0016023	-50.335	-37.836	-0.10463	2.4913	2.8659	774.54	-0.023253	0.00025085	0.10347	liquid
476.00	78.000	623.32	0.0016043	-47.482	-34.969	-0.098602	2.4949	2.8697	771.91	-0.023100	0.00024916	0.10330	liquid
477.00	78.000	622.55	0.0016063	-44.626	-32.097	-0.092575	2.4985	2.8734	769.30	-0.022946	0.00024748	0.10313	liquid
478.00	78.000	621.78	0.0016083	-41.766	-29.222	-0.086554	2.5021	2.8772	766.68	-0.022792	0.00024582	0.10296	liquid
479.00	78.000	621.01	0.0016103	-38.903	-26.343	-0.080537	2.5057	2.8810	764.07	-0.022636	0.00024418	0.10279	liquid
480.00	78.000	620.24	0.0016123	-36.036	-23.460	-0.074525	2.5092	2.8847	761.46	-0.022480	0.00024254	0.10262	liquid
481.00	78.000	619.46	0.0016143	-33.165	-20.573	-0.068517	2.5128	2.8885	758.86	-0.022322	0.00024092	0.10245	liquid
482.00	78.000	618.69	0.0016163	-30.290	-17.683	-0.062514	2.5164	2.8922	756.26	-0.022165	0.00023932	0.10228	liquid
483.00	78.000	617.91	0.0016183	-27.412	-14.789	-0.056516	2.5199	2.8960	753.67	-0.022006	0.00023772	0.10211	liquid
484.00	78.000	617.14	0.0016204	-24.530	-11.891	-0.050523	2.5235	2.8997	751.08	-0.021846	0.00023614	0.10194	liquid
485.00	78.000	616.36	0.0016224	-21.644	-8.9893	-0.044534	2.5270	2.9035	748.49	-0.021686	0.00023458	0.10178	liquid
486.00	78.000	615.58	0.0016245	-18.755	-6.0840	-0.038550	2.5305	2.9072	745.91	-0.021524	0.00023302	0.10161	liquid
487.00	78.000	614.80	0.0016265	-15.862	-3.1749	-0.032570	2.5341	2.9109	743.33	-0.021362	0.00023148	0.10144	liquid
488.00	78.000	614.02	0.0016286	-12.965	-0.26209	-0.026595	2.5376	2.9147	740.76	-0.021199	0.00022995	0.10128	liquid
489.00	78.000	613.24	0.0016307	-10.065	2.6544	-0.020625	2.5411	2.9184	738.19	-0.021035	0.00022843	0.10111	liquid
490.00	78.000	612.46	0.0016328	-7.1609	5.5747	-0.014659	2.5446	2.9221	735.63	-0.020870	0.00022693	0.10094	liquid
491.00	78.000	611.68	0.0016349	-4.2532	8.4987	-0.0086977	2.5482	2.9258	733.06	-0.020704	0.00022543	0.10078	liquid
492.00	78.000	610.89	0.0016370	-1.3419	11.426	-0.0027411	2.5517	2.9296	730.51	-0.020537	0.00022395	0.10061	liquid
493.00	78.000	610.10	0.0016391	1.5731	14.358	0.0032111	2.5552	2.9333	727.95	-0.020370	0.00022248	0.10044	liquid
494.00	78.000	609.32	0.0016412	4.4917	17.293	0.0091587	2.5587	2.9370	725.40	-0.020201	0.00022102	0.10028	liquid
495.00	78.000	608.53	0.0016433	7.4140	20.232	0.015102	2.5622	2.9407	722.86	-0.020031	0.00021958	0.10011	liquid
496.00	78.000	607.74	0.0016454	10.340	23.174	0.021040	2.5657	2.9444	720.32	-0.019861	0.00021814	0.099947	liquid
497.00	78.000	606.95	0.0016476	13.269	26.121	0.026974	2.5691	2.9481	717.78	-0.019689	0.00021672	0.099783	liquid
498.00	78.000	606.16	0.0016497	16.203	29.071	0.032904	2.5726	2.9518	715.24	-0.019517	0.00021530	0.099618	liquid
499.00	78.000	605.37	0.0016519	19.139	32.024	0.038829	2.5761	2.9555	712.72	-0.019343	0.00021390	0.099454	liquid
500.00	78.000	604.57	0.0016541	22.080	34.982	0.044750	2.5796	2.9592	710.19	-0.019169	0.00021251	0.099289	liquid
501.00	78.000	603.78	0.0016562	25.024	37.943	0.050666	2.5830	2.9629	707.67	-0.018993	0.00021112	0.099126	liquid
502.00	78.000	602.98	0.0016584	27.972	40.907	0.056578	2.5865	2.9666	705.15	-0.018817	0.00020975	0.098962	liquid
503.00	78.000	602.18	0.0016606	30.923	43.876	0.062485	2.5900	2.9703	702.64	-0.018639	0.00020839	0.098799	liquid
504.00	78.000	601.38	0.0016628	33.878	46.848	0.068388	2.5934	2.9739	700.13	-0.018460	0.00020704	0.098636	liquid
505.00	78.000	600.58	0.0016650	36.836	49.824	0.074286	2.5968	2.9776	697.62	-0.018280	0.00020570	0.098473	liquid
506.00	78.000	599.78	0.0016673	39.798	52.803	0.080180	2.6003	2.9813	695.12	-0.018099	0.00020436	0.098310	liquid
507.00	78.000	598.98	0.0016695	42.764	55.786	0.086070	2.6037	2.9850	692.62	-0.017917	0.00020304	0.098148	liquid
508.00	78.000	598.18	0.0016717	45.733	58.773	0.091955	2.6072	2.9886	690.13	-0.017734	0.00020173	0.097986	liquid
509.00	78.000	597.37	0.0016740	48.706	61.764	0.097836	2.6106	2.9923	687.64	-0.017550	0.00020043	0.097824	liquid
510.00	78.000	596.57	0.0016763	51.683	64.758	0.10371	2.6140	2.9960	685.15	-0.017365	0.00019914	0.097663	liquid
511.00	78.000	595.76	0.0016785	54.663	67.755	0.10959	2.6174	2.9996	682.67	-0.017178	0.00019785	0.097501	liquid
512.00	78.000	594.95	0.0016808	57.647	70.757	0.11545	2.6208	3.0033	680.19	-0.016991	0.00019658	0.097340	liquid
513.00	78.000	594.14	0.0016831	60.634	73.762	0.12132	2.6242	3.0069	677.72	-0.016802	0.00019531	0.097180	liquid
514.00	78.000	593.33	0.0016854	63.625	76.771	0.12718	2.6276	3.0106	675.25	-0.016612	0.00019406	0.097019	liquid
515.00	78.000	592.52	0.0016877	66.619	79.783	0.13303	2.6310	3.0142	672.78	-0.016420	0.00019281	0.096859	liquid
516.00	78.000	591.70	0.0016900	69.617	82.799	0.13888	2.6344	3.0179	670.32	-0.016228	0.00019157	0.096699	liquid
517.00	78.000	590.89	0.0016924	72.618	85.819	0.14473	2.6378	3.0215	667.86	-0.016034	0.00019034	0.096539	liquid
518.00	78.000	590.07	0.0016947	75.623	88.842	0.15057	2.6412	3.0251	665.41	-0.015839	0.00018912	0.096380	liquid
519.00	78.000	589.25	0.0016971	78.632	91.869	0.15641	2.6446	3.0287	662.96	-0.015643	0.00018791	0.096221	liquid
520.00	78.000	588.44	0.0016994	81.644	94.900	0.16224	2.6479	3.0324	660.51	-0.015446	0.00018670	0.096062	liquid
521.00	78.000	587.61	0.0017018	84.660	97.934	0.16807	2.6513	3.0360	658.07	-0.015247	0.00018551	0.095904	liquid
522.00	78.000	586.79	0.0017042	87.679	100.97	0.17390	2.6547	3.0396	655.63	-0.015047	0.00018432	0.095745	liquid
523.00	78.000	585.97	0.0017066	90.702	104.01	0.17972	2.6580	3.0432	653.20	-0.014846	0.00018314	0.095587	liquid
524.00	78.000	585.15	0.0017090	93.728	107.06	0.18553	2.6614	3.0468	650.77	-0.014643	0.00018197	0.095430	liquid
525.00	78.000	584.32	0.0017114	96.758	110.11	0.19135	2.6647	3.0504	648.35	-0.014439	0.00018081	0.095272	liquid
526.00	78.000	583.49	0.0017138	99.791	113.16	0.19715	2.6680	3.0540	645.92	-0.014233	0.00017965	0.095115	liquid
527.00	78.000	582.66	0.0017163	102.83	116.21	0.20296	2.6714	3.0576	643.51	-0.014027	0.00017850	0.094958	liquid
528.00	78.000	581.83	0.0017187	105.87	119.27	0.20876	2.6747	3.0612	641.09	-0.013818	0.00017736	0.094802	liquid
529.00	78.000	581.00	0.0017212	108.91	122.34	0.21455	2.6780	3.0648	638.68	-0.013609	0.00017623	0.094645	liquid
530.00	78.000	580.17	0.0017236	111.96	125.40	0.22035	2.6813	3.0684	636.28	-0.013398	0.00017511	0.094490	liquid
531.00	78.000	579.34	0.0017261	115.01	128.47	0.22613	2.6847	3.0720	633.88	-0.013185	0.00017399	0.094334	liquid
532.00	78.000	578.50	0.0017286	118.06	131.55	0.23192	2.6880	3.0756	631.48	-0.012972	0.00017288	0.094178	liquid
533.00	78.000	577.66	0.0017311	121.12	134.63	0.23770	2.6913	3.0791	629.09	-0.012756	0.00017178	0.094023	liquid
534.00	78.000	576.82	0.0017336	124.18	137.71	0.24347	2.6946	3.0827	626.70	-0.012539	0.00017068	0.093869	liquid
535.00	78.000	575.98	0.0017362	127.25	140.79	0.24924	2.6979	3.0863	624.31	-0.012321	0.00016960	0.093714	liquid
536.00	78.000	575.14	0.0017387	130.32	143.88	0.25501	2.7012	3.0899	621.93	-0.012101	0.00016852	0.093560	liquid
537.00	78.000	574.30	0.0017413	133.39	146.97	0.26077	2.7044	3.0934	619.55	-0.011880	0.00016744	0.093406	liquid
538.00	78.000	573.45	0.0017438	136.46	150.07	0.26653	2.7077	3.0970	617.18	-0.011657	0.00016638	0.093252	liquid
539.00	78.000	572.61	0.0017464	139.54	153.16	0.27228	2.7110	3.1005	614.81	-0.011432	0.00016532	0.093099	liquid
540.00	78.000	571.76	0.0017490	142.62	156.27	0.27803	2.7143	3.1041	612.45	-0.011206	0.00016427	0.092946	liquid
541.00	78.000	570.91	0.0017516	145.71	159.37	0.28378	2.7175	3.1076	610.09	-0.010978	0.00016322	0.092794	liquid
542.00	78.000	570.06	0.0017542	148.80	162.48	0.28952	2.7208	3.1111	607.73	-0.010749	0.00016218	0.092641	liquid
543.00	78.000	569.21	0.0017568	151.89	165.59	0.29526	2.7240	3.1147	605.38	-0.010518	0.00016115	0.092489	liquid
544.00	78.000	568.36	0.0017595	154.99	168.71	0.30099	2.7273	3.1182	603.04	-0.010285	0.00016012	0.092338	liquid
545.00	78.000	567.50	0.0017621	158.09	171.83	0.30672	2.7305	3.1217	600.69	-0.010051	0.00015910	0.092186	liquid
546.00	78.000	566.64	0.0017648	161.19	174.95	0.31245	2.7338	3.1253	598.35	-0.0098150	0.00015809	0.092035	liquid
547.00	78.000	565.79	0.0017675	164.30	178.08	0.31817	2.7370	3.1288	596.02	-0.0095772	0.00015709	0.091884	liquid
548.00	78.000	564.93	0.0017701	167.41	181.21	0.32389	2.7402	3.1323	593.69	-0.0093378	0.00015609	0.091734	liquid
549.00	78.000	564.06	0.0017728	170.52	184.35	0.32960	2.7434	3.1358	591.36	-0.0090966	0.00015509	0.091584	liquid
550.00	78.000	563.20	0.0017756	173.63	187.48	0.33531	2.7466	3.1393	589.04	-0.0088536	0.00015411	0.091434	liquid
551.00	78.000	562.34	0.0017783	176.75	190.62	0.34102	2.7499	3.1428	586.72	-0.0086089	0.00015313	0.091285	liquid
552.00	78.000	561.47	0.0017810	179.88	193.77	0.34672	2.7531	3.1463	584.41	-0.0083623	0.00015215	0.091136	liquid
553.00	78.000	560.60	0.0017838	183.00	196.92	0.35242	2.7563	3.1498	582.10	-0.0081140	0.00015118	0.090987	liquid
554.00	78.000	559.73	0.0017866	186.13	200.07	0.35811	2.7595	3.1533	579.80	-0.0078638	0.00015022	0.090839	liquid
555.00	78.000	558.86	0.0017893	189.27	203.22	0.36380	2.7627	3.1568	577.50	-0.0076117	0.00014926	0.090691	liquid
556.00	78.000	557.99	0.0017921	192.40	206.38	0.36949	2.7658	3.1603	575.20	-0.0073577	0.00014831	0.090543	liquid
557.00	78.000	557.12	0.0017950	195.54	209.54	0.37517	2.7690	3.1637	572.91	-0.0071019	0.00014737	0.090396	liquid
558.00	78.000	556.24	0.0017978	198.69	212.71	0.38085	2.7722	3.1672	570.63	-0.0068441	0.00014643	0.090249	liquid
559.00	78.000	555.36	0.0018006	201.83	215.88	0.38652	2.7754	3.1707	568.35	-0.0065844	0.00014550	0.090102	liquid
560.00	78.000	554.48	0.0018035	204.98	219.05	0.39219	2.7785	3.1741	566.07	-0.0063227	0.00014457	0.089956	liquid
561.00	78.000	553.60	0.0018063	208.14	222.23	0.39786	2.7817	3.1776	563.80	-0.0060591	0.00014365	0.089810	liquid
562.00	78.000	552.72	0.0018092	211.29	225.41	0.40352	2.7848	3.1811	561.53	-0.0057934	0.00014273	0.089664	liquid
563.00	78.000	551.84	0.0018121	214.45	228.59	0.40918	2.7880	3.1845	559.26	-0.0055258	0.00014182	0.089519	liquid
564.00	78.000	550.95	0.0018150	217.62	231.78	0.41483	2.7911	3.1879	557.01	-0.0052561	0.00014092	0.089374	liquid
565.00	78.000	550.06	0.0018180	220.79	234.97	0.42048	2.7943	3.1914	554.75	-0.0049843	0.00014002	0.089230	liquid
566.00	78.000	549.17	0.0018209	223.96	238.16	0.42613	2.7974	3.1948	552.50	-0.0047104	0.00013912	0.089086	liquid
567.00	78.000	548.28	0.0018239	227.13	241.36	0.43177	2.8005	3.1983	550.26	-0.0044345	0.00013823	0.088942	liquid
568.00	78.000	547.39	0.0018268	230.31	244.56	0.43741	2.8037	3.2017	548.02	-0.0041564	0.00013735	0.088799	liquid
569.00	78.000	546.50	0.0018298	233.49	247.76	0.44305	2.8068	3.2051	545.78	-0.0038762	0.00013647	0.088656	liquid
570.00	78.000	545.60	0.0018328	236.67	250.97	0.44868	2.8099	3.2085	543.55	-0.0035938	0.00013560	0.088513	liquid
571.00	78.000	544.70	0.0018359	239.86	254.18	0.45431	2.8130	3.2119	541.32	-0.0033092	0.00013473	0.088371	liquid
572.00	78.000	543.80	0.0018389	243.05	257.39	0.45993	2.8161	3.2153	539.10	-0.0030224	0.00013387	0.088230	liquid
573.00	78.000	542.90	0.0018420	246.24	260.61	0.46555	2.8192	3.2187	536.89	-0.0027334	0.00013301	0.088088	liquid
574.00	78.000	542.00	0.0018450	249.44	263.83	0.47116	2.8223	3.2221	534.68	-0.0024422	0.00013216	0.087947	liquid
575.00	78.000	541.09	0.0018481	252.64	267.05	0.47677	2.8254	3.2255	532.47	-0.0021486	0.00013131	0.087807	liquid
576.00	78.000	540.19	0.0018512	255.84	270.28	0.48238	2.8285	3.2289	530.27	-0.0018528	0.00013047	0.087667	liquid
577.00	78.000	539.28	0.0018543	259.04	273.51	0.48799	2.8316	3.2323	528.07	-0.0015546	0.00012964	0.087527	liquid
578.00	78.000	538.37	0.0018575	262.25	276.74	0.49359	2.8346	3.2357	525.88	-0.0012541	0.00012880	0.087388	liquid
579.00	78.000	537.46	0.0018606	265.47	279.98	0.49918	2.8377	3.2391	523.69	-0.00095125	0.00012798	0.087249	liquid
580.00	78.000	536.54	0.0018638	268.68	283.22	0.50477	2.8408	3.2424	521.51	-0.00064601	0.00012715	0.087110	liquid
581.00	78.000	535.63	0.0018670	271.90	286.46	0.51036	2.8438	3.2458	519.33	-0.00033835	0.00012634	0.086972	liquid
582.00	78.000	534.71	0.0018702	275.12	289.71	0.51595	2.8469	3.2491	517.16	-2.8262e-05	0.00012553	0.086835	liquid
583.00	78.000	533.79	0.0018734	278.35	292.96	0.52153	2.8499	3.2525	515.00	0.00028428	0.00012472	0.086698	liquid
584.00	78.000	532.87	0.0018766	281.58	296.22	0.52711	2.8530	3.2558	512.83	0.00059930	0.00012392	0.086561	liquid
585.00	78.000	531.95	0.0018799	284.81	299.47	0.53268	2.8560	3.2592	510.68	0.00091681	0.00012312	0.086425	liquid
586.00	78.000	531.02	0.0018832	288.05	302.74	0.53825	2.8591	3.2625	508.53	0.0012369	0.00012232	0.086289	liquid
587.00	78.000	530.10	0.0018865	291.29	306.00	0.54381	2.8621	3.2659	506.38	0.0015594	0.00012153	0.086153	liquid
588.00	78.000	529.17	0.0018898	294.53	309.27	0.54938	2.8651	3.2692	504.24	0.0018846	0.00012075	0.086018	liquid
589.00	78.000	528.24	0.0018931	297.77	312.54	0.55493	2.8681	3.2725	502.11	0.0022123	0.00011997	0.085884	liquid
590.00	78.000	527.30	0.0018964	301.02	315.81	0.56049	2.8711	3.2758	499.98	0.0025427	0.00011920	0.085750	liquid
591.00	78.000	526.37	0.0018998	304.27	319.09	0.56604	2.8742	3.2791	497.85	0.0028757	0.00011843	0.085616	liquid
592.00	78.000	525.43	0.0019032	307.53	322.37	0.57158	2.8772	3.2824	495.73	0.0032114	0.00011766	0.085483	liquid
593.00	78.000	524.50	0.0019066	310.78	325.65	0.57713	2.8802	3.2857	493.62	0.0035497	0.00011690	0.085351	liquid
594.00	78.000	523.56	0.0019100	314.04	328.94	0.58267	2.8831	3.2890	491.51	0.0038908	0.00011614	0.085218	liquid
595.00	78.000	522.62	0.0019134	317.31	332.23	0.58820	2.8861	3.2923	489.41	0.0042346	0.00011539	0.085087	liquid
596.00	78.000	521.67	0.0019169	320.57	335.53	0.59373	2.8891	3.2956	487.31	0.0045811	0.00011464	0.084956	liquid
597.00	78.000	520.73	0.0019204	323.84	338.82	0.59926	2.8921	3.2989	485.22	0.0049304	0.00011390	0.084825	liquid
598.00	78.000	519.78	0.0019239	327.12	342.12	0.60478	2.8951	3.3022	483.14	0.0052826	0.00011316	0.084695	liquid
599.00	78.000	518.83	0.0019274	330.39	345.43	0.61030	2.8980	3.3054	481.06	0.0056375	0.00011242	0.084565	liquid
600.00	78.000	517.88	0.0019309	333.67	348.74	0.61582	2.9010	3.3087	478.98	0.0059953	0.00011169	0.084436	liquid
601.00	78.000	516.93	0.0019345	336.96	352.05	0.62133	2.9040	3.3119	476.92	0.0063560	0.00011096	0.084307	liquid
602.00	78.000	515.97	0.0019381	340.24	355.36	0.62684	2.9069	3.3152	474.85	0.0067196	0.00011024	0.084179	liquid
603.00	78.000	515.02	0.0019417	343.53	358.68	0.63235	2.9099	3.3184	472.80	0.0070861	0.00010952	0.084051	liquid
604.00	78.000	514.06	0.0019453	346.82	362.00	0.63785	2.9128	3.3217	470.75	0.0074555	0.00010881	0.083924	liquid
605.00	78.000	513.10	0.0019489	350.12	365.32	0.64335	2.9158	3.3249	468.70	0.0078279	0.00010810	0.083797	liquid
606.00	78.000	512.14	0.0019526	353.42	368.65	0.64884	2.9187	3.3281	466.66	0.0082033	0.00010739	0.083671	liquid
607.00	78.000	511.17	0.0019563	356.72	371.98	0.65433	2.9216	3.3314	464.63	0.0085818	0.00010669	0.083546	liquid
608.00	78.000	510.21	0.0019600	360.02	375.31	0.65982	2.9245	3.3346	462.60	0.0089632	0.00010599	0.083420	liquid
609.00	78.000	509.24	0.0019637	363.33	378.64	0.66530	2.9275	3.3378	460.58	0.0093477	0.00010530	0.083296	liquid
610.00	78.000	508.27	0.0019675	366.64	381.98	0.67078	2.9304	3.3410	458.57	0.0097354	0.00010461	0.083172	liquid
611.00	78.000	507.30	0.0019712	369.95	385.33	0.67625	2.9333	3.3442	456.56	0.010126	0.00010392	0.083049	liquid
612.00	78.000	506.32	0.0019750	373.27	388.67	0.68172	2.9362	3.3474	454.56	0.010520	0.00010324	0.082926	liquid
613.00	78.000	505.35	0.0019788	376.59	392.02	0.68719	2.9391	3.3505	452.56	0.010917	0.00010256	0.082803	liquid
614.00	78.000	504.37	0.0019827	379.91	395.37	0.69266	2.9420	3.3537	450.57	0.011317	0.00010189	0.082682	liquid
615.00	78.000	503.39	0.0019865	383.23	398.73	0.69812	2.9449	3.3569	448.59	0.011721	0.00010122	0.082560	liquid
616.00	78.000	502.41	0.0019904	386.56	402.09	0.70357	2.9478	3.3600	446.61	0.012127	0.00010055	0.082440	liquid
617.00	78.000	501.42	0.0019943	389.89	405.45	0.70903	2.9506	3.3632	444.64	0.012537	9.9892e-05	0.082320	liquid
618.00	78.000	500.44	0.0019983	393.23	408.81	0.71447	2.9535	3.3663	442.68	0.012950	9.9234e-05	0.082200	liquid
619.00	78.000	499.45	0.0020022	396.56	412.18	0.71992	2.9564	3.3695	440.72	0.013367	9.8579e-05	0.082082	liquid
620.00	78.000	498.46	0.0020062	399.90	415.55	0.72536	2.9592	3.3726	438.77	0.013786	9.7929e-05	0.081963	liquid
621.00	78.000	497.47	0.0020102	403.25	418.93	0.73080	2.9621	3.3758	436.83	0.014210	9.7282e-05	0.081846	liquid
622.00	78.000	496.48	0.0020142	406.59	422.30	0.73623	2.9650	3.3789	434.89	0.014636	9.6639e-05	0.081729	liquid
623.00	78.000	495.48	0.0020182	409.94	425.68	0.74166	2.9678	3.3820	432.96	0.015066	9.6000e-05	0.081612	liquid
624.00	78.000	494.48	0.0020223	413.29	429.07	0.74709	2.9707	3.3851	431.03	0.015499	9.5364e-05	0.081496	liquid
625.00	78.000	493.49	0.0020264	416.65	432.45	0.75251	2.9735	3.3882	429.11	0.015936	9.4733e-05	0.081381	liquid
626.00	78.000	492.48	0.0020305	420.01	435.84	0.75793	2.9763	3.3913	427.20	0.016376	9.4105e-05	0.081267	liquid
627.00	78.000	491.48	0.0020347	423.37	439.24	0.76335	2.9792	3.3944	425.30	0.016820	9.3480e-05	0.081153	liquid
628.00	78.000	490.48	0.0020388	426.73	442.63	0.76876	2.9820	3.3975	423.40	0.017267	9.2860e-05	0.081039	liquid
629.00	78.000	489.47	0.0020430	430.10	446.03	0.77417	2.9848	3.4005	421.51	0.017717	9.2243e-05	0.080927	liquid
630.00	78.000	488.46	0.0020472	433.47	449.43	0.77957	2.9876	3.4036	419.63	0.018172	9.1629e-05	0.080815	liquid
631.00	78.000	487.45	0.0020515	436.84	452.84	0.78497	2.9904	3.4067	417.76	0.018629	9.1020e-05	0.080703	liquid
632.00	78.000	486.44	0.0020558	440.21	456.25	0.79037	2.9932	3.4097	415.89	0.019091	9.0414e-05	0.080592	liquid
633.00	78.000	485.42	0.0020601	443.59	459.66	0.79576	2.9960	3.4127	414.02	0.019555	8.9811e-05	0.080482	liquid
634.00	78.000	484.41	0.0020644	446.97	463.07	0.80115	2.9988	3.4158	412.17	0.020024	8.9212e-05	0.080373	liquid
635.00	78.000	483.39	0.0020687	450.35	466.49	0.80654	3.0016	3.4188	410.32	0.020496	8.8617e-05	0.080264	liquid
636.00	78.000	482.37	0.0020731	453.74	469.91	0.81192	3.0044	3.4218	408.48	0.020972	8.8025e-05	0.080156	liquid
637.00	78.000	481.35	0.0020775	457.13	473.33	0.81730	3.0072	3.4248	406.65	0.021452	8.7437e-05	0.080049	liquid
638.00	78.000	480.32	0.0020819	460.52	476.76	0.82267	3.0100	3.4278	404.82	0.021935	8.6853e-05	0.079942	liquid
639.00	78.000	479.30	0.0020864	463.92	480.19	0.82804	3.0127	3.4308	403.01	0.022422	8.6271e-05	0.079836	liquid
640.00	78.000	478.27	0.0020909	467.31	483.62	0.83341	3.0155	3.4338	401.20	0.022912	8.5694e-05	0.079731	liquid
641.00	78.000	477.24	0.0020954	470.71	487.06	0.83878	3.0182	3.4368	399.39	0.023407	8.5120e-05	0.079626	liquid
642.00	78.000	476.21	0.0020999	474.12	490.50	0.84414	3.0210	3.4398	397.60	0.023905	8.4549e-05	0.079522	liquid
643.00	78.000	475.18	0.0021045	477.52	493.94	0.84949	3.0238	3.4427	395.81	0.024407	8.3982e-05	0.079419	liquid
644.00	78.000	474.14	0.0021091	480.93	497.38	0.85484	3.0265	3.4457	394.03	0.024913	8.3418e-05	0.079316	liquid
645.00	78.000	473.11	0.0021137	484.34	500.83	0.86019	3.0292	3.4487	392.26	0.025423	8.2858e-05	0.079215	liquid
646.00	78.000	472.07	0.0021183	487.76	504.28	0.86554	3.0320	3.4516	390.49	0.025936	8.2301e-05	0.079113	liquid
647.00	78.000	471.03	0.0021230	491.17	507.73	0.87088	3.0347	3.4545	388.73	0.026453	8.1747e-05	0.079013	liquid
648.00	78.000	469.98	0.0021277	494.59	511.19	0.87622	3.0374	3.4574	386.98	0.026975	8.1197e-05	0.078914	liquid
649.00	78.000	468.94	0.0021325	498.01	514.65	0.88155	3.0401	3.4604	385.24	0.027500	8.0651e-05	0.078815	liquid
650.00	78.000	467.89	0.0021372	501.44	518.11	0.88688	3.0429	3.4633	383.51	0.028029	8.0107e-05	0.078717	liquid
651.00	78.000	466.85	0.0021420	504.86	521.57	0.89221	3.0456	3.4662	381.78	0.028562	7.9567e-05	0.078619	liquid
652.00	78.000	465.80	0.0021469	508.29	525.04	0.89753	3.0483	3.4691	380.06	0.029099	7.9031e-05	0.078523	liquid
653.00	78.000	464.75	0.0021517	511.73	528.51	0.90285	3.0510	3.4719	378.35	0.029640	7.8497e-05	0.078427	liquid
654.00	78.000	463.69	0.0021566	515.16	531.98	0.90816	3.0537	3.4748	376.65	0.030185	7.7967e-05	0.078332	liquid
655.00	78.000	462.64	0.0021615	518.60	535.46	0.91347	3.0563	3.4777	374.95	0.030734	7.7441e-05	0.078237	liquid
656.00	78.000	461.58	0.0021665	522.04	538.94	0.91878	3.0590	3.4805	373.27	0.031287	7.6917e-05	0.078144	liquid
657.00	78.000	460.52	0.0021714	525.48	542.42	0.92408	3.0617	3.4834	371.59	0.031843	7.6397e-05	0.078051	liquid
658.00	78.000	459.46	0.0021765	528.93	545.91	0.92938	3.0644	3.4862	369.92	0.032404	7.5881e-05	0.077959	liquid
659.00	78.000	458.40	0.0021815	532.38	549.39	0.93468	3.0671	3.4890	368.26	0.032969	7.5367e-05	0.077868	supercritical
660.00	78.000	457.34	0.0021866	535.83	552.88	0.93997	3.0697	3.4918	366.60	0.033539	7.4857e-05	0.077778	supercritical
661.00	78.000	456.27	0.0021917	539.28	556.38	0.94526	3.0724	3.4947	364.96	0.034112	7.4350e-05	0.077688	supercritical
662.00	78.000	455.21	0.0021968	542.74	559.87	0.95055	3.0750	3.4975	363.32	0.034689	7.3846e-05	0.077599	supercritical
663.00	78.000	454.14	0.0022020	546.20	563.37	0.95583	3.0777	3.5002	361.69	0.035270	7.3346e-05	0.077512	supercritical
664.00	78.000	453.07	0.0022072	549.66	566.87	0.96111	3.0803	3.5030	360.07	0.035856	7.2849e-05	0.077424	supercritical
665.00	78.000	452.00	0.0022124	553.12	570.38	0.96638	3.0829	3.5058	358.46	0.036445	7.2355e-05	0.077338	supercritical
666.00	78.000	450.92	0.0022177	556.59	573.89	0.97165	3.0856	3.5086	356.85	0.037039	7.1864e-05	0.077253	supercritical
667.00	78.000	449.85	0.0022230	560.06	577.40	0.97692	3.0882	3.5113	355.26	0.037637	7.1376e-05	0.077168	supercritical
668.00	78.000	448.77	0.0022283	563.53	580.91	0.98218	3.0908	3.5140	353.67	0.038239	7.0892e-05	0.077084	supercritical
669.00	78.000	447.70	0.0022337	567.00	584.42	0.98744	3.0934	3.5168	352.09	0.038845	7.0411e-05	0.077001	supercritical
670.00	78.000	446.62	0.0022391	570.48	587.94	0.99269	3.0961	3.5195	350.52	0.039455	6.9932e-05	0.076919	supercritical
671.00	78.000	445.54	0.0022445	573.96	591.46	0.99794	3.0987	3.5222	348.96	0.040070	6.9457e-05	0.076838	supercritical
672.00	78.000	444.45	0.0022500	577.44	594.99	1.0032	3.1013	3.5249	347.40	0.040689	6.8986e-05	0.076757	supercritical
673.00	78.000	443.37	0.0022555	580.92	598.51	1.0084	3.1039	3.5276	345.86	0.041312	6.8517e-05	0.076678	supercritical
674.00	78.000	442.28	0.0022610	584.41	602.04	1.0137	3.1064	3.5303	344.32	0.041939	6.8051e-05	0.076599	supercritical
675.00	78.000	441.20	0.0022666	587.89	605.57	1.0189	3.1090	3.5330	342.79	0.042570	6.7589e-05	0.076521	supercritical
676.00	78.000	440.11	0.0022722	591.38	609.11	1.0241	3.1116	3.5356	341.27	0.043206	6.7130e-05	0.076444	supercritical
677.00	78.000	439.02	0.0022778	594.88	612.64	1.0294	3.1142	3.5383	339.76	0.043846	6.6673e-05	0.076368	supercritical
678.00	78.000	437.93	0.0022835	598.37	616.18	1.0346	3.1167	3.5409	338.26	0.044490	6.6220e-05	0.076292	supercritical
679.00	78.000	436.84	0.0022892	601.87	619.73	1.0398	3.1193	3.5436	336.77	0.045138	6.5770e-05	0.076218	supercritical
680.00	78.000	435.74	0.0022949	605.37	623.27	1.0450	3.1219	3.5462	335.28	0.045791	6.5323e-05	0.076144	supercritical
681.00	78.000	434.65	0.0023007	608.87	626.82	1.0502	3.1244	3.5488	333.80	0.046447	6.4879e-05	0.076072	supercritical
682.00	78.000	433.55	0.0023065	612.38	630.37	1.0555	3.1270	3.5514	332.34	0.047108	6.4438e-05	0.076000	supercritical
683.00	78.000	432.46	0.0023124	615.89	633.92	1.0607	3.1295	3.5540	330.88	0.047774	6.4001e-05	0.075929	supercritical
684.00	78.000	431.36	0.0023183	619.39	637.48	1.0659	3.1320	3.5566	329.43	0.048443	6.3566e-05	0.075859	supercritical
685.00	78.000	430.26	0.0023242	622.91	641.03	1.0711	3.1346	3.5592	327.99	0.049117	6.3134e-05	0.075790	supercritical
686.00	78.000	429.16	0.0023302	626.42	644.60	1.0763	3.1371	3.5617	326.55	0.049795	6.2705e-05	0.075722	supercritical
687.00	78.000	428.05	0.0023362	629.94	648.16	1.0814	3.1396	3.5643	325.13	0.050477	6.2280e-05	0.075655	supercritical
688.00	78.000	426.95	0.0023422	633.45	651.72	1.0866	3.1421	3.5668	323.71	0.051164	6.1857e-05	0.075588	supercritical
689.00	78.000	425.85	0.0023483	636.98	655.29	1.0918	3.1446	3.5694	322.31	0.051855	6.1437e-05	0.075523	supercritical
690.00	78.000	424.74	0.0023544	640.50	658.86	1.0970	3.1471	3.5719	320.91	0.052550	6.1020e-05	0.075458	supercritical
691.00	78.000	423.63	0.0023605	644.02	662.44	1.1022	3.1496	3.5744	319.52	0.053249	6.0607e-05	0.075395	supercritical
692.00	78.000	422.52	0.0023667	647.55	666.01	1.1073	3.1521	3.5769	318.14	0.053953	6.0196e-05	0.075332	supercritical
693.00	78.000	421.42	0.0023730	651.08	669.59	1.1125	3.1546	3.5794	316.77	0.054661	5.9788e-05	0.075270	supercritical
694.00	78.000	420.31	0.0023792	654.61	673.17	1.1177	3.1571	3.5819	315.41	0.055373	5.9383e-05	0.075209	supercritical
695.00	78.000	419.19	0.0023855	658.15	676.75	1.1228	3.1595	3.5843	314.05	0.056089	5.8981e-05	0.075149	supercritical
696.00	78.000	418.08	0.0023919	661.68	680.34	1.1280	3.1620	3.5868	312.71	0.056810	5.8582e-05	0.075090	supercritical
697.00	78.000	416.97	0.0023983	665.22	683.93	1.1331	3.1645	3.5892	311.37	0.057535	5.8186e-05	0.075032	supercritical
698.00	78.000	415.86	0.0024047	668.76	687.52	1.1383	3.1669	3.5917	310.04	0.058264	5.7793e-05	0.074975	supercritical
699.00	78.000	414.74	0.0024111	672.30	691.11	1.1434	3.1694	3.5941	308.73	0.058997	5.7402e-05	0.074919	supercritical
700.00	78.000	413.63	0.0024176	675.85	694.71	1.1486	3.1718	3.5965	307.42	0.059734	5.7015e-05	0.074863	supercritical
