Temperature (K)	Pressure (bar)	Density (kg/m3)	Volume (m3/kg)	Internal Energy (kJ/kg)	Enthalpy (kJ/kg)	Entropy (J/g*K)	Cv (J/g*K)	Cp (J/g*K)	Sound Spd. (m/s)	Joule-Thomson (K/bar)	Viscosity (Pa*s)	Therm. Cond. (W/m*K)	Phase
277.00	157.00	771.08	0.0012969	-543.92	-523.55	-1.4402	1.7514	2.1429	1453.8	-0.045359	0.0025300	0.14539	liquid
278.00	157.00	770.38	0.0012981	-541.79	-521.41	-1.4325	1.7548	2.1456	1449.8	-0.045291	0.0024718	0.14515	liquid
279.00	157.00	769.68	0.0012992	-539.66	-519.26	-1.4248	1.7581	2.1483	1445.8	-0.045222	0.0024157	0.14492	liquid
280.00	157.00	768.99	0.0013004	-537.53	-517.11	-1.4171	1.7615	2.1511	1441.8	-0.045152	0.0023616	0.14469	liquid
281.00	157.00	768.29	0.0013016	-535.40	-514.96	-1.4094	1.7649	2.1538	1437.8	-0.045083	0.0023094	0.14445	liquid
282.00	157.00	767.60	0.0013028	-533.26	-512.81	-1.4018	1.7684	2.1566	1433.9	-0.045012	0.0022590	0.14422	liquid
283.00	157.00	766.90	0.0013039	-531.12	-510.65	-1.3942	1.7718	2.1595	1429.9	-0.044941	0.0022104	0.14399	liquid
284.00	157.00	766.21	0.0013051	-528.98	-508.49	-1.3865	1.7752	2.1623	1426.0	-0.044870	0.0021634	0.14376	liquid
285.00	157.00	765.52	0.0013063	-526.83	-506.32	-1.3789	1.7787	2.1652	1422.1	-0.044798	0.0021180	0.14353	liquid
286.00	157.00	764.83	0.0013075	-524.68	-504.16	-1.3713	1.7821	2.1680	1418.1	-0.044725	0.0020741	0.14330	liquid
287.00	157.00	764.14	0.0013087	-522.53	-501.99	-1.3638	1.7856	2.1709	1414.3	-0.044652	0.0020317	0.14308	liquid
288.00	157.00	763.45	0.0013098	-520.38	-499.82	-1.3562	1.7891	2.1739	1410.4	-0.044579	0.0019906	0.14285	liquid
289.00	157.00	762.76	0.0013110	-518.22	-497.64	-1.3487	1.7926	2.1768	1406.5	-0.044505	0.0019509	0.14262	liquid
290.00	157.00	762.07	0.0013122	-516.06	-495.46	-1.3411	1.7961	2.1798	1402.7	-0.044430	0.0019123	0.14240	liquid
291.00	157.00	761.38	0.0013134	-513.90	-493.28	-1.3336	1.7997	2.1827	1398.8	-0.044355	0.0018751	0.14217	liquid
292.00	157.00	760.69	0.0013146	-511.74	-491.10	-1.3261	1.8032	2.1857	1395.0	-0.044280	0.0018389	0.14194	liquid
293.00	157.00	760.01	0.0013158	-509.57	-488.91	-1.3187	1.8067	2.1887	1391.2	-0.044204	0.0018039	0.14172	liquid
294.00	157.00	759.32	0.0013170	-507.40	-486.72	-1.3112	1.8103	2.1918	1387.4	-0.044128	0.0017699	0.14150	liquid
295.00	157.00	758.64	0.0013182	-505.22	-484.53	-1.3038	1.8139	2.1948	1383.6	-0.044052	0.0017369	0.14127	liquid
296.00	157.00	757.95	0.0013193	-503.04	-482.33	-1.2963	1.8174	2.1979	1379.9	-0.043975	0.0017049	0.14105	liquid
297.00	157.00	757.27	0.0013205	-500.86	-480.13	-1.2889	1.8210	2.2009	1376.1	-0.043897	0.0016739	0.14083	liquid
298.00	157.00	756.58	0.0013217	-498.68	-477.93	-1.2815	1.8246	2.2040	1372.4	-0.043820	0.0016438	0.14061	liquid
299.00	157.00	755.90	0.0013229	-496.49	-475.72	-1.2741	1.8282	2.2071	1368.6	-0.043742	0.0016145	0.14039	liquid
300.00	157.00	755.22	0.0013241	-494.30	-473.51	-1.2667	1.8318	2.2103	1364.9	-0.043663	0.0015860	0.14017	liquid
301.00	157.00	754.53	0.0013253	-492.11	-471.30	-1.2594	1.8355	2.2134	1361.2	-0.043584	0.0015584	0.13995	liquid
302.00	157.00	753.85	0.0013265	-489.91	-469.09	-1.2520	1.8391	2.2166	1357.5	-0.043505	0.0015315	0.13973	liquid
303.00	157.00	753.17	0.0013277	-487.71	-466.87	-1.2447	1.8427	2.2197	1353.9	-0.043425	0.0015054	0.13951	liquid
304.00	157.00	752.49	0.0013289	-485.51	-464.65	-1.2374	1.8464	2.2229	1350.2	-0.043346	0.0014799	0.13930	liquid
305.00	157.00	751.81	0.0013301	-483.31	-462.42	-1.2301	1.8500	2.2261	1346.5	-0.043265	0.0014552	0.13908	liquid
306.00	157.00	751.13	0.0013313	-481.10	-460.19	-1.2228	1.8537	2.2293	1342.9	-0.043185	0.0014311	0.13886	liquid
307.00	157.00	750.45	0.0013325	-478.88	-457.96	-1.2155	1.8574	2.2326	1339.3	-0.043104	0.0014077	0.13865	liquid
308.00	157.00	749.77	0.0013337	-476.67	-455.73	-1.2082	1.8610	2.2358	1335.7	-0.043023	0.0013849	0.13843	liquid
309.00	157.00	749.09	0.0013349	-474.45	-453.49	-1.2010	1.8647	2.2390	1332.1	-0.042941	0.0013626	0.13822	liquid
310.00	157.00	748.41	0.0013362	-472.23	-451.25	-1.1937	1.8684	2.2423	1328.5	-0.042859	0.0013410	0.13800	liquid
311.00	157.00	747.74	0.0013374	-470.00	-449.01	-1.1865	1.8721	2.2456	1324.9	-0.042777	0.0013199	0.13779	liquid
312.00	157.00	747.06	0.0013386	-467.78	-446.76	-1.1793	1.8758	2.2489	1321.3	-0.042695	0.0012993	0.13758	liquid
313.00	157.00	746.38	0.0013398	-465.54	-444.51	-1.1721	1.8796	2.2522	1317.8	-0.042612	0.0012793	0.13737	liquid
314.00	157.00	745.71	0.0013410	-463.31	-442.26	-1.1649	1.8833	2.2555	1314.2	-0.042529	0.0012597	0.13715	liquid
315.00	157.00	745.03	0.0013422	-461.07	-440.00	-1.1577	1.8870	2.2588	1310.7	-0.042445	0.0012406	0.13694	liquid
316.00	157.00	744.36	0.0013434	-458.83	-437.74	-1.1506	1.8907	2.2622	1307.2	-0.042362	0.0012220	0.13673	liquid
317.00	157.00	743.68	0.0013447	-456.59	-435.47	-1.1434	1.8945	2.2655	1303.6	-0.042278	0.0012039	0.13652	liquid
318.00	157.00	743.01	0.0013459	-454.34	-433.21	-1.1363	1.8982	2.2689	1300.1	-0.042194	0.0011861	0.13631	liquid
319.00	157.00	742.33	0.0013471	-452.09	-430.94	-1.1291	1.9020	2.2723	1296.7	-0.042109	0.0011688	0.13610	liquid
320.00	157.00	741.66	0.0013483	-449.83	-428.66	-1.1220	1.9057	2.2756	1293.2	-0.042025	0.0011520	0.13590	liquid
321.00	157.00	740.98	0.0013496	-447.57	-426.39	-1.1149	1.9095	2.2790	1289.7	-0.041940	0.0011355	0.13569	liquid
322.00	157.00	740.31	0.0013508	-445.31	-424.10	-1.1078	1.9133	2.2825	1286.3	-0.041855	0.0011193	0.13548	liquid
323.00	157.00	739.64	0.0013520	-443.05	-421.82	-1.1007	1.9171	2.2859	1282.8	-0.041769	0.0011036	0.13527	liquid
324.00	157.00	738.96	0.0013532	-440.78	-419.53	-1.0937	1.9208	2.2893	1279.4	-0.041684	0.0010882	0.13507	liquid
325.00	157.00	738.29	0.0013545	-438.51	-417.24	-1.0866	1.9246	2.2927	1276.0	-0.041598	0.0010732	0.13486	liquid
326.00	157.00	737.62	0.0013557	-436.23	-414.95	-1.0796	1.9284	2.2962	1272.6	-0.041512	0.0010585	0.13466	liquid
327.00	157.00	736.95	0.0013569	-433.95	-412.65	-1.0725	1.9322	2.2996	1269.2	-0.041426	0.0010441	0.13445	liquid
328.00	157.00	736.28	0.0013582	-431.67	-410.35	-1.0655	1.9360	2.3031	1265.8	-0.041339	0.0010300	0.13425	liquid
329.00	157.00	735.61	0.0013594	-429.39	-408.04	-1.0585	1.9398	2.3066	1262.4	-0.041252	0.0010163	0.13404	liquid
330.00	157.00	734.94	0.0013607	-427.10	-405.73	-1.0515	1.9436	2.3101	1259.0	-0.041165	0.0010028	0.13384	liquid
331.00	157.00	734.27	0.0013619	-424.80	-403.42	-1.0445	1.9474	2.3135	1255.7	-0.041078	0.00098968	0.13364	liquid
332.00	157.00	733.59	0.0013632	-422.51	-401.11	-1.0375	1.9512	2.3170	1252.3	-0.040991	0.00097680	0.13343	liquid
333.00	157.00	732.92	0.0013644	-420.21	-398.79	-1.0305	1.9551	2.3206	1249.0	-0.040903	0.00096419	0.13323	liquid
334.00	157.00	732.26	0.0013656	-417.91	-396.47	-1.0236	1.9589	2.3241	1245.6	-0.040816	0.00095185	0.13303	liquid
335.00	157.00	731.59	0.0013669	-415.60	-394.14	-1.0166	1.9627	2.3276	1242.3	-0.040728	0.00093977	0.13283	liquid
336.00	157.00	730.92	0.0013681	-413.29	-391.81	-1.0097	1.9666	2.3311	1239.0	-0.040640	0.00092793	0.13263	liquid
337.00	157.00	730.25	0.0013694	-410.98	-389.48	-1.0027	1.9704	2.3347	1235.7	-0.040551	0.00091634	0.13243	liquid
338.00	157.00	729.58	0.0013707	-408.66	-387.14	-0.99581	1.9742	2.3382	1232.4	-0.040463	0.00090498	0.13223	liquid
339.00	157.00	728.91	0.0013719	-406.34	-384.80	-0.98890	1.9781	2.3418	1229.1	-0.040374	0.00089386	0.13203	liquid
340.00	157.00	728.24	0.0013732	-404.02	-382.46	-0.98200	1.9819	2.3453	1225.9	-0.040285	0.00088295	0.13183	liquid
341.00	157.00	727.57	0.0013744	-401.69	-380.11	-0.97510	1.9858	2.3489	1222.6	-0.040196	0.00087227	0.13163	liquid
342.00	157.00	726.91	0.0013757	-399.36	-377.76	-0.96822	1.9896	2.3525	1219.3	-0.040107	0.00086179	0.13143	liquid
343.00	157.00	726.24	0.0013770	-397.02	-375.41	-0.96135	1.9935	2.3561	1216.1	-0.040018	0.00085152	0.13124	liquid
344.00	157.00	725.57	0.0013782	-394.69	-373.05	-0.95448	1.9973	2.3597	1212.9	-0.039928	0.00084145	0.13104	liquid
345.00	157.00	724.90	0.0013795	-392.34	-370.69	-0.94763	2.0012	2.3633	1209.6	-0.039838	0.00083158	0.13084	liquid
346.00	157.00	724.24	0.0013808	-390.00	-368.32	-0.94078	2.0050	2.3669	1206.4	-0.039748	0.00082189	0.13065	liquid
347.00	157.00	723.57	0.0013820	-387.65	-365.95	-0.93394	2.0089	2.3705	1203.2	-0.039658	0.00081239	0.13045	liquid
348.00	157.00	722.90	0.0013833	-385.30	-363.58	-0.92712	2.0128	2.3741	1200.0	-0.039568	0.00080307	0.13026	liquid
349.00	157.00	722.24	0.0013846	-382.94	-361.21	-0.92030	2.0166	2.3777	1196.8	-0.039478	0.00079392	0.13006	liquid
350.00	157.00	721.57	0.0013859	-380.58	-358.83	-0.91349	2.0205	2.3813	1193.7	-0.039387	0.00078495	0.12987	liquid
351.00	157.00	720.90	0.0013871	-378.22	-356.44	-0.90669	2.0244	2.3850	1190.5	-0.039297	0.00077613	0.12967	liquid
352.00	157.00	720.24	0.0013884	-375.85	-354.06	-0.89990	2.0282	2.3886	1187.3	-0.039206	0.00076749	0.12948	liquid
353.00	157.00	719.57	0.0013897	-373.48	-351.67	-0.89312	2.0321	2.3922	1184.2	-0.039115	0.00075900	0.12929	liquid
354.00	157.00	718.91	0.0013910	-371.11	-349.27	-0.88635	2.0360	2.3959	1181.0	-0.039024	0.00075066	0.12909	liquid
355.00	157.00	718.24	0.0013923	-368.73	-346.87	-0.87959	2.0399	2.3995	1177.9	-0.038933	0.00074247	0.12890	liquid
356.00	157.00	717.57	0.0013936	-366.35	-344.47	-0.87283	2.0437	2.4032	1174.8	-0.038841	0.00073443	0.12871	liquid
357.00	157.00	716.91	0.0013949	-363.97	-342.07	-0.86608	2.0476	2.4069	1171.7	-0.038750	0.00072653	0.12852	liquid
358.00	157.00	716.24	0.0013962	-361.58	-339.66	-0.85935	2.0515	2.4105	1168.5	-0.038658	0.00071877	0.12833	liquid
359.00	157.00	715.58	0.0013975	-359.19	-337.25	-0.85262	2.0554	2.4142	1165.4	-0.038566	0.00071115	0.12814	liquid
360.00	157.00	714.91	0.0013988	-356.79	-334.83	-0.84590	2.0593	2.4179	1162.3	-0.038474	0.00070365	0.12795	liquid
361.00	157.00	714.25	0.0014001	-354.39	-332.41	-0.83919	2.0631	2.4215	1159.3	-0.038382	0.00069629	0.12776	liquid
362.00	157.00	713.58	0.0014014	-351.99	-329.99	-0.83248	2.0670	2.4252	1156.2	-0.038290	0.00068905	0.12757	liquid
363.00	157.00	712.92	0.0014027	-349.58	-327.56	-0.82579	2.0709	2.4289	1153.1	-0.038197	0.00068194	0.12738	liquid
364.00	157.00	712.25	0.0014040	-347.17	-325.13	-0.81910	2.0748	2.4326	1150.1	-0.038105	0.00067494	0.12719	liquid
365.00	157.00	711.59	0.0014053	-344.76	-322.69	-0.81242	2.0787	2.4363	1147.0	-0.038012	0.00066807	0.12700	liquid
366.00	157.00	710.92	0.0014066	-342.34	-320.26	-0.80575	2.0826	2.4400	1144.0	-0.037920	0.00066130	0.12681	liquid
367.00	157.00	710.26	0.0014079	-339.92	-317.81	-0.79909	2.0864	2.4437	1140.9	-0.037827	0.00065465	0.12663	liquid
368.00	157.00	709.59	0.0014093	-337.49	-315.37	-0.79243	2.0903	2.4474	1137.9	-0.037734	0.00064811	0.12644	liquid
369.00	157.00	708.93	0.0014106	-335.07	-312.92	-0.78579	2.0942	2.4511	1134.9	-0.037641	0.00064168	0.12625	liquid
370.00	157.00	708.27	0.0014119	-332.63	-310.47	-0.77915	2.0981	2.4548	1131.9	-0.037547	0.00063535	0.12607	liquid
371.00	157.00	707.60	0.0014132	-330.20	-308.01	-0.77252	2.1020	2.4585	1128.9	-0.037454	0.00062912	0.12588	liquid
372.00	157.00	706.94	0.0014146	-327.76	-305.55	-0.76589	2.1059	2.4622	1125.9	-0.037360	0.00062299	0.12569	liquid
373.00	157.00	706.27	0.0014159	-325.32	-303.09	-0.75928	2.1098	2.4660	1122.9	-0.037267	0.00061695	0.12551	liquid
374.00	157.00	705.61	0.0014172	-322.87	-300.62	-0.75267	2.1136	2.4697	1119.9	-0.037173	0.00061102	0.12532	liquid
375.00	157.00	704.94	0.0014186	-320.42	-298.15	-0.74607	2.1175	2.4734	1116.9	-0.037079	0.00060517	0.12514	liquid
376.00	157.00	704.28	0.0014199	-317.96	-295.67	-0.73948	2.1214	2.4771	1114.0	-0.036985	0.00059942	0.12495	liquid
377.00	157.00	703.61	0.0014212	-315.51	-293.19	-0.73290	2.1253	2.4809	1111.0	-0.036891	0.00059376	0.12477	liquid
378.00	157.00	702.95	0.0014226	-313.04	-290.71	-0.72632	2.1292	2.4846	1108.1	-0.036796	0.00058818	0.12459	liquid
379.00	157.00	702.28	0.0014239	-310.58	-288.22	-0.71975	2.1331	2.4883	1105.1	-0.036702	0.00058269	0.12440	liquid
380.00	157.00	701.62	0.0014253	-308.11	-285.73	-0.71319	2.1369	2.4921	1102.2	-0.036608	0.00057728	0.12422	liquid
381.00	157.00	700.96	0.0014266	-305.64	-283.24	-0.70663	2.1408	2.4958	1099.3	-0.036513	0.00057195	0.12404	liquid
382.00	157.00	700.29	0.0014280	-303.16	-280.74	-0.70009	2.1447	2.4995	1096.3	-0.036418	0.00056670	0.12386	liquid
383.00	157.00	699.63	0.0014293	-300.68	-278.24	-0.69355	2.1486	2.5033	1093.4	-0.036323	0.00056153	0.12368	liquid
384.00	157.00	698.96	0.0014307	-298.20	-275.73	-0.68701	2.1525	2.5070	1090.5	-0.036228	0.00055644	0.12349	liquid
385.00	157.00	698.30	0.0014321	-295.71	-273.23	-0.68049	2.1563	2.5108	1087.6	-0.036133	0.00055142	0.12331	liquid
386.00	157.00	697.63	0.0014334	-293.22	-270.71	-0.67397	2.1602	2.5145	1084.7	-0.036038	0.00054648	0.12313	liquid
387.00	157.00	696.97	0.0014348	-290.72	-268.20	-0.66746	2.1641	2.5183	1081.8	-0.035942	0.00054160	0.12295	liquid
388.00	157.00	696.30	0.0014362	-288.22	-265.68	-0.66096	2.1680	2.5220	1079.0	-0.035847	0.00053680	0.12277	liquid
389.00	157.00	695.64	0.0014375	-285.72	-263.15	-0.65446	2.1718	2.5258	1076.1	-0.035751	0.00053206	0.12259	liquid
390.00	157.00	694.97	0.0014389	-283.22	-260.63	-0.64797	2.1757	2.5295	1073.2	-0.035655	0.00052739	0.12241	liquid
391.00	157.00	694.31	0.0014403	-280.71	-258.09	-0.64149	2.1796	2.5333	1070.4	-0.035560	0.00052279	0.12223	liquid
392.00	157.00	693.64	0.0014417	-278.19	-255.56	-0.63501	2.1834	2.5370	1067.5	-0.035464	0.00051826	0.12206	liquid
393.00	157.00	692.98	0.0014430	-275.68	-253.02	-0.62854	2.1873	2.5408	1064.7	-0.035367	0.00051378	0.12188	liquid
394.00	157.00	692.31	0.0014444	-273.15	-250.48	-0.62208	2.1911	2.5445	1061.9	-0.035271	0.00050937	0.12170	liquid
395.00	157.00	691.65	0.0014458	-270.63	-247.93	-0.61563	2.1950	2.5483	1059.0	-0.035175	0.00050502	0.12152	liquid
396.00	157.00	690.98	0.0014472	-268.10	-245.38	-0.60918	2.1989	2.5520	1056.2	-0.035078	0.00050073	0.12135	liquid
397.00	157.00	690.32	0.0014486	-265.57	-242.83	-0.60274	2.2027	2.5558	1053.4	-0.034982	0.00049649	0.12117	liquid
398.00	157.00	689.65	0.0014500	-263.03	-240.27	-0.59631	2.2066	2.5595	1050.6	-0.034885	0.00049232	0.12099	liquid
399.00	157.00	688.98	0.0014514	-260.49	-237.71	-0.58988	2.2104	2.5633	1047.8	-0.034788	0.00048820	0.12082	liquid
400.00	157.00	688.32	0.0014528	-257.95	-235.14	-0.58346	2.2143	2.5670	1045.0	-0.034691	0.00048413	0.12064	liquid
401.00	157.00	687.65	0.0014542	-255.40	-232.57	-0.57704	2.2181	2.5708	1042.2	-0.034594	0.00048012	0.12046	liquid
402.00	157.00	686.99	0.0014556	-252.85	-230.00	-0.57063	2.2220	2.5745	1039.4	-0.034496	0.00047616	0.12029	liquid
403.00	157.00	686.32	0.0014570	-250.30	-227.42	-0.56423	2.2258	2.5783	1036.7	-0.034399	0.00047226	0.12011	liquid
404.00	157.00	685.65	0.0014585	-247.74	-224.84	-0.55784	2.2297	2.5821	1033.9	-0.034302	0.00046840	0.11994	liquid
405.00	157.00	684.99	0.0014599	-245.18	-222.26	-0.55145	2.2335	2.5858	1031.1	-0.034204	0.00046460	0.11977	liquid
406.00	157.00	684.32	0.0014613	-242.62	-219.67	-0.54507	2.2373	2.5896	1028.4	-0.034106	0.00046084	0.11959	liquid
407.00	157.00	683.65	0.0014627	-240.05	-217.08	-0.53869	2.2412	2.5933	1025.6	-0.034008	0.00045713	0.11942	liquid
408.00	157.00	682.99	0.0014642	-237.47	-214.49	-0.53233	2.2450	2.5971	1022.9	-0.033910	0.00045347	0.11924	liquid
409.00	157.00	682.32	0.0014656	-234.90	-211.89	-0.52596	2.2488	2.6008	1020.2	-0.033812	0.00044986	0.11907	liquid
410.00	157.00	681.65	0.0014670	-232.32	-209.28	-0.51961	2.2527	2.6046	1017.4	-0.033713	0.00044629	0.11890	liquid
411.00	157.00	680.98	0.0014685	-229.73	-206.68	-0.51326	2.2565	2.6083	1014.7	-0.033615	0.00044276	0.11873	liquid
412.00	157.00	680.32	0.0014699	-227.15	-204.07	-0.50692	2.2603	2.6121	1012.0	-0.033516	0.00043928	0.11855	liquid
413.00	157.00	679.65	0.0014714	-224.55	-201.45	-0.50058	2.2641	2.6158	1009.3	-0.033418	0.00043584	0.11838	liquid
414.00	157.00	678.98	0.0014728	-221.96	-198.84	-0.49425	2.2679	2.6196	1006.6	-0.033319	0.00043245	0.11821	liquid
415.00	157.00	678.31	0.0014742	-219.36	-196.21	-0.48792	2.2717	2.6233	1003.9	-0.033220	0.00042909	0.11804	liquid
416.00	157.00	677.64	0.0014757	-216.76	-193.59	-0.48161	2.2756	2.6271	1001.2	-0.033120	0.00042578	0.11787	liquid
417.00	157.00	676.97	0.0014772	-214.15	-190.96	-0.47529	2.2794	2.6308	998.51	-0.033021	0.00042251	0.11770	liquid
418.00	157.00	676.31	0.0014786	-211.54	-188.33	-0.46899	2.2832	2.6346	995.83	-0.032922	0.00041927	0.11753	liquid
419.00	157.00	675.64	0.0014801	-208.93	-185.69	-0.46269	2.2870	2.6383	993.16	-0.032822	0.00041608	0.11736	liquid
420.00	157.00	674.97	0.0014816	-206.31	-183.05	-0.45639	2.2908	2.6420	990.49	-0.032722	0.00041292	0.11719	liquid
421.00	157.00	674.30	0.0014830	-203.69	-180.41	-0.45011	2.2946	2.6458	987.83	-0.032622	0.00040980	0.11702	liquid
422.00	157.00	673.63	0.0014845	-201.07	-177.76	-0.44383	2.2983	2.6495	985.18	-0.032522	0.00040671	0.11685	liquid
423.00	157.00	672.96	0.0014860	-198.44	-175.11	-0.43755	2.3021	2.6533	982.53	-0.032422	0.00040366	0.11668	liquid
424.00	157.00	672.29	0.0014875	-195.81	-172.45	-0.43128	2.3059	2.6570	979.89	-0.032322	0.00040065	0.11651	liquid
425.00	157.00	671.62	0.0014889	-193.17	-169.79	-0.42502	2.3097	2.6607	977.25	-0.032221	0.00039767	0.11635	liquid
426.00	157.00	670.95	0.0014904	-190.53	-167.13	-0.41876	2.3135	2.6645	974.63	-0.032120	0.00039473	0.11618	liquid
427.00	157.00	670.28	0.0014919	-187.89	-164.47	-0.41251	2.3172	2.6682	972.00	-0.032020	0.00039182	0.11601	liquid
428.00	157.00	669.61	0.0014934	-185.24	-161.80	-0.40626	2.3210	2.6719	969.39	-0.031919	0.00038894	0.11584	liquid
429.00	157.00	668.94	0.0014949	-182.59	-159.12	-0.40002	2.3248	2.6756	966.77	-0.031817	0.00038609	0.11568	liquid
430.00	157.00	668.26	0.0014964	-179.94	-156.44	-0.39379	2.3285	2.6794	964.17	-0.031716	0.00038328	0.11551	liquid
431.00	157.00	667.59	0.0014979	-177.28	-153.76	-0.38756	2.3323	2.6831	961.57	-0.031615	0.00038050	0.11534	liquid
432.00	157.00	666.92	0.0014994	-174.62	-151.08	-0.38134	2.3361	2.6868	958.98	-0.031513	0.00037775	0.11518	liquid
433.00	157.00	666.25	0.0015009	-171.95	-148.39	-0.37512	2.3398	2.6905	956.39	-0.031411	0.00037503	0.11501	liquid
434.00	157.00	665.58	0.0015025	-169.29	-145.70	-0.36891	2.3436	2.6942	953.81	-0.031309	0.00037233	0.11485	liquid
435.00	157.00	664.90	0.0015040	-166.61	-143.00	-0.36271	2.3473	2.6980	951.23	-0.031207	0.00036967	0.11468	liquid
436.00	157.00	664.23	0.0015055	-163.94	-140.30	-0.35651	2.3510	2.7017	948.66	-0.031105	0.00036704	0.11452	liquid
437.00	157.00	663.56	0.0015070	-161.26	-137.60	-0.35031	2.3548	2.7054	946.10	-0.031002	0.00036443	0.11435	liquid
438.00	157.00	662.88	0.0015086	-158.57	-134.89	-0.34412	2.3585	2.7091	943.54	-0.030900	0.00036186	0.11419	liquid
439.00	157.00	662.21	0.0015101	-155.89	-132.18	-0.33794	2.3622	2.7128	940.99	-0.030797	0.00035931	0.11402	liquid
440.00	157.00	661.54	0.0015116	-153.20	-129.46	-0.33177	2.3660	2.7165	938.44	-0.030694	0.00035679	0.11386	liquid
441.00	157.00	660.86	0.0015132	-150.50	-126.75	-0.32559	2.3697	2.7202	935.90	-0.030591	0.00035429	0.11370	liquid
442.00	157.00	660.19	0.0015147	-147.81	-124.02	-0.31943	2.3734	2.7239	933.36	-0.030487	0.00035182	0.11354	liquid
443.00	157.00	659.51	0.0015163	-145.10	-121.30	-0.31327	2.3771	2.7276	930.83	-0.030384	0.00034938	0.11337	liquid
444.00	157.00	658.84	0.0015178	-142.40	-118.57	-0.30711	2.3808	2.7313	928.31	-0.030280	0.00034696	0.11321	liquid
445.00	157.00	658.16	0.0015194	-139.69	-115.84	-0.30097	2.3845	2.7350	925.79	-0.030176	0.00034456	0.11305	liquid
446.00	157.00	657.49	0.0015209	-136.98	-113.10	-0.29482	2.3882	2.7387	923.28	-0.030072	0.00034219	0.11289	liquid
447.00	157.00	656.81	0.0015225	-134.26	-110.36	-0.28868	2.3919	2.7423	920.77	-0.029968	0.00033985	0.11272	liquid
448.00	157.00	656.13	0.0015241	-131.54	-107.61	-0.28255	2.3956	2.7460	918.27	-0.029863	0.00033753	0.11256	liquid
449.00	157.00	655.46	0.0015257	-128.82	-104.87	-0.27643	2.3993	2.7497	915.77	-0.029758	0.00033523	0.11240	liquid
450.00	157.00	654.78	0.0015272	-126.09	-102.11	-0.27030	2.4030	2.7534	913.28	-0.029653	0.00033296	0.11224	liquid
451.00	157.00	654.10	0.0015288	-123.36	-99.360	-0.26419	2.4067	2.7570	910.79	-0.029548	0.00033070	0.11208	liquid
452.00	157.00	653.42	0.0015304	-120.63	-96.601	-0.25808	2.4104	2.7607	908.31	-0.029443	0.00032847	0.11192	liquid
453.00	157.00	652.75	0.0015320	-117.89	-93.838	-0.25197	2.4140	2.7644	905.84	-0.029338	0.00032627	0.11176	liquid
454.00	157.00	652.07	0.0015336	-115.15	-91.072	-0.24587	2.4177	2.7680	903.37	-0.029232	0.00032408	0.11160	liquid
455.00	157.00	651.39	0.0015352	-112.40	-88.302	-0.23978	2.4214	2.7717	900.91	-0.029126	0.00032192	0.11144	liquid
456.00	157.00	650.71	0.0015368	-109.66	-85.529	-0.23369	2.4250	2.7753	898.45	-0.029020	0.00031977	0.11128	liquid
457.00	157.00	650.03	0.0015384	-106.90	-82.751	-0.22761	2.4287	2.7790	896.00	-0.028914	0.00031765	0.11113	liquid
458.00	157.00	649.35	0.0015400	-104.15	-79.971	-0.22153	2.4323	2.7826	893.55	-0.028807	0.00031555	0.11097	liquid
459.00	157.00	648.67	0.0015416	-101.39	-77.186	-0.21546	2.4360	2.7863	891.11	-0.028700	0.00031347	0.11081	liquid
460.00	157.00	647.99	0.0015432	-98.627	-74.398	-0.20939	2.4396	2.7899	888.68	-0.028594	0.00031140	0.11065	liquid
461.00	157.00	647.31	0.0015449	-95.861	-71.606	-0.20333	2.4432	2.7936	886.25	-0.028486	0.00030936	0.11049	liquid
462.00	157.00	646.63	0.0015465	-93.091	-68.811	-0.19727	2.4469	2.7972	883.82	-0.028379	0.00030734	0.11034	liquid
463.00	157.00	645.95	0.0015481	-90.317	-66.012	-0.19122	2.4505	2.8008	881.40	-0.028271	0.00030533	0.11018	liquid
464.00	157.00	645.27	0.0015497	-87.540	-63.209	-0.18517	2.4541	2.8045	878.99	-0.028164	0.00030335	0.11002	liquid
465.00	157.00	644.58	0.0015514	-84.760	-60.403	-0.17913	2.4577	2.8081	876.58	-0.028056	0.00030138	0.10987	liquid
466.00	157.00	643.90	0.0015530	-81.976	-57.593	-0.17309	2.4614	2.8117	874.17	-0.027947	0.00029943	0.10971	liquid
467.00	157.00	643.22	0.0015547	-79.188	-54.780	-0.16706	2.4650	2.8153	871.78	-0.027839	0.00029750	0.10956	liquid
468.00	157.00	642.54	0.0015563	-76.397	-51.962	-0.16103	2.4686	2.8189	869.38	-0.027730	0.00029559	0.10940	liquid
469.00	157.00	641.85	0.0015580	-73.602	-49.142	-0.15501	2.4722	2.8225	867.00	-0.027621	0.00029369	0.10925	liquid
470.00	157.00	641.17	0.0015597	-70.804	-46.317	-0.14900	2.4758	2.8262	864.61	-0.027512	0.00029182	0.10909	liquid
471.00	157.00	640.48	0.0015613	-68.002	-43.489	-0.14299	2.4793	2.8298	862.24	-0.027403	0.00028995	0.10894	liquid
472.00	157.00	639.80	0.0015630	-65.197	-40.658	-0.13698	2.4829	2.8333	859.87	-0.027293	0.00028811	0.10878	liquid
473.00	157.00	639.11	0.0015647	-62.388	-37.823	-0.13098	2.4865	2.8369	857.50	-0.027183	0.00028628	0.10863	liquid
474.00	157.00	638.43	0.0015663	-59.576	-34.984	-0.12499	2.4901	2.8405	855.14	-0.027073	0.00028447	0.10847	liquid
475.00	157.00	637.74	0.0015680	-56.760	-32.142	-0.11900	2.4937	2.8441	852.78	-0.026963	0.00028267	0.10832	liquid
476.00	157.00	637.06	0.0015697	-53.940	-29.296	-0.11301	2.4972	2.8477	850.43	-0.026852	0.00028089	0.10817	liquid
477.00	157.00	636.37	0.0015714	-51.117	-26.446	-0.10703	2.5008	2.8513	848.09	-0.026741	0.00027913	0.10802	liquid
478.00	157.00	635.68	0.0015731	-48.291	-23.593	-0.10106	2.5043	2.8548	845.75	-0.026630	0.00027738	0.10786	liquid
479.00	157.00	635.00	0.0015748	-45.461	-20.737	-0.095086	2.5079	2.8584	843.42	-0.026519	0.00027565	0.10771	liquid
480.00	157.00	634.31	0.0015765	-42.628	-17.876	-0.089121	2.5114	2.8620	841.09	-0.026407	0.00027393	0.10756	liquid
481.00	157.00	633.62	0.0015782	-39.791	-15.013	-0.083161	2.5150	2.8655	838.76	-0.026295	0.00027223	0.10741	liquid
482.00	157.00	632.93	0.0015800	-36.951	-12.145	-0.077206	2.5185	2.8691	836.44	-0.026183	0.00027054	0.10726	liquid
483.00	157.00	632.24	0.0015817	-34.107	-9.2744	-0.071257	2.5220	2.8726	834.13	-0.026071	0.00026886	0.10711	liquid
484.00	157.00	631.55	0.0015834	-31.259	-6.4000	-0.065312	2.5256	2.8762	831.82	-0.025958	0.00026720	0.10695	liquid
485.00	157.00	630.86	0.0015851	-28.409	-3.5221	-0.059371	2.5291	2.8797	829.52	-0.025845	0.00026556	0.10680	liquid
486.00	157.00	630.17	0.0015869	-25.554	-0.64058	-0.053436	2.5326	2.8833	827.22	-0.025732	0.00026392	0.10665	liquid
487.00	157.00	629.48	0.0015886	-22.697	2.2444	-0.047506	2.5361	2.8868	824.93	-0.025618	0.00026230	0.10650	liquid
488.00	157.00	628.79	0.0015904	-19.836	5.1330	-0.041581	2.5396	2.8903	822.64	-0.025504	0.00026070	0.10635	liquid
489.00	157.00	628.10	0.0015921	-16.971	8.0251	-0.035661	2.5431	2.8938	820.36	-0.025390	0.00025911	0.10621	liquid
490.00	157.00	627.41	0.0015939	-14.103	10.921	-0.029745	2.5466	2.8974	818.08	-0.025276	0.00025753	0.10606	liquid
491.00	157.00	626.72	0.0015956	-11.231	13.820	-0.023835	2.5501	2.9009	815.81	-0.025162	0.00025596	0.10591	liquid
492.00	157.00	626.02	0.0015974	-8.3565	16.722	-0.017929	2.5536	2.9044	813.54	-0.025047	0.00025441	0.10576	liquid
493.00	157.00	625.33	0.0015992	-5.4782	19.629	-0.012028	2.5571	2.9079	811.28	-0.024932	0.00025287	0.10561	liquid
494.00	157.00	624.64	0.0016009	-2.5964	22.538	-0.0061323	2.5606	2.9114	809.03	-0.024816	0.00025134	0.10546	liquid
495.00	157.00	623.94	0.0016027	0.28874	25.451	-0.00024120	2.5640	2.9149	806.77	-0.024701	0.00024983	0.10532	liquid
496.00	157.00	623.25	0.0016045	3.1773	28.368	0.0056450	2.5675	2.9184	804.53	-0.024585	0.00024833	0.10517	liquid
497.00	157.00	622.55	0.0016063	6.0693	31.288	0.011526	2.5709	2.9219	802.29	-0.024468	0.00024684	0.10502	liquid
498.00	157.00	621.86	0.0016081	8.9647	34.212	0.017403	2.5744	2.9253	800.05	-0.024352	0.00024536	0.10488	liquid
499.00	157.00	621.16	0.0016099	11.864	37.139	0.023275	2.5779	2.9288	797.82	-0.024235	0.00024389	0.10473	liquid
500.00	157.00	620.47	0.0016117	14.766	40.069	0.029142	2.5813	2.9323	795.60	-0.024118	0.00024243	0.10458	liquid
501.00	157.00	619.77	0.0016135	17.671	43.003	0.035004	2.5847	2.9358	793.38	-0.024000	0.00024099	0.10444	liquid
502.00	157.00	619.07	0.0016153	20.580	45.941	0.040861	2.5882	2.9392	791.16	-0.023882	0.00023956	0.10429	liquid
503.00	157.00	618.37	0.0016171	23.493	48.882	0.046714	2.5916	2.9427	788.95	-0.023764	0.00023814	0.10415	liquid
504.00	157.00	617.68	0.0016190	26.408	51.826	0.052562	2.5950	2.9461	786.75	-0.023646	0.00023673	0.10400	liquid
505.00	157.00	616.98	0.0016208	29.327	54.774	0.058405	2.5984	2.9496	784.55	-0.023527	0.00023533	0.10386	liquid
506.00	157.00	616.28	0.0016226	32.250	57.725	0.064243	2.6019	2.9530	782.35	-0.023408	0.00023394	0.10372	liquid
507.00	157.00	615.58	0.0016245	35.176	60.680	0.070077	2.6053	2.9564	780.17	-0.023289	0.00023256	0.10357	liquid
508.00	157.00	614.88	0.0016263	38.105	63.638	0.075906	2.6087	2.9599	777.98	-0.023170	0.00023120	0.10343	liquid
509.00	157.00	614.18	0.0016282	41.037	66.600	0.081730	2.6121	2.9633	775.80	-0.023050	0.00022984	0.10329	liquid
510.00	157.00	613.48	0.0016300	43.973	69.565	0.087549	2.6155	2.9667	773.63	-0.022929	0.00022849	0.10314	liquid
511.00	157.00	612.78	0.0016319	46.912	72.533	0.093364	2.6188	2.9701	771.46	-0.022809	0.00022716	0.10300	liquid
512.00	157.00	612.08	0.0016338	49.855	75.505	0.099174	2.6222	2.9735	769.30	-0.022688	0.00022583	0.10286	liquid
513.00	157.00	611.37	0.0016357	52.800	78.480	0.10498	2.6256	2.9769	767.14	-0.022567	0.00022452	0.10272	liquid
514.00	157.00	610.67	0.0016375	55.749	81.459	0.11078	2.6290	2.9803	764.99	-0.022445	0.00022321	0.10258	liquid
515.00	157.00	609.97	0.0016394	58.702	84.441	0.11658	2.6323	2.9837	762.84	-0.022323	0.00022192	0.10243	liquid
516.00	157.00	609.26	0.0016413	61.658	87.426	0.12237	2.6357	2.9871	760.70	-0.022201	0.00022063	0.10229	liquid
517.00	157.00	608.56	0.0016432	64.617	90.415	0.12815	2.6390	2.9905	758.56	-0.022079	0.00021935	0.10215	liquid
518.00	157.00	607.86	0.0016451	67.579	93.407	0.13394	2.6424	2.9939	756.43	-0.021956	0.00021809	0.10201	liquid
519.00	157.00	607.15	0.0016470	70.544	96.403	0.13971	2.6457	2.9972	754.30	-0.021833	0.00021683	0.10187	liquid
520.00	157.00	606.45	0.0016489	73.513	99.402	0.14549	2.6491	3.0006	752.18	-0.021709	0.00021558	0.10173	liquid
521.00	157.00	605.74	0.0016509	76.485	102.40	0.15125	2.6524	3.0040	750.06	-0.021585	0.00021434	0.10159	liquid
522.00	157.00	605.03	0.0016528	79.461	105.41	0.15702	2.6557	3.0073	747.95	-0.021461	0.00021311	0.10146	liquid
523.00	157.00	604.33	0.0016547	82.439	108.42	0.16278	2.6591	3.0107	745.84	-0.021337	0.00021189	0.10132	liquid
524.00	157.00	603.62	0.0016567	85.421	111.43	0.16853	2.6624	3.0140	743.74	-0.021212	0.00021068	0.10118	liquid
525.00	157.00	602.91	0.0016586	88.407	114.45	0.17428	2.6657	3.0174	741.65	-0.021087	0.00020947	0.10104	liquid
526.00	157.00	602.20	0.0016606	91.395	117.47	0.18003	2.6690	3.0207	739.56	-0.020961	0.00020828	0.10090	liquid
527.00	157.00	601.50	0.0016625	94.387	120.49	0.18577	2.6723	3.0240	737.47	-0.020835	0.00020709	0.10077	liquid
528.00	157.00	600.79	0.0016645	97.381	123.51	0.19150	2.6756	3.0273	735.39	-0.020709	0.00020592	0.10063	liquid
529.00	157.00	600.08	0.0016665	100.38	126.54	0.19723	2.6789	3.0306	733.31	-0.020582	0.00020475	0.10049	liquid
530.00	157.00	599.37	0.0016684	103.38	129.58	0.20296	2.6822	3.0340	731.24	-0.020455	0.00020359	0.10036	liquid
531.00	157.00	598.66	0.0016704	106.39	132.61	0.20868	2.6854	3.0373	729.18	-0.020328	0.00020243	0.10022	liquid
532.00	157.00	597.95	0.0016724	109.39	135.65	0.21440	2.6887	3.0406	727.12	-0.020200	0.00020129	0.10008	liquid
533.00	157.00	597.24	0.0016744	112.40	138.69	0.22011	2.6920	3.0438	725.07	-0.020072	0.00020015	0.099949	liquid
534.00	157.00	596.52	0.0016764	115.42	141.74	0.22582	2.6952	3.0471	723.02	-0.019944	0.00019902	0.099814	liquid
535.00	157.00	595.81	0.0016784	118.44	144.79	0.23153	2.6985	3.0504	720.97	-0.019815	0.00019790	0.099680	liquid
536.00	157.00	595.10	0.0016804	121.46	147.84	0.23722	2.7018	3.0537	718.93	-0.019686	0.00019679	0.099546	liquid
537.00	157.00	594.38	0.0016824	124.48	150.89	0.24292	2.7050	3.0570	716.90	-0.019556	0.00019568	0.099412	liquid
538.00	157.00	593.67	0.0016844	127.51	153.95	0.24861	2.7082	3.0602	714.87	-0.019427	0.00019459	0.099278	liquid
539.00	157.00	592.96	0.0016865	130.54	157.01	0.25430	2.7115	3.0635	712.85	-0.019296	0.00019350	0.099145	liquid
540.00	157.00	592.24	0.0016885	133.57	160.08	0.25998	2.7147	3.0667	710.83	-0.019166	0.00019242	0.099012	liquid
541.00	157.00	591.53	0.0016905	136.61	163.15	0.26565	2.7179	3.0700	708.82	-0.019035	0.00019134	0.098880	liquid
542.00	157.00	590.81	0.0016926	139.65	166.22	0.27133	2.7212	3.0732	706.81	-0.018904	0.00019027	0.098747	liquid
543.00	157.00	590.09	0.0016946	142.69	169.29	0.27699	2.7244	3.0764	704.81	-0.018772	0.00018921	0.098616	liquid
544.00	157.00	589.38	0.0016967	145.73	172.37	0.28266	2.7276	3.0797	702.81	-0.018640	0.00018816	0.098484	liquid
545.00	157.00	588.66	0.0016988	148.78	175.45	0.28832	2.7308	3.0829	700.82	-0.018507	0.00018711	0.098353	liquid
546.00	157.00	587.94	0.0017008	151.83	178.54	0.29397	2.7340	3.0861	698.84	-0.018375	0.00018608	0.098222	liquid
547.00	157.00	587.23	0.0017029	154.89	181.63	0.29962	2.7372	3.0893	696.86	-0.018241	0.00018504	0.098092	liquid
548.00	157.00	586.51	0.0017050	157.95	184.72	0.30527	2.7404	3.0925	694.88	-0.018108	0.00018402	0.097962	liquid
549.00	157.00	585.79	0.0017071	161.01	187.81	0.31091	2.7435	3.0957	692.91	-0.017974	0.00018300	0.097832	liquid
550.00	157.00	585.07	0.0017092	164.07	190.91	0.31654	2.7467	3.0989	690.95	-0.017839	0.00018199	0.097703	liquid
551.00	157.00	584.35	0.0017113	167.14	194.01	0.32218	2.7499	3.1021	688.99	-0.017705	0.00018099	0.097574	liquid
552.00	157.00	583.63	0.0017134	170.21	197.11	0.32780	2.7530	3.1052	687.03	-0.017570	0.00017999	0.097445	liquid
553.00	157.00	582.91	0.0017155	173.28	200.22	0.33343	2.7562	3.1084	685.08	-0.017434	0.00017900	0.097317	liquid
554.00	157.00	582.19	0.0017177	176.36	203.33	0.33905	2.7594	3.1116	683.14	-0.017298	0.00017802	0.097189	liquid
555.00	157.00	581.46	0.0017198	179.44	206.44	0.34466	2.7625	3.1147	681.20	-0.017162	0.00017704	0.097061	liquid
556.00	157.00	580.74	0.0017219	182.52	209.56	0.35027	2.7656	3.1179	679.27	-0.017025	0.00017607	0.096934	liquid
557.00	157.00	580.02	0.0017241	185.61	212.68	0.35588	2.7688	3.1210	677.34	-0.016888	0.00017510	0.096807	liquid
558.00	157.00	579.30	0.0017262	188.70	215.80	0.36148	2.7719	3.1241	675.42	-0.016751	0.00017414	0.096681	liquid
559.00	157.00	578.57	0.0017284	191.79	218.93	0.36707	2.7750	3.1273	673.50	-0.016613	0.00017319	0.096555	liquid
560.00	157.00	577.85	0.0017306	194.88	222.05	0.37266	2.7782	3.1304	671.59	-0.016475	0.00017225	0.096429	liquid
561.00	157.00	577.12	0.0017327	197.98	225.19	0.37825	2.7813	3.1335	669.69	-0.016336	0.00017131	0.096304	liquid
562.00	157.00	576.40	0.0017349	201.08	228.32	0.38384	2.7844	3.1366	667.79	-0.016197	0.00017037	0.096179	liquid
563.00	157.00	575.67	0.0017371	204.19	231.46	0.38942	2.7875	3.1397	665.89	-0.016058	0.00016944	0.096054	liquid
564.00	157.00	574.95	0.0017393	207.29	234.60	0.39499	2.7906	3.1428	664.00	-0.015918	0.00016852	0.095930	liquid
565.00	157.00	574.22	0.0017415	210.40	237.75	0.40056	2.7937	3.1459	662.12	-0.015778	0.00016761	0.095806	liquid
566.00	157.00	573.49	0.0017437	213.52	240.89	0.40613	2.7968	3.1490	660.24	-0.015638	0.00016670	0.095683	liquid
567.00	157.00	572.77	0.0017459	216.63	244.04	0.41169	2.7998	3.1521	658.37	-0.015497	0.00016579	0.095560	liquid
568.00	157.00	572.04	0.0017481	219.75	247.20	0.41724	2.8029	3.1551	656.50	-0.015355	0.00016490	0.095437	liquid
569.00	157.00	571.31	0.0017504	222.87	250.35	0.42280	2.8060	3.1582	654.64	-0.015214	0.00016400	0.095315	liquid
570.00	157.00	570.58	0.0017526	226.00	253.51	0.42835	2.8091	3.1613	652.78	-0.015071	0.00016312	0.095193	liquid
571.00	157.00	569.85	0.0017548	229.13	256.68	0.43389	2.8121	3.1643	650.93	-0.014929	0.00016224	0.095071	liquid
572.00	157.00	569.12	0.0017571	232.26	259.84	0.43943	2.8152	3.1674	649.08	-0.014786	0.00016136	0.094950	liquid
573.00	157.00	568.39	0.0017593	235.39	263.01	0.44496	2.8182	3.1704	647.24	-0.014643	0.00016049	0.094829	liquid
574.00	157.00	567.66	0.0017616	238.53	266.18	0.45049	2.8213	3.1734	645.41	-0.014499	0.00015963	0.094709	liquid
575.00	157.00	566.93	0.0017639	241.66	269.36	0.45602	2.8243	3.1764	643.58	-0.014355	0.00015877	0.094589	liquid
576.00	157.00	566.20	0.0017662	244.81	272.54	0.46154	2.8273	3.1795	641.75	-0.014211	0.00015792	0.094470	liquid
577.00	157.00	565.47	0.0017684	247.95	275.72	0.46706	2.8304	3.1825	639.94	-0.014066	0.00015707	0.094350	liquid
578.00	157.00	564.74	0.0017707	251.10	278.90	0.47257	2.8334	3.1855	638.12	-0.013920	0.00015623	0.094232	liquid
579.00	157.00	564.00	0.0017730	254.25	282.09	0.47808	2.8364	3.1885	636.32	-0.013775	0.00015539	0.094113	liquid
580.00	157.00	563.27	0.0017753	257.40	285.28	0.48359	2.8394	3.1915	634.52	-0.013629	0.00015456	0.093995	liquid
581.00	157.00	562.54	0.0017777	260.56	288.47	0.48909	2.8424	3.1944	632.72	-0.013482	0.00015373	0.093878	liquid
582.00	157.00	561.80	0.0017800	263.72	291.67	0.49458	2.8454	3.1974	630.93	-0.013335	0.00015291	0.093761	liquid
583.00	157.00	561.07	0.0017823	266.88	294.87	0.50008	2.8484	3.2004	629.15	-0.013188	0.00015210	0.093644	liquid
584.00	157.00	560.33	0.0017846	270.05	298.07	0.50556	2.8514	3.2033	627.37	-0.013041	0.00015128	0.093528	liquid
585.00	157.00	559.60	0.0017870	273.22	301.27	0.51105	2.8544	3.2063	625.59	-0.012893	0.00015048	0.093412	liquid
586.00	157.00	558.86	0.0017893	276.39	304.48	0.51652	2.8574	3.2092	623.83	-0.012744	0.00014968	0.093296	liquid
587.00	157.00	558.13	0.0017917	279.56	307.69	0.52200	2.8603	3.2122	622.06	-0.012595	0.00014888	0.093181	liquid
588.00	157.00	557.39	0.0017941	282.74	310.90	0.52747	2.8633	3.2151	620.31	-0.012446	0.00014809	0.093066	liquid
589.00	157.00	556.66	0.0017964	285.92	314.12	0.53293	2.8663	3.2180	618.56	-0.012297	0.00014730	0.092952	liquid
590.00	157.00	555.92	0.0017988	289.10	317.34	0.53840	2.8692	3.2210	616.81	-0.012147	0.00014652	0.092838	liquid
591.00	157.00	555.18	0.0018012	292.28	320.56	0.54385	2.8722	3.2239	615.07	-0.011996	0.00014575	0.092725	liquid
592.00	157.00	554.44	0.0018036	295.47	323.79	0.54931	2.8751	3.2268	613.34	-0.011846	0.00014498	0.092612	liquid
593.00	157.00	553.70	0.0018060	298.66	327.02	0.55475	2.8781	3.2297	611.61	-0.011694	0.00014421	0.092499	liquid
594.00	157.00	552.97	0.0018084	301.85	330.25	0.56020	2.8810	3.2326	609.89	-0.011543	0.00014345	0.092387	liquid
595.00	157.00	552.23	0.0018109	305.05	333.48	0.56564	2.8839	3.2354	608.17	-0.011391	0.00014269	0.092275	liquid
596.00	157.00	551.49	0.0018133	308.25	336.72	0.57107	2.8869	3.2383	606.46	-0.011239	0.00014194	0.092164	liquid
597.00	157.00	550.75	0.0018157	311.45	339.96	0.57651	2.8898	3.2412	604.76	-0.011086	0.00014119	0.092053	liquid
598.00	157.00	550.01	0.0018182	314.66	343.20	0.58193	2.8927	3.2440	603.06	-0.010933	0.00014044	0.091943	liquid
599.00	157.00	549.27	0.0018206	317.86	346.45	0.58736	2.8956	3.2469	601.37	-0.010780	0.00013971	0.091833	liquid
600.00	157.00	548.53	0.0018231	321.07	349.69	0.59277	2.8985	3.2497	599.68	-0.010626	0.00013897	0.091723	liquid
601.00	157.00	547.78	0.0018255	324.28	352.95	0.59819	2.9014	3.2526	598.00	-0.010472	0.00013824	0.091614	liquid
602.00	157.00	547.04	0.0018280	327.50	356.20	0.60360	2.9043	3.2554	596.32	-0.010317	0.00013752	0.091506	liquid
603.00	157.00	546.30	0.0018305	330.72	359.46	0.60900	2.9072	3.2582	594.65	-0.010163	0.00013680	0.091397	liquid
604.00	157.00	545.56	0.0018330	333.94	362.72	0.61440	2.9101	3.2610	592.99	-0.010007	0.00013608	0.091290	liquid
605.00	157.00	544.82	0.0018355	337.16	365.98	0.61980	2.9129	3.2639	591.33	-0.0098518	0.00013537	0.091182	liquid
606.00	157.00	544.07	0.0018380	340.39	369.24	0.62519	2.9158	3.2667	589.67	-0.0096958	0.00013466	0.091075	liquid
607.00	157.00	543.33	0.0018405	343.62	372.51	0.63058	2.9187	3.2694	588.03	-0.0095395	0.00013396	0.090969	liquid
608.00	157.00	542.59	0.0018430	346.85	375.78	0.63597	2.9215	3.2722	586.39	-0.0093828	0.00013326	0.090863	liquid
609.00	157.00	541.84	0.0018456	350.08	379.06	0.64135	2.9244	3.2750	584.75	-0.0092258	0.00013256	0.090757	liquid
610.00	157.00	541.10	0.0018481	353.32	382.33	0.64672	2.9272	3.2778	583.12	-0.0090684	0.00013187	0.090652	liquid
611.00	157.00	540.35	0.0018506	356.56	385.61	0.65209	2.9301	3.2805	581.50	-0.0089106	0.00013118	0.090548	liquid
612.00	157.00	539.61	0.0018532	359.80	388.89	0.65746	2.9329	3.2833	579.88	-0.0087526	0.00013050	0.090444	liquid
613.00	157.00	538.86	0.0018558	363.04	392.18	0.66282	2.9357	3.2861	578.27	-0.0085941	0.00012982	0.090340	liquid
614.00	157.00	538.12	0.0018583	366.29	395.47	0.66818	2.9386	3.2888	576.66	-0.0084353	0.00012915	0.090237	liquid
615.00	157.00	537.37	0.0018609	369.54	398.76	0.67354	2.9414	3.2915	575.06	-0.0082762	0.00012848	0.090134	liquid
616.00	157.00	536.63	0.0018635	372.79	402.05	0.67889	2.9442	3.2943	573.47	-0.0081167	0.00012781	0.090031	liquid
617.00	157.00	535.88	0.0018661	376.05	405.34	0.68423	2.9470	3.2970	571.88	-0.0079569	0.00012715	0.089930	liquid
618.00	157.00	535.13	0.0018687	379.30	408.64	0.68957	2.9498	3.2997	570.30	-0.0077968	0.00012649	0.089828	liquid
619.00	157.00	534.39	0.0018713	382.56	411.94	0.69491	2.9526	3.3024	568.73	-0.0076363	0.00012584	0.089727	liquid
620.00	157.00	533.64	0.0018739	385.83	415.25	0.70024	2.9554	3.3051	567.16	-0.0074755	0.00012519	0.089627	liquid
621.00	157.00	532.89	0.0018766	389.09	418.55	0.70557	2.9582	3.3078	565.59	-0.0073144	0.00012454	0.089527	liquid
622.00	157.00	532.15	0.0018792	392.36	421.86	0.71090	2.9610	3.3104	564.03	-0.0071529	0.00012390	0.089427	liquid
623.00	157.00	531.40	0.0018818	395.63	425.17	0.71622	2.9638	3.3131	562.48	-0.0069911	0.00012326	0.089328	liquid
624.00	157.00	530.65	0.0018845	398.90	428.49	0.72153	2.9666	3.3158	560.94	-0.0068291	0.00012263	0.089230	liquid
625.00	157.00	529.90	0.0018871	402.18	431.81	0.72684	2.9693	3.3184	559.40	-0.0066667	0.00012200	0.089132	liquid
626.00	157.00	529.15	0.0018898	405.46	435.13	0.73215	2.9721	3.3211	557.86	-0.0065040	0.00012137	0.089034	liquid
627.00	157.00	528.40	0.0018925	408.74	438.45	0.73745	2.9748	3.3237	556.33	-0.0063409	0.00012075	0.088937	liquid
628.00	157.00	527.65	0.0018952	412.02	441.77	0.74275	2.9776	3.3264	554.81	-0.0061776	0.00012013	0.088840	liquid
629.00	157.00	526.91	0.0018979	415.30	445.10	0.74805	2.9803	3.3290	553.30	-0.0060140	0.00011951	0.088744	liquid
630.00	157.00	526.16	0.0019006	418.59	448.43	0.75334	2.9831	3.3316	551.79	-0.0058501	0.00011890	0.088649	liquid
631.00	157.00	525.41	0.0019033	421.88	451.76	0.75862	2.9858	3.3342	550.28	-0.0056859	0.00011829	0.088554	liquid
632.00	157.00	524.66	0.0019060	425.18	455.10	0.76391	2.9886	3.3368	548.79	-0.0055214	0.00011769	0.088459	liquid
633.00	157.00	523.91	0.0019087	428.47	458.44	0.76918	2.9913	3.3394	547.29	-0.0053566	0.00011709	0.088365	liquid
634.00	157.00	523.16	0.0019115	431.77	461.78	0.77446	2.9940	3.3420	545.81	-0.0051916	0.00011649	0.088271	liquid
635.00	157.00	522.41	0.0019142	435.07	465.12	0.77973	2.9967	3.3446	544.33	-0.0050263	0.00011589	0.088178	liquid
636.00	157.00	521.66	0.0019170	438.37	468.47	0.78499	2.9994	3.3472	542.86	-0.0048607	0.00011530	0.088085	liquid
637.00	157.00	520.90	0.0019197	441.68	471.82	0.79025	3.0021	3.3497	541.39	-0.0046948	0.00011472	0.087993	liquid
638.00	157.00	520.15	0.0019225	444.98	475.17	0.79551	3.0048	3.3523	539.93	-0.0045287	0.00011413	0.087901	liquid
639.00	157.00	519.40	0.0019253	448.29	478.52	0.80076	3.0075	3.3548	538.47	-0.0043623	0.00011355	0.087810	liquid
640.00	157.00	518.65	0.0019281	451.61	481.88	0.80601	3.0102	3.3574	537.02	-0.0041956	0.00011298	0.087719	liquid
641.00	157.00	517.90	0.0019309	454.92	485.24	0.81125	3.0129	3.3599	535.58	-0.0040287	0.00011241	0.087629	liquid
642.00	157.00	517.15	0.0019337	458.24	488.60	0.81649	3.0156	3.3624	534.14	-0.0038616	0.00011184	0.087539	liquid
643.00	157.00	516.40	0.0019365	461.56	491.96	0.82173	3.0183	3.3650	532.71	-0.0036942	0.00011127	0.087450	liquid
644.00	157.00	515.65	0.0019393	464.88	495.33	0.82696	3.0209	3.3675	531.29	-0.0035266	0.00011071	0.087362	liquid
645.00	157.00	514.89	0.0019421	468.20	498.70	0.83218	3.0236	3.3700	529.87	-0.0033587	0.00011015	0.087274	liquid
646.00	157.00	514.14	0.0019450	471.53	502.07	0.83741	3.0263	3.3725	528.46	-0.0031906	0.00010959	0.087186	liquid
647.00	157.00	513.39	0.0019478	474.86	505.44	0.84263	3.0289	3.3749	527.05	-0.0030223	0.00010904	0.087099	liquid
648.00	157.00	512.64	0.0019507	478.19	508.82	0.84784	3.0316	3.3774	525.65	-0.0028538	0.00010849	0.087012	liquid
649.00	157.00	511.89	0.0019536	481.52	512.20	0.85305	3.0342	3.3799	524.26	-0.0026850	0.00010795	0.086926	liquid
650.00	157.00	511.13	0.0019564	484.86	515.58	0.85826	3.0369	3.3824	522.87	-0.0025161	0.00010740	0.086840	liquid
651.00	157.00	510.38	0.0019593	488.20	518.96	0.86346	3.0395	3.3848	521.49	-0.0023469	0.00010687	0.086755	liquid
652.00	157.00	509.63	0.0019622	491.54	522.35	0.86865	3.0421	3.3873	520.11	-0.0021776	0.00010633	0.086671	liquid
653.00	157.00	508.88	0.0019651	494.88	525.73	0.87385	3.0447	3.3897	518.75	-0.0020080	0.00010580	0.086587	liquid
654.00	157.00	508.13	0.0019680	498.23	529.13	0.87904	3.0474	3.3921	517.38	-0.0018383	0.00010527	0.086503	liquid
655.00	157.00	507.37	0.0019709	501.57	532.52	0.88422	3.0500	3.3945	516.03	-0.0016683	0.00010474	0.086420	liquid
656.00	157.00	506.62	0.0019739	504.92	535.91	0.88940	3.0526	3.3970	514.67	-0.0014982	0.00010422	0.086338	liquid
657.00	157.00	505.87	0.0019768	508.28	539.31	0.89458	3.0552	3.3994	513.33	-0.0013280	0.00010370	0.086256	liquid
658.00	157.00	505.12	0.0019797	511.63	542.71	0.89975	3.0578	3.4018	511.99	-0.0011575	0.00010318	0.086175	liquid
659.00	157.00	504.36	0.0019827	514.99	546.12	0.90492	3.0604	3.4042	510.66	-0.00098691	0.00010267	0.086094	supercritical
660.00	157.00	503.61	0.0019857	518.35	549.52	0.91008	3.0630	3.4065	509.33	-0.00081614	0.00010216	0.086013	supercritical
661.00	157.00	502.86	0.0019886	521.71	552.93	0.91524	3.0655	3.4089	508.01	-0.00064523	0.00010165	0.085933	supercritical
662.00	157.00	502.11	0.0019916	525.07	556.34	0.92040	3.0681	3.4113	506.70	-0.00047416	0.00010115	0.085854	supercritical
663.00	157.00	501.35	0.0019946	528.44	559.75	0.92555	3.0707	3.4137	505.39	-0.00030296	0.00010065	0.085775	supercritical
664.00	157.00	500.60	0.0019976	531.80	563.17	0.93069	3.0733	3.4160	504.09	-0.00013162	0.00010015	0.085697	supercritical
665.00	157.00	499.85	0.0020006	535.17	566.58	0.93584	3.0758	3.4183	502.80	3.9855e-05	9.9653e-05	0.085620	supercritical
666.00	157.00	499.10	0.0020036	538.55	570.00	0.94097	3.0784	3.4207	501.51	0.00021145	9.9161e-05	0.085542	supercritical
667.00	157.00	498.35	0.0020066	541.92	573.43	0.94611	3.0809	3.4230	500.22	0.00038316	9.8672e-05	0.085466	supercritical
668.00	157.00	497.59	0.0020097	545.30	576.85	0.95124	3.0835	3.4253	498.95	0.00055499	9.8186e-05	0.085390	supercritical
669.00	157.00	496.84	0.0020127	548.68	580.28	0.95636	3.0860	3.4276	497.68	0.00072693	9.7702e-05	0.085314	supercritical
670.00	157.00	496.09	0.0020158	552.06	583.70	0.96148	3.0886	3.4300	496.41	0.00089896	9.7222e-05	0.085239	supercritical
671.00	157.00	495.34	0.0020188	555.44	587.14	0.96660	3.0911	3.4323	495.15	0.0010711	9.6745e-05	0.085165	supercritical
672.00	157.00	494.59	0.0020219	558.83	590.57	0.97172	3.0936	3.4345	493.90	0.0012433	9.6270e-05	0.085091	supercritical
673.00	157.00	493.84	0.0020250	562.21	594.00	0.97682	3.0961	3.4368	492.66	0.0014156	9.5799e-05	0.085017	supercritical
674.00	157.00	493.08	0.0020281	565.60	597.44	0.98193	3.0987	3.4391	491.42	0.0015880	9.5330e-05	0.084944	supercritical
675.00	157.00	492.33	0.0020311	568.99	600.88	0.98703	3.1012	3.4414	490.18	0.0017605	9.4865e-05	0.084872	supercritical
676.00	157.00	491.58	0.0020343	572.39	604.33	0.99213	3.1037	3.4436	488.95	0.0019330	9.4402e-05	0.084800	supercritical
677.00	157.00	490.83	0.0020374	575.78	607.77	0.99722	3.1062	3.4459	487.73	0.0021056	9.3942e-05	0.084729	supercritical
678.00	157.00	490.08	0.0020405	579.18	611.22	1.0023	3.1087	3.4481	486.52	0.0022782	9.3485e-05	0.084659	supercritical
679.00	157.00	489.33	0.0020436	582.58	614.67	1.0074	3.1112	3.4504	485.31	0.0024509	9.3030e-05	0.084588	supercritical
680.00	157.00	488.58	0.0020468	585.98	618.12	1.0125	3.1136	3.4526	484.10	0.0026236	9.2578e-05	0.084519	supercritical
681.00	157.00	487.83	0.0020499	589.39	621.57	1.0175	3.1161	3.4548	482.91	0.0027964	9.2130e-05	0.084450	supercritical
682.00	157.00	487.08	0.0020531	592.79	625.03	1.0226	3.1186	3.4570	481.72	0.0029692	9.1684e-05	0.084381	supercritical
683.00	157.00	486.33	0.0020562	596.20	628.49	1.0277	3.1211	3.4592	480.53	0.0031420	9.1240e-05	0.084313	supercritical
684.00	157.00	485.58	0.0020594	599.61	631.95	1.0327	3.1235	3.4614	479.35	0.0033148	9.0800e-05	0.084246	supercritical
685.00	157.00	484.83	0.0020626	603.03	635.41	1.0378	3.1260	3.4636	478.18	0.0034877	9.0362e-05	0.084179	supercritical
686.00	157.00	484.08	0.0020658	606.44	638.87	1.0429	3.1285	3.4658	477.01	0.0036605	8.9927e-05	0.084113	supercritical
687.00	157.00	483.33	0.0020690	609.86	642.34	1.0479	3.1309	3.4680	475.85	0.0038334	8.9494e-05	0.084047	supercritical
688.00	157.00	482.58	0.0020722	613.28	645.81	1.0530	3.1334	3.4701	474.70	0.0040062	8.9064e-05	0.083982	supercritical
689.00	157.00	481.84	0.0020754	616.70	649.28	1.0580	3.1358	3.4723	473.55	0.0041790	8.8637e-05	0.083917	supercritical
690.00	157.00	481.09	0.0020786	620.12	652.75	1.0630	3.1382	3.4744	472.41	0.0043519	8.8212e-05	0.083853	supercritical
691.00	157.00	480.34	0.0020819	623.54	656.23	1.0681	3.1407	3.4766	471.27	0.0045246	8.7791e-05	0.083790	supercritical
692.00	157.00	479.59	0.0020851	626.97	659.71	1.0731	3.1431	3.4787	470.14	0.0046974	8.7371e-05	0.083727	supercritical
693.00	157.00	478.84	0.0020884	630.40	663.19	1.0781	3.1455	3.4808	469.02	0.0048701	8.6955e-05	0.083664	supercritical
694.00	157.00	478.10	0.0020916	633.83	666.67	1.0831	3.1479	3.4830	467.90	0.0050428	8.6541e-05	0.083602	supercritical
695.00	157.00	477.35	0.0020949	637.26	670.15	1.0882	3.1504	3.4851	466.79	0.0052154	8.6129e-05	0.083541	supercritical
696.00	157.00	476.60	0.0020982	640.70	673.64	1.0932	3.1528	3.4872	465.68	0.0053880	8.5720e-05	0.083480	supercritical
697.00	157.00	475.86	0.0021015	644.13	677.13	1.0982	3.1552	3.4893	464.58	0.0055605	8.5314e-05	0.083420	supercritical
698.00	157.00	475.11	0.0021048	647.57	680.62	1.1032	3.1576	3.4914	463.48	0.0057329	8.4910e-05	0.083360	supercritical
699.00	157.00	474.37	0.0021081	651.01	684.11	1.1082	3.1600	3.4935	462.40	0.0059053	8.4509e-05	0.083301	supercritical
700.00	157.00	473.62	0.0021114	654.46	687.60	1.1132	3.1624	3.4955	461.31	0.0060776	8.4110e-05	0.083243	supercritical
