Temperature (K)	Pressure (bar)	Density (kg/m3)	Volume (m3/kg)	Internal Energy (kJ/kg)	Enthalpy (kJ/kg)	Entropy (J/g*K)	Cv (J/g*K)	Cp (J/g*K)	Sound Spd. (m/s)	Joule-Thomson (K/bar)	Viscosity (Pa*s)	Therm. Cond. (W/m*K)	Phase
272.00	103.00	771.46	0.0012962	-552.83	-539.48	-1.4728	1.7315	2.1309	1446.4	-0.045454	0.0026676	0.14496	liquid
273.00	103.00	770.74	0.0012974	-550.71	-537.35	-1.4649	1.7348	2.1335	1442.3	-0.045385	0.0026026	0.14472	liquid
274.00	103.00	770.03	0.0012987	-548.59	-535.21	-1.4571	1.7381	2.1362	1438.1	-0.045316	0.0025401	0.14448	liquid
275.00	103.00	769.31	0.0012999	-546.46	-533.07	-1.4493	1.7414	2.1388	1433.9	-0.045246	0.0024800	0.14423	liquid
276.00	103.00	768.60	0.0013011	-544.33	-530.93	-1.4416	1.7448	2.1416	1429.8	-0.045175	0.0024221	0.14399	liquid
277.00	103.00	767.88	0.0013023	-542.20	-528.79	-1.4338	1.7481	2.1443	1425.7	-0.045104	0.0023663	0.14375	liquid
278.00	103.00	767.17	0.0013035	-540.07	-526.65	-1.4261	1.7515	2.1470	1421.6	-0.045032	0.0023125	0.14351	liquid
279.00	103.00	766.46	0.0013047	-537.94	-524.50	-1.4184	1.7549	2.1498	1417.5	-0.044960	0.0022607	0.14327	liquid
280.00	103.00	765.75	0.0013059	-535.80	-522.35	-1.4107	1.7583	2.1526	1413.4	-0.044887	0.0022107	0.14303	liquid
281.00	103.00	765.04	0.0013071	-533.66	-520.19	-1.4030	1.7617	2.1554	1409.3	-0.044813	0.0021624	0.14279	liquid
282.00	103.00	764.33	0.0013083	-531.51	-518.03	-1.3953	1.7651	2.1582	1405.3	-0.044739	0.0021157	0.14256	liquid
283.00	103.00	763.62	0.0013096	-529.36	-515.88	-1.3877	1.7686	2.1611	1401.3	-0.044664	0.0020707	0.14232	liquid
284.00	103.00	762.91	0.0013108	-527.21	-513.71	-1.3801	1.7720	2.1640	1397.2	-0.044589	0.0020271	0.14208	liquid
285.00	103.00	762.20	0.0013120	-525.06	-511.55	-1.3724	1.7755	2.1669	1393.2	-0.044513	0.0019850	0.14185	liquid
286.00	103.00	761.49	0.0013132	-522.90	-509.38	-1.3649	1.7789	2.1698	1389.2	-0.044437	0.0019443	0.14161	liquid
287.00	103.00	760.78	0.0013144	-520.75	-507.21	-1.3573	1.7824	2.1727	1385.3	-0.044360	0.0019049	0.14138	liquid
288.00	103.00	760.08	0.0013157	-518.58	-505.03	-1.3497	1.7859	2.1757	1381.3	-0.044283	0.0018668	0.14115	liquid
289.00	103.00	759.37	0.0013169	-516.42	-502.86	-1.3422	1.7894	2.1786	1377.4	-0.044205	0.0018298	0.14091	liquid
290.00	103.00	758.66	0.0013181	-514.25	-500.68	-1.3346	1.7930	2.1816	1373.4	-0.044127	0.0017940	0.14068	liquid
291.00	103.00	757.96	0.0013193	-512.08	-498.49	-1.3271	1.7965	2.1846	1369.5	-0.044048	0.0017593	0.14045	liquid
292.00	103.00	757.25	0.0013206	-509.91	-496.31	-1.3196	1.8000	2.1877	1365.6	-0.043969	0.0017257	0.14022	liquid
293.00	103.00	756.55	0.0013218	-507.73	-494.12	-1.3121	1.8036	2.1907	1361.7	-0.043889	0.0016931	0.13999	liquid
294.00	103.00	755.85	0.0013230	-505.55	-491.93	-1.3047	1.8071	2.1938	1357.8	-0.043809	0.0016614	0.13976	liquid
295.00	103.00	755.14	0.0013243	-503.37	-489.73	-1.2972	1.8107	2.1969	1354.0	-0.043728	0.0016307	0.13953	liquid
296.00	103.00	754.44	0.0013255	-501.18	-487.53	-1.2898	1.8143	2.2000	1350.1	-0.043647	0.0016009	0.13930	liquid
297.00	103.00	753.74	0.0013267	-499.00	-485.33	-1.2823	1.8179	2.2031	1346.3	-0.043566	0.0015720	0.13907	liquid
298.00	103.00	753.04	0.0013280	-496.80	-483.13	-1.2749	1.8215	2.2062	1342.4	-0.043484	0.0015439	0.13885	liquid
299.00	103.00	752.34	0.0013292	-494.61	-480.92	-1.2675	1.8251	2.2093	1338.6	-0.043402	0.0015165	0.13862	liquid
300.00	103.00	751.64	0.0013304	-492.41	-478.71	-1.2602	1.8287	2.2125	1334.8	-0.043319	0.0014900	0.13839	liquid
301.00	103.00	750.93	0.0013317	-490.21	-476.49	-1.2528	1.8324	2.2157	1331.0	-0.043236	0.0014642	0.13817	liquid
302.00	103.00	750.24	0.0013329	-488.00	-474.28	-1.2454	1.8360	2.2189	1327.2	-0.043152	0.0014391	0.13794	liquid
303.00	103.00	749.54	0.0013342	-485.80	-472.05	-1.2381	1.8396	2.2221	1323.5	-0.043068	0.0014147	0.13772	liquid
304.00	103.00	748.84	0.0013354	-483.59	-469.83	-1.2308	1.8433	2.2253	1319.7	-0.042984	0.0013909	0.13750	liquid
305.00	103.00	748.14	0.0013367	-481.37	-467.60	-1.2235	1.8470	2.2285	1316.0	-0.042899	0.0013678	0.13727	liquid
306.00	103.00	747.44	0.0013379	-479.15	-465.37	-1.2162	1.8506	2.2318	1312.3	-0.042814	0.0013453	0.13705	liquid
307.00	103.00	746.74	0.0013392	-476.93	-463.14	-1.2089	1.8543	2.2351	1308.5	-0.042729	0.0013234	0.13683	liquid
308.00	103.00	746.04	0.0013404	-474.71	-460.90	-1.2016	1.8580	2.2383	1304.8	-0.042643	0.0013020	0.13661	liquid
309.00	103.00	745.35	0.0013417	-472.48	-458.66	-1.1943	1.8617	2.2416	1301.1	-0.042557	0.0012812	0.13639	liquid
310.00	103.00	744.65	0.0013429	-470.25	-456.42	-1.1871	1.8654	2.2449	1297.5	-0.042470	0.0012609	0.13617	liquid
311.00	103.00	743.95	0.0013442	-468.02	-454.17	-1.1799	1.8691	2.2483	1293.8	-0.042384	0.0012412	0.13595	liquid
312.00	103.00	743.26	0.0013454	-465.78	-451.92	-1.1726	1.8728	2.2516	1290.1	-0.042297	0.0012219	0.13573	liquid
313.00	103.00	742.56	0.0013467	-463.54	-449.67	-1.1654	1.8765	2.2549	1286.5	-0.042209	0.0012031	0.13551	liquid
314.00	103.00	741.87	0.0013480	-461.30	-447.41	-1.1582	1.8803	2.2583	1282.8	-0.042121	0.0011848	0.13529	liquid
315.00	103.00	741.17	0.0013492	-459.05	-445.15	-1.1510	1.8840	2.2617	1279.2	-0.042033	0.0011669	0.13507	liquid
316.00	103.00	740.48	0.0013505	-456.80	-442.89	-1.1439	1.8877	2.2650	1275.6	-0.041945	0.0011495	0.13486	liquid
317.00	103.00	739.78	0.0013518	-454.55	-440.62	-1.1367	1.8915	2.2684	1272.0	-0.041856	0.0011325	0.13464	liquid
318.00	103.00	739.09	0.0013530	-452.29	-438.35	-1.1295	1.8953	2.2718	1268.4	-0.041767	0.0011158	0.13442	liquid
319.00	103.00	738.39	0.0013543	-450.03	-436.08	-1.1224	1.8990	2.2752	1264.8	-0.041677	0.0010996	0.13421	liquid
320.00	103.00	737.70	0.0013556	-447.77	-433.80	-1.1153	1.9028	2.2787	1261.3	-0.041588	0.0010838	0.13399	liquid
321.00	103.00	737.01	0.0013568	-445.50	-431.52	-1.1082	1.9066	2.2821	1257.7	-0.041498	0.0010683	0.13378	liquid
322.00	103.00	736.31	0.0013581	-443.23	-429.24	-1.1011	1.9103	2.2856	1254.1	-0.041408	0.0010532	0.13356	liquid
323.00	103.00	735.62	0.0013594	-440.95	-426.95	-1.0940	1.9141	2.2890	1250.6	-0.041317	0.0010384	0.13335	liquid
324.00	103.00	734.93	0.0013607	-438.68	-424.66	-1.0869	1.9179	2.2925	1247.1	-0.041226	0.0010239	0.13314	liquid
325.00	103.00	734.23	0.0013620	-436.40	-422.37	-1.0798	1.9217	2.2960	1243.6	-0.041135	0.0010098	0.13292	liquid
326.00	103.00	733.54	0.0013633	-434.11	-420.07	-1.0728	1.9255	2.2995	1240.0	-0.041044	0.00099599	0.13271	liquid
327.00	103.00	732.85	0.0013645	-431.82	-417.77	-1.0657	1.9293	2.3029	1236.6	-0.040952	0.00098249	0.13250	liquid
328.00	103.00	732.16	0.0013658	-429.53	-415.46	-1.0587	1.9331	2.3065	1233.1	-0.040860	0.00096928	0.13229	liquid
329.00	103.00	731.46	0.0013671	-427.24	-413.16	-1.0516	1.9369	2.3100	1229.6	-0.040768	0.00095635	0.13208	liquid
330.00	103.00	730.77	0.0013684	-424.94	-410.84	-1.0446	1.9407	2.3135	1226.1	-0.040676	0.00094371	0.13187	liquid
331.00	103.00	730.08	0.0013697	-422.64	-408.53	-1.0376	1.9445	2.3170	1222.7	-0.040583	0.00093133	0.13166	liquid
332.00	103.00	729.39	0.0013710	-420.33	-406.21	-1.0306	1.9484	2.3206	1219.2	-0.040490	0.00091921	0.13145	liquid
333.00	103.00	728.70	0.0013723	-418.02	-403.89	-1.0236	1.9522	2.3241	1215.8	-0.040397	0.00090735	0.13124	liquid
334.00	103.00	728.01	0.0013736	-415.71	-401.56	-1.0167	1.9560	2.3277	1212.3	-0.040303	0.00089574	0.13103	liquid
335.00	103.00	727.32	0.0013749	-413.39	-399.23	-1.0097	1.9599	2.3313	1208.9	-0.040209	0.00088437	0.13082	liquid
336.00	103.00	726.63	0.0013762	-411.07	-396.90	-1.0028	1.9637	2.3348	1205.5	-0.040116	0.00087323	0.13062	liquid
337.00	103.00	725.94	0.0013775	-408.75	-394.56	-0.99581	1.9675	2.3384	1202.1	-0.040021	0.00086231	0.13041	liquid
338.00	103.00	725.24	0.0013788	-406.42	-392.22	-0.98888	1.9714	2.3420	1198.7	-0.039927	0.00085162	0.13020	liquid
339.00	103.00	724.55	0.0013802	-404.09	-389.88	-0.98195	1.9752	2.3456	1195.3	-0.039832	0.00084114	0.13000	liquid
340.00	103.00	723.86	0.0013815	-401.76	-387.53	-0.97504	1.9791	2.3492	1192.0	-0.039737	0.00083087	0.12979	liquid
341.00	103.00	723.17	0.0013828	-399.42	-385.18	-0.96814	1.9829	2.3528	1188.6	-0.039642	0.00082081	0.12958	liquid
342.00	103.00	722.48	0.0013841	-397.08	-382.83	-0.96124	1.9868	2.3565	1185.3	-0.039547	0.00081094	0.12938	liquid
343.00	103.00	721.79	0.0013854	-394.74	-380.47	-0.95435	1.9907	2.3601	1181.9	-0.039451	0.00080126	0.12917	liquid
344.00	103.00	721.10	0.0013868	-392.39	-378.10	-0.94748	1.9945	2.3637	1178.6	-0.039355	0.00079177	0.12897	liquid
345.00	103.00	720.41	0.0013881	-390.04	-375.74	-0.94061	1.9984	2.3674	1175.2	-0.039259	0.00078246	0.12877	liquid
346.00	103.00	719.72	0.0013894	-387.68	-373.37	-0.93375	2.0022	2.3710	1171.9	-0.039163	0.00077333	0.12856	liquid
347.00	103.00	719.03	0.0013908	-385.32	-371.00	-0.92691	2.0061	2.3747	1168.6	-0.039067	0.00076437	0.12836	liquid
348.00	103.00	718.34	0.0013921	-382.96	-368.62	-0.92007	2.0100	2.3783	1165.3	-0.038970	0.00075558	0.12816	liquid
349.00	103.00	717.65	0.0013934	-380.59	-366.24	-0.91324	2.0139	2.3820	1162.0	-0.038873	0.00074695	0.12796	liquid
350.00	103.00	716.96	0.0013948	-378.22	-363.86	-0.90642	2.0177	2.3857	1158.7	-0.038776	0.00073848	0.12775	liquid
351.00	103.00	716.27	0.0013961	-375.85	-361.47	-0.89961	2.0216	2.3894	1155.5	-0.038678	0.00073017	0.12755	liquid
352.00	103.00	715.58	0.0013975	-373.47	-359.08	-0.89280	2.0255	2.3931	1152.2	-0.038581	0.00072201	0.12735	liquid
353.00	103.00	714.89	0.0013988	-371.09	-356.68	-0.88601	2.0294	2.3967	1148.9	-0.038483	0.00071399	0.12715	liquid
354.00	103.00	714.20	0.0014002	-368.71	-354.28	-0.87922	2.0333	2.4004	1145.7	-0.038385	0.00070612	0.12695	liquid
355.00	103.00	713.51	0.0014015	-366.32	-351.88	-0.87245	2.0371	2.4041	1142.4	-0.038287	0.00069839	0.12675	liquid
356.00	103.00	712.82	0.0014029	-363.93	-349.48	-0.86568	2.0410	2.4078	1139.2	-0.038188	0.00069080	0.12655	liquid
357.00	103.00	712.13	0.0014042	-361.53	-347.07	-0.85892	2.0449	2.4116	1136.0	-0.038090	0.00068334	0.12635	liquid
358.00	103.00	711.44	0.0014056	-359.13	-344.65	-0.85217	2.0488	2.4153	1132.8	-0.037991	0.00067601	0.12615	liquid
359.00	103.00	710.75	0.0014070	-356.73	-342.24	-0.84543	2.0527	2.4190	1129.6	-0.037892	0.00066881	0.12596	liquid
360.00	103.00	710.06	0.0014083	-354.32	-339.82	-0.83869	2.0566	2.4227	1126.4	-0.037792	0.00066173	0.12576	liquid
361.00	103.00	709.37	0.0014097	-351.91	-337.39	-0.83197	2.0605	2.4265	1123.2	-0.037693	0.00065477	0.12556	liquid
362.00	103.00	708.68	0.0014111	-349.50	-334.96	-0.82525	2.0643	2.4302	1120.0	-0.037593	0.00064793	0.12536	liquid
363.00	103.00	707.99	0.0014124	-347.08	-332.53	-0.81854	2.0682	2.4339	1116.8	-0.037493	0.00064120	0.12517	liquid
364.00	103.00	707.30	0.0014138	-344.66	-330.09	-0.81184	2.0721	2.4377	1113.6	-0.037393	0.00063459	0.12497	liquid
365.00	103.00	706.61	0.0014152	-342.23	-327.65	-0.80515	2.0760	2.4414	1110.5	-0.037293	0.00062809	0.12478	liquid
366.00	103.00	705.92	0.0014166	-339.80	-325.21	-0.79846	2.0799	2.4452	1107.3	-0.037192	0.00062169	0.12458	liquid
367.00	103.00	705.23	0.0014180	-337.37	-322.76	-0.79178	2.0838	2.4489	1104.2	-0.037092	0.00061540	0.12438	liquid
368.00	103.00	704.54	0.0014194	-334.93	-320.31	-0.78512	2.0877	2.4527	1101.0	-0.036991	0.00060921	0.12419	liquid
369.00	103.00	703.85	0.0014208	-332.49	-317.86	-0.77846	2.0916	2.4564	1097.9	-0.036890	0.00060313	0.12399	liquid
370.00	103.00	703.16	0.0014222	-330.05	-315.40	-0.77180	2.0955	2.4602	1094.8	-0.036788	0.00059713	0.12380	liquid
371.00	103.00	702.47	0.0014236	-327.60	-312.94	-0.76516	2.0994	2.4640	1091.6	-0.036687	0.00059124	0.12361	liquid
372.00	103.00	701.78	0.0014250	-325.15	-310.47	-0.75852	2.1033	2.4678	1088.5	-0.036585	0.00058544	0.12341	liquid
373.00	103.00	701.09	0.0014264	-322.69	-308.00	-0.75189	2.1072	2.4715	1085.4	-0.036483	0.00057973	0.12322	liquid
374.00	103.00	700.39	0.0014278	-320.24	-305.53	-0.74527	2.1110	2.4753	1082.3	-0.036381	0.00057411	0.12303	liquid
375.00	103.00	699.70	0.0014292	-317.77	-303.05	-0.73865	2.1149	2.4791	1079.2	-0.036278	0.00056857	0.12283	liquid
376.00	103.00	699.01	0.0014306	-315.31	-300.57	-0.73205	2.1188	2.4829	1076.2	-0.036176	0.00056312	0.12264	liquid
377.00	103.00	698.32	0.0014320	-312.84	-298.09	-0.72545	2.1227	2.4867	1073.1	-0.036073	0.00055776	0.12245	liquid
378.00	103.00	697.63	0.0014334	-310.36	-295.60	-0.71885	2.1266	2.4904	1070.0	-0.035970	0.00055247	0.12226	liquid
379.00	103.00	696.93	0.0014349	-307.88	-293.11	-0.71227	2.1305	2.4942	1067.0	-0.035866	0.00054727	0.12207	liquid
380.00	103.00	696.24	0.0014363	-305.40	-290.61	-0.70569	2.1344	2.4980	1063.9	-0.035763	0.00054214	0.12188	liquid
381.00	103.00	695.55	0.0014377	-302.92	-288.11	-0.69912	2.1383	2.5018	1060.9	-0.035659	0.00053709	0.12169	liquid
382.00	103.00	694.86	0.0014391	-300.43	-285.61	-0.69256	2.1422	2.5056	1057.8	-0.035555	0.00053212	0.12150	liquid
383.00	103.00	694.16	0.0014406	-297.94	-283.10	-0.68600	2.1460	2.5094	1054.8	-0.035451	0.00052722	0.12131	liquid
384.00	103.00	693.47	0.0014420	-295.44	-280.59	-0.67945	2.1499	2.5132	1051.8	-0.035347	0.00052239	0.12112	liquid
385.00	103.00	692.78	0.0014435	-292.94	-278.07	-0.67291	2.1538	2.5170	1048.8	-0.035242	0.00051763	0.12093	liquid
386.00	103.00	692.08	0.0014449	-290.44	-275.55	-0.66638	2.1577	2.5208	1045.7	-0.035138	0.00051294	0.12074	liquid
387.00	103.00	691.39	0.0014464	-287.93	-273.03	-0.65985	2.1616	2.5246	1042.7	-0.035033	0.00050831	0.12055	liquid
388.00	103.00	690.70	0.0014478	-285.42	-270.50	-0.65333	2.1654	2.5285	1039.7	-0.034927	0.00050376	0.12036	liquid
389.00	103.00	690.00	0.0014493	-282.90	-267.97	-0.64682	2.1693	2.5323	1036.7	-0.034822	0.00049926	0.12017	liquid
390.00	103.00	689.31	0.0014507	-280.38	-265.44	-0.64031	2.1732	2.5361	1033.8	-0.034716	0.00049483	0.11999	liquid
391.00	103.00	688.61	0.0014522	-277.86	-262.90	-0.63381	2.1771	2.5399	1030.8	-0.034610	0.00049047	0.11980	liquid
392.00	103.00	687.92	0.0014537	-275.33	-260.36	-0.62732	2.1809	2.5437	1027.8	-0.034504	0.00048616	0.11961	liquid
393.00	103.00	687.22	0.0014551	-272.80	-257.81	-0.62083	2.1848	2.5475	1024.8	-0.034398	0.00048191	0.11943	liquid
394.00	103.00	686.52	0.0014566	-270.27	-255.26	-0.61436	2.1887	2.5513	1021.9	-0.034291	0.00047772	0.11924	liquid
395.00	103.00	685.83	0.0014581	-267.73	-252.71	-0.60788	2.1926	2.5552	1018.9	-0.034184	0.00047359	0.11905	liquid
396.00	103.00	685.13	0.0014596	-265.19	-250.15	-0.60142	2.1964	2.5590	1016.0	-0.034077	0.00046951	0.11887	liquid
397.00	103.00	684.44	0.0014611	-262.64	-247.59	-0.59496	2.2003	2.5628	1013.0	-0.033970	0.00046549	0.11868	liquid
398.00	103.00	683.74	0.0014625	-260.09	-245.03	-0.58851	2.2041	2.5666	1010.1	-0.033862	0.00046152	0.11850	liquid
399.00	103.00	683.04	0.0014640	-257.54	-242.46	-0.58206	2.2080	2.5704	1007.2	-0.033755	0.00045760	0.11831	liquid
400.00	103.00	682.34	0.0014655	-254.98	-239.89	-0.57562	2.2119	2.5742	1004.3	-0.033647	0.00045374	0.11813	liquid
401.00	103.00	681.65	0.0014670	-252.42	-237.31	-0.56919	2.2157	2.5781	1001.4	-0.033538	0.00044993	0.11794	liquid
402.00	103.00	680.95	0.0014685	-249.86	-234.73	-0.56276	2.2196	2.5819	998.44	-0.033430	0.00044616	0.11776	liquid
403.00	103.00	680.25	0.0014700	-247.29	-232.15	-0.55635	2.2234	2.5857	995.54	-0.033321	0.00044245	0.11758	liquid
404.00	103.00	679.55	0.0014716	-244.72	-229.56	-0.54993	2.2273	2.5895	992.64	-0.033212	0.00043878	0.11739	liquid
405.00	103.00	678.85	0.0014731	-242.14	-226.97	-0.54353	2.2311	2.5934	989.75	-0.033103	0.00043516	0.11721	liquid
406.00	103.00	678.15	0.0014746	-239.56	-224.37	-0.53713	2.2350	2.5972	986.87	-0.032993	0.00043159	0.11703	liquid
407.00	103.00	677.45	0.0014761	-236.98	-221.77	-0.53073	2.2388	2.6010	983.99	-0.032883	0.00042806	0.11684	liquid
408.00	103.00	676.75	0.0014776	-234.39	-219.17	-0.52434	2.2426	2.6048	981.12	-0.032773	0.00042457	0.11666	liquid
409.00	103.00	676.05	0.0014792	-231.80	-216.56	-0.51796	2.2465	2.6087	978.25	-0.032663	0.00042113	0.11648	liquid
410.00	103.00	675.35	0.0014807	-229.21	-213.95	-0.51159	2.2503	2.6125	975.39	-0.032552	0.00041773	0.11630	liquid
411.00	103.00	674.65	0.0014823	-226.61	-211.34	-0.50522	2.2541	2.6163	972.54	-0.032442	0.00041438	0.11612	liquid
412.00	103.00	673.95	0.0014838	-224.00	-208.72	-0.49886	2.2580	2.6201	969.69	-0.032330	0.00041106	0.11594	liquid
413.00	103.00	673.25	0.0014853	-221.40	-206.10	-0.49250	2.2618	2.6239	966.84	-0.032219	0.00040779	0.11576	liquid
414.00	103.00	672.54	0.0014869	-218.79	-203.47	-0.48615	2.2656	2.6278	964.01	-0.032107	0.00040455	0.11558	liquid
415.00	103.00	671.84	0.0014884	-216.18	-200.84	-0.47981	2.2694	2.6316	961.17	-0.031995	0.00040136	0.11540	liquid
416.00	103.00	671.14	0.0014900	-213.56	-198.21	-0.47347	2.2733	2.6354	958.35	-0.031883	0.00039820	0.11522	liquid
417.00	103.00	670.43	0.0014916	-210.94	-195.57	-0.46714	2.2771	2.6392	955.53	-0.031771	0.00039508	0.11504	liquid
418.00	103.00	669.73	0.0014931	-208.31	-192.93	-0.46081	2.2809	2.6430	952.71	-0.031658	0.00039200	0.11486	liquid
419.00	103.00	669.02	0.0014947	-205.68	-190.29	-0.45449	2.2847	2.6469	949.90	-0.031545	0.00038895	0.11468	liquid
420.00	103.00	668.32	0.0014963	-203.05	-187.64	-0.44818	2.2885	2.6507	947.10	-0.031431	0.00038594	0.11450	liquid
421.00	103.00	667.61	0.0014979	-200.41	-184.99	-0.44187	2.2923	2.6545	944.30	-0.031317	0.00038296	0.11432	liquid
422.00	103.00	666.91	0.0014995	-197.77	-182.33	-0.43556	2.2961	2.6583	941.51	-0.031203	0.00038002	0.11414	liquid
423.00	103.00	666.20	0.0015010	-195.13	-179.67	-0.42927	2.2999	2.6621	938.72	-0.031089	0.00037711	0.11396	liquid
424.00	103.00	665.49	0.0015026	-192.48	-177.01	-0.42298	2.3037	2.6659	935.94	-0.030974	0.00037423	0.11379	liquid
425.00	103.00	664.79	0.0015042	-189.83	-174.34	-0.41669	2.3075	2.6698	933.17	-0.030860	0.00037139	0.11361	liquid
426.00	103.00	664.08	0.0015058	-187.18	-171.67	-0.41041	2.3113	2.6736	930.40	-0.030744	0.00036858	0.11343	liquid
427.00	103.00	663.37	0.0015075	-184.52	-168.99	-0.40414	2.3150	2.6774	927.63	-0.030629	0.00036580	0.11325	liquid
428.00	103.00	662.66	0.0015091	-181.85	-166.31	-0.39787	2.3188	2.6812	924.87	-0.030513	0.00036305	0.11308	liquid
429.00	103.00	661.95	0.0015107	-179.19	-163.63	-0.39161	2.3226	2.6850	922.12	-0.030397	0.00036033	0.11290	liquid
430.00	103.00	661.24	0.0015123	-176.52	-160.94	-0.38536	2.3264	2.6888	919.37	-0.030280	0.00035765	0.11273	liquid
431.00	103.00	660.53	0.0015139	-173.84	-158.25	-0.37911	2.3301	2.6926	916.63	-0.030163	0.00035499	0.11255	liquid
432.00	103.00	659.82	0.0015156	-171.17	-155.56	-0.37286	2.3339	2.6964	913.89	-0.030046	0.00035236	0.11237	liquid
433.00	103.00	659.11	0.0015172	-168.48	-152.86	-0.36662	2.3377	2.7002	911.16	-0.029928	0.00034976	0.11220	liquid
434.00	103.00	658.40	0.0015188	-165.80	-150.16	-0.36039	2.3414	2.7040	908.43	-0.029811	0.00034719	0.11202	liquid
435.00	103.00	657.69	0.0015205	-163.11	-147.45	-0.35416	2.3452	2.7078	905.71	-0.029692	0.00034464	0.11185	liquid
436.00	103.00	656.98	0.0015221	-160.42	-144.74	-0.34794	2.3489	2.7116	902.99	-0.029574	0.00034212	0.11167	liquid
437.00	103.00	656.26	0.0015238	-157.72	-142.03	-0.34172	2.3527	2.7154	900.28	-0.029455	0.00033963	0.11150	liquid
438.00	103.00	655.55	0.0015254	-155.02	-139.31	-0.33551	2.3564	2.7192	897.57	-0.029336	0.00033717	0.11133	liquid
439.00	103.00	654.83	0.0015271	-152.32	-136.59	-0.32931	2.3602	2.7230	894.87	-0.029216	0.00033473	0.11115	liquid
440.00	103.00	654.12	0.0015288	-149.61	-133.86	-0.32311	2.3639	2.7268	892.17	-0.029096	0.00033231	0.11098	liquid
441.00	103.00	653.40	0.0015304	-146.90	-131.13	-0.31691	2.3676	2.7306	889.48	-0.028976	0.00032992	0.11081	liquid
442.00	103.00	652.69	0.0015321	-144.18	-128.40	-0.31072	2.3713	2.7344	886.80	-0.028855	0.00032756	0.11063	liquid
443.00	103.00	651.97	0.0015338	-141.46	-125.67	-0.30454	2.3751	2.7381	884.12	-0.028734	0.00032522	0.11046	liquid
444.00	103.00	651.25	0.0015355	-138.74	-122.93	-0.29836	2.3788	2.7419	881.44	-0.028612	0.00032290	0.11029	liquid
445.00	103.00	650.54	0.0015372	-136.01	-120.18	-0.29219	2.3825	2.7457	878.77	-0.028490	0.00032061	0.11012	liquid
446.00	103.00	649.82	0.0015389	-133.28	-117.43	-0.28602	2.3862	2.7495	876.10	-0.028368	0.00031834	0.10994	liquid
447.00	103.00	649.10	0.0015406	-130.55	-114.68	-0.27986	2.3899	2.7532	873.44	-0.028245	0.00031609	0.10977	liquid
448.00	103.00	648.38	0.0015423	-127.81	-111.93	-0.27370	2.3936	2.7570	870.79	-0.028122	0.00031387	0.10960	liquid
449.00	103.00	647.66	0.0015440	-125.07	-109.17	-0.26755	2.3973	2.7608	868.14	-0.027999	0.00031166	0.10943	liquid
450.00	103.00	646.94	0.0015457	-122.33	-106.41	-0.26141	2.4010	2.7646	865.49	-0.027875	0.00030948	0.10926	liquid
451.00	103.00	646.22	0.0015475	-119.58	-103.64	-0.25526	2.4047	2.7683	862.85	-0.027751	0.00030732	0.10909	liquid
452.00	103.00	645.50	0.0015492	-116.83	-100.87	-0.24913	2.4084	2.7721	860.21	-0.027626	0.00030518	0.10892	liquid
453.00	103.00	644.77	0.0015509	-114.07	-98.095	-0.24300	2.4121	2.7758	857.58	-0.027501	0.00030307	0.10875	liquid
454.00	103.00	644.05	0.0015527	-111.31	-95.318	-0.23687	2.4158	2.7796	854.96	-0.027375	0.00030097	0.10858	liquid
455.00	103.00	643.33	0.0015544	-108.55	-92.536	-0.23075	2.4194	2.7834	852.34	-0.027249	0.00029889	0.10841	liquid
456.00	103.00	642.60	0.0015562	-105.78	-89.751	-0.22464	2.4231	2.7871	849.72	-0.027123	0.00029684	0.10824	liquid
457.00	103.00	641.88	0.0015579	-103.01	-86.962	-0.21853	2.4268	2.7909	847.11	-0.026996	0.00029480	0.10807	liquid
458.00	103.00	641.15	0.0015597	-100.23	-84.169	-0.21242	2.4304	2.7946	844.50	-0.026869	0.00029278	0.10790	liquid
459.00	103.00	640.43	0.0015615	-97.456	-81.373	-0.20633	2.4341	2.7983	841.90	-0.026741	0.00029078	0.10773	liquid
460.00	103.00	639.70	0.0015632	-94.674	-78.572	-0.20023	2.4377	2.8021	839.30	-0.026613	0.00028880	0.10757	liquid
461.00	103.00	638.97	0.0015650	-91.888	-75.769	-0.19414	2.4414	2.8058	836.71	-0.026484	0.00028684	0.10740	liquid
462.00	103.00	638.24	0.0015668	-89.099	-72.961	-0.18806	2.4450	2.8096	834.12	-0.026355	0.00028489	0.10723	liquid
463.00	103.00	637.51	0.0015686	-86.306	-70.149	-0.18198	2.4487	2.8133	831.54	-0.026225	0.00028296	0.10706	liquid
464.00	103.00	636.78	0.0015704	-83.509	-67.334	-0.17591	2.4523	2.8170	828.96	-0.026095	0.00028106	0.10690	liquid
465.00	103.00	636.05	0.0015722	-80.709	-64.515	-0.16984	2.4559	2.8208	826.39	-0.025965	0.00027916	0.10673	liquid
466.00	103.00	635.32	0.0015740	-77.905	-61.693	-0.16377	2.4595	2.8245	823.82	-0.025834	0.00027729	0.10656	liquid
467.00	103.00	634.59	0.0015758	-75.097	-58.866	-0.15772	2.4632	2.8282	821.26	-0.025702	0.00027543	0.10640	liquid
468.00	103.00	633.86	0.0015776	-72.286	-56.036	-0.15166	2.4668	2.8319	818.70	-0.025570	0.00027359	0.10623	liquid
469.00	103.00	633.13	0.0015795	-69.471	-53.203	-0.14561	2.4704	2.8356	816.15	-0.025438	0.00027177	0.10606	liquid
470.00	103.00	632.39	0.0015813	-66.652	-50.365	-0.13957	2.4740	2.8393	813.60	-0.025305	0.00026996	0.10590	liquid
471.00	103.00	631.66	0.0015831	-63.830	-47.524	-0.13353	2.4776	2.8431	811.05	-0.025171	0.00026817	0.10573	liquid
472.00	103.00	630.92	0.0015850	-61.004	-44.679	-0.12750	2.4812	2.8468	808.51	-0.025037	0.00026639	0.10557	liquid
473.00	103.00	630.19	0.0015868	-58.175	-41.830	-0.12147	2.4848	2.8505	805.98	-0.024902	0.00026463	0.10540	liquid
474.00	103.00	629.45	0.0015887	-55.342	-38.978	-0.11544	2.4884	2.8542	803.45	-0.024767	0.00026288	0.10524	liquid
475.00	103.00	628.71	0.0015906	-52.505	-36.122	-0.10943	2.4920	2.8578	800.92	-0.024632	0.00026115	0.10507	liquid
476.00	103.00	627.97	0.0015924	-49.664	-33.262	-0.10341	2.4955	2.8615	798.40	-0.024496	0.00025944	0.10491	liquid
477.00	103.00	627.24	0.0015943	-46.820	-30.399	-0.097402	2.4991	2.8652	795.88	-0.024359	0.00025774	0.10475	liquid
478.00	103.00	626.50	0.0015962	-43.973	-27.532	-0.091398	2.5027	2.8689	793.37	-0.024222	0.00025605	0.10458	liquid
479.00	103.00	625.76	0.0015981	-41.121	-24.661	-0.085399	2.5062	2.8726	790.87	-0.024084	0.00025438	0.10442	liquid
480.00	103.00	625.01	0.0016000	-38.266	-21.787	-0.079404	2.5098	2.8763	788.36	-0.023946	0.00025272	0.10426	liquid
481.00	103.00	624.27	0.0016019	-35.408	-18.909	-0.073414	2.5133	2.8799	785.87	-0.023807	0.00025108	0.10410	liquid
482.00	103.00	623.53	0.0016038	-32.546	-16.027	-0.067429	2.5169	2.8836	783.37	-0.023667	0.00024945	0.10393	liquid
483.00	103.00	622.79	0.0016057	-29.680	-13.141	-0.061449	2.5204	2.8873	780.88	-0.023527	0.00024783	0.10377	liquid
484.00	103.00	622.04	0.0016076	-26.811	-10.252	-0.055473	2.5240	2.8909	778.40	-0.023386	0.00024623	0.10361	liquid
485.00	103.00	621.30	0.0016095	-23.938	-7.3595	-0.049503	2.5275	2.8946	775.92	-0.023245	0.00024464	0.10345	liquid
486.00	103.00	620.55	0.0016115	-21.061	-4.4631	-0.043537	2.5310	2.8983	773.44	-0.023103	0.00024306	0.10329	liquid
487.00	103.00	619.80	0.0016134	-18.181	-1.5630	-0.037576	2.5346	2.9019	770.97	-0.022961	0.00024150	0.10313	liquid
488.00	103.00	619.06	0.0016154	-15.297	1.3408	-0.031619	2.5381	2.9056	768.51	-0.022818	0.00023995	0.10296	liquid
489.00	103.00	618.31	0.0016173	-12.410	4.2482	-0.025668	2.5416	2.9092	766.05	-0.022674	0.00023841	0.10280	liquid
490.00	103.00	617.56	0.0016193	-9.5194	7.1592	-0.019721	2.5451	2.9128	763.59	-0.022530	0.00023688	0.10264	liquid
491.00	103.00	616.81	0.0016212	-6.6250	10.074	-0.013779	2.5486	2.9165	761.14	-0.022385	0.00023537	0.10248	liquid
492.00	103.00	616.06	0.0016232	-3.7270	12.992	-0.0078410	2.5521	2.9201	758.69	-0.022240	0.00023387	0.10232	liquid
493.00	103.00	615.31	0.0016252	-0.82554	15.914	-0.0019081	2.5556	2.9237	756.25	-0.022093	0.00023238	0.10217	liquid
494.00	103.00	614.55	0.0016272	2.0795	18.840	0.0040201	2.5591	2.9274	753.81	-0.021947	0.00023090	0.10201	liquid
495.00	103.00	613.80	0.0016292	4.9881	21.769	0.0099436	2.5626	2.9310	751.38	-0.021799	0.00022944	0.10185	liquid
496.00	103.00	613.05	0.0016312	7.9003	24.702	0.015862	2.5661	2.9346	748.95	-0.021651	0.00022798	0.10169	liquid
497.00	103.00	612.29	0.0016332	10.816	27.638	0.021777	2.5695	2.9382	746.52	-0.021502	0.00022654	0.10153	liquid
498.00	103.00	611.54	0.0016352	13.735	30.578	0.027686	2.5730	2.9418	744.10	-0.021353	0.00022511	0.10137	liquid
499.00	103.00	610.78	0.0016373	16.658	33.522	0.033591	2.5765	2.9454	741.69	-0.021203	0.00022369	0.10122	liquid
500.00	103.00	610.02	0.0016393	19.584	36.469	0.039492	2.5799	2.9490	739.28	-0.021052	0.00022228	0.10106	liquid
501.00	103.00	609.26	0.0016413	22.514	39.420	0.045387	2.5834	2.9526	736.87	-0.020900	0.00022088	0.10090	liquid
502.00	103.00	608.50	0.0016434	25.447	42.374	0.051279	2.5868	2.9562	734.47	-0.020748	0.00021949	0.10074	liquid
503.00	103.00	607.74	0.0016454	28.384	45.332	0.057165	2.5903	2.9598	732.07	-0.020595	0.00021811	0.10059	liquid
504.00	103.00	606.98	0.0016475	31.325	48.294	0.063047	2.5937	2.9634	729.68	-0.020442	0.00021674	0.10043	liquid
505.00	103.00	606.22	0.0016496	34.269	51.259	0.068925	2.5972	2.9670	727.29	-0.020287	0.00021539	0.10027	liquid
506.00	103.00	605.46	0.0016516	37.216	54.228	0.074798	2.6006	2.9706	724.91	-0.020132	0.00021404	0.10012	liquid
507.00	103.00	604.69	0.0016537	40.167	57.200	0.080666	2.6040	2.9741	722.53	-0.019977	0.00021270	0.099964	liquid
508.00	103.00	603.93	0.0016558	43.121	60.176	0.086530	2.6074	2.9777	720.15	-0.019820	0.00021138	0.099809	liquid
509.00	103.00	603.16	0.0016579	46.079	63.156	0.092389	2.6108	2.9813	717.78	-0.019663	0.00021006	0.099654	liquid
510.00	103.00	602.40	0.0016600	49.040	66.139	0.098244	2.6142	2.9848	715.42	-0.019505	0.00020875	0.099499	liquid
511.00	103.00	601.63	0.0016622	52.005	69.125	0.10409	2.6176	2.9884	713.06	-0.019346	0.00020746	0.099345	liquid
512.00	103.00	600.86	0.0016643	54.973	72.115	0.10994	2.6210	2.9919	710.70	-0.019186	0.00020617	0.099191	liquid
513.00	103.00	600.09	0.0016664	57.945	75.109	0.11578	2.6244	2.9955	708.35	-0.019026	0.00020489	0.099037	liquid
514.00	103.00	599.32	0.0016686	60.920	78.106	0.12162	2.6278	2.9990	706.00	-0.018865	0.00020362	0.098884	liquid
515.00	103.00	598.55	0.0016707	63.899	81.107	0.12745	2.6312	3.0025	703.66	-0.018703	0.00020236	0.098731	liquid
516.00	103.00	597.78	0.0016729	66.881	84.111	0.13328	2.6346	3.0061	701.32	-0.018541	0.00020111	0.098578	liquid
517.00	103.00	597.01	0.0016750	69.866	87.119	0.13910	2.6380	3.0096	698.99	-0.018377	0.00019987	0.098425	liquid
518.00	103.00	596.23	0.0016772	72.855	90.130	0.14492	2.6413	3.0131	696.66	-0.018213	0.00019864	0.098273	liquid
519.00	103.00	595.46	0.0016794	75.848	93.145	0.15074	2.6447	3.0166	694.34	-0.018048	0.00019741	0.098121	liquid
520.00	103.00	594.68	0.0016816	78.844	96.164	0.15655	2.6480	3.0201	692.02	-0.017882	0.00019620	0.097970	liquid
521.00	103.00	593.90	0.0016838	81.843	99.186	0.16235	2.6514	3.0236	689.70	-0.017715	0.00019499	0.097818	liquid
522.00	103.00	593.13	0.0016860	84.845	102.21	0.16815	2.6547	3.0272	687.39	-0.017548	0.00019380	0.097667	liquid
523.00	103.00	592.35	0.0016882	87.851	105.24	0.17395	2.6581	3.0307	685.09	-0.017379	0.00019261	0.097516	liquid
524.00	103.00	591.57	0.0016904	90.861	108.27	0.17974	2.6614	3.0341	682.79	-0.017210	0.00019143	0.097366	liquid
525.00	103.00	590.79	0.0016927	93.874	111.31	0.18553	2.6647	3.0376	680.49	-0.017040	0.00019025	0.097216	liquid
526.00	103.00	590.01	0.0016949	96.890	114.35	0.19131	2.6681	3.0411	678.20	-0.016869	0.00018909	0.097066	liquid
527.00	103.00	589.22	0.0016971	99.910	117.39	0.19709	2.6714	3.0446	675.91	-0.016697	0.00018793	0.096917	liquid
528.00	103.00	588.44	0.0016994	102.93	120.44	0.20287	2.6747	3.0481	673.63	-0.016524	0.00018678	0.096767	liquid
529.00	103.00	587.66	0.0017017	105.96	123.49	0.20864	2.6780	3.0515	671.35	-0.016351	0.00018564	0.096619	liquid
530.00	103.00	586.87	0.0017040	108.99	126.54	0.21441	2.6813	3.0550	669.08	-0.016176	0.00018451	0.096470	liquid
531.00	103.00	586.08	0.0017062	112.02	129.60	0.22017	2.6846	3.0585	666.81	-0.016001	0.00018339	0.096322	liquid
532.00	103.00	585.30	0.0017085	115.06	132.66	0.22593	2.6879	3.0619	664.54	-0.015824	0.00018227	0.096174	liquid
533.00	103.00	584.51	0.0017108	118.10	135.72	0.23168	2.6912	3.0654	662.29	-0.015647	0.00018116	0.096026	liquid
534.00	103.00	583.72	0.0017132	121.14	138.79	0.23743	2.6945	3.0688	660.03	-0.015469	0.00018006	0.095879	liquid
535.00	103.00	582.93	0.0017155	124.19	141.86	0.24317	2.6978	3.0722	657.78	-0.015290	0.00017896	0.095732	liquid
536.00	103.00	582.13	0.0017178	127.24	144.93	0.24891	2.7010	3.0757	655.54	-0.015110	0.00017788	0.095585	liquid
537.00	103.00	581.34	0.0017202	130.29	148.01	0.25465	2.7043	3.0791	653.30	-0.014929	0.00017680	0.095439	liquid
538.00	103.00	580.55	0.0017225	133.35	151.09	0.26038	2.7076	3.0825	651.06	-0.014747	0.00017572	0.095293	liquid
539.00	103.00	579.75	0.0017249	136.41	154.17	0.26611	2.7108	3.0860	648.83	-0.014564	0.00017466	0.095147	liquid
540.00	103.00	578.96	0.0017272	139.47	157.26	0.27183	2.7141	3.0894	646.61	-0.014380	0.00017360	0.095002	liquid
541.00	103.00	578.16	0.0017296	142.54	160.35	0.27755	2.7173	3.0928	644.38	-0.014195	0.00017255	0.094857	liquid
542.00	103.00	577.36	0.0017320	145.61	163.45	0.28327	2.7206	3.0962	642.17	-0.014009	0.00017151	0.094712	liquid
543.00	103.00	576.56	0.0017344	148.68	166.55	0.28898	2.7238	3.0996	639.96	-0.013822	0.00017047	0.094568	liquid
544.00	103.00	575.76	0.0017368	151.76	169.65	0.29468	2.7270	3.1030	637.75	-0.013634	0.00016944	0.094424	liquid
545.00	103.00	574.96	0.0017392	154.84	172.75	0.30038	2.7302	3.1064	635.55	-0.013445	0.00016842	0.094281	liquid
546.00	103.00	574.16	0.0017417	157.92	175.86	0.30608	2.7335	3.1097	633.35	-0.013255	0.00016740	0.094137	liquid
547.00	103.00	573.36	0.0017441	161.01	178.97	0.31177	2.7367	3.1131	631.16	-0.013064	0.00016639	0.093994	liquid
548.00	103.00	572.55	0.0017466	164.10	182.09	0.31746	2.7399	3.1165	628.97	-0.012872	0.00016539	0.093852	liquid
549.00	103.00	571.75	0.0017490	167.19	185.20	0.32315	2.7431	3.1199	626.79	-0.012679	0.00016439	0.093709	liquid
550.00	103.00	570.94	0.0017515	170.29	188.33	0.32883	2.7463	3.1232	624.61	-0.012485	0.00016340	0.093568	liquid
551.00	103.00	570.13	0.0017540	173.38	191.45	0.33451	2.7495	3.1266	622.44	-0.012290	0.00016241	0.093426	liquid
552.00	103.00	569.32	0.0017565	176.49	194.58	0.34018	2.7527	3.1299	620.27	-0.012094	0.00016144	0.093285	liquid
553.00	103.00	568.51	0.0017590	179.59	197.71	0.34585	2.7558	3.1333	618.11	-0.011896	0.00016046	0.093144	liquid
554.00	103.00	567.70	0.0017615	182.70	200.85	0.35151	2.7590	3.1366	615.95	-0.011698	0.00015950	0.093004	liquid
555.00	103.00	566.89	0.0017640	185.81	203.98	0.35717	2.7622	3.1399	613.80	-0.011499	0.00015854	0.092863	liquid
556.00	103.00	566.08	0.0017665	188.93	207.12	0.36282	2.7654	3.1433	611.65	-0.011298	0.00015759	0.092724	liquid
557.00	103.00	565.27	0.0017691	192.05	210.27	0.36848	2.7685	3.1466	609.51	-0.011096	0.00015664	0.092584	liquid
558.00	103.00	564.45	0.0017716	195.17	213.42	0.37412	2.7717	3.1499	607.37	-0.010893	0.00015570	0.092445	liquid
559.00	103.00	563.63	0.0017742	198.30	216.57	0.37977	2.7748	3.1532	605.24	-0.010690	0.00015477	0.092307	liquid
560.00	103.00	562.82	0.0017768	201.42	219.72	0.38540	2.7780	3.1565	603.11	-0.010484	0.00015384	0.092168	liquid
561.00	103.00	562.00	0.0017794	204.56	222.88	0.39104	2.7811	3.1598	600.99	-0.010278	0.00015291	0.092030	liquid
562.00	103.00	561.18	0.0017820	207.69	226.04	0.39667	2.7842	3.1631	598.87	-0.010071	0.00015200	0.091893	liquid
563.00	103.00	560.36	0.0017846	210.83	229.21	0.40230	2.7874	3.1664	596.76	-0.0098625	0.00015109	0.091756	liquid
564.00	103.00	559.54	0.0017872	213.97	232.38	0.40792	2.7905	3.1697	594.65	-0.0096528	0.00015018	0.091619	liquid
565.00	103.00	558.71	0.0017898	217.11	235.55	0.41354	2.7936	3.1729	592.55	-0.0094420	0.00014928	0.091483	liquid
566.00	103.00	557.89	0.0017925	220.26	238.72	0.41915	2.7967	3.1762	590.46	-0.0092300	0.00014839	0.091347	liquid
567.00	103.00	557.06	0.0017951	223.41	241.90	0.42476	2.7998	3.1795	588.37	-0.0090168	0.00014750	0.091211	liquid
568.00	103.00	556.24	0.0017978	226.56	245.08	0.43036	2.8029	3.1827	586.28	-0.0088024	0.00014661	0.091076	liquid
569.00	103.00	555.41	0.0018005	229.72	248.27	0.43597	2.8060	3.1860	584.20	-0.0085868	0.00014574	0.090941	liquid
570.00	103.00	554.58	0.0018032	232.88	251.45	0.44156	2.8091	3.1892	582.12	-0.0083700	0.00014486	0.090807	liquid
571.00	103.00	553.75	0.0018059	236.04	254.64	0.44716	2.8122	3.1925	580.05	-0.0081520	0.00014400	0.090673	liquid
572.00	103.00	552.92	0.0018086	239.21	257.84	0.45274	2.8153	3.1957	577.99	-0.0079328	0.00014314	0.090539	liquid
573.00	103.00	552.09	0.0018113	242.38	261.04	0.45833	2.8184	3.1989	575.93	-0.0077123	0.00014228	0.090406	liquid
574.00	103.00	551.26	0.0018140	245.55	264.24	0.46391	2.8214	3.2021	573.87	-0.0074906	0.00014143	0.090273	liquid
575.00	103.00	550.42	0.0018168	248.73	267.44	0.46949	2.8245	3.2053	571.82	-0.0072677	0.00014058	0.090141	liquid
576.00	103.00	549.59	0.0018195	251.91	270.65	0.47506	2.8276	3.2085	569.78	-0.0070435	0.00013974	0.090009	liquid
577.00	103.00	548.75	0.0018223	255.09	273.86	0.48063	2.8306	3.2117	567.74	-0.0068181	0.00013891	0.089877	liquid
578.00	103.00	547.92	0.0018251	258.27	277.07	0.48619	2.8337	3.2149	565.71	-0.0065913	0.00013808	0.089746	liquid
579.00	103.00	547.08	0.0018279	261.46	280.29	0.49175	2.8367	3.2181	563.68	-0.0063634	0.00013725	0.089615	liquid
580.00	103.00	546.24	0.0018307	264.65	283.51	0.49731	2.8398	3.2213	561.66	-0.0061341	0.00013643	0.089485	liquid
581.00	103.00	545.40	0.0018335	267.84	286.73	0.50286	2.8428	3.2245	559.64	-0.0059035	0.00013562	0.089355	liquid
582.00	103.00	544.56	0.0018364	271.04	289.96	0.50841	2.8458	3.2277	557.63	-0.0056717	0.00013481	0.089226	liquid
583.00	103.00	543.71	0.0018392	274.24	293.18	0.51395	2.8488	3.2308	555.63	-0.0054385	0.00013400	0.089097	liquid
584.00	103.00	542.87	0.0018421	277.44	296.42	0.51949	2.8519	3.2340	553.63	-0.0052041	0.00013320	0.088968	liquid
585.00	103.00	542.02	0.0018449	280.65	299.65	0.52503	2.8549	3.2371	551.63	-0.0049683	0.00013241	0.088840	liquid
586.00	103.00	541.18	0.0018478	283.86	302.89	0.53056	2.8579	3.2403	549.65	-0.0047312	0.00013161	0.088712	liquid
587.00	103.00	540.33	0.0018507	287.07	306.13	0.53609	2.8609	3.2434	547.66	-0.0044928	0.00013083	0.088585	liquid
588.00	103.00	539.48	0.0018536	290.29	309.38	0.54161	2.8639	3.2465	545.69	-0.0042530	0.00013005	0.088458	liquid
589.00	103.00	538.63	0.0018566	293.50	312.63	0.54713	2.8669	3.2497	543.71	-0.0040119	0.00012927	0.088332	liquid
590.00	103.00	537.78	0.0018595	296.72	315.88	0.55264	2.8699	3.2528	541.75	-0.0037695	0.00012850	0.088206	liquid
591.00	103.00	536.93	0.0018624	299.95	319.13	0.55815	2.8728	3.2559	539.79	-0.0035257	0.00012773	0.088081	liquid
592.00	103.00	536.08	0.0018654	303.18	322.39	0.56366	2.8758	3.2590	537.83	-0.0032805	0.00012697	0.087956	liquid
593.00	103.00	535.22	0.0018684	306.41	325.65	0.56916	2.8788	3.2621	535.89	-0.0030340	0.00012621	0.087831	liquid
594.00	103.00	534.37	0.0018714	309.64	328.91	0.57466	2.8818	3.2652	533.94	-0.0027861	0.00012546	0.087707	liquid
595.00	103.00	533.51	0.0018744	312.87	332.18	0.58016	2.8847	3.2682	532.01	-0.0025368	0.00012471	0.087583	liquid
596.00	103.00	532.65	0.0018774	316.11	335.45	0.58565	2.8877	3.2713	530.08	-0.0022862	0.00012397	0.087460	liquid
597.00	103.00	531.79	0.0018804	319.35	338.72	0.59114	2.8906	3.2744	528.15	-0.0020341	0.00012323	0.087338	liquid
598.00	103.00	530.93	0.0018835	322.60	342.00	0.59662	2.8936	3.2775	526.23	-0.0017807	0.00012249	0.087215	liquid
599.00	103.00	530.07	0.0018865	325.85	345.28	0.60210	2.8965	3.2805	524.32	-0.0015259	0.00012176	0.087094	liquid
600.00	103.00	529.21	0.0018896	329.10	348.56	0.60757	2.8994	3.2836	522.41	-0.0012697	0.00012104	0.086973	liquid
601.00	103.00	528.35	0.0018927	332.35	351.84	0.61304	2.9024	3.2866	520.51	-0.0010120	0.00012031	0.086852	liquid
602.00	103.00	527.48	0.0018958	335.61	355.13	0.61851	2.9053	3.2896	518.61	-0.00075297	0.00011960	0.086732	liquid
603.00	103.00	526.62	0.0018989	338.87	358.42	0.62397	2.9082	3.2926	516.73	-0.00049250	0.00011888	0.086612	liquid
604.00	103.00	525.75	0.0019020	342.13	361.72	0.62943	2.9111	3.2957	514.84	-0.00023061	0.00011817	0.086493	liquid
605.00	103.00	524.88	0.0019052	345.39	365.02	0.63488	2.9140	3.2987	512.96	3.2715e-05	0.00011747	0.086374	liquid
606.00	103.00	524.02	0.0019083	348.66	368.32	0.64033	2.9169	3.3017	511.09	0.00029747	0.00011677	0.086256	liquid
607.00	103.00	523.15	0.0019115	351.93	371.62	0.64578	2.9198	3.3047	509.23	0.00056365	0.00011607	0.086138	liquid
608.00	103.00	522.27	0.0019147	355.20	374.93	0.65122	2.9227	3.3077	507.37	0.00083128	0.00011538	0.086021	liquid
609.00	103.00	521.40	0.0019179	358.48	378.23	0.65666	2.9256	3.3106	505.52	0.0011004	0.00011469	0.085904	liquid
610.00	103.00	520.53	0.0019211	361.76	381.55	0.66210	2.9285	3.3136	503.67	0.0013709	0.00011401	0.085788	liquid
611.00	103.00	519.66	0.0019244	365.04	384.86	0.66753	2.9314	3.3166	501.83	0.0016428	0.00011333	0.085672	liquid
612.00	103.00	518.78	0.0019276	368.33	388.18	0.67295	2.9342	3.3195	500.00	0.0019163	0.00011265	0.085557	liquid
613.00	103.00	517.90	0.0019309	371.61	391.50	0.67837	2.9371	3.3225	498.17	0.0021912	0.00011198	0.085442	liquid
614.00	103.00	517.03	0.0019341	374.90	394.82	0.68379	2.9400	3.3254	496.35	0.0024675	0.00011131	0.085328	liquid
615.00	103.00	516.15	0.0019374	378.20	398.15	0.68921	2.9428	3.3284	494.54	0.0027453	0.00011065	0.085215	liquid
616.00	103.00	515.27	0.0019407	381.49	401.48	0.69462	2.9457	3.3313	492.73	0.0030246	0.00010999	0.085102	liquid
617.00	103.00	514.39	0.0019441	384.79	404.81	0.70002	2.9485	3.3342	490.93	0.0033053	0.00010933	0.084989	liquid
618.00	103.00	513.51	0.0019474	388.09	408.15	0.70542	2.9514	3.3371	489.13	0.0035875	0.00010868	0.084877	liquid
619.00	103.00	512.62	0.0019507	391.40	411.49	0.71082	2.9542	3.3400	487.34	0.0038712	0.00010803	0.084766	liquid
620.00	103.00	511.74	0.0019541	394.70	414.83	0.71622	2.9570	3.3429	485.56	0.0041564	0.00010739	0.084655	liquid
621.00	103.00	510.86	0.0019575	398.01	418.17	0.72161	2.9598	3.3458	483.79	0.0044430	0.00010675	0.084545	liquid
622.00	103.00	509.97	0.0019609	401.32	421.52	0.72699	2.9627	3.3487	482.02	0.0047312	0.00010611	0.084435	liquid
623.00	103.00	509.08	0.0019643	404.64	424.87	0.73237	2.9655	3.3516	480.25	0.0050208	0.00010548	0.084326	liquid
624.00	103.00	508.20	0.0019677	407.96	428.22	0.73775	2.9683	3.3544	478.50	0.0053119	0.00010485	0.084217	liquid
625.00	103.00	507.31	0.0019712	411.28	431.58	0.74312	2.9711	3.3573	476.75	0.0056044	0.00010422	0.084109	liquid
626.00	103.00	506.42	0.0019747	414.60	434.94	0.74849	2.9739	3.3601	475.01	0.0058985	0.00010360	0.084002	liquid
627.00	103.00	505.53	0.0019781	417.93	438.30	0.75386	2.9767	3.3630	473.27	0.0061941	0.00010298	0.083895	liquid
628.00	103.00	504.64	0.0019816	421.25	441.66	0.75922	2.9795	3.3658	471.54	0.0064911	0.00010237	0.083788	liquid
629.00	103.00	503.74	0.0019851	424.59	445.03	0.76458	2.9823	3.3686	469.82	0.0067896	0.00010176	0.083683	liquid
630.00	103.00	502.85	0.0019887	427.92	448.40	0.76993	2.9850	3.3714	468.10	0.0070896	0.00010115	0.083578	liquid
631.00	103.00	501.96	0.0019922	431.26	451.78	0.77528	2.9878	3.3743	466.39	0.0073911	0.00010055	0.083473	liquid
632.00	103.00	501.06	0.0019958	434.59	455.15	0.78063	2.9906	3.3771	464.69	0.0076941	9.9950e-05	0.083369	liquid
633.00	103.00	500.16	0.0019993	437.94	458.53	0.78597	2.9933	3.3798	463.00	0.0079985	9.9354e-05	0.083266	liquid
634.00	103.00	499.27	0.0020029	441.28	461.91	0.79131	2.9961	3.3826	461.31	0.0083045	9.8762e-05	0.083163	liquid
635.00	103.00	498.37	0.0020066	444.63	465.29	0.79664	2.9988	3.3854	459.63	0.0086119	9.8174e-05	0.083061	liquid
636.00	103.00	497.47	0.0020102	447.98	468.68	0.80197	3.0016	3.3882	457.95	0.0089208	9.7589e-05	0.082959	liquid
637.00	103.00	496.57	0.0020138	451.33	472.07	0.80729	3.0043	3.3909	456.29	0.0092312	9.7007e-05	0.082858	liquid
638.00	103.00	495.67	0.0020175	454.68	475.46	0.81262	3.0071	3.3937	454.63	0.0095431	9.6430e-05	0.082758	liquid
639.00	103.00	494.76	0.0020212	458.04	478.86	0.81793	3.0098	3.3964	452.97	0.0098565	9.5855e-05	0.082658	liquid
640.00	103.00	493.86	0.0020249	461.40	482.26	0.82325	3.0125	3.3991	451.33	0.010171	9.5285e-05	0.082559	liquid
641.00	103.00	492.96	0.0020286	464.76	485.66	0.82855	3.0152	3.4019	449.69	0.010488	9.4717e-05	0.082460	liquid
642.00	103.00	492.05	0.0020323	468.13	489.06	0.83386	3.0180	3.4046	448.05	0.010805	9.4153e-05	0.082362	liquid
643.00	103.00	491.15	0.0020360	471.49	492.47	0.83916	3.0207	3.4073	446.43	0.011125	9.3593e-05	0.082265	liquid
644.00	103.00	490.24	0.0020398	474.86	495.87	0.84446	3.0234	3.4100	444.81	0.011445	9.3036e-05	0.082168	liquid
645.00	103.00	489.33	0.0020436	478.24	499.29	0.84975	3.0261	3.4127	443.20	0.011768	9.2483e-05	0.082072	liquid
646.00	103.00	488.43	0.0020474	481.61	502.70	0.85504	3.0288	3.4153	441.59	0.012091	9.1932e-05	0.081977	liquid
647.00	103.00	487.52	0.0020512	484.99	506.12	0.86032	3.0315	3.4180	440.00	0.012416	9.1386e-05	0.081882	liquid
648.00	103.00	486.61	0.0020550	488.37	509.54	0.86561	3.0341	3.4207	438.41	0.012743	9.0842e-05	0.081788	liquid
649.00	103.00	485.70	0.0020589	491.75	512.96	0.87088	3.0368	3.4233	436.83	0.013071	9.0302e-05	0.081694	liquid
650.00	103.00	484.78	0.0020628	495.14	516.38	0.87616	3.0395	3.4260	435.25	0.013400	8.9766e-05	0.081602	liquid
651.00	103.00	483.87	0.0020667	498.52	519.81	0.88142	3.0422	3.4286	433.68	0.013731	8.9232e-05	0.081509	liquid
652.00	103.00	482.96	0.0020706	501.91	523.24	0.88669	3.0448	3.4312	432.12	0.014063	8.8702e-05	0.081418	liquid
653.00	103.00	482.05	0.0020745	505.30	526.67	0.89195	3.0475	3.4338	430.57	0.014397	8.8175e-05	0.081327	liquid
654.00	103.00	481.13	0.0020784	508.70	530.11	0.89721	3.0501	3.4365	429.02	0.014732	8.7652e-05	0.081237	liquid
655.00	103.00	480.22	0.0020824	512.10	533.54	0.90246	3.0528	3.4390	427.48	0.015069	8.7132e-05	0.081147	liquid
656.00	103.00	479.30	0.0020864	515.50	536.99	0.90771	3.0554	3.4416	425.95	0.015407	8.6615e-05	0.081058	liquid
657.00	103.00	478.38	0.0020904	518.90	540.43	0.91295	3.0581	3.4442	424.43	0.015746	8.6101e-05	0.080970	liquid
658.00	103.00	477.47	0.0020944	522.30	543.87	0.91819	3.0607	3.4468	422.91	0.016087	8.5590e-05	0.080883	liquid
659.00	103.00	476.55	0.0020984	525.71	547.32	0.92343	3.0633	3.4493	421.40	0.016429	8.5083e-05	0.080796	supercritical
660.00	103.00	475.63	0.0021025	529.12	550.77	0.92866	3.0659	3.4519	419.90	0.016773	8.4579e-05	0.080709	supercritical
661.00	103.00	474.71	0.0021066	532.53	554.23	0.93389	3.0686	3.4544	418.40	0.017118	8.4078e-05	0.080624	supercritical
662.00	103.00	473.79	0.0021106	535.94	557.68	0.93911	3.0712	3.4570	416.92	0.017464	8.3580e-05	0.080539	supercritical
663.00	103.00	472.87	0.0021148	539.36	561.14	0.94433	3.0738	3.4595	415.44	0.017812	8.3086e-05	0.080455	supercritical
664.00	103.00	471.95	0.0021189	542.78	564.60	0.94955	3.0764	3.4620	413.97	0.018161	8.2594e-05	0.080372	supercritical
665.00	103.00	471.03	0.0021230	546.20	568.06	0.95476	3.0790	3.4645	412.50	0.018511	8.2106e-05	0.080289	supercritical
666.00	103.00	470.10	0.0021272	549.62	571.53	0.95997	3.0816	3.4670	411.04	0.018863	8.1621e-05	0.080207	supercritical
667.00	103.00	469.18	0.0021314	553.04	575.00	0.96517	3.0842	3.4695	409.59	0.019216	8.1138e-05	0.080125	supercritical
668.00	103.00	468.26	0.0021356	556.47	578.47	0.97037	3.0867	3.4720	408.15	0.019571	8.0659e-05	0.080045	supercritical
669.00	103.00	467.33	0.0021398	559.90	581.94	0.97557	3.0893	3.4745	406.72	0.019926	8.0183e-05	0.079965	supercritical
670.00	103.00	466.41	0.0021441	563.33	585.42	0.98076	3.0919	3.4769	405.29	0.020284	7.9710e-05	0.079885	supercritical
671.00	103.00	465.48	0.0021483	566.77	588.90	0.98595	3.0944	3.4794	403.87	0.020642	7.9241e-05	0.079807	supercritical
672.00	103.00	464.56	0.0021526	570.20	592.38	0.99113	3.0970	3.4818	402.46	0.021002	7.8774e-05	0.079729	supercritical
673.00	103.00	463.63	0.0021569	573.64	595.86	0.99631	3.0996	3.4842	401.05	0.021363	7.8310e-05	0.079652	supercritical
674.00	103.00	462.70	0.0021612	577.08	599.34	1.0015	3.1021	3.4867	399.66	0.021725	7.7849e-05	0.079575	supercritical
675.00	103.00	461.78	0.0021656	580.53	602.83	1.0067	3.1047	3.4891	398.27	0.022088	7.7391e-05	0.079499	supercritical
676.00	103.00	460.85	0.0021699	583.97	606.32	1.0118	3.1072	3.4915	396.88	0.022453	7.6936e-05	0.079424	supercritical
677.00	103.00	459.92	0.0021743	587.42	609.82	1.0170	3.1097	3.4939	395.51	0.022819	7.6484e-05	0.079350	supercritical
678.00	103.00	458.99	0.0021787	590.87	613.31	1.0221	3.1123	3.4962	394.14	0.023186	7.6035e-05	0.079277	supercritical
679.00	103.00	458.06	0.0021831	594.32	616.81	1.0273	3.1148	3.4986	392.78	0.023555	7.5589e-05	0.079204	supercritical
680.00	103.00	457.13	0.0021876	597.78	620.31	1.0324	3.1173	3.5010	391.43	0.023924	7.5146e-05	0.079132	supercritical
681.00	103.00	456.20	0.0021920	601.23	623.81	1.0376	3.1198	3.5033	390.09	0.024295	7.4706e-05	0.079060	supercritical
682.00	103.00	455.27	0.0021965	604.69	627.31	1.0427	3.1223	3.5057	388.75	0.024667	7.4269e-05	0.078989	supercritical
683.00	103.00	454.34	0.0022010	608.15	630.82	1.0479	3.1248	3.5080	387.42	0.025041	7.3835e-05	0.078919	supercritical
684.00	103.00	453.41	0.0022055	611.61	634.33	1.0530	3.1273	3.5103	386.10	0.025415	7.3403e-05	0.078850	supercritical
685.00	103.00	452.48	0.0022100	615.08	637.84	1.0581	3.1298	3.5127	384.79	0.025791	7.2975e-05	0.078782	supercritical
686.00	103.00	451.55	0.0022146	618.54	641.36	1.0633	3.1323	3.5150	383.48	0.026167	7.2549e-05	0.078714	supercritical
687.00	103.00	450.62	0.0022192	622.01	644.87	1.0684	3.1348	3.5173	382.18	0.026545	7.2126e-05	0.078647	supercritical
688.00	103.00	449.68	0.0022238	625.48	648.39	1.0735	3.1373	3.5195	380.89	0.026924	7.1706e-05	0.078581	supercritical
689.00	103.00	448.75	0.0022284	628.96	651.91	1.0786	3.1397	3.5218	379.61	0.027304	7.1289e-05	0.078515	supercritical
690.00	103.00	447.82	0.0022330	632.43	655.43	1.0837	3.1422	3.5241	378.33	0.027685	7.0874e-05	0.078450	supercritical
691.00	103.00	446.89	0.0022377	635.91	658.96	1.0888	3.1447	3.5263	377.06	0.028068	7.0463e-05	0.078386	supercritical
692.00	103.00	445.95	0.0022424	639.39	662.49	1.0939	3.1471	3.5286	375.80	0.028451	7.0054e-05	0.078323	supercritical
693.00	103.00	445.02	0.0022471	642.87	666.02	1.0990	3.1496	3.5308	374.55	0.028835	6.9648e-05	0.078260	supercritical
694.00	103.00	444.09	0.0022518	646.35	669.55	1.1041	3.1520	3.5331	373.30	0.029221	6.9245e-05	0.078198	supercritical
695.00	103.00	443.15	0.0022566	649.84	673.08	1.1092	3.1544	3.5353	372.07	0.029607	6.8844e-05	0.078137	supercritical
696.00	103.00	442.22	0.0022613	653.33	676.62	1.1143	3.1569	3.5375	370.84	0.029995	6.8446e-05	0.078077	supercritical
697.00	103.00	441.29	0.0022661	656.82	680.16	1.1194	3.1593	3.5397	369.61	0.030383	6.8051e-05	0.078017	supercritical
698.00	103.00	440.35	0.0022709	660.31	683.70	1.1245	3.1617	3.5419	368.40	0.030773	6.7659e-05	0.077958	supercritical
699.00	103.00	439.42	0.0022757	663.80	687.24	1.1295	3.1641	3.5441	367.19	0.031163	6.7269e-05	0.077900	supercritical
700.00	103.00	438.49	0.0022806	667.30	690.79	1.1346	3.1666	3.5462	365.99	0.031555	6.6882e-05	0.077843	supercritical
