Temperature (K)	Pressure (bar)	Density (kg/m3)	Volume (m3/kg)	Internal Energy (kJ/kg)	Enthalpy (kJ/kg)	Entropy (J/g*K)	Cv (J/g*K)	Cp (J/g*K)	Sound Spd. (m/s)	Joule-Thomson (K/bar)	Viscosity (Pa*s)	Therm. Cond. (W/m*K)	Phase
268.00	54.000	771.46	0.0012962	-559.72	-552.72	-1.4983	1.7154	2.1219	1437.4	-0.045487	0.0027694	0.14447	liquid
269.00	54.000	770.72	0.0012975	-557.60	-550.60	-1.4904	1.7187	2.1245	1433.1	-0.045418	0.0026988	0.14421	liquid
270.00	54.000	769.99	0.0012987	-555.49	-548.47	-1.4825	1.7219	2.1271	1428.8	-0.045347	0.0026310	0.14396	liquid
271.00	54.000	769.25	0.0013000	-553.36	-546.34	-1.4746	1.7252	2.1297	1424.5	-0.045276	0.0025659	0.14371	liquid
272.00	54.000	768.52	0.0013012	-551.24	-544.21	-1.4668	1.7285	2.1323	1420.2	-0.045205	0.0025033	0.14346	liquid
273.00	54.000	767.79	0.0013024	-549.11	-542.08	-1.4589	1.7318	2.1350	1415.9	-0.045132	0.0024430	0.14321	liquid
274.00	54.000	767.06	0.0013037	-546.98	-539.94	-1.4511	1.7351	2.1377	1411.7	-0.045059	0.0023851	0.14296	liquid
275.00	54.000	766.33	0.0013049	-544.85	-537.80	-1.4433	1.7385	2.1404	1407.4	-0.044986	0.0023292	0.14271	liquid
276.00	54.000	765.60	0.0013062	-542.72	-535.66	-1.4356	1.7418	2.1432	1403.2	-0.044911	0.0022755	0.14247	liquid
277.00	54.000	764.87	0.0013074	-540.58	-533.52	-1.4278	1.7452	2.1459	1399.0	-0.044836	0.0022236	0.14222	liquid
278.00	54.000	764.14	0.0013087	-538.44	-531.37	-1.4201	1.7486	2.1487	1394.8	-0.044761	0.0021736	0.14197	liquid
279.00	54.000	763.41	0.0013099	-536.29	-529.22	-1.4123	1.7520	2.1515	1390.6	-0.044685	0.0021254	0.14173	liquid
280.00	54.000	762.68	0.0013112	-534.15	-527.07	-1.4046	1.7554	2.1543	1386.5	-0.044608	0.0020788	0.14148	liquid
281.00	54.000	761.96	0.0013124	-532.00	-524.91	-1.3970	1.7588	2.1572	1382.3	-0.044530	0.0020338	0.14124	liquid
282.00	54.000	761.23	0.0013137	-529.85	-522.75	-1.3893	1.7622	2.1601	1378.2	-0.044452	0.0019903	0.14100	liquid
283.00	54.000	760.50	0.0013149	-527.69	-520.59	-1.3816	1.7657	2.1629	1374.1	-0.044374	0.0019483	0.14075	liquid
284.00	54.000	759.78	0.0013162	-525.53	-518.43	-1.3740	1.7691	2.1659	1370.0	-0.044295	0.0019077	0.14051	liquid
285.00	54.000	759.05	0.0013174	-523.37	-516.26	-1.3664	1.7726	2.1688	1365.9	-0.044215	0.0018684	0.14027	liquid
286.00	54.000	758.33	0.0013187	-521.21	-514.09	-1.3588	1.7761	2.1717	1361.8	-0.044134	0.0018304	0.14003	liquid
287.00	54.000	757.60	0.0013200	-519.04	-511.92	-1.3512	1.7796	2.1747	1357.7	-0.044054	0.0017936	0.13979	liquid
288.00	54.000	756.88	0.0013212	-516.87	-509.74	-1.3436	1.7831	2.1777	1353.7	-0.043972	0.0017579	0.13955	liquid
289.00	54.000	756.16	0.0013225	-514.70	-507.56	-1.3361	1.7866	2.1807	1349.7	-0.043890	0.0017234	0.13931	liquid
290.00	54.000	755.43	0.0013237	-512.53	-505.38	-1.3285	1.7901	2.1837	1345.6	-0.043808	0.0016899	0.13908	liquid
291.00	54.000	754.71	0.0013250	-510.35	-503.19	-1.3210	1.7937	2.1868	1341.6	-0.043725	0.0016575	0.13884	liquid
292.00	54.000	753.99	0.0013263	-508.17	-501.01	-1.3135	1.7972	2.1899	1337.6	-0.043641	0.0016260	0.13860	liquid
293.00	54.000	753.27	0.0013275	-505.98	-498.81	-1.3060	1.8008	2.1929	1333.7	-0.043557	0.0015954	0.13836	liquid
294.00	54.000	752.55	0.0013288	-503.79	-496.62	-1.2985	1.8043	2.1960	1329.7	-0.043473	0.0015658	0.13813	liquid
295.00	54.000	751.83	0.0013301	-501.60	-494.42	-1.2911	1.8079	2.1992	1325.7	-0.043388	0.0015370	0.13789	liquid
296.00	54.000	751.11	0.0013314	-499.41	-492.22	-1.2836	1.8115	2.2023	1321.8	-0.043302	0.0015091	0.13766	liquid
297.00	54.000	750.39	0.0013326	-497.21	-490.02	-1.2762	1.8151	2.2055	1317.9	-0.043216	0.0014820	0.13743	liquid
298.00	54.000	749.67	0.0013339	-495.01	-487.81	-1.2688	1.8187	2.2086	1313.9	-0.043130	0.0014556	0.13719	liquid
299.00	54.000	748.95	0.0013352	-492.81	-485.60	-1.2614	1.8223	2.2118	1310.0	-0.043043	0.0014300	0.13696	liquid
300.00	54.000	748.23	0.0013365	-490.60	-483.39	-1.2540	1.8260	2.2150	1306.1	-0.042956	0.0014051	0.13673	liquid
301.00	54.000	747.51	0.0013378	-488.39	-481.17	-1.2466	1.8296	2.2182	1302.3	-0.042868	0.0013808	0.13650	liquid
302.00	54.000	746.79	0.0013391	-486.18	-478.95	-1.2392	1.8332	2.2215	1298.4	-0.042780	0.0013573	0.13627	liquid
303.00	54.000	746.08	0.0013403	-483.96	-476.73	-1.2319	1.8369	2.2247	1294.5	-0.042691	0.0013343	0.13604	liquid
304.00	54.000	745.36	0.0013416	-481.75	-474.50	-1.2246	1.8406	2.2280	1290.7	-0.042602	0.0013120	0.13581	liquid
305.00	54.000	744.64	0.0013429	-479.52	-472.27	-1.2172	1.8442	2.2312	1286.9	-0.042513	0.0012903	0.13558	liquid
306.00	54.000	743.93	0.0013442	-477.30	-470.04	-1.2099	1.8479	2.2345	1283.0	-0.042423	0.0012691	0.13535	liquid
307.00	54.000	743.21	0.0013455	-475.07	-467.80	-1.2026	1.8516	2.2378	1279.2	-0.042332	0.0012485	0.13512	liquid
308.00	54.000	742.49	0.0013468	-472.84	-465.56	-1.1953	1.8553	2.2412	1275.4	-0.042242	0.0012284	0.13489	liquid
309.00	54.000	741.78	0.0013481	-470.60	-463.32	-1.1881	1.8590	2.2445	1271.6	-0.042151	0.0012089	0.13466	liquid
310.00	54.000	741.06	0.0013494	-468.36	-461.07	-1.1808	1.8627	2.2478	1267.9	-0.042059	0.0011898	0.13444	liquid
311.00	54.000	740.35	0.0013507	-466.12	-458.82	-1.1736	1.8664	2.2512	1264.1	-0.041967	0.0011712	0.13421	liquid
312.00	54.000	739.63	0.0013520	-463.87	-456.57	-1.1663	1.8701	2.2546	1260.3	-0.041875	0.0011531	0.13399	liquid
313.00	54.000	738.91	0.0013533	-461.62	-454.31	-1.1591	1.8739	2.2580	1256.6	-0.041782	0.0011354	0.13376	liquid
314.00	54.000	738.20	0.0013546	-459.37	-452.06	-1.1519	1.8776	2.2614	1252.9	-0.041689	0.0011181	0.13354	liquid
315.00	54.000	737.49	0.0013560	-457.11	-449.79	-1.1447	1.8813	2.2648	1249.1	-0.041596	0.0011013	0.13331	liquid
316.00	54.000	736.77	0.0013573	-454.85	-447.53	-1.1375	1.8851	2.2682	1245.4	-0.041502	0.0010849	0.13309	liquid
317.00	54.000	736.06	0.0013586	-452.59	-445.26	-1.1304	1.8889	2.2716	1241.7	-0.041408	0.0010688	0.13287	liquid
318.00	54.000	735.34	0.0013599	-450.33	-442.98	-1.1232	1.8926	2.2751	1238.0	-0.041313	0.0010532	0.13264	liquid
319.00	54.000	734.63	0.0013612	-448.06	-440.71	-1.1161	1.8964	2.2785	1234.4	-0.041218	0.0010379	0.13242	liquid
320.00	54.000	733.91	0.0013626	-445.78	-438.43	-1.1089	1.9002	2.2820	1230.7	-0.041123	0.0010229	0.13220	liquid
321.00	54.000	733.20	0.0013639	-443.51	-436.14	-1.1018	1.9039	2.2855	1227.0	-0.041027	0.0010083	0.13198	liquid
322.00	54.000	732.49	0.0013652	-441.23	-433.85	-1.0947	1.9077	2.2890	1223.4	-0.040931	0.00099406	0.13176	liquid
323.00	54.000	731.77	0.0013665	-438.94	-431.56	-1.0876	1.9115	2.2925	1219.7	-0.040835	0.00098011	0.13154	liquid
324.00	54.000	731.06	0.0013679	-436.66	-429.27	-1.0805	1.9153	2.2960	1216.1	-0.040738	0.00096648	0.13132	liquid
325.00	54.000	730.35	0.0013692	-434.37	-426.97	-1.0734	1.9191	2.2995	1212.5	-0.040642	0.00095315	0.13110	liquid
326.00	54.000	729.63	0.0013706	-432.07	-424.67	-1.0663	1.9229	2.3031	1208.9	-0.040544	0.00094011	0.13088	liquid
327.00	54.000	728.92	0.0013719	-429.77	-422.37	-1.0593	1.9267	2.3066	1205.3	-0.040447	0.00092736	0.13066	liquid
328.00	54.000	728.21	0.0013732	-427.47	-420.06	-1.0522	1.9305	2.3102	1201.7	-0.040349	0.00091488	0.13044	liquid
329.00	54.000	727.49	0.0013746	-425.17	-417.75	-1.0452	1.9343	2.3137	1198.1	-0.040250	0.00090268	0.13022	liquid
330.00	54.000	726.78	0.0013759	-422.86	-415.43	-1.0382	1.9382	2.3173	1194.6	-0.040152	0.00089073	0.13001	liquid
331.00	54.000	726.07	0.0013773	-420.55	-413.11	-1.0311	1.9420	2.3209	1191.0	-0.040053	0.00087904	0.12979	liquid
332.00	54.000	725.35	0.0013786	-418.23	-410.79	-1.0241	1.9458	2.3245	1187.4	-0.039953	0.00086759	0.12957	liquid
333.00	54.000	724.64	0.0013800	-415.91	-408.46	-1.0171	1.9497	2.3281	1183.9	-0.039854	0.00085638	0.12936	liquid
334.00	54.000	723.93	0.0013814	-413.59	-406.13	-1.0101	1.9535	2.3317	1180.4	-0.039754	0.00084540	0.12914	liquid
335.00	54.000	723.21	0.0013827	-411.26	-403.80	-1.0032	1.9573	2.3353	1176.8	-0.039654	0.00083465	0.12893	liquid
336.00	54.000	722.50	0.0013841	-408.93	-401.46	-0.99621	1.9612	2.3389	1173.3	-0.039553	0.00082412	0.12871	liquid
337.00	54.000	721.79	0.0013854	-406.60	-399.12	-0.98925	1.9650	2.3426	1169.8	-0.039452	0.00081380	0.12850	liquid
338.00	54.000	721.08	0.0013868	-404.26	-396.78	-0.98230	1.9689	2.3462	1166.3	-0.039351	0.00080368	0.12829	liquid
339.00	54.000	720.36	0.0013882	-401.92	-394.43	-0.97537	1.9727	2.3499	1162.8	-0.039250	0.00079377	0.12807	liquid
340.00	54.000	719.65	0.0013896	-399.58	-392.08	-0.96844	1.9766	2.3535	1159.3	-0.039148	0.00078406	0.12786	liquid
341.00	54.000	718.94	0.0013909	-397.23	-389.72	-0.96152	1.9805	2.3572	1155.9	-0.039046	0.00077453	0.12765	liquid
342.00	54.000	718.22	0.0013923	-394.88	-387.36	-0.95462	1.9843	2.3609	1152.4	-0.038944	0.00076519	0.12743	liquid
343.00	54.000	717.51	0.0013937	-392.52	-385.00	-0.94772	1.9882	2.3646	1149.0	-0.038841	0.00075603	0.12722	liquid
344.00	54.000	716.80	0.0013951	-390.17	-382.63	-0.94083	1.9921	2.3682	1145.5	-0.038738	0.00074704	0.12701	liquid
345.00	54.000	716.08	0.0013965	-387.80	-380.26	-0.93395	1.9959	2.3719	1142.1	-0.038635	0.00073823	0.12680	liquid
346.00	54.000	715.37	0.0013979	-385.44	-377.89	-0.92708	1.9998	2.3756	1138.6	-0.038531	0.00072958	0.12659	liquid
347.00	54.000	714.66	0.0013993	-383.07	-375.51	-0.92022	2.0037	2.3794	1135.2	-0.038427	0.00072110	0.12638	liquid
348.00	54.000	713.94	0.0014007	-380.69	-373.13	-0.91336	2.0076	2.3831	1131.8	-0.038323	0.00071277	0.12617	liquid
349.00	54.000	713.23	0.0014021	-378.32	-370.75	-0.90652	2.0114	2.3868	1128.4	-0.038218	0.00070459	0.12596	liquid
350.00	54.000	712.51	0.0014035	-375.94	-368.36	-0.89969	2.0153	2.3905	1125.0	-0.038114	0.00069657	0.12575	liquid
351.00	54.000	711.80	0.0014049	-373.55	-365.96	-0.89286	2.0192	2.3943	1121.6	-0.038008	0.00068869	0.12554	liquid
352.00	54.000	711.08	0.0014063	-371.16	-363.57	-0.88604	2.0231	2.3980	1118.2	-0.037903	0.00068095	0.12533	liquid
353.00	54.000	710.37	0.0014077	-368.77	-361.17	-0.87924	2.0270	2.4017	1114.9	-0.037797	0.00067336	0.12513	liquid
354.00	54.000	709.66	0.0014091	-366.37	-358.76	-0.87244	2.0309	2.4055	1111.5	-0.037691	0.00066589	0.12492	liquid
355.00	54.000	708.94	0.0014106	-363.97	-356.36	-0.86565	2.0348	2.4093	1108.1	-0.037585	0.00065856	0.12471	liquid
356.00	54.000	708.23	0.0014120	-361.57	-353.95	-0.85886	2.0386	2.4130	1104.8	-0.037478	0.00065136	0.12450	liquid
357.00	54.000	707.51	0.0014134	-359.16	-351.53	-0.85209	2.0425	2.4168	1101.5	-0.037371	0.00064428	0.12430	liquid
358.00	54.000	706.79	0.0014148	-356.75	-349.11	-0.84532	2.0464	2.4206	1098.1	-0.037264	0.00063733	0.12409	liquid
359.00	54.000	706.08	0.0014163	-354.34	-346.69	-0.83857	2.0503	2.4243	1094.8	-0.037157	0.00063050	0.12389	liquid
360.00	54.000	705.36	0.0014177	-351.92	-344.26	-0.83182	2.0542	2.4281	1091.5	-0.037049	0.00062378	0.12368	liquid
361.00	54.000	704.65	0.0014192	-349.50	-341.83	-0.82508	2.0581	2.4319	1088.2	-0.036941	0.00061717	0.12347	liquid
362.00	54.000	703.93	0.0014206	-347.07	-339.40	-0.81834	2.0620	2.4357	1084.9	-0.036832	0.00061068	0.12327	liquid
363.00	54.000	703.21	0.0014220	-344.64	-336.96	-0.81162	2.0659	2.4395	1081.6	-0.036724	0.00060430	0.12306	liquid
364.00	54.000	702.50	0.0014235	-342.21	-334.52	-0.80490	2.0698	2.4433	1078.3	-0.036614	0.00059802	0.12286	liquid
365.00	54.000	701.78	0.0014249	-339.77	-332.08	-0.79819	2.0737	2.4471	1075.0	-0.036505	0.00059184	0.12266	liquid
366.00	54.000	701.06	0.0014264	-337.33	-329.63	-0.79149	2.0776	2.4509	1071.7	-0.036395	0.00058577	0.12245	liquid
367.00	54.000	700.34	0.0014279	-334.88	-327.17	-0.78480	2.0815	2.4548	1068.4	-0.036285	0.00057979	0.12225	liquid
368.00	54.000	699.63	0.0014293	-332.44	-324.72	-0.77812	2.0854	2.4586	1065.2	-0.036175	0.00057391	0.12205	liquid
369.00	54.000	698.91	0.0014308	-329.98	-322.26	-0.77144	2.0893	2.4624	1061.9	-0.036064	0.00056812	0.12184	liquid
370.00	54.000	698.19	0.0014323	-327.53	-319.79	-0.76477	2.0932	2.4662	1058.7	-0.035954	0.00056243	0.12164	liquid
371.00	54.000	697.47	0.0014338	-325.07	-317.32	-0.75811	2.0971	2.4701	1055.4	-0.035842	0.00055683	0.12144	liquid
372.00	54.000	696.75	0.0014352	-322.60	-314.85	-0.75145	2.1010	2.4739	1052.2	-0.035731	0.00055131	0.12124	liquid
373.00	54.000	696.03	0.0014367	-320.13	-312.38	-0.74481	2.1049	2.4778	1049.0	-0.035619	0.00054588	0.12104	liquid
374.00	54.000	695.31	0.0014382	-317.66	-309.90	-0.73817	2.1088	2.4816	1045.7	-0.035506	0.00054054	0.12084	liquid
375.00	54.000	694.59	0.0014397	-315.19	-307.41	-0.73154	2.1127	2.4854	1042.5	-0.035394	0.00053527	0.12064	liquid
376.00	54.000	693.87	0.0014412	-312.71	-304.93	-0.72491	2.1166	2.4893	1039.3	-0.035281	0.00053009	0.12044	liquid
377.00	54.000	693.15	0.0014427	-310.22	-302.43	-0.71830	2.1205	2.4932	1036.1	-0.035168	0.00052498	0.12023	liquid
378.00	54.000	692.43	0.0014442	-307.74	-299.94	-0.71169	2.1244	2.4970	1032.9	-0.035054	0.00051996	0.12004	liquid
379.00	54.000	691.71	0.0014457	-305.25	-297.44	-0.70508	2.1283	2.5009	1029.7	-0.034940	0.00051500	0.11984	liquid
380.00	54.000	690.98	0.0014472	-302.75	-294.94	-0.69849	2.1322	2.5047	1026.5	-0.034826	0.00051012	0.11964	liquid
381.00	54.000	690.26	0.0014487	-300.25	-292.43	-0.69190	2.1361	2.5086	1023.4	-0.034711	0.00050532	0.11944	liquid
382.00	54.000	689.54	0.0014502	-297.75	-289.92	-0.68532	2.1400	2.5125	1020.2	-0.034596	0.00050058	0.11924	liquid
383.00	54.000	688.82	0.0014518	-295.25	-287.41	-0.67875	2.1439	2.5163	1017.0	-0.034481	0.00049591	0.11904	liquid
384.00	54.000	688.09	0.0014533	-292.74	-284.89	-0.67218	2.1478	2.5202	1013.9	-0.034366	0.00049131	0.11884	liquid
385.00	54.000	687.37	0.0014548	-290.22	-282.37	-0.66562	2.1517	2.5241	1010.7	-0.034250	0.00048678	0.11864	liquid
386.00	54.000	686.64	0.0014564	-287.70	-279.84	-0.65907	2.1555	2.5280	1007.6	-0.034133	0.00048231	0.11845	liquid
387.00	54.000	685.92	0.0014579	-285.18	-277.31	-0.65252	2.1594	2.5319	1004.4	-0.034016	0.00047790	0.11825	liquid
388.00	54.000	685.19	0.0014594	-282.66	-274.78	-0.64598	2.1633	2.5357	1001.3	-0.033899	0.00047356	0.11805	liquid
389.00	54.000	684.47	0.0014610	-280.13	-272.24	-0.63945	2.1672	2.5396	998.17	-0.033782	0.00046928	0.11786	liquid
390.00	54.000	683.74	0.0014625	-277.59	-269.70	-0.63293	2.1711	2.5435	995.05	-0.033664	0.00046505	0.11766	liquid
391.00	54.000	683.01	0.0014641	-275.06	-267.15	-0.62641	2.1750	2.5474	991.94	-0.033546	0.00046089	0.11746	liquid
392.00	54.000	682.28	0.0014657	-272.52	-264.60	-0.61990	2.1789	2.5513	988.83	-0.033427	0.00045678	0.11727	liquid
393.00	54.000	681.56	0.0014672	-269.97	-262.05	-0.61339	2.1827	2.5552	985.72	-0.033308	0.00045273	0.11707	liquid
394.00	54.000	680.83	0.0014688	-267.42	-259.49	-0.60689	2.1866	2.5591	982.62	-0.033189	0.00044873	0.11688	liquid
395.00	54.000	680.10	0.0014704	-264.87	-256.93	-0.60040	2.1905	2.5630	979.53	-0.033069	0.00044479	0.11668	liquid
396.00	54.000	679.37	0.0014720	-262.31	-254.37	-0.59392	2.1944	2.5669	976.44	-0.032949	0.00044090	0.11649	liquid
397.00	54.000	678.64	0.0014735	-259.75	-251.80	-0.58744	2.1982	2.5708	973.36	-0.032828	0.00043706	0.11629	liquid
398.00	54.000	677.91	0.0014751	-257.19	-249.22	-0.58097	2.2021	2.5747	970.28	-0.032708	0.00043327	0.11610	liquid
399.00	54.000	677.18	0.0014767	-254.62	-246.65	-0.57450	2.2060	2.5786	967.21	-0.032586	0.00042953	0.11590	liquid
400.00	54.000	676.45	0.0014783	-252.05	-244.07	-0.56804	2.2099	2.5825	964.15	-0.032464	0.00042584	0.11571	liquid
401.00	54.000	675.71	0.0014799	-249.47	-241.48	-0.56159	2.2137	2.5864	961.09	-0.032342	0.00042220	0.11552	liquid
402.00	54.000	674.98	0.0014815	-246.89	-238.89	-0.55514	2.2176	2.5903	958.03	-0.032220	0.00041860	0.11532	liquid
403.00	54.000	674.25	0.0014831	-244.31	-236.30	-0.54870	2.2214	2.5942	954.98	-0.032097	0.00041505	0.11513	liquid
404.00	54.000	673.51	0.0014848	-241.72	-233.71	-0.54227	2.2253	2.5981	951.94	-0.031973	0.00041155	0.11494	liquid
405.00	54.000	672.78	0.0014864	-239.13	-231.11	-0.53584	2.2292	2.6020	948.90	-0.031849	0.00040809	0.11475	liquid
406.00	54.000	672.04	0.0014880	-236.54	-228.50	-0.52942	2.2330	2.6059	945.87	-0.031725	0.00040467	0.11455	liquid
407.00	54.000	671.31	0.0014896	-233.94	-225.89	-0.52300	2.2369	2.6098	942.84	-0.031600	0.00040130	0.11436	liquid
408.00	54.000	670.57	0.0014913	-231.33	-223.28	-0.51659	2.2407	2.6138	939.82	-0.031475	0.00039797	0.11417	liquid
409.00	54.000	669.83	0.0014929	-228.73	-220.67	-0.51019	2.2446	2.6177	936.80	-0.031349	0.00039468	0.11398	liquid
410.00	54.000	669.10	0.0014946	-226.12	-218.05	-0.50379	2.2484	2.6216	933.78	-0.031223	0.00039142	0.11379	liquid
411.00	54.000	668.36	0.0014962	-223.50	-215.42	-0.49740	2.2522	2.6255	930.78	-0.031096	0.00038821	0.11360	liquid
412.00	54.000	667.62	0.0014979	-220.88	-212.80	-0.49102	2.2561	2.6294	927.77	-0.030969	0.00038504	0.11341	liquid
413.00	54.000	666.88	0.0014995	-218.26	-210.16	-0.48464	2.2599	2.6333	924.78	-0.030841	0.00038191	0.11322	liquid
414.00	54.000	666.14	0.0015012	-215.64	-207.53	-0.47826	2.2637	2.6372	921.78	-0.030713	0.00037881	0.11303	liquid
415.00	54.000	665.40	0.0015029	-213.00	-204.89	-0.47190	2.2676	2.6412	918.80	-0.030585	0.00037575	0.11284	liquid
416.00	54.000	664.65	0.0015045	-210.37	-202.25	-0.46553	2.2714	2.6451	915.81	-0.030456	0.00037272	0.11265	liquid
417.00	54.000	663.91	0.0015062	-207.73	-199.60	-0.45918	2.2752	2.6490	912.83	-0.030326	0.00036973	0.11246	liquid
418.00	54.000	663.17	0.0015079	-205.09	-196.95	-0.45283	2.2791	2.6529	909.86	-0.030196	0.00036678	0.11227	liquid
419.00	54.000	662.42	0.0015096	-202.45	-194.29	-0.44649	2.2829	2.6568	906.89	-0.030065	0.00036386	0.11208	liquid
420.00	54.000	661.68	0.0015113	-199.80	-191.63	-0.44015	2.2867	2.6607	903.93	-0.029934	0.00036097	0.11189	liquid
421.00	54.000	660.93	0.0015130	-197.14	-188.97	-0.43382	2.2905	2.6647	900.97	-0.029803	0.00035812	0.11170	liquid
422.00	54.000	660.19	0.0015147	-194.48	-186.31	-0.42749	2.2943	2.6686	898.02	-0.029671	0.00035530	0.11151	liquid
423.00	54.000	659.44	0.0015164	-191.82	-183.63	-0.42117	2.2981	2.6725	895.07	-0.029538	0.00035251	0.11132	liquid
424.00	54.000	658.69	0.0015182	-189.16	-180.96	-0.41485	2.3019	2.6764	892.12	-0.029405	0.00034975	0.11114	liquid
425.00	54.000	657.94	0.0015199	-186.49	-178.28	-0.40854	2.3057	2.6803	889.18	-0.029271	0.00034702	0.11095	liquid
426.00	54.000	657.19	0.0015216	-183.82	-175.60	-0.40224	2.3095	2.6842	886.25	-0.029136	0.00034432	0.11076	liquid
427.00	54.000	656.44	0.0015234	-181.14	-172.91	-0.39594	2.3133	2.6882	883.31	-0.029001	0.00034166	0.11057	liquid
428.00	54.000	655.69	0.0015251	-178.46	-170.22	-0.38965	2.3171	2.6921	880.39	-0.028866	0.00033902	0.11039	liquid
429.00	54.000	654.94	0.0015269	-175.77	-167.53	-0.38336	2.3209	2.6960	877.46	-0.028730	0.00033641	0.11020	liquid
430.00	54.000	654.19	0.0015286	-173.09	-164.83	-0.37708	2.3247	2.6999	874.55	-0.028593	0.00033383	0.11001	liquid
431.00	54.000	653.44	0.0015304	-170.39	-162.13	-0.37080	2.3285	2.7038	871.63	-0.028456	0.00033127	0.10983	liquid
432.00	54.000	652.68	0.0015321	-167.70	-159.42	-0.36453	2.3322	2.7077	868.72	-0.028318	0.00032875	0.10964	liquid
433.00	54.000	651.93	0.0015339	-165.00	-156.71	-0.35827	2.3360	2.7116	865.82	-0.028179	0.00032625	0.10946	liquid
434.00	54.000	651.17	0.0015357	-162.29	-154.00	-0.35201	2.3398	2.7155	862.92	-0.028040	0.00032377	0.10927	liquid
435.00	54.000	650.41	0.0015375	-159.59	-151.28	-0.34575	2.3435	2.7195	860.02	-0.027900	0.00032133	0.10908	liquid
436.00	54.000	649.66	0.0015393	-156.87	-148.56	-0.33951	2.3473	2.7234	857.13	-0.027760	0.00031891	0.10890	liquid
437.00	54.000	648.90	0.0015411	-154.16	-145.84	-0.33326	2.3511	2.7273	854.24	-0.027618	0.00031651	0.10871	liquid
438.00	54.000	648.14	0.0015429	-151.44	-143.11	-0.32702	2.3548	2.7312	851.36	-0.027477	0.00031414	0.10853	liquid
439.00	54.000	647.38	0.0015447	-148.72	-140.37	-0.32079	2.3586	2.7351	848.48	-0.027334	0.00031179	0.10835	liquid
440.00	54.000	646.62	0.0015465	-145.99	-137.64	-0.31456	2.3623	2.7390	845.61	-0.027191	0.00030947	0.10816	liquid
441.00	54.000	645.85	0.0015483	-143.26	-134.90	-0.30834	2.3661	2.7429	842.73	-0.027047	0.00030717	0.10798	liquid
442.00	54.000	645.09	0.0015502	-140.52	-132.15	-0.30212	2.3698	2.7468	839.87	-0.026903	0.00030489	0.10779	liquid
443.00	54.000	644.33	0.0015520	-137.78	-129.40	-0.29591	2.3735	2.7507	837.01	-0.026758	0.00030264	0.10761	liquid
444.00	54.000	643.56	0.0015539	-135.04	-126.65	-0.28970	2.3773	2.7546	834.15	-0.026612	0.00030040	0.10743	liquid
445.00	54.000	642.79	0.0015557	-132.29	-123.89	-0.28350	2.3810	2.7585	831.29	-0.026465	0.00029819	0.10724	liquid
446.00	54.000	642.03	0.0015576	-129.54	-121.13	-0.27731	2.3847	2.7624	828.44	-0.026318	0.00029601	0.10706	liquid
447.00	54.000	641.26	0.0015594	-126.79	-118.37	-0.27112	2.3884	2.7663	825.60	-0.026170	0.00029384	0.10688	liquid
448.00	54.000	640.49	0.0015613	-124.03	-115.60	-0.26493	2.3922	2.7702	822.75	-0.026021	0.00029169	0.10669	liquid
449.00	54.000	639.72	0.0015632	-121.27	-112.83	-0.25875	2.3959	2.7741	819.91	-0.025871	0.00028957	0.10651	liquid
450.00	54.000	638.95	0.0015651	-118.50	-110.05	-0.25257	2.3996	2.7780	817.08	-0.025721	0.00028747	0.10633	liquid
451.00	54.000	638.18	0.0015670	-115.73	-107.27	-0.24640	2.4033	2.7819	814.25	-0.025570	0.00028538	0.10615	liquid
452.00	54.000	637.40	0.0015689	-112.96	-104.49	-0.24024	2.4070	2.7858	811.42	-0.025418	0.00028332	0.10597	liquid
453.00	54.000	636.63	0.0015708	-110.18	-101.70	-0.23407	2.4107	2.7897	808.60	-0.025265	0.00028127	0.10578	liquid
454.00	54.000	635.85	0.0015727	-107.40	-98.908	-0.22792	2.4144	2.7936	805.78	-0.025111	0.00027925	0.10560	liquid
455.00	54.000	635.08	0.0015746	-104.62	-96.113	-0.22177	2.4181	2.7975	802.96	-0.024957	0.00027724	0.10542	liquid
456.00	54.000	634.30	0.0015765	-101.83	-93.313	-0.21562	2.4218	2.8014	800.15	-0.024802	0.00027525	0.10524	liquid
457.00	54.000	633.52	0.0015785	-99.034	-90.510	-0.20948	2.4254	2.8053	797.34	-0.024646	0.00027328	0.10506	liquid
458.00	54.000	632.74	0.0015804	-96.237	-87.703	-0.20335	2.4291	2.8092	794.54	-0.024489	0.00027133	0.10488	liquid
459.00	54.000	631.96	0.0015824	-93.436	-84.891	-0.19721	2.4328	2.8131	791.74	-0.024331	0.00026940	0.10470	liquid
460.00	54.000	631.18	0.0015843	-90.632	-82.076	-0.19109	2.4364	2.8170	788.94	-0.024172	0.00026748	0.10452	liquid
461.00	54.000	630.40	0.0015863	-87.824	-79.258	-0.18497	2.4401	2.8209	786.15	-0.024013	0.00026558	0.10434	liquid
462.00	54.000	629.61	0.0015883	-85.011	-76.435	-0.17885	2.4438	2.8247	783.36	-0.023852	0.00026370	0.10416	liquid
463.00	54.000	628.83	0.0015903	-82.195	-73.608	-0.17274	2.4474	2.8286	780.58	-0.023691	0.00026184	0.10398	liquid
464.00	54.000	628.04	0.0015923	-79.376	-70.777	-0.16663	2.4511	2.8325	777.79	-0.023529	0.00025999	0.10380	liquid
465.00	54.000	627.25	0.0015943	-76.552	-67.943	-0.16053	2.4547	2.8364	775.01	-0.023365	0.00025816	0.10362	liquid
466.00	54.000	626.46	0.0015963	-73.725	-65.105	-0.15443	2.4584	2.8403	772.24	-0.023201	0.00025634	0.10344	liquid
467.00	54.000	625.67	0.0015983	-70.893	-62.263	-0.14834	2.4620	2.8441	769.47	-0.023036	0.00025454	0.10326	liquid
468.00	54.000	624.88	0.0016003	-68.058	-59.416	-0.14225	2.4656	2.8480	766.70	-0.022870	0.00025276	0.10309	liquid
469.00	54.000	624.09	0.0016023	-65.219	-56.567	-0.13617	2.4693	2.8519	763.94	-0.022703	0.00025099	0.10291	liquid
470.00	54.000	623.30	0.0016044	-62.376	-53.713	-0.13009	2.4729	2.8557	761.18	-0.022535	0.00024923	0.10273	liquid
471.00	54.000	622.50	0.0016064	-59.530	-50.855	-0.12402	2.4765	2.8596	758.42	-0.022365	0.00024750	0.10255	liquid
472.00	54.000	621.71	0.0016085	-56.679	-47.993	-0.11795	2.4801	2.8635	755.66	-0.022195	0.00024577	0.10238	liquid
473.00	54.000	620.91	0.0016105	-53.825	-45.128	-0.11188	2.4837	2.8674	752.91	-0.022024	0.00024406	0.10220	liquid
474.00	54.000	620.11	0.0016126	-50.967	-42.259	-0.10582	2.4873	2.8712	750.17	-0.021852	0.00024237	0.10202	liquid
475.00	54.000	619.31	0.0016147	-48.105	-39.386	-0.099768	2.4909	2.8751	747.42	-0.021678	0.00024069	0.10184	liquid
476.00	54.000	618.51	0.0016168	-45.239	-36.509	-0.093717	2.4945	2.8789	744.68	-0.021504	0.00023902	0.10167	liquid
477.00	54.000	617.71	0.0016189	-42.370	-33.628	-0.087671	2.4981	2.8828	741.95	-0.021328	0.00023737	0.10149	liquid
478.00	54.000	616.90	0.0016210	-39.496	-30.743	-0.081630	2.5017	2.8867	739.21	-0.021151	0.00023573	0.10131	liquid
479.00	54.000	616.10	0.0016231	-36.619	-27.854	-0.075593	2.5053	2.8905	736.48	-0.020974	0.00023410	0.10114	liquid
480.00	54.000	615.29	0.0016252	-33.738	-24.962	-0.069561	2.5089	2.8944	733.76	-0.020795	0.00023249	0.10096	liquid
481.00	54.000	614.48	0.0016274	-30.854	-22.066	-0.063533	2.5124	2.8982	731.03	-0.020614	0.00023089	0.10079	liquid
482.00	54.000	613.67	0.0016295	-27.965	-19.166	-0.057510	2.5160	2.9021	728.31	-0.020433	0.00022931	0.10061	liquid
483.00	54.000	612.86	0.0016317	-25.073	-16.262	-0.051491	2.5196	2.9059	725.60	-0.020250	0.00022773	0.10044	liquid
484.00	54.000	612.05	0.0016338	-22.176	-13.354	-0.045477	2.5231	2.9098	722.88	-0.020067	0.00022617	0.10026	liquid
485.00	54.000	611.24	0.0016360	-19.277	-10.442	-0.039468	2.5267	2.9136	720.17	-0.019882	0.00022462	0.10009	liquid
486.00	54.000	610.42	0.0016382	-16.373	-7.5264	-0.033462	2.5303	2.9175	717.47	-0.019695	0.00022309	0.099911	liquid
487.00	54.000	609.61	0.0016404	-13.465	-4.6071	-0.027461	2.5338	2.9213	714.76	-0.019508	0.00022156	0.099737	liquid
488.00	54.000	608.79	0.0016426	-10.554	-1.6838	-0.021465	2.5373	2.9251	712.06	-0.019319	0.00022005	0.099563	liquid
489.00	54.000	607.97	0.0016448	-7.6388	1.2432	-0.015473	2.5409	2.9290	709.37	-0.019129	0.00021855	0.099389	liquid
490.00	54.000	607.15	0.0016470	-4.7199	4.1741	-0.0094856	2.5444	2.9328	706.67	-0.018937	0.00021706	0.099215	liquid
491.00	54.000	606.33	0.0016493	-1.7972	7.1089	-0.0035025	2.5479	2.9367	703.98	-0.018745	0.00021558	0.099041	liquid
492.00	54.000	605.50	0.0016515	1.1293	10.047	0.0024763	2.5515	2.9405	701.30	-0.018550	0.00021412	0.098868	liquid
493.00	54.000	604.68	0.0016538	4.0595	12.990	0.0084507	2.5550	2.9443	698.61	-0.018355	0.00021266	0.098695	liquid
494.00	54.000	603.85	0.0016560	6.9935	15.936	0.014421	2.5585	2.9482	695.93	-0.018158	0.00021122	0.098522	liquid
495.00	54.000	603.03	0.0016583	9.9313	18.886	0.020387	2.5620	2.9520	693.25	-0.017960	0.00020979	0.098349	liquid
496.00	54.000	602.20	0.0016606	12.873	21.840	0.026348	2.5655	2.9558	690.58	-0.017760	0.00020836	0.098177	liquid
497.00	54.000	601.36	0.0016629	15.818	24.798	0.032305	2.5690	2.9596	687.91	-0.017559	0.00020695	0.098004	liquid
498.00	54.000	600.53	0.0016652	18.767	27.759	0.038258	2.5725	2.9635	685.24	-0.017356	0.00020555	0.097832	liquid
499.00	54.000	599.70	0.0016675	21.720	30.725	0.044207	2.5760	2.9673	682.57	-0.017152	0.00020416	0.097660	liquid
500.00	54.000	598.86	0.0016698	24.677	33.694	0.050151	2.5795	2.9711	679.91	-0.016946	0.00020278	0.097489	liquid
501.00	54.000	598.02	0.0016722	27.637	36.667	0.056091	2.5830	2.9749	677.25	-0.016739	0.00020141	0.097317	liquid
502.00	54.000	597.19	0.0016745	30.601	39.644	0.062027	2.5864	2.9787	674.60	-0.016530	0.00020005	0.097146	liquid
503.00	54.000	596.35	0.0016769	33.569	42.624	0.067958	2.5899	2.9825	671.94	-0.016319	0.00019870	0.096975	liquid
504.00	54.000	595.50	0.0016793	36.541	45.609	0.073886	2.5934	2.9863	669.29	-0.016107	0.00019736	0.096804	liquid
505.00	54.000	594.66	0.0016816	39.516	48.597	0.079809	2.5968	2.9902	666.65	-0.015894	0.00019603	0.096633	liquid
506.00	54.000	593.81	0.0016840	42.495	51.589	0.085728	2.6003	2.9940	664.00	-0.015678	0.00019471	0.096463	liquid
507.00	54.000	592.97	0.0016864	45.478	54.585	0.091643	2.6037	2.9978	661.36	-0.015461	0.00019340	0.096293	liquid
508.00	54.000	592.12	0.0016889	48.465	57.585	0.097554	2.6072	3.0016	658.73	-0.015243	0.00019210	0.096123	liquid
509.00	54.000	591.27	0.0016913	51.455	60.588	0.10346	2.6106	3.0054	656.09	-0.015022	0.00019080	0.095953	liquid
510.00	54.000	590.41	0.0016937	54.449	63.595	0.10936	2.6141	3.0092	653.46	-0.014800	0.00018952	0.095784	liquid
511.00	54.000	589.56	0.0016962	57.447	66.606	0.11526	2.6175	3.0130	650.83	-0.014576	0.00018824	0.095614	liquid
512.00	54.000	588.70	0.0016986	60.449	69.621	0.12115	2.6209	3.0168	648.21	-0.014350	0.00018698	0.095445	liquid
513.00	54.000	587.85	0.0017011	63.454	72.640	0.12705	2.6243	3.0206	645.58	-0.014123	0.00018572	0.095277	liquid
514.00	54.000	586.99	0.0017036	66.463	75.662	0.13293	2.6278	3.0244	642.96	-0.013894	0.00018447	0.095108	liquid
515.00	54.000	586.13	0.0017061	69.476	78.689	0.13881	2.6312	3.0282	640.35	-0.013662	0.00018323	0.094940	liquid
516.00	54.000	585.26	0.0017086	72.492	81.719	0.14469	2.6346	3.0319	637.74	-0.013429	0.00018200	0.094772	liquid
517.00	54.000	584.40	0.0017112	75.512	84.753	0.15056	2.6380	3.0357	635.12	-0.013194	0.00018078	0.094604	liquid
518.00	54.000	583.53	0.0017137	78.536	87.790	0.15643	2.6414	3.0395	632.52	-0.012957	0.00017956	0.094436	liquid
519.00	54.000	582.66	0.0017163	81.564	90.832	0.16230	2.6448	3.0433	629.91	-0.012718	0.00017836	0.094269	liquid
520.00	54.000	581.79	0.0017188	84.595	93.877	0.16816	2.6482	3.0471	627.31	-0.012477	0.00017716	0.094101	liquid
521.00	54.000	580.92	0.0017214	87.630	96.926	0.17402	2.6515	3.0509	624.71	-0.012234	0.00017597	0.093934	liquid
522.00	54.000	580.05	0.0017240	90.669	99.978	0.17987	2.6549	3.0546	622.12	-0.011989	0.00017479	0.093768	liquid
523.00	54.000	579.17	0.0017266	93.711	103.04	0.18572	2.6583	3.0584	619.53	-0.011742	0.00017361	0.093601	liquid
524.00	54.000	578.29	0.0017292	96.757	106.10	0.19157	2.6617	3.0622	616.94	-0.011492	0.00017244	0.093435	liquid
525.00	54.000	577.41	0.0017319	99.807	109.16	0.19741	2.6650	3.0660	614.35	-0.011241	0.00017129	0.093269	liquid
526.00	54.000	576.53	0.0017345	102.86	112.23	0.20325	2.6684	3.0697	611.77	-0.010987	0.00017013	0.093103	liquid
527.00	54.000	575.65	0.0017372	105.92	115.30	0.20908	2.6717	3.0735	609.19	-0.010731	0.00016899	0.092938	liquid
528.00	54.000	574.76	0.0017399	108.98	118.37	0.21491	2.6751	3.0773	606.61	-0.010473	0.00016785	0.092772	liquid
529.00	54.000	573.87	0.0017425	112.04	121.45	0.22074	2.6784	3.0810	604.04	-0.010213	0.00016673	0.092607	liquid
530.00	54.000	572.98	0.0017453	115.11	124.54	0.22656	2.6818	3.0848	601.47	-0.0099498	0.00016560	0.092443	liquid
531.00	54.000	572.09	0.0017480	118.18	127.62	0.23238	2.6851	3.0886	598.90	-0.0096847	0.00016449	0.092278	liquid
532.00	54.000	571.20	0.0017507	121.26	130.71	0.23819	2.6884	3.0923	596.33	-0.0094172	0.00016338	0.092114	liquid
533.00	54.000	570.30	0.0017535	124.34	133.81	0.24401	2.6918	3.0961	593.77	-0.0091473	0.00016228	0.091950	liquid
534.00	54.000	569.40	0.0017562	127.42	136.91	0.24981	2.6951	3.0998	591.21	-0.0088749	0.00016119	0.091786	liquid
535.00	54.000	568.50	0.0017590	130.51	140.01	0.25562	2.6984	3.1036	588.66	-0.0086001	0.00016010	0.091623	liquid
536.00	54.000	567.60	0.0017618	133.60	143.11	0.26141	2.7017	3.1074	586.11	-0.0083227	0.00015902	0.091460	liquid
537.00	54.000	566.69	0.0017646	136.69	146.22	0.26721	2.7050	3.1111	583.56	-0.0080427	0.00015795	0.091297	liquid
538.00	54.000	565.79	0.0017674	139.79	149.34	0.27300	2.7083	3.1149	581.01	-0.0077602	0.00015689	0.091134	liquid
539.00	54.000	564.88	0.0017703	142.89	152.45	0.27879	2.7116	3.1186	578.47	-0.0074750	0.00015583	0.090971	liquid
540.00	54.000	563.97	0.0017732	146.00	155.57	0.28457	2.7149	3.1224	575.93	-0.0071871	0.00015477	0.090809	liquid
541.00	54.000	563.05	0.0017760	149.11	158.70	0.29035	2.7182	3.1261	573.39	-0.0068966	0.00015373	0.090647	liquid
542.00	54.000	562.14	0.0017789	152.22	161.82	0.29613	2.7215	3.1299	570.85	-0.0066032	0.00015269	0.090486	liquid
543.00	54.000	561.22	0.0017818	155.33	164.96	0.30190	2.7248	3.1336	568.32	-0.0063071	0.00015165	0.090324	liquid
544.00	54.000	560.30	0.0017848	158.45	168.09	0.30767	2.7280	3.1373	565.79	-0.0060081	0.00015063	0.090163	liquid
545.00	54.000	559.38	0.0017877	161.58	171.23	0.31344	2.7313	3.1411	563.27	-0.0057063	0.00014961	0.090003	liquid
546.00	54.000	558.45	0.0017907	164.70	174.37	0.31920	2.7346	3.1448	560.75	-0.0054015	0.00014859	0.089842	liquid
547.00	54.000	557.53	0.0017936	167.83	177.52	0.32496	2.7378	3.1486	558.23	-0.0050938	0.00014758	0.089682	liquid
548.00	54.000	556.60	0.0017966	170.97	180.67	0.33071	2.7411	3.1523	555.71	-0.0047831	0.00014658	0.089522	liquid
549.00	54.000	555.67	0.0017996	174.11	183.83	0.33646	2.7443	3.1560	553.20	-0.0044693	0.00014559	0.089362	liquid
550.00	54.000	554.73	0.0018027	177.25	186.98	0.34221	2.7476	3.1598	550.69	-0.0041524	0.00014460	0.089203	liquid
551.00	54.000	553.80	0.0018057	180.39	190.14	0.34795	2.7508	3.1635	548.18	-0.0038324	0.00014361	0.089044	liquid
552.00	54.000	552.86	0.0018088	183.54	193.31	0.35369	2.7540	3.1672	545.68	-0.0035092	0.00014263	0.088885	liquid
553.00	54.000	551.92	0.0018119	186.70	196.48	0.35943	2.7573	3.1710	543.18	-0.0031827	0.00014166	0.088727	liquid
554.00	54.000	550.97	0.0018150	189.85	199.65	0.36516	2.7605	3.1747	540.69	-0.0028530	0.00014069	0.088569	liquid
555.00	54.000	550.03	0.0018181	193.01	202.83	0.37089	2.7637	3.1784	538.19	-0.0025199	0.00013973	0.088411	liquid
556.00	54.000	549.08	0.0018212	196.17	206.01	0.37661	2.7669	3.1821	535.70	-0.0021835	0.00013878	0.088253	liquid
557.00	54.000	548.13	0.0018244	199.34	209.19	0.38233	2.7701	3.1859	533.22	-0.0018436	0.00013783	0.088096	liquid
558.00	54.000	547.17	0.0018276	202.51	212.38	0.38805	2.7734	3.1896	530.73	-0.0015002	0.00013688	0.087939	liquid
559.00	54.000	546.22	0.0018308	205.69	215.57	0.39377	2.7766	3.1933	528.25	-0.0011533	0.00013595	0.087782	liquid
560.00	54.000	545.26	0.0018340	208.86	218.77	0.39948	2.7797	3.1970	525.77	-0.00080286	0.00013501	0.087626	liquid
561.00	54.000	544.30	0.0018372	212.05	221.97	0.40519	2.7829	3.2007	523.30	-0.00044873	0.00013409	0.087470	liquid
562.00	54.000	543.33	0.0018405	215.23	225.17	0.41089	2.7861	3.2045	520.83	-9.0910e-05	0.00013316	0.087315	liquid
563.00	54.000	542.37	0.0018438	218.42	228.38	0.41659	2.7893	3.2082	518.36	0.00027067	0.00013225	0.087159	liquid
564.00	54.000	541.40	0.0018471	221.61	231.59	0.42229	2.7925	3.2119	515.90	0.00063605	0.00013133	0.087004	liquid
565.00	54.000	540.42	0.0018504	224.81	234.80	0.42798	2.7957	3.2156	513.44	0.0010053	0.00013043	0.086850	liquid
566.00	54.000	539.45	0.0018537	228.01	238.02	0.43367	2.7988	3.2193	510.98	0.0013785	0.00012953	0.086695	liquid
567.00	54.000	538.47	0.0018571	231.21	241.24	0.43935	2.8020	3.2230	508.53	0.0017556	0.00012863	0.086541	liquid
568.00	54.000	537.49	0.0018605	234.42	244.46	0.44504	2.8052	3.2268	506.08	0.0021368	0.00012774	0.086388	liquid
569.00	54.000	536.51	0.0018639	237.63	247.69	0.45072	2.8083	3.2305	503.64	0.0025221	0.00012685	0.086235	liquid
570.00	54.000	535.52	0.0018673	240.84	250.92	0.45639	2.8115	3.2342	501.19	0.0029116	0.00012597	0.086082	liquid
571.00	54.000	534.54	0.0018708	244.06	254.16	0.46206	2.8146	3.2379	498.75	0.0033053	0.00012510	0.085929	liquid
572.00	54.000	533.54	0.0018743	247.28	257.40	0.46773	2.8178	3.2416	496.32	0.0037033	0.00012422	0.085777	liquid
573.00	54.000	532.55	0.0018778	250.50	260.64	0.47340	2.8209	3.2453	493.89	0.0041056	0.00012336	0.085625	liquid
574.00	54.000	531.55	0.0018813	253.73	263.89	0.47906	2.8240	3.2490	491.46	0.0045124	0.00012250	0.085474	liquid
575.00	54.000	530.55	0.0018848	256.96	267.14	0.48472	2.8271	3.2527	489.04	0.0049236	0.00012164	0.085323	liquid
576.00	54.000	529.55	0.0018884	260.20	270.40	0.49037	2.8303	3.2564	486.61	0.0053395	0.00012079	0.085172	liquid
577.00	54.000	528.55	0.0018920	263.44	273.65	0.49603	2.8334	3.2601	484.20	0.0057599	0.00011994	0.085022	liquid
578.00	54.000	527.54	0.0018956	266.68	276.92	0.50167	2.8365	3.2638	481.78	0.0061850	0.00011910	0.084872	liquid
579.00	54.000	526.53	0.0018992	269.93	280.18	0.50732	2.8396	3.2675	479.37	0.0066150	0.00011826	0.084722	liquid
580.00	54.000	525.51	0.0019029	273.17	283.45	0.51296	2.8427	3.2712	476.97	0.0070497	0.00011743	0.084573	liquid
581.00	54.000	524.49	0.0019066	276.43	286.72	0.51860	2.8458	3.2749	474.57	0.0074894	0.00011660	0.084424	liquid
582.00	54.000	523.47	0.0019103	279.68	290.00	0.52423	2.8489	3.2786	472.17	0.0079340	0.00011578	0.084276	liquid
583.00	54.000	522.45	0.0019141	282.94	293.28	0.52987	2.8520	3.2823	469.78	0.0083838	0.00011496	0.084128	liquid
584.00	54.000	521.42	0.0019178	286.21	296.56	0.53549	2.8551	3.2860	467.39	0.0088386	0.00011414	0.083980	liquid
585.00	54.000	520.39	0.0019216	289.48	299.85	0.54112	2.8582	3.2897	465.00	0.0092987	0.00011333	0.083833	liquid
586.00	54.000	519.36	0.0019254	292.75	303.14	0.54674	2.8613	3.2934	462.62	0.0097641	0.00011253	0.083687	liquid
587.00	54.000	518.33	0.0019293	296.02	306.44	0.55236	2.8643	3.2971	460.24	0.010235	0.00011172	0.083540	liquid
588.00	54.000	517.29	0.0019332	299.30	309.74	0.55797	2.8674	3.3008	457.87	0.010711	0.00011093	0.083394	liquid
589.00	54.000	516.25	0.0019371	302.58	313.04	0.56359	2.8705	3.3045	455.50	0.011193	0.00011013	0.083249	liquid
590.00	54.000	515.20	0.0019410	305.87	316.35	0.56920	2.8735	3.3082	453.13	0.011680	0.00010935	0.083104	liquid
591.00	54.000	514.15	0.0019450	309.15	319.66	0.57480	2.8766	3.3118	450.77	0.012173	0.00010856	0.082960	liquid
592.00	54.000	513.10	0.0019489	312.45	322.97	0.58040	2.8796	3.3155	448.41	0.012672	0.00010778	0.082815	liquid
593.00	54.000	512.04	0.0019530	315.74	326.29	0.58600	2.8827	3.3192	446.06	0.013177	0.00010701	0.082672	liquid
594.00	54.000	510.99	0.0019570	319.04	329.61	0.59160	2.8857	3.3229	443.71	0.013688	0.00010623	0.082529	liquid
595.00	54.000	509.92	0.0019611	322.34	332.93	0.59719	2.8888	3.3266	441.37	0.014205	0.00010547	0.082386	liquid
596.00	54.000	508.86	0.0019652	325.65	336.26	0.60278	2.8918	3.3303	439.03	0.014728	0.00010470	0.082244	liquid
597.00	54.000	507.79	0.0019693	328.96	339.59	0.60837	2.8948	3.3340	436.69	0.015257	0.00010394	0.082102	liquid
598.00	54.000	506.72	0.0019735	332.27	342.93	0.61395	2.8979	3.3377	434.36	0.015793	0.00010319	0.081961	liquid
599.00	54.000	505.64	0.0019777	335.59	346.27	0.61953	2.9009	3.3413	432.04	0.016335	0.00010244	0.081820	liquid
600.00	54.000	504.56	0.0019819	338.91	349.61	0.62510	2.9039	3.3450	429.72	0.016884	0.00010169	0.081680	liquid
601.00	54.000	503.48	0.0019862	342.23	352.96	0.63068	2.9069	3.3487	427.40	0.017440	0.00010095	0.081540	liquid
602.00	54.000	502.40	0.0019905	345.56	356.31	0.63625	2.9099	3.3524	425.09	0.018002	0.00010021	0.081401	liquid
603.00	54.000	501.31	0.0019948	348.89	359.66	0.64182	2.9129	3.3561	422.78	0.018571	9.9475e-05	0.081262	liquid
604.00	54.000	500.21	0.0019991	352.23	363.02	0.64738	2.9159	3.3598	420.48	0.019147	9.8744e-05	0.081124	liquid
605.00	54.000	499.12	0.0020035	355.57	366.38	0.65294	2.9189	3.3634	418.18	0.019730	9.8017e-05	0.080986	liquid
606.00	54.000	498.02	0.0020080	358.91	369.75	0.65850	2.9219	3.3671	415.89	0.020320	9.7294e-05	0.080849	liquid
607.00	54.000	496.91	0.0020124	362.25	373.12	0.66405	2.9249	3.3708	413.60	0.020918	9.6575e-05	0.080712	liquid
608.00	54.000	495.81	0.0020169	365.60	376.49	0.66961	2.9279	3.3745	411.32	0.021523	9.5859e-05	0.080576	liquid
609.00	54.000	494.69	0.0020214	368.95	379.87	0.67515	2.9308	3.3782	409.04	0.022135	9.5148e-05	0.080441	liquid
610.00	54.000	493.58	0.0020260	372.31	383.25	0.68070	2.9338	3.3818	406.77	0.022756	9.4440e-05	0.080306	liquid
611.00	54.000	492.46	0.0020306	375.67	386.63	0.68624	2.9368	3.3855	404.50	0.023384	9.3736e-05	0.080171	liquid
612.00	54.000	491.34	0.0020353	379.03	390.02	0.69178	2.9398	3.3892	402.24	0.024019	9.3036e-05	0.080037	liquid
613.00	54.000	490.21	0.0020399	382.39	393.41	0.69732	2.9427	3.3929	399.98	0.024663	9.2340e-05	0.079904	liquid
614.00	54.000	489.08	0.0020446	385.76	396.80	0.70285	2.9457	3.3966	397.73	0.025315	9.1647e-05	0.079771	liquid
615.00	54.000	487.95	0.0020494	389.14	400.20	0.70838	2.9486	3.4002	395.49	0.025975	9.0958e-05	0.079639	liquid
616.00	54.000	486.81	0.0020542	392.51	403.60	0.71391	2.9516	3.4039	393.24	0.026644	9.0273e-05	0.079508	liquid
617.00	54.000	485.67	0.0020590	395.89	407.01	0.71943	2.9545	3.4076	391.01	0.027321	8.9592e-05	0.079377	liquid
618.00	54.000	484.53	0.0020639	399.28	410.42	0.72495	2.9575	3.4113	388.78	0.028007	8.8914e-05	0.079246	liquid
619.00	54.000	483.38	0.0020688	402.66	413.83	0.73047	2.9604	3.4149	386.56	0.028702	8.8240e-05	0.079117	liquid
620.00	54.000	482.23	0.0020737	406.05	417.25	0.73599	2.9633	3.4186	384.34	0.029405	8.7570e-05	0.078988	liquid
621.00	54.000	481.07	0.0020787	409.45	420.67	0.74150	2.9663	3.4223	382.13	0.030118	8.6903e-05	0.078859	liquid
622.00	54.000	479.91	0.0020837	412.84	424.09	0.74701	2.9692	3.4260	379.92	0.030839	8.6239e-05	0.078732	liquid
623.00	54.000	478.74	0.0020888	416.24	427.52	0.75252	2.9721	3.4296	377.72	0.031570	8.5580e-05	0.078604	liquid
624.00	54.000	477.57	0.0020939	419.65	430.95	0.75802	2.9750	3.4333	375.53	0.032311	8.4924e-05	0.078478	liquid
625.00	54.000	476.40	0.0020991	423.05	434.39	0.76352	2.9779	3.4370	373.34	0.033061	8.4271e-05	0.078352	liquid
626.00	54.000	475.22	0.0021043	426.46	437.83	0.76902	2.9808	3.4406	371.16	0.033821	8.3622e-05	0.078227	liquid
627.00	54.000	474.04	0.0021095	429.88	441.27	0.77451	2.9837	3.4443	368.98	0.034591	8.2977e-05	0.078103	liquid
628.00	54.000	472.86	0.0021148	433.30	444.72	0.78001	2.9866	3.4480	366.81	0.035371	8.2335e-05	0.077979	liquid
629.00	54.000	471.67	0.0021201	436.72	448.17	0.78549	2.9895	3.4517	364.65	0.036161	8.1697e-05	0.077856	liquid
630.00	54.000	470.48	0.0021255	440.14	451.62	0.79098	2.9924	3.4553	362.49	0.036962	8.1062e-05	0.077734	liquid
631.00	54.000	469.28	0.0021309	443.57	455.08	0.79646	2.9953	3.4590	360.34	0.037773	8.0430e-05	0.077612	liquid
632.00	54.000	468.08	0.0021364	447.00	458.54	0.80194	2.9982	3.4627	358.20	0.038595	7.9803e-05	0.077491	liquid
633.00	54.000	466.87	0.0021419	450.44	462.00	0.80742	3.0011	3.4663	356.06	0.039428	7.9178e-05	0.077371	liquid
634.00	54.000	465.66	0.0021475	453.87	465.47	0.81290	3.0039	3.4700	353.93	0.040272	7.8557e-05	0.077252	liquid
635.00	54.000	464.45	0.0021531	457.32	468.94	0.81837	3.0068	3.4737	351.81	0.041127	7.7940e-05	0.077133	liquid
636.00	54.000	463.23	0.0021588	460.76	472.42	0.82384	3.0097	3.4773	349.69	0.041993	7.7326e-05	0.077015	liquid
637.00	54.000	462.00	0.0021645	464.21	475.90	0.82930	3.0125	3.4810	347.58	0.042871	7.6715e-05	0.076898	liquid
638.00	54.000	460.78	0.0021703	467.66	479.38	0.83477	3.0154	3.4847	345.47	0.043761	7.6108e-05	0.076782	liquid
639.00	54.000	459.54	0.0021761	471.12	482.87	0.84023	3.0182	3.4883	343.38	0.044663	7.5504e-05	0.076666	liquid
640.00	54.000	458.31	0.0021819	474.57	486.36	0.84568	3.0211	3.4920	341.29	0.045577	7.4903e-05	0.076551	liquid
641.00	54.000	457.07	0.0021879	478.04	489.85	0.85114	3.0239	3.4957	339.21	0.046503	7.4306e-05	0.076437	liquid
642.00	54.000	455.82	0.0021938	481.50	493.35	0.85659	3.0268	3.4993	337.13	0.047442	7.3713e-05	0.076324	liquid
643.00	54.000	454.57	0.0021999	484.97	496.85	0.86204	3.0296	3.5030	335.06	0.048394	7.3122e-05	0.076212	liquid
644.00	54.000	453.32	0.0022060	488.44	500.35	0.86749	3.0324	3.5067	333.00	0.049358	7.2535e-05	0.076100	liquid
645.00	54.000	452.06	0.0022121	491.92	503.86	0.87293	3.0352	3.5103	330.95	0.050336	7.1952e-05	0.075990	liquid
646.00	54.000	450.80	0.0022183	495.40	507.37	0.87837	3.0381	3.5140	328.90	0.051326	7.1371e-05	0.075880	liquid
647.00	54.000	449.53	0.0022245	498.88	510.89	0.88381	3.0409	3.5176	326.87	0.052331	7.0794e-05	0.075771	liquid
648.00	54.000	448.26	0.0022309	502.36	514.41	0.88925	3.0437	3.5213	324.84	0.053349	7.0221e-05	0.075663	liquid
649.00	54.000	446.98	0.0022372	505.85	517.93	0.89468	3.0465	3.5250	322.81	0.054381	6.9651e-05	0.075556	liquid
650.00	54.000	445.70	0.0022437	509.34	521.46	0.90011	3.0493	3.5286	320.80	0.055427	6.9084e-05	0.075450	liquid
651.00	54.000	444.41	0.0022502	512.84	524.99	0.90554	3.0521	3.5323	318.79	0.056488	6.8520e-05	0.075344	liquid
652.00	54.000	443.12	0.0022567	516.34	528.52	0.91096	3.0549	3.5360	316.79	0.057563	6.7960e-05	0.075240	liquid
653.00	54.000	441.83	0.0022633	519.84	532.06	0.91638	3.0577	3.5396	314.80	0.058654	6.7403e-05	0.075136	liquid
654.00	54.000	440.53	0.0022700	523.35	535.60	0.92180	3.0605	3.5433	312.82	0.059759	6.6849e-05	0.075034	liquid
655.00	54.000	439.23	0.0022767	526.85	539.15	0.92722	3.0633	3.5469	310.84	0.060880	6.6299e-05	0.074932	liquid
656.00	54.000	437.92	0.0022835	530.37	542.70	0.93263	3.0660	3.5506	308.87	0.062016	6.5751e-05	0.074831	liquid
657.00	54.000	436.60	0.0022904	533.88	546.25	0.93804	3.0688	3.5543	306.92	0.063168	6.5207e-05	0.074732	liquid
658.00	54.000	435.28	0.0022973	537.40	549.81	0.94345	3.0716	3.5579	304.96	0.064336	6.4667e-05	0.074633	liquid
659.00	54.000	433.96	0.0023044	540.92	553.37	0.94886	3.0744	3.5616	303.02	0.065520	6.4130e-05	0.074535	supercritical
660.00	54.000	432.63	0.0023114	544.45	556.93	0.95426	3.0771	3.5652	301.09	0.066721	6.3596e-05	0.074438	supercritical
661.00	54.000	431.30	0.0023186	547.98	560.50	0.95966	3.0799	3.5689	299.16	0.067939	6.3065e-05	0.074342	supercritical
662.00	54.000	429.96	0.0023258	551.51	564.07	0.96506	3.0826	3.5725	297.25	0.069174	6.2537e-05	0.074247	supercritical
663.00	54.000	428.62	0.0023331	555.04	567.64	0.97045	3.0854	3.5762	295.34	0.070426	6.2013e-05	0.074154	supercritical
664.00	54.000	427.28	0.0023404	558.58	571.22	0.97585	3.0881	3.5799	293.44	0.071696	6.1492e-05	0.074061	supercritical
665.00	54.000	425.92	0.0023478	562.12	574.80	0.98124	3.0908	3.5835	291.55	0.072984	6.0974e-05	0.073969	supercritical
666.00	54.000	424.57	0.0023553	565.67	578.39	0.98662	3.0936	3.5872	289.67	0.074290	6.0460e-05	0.073878	supercritical
667.00	54.000	423.21	0.0023629	569.22	581.97	0.99201	3.0963	3.5908	287.79	0.075615	5.9948e-05	0.073789	supercritical
668.00	54.000	421.84	0.0023706	572.77	585.57	0.99739	3.0990	3.5945	285.93	0.076958	5.9440e-05	0.073700	supercritical
669.00	54.000	420.47	0.0023783	576.32	589.16	1.0028	3.1017	3.5981	284.07	0.078320	5.8936e-05	0.073613	supercritical
670.00	54.000	419.09	0.0023861	579.88	592.76	1.0081	3.1045	3.6018	282.23	0.079702	5.8434e-05	0.073526	supercritical
671.00	54.000	417.71	0.0023940	583.44	596.37	1.0135	3.1072	3.6054	280.39	0.081103	5.7936e-05	0.073441	supercritical
672.00	54.000	416.33	0.0024020	587.00	599.97	1.0189	3.1099	3.6091	278.56	0.082525	5.7441e-05	0.073357	supercritical
673.00	54.000	414.94	0.0024100	590.57	603.59	1.0243	3.1126	3.6128	276.74	0.083966	5.6949e-05	0.073274	supercritical
674.00	54.000	413.54	0.0024181	594.14	607.20	1.0296	3.1153	3.6164	274.93	0.085428	5.6460e-05	0.073192	supercritical
675.00	54.000	412.14	0.0024263	597.72	610.82	1.0350	3.1179	3.6201	273.13	0.086911	5.5975e-05	0.073111	supercritical
676.00	54.000	410.74	0.0024346	601.29	614.44	1.0404	3.1206	3.6237	271.34	0.088416	5.5493e-05	0.073031	supercritical
677.00	54.000	409.33	0.0024430	604.87	618.07	1.0457	3.1233	3.6274	269.56	0.089941	5.5014e-05	0.072953	supercritical
678.00	54.000	407.91	0.0024515	608.46	621.70	1.0511	3.1260	3.6310	267.79	0.091489	5.4539e-05	0.072875	supercritical
679.00	54.000	406.49	0.0024601	612.04	625.33	1.0564	3.1286	3.6347	266.03	0.093058	5.4066e-05	0.072799	supercritical
680.00	54.000	405.07	0.0024687	615.63	628.96	1.0618	3.1313	3.6383	264.28	0.094650	5.3597e-05	0.072724	supercritical
681.00	54.000	403.64	0.0024774	619.23	632.60	1.0671	3.1340	3.6420	262.54	0.096265	5.3131e-05	0.072650	supercritical
682.00	54.000	402.21	0.0024863	622.82	636.25	1.0725	3.1366	3.6456	260.81	0.097903	5.2668e-05	0.072578	supercritical
683.00	54.000	400.77	0.0024952	626.42	639.90	1.0778	3.1393	3.6493	259.08	0.099564	5.2209e-05	0.072506	supercritical
684.00	54.000	399.32	0.0025042	630.02	643.55	1.0832	3.1419	3.6529	257.37	0.10125	5.1753e-05	0.072436	supercritical
685.00	54.000	397.88	0.0025133	633.63	647.20	1.0885	3.1445	3.6566	255.67	0.10296	5.1300e-05	0.072367	supercritical
686.00	54.000	396.42	0.0025226	637.24	650.86	1.0938	3.1472	3.6602	253.98	0.10469	5.0850e-05	0.072299	supercritical
687.00	54.000	394.97	0.0025319	640.85	654.52	1.0992	3.1498	3.6638	252.30	0.10645	5.0403e-05	0.072232	supercritical
688.00	54.000	393.50	0.0025413	644.46	658.19	1.1045	3.1524	3.6675	250.63	0.10823	4.9960e-05	0.072167	supercritical
689.00	54.000	392.03	0.0025508	648.08	661.86	1.1098	3.1550	3.6711	248.97	0.11004	4.9520e-05	0.072103	supercritical
690.00	54.000	390.56	0.0025604	651.70	665.53	1.1152	3.1576	3.6748	247.32	0.11187	4.9083e-05	0.072040	supercritical
691.00	54.000	389.08	0.0025701	655.33	669.21	1.1205	3.1602	3.6784	245.68	0.11373	4.8649e-05	0.071979	supercritical
692.00	54.000	387.60	0.0025800	658.96	672.89	1.1258	3.1628	3.6820	244.05	0.11562	4.8219e-05	0.071918	supercritical
693.00	54.000	386.12	0.0025899	662.59	676.57	1.1311	3.1654	3.6856	242.43	0.11753	4.7792e-05	0.071859	supercritical
694.00	54.000	384.62	0.0025999	666.22	680.26	1.1364	3.1680	3.6893	240.83	0.11947	4.7368e-05	0.071802	supercritical
695.00	54.000	383.13	0.0026101	669.85	683.95	1.1418	3.1705	3.6929	239.23	0.12144	4.6947e-05	0.071745	supercritical
696.00	54.000	381.63	0.0026204	673.49	687.64	1.1471	3.1731	3.6965	237.65	0.12343	4.6530e-05	0.071690	supercritical
697.00	54.000	380.12	0.0026307	677.14	691.34	1.1524	3.1757	3.7001	236.07	0.12545	4.6116e-05	0.071636	supercritical
698.00	54.000	378.61	0.0026412	680.78	695.04	1.1577	3.1782	3.7037	234.51	0.12750	4.5705e-05	0.071584	supercritical
699.00	54.000	377.10	0.0026518	684.43	698.75	1.1630	3.1808	3.7073	232.96	0.12957	4.5297e-05	0.071533	supercritical
700.00	54.000	375.58	0.0026626	688.08	702.46	1.1683	3.1833	3.7109	231.43	0.13167	4.4893e-05	0.071483	supercritical
