Temperature (K)	Pressure (bar)	Density (kg/m3)	Volume (m3/kg)	Internal Energy (kJ/kg)	Enthalpy (kJ/kg)	Entropy (J/g*K)	Cv (J/g*K)	Cp (J/g*K)	Sound Spd. (m/s)	Joule-Thomson (K/bar)	Viscosity (Pa*s)	Therm. Cond. (W/m*K)	Phase
280.00	199.00	771.42	0.0012963	-538.82	-513.03	-1.4220	1.7641	2.1501	1463.1	-0.045334	0.0024833	0.14594	liquid
281.00	199.00	770.73	0.0012975	-536.70	-510.88	-1.4143	1.7675	2.1529	1459.2	-0.045266	0.0024279	0.14571	liquid
282.00	199.00	770.05	0.0012986	-534.56	-508.72	-1.4067	1.7709	2.1556	1455.2	-0.045198	0.0023745	0.14549	liquid
283.00	199.00	769.37	0.0012998	-532.43	-506.56	-1.3990	1.7743	2.1584	1451.4	-0.045130	0.0023229	0.14526	liquid
284.00	199.00	768.69	0.0013009	-530.29	-504.40	-1.3914	1.7778	2.1613	1447.5	-0.045061	0.0022731	0.14503	liquid
285.00	199.00	768.01	0.0013021	-528.15	-502.24	-1.3838	1.7812	2.1641	1443.6	-0.044991	0.0022249	0.14481	liquid
286.00	199.00	767.33	0.0013032	-526.01	-500.08	-1.3762	1.7847	2.1670	1439.8	-0.044921	0.0021784	0.14458	liquid
287.00	199.00	766.65	0.0013044	-523.87	-497.91	-1.3687	1.7881	2.1698	1435.9	-0.044851	0.0021335	0.14436	liquid
288.00	199.00	765.97	0.0013055	-521.72	-495.74	-1.3611	1.7916	2.1727	1432.1	-0.044780	0.0020900	0.14414	liquid
289.00	199.00	765.29	0.0013067	-519.57	-493.56	-1.3536	1.7951	2.1756	1428.3	-0.044708	0.0020479	0.14391	liquid
290.00	199.00	764.62	0.0013078	-517.41	-491.39	-1.3461	1.7986	2.1786	1424.5	-0.044637	0.0020072	0.14369	liquid
291.00	199.00	763.94	0.0013090	-515.25	-489.21	-1.3386	1.8021	2.1815	1420.8	-0.044564	0.0019678	0.14347	liquid
292.00	199.00	763.27	0.0013102	-513.09	-487.02	-1.3311	1.8057	2.1845	1417.0	-0.044492	0.0019295	0.14325	liquid
293.00	199.00	762.59	0.0013113	-510.93	-484.84	-1.3236	1.8092	2.1875	1413.2	-0.044419	0.0018925	0.14303	liquid
294.00	199.00	761.92	0.0013125	-508.77	-482.65	-1.3161	1.8128	2.1905	1409.5	-0.044345	0.0018566	0.14281	liquid
295.00	199.00	761.25	0.0013136	-506.60	-480.46	-1.3087	1.8163	2.1935	1405.8	-0.044272	0.0018218	0.14259	liquid
296.00	199.00	760.57	0.0013148	-504.43	-478.26	-1.3013	1.8199	2.1965	1402.1	-0.044197	0.0017880	0.14238	liquid
297.00	199.00	759.90	0.0013160	-502.25	-476.06	-1.2939	1.8235	2.1996	1398.4	-0.044123	0.0017553	0.14216	liquid
298.00	199.00	759.23	0.0013171	-500.07	-473.86	-1.2865	1.8271	2.2027	1394.7	-0.044048	0.0017235	0.14194	liquid
299.00	199.00	758.56	0.0013183	-497.89	-471.66	-1.2791	1.8307	2.2057	1391.0	-0.043973	0.0016926	0.14173	liquid
300.00	199.00	757.89	0.0013195	-495.71	-469.45	-1.2717	1.8343	2.2088	1387.4	-0.043897	0.0016626	0.14151	liquid
301.00	199.00	757.22	0.0013206	-493.52	-467.24	-1.2643	1.8379	2.2120	1383.7	-0.043821	0.0016334	0.14130	liquid
302.00	199.00	756.55	0.0013218	-491.33	-465.03	-1.2570	1.8415	2.2151	1380.1	-0.043744	0.0016051	0.14108	liquid
303.00	199.00	755.88	0.0013230	-489.14	-462.81	-1.2497	1.8451	2.2182	1376.5	-0.043668	0.0015776	0.14087	liquid
304.00	199.00	755.21	0.0013241	-486.94	-460.59	-1.2424	1.8488	2.2214	1372.9	-0.043591	0.0015508	0.14066	liquid
305.00	199.00	754.55	0.0013253	-484.74	-458.37	-1.2351	1.8524	2.2246	1369.3	-0.043513	0.0015247	0.14044	liquid
306.00	199.00	753.88	0.0013265	-482.54	-456.14	-1.2278	1.8561	2.2277	1365.7	-0.043436	0.0014994	0.14023	liquid
307.00	199.00	753.21	0.0013276	-480.33	-453.91	-1.2205	1.8598	2.2309	1362.2	-0.043358	0.0014747	0.14002	liquid
308.00	199.00	752.55	0.0013288	-478.12	-451.68	-1.2132	1.8634	2.2342	1358.6	-0.043280	0.0014507	0.13981	liquid
309.00	199.00	751.88	0.0013300	-475.91	-449.44	-1.2060	1.8671	2.2374	1355.1	-0.043201	0.0014273	0.13960	liquid
310.00	199.00	751.22	0.0013312	-473.69	-447.20	-1.1988	1.8708	2.2406	1351.5	-0.043122	0.0014045	0.13939	liquid
311.00	199.00	750.55	0.0013323	-471.48	-444.96	-1.1915	1.8745	2.2439	1348.0	-0.043043	0.0013823	0.13918	liquid
312.00	199.00	749.89	0.0013335	-469.25	-442.72	-1.1843	1.8782	2.2471	1344.5	-0.042964	0.0013607	0.13898	liquid
313.00	199.00	749.23	0.0013347	-467.03	-440.47	-1.1771	1.8819	2.2504	1341.0	-0.042884	0.0013396	0.13877	liquid
314.00	199.00	748.56	0.0013359	-464.80	-438.22	-1.1699	1.8856	2.2537	1337.6	-0.042804	0.0013191	0.13856	liquid
315.00	199.00	747.90	0.0013371	-462.57	-435.96	-1.1628	1.8894	2.2570	1334.1	-0.042724	0.0012990	0.13835	liquid
316.00	199.00	747.24	0.0013383	-460.33	-433.70	-1.1556	1.8931	2.2603	1330.6	-0.042644	0.0012795	0.13815	liquid
317.00	199.00	746.58	0.0013394	-458.09	-431.44	-1.1485	1.8968	2.2637	1327.2	-0.042563	0.0012604	0.13794	liquid
318.00	199.00	745.92	0.0013406	-455.85	-429.17	-1.1413	1.9006	2.2670	1323.7	-0.042482	0.0012418	0.13774	liquid
319.00	199.00	745.26	0.0013418	-453.61	-426.91	-1.1342	1.9043	2.2703	1320.3	-0.042401	0.0012236	0.13753	liquid
320.00	199.00	744.60	0.0013430	-451.36	-424.63	-1.1271	1.9081	2.2737	1316.9	-0.042320	0.0012059	0.13733	liquid
321.00	199.00	743.94	0.0013442	-449.11	-422.36	-1.1200	1.9118	2.2771	1313.5	-0.042238	0.0011886	0.13713	liquid
322.00	199.00	743.28	0.0013454	-446.85	-420.08	-1.1129	1.9156	2.2804	1310.1	-0.042156	0.0011717	0.13692	liquid
323.00	199.00	742.62	0.0013466	-444.59	-417.80	-1.1058	1.9194	2.2838	1306.7	-0.042074	0.0011551	0.13672	liquid
324.00	199.00	741.96	0.0013478	-442.33	-415.51	-1.0988	1.9231	2.2872	1303.4	-0.041992	0.0011390	0.13652	liquid
325.00	199.00	741.31	0.0013490	-440.07	-413.22	-1.0917	1.9269	2.2906	1300.0	-0.041910	0.0011232	0.13632	liquid
326.00	199.00	740.65	0.0013502	-437.80	-410.93	-1.0847	1.9307	2.2941	1296.7	-0.041827	0.0011078	0.13612	liquid
327.00	199.00	739.99	0.0013514	-435.53	-408.63	-1.0776	1.9345	2.2975	1293.3	-0.041744	0.0010927	0.13592	liquid
328.00	199.00	739.33	0.0013526	-433.25	-406.34	-1.0706	1.9383	2.3009	1290.0	-0.041661	0.0010780	0.13572	liquid
329.00	199.00	738.68	0.0013538	-430.97	-404.03	-1.0636	1.9421	2.3044	1286.7	-0.041578	0.0010636	0.13552	liquid
330.00	199.00	738.02	0.0013550	-428.69	-401.73	-1.0566	1.9459	2.3078	1283.4	-0.041495	0.0010495	0.13532	liquid
331.00	199.00	737.37	0.0013562	-426.40	-399.42	-1.0496	1.9497	2.3113	1280.1	-0.041411	0.0010357	0.13512	liquid
332.00	199.00	736.71	0.0013574	-424.12	-397.10	-1.0426	1.9535	2.3148	1276.8	-0.041327	0.0010222	0.13493	liquid
333.00	199.00	736.06	0.0013586	-421.82	-394.79	-1.0357	1.9573	2.3182	1273.5	-0.041244	0.0010090	0.13473	liquid
334.00	199.00	735.40	0.0013598	-419.53	-392.47	-1.0287	1.9612	2.3217	1270.3	-0.041160	0.00099603	0.13453	liquid
335.00	199.00	734.75	0.0013610	-417.23	-390.14	-1.0218	1.9650	2.3252	1267.0	-0.041075	0.00098337	0.13434	liquid
336.00	199.00	734.09	0.0013622	-414.93	-387.82	-1.0148	1.9688	2.3287	1263.8	-0.040991	0.00097097	0.13414	liquid
337.00	199.00	733.44	0.0013634	-412.62	-385.49	-1.0079	1.9726	2.3322	1260.6	-0.040906	0.00095883	0.13395	liquid
338.00	199.00	732.79	0.0013647	-410.31	-383.15	-1.0010	1.9765	2.3358	1257.3	-0.040822	0.00094694	0.13375	liquid
339.00	199.00	732.13	0.0013659	-408.00	-380.81	-0.99410	1.9803	2.3393	1254.1	-0.040737	0.00093529	0.13356	liquid
340.00	199.00	731.48	0.0013671	-405.68	-378.47	-0.98720	1.9842	2.3428	1250.9	-0.040652	0.00092388	0.13336	liquid
341.00	199.00	730.83	0.0013683	-403.36	-376.13	-0.98032	1.9880	2.3464	1247.7	-0.040567	0.00091269	0.13317	liquid
342.00	199.00	730.17	0.0013695	-401.03	-373.78	-0.97344	1.9918	2.3499	1244.5	-0.040481	0.00090173	0.13298	liquid
343.00	199.00	729.52	0.0013708	-398.71	-371.43	-0.96657	1.9957	2.3535	1241.4	-0.040396	0.00089098	0.13278	liquid
344.00	199.00	728.87	0.0013720	-396.38	-369.07	-0.95972	1.9995	2.3570	1238.2	-0.040310	0.00088045	0.13259	liquid
345.00	199.00	728.22	0.0013732	-394.04	-366.72	-0.95287	2.0034	2.3606	1235.1	-0.040225	0.00087012	0.13240	liquid
346.00	199.00	727.57	0.0013744	-391.70	-364.35	-0.94603	2.0072	2.3641	1231.9	-0.040139	0.00085999	0.13221	liquid
347.00	199.00	726.92	0.0013757	-389.36	-361.99	-0.93920	2.0111	2.3677	1228.8	-0.040053	0.00085005	0.13202	liquid
348.00	199.00	726.27	0.0013769	-387.02	-359.62	-0.93239	2.0150	2.3713	1225.7	-0.039967	0.00084030	0.13183	liquid
349.00	199.00	725.62	0.0013781	-384.67	-357.24	-0.92558	2.0188	2.3749	1222.5	-0.039881	0.00083074	0.13164	liquid
350.00	199.00	724.97	0.0013794	-382.32	-354.87	-0.91878	2.0227	2.3785	1219.4	-0.039794	0.00082135	0.13145	liquid
351.00	199.00	724.32	0.0013806	-379.96	-352.49	-0.91198	2.0266	2.3821	1216.3	-0.039708	0.00081214	0.13126	liquid
352.00	199.00	723.67	0.0013819	-377.60	-350.10	-0.90520	2.0304	2.3857	1213.2	-0.039622	0.00080310	0.13107	liquid
353.00	199.00	723.02	0.0013831	-375.24	-347.72	-0.89843	2.0343	2.3893	1210.2	-0.039535	0.00079423	0.13089	liquid
354.00	199.00	722.37	0.0013843	-372.87	-345.33	-0.89167	2.0382	2.3929	1207.1	-0.039448	0.00078551	0.13070	liquid
355.00	199.00	721.72	0.0013856	-370.50	-342.93	-0.88491	2.0420	2.3965	1204.0	-0.039361	0.00077696	0.13051	liquid
356.00	199.00	721.07	0.0013868	-368.13	-340.53	-0.87816	2.0459	2.4002	1201.0	-0.039274	0.00076856	0.13032	liquid
357.00	199.00	720.42	0.0013881	-365.75	-338.13	-0.87143	2.0498	2.4038	1197.9	-0.039187	0.00076030	0.13014	liquid
358.00	199.00	719.77	0.0013893	-363.37	-335.72	-0.86470	2.0537	2.4074	1194.9	-0.039100	0.00075220	0.12995	liquid
359.00	199.00	719.13	0.0013906	-360.99	-333.32	-0.85798	2.0575	2.4111	1191.9	-0.039013	0.00074423	0.12977	liquid
360.00	199.00	718.48	0.0013918	-358.60	-330.90	-0.85126	2.0614	2.4147	1188.8	-0.038925	0.00073641	0.12958	liquid
361.00	199.00	717.83	0.0013931	-356.21	-328.49	-0.84456	2.0653	2.4184	1185.8	-0.038838	0.00072872	0.12940	liquid
362.00	199.00	717.18	0.0013943	-353.81	-326.07	-0.83787	2.0692	2.4220	1182.8	-0.038750	0.00072116	0.12921	liquid
363.00	199.00	716.53	0.0013956	-351.41	-323.64	-0.83118	2.0730	2.4257	1179.8	-0.038663	0.00071374	0.12903	liquid
364.00	199.00	715.89	0.0013969	-349.01	-321.21	-0.82450	2.0769	2.4293	1176.8	-0.038575	0.00070644	0.12885	liquid
365.00	199.00	715.24	0.0013981	-346.61	-318.78	-0.81783	2.0808	2.4330	1173.9	-0.038487	0.00069926	0.12866	liquid
366.00	199.00	714.59	0.0013994	-344.20	-316.35	-0.81117	2.0847	2.4366	1170.9	-0.038399	0.00069220	0.12848	liquid
367.00	199.00	713.95	0.0014007	-341.78	-313.91	-0.80452	2.0886	2.4403	1167.9	-0.038311	0.00068526	0.12830	liquid
368.00	199.00	713.30	0.0014019	-339.37	-311.47	-0.79787	2.0925	2.4440	1165.0	-0.038223	0.00067843	0.12812	liquid
369.00	199.00	712.65	0.0014032	-336.95	-309.02	-0.79123	2.0963	2.4477	1162.0	-0.038135	0.00067172	0.12794	liquid
370.00	199.00	712.01	0.0014045	-334.52	-306.57	-0.78461	2.1002	2.4513	1159.1	-0.038047	0.00066511	0.12775	liquid
371.00	199.00	711.36	0.0014058	-332.09	-304.12	-0.77798	2.1041	2.4550	1156.2	-0.037958	0.00065862	0.12757	liquid
372.00	199.00	710.71	0.0014070	-329.66	-301.66	-0.77137	2.1080	2.4587	1153.3	-0.037870	0.00065222	0.12739	liquid
373.00	199.00	710.07	0.0014083	-327.23	-299.20	-0.76477	2.1119	2.4624	1150.4	-0.037781	0.00064593	0.12721	liquid
374.00	199.00	709.42	0.0014096	-324.79	-296.74	-0.75817	2.1157	2.4661	1147.4	-0.037693	0.00063974	0.12703	liquid
375.00	199.00	708.77	0.0014109	-322.35	-294.27	-0.75158	2.1196	2.4698	1144.6	-0.037604	0.00063365	0.12686	liquid
376.00	199.00	708.13	0.0014122	-319.90	-291.80	-0.74500	2.1235	2.4734	1141.7	-0.037515	0.00062765	0.12668	liquid
377.00	199.00	707.48	0.0014135	-317.45	-289.32	-0.73842	2.1274	2.4771	1138.8	-0.037426	0.00062175	0.12650	liquid
378.00	199.00	706.84	0.0014148	-315.00	-286.84	-0.73185	2.1313	2.4808	1135.9	-0.037338	0.00061593	0.12632	liquid
379.00	199.00	706.19	0.0014160	-312.54	-284.36	-0.72530	2.1351	2.4845	1133.0	-0.037249	0.00061021	0.12614	liquid
380.00	199.00	705.55	0.0014173	-310.08	-281.87	-0.71874	2.1390	2.4882	1130.2	-0.037159	0.00060457	0.12597	liquid
381.00	199.00	704.90	0.0014186	-307.62	-279.38	-0.71220	2.1429	2.4919	1127.3	-0.037070	0.00059902	0.12579	liquid
382.00	199.00	704.26	0.0014199	-305.15	-276.89	-0.70566	2.1468	2.4956	1124.5	-0.036981	0.00059355	0.12561	liquid
383.00	199.00	703.61	0.0014212	-302.68	-274.39	-0.69913	2.1506	2.4993	1121.7	-0.036892	0.00058817	0.12544	liquid
384.00	199.00	702.96	0.0014225	-300.20	-271.89	-0.69261	2.1545	2.5030	1118.8	-0.036803	0.00058286	0.12526	liquid
385.00	199.00	702.32	0.0014239	-297.72	-269.39	-0.68610	2.1584	2.5067	1116.0	-0.036713	0.00057764	0.12509	liquid
386.00	199.00	701.67	0.0014252	-295.24	-266.88	-0.67959	2.1622	2.5105	1113.2	-0.036624	0.00057249	0.12491	liquid
387.00	199.00	701.03	0.0014265	-292.75	-264.37	-0.67309	2.1661	2.5142	1110.4	-0.036534	0.00056741	0.12474	liquid
388.00	199.00	700.38	0.0014278	-290.26	-261.85	-0.66660	2.1700	2.5179	1107.6	-0.036444	0.00056241	0.12456	liquid
389.00	199.00	699.74	0.0014291	-287.77	-259.33	-0.66011	2.1738	2.5216	1104.8	-0.036355	0.00055748	0.12439	liquid
390.00	199.00	699.09	0.0014304	-285.27	-256.81	-0.65363	2.1777	2.5253	1102.0	-0.036265	0.00055262	0.12422	liquid
391.00	199.00	698.45	0.0014317	-282.77	-254.28	-0.64716	2.1816	2.5290	1099.3	-0.036175	0.00054783	0.12404	liquid
392.00	199.00	697.80	0.0014331	-280.27	-251.75	-0.64070	2.1854	2.5327	1096.5	-0.036085	0.00054311	0.12387	liquid
393.00	199.00	697.16	0.0014344	-277.76	-249.21	-0.63424	2.1893	2.5364	1093.7	-0.035995	0.00053845	0.12370	liquid
394.00	199.00	696.52	0.0014357	-275.25	-246.68	-0.62779	2.1931	2.5402	1091.0	-0.035905	0.00053386	0.12353	liquid
395.00	199.00	695.87	0.0014370	-272.73	-244.13	-0.62134	2.1970	2.5439	1088.2	-0.035815	0.00052933	0.12335	liquid
396.00	199.00	695.23	0.0014384	-270.21	-241.59	-0.61491	2.2009	2.5476	1085.5	-0.035725	0.00052487	0.12318	liquid
397.00	199.00	694.58	0.0014397	-267.69	-239.04	-0.60848	2.2047	2.5513	1082.8	-0.035635	0.00052046	0.12301	liquid
398.00	199.00	693.94	0.0014411	-265.16	-236.49	-0.60205	2.2086	2.5550	1080.0	-0.035544	0.00051612	0.12284	liquid
399.00	199.00	693.29	0.0014424	-262.63	-233.93	-0.59564	2.2124	2.5587	1077.3	-0.035454	0.00051184	0.12267	liquid
400.00	199.00	692.65	0.0014437	-260.10	-231.37	-0.58923	2.2163	2.5624	1074.6	-0.035363	0.00050761	0.12250	liquid
401.00	199.00	692.00	0.0014451	-257.56	-228.80	-0.58283	2.2201	2.5662	1071.9	-0.035273	0.00050344	0.12233	liquid
402.00	199.00	691.36	0.0014464	-255.02	-226.24	-0.57643	2.2239	2.5699	1069.2	-0.035182	0.00049932	0.12216	liquid
403.00	199.00	690.71	0.0014478	-252.48	-223.66	-0.57004	2.2278	2.5736	1066.5	-0.035091	0.00049526	0.12199	liquid
404.00	199.00	690.07	0.0014491	-249.93	-221.09	-0.56366	2.2316	2.5773	1063.8	-0.035001	0.00049126	0.12182	liquid
405.00	199.00	689.42	0.0014505	-247.37	-218.51	-0.55728	2.2355	2.5810	1061.2	-0.034910	0.00048730	0.12166	liquid
406.00	199.00	688.78	0.0014518	-244.82	-215.93	-0.55091	2.2393	2.5847	1058.5	-0.034819	0.00048340	0.12149	liquid
407.00	199.00	688.13	0.0014532	-242.26	-213.34	-0.54455	2.2431	2.5884	1055.8	-0.034728	0.00047954	0.12132	liquid
408.00	199.00	687.49	0.0014546	-239.70	-210.75	-0.53819	2.2469	2.5921	1053.2	-0.034637	0.00047574	0.12115	liquid
409.00	199.00	686.84	0.0014559	-237.13	-208.16	-0.53184	2.2508	2.5959	1050.5	-0.034546	0.00047198	0.12099	liquid
410.00	199.00	686.20	0.0014573	-234.56	-205.56	-0.52550	2.2546	2.5996	1047.9	-0.034455	0.00046828	0.12082	liquid
411.00	199.00	685.55	0.0014587	-231.98	-202.96	-0.51916	2.2584	2.6033	1045.2	-0.034364	0.00046462	0.12065	liquid
412.00	199.00	684.91	0.0014601	-229.41	-200.35	-0.51283	2.2622	2.6070	1042.6	-0.034272	0.00046100	0.12049	liquid
413.00	199.00	684.26	0.0014614	-226.83	-197.74	-0.50651	2.2660	2.6107	1040.0	-0.034181	0.00045743	0.12032	liquid
414.00	199.00	683.62	0.0014628	-224.24	-195.13	-0.50019	2.2698	2.6144	1037.4	-0.034089	0.00045390	0.12016	liquid
415.00	199.00	682.97	0.0014642	-221.65	-192.51	-0.49388	2.2736	2.6181	1034.8	-0.033998	0.00045042	0.11999	liquid
416.00	199.00	682.33	0.0014656	-219.06	-189.89	-0.48757	2.2775	2.6218	1032.2	-0.033906	0.00044698	0.11983	liquid
417.00	199.00	681.68	0.0014670	-216.46	-187.27	-0.48127	2.2813	2.6255	1029.6	-0.033815	0.00044358	0.11966	liquid
418.00	199.00	681.04	0.0014684	-213.86	-184.64	-0.47498	2.2851	2.6292	1027.0	-0.033723	0.00044023	0.11950	liquid
419.00	199.00	680.39	0.0014697	-211.26	-182.01	-0.46869	2.2888	2.6329	1024.4	-0.033631	0.00043691	0.11933	liquid
420.00	199.00	679.75	0.0014711	-208.65	-179.38	-0.46241	2.2926	2.6366	1021.8	-0.033539	0.00043363	0.11917	liquid
421.00	199.00	679.10	0.0014725	-206.04	-176.74	-0.45614	2.2964	2.6403	1019.2	-0.033447	0.00043039	0.11901	liquid
422.00	199.00	678.45	0.0014739	-203.43	-174.10	-0.44987	2.3002	2.6440	1016.7	-0.033355	0.00042719	0.11885	liquid
423.00	199.00	677.81	0.0014753	-200.81	-171.45	-0.44361	2.3040	2.6477	1014.1	-0.033263	0.00042403	0.11868	liquid
424.00	199.00	677.16	0.0014768	-198.19	-168.80	-0.43735	2.3078	2.6514	1011.6	-0.033171	0.00042091	0.11852	liquid
425.00	199.00	676.52	0.0014782	-195.56	-166.15	-0.43110	2.3116	2.6551	1009.0	-0.033079	0.00041782	0.11836	liquid
426.00	199.00	675.87	0.0014796	-192.93	-163.49	-0.42485	2.3153	2.6588	1006.5	-0.032986	0.00041477	0.11820	liquid
427.00	199.00	675.22	0.0014810	-190.30	-160.83	-0.41862	2.3191	2.6624	1003.9	-0.032894	0.00041175	0.11804	liquid
428.00	199.00	674.58	0.0014824	-187.67	-158.17	-0.41238	2.3229	2.6661	1001.4	-0.032801	0.00040876	0.11788	liquid
429.00	199.00	673.93	0.0014838	-185.03	-155.50	-0.40616	2.3266	2.6698	998.89	-0.032709	0.00040581	0.11772	liquid
430.00	199.00	673.29	0.0014853	-182.38	-152.83	-0.39994	2.3304	2.6735	996.38	-0.032616	0.00040290	0.11756	liquid
431.00	199.00	672.64	0.0014867	-179.74	-150.15	-0.39372	2.3341	2.6772	993.87	-0.032523	0.00040001	0.11740	liquid
432.00	199.00	671.99	0.0014881	-177.09	-147.47	-0.38751	2.3379	2.6808	991.36	-0.032431	0.00039716	0.11724	liquid
433.00	199.00	671.34	0.0014895	-174.43	-144.79	-0.38131	2.3416	2.6845	988.87	-0.032338	0.00039434	0.11708	liquid
434.00	199.00	670.70	0.0014910	-171.77	-142.10	-0.37511	2.3454	2.6882	986.38	-0.032245	0.00039156	0.11692	liquid
435.00	199.00	670.05	0.0014924	-169.11	-139.41	-0.36892	2.3491	2.6918	983.89	-0.032152	0.00038880	0.11676	liquid
436.00	199.00	669.40	0.0014939	-166.45	-136.72	-0.36274	2.3528	2.6955	981.42	-0.032058	0.00038607	0.11660	liquid
437.00	199.00	668.76	0.0014953	-163.78	-134.02	-0.35656	2.3566	2.6992	978.94	-0.031965	0.00038337	0.11644	liquid
438.00	199.00	668.11	0.0014968	-161.11	-131.32	-0.35039	2.3603	2.7028	976.48	-0.031872	0.00038070	0.11629	liquid
439.00	199.00	667.46	0.0014982	-158.43	-128.62	-0.34422	2.3640	2.7065	974.02	-0.031778	0.00037806	0.11613	liquid
440.00	199.00	666.81	0.0014997	-155.75	-125.91	-0.33806	2.3678	2.7101	971.56	-0.031685	0.00037545	0.11597	liquid
441.00	199.00	666.17	0.0015011	-153.07	-123.20	-0.33190	2.3715	2.7138	969.11	-0.031591	0.00037287	0.11582	liquid
442.00	199.00	665.52	0.0015026	-150.38	-120.48	-0.32575	2.3752	2.7174	966.67	-0.031498	0.00037031	0.11566	liquid
443.00	199.00	664.87	0.0015041	-147.69	-117.76	-0.31960	2.3789	2.7211	964.24	-0.031404	0.00036778	0.11550	liquid
444.00	199.00	664.22	0.0015055	-145.00	-115.04	-0.31346	2.3826	2.7247	961.80	-0.031310	0.00036528	0.11535	liquid
445.00	199.00	663.57	0.0015070	-142.30	-112.31	-0.30733	2.3863	2.7284	959.38	-0.031216	0.00036280	0.11519	liquid
446.00	199.00	662.93	0.0015085	-139.60	-109.58	-0.30120	2.3900	2.7320	956.96	-0.031122	0.00036035	0.11504	liquid
447.00	199.00	662.28	0.0015099	-136.90	-106.85	-0.29508	2.3937	2.7356	954.55	-0.031028	0.00035793	0.11488	liquid
448.00	199.00	661.63	0.0015114	-134.19	-104.11	-0.28896	2.3974	2.7393	952.14	-0.030934	0.00035552	0.11473	liquid
449.00	199.00	660.98	0.0015129	-131.48	-101.37	-0.28285	2.4010	2.7429	949.74	-0.030839	0.00035315	0.11457	liquid
450.00	199.00	660.33	0.0015144	-128.76	-98.625	-0.27674	2.4047	2.7465	947.34	-0.030745	0.00035080	0.11442	liquid
451.00	199.00	659.68	0.0015159	-126.04	-95.877	-0.27064	2.4084	2.7501	944.96	-0.030650	0.00034847	0.11427	liquid
452.00	199.00	659.03	0.0015174	-123.32	-93.125	-0.26455	2.4121	2.7537	942.57	-0.030556	0.00034616	0.11411	liquid
453.00	199.00	658.38	0.0015189	-120.59	-90.369	-0.25846	2.4157	2.7574	940.19	-0.030461	0.00034388	0.11396	liquid
454.00	199.00	657.73	0.0015204	-117.87	-87.610	-0.25237	2.4194	2.7610	937.82	-0.030366	0.00034162	0.11381	liquid
455.00	199.00	657.08	0.0015219	-115.13	-84.847	-0.24629	2.4231	2.7646	935.45	-0.030271	0.00033938	0.11365	liquid
456.00	199.00	656.43	0.0015234	-112.40	-82.081	-0.24022	2.4267	2.7682	933.09	-0.030176	0.00033717	0.11350	liquid
457.00	199.00	655.78	0.0015249	-109.66	-79.311	-0.23415	2.4304	2.7718	930.74	-0.030081	0.00033498	0.11335	liquid
458.00	199.00	655.13	0.0015264	-106.91	-76.537	-0.22809	2.4340	2.7754	928.39	-0.029986	0.00033280	0.11320	liquid
459.00	199.00	654.48	0.0015279	-104.17	-73.760	-0.22203	2.4376	2.7790	926.05	-0.029890	0.00033065	0.11305	liquid
460.00	199.00	653.83	0.0015295	-101.42	-70.979	-0.21598	2.4413	2.7825	923.71	-0.029795	0.00032852	0.11290	liquid
461.00	199.00	653.18	0.0015310	-98.662	-68.195	-0.20994	2.4449	2.7861	921.38	-0.029699	0.00032641	0.11275	liquid
462.00	199.00	652.53	0.0015325	-95.904	-65.407	-0.20390	2.4485	2.7897	919.05	-0.029604	0.00032432	0.11260	liquid
463.00	199.00	651.88	0.0015340	-93.143	-62.616	-0.19786	2.4522	2.7933	916.73	-0.029508	0.00032225	0.11245	liquid
464.00	199.00	651.22	0.0015356	-90.378	-59.821	-0.19183	2.4558	2.7969	914.41	-0.029412	0.00032021	0.11230	liquid
465.00	199.00	650.57	0.0015371	-87.610	-57.022	-0.18580	2.4594	2.8004	912.10	-0.029316	0.00031817	0.11215	liquid
466.00	199.00	649.92	0.0015386	-84.839	-54.220	-0.17978	2.4630	2.8040	909.80	-0.029220	0.00031616	0.11200	liquid
467.00	199.00	649.27	0.0015402	-82.064	-51.414	-0.17377	2.4666	2.8076	907.50	-0.029123	0.00031417	0.11185	liquid
468.00	199.00	648.62	0.0015417	-79.285	-48.605	-0.16776	2.4702	2.8111	905.21	-0.029027	0.00031220	0.11170	liquid
469.00	199.00	647.96	0.0015433	-76.503	-45.792	-0.16176	2.4738	2.8147	902.92	-0.028931	0.00031024	0.11155	liquid
470.00	199.00	647.31	0.0015449	-73.718	-42.975	-0.15576	2.4774	2.8182	900.64	-0.028834	0.00030830	0.11140	liquid
471.00	199.00	646.66	0.0015464	-70.929	-40.155	-0.14976	2.4810	2.8218	898.36	-0.028737	0.00030638	0.11126	liquid
472.00	199.00	646.00	0.0015480	-68.137	-37.332	-0.14378	2.4845	2.8253	896.09	-0.028641	0.00030448	0.11111	liquid
473.00	199.00	645.35	0.0015495	-65.341	-34.505	-0.13779	2.4881	2.8288	893.83	-0.028544	0.00030259	0.11096	liquid
474.00	199.00	644.70	0.0015511	-62.541	-31.674	-0.13181	2.4917	2.8324	891.57	-0.028447	0.00030073	0.11082	liquid
475.00	199.00	644.04	0.0015527	-59.739	-28.840	-0.12584	2.4952	2.8359	889.31	-0.028349	0.00029887	0.11067	liquid
476.00	199.00	643.39	0.0015543	-56.932	-26.002	-0.11987	2.4988	2.8394	887.06	-0.028252	0.00029704	0.11052	liquid
477.00	199.00	642.74	0.0015558	-54.123	-23.161	-0.11391	2.5023	2.8429	884.82	-0.028155	0.00029522	0.11038	liquid
478.00	199.00	642.08	0.0015574	-51.309	-20.317	-0.10795	2.5059	2.8464	882.58	-0.028057	0.00029342	0.11023	liquid
479.00	199.00	641.43	0.0015590	-48.493	-17.468	-0.10200	2.5094	2.8500	880.35	-0.027959	0.00029163	0.11009	liquid
480.00	199.00	640.77	0.0015606	-45.673	-14.617	-0.096054	2.5130	2.8535	878.12	-0.027862	0.00028986	0.10994	liquid
481.00	199.00	640.12	0.0015622	-42.849	-11.761	-0.090112	2.5165	2.8570	875.90	-0.027764	0.00028811	0.10980	liquid
482.00	199.00	639.46	0.0015638	-40.023	-8.9027	-0.084175	2.5200	2.8605	873.69	-0.027666	0.00028637	0.10965	liquid
483.00	199.00	638.81	0.0015654	-37.192	-6.0405	-0.078243	2.5236	2.8640	871.48	-0.027567	0.00028464	0.10951	liquid
484.00	199.00	638.15	0.0015670	-34.359	-3.1748	-0.072316	2.5271	2.8674	869.27	-0.027469	0.00028293	0.10937	liquid
485.00	199.00	637.50	0.0015686	-31.521	-0.30558	-0.066394	2.5306	2.8709	867.07	-0.027371	0.00028124	0.10922	liquid
486.00	199.00	636.84	0.0015703	-28.681	2.5671	-0.060477	2.5341	2.8744	864.88	-0.027272	0.00027955	0.10908	liquid
487.00	199.00	636.18	0.0015719	-25.837	5.4432	-0.054565	2.5376	2.8779	862.69	-0.027173	0.00027789	0.10894	liquid
488.00	199.00	635.53	0.0015735	-22.990	8.3228	-0.048658	2.5411	2.8813	860.51	-0.027075	0.00027624	0.10880	liquid
489.00	199.00	634.87	0.0015751	-20.139	11.206	-0.042756	2.5446	2.8848	858.33	-0.026976	0.00027460	0.10865	liquid
490.00	199.00	634.21	0.0015768	-17.285	14.092	-0.036859	2.5481	2.8883	856.16	-0.026876	0.00027297	0.10851	liquid
491.00	199.00	633.56	0.0015784	-14.428	16.982	-0.030967	2.5516	2.8917	853.99	-0.026777	0.00027136	0.10837	liquid
492.00	199.00	632.90	0.0015800	-11.567	19.876	-0.025080	2.5551	2.8952	851.83	-0.026678	0.00026976	0.10823	liquid
493.00	199.00	632.24	0.0015817	-8.7027	22.773	-0.019198	2.5585	2.8986	849.67	-0.026578	0.00026818	0.10809	liquid
494.00	199.00	631.58	0.0015833	-5.8351	25.673	-0.013321	2.5620	2.9020	847.52	-0.026479	0.00026661	0.10795	liquid
495.00	199.00	630.92	0.0015850	-2.9642	28.577	-0.0074492	2.5655	2.9055	845.38	-0.026379	0.00026505	0.10781	liquid
496.00	199.00	630.27	0.0015866	-0.089990	31.484	-0.0015820	2.5689	2.9089	843.24	-0.026279	0.00026350	0.10767	liquid
497.00	199.00	629.61	0.0015883	2.7876	34.395	0.0042802	2.5724	2.9123	841.10	-0.026179	0.00026197	0.10753	liquid
498.00	199.00	628.95	0.0015900	5.6685	37.309	0.010138	2.5758	2.9157	838.97	-0.026079	0.00026045	0.10739	liquid
499.00	199.00	628.29	0.0015916	8.5528	40.226	0.015990	2.5793	2.9192	836.85	-0.025978	0.00025894	0.10725	liquid
500.00	199.00	627.63	0.0015933	11.440	43.147	0.021838	2.5827	2.9226	834.73	-0.025878	0.00025745	0.10711	liquid
501.00	199.00	626.97	0.0015950	14.331	46.071	0.027680	2.5861	2.9260	832.62	-0.025777	0.00025596	0.10697	liquid
502.00	199.00	626.31	0.0015967	17.226	48.999	0.033518	2.5896	2.9294	830.51	-0.025676	0.00025449	0.10684	liquid
503.00	199.00	625.65	0.0015983	20.123	51.930	0.039351	2.5930	2.9328	828.41	-0.025575	0.00025303	0.10670	liquid
504.00	199.00	624.99	0.0016000	23.024	54.864	0.045179	2.5964	2.9361	826.31	-0.025474	0.00025158	0.10656	liquid
505.00	199.00	624.33	0.0016017	25.928	57.802	0.051002	2.5998	2.9395	824.22	-0.025373	0.00025014	0.10642	liquid
506.00	199.00	623.67	0.0016034	28.835	60.743	0.056821	2.6032	2.9429	822.13	-0.025272	0.00024872	0.10629	liquid
507.00	199.00	623.01	0.0016051	31.746	63.688	0.062634	2.6066	2.9463	820.05	-0.025170	0.00024730	0.10615	liquid
508.00	199.00	622.35	0.0016068	34.660	66.636	0.068443	2.6100	2.9496	817.98	-0.025068	0.00024590	0.10601	liquid
509.00	199.00	621.69	0.0016085	37.578	69.587	0.074247	2.6134	2.9530	815.91	-0.024966	0.00024451	0.10588	liquid
510.00	199.00	621.02	0.0016102	40.498	72.542	0.080046	2.6168	2.9563	813.84	-0.024864	0.00024313	0.10574	liquid
511.00	199.00	620.36	0.0016120	43.422	75.500	0.085841	2.6202	2.9597	811.78	-0.024762	0.00024175	0.10561	liquid
512.00	199.00	619.70	0.0016137	46.349	78.461	0.091630	2.6235	2.9630	809.73	-0.024660	0.00024039	0.10547	liquid
513.00	199.00	619.04	0.0016154	49.279	81.426	0.097415	2.6269	2.9664	807.68	-0.024557	0.00023904	0.10534	liquid
514.00	199.00	618.37	0.0016171	52.213	84.394	0.10320	2.6303	2.9697	805.63	-0.024455	0.00023770	0.10520	liquid
515.00	199.00	617.71	0.0016189	55.150	87.365	0.10897	2.6336	2.9730	803.59	-0.024352	0.00023637	0.10507	liquid
516.00	199.00	617.05	0.0016206	58.090	90.340	0.11474	2.6370	2.9764	801.56	-0.024249	0.00023505	0.10494	liquid
517.00	199.00	616.39	0.0016224	61.033	93.318	0.12051	2.6403	2.9797	799.53	-0.024146	0.00023374	0.10480	liquid
518.00	199.00	615.72	0.0016241	63.980	96.299	0.12627	2.6437	2.9830	797.51	-0.024043	0.00023244	0.10467	liquid
519.00	199.00	615.06	0.0016259	66.929	99.284	0.13202	2.6470	2.9863	795.49	-0.023939	0.00023115	0.10454	liquid
520.00	199.00	614.39	0.0016276	69.882	102.27	0.13778	2.6503	2.9896	793.48	-0.023836	0.00022987	0.10441	liquid
521.00	199.00	613.73	0.0016294	72.839	105.26	0.14352	2.6537	2.9929	791.48	-0.023732	0.00022860	0.10427	liquid
522.00	199.00	613.06	0.0016311	75.798	108.26	0.14926	2.6570	2.9962	789.47	-0.023628	0.00022734	0.10414	liquid
523.00	199.00	612.40	0.0016329	78.761	111.26	0.15500	2.6603	2.9994	787.48	-0.023524	0.00022609	0.10401	liquid
524.00	199.00	611.73	0.0016347	81.726	114.26	0.16073	2.6636	3.0027	785.49	-0.023420	0.00022485	0.10388	liquid
525.00	199.00	611.07	0.0016365	84.695	117.26	0.16646	2.6669	3.0060	783.50	-0.023316	0.00022361	0.10375	liquid
526.00	199.00	610.40	0.0016383	87.667	120.27	0.17219	2.6702	3.0093	781.52	-0.023211	0.00022239	0.10362	liquid
527.00	199.00	609.74	0.0016400	90.643	123.28	0.17790	2.6735	3.0125	779.55	-0.023106	0.00022117	0.10349	liquid
528.00	199.00	609.07	0.0016418	93.621	126.29	0.18362	2.6768	3.0158	777.58	-0.023002	0.00021997	0.10336	liquid
529.00	199.00	608.41	0.0016436	96.603	129.31	0.18933	2.6801	3.0190	775.61	-0.022897	0.00021877	0.10323	liquid
530.00	199.00	607.74	0.0016454	99.587	132.33	0.19503	2.6833	3.0222	773.66	-0.022791	0.00021758	0.10310	liquid
531.00	199.00	607.07	0.0016472	102.58	135.36	0.20073	2.6866	3.0255	771.70	-0.022686	0.00021640	0.10297	liquid
532.00	199.00	606.41	0.0016491	105.57	138.38	0.20643	2.6899	3.0287	769.75	-0.022581	0.00021522	0.10285	liquid
533.00	199.00	605.74	0.0016509	108.56	141.41	0.21212	2.6931	3.0319	767.81	-0.022475	0.00021406	0.10272	liquid
534.00	199.00	605.07	0.0016527	111.56	144.45	0.21781	2.6964	3.0351	765.87	-0.022369	0.00021291	0.10259	liquid
535.00	199.00	604.40	0.0016545	114.56	147.48	0.22349	2.6996	3.0384	763.94	-0.022263	0.00021176	0.10246	liquid
536.00	199.00	603.74	0.0016564	117.56	150.52	0.22916	2.7029	3.0416	762.02	-0.022157	0.00021062	0.10234	liquid
537.00	199.00	603.07	0.0016582	120.57	153.57	0.23484	2.7061	3.0448	760.09	-0.022051	0.00020949	0.10221	liquid
538.00	199.00	602.40	0.0016600	123.58	156.61	0.24050	2.7093	3.0480	758.18	-0.021944	0.00020836	0.10208	liquid
539.00	199.00	601.73	0.0016619	126.59	159.66	0.24617	2.7126	3.0511	756.27	-0.021837	0.00020725	0.10196	liquid
540.00	199.00	601.06	0.0016637	129.61	162.72	0.25182	2.7158	3.0543	754.36	-0.021731	0.00020614	0.10183	liquid
541.00	199.00	600.39	0.0016656	132.63	165.77	0.25748	2.7190	3.0575	752.46	-0.021624	0.00020504	0.10171	liquid
542.00	199.00	599.72	0.0016674	135.65	168.83	0.26313	2.7222	3.0607	750.57	-0.021516	0.00020395	0.10158	liquid
543.00	199.00	599.05	0.0016693	138.67	171.89	0.26877	2.7254	3.0638	748.68	-0.021409	0.00020286	0.10146	liquid
544.00	199.00	598.38	0.0016712	141.70	174.96	0.27441	2.7286	3.0670	746.79	-0.021302	0.00020179	0.10133	liquid
545.00	199.00	597.71	0.0016730	144.73	178.03	0.28005	2.7318	3.0701	744.91	-0.021194	0.00020072	0.10121	liquid
546.00	199.00	597.04	0.0016749	147.77	181.10	0.28568	2.7350	3.0733	743.04	-0.021086	0.00019966	0.10109	liquid
547.00	199.00	596.37	0.0016768	150.80	184.17	0.29131	2.7382	3.0764	741.17	-0.020978	0.00019860	0.10096	liquid
548.00	199.00	595.70	0.0016787	153.84	187.25	0.29693	2.7414	3.0795	739.31	-0.020870	0.00019755	0.10084	liquid
549.00	199.00	595.03	0.0016806	156.89	190.33	0.30254	2.7445	3.0826	737.45	-0.020762	0.00019651	0.10072	liquid
550.00	199.00	594.36	0.0016825	159.93	193.42	0.30816	2.7477	3.0858	735.60	-0.020653	0.00019548	0.10060	liquid
551.00	199.00	593.69	0.0016844	162.98	196.50	0.31377	2.7509	3.0889	733.75	-0.020544	0.00019445	0.10047	liquid
552.00	199.00	593.02	0.0016863	166.04	199.59	0.31937	2.7540	3.0920	731.91	-0.020436	0.00019343	0.10035	liquid
553.00	199.00	592.34	0.0016882	169.09	202.69	0.32497	2.7572	3.0951	730.07	-0.020327	0.00019242	0.10023	liquid
554.00	199.00	591.67	0.0016901	172.15	205.78	0.33056	2.7603	3.0982	728.24	-0.020218	0.00019141	0.10011	liquid
555.00	199.00	591.00	0.0016920	175.21	208.88	0.33615	2.7634	3.1012	726.42	-0.020108	0.00019042	0.099991	liquid
556.00	199.00	590.33	0.0016940	178.28	211.99	0.34174	2.7666	3.1043	724.60	-0.019999	0.00018942	0.099871	liquid
557.00	199.00	589.65	0.0016959	181.34	215.09	0.34732	2.7697	3.1074	722.78	-0.019889	0.00018844	0.099752	liquid
558.00	199.00	588.98	0.0016978	184.41	218.20	0.35290	2.7728	3.1105	720.97	-0.019779	0.00018746	0.099633	liquid
559.00	199.00	588.31	0.0016998	187.49	221.31	0.35847	2.7759	3.1135	719.17	-0.019669	0.00018649	0.099514	liquid
560.00	199.00	587.63	0.0017017	190.56	224.43	0.36404	2.7790	3.1166	717.37	-0.019559	0.00018552	0.099395	liquid
561.00	199.00	586.96	0.0017037	193.64	227.55	0.36960	2.7822	3.1196	715.58	-0.019449	0.00018456	0.099277	liquid
562.00	199.00	586.29	0.0017056	196.73	230.67	0.37516	2.7853	3.1227	713.79	-0.019338	0.00018361	0.099160	liquid
563.00	199.00	585.61	0.0017076	199.81	233.79	0.38071	2.7883	3.1257	712.01	-0.019228	0.00018266	0.099042	liquid
564.00	199.00	584.94	0.0017096	202.90	236.92	0.38626	2.7914	3.1287	710.23	-0.019117	0.00018172	0.098925	liquid
565.00	199.00	584.27	0.0017116	205.99	240.05	0.39181	2.7945	3.1317	708.46	-0.019006	0.00018078	0.098808	liquid
566.00	199.00	583.59	0.0017135	209.08	243.18	0.39735	2.7976	3.1347	706.69	-0.018895	0.00017985	0.098692	liquid
567.00	199.00	582.92	0.0017155	212.18	246.32	0.40288	2.8007	3.1378	704.93	-0.018784	0.00017893	0.098576	liquid
568.00	199.00	582.24	0.0017175	215.28	249.46	0.40841	2.8037	3.1408	703.18	-0.018672	0.00017802	0.098461	liquid
569.00	199.00	581.57	0.0017195	218.38	252.60	0.41394	2.8068	3.1437	701.43	-0.018561	0.00017710	0.098346	liquid
570.00	199.00	580.89	0.0017215	221.49	255.75	0.41947	2.8098	3.1467	699.68	-0.018449	0.00017620	0.098231	liquid
571.00	199.00	580.21	0.0017235	224.60	258.89	0.42498	2.8129	3.1497	697.94	-0.018337	0.00017530	0.098116	liquid
572.00	199.00	579.54	0.0017255	227.71	262.04	0.43050	2.8159	3.1527	696.21	-0.018225	0.00017441	0.098002	liquid
573.00	199.00	578.86	0.0017275	230.82	265.20	0.43601	2.8190	3.1556	694.48	-0.018113	0.00017352	0.097889	liquid
574.00	199.00	578.19	0.0017295	233.94	268.36	0.44151	2.8220	3.1586	692.76	-0.018000	0.00017264	0.097775	liquid
575.00	199.00	577.51	0.0017316	237.06	271.52	0.44701	2.8250	3.1616	691.04	-0.017888	0.00017176	0.097662	liquid
576.00	199.00	576.83	0.0017336	240.18	274.68	0.45251	2.8281	3.1645	689.33	-0.017775	0.00017089	0.097550	liquid
577.00	199.00	576.16	0.0017356	243.31	277.85	0.45800	2.8311	3.1674	687.62	-0.017662	0.00017003	0.097438	liquid
578.00	199.00	575.48	0.0017377	246.43	281.01	0.46349	2.8341	3.1704	685.92	-0.017549	0.00016917	0.097326	liquid
579.00	199.00	574.80	0.0017397	249.57	284.19	0.46897	2.8371	3.1733	684.22	-0.017436	0.00016832	0.097214	liquid
580.00	199.00	574.13	0.0017418	252.70	287.36	0.47445	2.8401	3.1762	682.53	-0.017323	0.00016747	0.097103	liquid
581.00	199.00	573.45	0.0017438	255.84	290.54	0.47992	2.8431	3.1791	680.85	-0.017210	0.00016662	0.096993	liquid
582.00	199.00	572.77	0.0017459	258.98	293.72	0.48539	2.8461	3.1820	679.17	-0.017096	0.00016579	0.096882	liquid
583.00	199.00	572.09	0.0017480	262.12	296.90	0.49086	2.8491	3.1849	677.49	-0.016982	0.00016495	0.096773	liquid
584.00	199.00	571.42	0.0017500	265.26	300.09	0.49632	2.8520	3.1878	675.83	-0.016868	0.00016413	0.096663	liquid
585.00	199.00	570.74	0.0017521	268.41	303.28	0.50177	2.8550	3.1907	674.16	-0.016754	0.00016331	0.096554	liquid
586.00	199.00	570.06	0.0017542	271.56	306.47	0.50723	2.8580	3.1936	672.50	-0.016640	0.00016249	0.096445	liquid
587.00	199.00	569.38	0.0017563	274.71	309.67	0.51267	2.8609	3.1964	670.85	-0.016526	0.00016168	0.096337	liquid
588.00	199.00	568.70	0.0017584	277.87	312.86	0.51812	2.8639	3.1993	669.21	-0.016411	0.00016087	0.096229	liquid
589.00	199.00	568.03	0.0017605	281.03	316.06	0.52356	2.8669	3.2022	667.56	-0.016297	0.00016007	0.096121	liquid
590.00	199.00	567.35	0.0017626	284.19	319.27	0.52899	2.8698	3.2050	665.93	-0.016182	0.00015927	0.096014	liquid
591.00	199.00	566.67	0.0017647	287.36	322.47	0.53442	2.8727	3.2079	664.30	-0.016067	0.00015848	0.095908	liquid
592.00	199.00	565.99	0.0017668	290.52	325.68	0.53985	2.8757	3.2107	662.67	-0.015952	0.00015769	0.095801	liquid
593.00	199.00	565.31	0.0017689	293.69	328.90	0.54527	2.8786	3.2135	661.05	-0.015837	0.00015691	0.095695	liquid
594.00	199.00	564.63	0.0017711	296.87	332.11	0.55068	2.8815	3.2163	659.44	-0.015722	0.00015614	0.095590	liquid
595.00	199.00	563.95	0.0017732	300.04	335.33	0.55610	2.8844	3.2192	657.83	-0.015607	0.00015536	0.095484	liquid
596.00	199.00	563.27	0.0017753	303.22	338.55	0.56151	2.8874	3.2220	656.23	-0.015491	0.00015460	0.095380	liquid
597.00	199.00	562.59	0.0017775	306.40	341.77	0.56691	2.8903	3.2248	654.63	-0.015375	0.00015383	0.095275	liquid
598.00	199.00	561.91	0.0017796	309.58	345.00	0.57231	2.8932	3.2276	653.04	-0.015260	0.00015308	0.095171	liquid
599.00	199.00	561.23	0.0017818	312.77	348.23	0.57770	2.8961	3.2303	651.45	-0.015144	0.00015232	0.095068	liquid
600.00	199.00	560.56	0.0017839	315.96	351.46	0.58309	2.8990	3.2331	649.87	-0.015028	0.00015158	0.094965	liquid
601.00	199.00	559.88	0.0017861	319.15	354.69	0.58848	2.9018	3.2359	648.30	-0.014912	0.00015083	0.094862	liquid
602.00	199.00	559.20	0.0017883	322.34	357.93	0.59386	2.9047	3.2387	646.73	-0.014795	0.00015009	0.094759	liquid
603.00	199.00	558.52	0.0017905	325.54	361.17	0.59924	2.9076	3.2414	645.16	-0.014679	0.00014936	0.094658	liquid
604.00	199.00	557.84	0.0017926	328.74	364.41	0.60461	2.9105	3.2442	643.61	-0.014563	0.00014863	0.094556	liquid
605.00	199.00	557.15	0.0017948	331.94	367.66	0.60998	2.9133	3.2469	642.05	-0.014446	0.00014790	0.094455	liquid
606.00	199.00	556.47	0.0017970	335.15	370.91	0.61535	2.9162	3.2496	640.50	-0.014329	0.00014718	0.094354	liquid
607.00	199.00	555.79	0.0017992	338.35	374.16	0.62071	2.9190	3.2524	638.96	-0.014213	0.00014646	0.094254	liquid
608.00	199.00	555.11	0.0018014	341.56	377.41	0.62606	2.9219	3.2551	637.43	-0.014096	0.00014575	0.094154	liquid
609.00	199.00	554.43	0.0018036	344.78	380.67	0.63142	2.9247	3.2578	635.89	-0.013979	0.00014504	0.094055	liquid
610.00	199.00	553.75	0.0018059	347.99	383.93	0.63676	2.9276	3.2605	634.37	-0.013862	0.00014434	0.093955	liquid
611.00	199.00	553.07	0.0018081	351.21	387.19	0.64211	2.9304	3.2632	632.85	-0.013744	0.00014364	0.093857	liquid
612.00	199.00	552.39	0.0018103	354.43	390.45	0.64744	2.9332	3.2659	631.34	-0.013627	0.00014294	0.093759	liquid
613.00	199.00	551.71	0.0018125	357.65	393.72	0.65278	2.9360	3.2686	629.83	-0.013510	0.00014225	0.093661	liquid
614.00	199.00	551.03	0.0018148	360.88	396.99	0.65811	2.9389	3.2713	628.32	-0.013392	0.00014156	0.093563	liquid
615.00	199.00	550.35	0.0018170	364.10	400.26	0.66343	2.9417	3.2739	626.83	-0.013274	0.00014088	0.093466	liquid
616.00	199.00	549.67	0.0018193	367.34	403.54	0.66876	2.9445	3.2766	625.33	-0.013157	0.00014020	0.093370	liquid
617.00	199.00	548.99	0.0018215	370.57	406.82	0.67407	2.9473	3.2793	623.85	-0.013039	0.00013953	0.093274	liquid
618.00	199.00	548.31	0.0018238	373.80	410.10	0.67938	2.9501	3.2819	622.37	-0.012921	0.00013886	0.093178	liquid
619.00	199.00	547.63	0.0018261	377.04	413.38	0.68469	2.9529	3.2846	620.89	-0.012803	0.00013819	0.093083	liquid
620.00	199.00	546.94	0.0018283	380.28	416.67	0.69000	2.9556	3.2872	619.42	-0.012685	0.00013753	0.092988	liquid
621.00	199.00	546.26	0.0018306	383.53	419.95	0.69530	2.9584	3.2898	617.96	-0.012567	0.00013687	0.092894	liquid
622.00	199.00	545.58	0.0018329	386.77	423.25	0.70059	2.9612	3.2925	616.50	-0.012449	0.00013622	0.092800	liquid
623.00	199.00	544.90	0.0018352	390.02	426.54	0.70588	2.9640	3.2951	615.04	-0.012331	0.00013556	0.092706	liquid
624.00	199.00	544.22	0.0018375	393.27	429.84	0.71117	2.9667	3.2977	613.60	-0.012212	0.00013492	0.092613	liquid
625.00	199.00	543.54	0.0018398	396.52	433.14	0.71645	2.9695	3.3003	612.15	-0.012094	0.00013427	0.092520	liquid
626.00	199.00	542.86	0.0018421	399.78	436.44	0.72173	2.9722	3.3029	610.72	-0.011976	0.00013364	0.092428	liquid
627.00	199.00	542.18	0.0018444	403.04	439.74	0.72701	2.9750	3.3055	609.29	-0.011857	0.00013300	0.092336	liquid
628.00	199.00	541.50	0.0018467	406.30	443.05	0.73228	2.9777	3.3080	607.86	-0.011738	0.00013237	0.092245	liquid
629.00	199.00	540.82	0.0018491	409.56	446.36	0.73754	2.9805	3.3106	606.44	-0.011620	0.00013174	0.092154	liquid
630.00	199.00	540.13	0.0018514	412.83	449.67	0.74280	2.9832	3.3132	605.03	-0.011501	0.00013112	0.092063	liquid
631.00	199.00	539.45	0.0018537	416.09	452.98	0.74806	2.9859	3.3157	603.62	-0.011382	0.00013050	0.091973	liquid
632.00	199.00	538.77	0.0018561	419.36	456.30	0.75331	2.9886	3.3183	602.22	-0.011264	0.00012988	0.091883	liquid
633.00	199.00	538.09	0.0018584	422.64	459.62	0.75856	2.9914	3.3208	600.82	-0.011145	0.00012927	0.091794	liquid
634.00	199.00	537.41	0.0018608	425.91	462.94	0.76380	2.9941	3.3234	599.43	-0.011026	0.00012866	0.091705	liquid
635.00	199.00	536.73	0.0018631	429.19	466.27	0.76904	2.9968	3.3259	598.04	-0.010907	0.00012805	0.091617	liquid
636.00	199.00	536.05	0.0018655	432.47	469.59	0.77428	2.9995	3.3284	596.66	-0.010788	0.00012745	0.091529	liquid
637.00	199.00	535.37	0.0018679	435.75	472.92	0.77951	3.0022	3.3309	595.29	-0.010669	0.00012685	0.091442	liquid
638.00	199.00	534.69	0.0018702	439.04	476.26	0.78474	3.0048	3.3334	593.92	-0.010550	0.00012626	0.091355	liquid
639.00	199.00	534.01	0.0018726	442.32	479.59	0.78996	3.0075	3.3359	592.55	-0.010431	0.00012567	0.091268	liquid
640.00	199.00	533.33	0.0018750	445.61	482.93	0.79518	3.0102	3.3384	591.20	-0.010312	0.00012508	0.091182	liquid
641.00	199.00	532.65	0.0018774	448.91	486.27	0.80039	3.0129	3.3409	589.84	-0.010193	0.00012449	0.091096	liquid
642.00	199.00	531.97	0.0018798	452.20	489.61	0.80560	3.0156	3.3434	588.50	-0.010074	0.00012391	0.091011	liquid
643.00	199.00	531.29	0.0018822	455.50	492.95	0.81081	3.0182	3.3458	587.15	-0.0099547	0.00012334	0.090926	liquid
644.00	199.00	530.61	0.0018846	458.80	496.30	0.81601	3.0209	3.3483	585.82	-0.0098356	0.00012276	0.090842	liquid
645.00	199.00	529.93	0.0018870	462.10	499.65	0.82121	3.0235	3.3508	584.49	-0.0097164	0.00012219	0.090758	liquid
646.00	199.00	529.25	0.0018895	465.40	503.00	0.82640	3.0262	3.3532	583.16	-0.0095973	0.00012162	0.090675	liquid
647.00	199.00	528.57	0.0018919	468.71	506.36	0.83159	3.0288	3.3557	581.84	-0.0094781	0.00012106	0.090592	liquid
648.00	199.00	527.89	0.0018943	472.02	509.71	0.83677	3.0315	3.3581	580.53	-0.0093590	0.00012050	0.090509	liquid
649.00	199.00	527.21	0.0018968	475.33	513.07	0.84195	3.0341	3.3605	579.22	-0.0092398	0.00011994	0.090427	liquid
650.00	199.00	526.53	0.0018992	478.64	516.43	0.84713	3.0367	3.3629	577.92	-0.0091207	0.00011939	0.090346	liquid
651.00	199.00	525.85	0.0019017	481.96	519.80	0.85230	3.0393	3.3654	576.62	-0.0090015	0.00011884	0.090264	liquid
652.00	199.00	525.17	0.0019041	485.27	523.17	0.85747	3.0420	3.3678	575.33	-0.0088824	0.00011829	0.090184	liquid
653.00	199.00	524.49	0.0019066	488.59	526.53	0.86263	3.0446	3.3702	574.05	-0.0087633	0.00011775	0.090103	liquid
654.00	199.00	523.81	0.0019091	491.92	529.91	0.86779	3.0472	3.3725	572.77	-0.0086442	0.00011721	0.090024	liquid
655.00	199.00	523.14	0.0019115	495.24	533.28	0.87294	3.0498	3.3749	571.49	-0.0085251	0.00011667	0.089944	liquid
656.00	199.00	522.46	0.0019140	498.57	536.66	0.87809	3.0524	3.3773	570.22	-0.0084061	0.00011613	0.089865	liquid
657.00	199.00	521.78	0.0019165	501.90	540.03	0.88324	3.0550	3.3797	568.96	-0.0082871	0.00011560	0.089787	liquid
658.00	199.00	521.10	0.0019190	505.23	543.42	0.88838	3.0576	3.3820	567.70	-0.0081681	0.00011508	0.089709	liquid
659.00	199.00	520.42	0.0019215	508.56	546.80	0.89352	3.0601	3.3844	566.45	-0.0080491	0.00011455	0.089631	supercritical
660.00	199.00	519.75	0.0019240	511.90	550.18	0.89865	3.0627	3.3867	565.20	-0.0079302	0.00011403	0.089554	supercritical
661.00	199.00	519.07	0.0019265	515.23	553.57	0.90378	3.0653	3.3891	563.96	-0.0078113	0.00011351	0.089478	supercritical
662.00	199.00	518.39	0.0019290	518.57	556.96	0.90891	3.0678	3.3914	562.72	-0.0076925	0.00011299	0.089402	supercritical
663.00	199.00	517.71	0.0019316	521.92	560.35	0.91403	3.0704	3.3938	561.49	-0.0075737	0.00011248	0.089326	supercritical
664.00	199.00	517.04	0.0019341	525.26	563.75	0.91915	3.0730	3.3961	560.27	-0.0074550	0.00011197	0.089251	supercritical
665.00	199.00	516.36	0.0019366	528.61	567.15	0.92426	3.0755	3.3984	559.05	-0.0073364	0.00011146	0.089176	supercritical
666.00	199.00	515.68	0.0019392	531.96	570.55	0.92937	3.0781	3.4007	557.84	-0.0072177	0.00011096	0.089102	supercritical
667.00	199.00	515.01	0.0019417	535.31	573.95	0.93447	3.0806	3.4030	556.63	-0.0070992	0.00011046	0.089028	supercritical
668.00	199.00	514.33	0.0019443	538.66	577.35	0.93957	3.0831	3.4053	555.42	-0.0069807	0.00010996	0.088954	supercritical
669.00	199.00	513.66	0.0019468	542.02	580.76	0.94467	3.0857	3.4076	554.23	-0.0068623	0.00010947	0.088882	supercritical
670.00	199.00	512.98	0.0019494	545.37	584.17	0.94976	3.0882	3.4098	553.04	-0.0067440	0.00010898	0.088809	supercritical
671.00	199.00	512.31	0.0019520	548.73	587.58	0.95484	3.0907	3.4121	551.85	-0.0066257	0.00010849	0.088737	supercritical
672.00	199.00	511.63	0.0019545	552.10	590.99	0.95993	3.0932	3.4144	550.67	-0.0065076	0.00010800	0.088666	supercritical
673.00	199.00	510.96	0.0019571	555.46	594.41	0.96501	3.0958	3.4166	549.49	-0.0063895	0.00010752	0.088595	supercritical
674.00	199.00	510.28	0.0019597	558.83	597.82	0.97008	3.0983	3.4189	548.32	-0.0062715	0.00010704	0.088524	supercritical
675.00	199.00	509.61	0.0019623	562.20	601.24	0.97515	3.1008	3.4211	547.16	-0.0061535	0.00010656	0.088454	supercritical
676.00	199.00	508.93	0.0019649	565.57	604.67	0.98022	3.1033	3.4234	546.00	-0.0060357	0.00010608	0.088384	supercritical
677.00	199.00	508.26	0.0019675	568.94	608.09	0.98528	3.1058	3.4256	544.85	-0.0059180	0.00010561	0.088315	supercritical
678.00	199.00	507.59	0.0019701	572.31	611.52	0.99034	3.1082	3.4278	543.70	-0.0058004	0.00010514	0.088246	supercritical
679.00	199.00	506.91	0.0019727	575.69	614.95	0.99539	3.1107	3.4300	542.56	-0.0056829	0.00010468	0.088178	supercritical
680.00	199.00	506.24	0.0019753	579.07	618.38	1.0004	3.1132	3.4322	541.42	-0.0055655	0.00010421	0.088110	supercritical
681.00	199.00	505.57	0.0019780	582.45	621.81	1.0055	3.1157	3.4344	540.29	-0.0054482	0.00010375	0.088043	supercritical
682.00	199.00	504.90	0.0019806	585.83	625.25	1.0105	3.1181	3.4366	539.16	-0.0053310	0.00010329	0.087976	supercritical
683.00	199.00	504.23	0.0019832	589.22	628.69	1.0156	3.1206	3.4388	538.04	-0.0052139	0.00010284	0.087910	supercritical
684.00	199.00	503.55	0.0019859	592.61	632.12	1.0206	3.1231	3.4410	536.92	-0.0050970	0.00010239	0.087844	supercritical
685.00	199.00	502.88	0.0019885	596.00	635.57	1.0256	3.1255	3.4432	535.81	-0.0049802	0.00010194	0.087778	supercritical
686.00	199.00	502.21	0.0019912	599.39	639.01	1.0307	3.1280	3.4453	534.71	-0.0048635	0.00010149	0.087713	supercritical
687.00	199.00	501.54	0.0019939	602.78	642.46	1.0357	3.1304	3.4475	533.61	-0.0047470	0.00010104	0.087649	supercritical
688.00	199.00	500.87	0.0019965	606.18	645.91	1.0407	3.1328	3.4497	532.51	-0.0046305	0.00010060	0.087585	supercritical
689.00	199.00	500.20	0.0019992	609.57	649.36	1.0457	3.1353	3.4518	531.43	-0.0045143	0.00010016	0.087521	supercritical
690.00	199.00	499.53	0.0020019	612.97	652.81	1.0507	3.1377	3.4539	530.34	-0.0043981	9.9725e-05	0.087458	supercritical
691.00	199.00	498.86	0.0020046	616.37	656.26	1.0557	3.1401	3.4561	529.26	-0.0042822	9.9290e-05	0.087396	supercritical
692.00	199.00	498.20	0.0020072	619.78	659.72	1.0607	3.1426	3.4582	528.19	-0.0041663	9.8859e-05	0.087333	supercritical
693.00	199.00	497.53	0.0020099	623.18	663.18	1.0657	3.1450	3.4603	527.12	-0.0040507	9.8429e-05	0.087272	supercritical
694.00	199.00	496.86	0.0020126	626.59	666.64	1.0707	3.1474	3.4624	526.06	-0.0039351	9.8003e-05	0.087210	supercritical
695.00	199.00	496.19	0.0020153	630.00	670.11	1.0757	3.1498	3.4645	525.01	-0.0038198	9.7579e-05	0.087150	supercritical
696.00	199.00	495.53	0.0020181	633.41	673.57	1.0807	3.1522	3.4666	523.95	-0.0037046	9.7157e-05	0.087089	supercritical
697.00	199.00	494.86	0.0020208	636.83	677.04	1.0856	3.1546	3.4687	522.91	-0.0035896	9.6738e-05	0.087030	supercritical
698.00	199.00	494.19	0.0020235	640.24	680.51	1.0906	3.1570	3.4708	521.87	-0.0034747	9.6322e-05	0.086970	supercritical
699.00	199.00	493.53	0.0020262	643.66	683.98	1.0956	3.1594	3.4729	520.83	-0.0033600	9.5907e-05	0.086911	supercritical
700.00	199.00	492.86	0.0020290	647.08	687.46	1.1006	3.1617	3.4750	519.80	-0.0032455	9.5496e-05	0.086853	supercritical
