Temperature (K)	Pressure (bar)	Density (kg/m3)	Volume (m3/kg)	Internal Energy (kJ/kg)	Enthalpy (kJ/kg)	Entropy (J/g*K)	Cv (J/g*K)	Cp (J/g*K)	Sound Spd. (m/s)	Joule-Thomson (K/bar)	Viscosity (Pa*s)	Therm. Cond. (W/m*K)	Phase
277.00	156.00	771.02	0.0012970	-543.89	-523.65	-1.4401	1.7513	2.1429	1453.3	-0.045355	0.0025269	0.14536	liquid
278.00	156.00	770.32	0.0012982	-541.76	-521.51	-1.4324	1.7547	2.1456	1449.3	-0.045286	0.0024688	0.14512	liquid
279.00	156.00	769.62	0.0012993	-539.63	-519.36	-1.4247	1.7581	2.1483	1445.3	-0.045217	0.0024128	0.14489	liquid
280.00	156.00	768.93	0.0013005	-537.50	-517.21	-1.4170	1.7615	2.1511	1441.3	-0.045148	0.0023587	0.14466	liquid
281.00	156.00	768.23	0.0013017	-535.37	-515.06	-1.4093	1.7649	2.1539	1437.3	-0.045078	0.0023066	0.14442	liquid
282.00	156.00	767.54	0.0013029	-533.23	-512.90	-1.4017	1.7683	2.1567	1433.3	-0.045007	0.0022563	0.14419	liquid
283.00	156.00	766.84	0.0013040	-531.09	-510.75	-1.3940	1.7717	2.1595	1429.4	-0.044936	0.0022078	0.14396	liquid
284.00	156.00	766.15	0.0013052	-528.95	-508.58	-1.3864	1.7752	2.1623	1425.5	-0.044865	0.0021609	0.14373	liquid
285.00	156.00	765.46	0.0013064	-526.80	-506.42	-1.3788	1.7786	2.1652	1421.5	-0.044793	0.0021155	0.14350	liquid
286.00	156.00	764.77	0.0013076	-524.65	-504.25	-1.3712	1.7821	2.1681	1417.6	-0.044720	0.0020717	0.14327	liquid
287.00	156.00	764.08	0.0013088	-522.50	-502.08	-1.3636	1.7856	2.1710	1413.7	-0.044647	0.0020293	0.14304	liquid
288.00	156.00	763.39	0.0013100	-520.35	-499.91	-1.3561	1.7891	2.1739	1409.9	-0.044573	0.0019883	0.14282	liquid
289.00	156.00	762.70	0.0013111	-518.19	-497.74	-1.3485	1.7926	2.1768	1406.0	-0.044499	0.0019486	0.14259	liquid
290.00	156.00	762.01	0.0013123	-516.03	-495.56	-1.3410	1.7961	2.1798	1402.1	-0.044425	0.0019101	0.14236	liquid
291.00	156.00	761.32	0.0013135	-513.87	-493.38	-1.3335	1.7996	2.1828	1398.3	-0.044350	0.0018729	0.14214	liquid
292.00	156.00	760.63	0.0013147	-511.70	-491.19	-1.3260	1.8031	2.1858	1394.5	-0.044275	0.0018368	0.14191	liquid
293.00	156.00	759.94	0.0013159	-509.53	-489.01	-1.3185	1.8067	2.1888	1390.7	-0.044199	0.0018018	0.14169	liquid
294.00	156.00	759.26	0.0013171	-507.36	-486.82	-1.3111	1.8102	2.1918	1386.9	-0.044123	0.0017679	0.14147	liquid
295.00	156.00	758.57	0.0013183	-505.19	-484.62	-1.3036	1.8138	2.1948	1383.1	-0.044046	0.0017349	0.14124	liquid
296.00	156.00	757.89	0.0013195	-503.01	-482.43	-1.2962	1.8174	2.1979	1379.3	-0.043969	0.0017030	0.14102	liquid
297.00	156.00	757.20	0.0013207	-500.83	-480.23	-1.2888	1.8210	2.2010	1375.6	-0.043892	0.0016720	0.14080	liquid
298.00	156.00	756.52	0.0013218	-498.64	-478.02	-1.2814	1.8246	2.2041	1371.8	-0.043814	0.0016419	0.14058	liquid
299.00	156.00	755.83	0.0013230	-496.46	-475.82	-1.2740	1.8282	2.2072	1368.1	-0.043736	0.0016126	0.14036	liquid
300.00	156.00	755.15	0.0013242	-494.27	-473.61	-1.2666	1.8318	2.2103	1364.4	-0.043657	0.0015842	0.14014	liquid
301.00	156.00	754.47	0.0013254	-492.07	-471.40	-1.2593	1.8354	2.2134	1360.7	-0.043578	0.0015566	0.13992	liquid
302.00	156.00	753.79	0.0013266	-489.88	-469.18	-1.2519	1.8390	2.2166	1357.0	-0.043499	0.0015298	0.13970	liquid
303.00	156.00	753.10	0.0013278	-487.68	-466.96	-1.2446	1.8427	2.2198	1353.3	-0.043419	0.0015037	0.13948	liquid
304.00	156.00	752.42	0.0013290	-485.48	-464.74	-1.2373	1.8463	2.2230	1349.6	-0.043339	0.0014783	0.13926	liquid
305.00	156.00	751.74	0.0013302	-483.27	-462.52	-1.2300	1.8500	2.2262	1346.0	-0.043259	0.0014536	0.13905	liquid
306.00	156.00	751.06	0.0013314	-481.06	-460.29	-1.2227	1.8536	2.2294	1342.3	-0.043178	0.0014295	0.13883	liquid
307.00	156.00	750.38	0.0013327	-478.85	-458.06	-1.2154	1.8573	2.2326	1338.7	-0.043097	0.0014061	0.13861	liquid
308.00	156.00	749.70	0.0013339	-476.63	-455.83	-1.2081	1.8610	2.2358	1335.1	-0.043016	0.0013833	0.13840	liquid
309.00	156.00	749.02	0.0013351	-474.42	-453.59	-1.2009	1.8647	2.2391	1331.5	-0.042934	0.0013611	0.13819	liquid
310.00	156.00	748.35	0.0013363	-472.19	-451.35	-1.1936	1.8684	2.2424	1327.9	-0.042852	0.0013395	0.13797	liquid
311.00	156.00	747.67	0.0013375	-469.97	-449.10	-1.1864	1.8721	2.2456	1324.3	-0.042770	0.0013184	0.13776	liquid
312.00	156.00	746.99	0.0013387	-467.74	-446.86	-1.1792	1.8758	2.2489	1320.7	-0.042688	0.0012979	0.13754	liquid
313.00	156.00	746.31	0.0013399	-465.51	-444.61	-1.1720	1.8795	2.2522	1317.2	-0.042605	0.0012778	0.13733	liquid
314.00	156.00	745.64	0.0013411	-463.27	-442.35	-1.1648	1.8832	2.2556	1313.6	-0.042522	0.0012583	0.13712	liquid
315.00	156.00	744.96	0.0013424	-461.04	-440.09	-1.1576	1.8869	2.2589	1310.1	-0.042438	0.0012392	0.13691	liquid
316.00	156.00	744.29	0.0013436	-458.79	-437.83	-1.1504	1.8907	2.2622	1306.6	-0.042355	0.0012207	0.13670	liquid
317.00	156.00	743.61	0.0013448	-456.55	-435.57	-1.1433	1.8944	2.2656	1303.1	-0.042271	0.0012025	0.13649	liquid
318.00	156.00	742.93	0.0013460	-454.30	-433.30	-1.1362	1.8982	2.2689	1299.6	-0.042187	0.0011848	0.13628	liquid
319.00	156.00	742.26	0.0013472	-452.05	-431.03	-1.1290	1.9019	2.2723	1296.1	-0.042102	0.0011676	0.13607	liquid
320.00	156.00	741.59	0.0013485	-449.79	-428.76	-1.1219	1.9057	2.2757	1292.6	-0.042017	0.0011507	0.13586	liquid
321.00	156.00	740.91	0.0013497	-447.54	-426.48	-1.1148	1.9094	2.2791	1289.1	-0.041932	0.0011342	0.13565	liquid
322.00	156.00	740.24	0.0013509	-445.27	-424.20	-1.1077	1.9132	2.2825	1285.7	-0.041847	0.0011181	0.13545	liquid
323.00	156.00	739.56	0.0013521	-443.01	-421.92	-1.1006	1.9170	2.2859	1282.2	-0.041762	0.0011024	0.13524	liquid
324.00	156.00	738.89	0.0013534	-440.74	-419.63	-1.0936	1.9208	2.2893	1278.8	-0.041676	0.0010870	0.13503	liquid
325.00	156.00	738.22	0.0013546	-438.47	-417.34	-1.0865	1.9246	2.2928	1275.4	-0.041590	0.0010720	0.13483	liquid
326.00	156.00	737.55	0.0013558	-436.19	-415.04	-1.0794	1.9284	2.2962	1272.0	-0.041504	0.0010573	0.13462	liquid
327.00	156.00	736.87	0.0013571	-433.91	-412.74	-1.0724	1.9321	2.2997	1268.6	-0.041418	0.0010430	0.13442	liquid
328.00	156.00	736.20	0.0013583	-431.63	-410.44	-1.0654	1.9359	2.3032	1265.2	-0.041331	0.0010289	0.13421	liquid
329.00	156.00	735.53	0.0013596	-429.35	-408.14	-1.0584	1.9398	2.3066	1261.8	-0.041244	0.0010152	0.13401	liquid
330.00	156.00	734.86	0.0013608	-427.06	-405.83	-1.0514	1.9436	2.3101	1258.4	-0.041157	0.0010017	0.13380	liquid
331.00	156.00	734.19	0.0013620	-424.77	-403.52	-1.0444	1.9474	2.3136	1255.1	-0.041070	0.00098859	0.13360	liquid
332.00	156.00	733.52	0.0013633	-422.47	-401.20	-1.0374	1.9512	2.3171	1251.7	-0.040982	0.00097573	0.13340	liquid
333.00	156.00	732.85	0.0013645	-420.17	-398.88	-1.0304	1.9550	2.3206	1248.4	-0.040895	0.00096313	0.13320	liquid
334.00	156.00	732.18	0.0013658	-417.87	-396.56	-1.0234	1.9588	2.3241	1245.0	-0.040807	0.00095080	0.13299	liquid
335.00	156.00	731.51	0.0013670	-415.56	-394.24	-1.0165	1.9627	2.3277	1241.7	-0.040719	0.00093873	0.13279	liquid
336.00	156.00	730.84	0.0013683	-413.25	-391.91	-1.0095	1.9665	2.3312	1238.4	-0.040631	0.00092691	0.13259	liquid
337.00	156.00	730.17	0.0013695	-410.94	-389.57	-1.0026	1.9703	2.3347	1235.1	-0.040542	0.00091533	0.13239	liquid
338.00	156.00	729.50	0.0013708	-408.62	-387.24	-0.99569	1.9742	2.3383	1231.8	-0.040454	0.00090399	0.13219	liquid
339.00	156.00	728.83	0.0013721	-406.30	-384.90	-0.98877	1.9780	2.3418	1228.5	-0.040365	0.00089287	0.13199	liquid
340.00	156.00	728.16	0.0013733	-403.98	-382.55	-0.98187	1.9819	2.3454	1225.2	-0.040276	0.00088198	0.13179	liquid
341.00	156.00	727.50	0.0013746	-401.65	-380.21	-0.97498	1.9857	2.3490	1222.0	-0.040187	0.00087131	0.13160	liquid
342.00	156.00	726.83	0.0013758	-399.32	-377.85	-0.96809	1.9896	2.3525	1218.7	-0.040097	0.00086084	0.13140	liquid
343.00	156.00	726.16	0.0013771	-396.98	-375.50	-0.96122	1.9934	2.3561	1215.5	-0.040008	0.00085059	0.13120	liquid
344.00	156.00	725.49	0.0013784	-394.65	-373.14	-0.95435	1.9973	2.3597	1212.2	-0.039918	0.00084053	0.13100	liquid
345.00	156.00	724.82	0.0013796	-392.30	-370.78	-0.94750	2.0011	2.3633	1209.0	-0.039829	0.00083066	0.13081	liquid
346.00	156.00	724.16	0.0013809	-389.96	-368.42	-0.94065	2.0050	2.3669	1205.8	-0.039739	0.00082099	0.13061	liquid
347.00	156.00	723.49	0.0013822	-387.61	-366.05	-0.93382	2.0088	2.3705	1202.6	-0.039648	0.00081150	0.13041	liquid
348.00	156.00	722.82	0.0013835	-385.26	-363.67	-0.92699	2.0127	2.3741	1199.4	-0.039558	0.00080219	0.13022	liquid
349.00	156.00	722.15	0.0013847	-382.90	-361.30	-0.92017	2.0166	2.3778	1196.2	-0.039468	0.00079305	0.13002	liquid
350.00	156.00	721.49	0.0013860	-380.54	-358.92	-0.91336	2.0204	2.3814	1193.0	-0.039377	0.00078408	0.12983	liquid
351.00	156.00	720.82	0.0013873	-378.18	-356.54	-0.90656	2.0243	2.3850	1189.9	-0.039286	0.00077528	0.12963	liquid
352.00	156.00	720.15	0.0013886	-375.81	-354.15	-0.89977	2.0282	2.3887	1186.7	-0.039195	0.00076664	0.12944	liquid
353.00	156.00	719.49	0.0013899	-373.44	-351.76	-0.89299	2.0321	2.3923	1183.5	-0.039104	0.00075816	0.12925	liquid
354.00	156.00	718.82	0.0013912	-371.07	-349.36	-0.88622	2.0359	2.3960	1180.4	-0.039013	0.00074983	0.12906	liquid
355.00	156.00	718.16	0.0013925	-368.69	-346.97	-0.87946	2.0398	2.3996	1177.3	-0.038922	0.00074165	0.12886	liquid
356.00	156.00	717.49	0.0013937	-366.31	-344.57	-0.87270	2.0437	2.4033	1174.1	-0.038830	0.00073362	0.12867	liquid
357.00	156.00	716.82	0.0013950	-363.92	-342.16	-0.86595	2.0476	2.4069	1171.0	-0.038738	0.00072573	0.12848	liquid
358.00	156.00	716.16	0.0013963	-361.53	-339.75	-0.85922	2.0514	2.4106	1167.9	-0.038647	0.00071798	0.12829	liquid
359.00	156.00	715.49	0.0013976	-359.14	-337.34	-0.85249	2.0553	2.4143	1164.8	-0.038555	0.00071036	0.12810	liquid
360.00	156.00	714.83	0.0013989	-356.75	-334.92	-0.84577	2.0592	2.4179	1161.7	-0.038463	0.00070287	0.12791	liquid
361.00	156.00	714.16	0.0014002	-354.35	-332.50	-0.83905	2.0631	2.4216	1158.6	-0.038370	0.00069552	0.12772	liquid
362.00	156.00	713.50	0.0014016	-351.94	-330.08	-0.83235	2.0670	2.4253	1155.5	-0.038278	0.00068829	0.12753	liquid
363.00	156.00	712.83	0.0014029	-349.54	-327.65	-0.82566	2.0709	2.4290	1152.5	-0.038186	0.00068118	0.12734	liquid
364.00	156.00	712.16	0.0014042	-347.13	-325.22	-0.81897	2.0747	2.4327	1149.4	-0.038093	0.00067420	0.12715	liquid
365.00	156.00	711.50	0.0014055	-344.71	-322.79	-0.81229	2.0786	2.4364	1146.4	-0.038000	0.00066733	0.12696	liquid
366.00	156.00	710.83	0.0014068	-342.30	-320.35	-0.80562	2.0825	2.4401	1143.3	-0.037907	0.00066057	0.12677	liquid
367.00	156.00	710.17	0.0014081	-339.87	-317.91	-0.79896	2.0864	2.4438	1140.3	-0.037814	0.00065393	0.12658	liquid
368.00	156.00	709.50	0.0014094	-337.45	-315.46	-0.79230	2.0903	2.4475	1137.2	-0.037721	0.00064739	0.12640	liquid
369.00	156.00	708.84	0.0014108	-335.02	-313.01	-0.78565	2.0942	2.4512	1134.2	-0.037628	0.00064096	0.12621	liquid
370.00	156.00	708.17	0.0014121	-332.59	-310.56	-0.77901	2.0981	2.4549	1131.2	-0.037534	0.00063464	0.12602	liquid
371.00	156.00	707.51	0.0014134	-330.15	-308.10	-0.77238	2.1019	2.4586	1128.2	-0.037441	0.00062841	0.12584	liquid
372.00	156.00	706.84	0.0014147	-327.71	-305.64	-0.76576	2.1058	2.4623	1125.2	-0.037347	0.00062229	0.12565	liquid
373.00	156.00	706.18	0.0014161	-325.27	-303.18	-0.75915	2.1097	2.4661	1122.2	-0.037253	0.00061627	0.12547	liquid
374.00	156.00	705.51	0.0014174	-322.82	-300.71	-0.75254	2.1136	2.4698	1119.2	-0.037160	0.00061033	0.12528	liquid
375.00	156.00	704.85	0.0014187	-320.37	-298.24	-0.74594	2.1175	2.4735	1116.3	-0.037065	0.00060450	0.12510	liquid
376.00	156.00	704.18	0.0014201	-317.92	-295.76	-0.73935	2.1214	2.4772	1113.3	-0.036971	0.00059875	0.12491	liquid
377.00	156.00	703.52	0.0014214	-315.46	-293.28	-0.73276	2.1252	2.4810	1110.3	-0.036877	0.00059309	0.12473	liquid
378.00	156.00	702.85	0.0014228	-313.00	-290.80	-0.72618	2.1291	2.4847	1107.4	-0.036783	0.00058752	0.12455	liquid
379.00	156.00	702.19	0.0014241	-310.53	-288.31	-0.71961	2.1330	2.4884	1104.4	-0.036688	0.00058203	0.12436	liquid
380.00	156.00	701.52	0.0014255	-308.06	-285.82	-0.71305	2.1369	2.4922	1101.5	-0.036593	0.00057663	0.12418	liquid
381.00	156.00	700.86	0.0014268	-305.59	-283.33	-0.70650	2.1408	2.4959	1098.6	-0.036499	0.00057131	0.12400	liquid
382.00	156.00	700.19	0.0014282	-303.11	-280.83	-0.69995	2.1447	2.4996	1095.7	-0.036404	0.00056606	0.12381	liquid
383.00	156.00	699.53	0.0014295	-300.63	-278.33	-0.69341	2.1485	2.5034	1092.7	-0.036309	0.00056090	0.12363	liquid
384.00	156.00	698.86	0.0014309	-298.15	-275.83	-0.68688	2.1524	2.5071	1089.8	-0.036213	0.00055581	0.12345	liquid
385.00	156.00	698.20	0.0014323	-295.66	-273.32	-0.68035	2.1563	2.5109	1086.9	-0.036118	0.00055080	0.12327	liquid
386.00	156.00	697.53	0.0014336	-293.17	-270.80	-0.67383	2.1602	2.5146	1084.0	-0.036023	0.00054586	0.12309	liquid
387.00	156.00	696.87	0.0014350	-290.67	-268.29	-0.66732	2.1640	2.5184	1081.2	-0.035927	0.00054099	0.12291	liquid
388.00	156.00	696.20	0.0014364	-288.17	-265.77	-0.66082	2.1679	2.5221	1078.3	-0.035831	0.00053619	0.12273	liquid
389.00	156.00	695.54	0.0014377	-285.67	-263.24	-0.65432	2.1718	2.5259	1075.4	-0.035736	0.00053146	0.12255	liquid
390.00	156.00	694.87	0.0014391	-283.17	-260.72	-0.64783	2.1756	2.5296	1072.5	-0.035640	0.00052679	0.12237	liquid
391.00	156.00	694.21	0.0014405	-280.66	-258.18	-0.64135	2.1795	2.5334	1069.7	-0.035544	0.00052220	0.12219	liquid
392.00	156.00	693.54	0.0014419	-278.14	-255.65	-0.63488	2.1834	2.5371	1066.8	-0.035448	0.00051766	0.12201	liquid
393.00	156.00	692.87	0.0014433	-275.62	-253.11	-0.62841	2.1872	2.5409	1064.0	-0.035351	0.00051319	0.12183	liquid
394.00	156.00	692.21	0.0014447	-273.10	-250.57	-0.62194	2.1911	2.5446	1061.1	-0.035255	0.00050879	0.12166	liquid
395.00	156.00	691.54	0.0014460	-270.58	-248.02	-0.61549	2.1950	2.5484	1058.3	-0.035158	0.00050444	0.12148	liquid
396.00	156.00	690.88	0.0014474	-268.05	-245.47	-0.60904	2.1988	2.5521	1055.5	-0.035062	0.00050015	0.12130	liquid
397.00	156.00	690.21	0.0014488	-265.52	-242.92	-0.60260	2.2027	2.5559	1052.7	-0.034965	0.00049592	0.12112	liquid
398.00	156.00	689.54	0.0014502	-262.98	-240.36	-0.59617	2.2065	2.5596	1049.9	-0.034868	0.00049175	0.12095	liquid
399.00	156.00	688.88	0.0014516	-260.44	-237.80	-0.58974	2.2104	2.5634	1047.1	-0.034771	0.00048763	0.12077	liquid
400.00	156.00	688.21	0.0014530	-257.90	-235.23	-0.58332	2.2142	2.5672	1044.3	-0.034674	0.00048357	0.12059	liquid
401.00	156.00	687.54	0.0014545	-255.35	-232.66	-0.57690	2.2181	2.5709	1041.5	-0.034576	0.00047957	0.12042	liquid
402.00	156.00	686.88	0.0014559	-252.80	-230.09	-0.57049	2.2219	2.5747	1038.7	-0.034479	0.00047561	0.12024	liquid
403.00	156.00	686.21	0.0014573	-250.25	-227.51	-0.56409	2.2258	2.5784	1035.9	-0.034381	0.00047171	0.12007	liquid
404.00	156.00	685.54	0.0014587	-247.69	-224.93	-0.55770	2.2296	2.5822	1033.2	-0.034283	0.00046786	0.11989	liquid
405.00	156.00	684.88	0.0014601	-245.13	-222.35	-0.55131	2.2335	2.5859	1030.4	-0.034186	0.00046406	0.11972	liquid
406.00	156.00	684.21	0.0014615	-242.56	-219.76	-0.54493	2.2373	2.5897	1027.6	-0.034088	0.00046030	0.11954	liquid
407.00	156.00	683.54	0.0014630	-239.99	-217.17	-0.53855	2.2411	2.5934	1024.9	-0.033989	0.00045660	0.11937	liquid
408.00	156.00	682.87	0.0014644	-237.42	-214.57	-0.53218	2.2450	2.5972	1022.1	-0.033891	0.00045294	0.11920	liquid
409.00	156.00	682.21	0.0014658	-234.84	-211.97	-0.52582	2.2488	2.6009	1019.4	-0.033793	0.00044933	0.11902	liquid
410.00	156.00	681.54	0.0014673	-232.26	-209.37	-0.51946	2.2526	2.6047	1016.7	-0.033694	0.00044576	0.11885	liquid
411.00	156.00	680.87	0.0014687	-229.68	-206.77	-0.51311	2.2564	2.6085	1014.0	-0.033596	0.00044224	0.11868	liquid
412.00	156.00	680.20	0.0014701	-227.09	-204.16	-0.50677	2.2603	2.6122	1011.2	-0.033497	0.00043876	0.11851	liquid
413.00	156.00	679.53	0.0014716	-224.50	-201.54	-0.50043	2.2641	2.6160	1008.5	-0.033398	0.00043533	0.11834	liquid
414.00	156.00	678.87	0.0014730	-221.90	-198.92	-0.49410	2.2679	2.6197	1005.8	-0.033299	0.00043193	0.11816	liquid
415.00	156.00	678.20	0.0014745	-219.30	-196.30	-0.48778	2.2717	2.6235	1003.1	-0.033199	0.00042858	0.11799	liquid
416.00	156.00	677.53	0.0014760	-216.70	-193.68	-0.48146	2.2755	2.6272	1000.4	-0.033100	0.00042527	0.11782	liquid
417.00	156.00	676.86	0.0014774	-214.09	-191.05	-0.47515	2.2793	2.6309	997.74	-0.033001	0.00042200	0.11765	liquid
418.00	156.00	676.19	0.0014789	-211.48	-188.41	-0.46884	2.2831	2.6347	995.06	-0.032901	0.00041877	0.11748	liquid
419.00	156.00	675.52	0.0014803	-208.87	-185.78	-0.46254	2.2869	2.6384	992.39	-0.032801	0.00041558	0.11731	liquid
420.00	156.00	674.85	0.0014818	-206.25	-183.14	-0.45625	2.2907	2.6422	989.72	-0.032701	0.00041242	0.11714	liquid
421.00	156.00	674.18	0.0014833	-203.63	-180.49	-0.44996	2.2945	2.6459	987.06	-0.032601	0.00040930	0.11697	liquid
422.00	156.00	673.51	0.0014848	-201.01	-177.85	-0.44368	2.2983	2.6497	984.40	-0.032501	0.00040622	0.11680	liquid
423.00	156.00	672.84	0.0014862	-198.38	-175.19	-0.43740	2.3021	2.6534	981.75	-0.032400	0.00040318	0.11663	liquid
424.00	156.00	672.17	0.0014877	-195.75	-172.54	-0.43113	2.3059	2.6571	979.11	-0.032300	0.00040017	0.11646	liquid
425.00	156.00	671.50	0.0014892	-193.11	-169.88	-0.42487	2.3097	2.6609	976.47	-0.032199	0.00039719	0.11630	liquid
426.00	156.00	670.83	0.0014907	-190.47	-167.22	-0.41861	2.3134	2.6646	973.84	-0.032098	0.00039425	0.11613	liquid
427.00	156.00	670.16	0.0014922	-187.83	-164.55	-0.41236	2.3172	2.6683	971.22	-0.031997	0.00039134	0.11596	liquid
428.00	156.00	669.48	0.0014937	-185.18	-161.88	-0.40611	2.3210	2.6721	968.60	-0.031896	0.00038847	0.11579	liquid
429.00	156.00	668.81	0.0014952	-182.53	-159.21	-0.39987	2.3247	2.6758	965.98	-0.031794	0.00038562	0.11563	liquid
430.00	156.00	668.14	0.0014967	-179.88	-156.53	-0.39364	2.3285	2.6795	963.38	-0.031693	0.00038281	0.11546	liquid
431.00	156.00	667.47	0.0014982	-177.22	-153.85	-0.38741	2.3323	2.6832	960.78	-0.031591	0.00038003	0.11529	liquid
432.00	156.00	666.79	0.0014997	-174.56	-151.16	-0.38119	2.3360	2.6870	958.18	-0.031489	0.00037728	0.11513	liquid
433.00	156.00	666.12	0.0015012	-171.89	-148.47	-0.37497	2.3398	2.6907	955.59	-0.031387	0.00037456	0.11496	liquid
434.00	156.00	665.45	0.0015027	-169.22	-145.78	-0.36876	2.3435	2.6944	953.01	-0.031285	0.00037187	0.11480	liquid
435.00	156.00	664.78	0.0015043	-166.55	-143.08	-0.36255	2.3473	2.6981	950.43	-0.031182	0.00036921	0.11463	liquid
436.00	156.00	664.10	0.0015058	-163.88	-140.38	-0.35635	2.3510	2.7018	947.85	-0.031080	0.00036658	0.11447	liquid
437.00	156.00	663.43	0.0015073	-161.20	-137.68	-0.35016	2.3547	2.7055	945.29	-0.030977	0.00036398	0.11430	liquid
438.00	156.00	662.75	0.0015089	-158.51	-134.97	-0.34397	2.3585	2.7093	942.73	-0.030874	0.00036141	0.11414	liquid
439.00	156.00	662.08	0.0015104	-155.82	-132.26	-0.33779	2.3622	2.7130	940.17	-0.030771	0.00035886	0.11397	liquid
440.00	156.00	661.40	0.0015119	-153.13	-129.55	-0.33161	2.3659	2.7167	937.62	-0.030668	0.00035634	0.11381	liquid
441.00	156.00	660.73	0.0015135	-150.44	-126.83	-0.32544	2.3697	2.7204	935.08	-0.030564	0.00035384	0.11365	liquid
442.00	156.00	660.05	0.0015150	-147.74	-124.11	-0.31927	2.3734	2.7241	932.54	-0.030461	0.00035138	0.11348	liquid
443.00	156.00	659.38	0.0015166	-145.04	-121.38	-0.31311	2.3771	2.7278	930.01	-0.030357	0.00034893	0.11332	liquid
444.00	156.00	658.70	0.0015181	-142.33	-118.65	-0.30696	2.3808	2.7315	927.48	-0.030253	0.00034652	0.11316	liquid
445.00	156.00	658.03	0.0015197	-139.63	-115.92	-0.30081	2.3845	2.7351	924.96	-0.030149	0.00034413	0.11300	liquid
446.00	156.00	657.35	0.0015213	-136.91	-113.18	-0.29467	2.3882	2.7388	922.44	-0.030044	0.00034176	0.11283	liquid
447.00	156.00	656.67	0.0015228	-134.20	-110.44	-0.28853	2.3919	2.7425	919.93	-0.029940	0.00033942	0.11267	liquid
448.00	156.00	656.00	0.0015244	-131.48	-107.70	-0.28240	2.3956	2.7462	917.43	-0.029835	0.00033710	0.11251	liquid
449.00	156.00	655.32	0.0015260	-128.75	-104.95	-0.27627	2.3993	2.7499	914.93	-0.029730	0.00033480	0.11235	liquid
450.00	156.00	654.64	0.0015276	-126.03	-102.20	-0.27015	2.4030	2.7536	912.44	-0.029625	0.00033253	0.11219	liquid
451.00	156.00	653.96	0.0015291	-123.30	-99.441	-0.26403	2.4066	2.7572	909.95	-0.029519	0.00033028	0.11203	liquid
452.00	156.00	653.28	0.0015307	-120.56	-96.682	-0.25792	2.4103	2.7609	907.47	-0.029414	0.00032805	0.11187	liquid
453.00	156.00	652.61	0.0015323	-117.82	-93.919	-0.25181	2.4140	2.7646	904.99	-0.029308	0.00032584	0.11171	liquid
454.00	156.00	651.93	0.0015339	-115.08	-91.153	-0.24571	2.4177	2.7682	902.52	-0.029202	0.00032366	0.11155	liquid
455.00	156.00	651.25	0.0015355	-112.34	-88.383	-0.23962	2.4213	2.7719	900.06	-0.029096	0.00032150	0.11139	liquid
456.00	156.00	650.57	0.0015371	-109.59	-85.609	-0.23353	2.4250	2.7755	897.60	-0.028989	0.00031935	0.11123	liquid
457.00	156.00	649.89	0.0015387	-106.84	-82.832	-0.22745	2.4286	2.7792	895.14	-0.028883	0.00031723	0.11107	liquid
458.00	156.00	649.21	0.0015403	-104.08	-80.051	-0.22137	2.4323	2.7828	892.69	-0.028776	0.00031513	0.11091	liquid
459.00	156.00	648.53	0.0015420	-101.32	-77.266	-0.21529	2.4359	2.7865	890.25	-0.028669	0.00031305	0.11075	liquid
460.00	156.00	647.85	0.0015436	-98.558	-74.478	-0.20923	2.4396	2.7901	887.81	-0.028562	0.00031099	0.11060	liquid
461.00	156.00	647.16	0.0015452	-95.791	-71.686	-0.20316	2.4432	2.7938	885.38	-0.028454	0.00030895	0.11044	liquid
462.00	156.00	646.48	0.0015468	-93.021	-68.890	-0.19710	2.4468	2.7974	882.95	-0.028347	0.00030693	0.11028	liquid
463.00	156.00	645.80	0.0015485	-90.247	-66.091	-0.19105	2.4505	2.8010	880.53	-0.028239	0.00030493	0.11013	liquid
464.00	156.00	645.12	0.0015501	-87.470	-63.288	-0.18501	2.4541	2.8047	878.11	-0.028131	0.00030294	0.10997	liquid
465.00	156.00	644.44	0.0015517	-84.689	-60.482	-0.17896	2.4577	2.8083	875.70	-0.028022	0.00030098	0.10981	liquid
466.00	156.00	643.75	0.0015534	-81.905	-57.672	-0.17293	2.4613	2.8119	873.29	-0.027914	0.00029903	0.10966	liquid
467.00	156.00	643.07	0.0015550	-79.117	-54.858	-0.16690	2.4649	2.8155	870.89	-0.027805	0.00029710	0.10950	liquid
468.00	156.00	642.38	0.0015567	-76.325	-52.041	-0.16087	2.4685	2.8191	868.50	-0.027696	0.00029519	0.10934	liquid
469.00	156.00	641.70	0.0015584	-73.530	-49.220	-0.15485	2.4721	2.8228	866.11	-0.027586	0.00029330	0.10919	liquid
470.00	156.00	641.02	0.0015600	-70.731	-46.395	-0.14883	2.4757	2.8264	863.72	-0.027477	0.00029142	0.10903	liquid
471.00	156.00	640.33	0.0015617	-67.929	-43.567	-0.14282	2.4793	2.8300	861.34	-0.027367	0.00028956	0.10888	liquid
472.00	156.00	639.64	0.0015634	-65.124	-40.735	-0.13681	2.4829	2.8336	858.97	-0.027257	0.00028772	0.10873	liquid
473.00	156.00	638.96	0.0015650	-62.314	-37.900	-0.13081	2.4865	2.8372	856.60	-0.027147	0.00028589	0.10857	liquid
474.00	156.00	638.27	0.0015667	-59.502	-35.061	-0.12482	2.4901	2.8407	854.24	-0.027036	0.00028408	0.10842	liquid
475.00	156.00	637.59	0.0015684	-56.686	-32.218	-0.11883	2.4936	2.8443	851.88	-0.026926	0.00028228	0.10826	liquid
476.00	156.00	636.90	0.0015701	-53.866	-29.372	-0.11284	2.4972	2.8479	849.53	-0.026815	0.00028051	0.10811	liquid
477.00	156.00	636.21	0.0015718	-51.043	-26.522	-0.10686	2.5007	2.8515	847.18	-0.026703	0.00027874	0.10796	liquid
478.00	156.00	635.52	0.0015735	-48.216	-23.669	-0.10089	2.5043	2.8551	844.84	-0.026592	0.00027699	0.10780	liquid
479.00	156.00	634.84	0.0015752	-45.386	-20.812	-0.094916	2.5079	2.8586	842.50	-0.026480	0.00027526	0.10765	liquid
480.00	156.00	634.15	0.0015769	-42.552	-17.952	-0.088950	2.5114	2.8622	840.17	-0.026368	0.00027355	0.10750	liquid
481.00	156.00	633.46	0.0015786	-39.715	-15.088	-0.082990	2.5149	2.8658	837.84	-0.026256	0.00027184	0.10735	liquid
482.00	156.00	632.77	0.0015804	-36.874	-12.220	-0.077034	2.5185	2.8693	835.52	-0.026143	0.00027015	0.10720	liquid
483.00	156.00	632.08	0.0015821	-34.030	-9.3493	-0.071084	2.5220	2.8729	833.20	-0.026031	0.00026848	0.10705	liquid
484.00	156.00	631.39	0.0015838	-31.182	-6.4746	-0.065138	2.5255	2.8764	830.89	-0.025917	0.00026682	0.10690	liquid
485.00	156.00	630.70	0.0015855	-28.331	-3.5964	-0.059198	2.5291	2.8800	828.59	-0.025804	0.00026518	0.10674	liquid
486.00	156.00	630.01	0.0015873	-25.476	-0.71472	-0.053262	2.5326	2.8835	826.28	-0.025690	0.00026355	0.10659	liquid
487.00	156.00	629.31	0.0015890	-22.618	2.1705	-0.047332	2.5361	2.8870	823.99	-0.025577	0.00026193	0.10644	liquid
488.00	156.00	628.62	0.0015908	-19.757	5.0593	-0.041406	2.5396	2.8906	821.70	-0.025462	0.00026032	0.10629	liquid
489.00	156.00	627.93	0.0015925	-16.892	7.9517	-0.035485	2.5431	2.8941	819.41	-0.025348	0.00025873	0.10615	liquid
490.00	156.00	627.24	0.0015943	-14.023	10.848	-0.029569	2.5466	2.8976	817.13	-0.025233	0.00025716	0.10600	liquid
491.00	156.00	626.54	0.0015961	-11.152	13.747	-0.023658	2.5501	2.9011	814.86	-0.025118	0.00025559	0.10585	liquid
492.00	156.00	625.85	0.0015978	-8.2763	16.650	-0.017752	2.5536	2.9046	812.59	-0.025003	0.00025404	0.10570	liquid
493.00	156.00	625.16	0.0015996	-5.3976	19.556	-0.011851	2.5570	2.9081	810.33	-0.024887	0.00025250	0.10555	liquid
494.00	156.00	624.46	0.0016014	-2.5155	22.466	-0.0059543	2.5605	2.9116	808.07	-0.024772	0.00025097	0.10540	liquid
495.00	156.00	623.77	0.0016032	0.37006	25.379	-6.2704e-05	2.5640	2.9151	805.81	-0.024655	0.00024946	0.10525	liquid
496.00	156.00	623.07	0.0016050	3.2590	28.296	0.0058240	2.5675	2.9186	803.56	-0.024539	0.00024796	0.10511	liquid
497.00	156.00	622.38	0.0016067	6.1514	31.217	0.011706	2.5709	2.9221	801.32	-0.024422	0.00024647	0.10496	liquid
498.00	156.00	621.68	0.0016085	9.0472	34.141	0.017583	2.5744	2.9256	799.08	-0.024305	0.00024499	0.10481	liquid
499.00	156.00	620.98	0.0016104	11.946	37.068	0.023455	2.5778	2.9291	796.85	-0.024188	0.00024353	0.10467	liquid
500.00	156.00	620.29	0.0016122	14.849	39.999	0.029323	2.5813	2.9325	794.62	-0.024070	0.00024207	0.10452	liquid
501.00	156.00	619.59	0.0016140	17.755	42.933	0.035186	2.5847	2.9360	792.40	-0.023952	0.00024063	0.10438	liquid
502.00	156.00	618.89	0.0016158	20.664	45.871	0.041043	2.5881	2.9395	790.18	-0.023834	0.00023920	0.10423	liquid
503.00	156.00	618.19	0.0016176	23.577	48.812	0.046897	2.5916	2.9429	787.97	-0.023716	0.00023778	0.10409	liquid
504.00	156.00	617.49	0.0016195	26.493	51.757	0.052745	2.5950	2.9464	785.76	-0.023597	0.00023637	0.10394	liquid
505.00	156.00	616.79	0.0016213	29.413	54.705	0.058589	2.5984	2.9498	783.56	-0.023477	0.00023497	0.10380	liquid
506.00	156.00	616.09	0.0016231	32.335	57.656	0.064428	2.6018	2.9533	781.36	-0.023358	0.00023358	0.10365	liquid
507.00	156.00	615.39	0.0016250	35.262	60.611	0.070262	2.6052	2.9567	779.17	-0.023238	0.00023221	0.10351	liquid
508.00	156.00	614.69	0.0016268	38.191	63.570	0.076091	2.6086	2.9601	776.98	-0.023118	0.00023084	0.10336	liquid
509.00	156.00	613.99	0.0016287	41.124	66.532	0.081916	2.6120	2.9636	774.80	-0.022998	0.00022948	0.10322	liquid
510.00	156.00	613.29	0.0016306	44.060	69.497	0.087736	2.6154	2.9670	772.62	-0.022877	0.00022814	0.10308	liquid
511.00	156.00	612.59	0.0016324	47.000	72.465	0.093551	2.6188	2.9704	770.45	-0.022756	0.00022680	0.10294	liquid
512.00	156.00	611.88	0.0016343	49.943	75.438	0.099362	2.6222	2.9738	768.29	-0.022634	0.00022548	0.10279	liquid
513.00	156.00	611.18	0.0016362	52.889	78.413	0.10517	2.6256	2.9772	766.13	-0.022513	0.00022417	0.10265	liquid
514.00	156.00	610.48	0.0016381	55.838	81.392	0.11097	2.6289	2.9806	763.97	-0.022391	0.00022286	0.10251	liquid
515.00	156.00	609.77	0.0016400	58.791	84.374	0.11677	2.6323	2.9840	761.82	-0.022268	0.00022157	0.10237	liquid
516.00	156.00	609.07	0.0016419	61.747	87.360	0.12256	2.6357	2.9874	759.67	-0.022145	0.00022028	0.10223	liquid
517.00	156.00	608.36	0.0016438	64.707	90.349	0.12834	2.6390	2.9908	757.53	-0.022022	0.00021900	0.10209	liquid
518.00	156.00	607.66	0.0016457	67.669	93.342	0.13413	2.6424	2.9942	755.40	-0.021899	0.00021774	0.10195	liquid
519.00	156.00	606.95	0.0016476	70.635	96.338	0.13990	2.6457	2.9975	753.27	-0.021775	0.00021648	0.10181	liquid
520.00	156.00	606.25	0.0016495	73.605	99.337	0.14568	2.6491	3.0009	751.14	-0.021651	0.00021523	0.10167	liquid
521.00	156.00	605.54	0.0016514	76.577	102.34	0.15145	2.6524	3.0043	749.02	-0.021527	0.00021400	0.10153	liquid
522.00	156.00	604.83	0.0016534	79.553	105.35	0.15721	2.6557	3.0076	746.91	-0.021402	0.00021277	0.10139	liquid
523.00	156.00	604.12	0.0016553	82.532	108.35	0.16297	2.6590	3.0110	744.80	-0.021277	0.00021155	0.10125	liquid
524.00	156.00	603.42	0.0016572	85.514	111.37	0.16873	2.6624	3.0143	742.70	-0.021151	0.00021033	0.10111	liquid
525.00	156.00	602.71	0.0016592	88.500	114.38	0.17448	2.6657	3.0177	740.60	-0.021026	0.00020913	0.10097	liquid
526.00	156.00	602.00	0.0016611	91.489	117.40	0.18022	2.6690	3.0210	738.50	-0.020899	0.00020794	0.10084	liquid
527.00	156.00	601.29	0.0016631	94.481	120.43	0.18596	2.6723	3.0243	736.41	-0.020773	0.00020675	0.10070	liquid
528.00	156.00	600.58	0.0016651	97.476	123.45	0.19170	2.6756	3.0276	734.33	-0.020646	0.00020557	0.10056	liquid
529.00	156.00	599.87	0.0016670	100.47	126.48	0.19743	2.6789	3.0310	732.25	-0.020519	0.00020440	0.10042	liquid
530.00	156.00	599.16	0.0016690	103.48	129.51	0.20316	2.6821	3.0343	730.18	-0.020391	0.00020324	0.10029	liquid
531.00	156.00	598.44	0.0016710	106.48	132.55	0.20888	2.6854	3.0376	728.11	-0.020263	0.00020209	0.10015	liquid
532.00	156.00	597.73	0.0016730	109.49	135.59	0.21460	2.6887	3.0409	726.05	-0.020135	0.00020095	0.10002	liquid
533.00	156.00	597.02	0.0016750	112.50	138.63	0.22031	2.6920	3.0442	723.99	-0.020006	0.00019981	0.099881	liquid
534.00	156.00	596.31	0.0016770	115.52	141.68	0.22602	2.6952	3.0475	721.94	-0.019877	0.00019868	0.099746	liquid
535.00	156.00	595.59	0.0016790	118.53	144.73	0.23173	2.6985	3.0507	719.89	-0.019748	0.00019756	0.099611	liquid
536.00	156.00	594.88	0.0016810	121.55	147.78	0.23743	2.7017	3.0540	717.85	-0.019618	0.00019645	0.099477	liquid
537.00	156.00	594.16	0.0016830	124.58	150.83	0.24312	2.7050	3.0573	715.81	-0.019488	0.00019535	0.099342	liquid
538.00	156.00	593.45	0.0016851	127.61	153.89	0.24881	2.7082	3.0605	713.78	-0.019357	0.00019425	0.099209	liquid
539.00	156.00	592.73	0.0016871	130.64	156.95	0.25450	2.7115	3.0638	711.76	-0.019226	0.00019316	0.099075	liquid
540.00	156.00	592.02	0.0016891	133.67	160.02	0.26018	2.7147	3.0671	709.74	-0.019095	0.00019208	0.098942	liquid
541.00	156.00	591.30	0.0016912	136.71	163.09	0.26586	2.7179	3.0703	707.72	-0.018963	0.00019101	0.098810	liquid
542.00	156.00	590.58	0.0016932	139.75	166.16	0.27153	2.7211	3.0735	705.71	-0.018831	0.00018994	0.098677	liquid
543.00	156.00	589.87	0.0016953	142.79	169.24	0.27720	2.7243	3.0768	703.71	-0.018699	0.00018888	0.098545	liquid
544.00	156.00	589.15	0.0016974	145.84	172.31	0.28286	2.7276	3.0800	701.71	-0.018566	0.00018783	0.098413	liquid
545.00	156.00	588.43	0.0016994	148.88	175.40	0.28852	2.7308	3.0832	699.71	-0.018433	0.00018678	0.098282	liquid
546.00	156.00	587.71	0.0017015	151.94	178.48	0.29418	2.7340	3.0864	697.72	-0.018299	0.00018574	0.098151	liquid
547.00	156.00	586.99	0.0017036	154.99	181.57	0.29983	2.7371	3.0896	695.74	-0.018165	0.00018471	0.098021	liquid
548.00	156.00	586.27	0.0017057	158.05	184.66	0.30548	2.7403	3.0928	693.76	-0.018031	0.00018369	0.097890	liquid
549.00	156.00	585.55	0.0017078	161.11	187.75	0.31112	2.7435	3.0960	691.79	-0.017896	0.00018267	0.097760	liquid
550.00	156.00	584.83	0.0017099	164.18	190.85	0.31675	2.7467	3.0992	689.82	-0.017761	0.00018166	0.097631	liquid
551.00	156.00	584.11	0.0017120	167.25	193.95	0.32239	2.7499	3.1024	687.86	-0.017626	0.00018066	0.097502	liquid
552.00	156.00	583.39	0.0017141	170.32	197.06	0.32802	2.7530	3.1056	685.90	-0.017490	0.00017966	0.097373	liquid
553.00	156.00	582.67	0.0017162	173.39	200.16	0.33364	2.7562	3.1088	683.95	-0.017354	0.00017867	0.097244	liquid
554.00	156.00	581.94	0.0017184	176.47	203.27	0.33926	2.7593	3.1119	682.00	-0.017217	0.00017769	0.097116	liquid
555.00	156.00	581.22	0.0017205	179.55	206.39	0.34487	2.7625	3.1151	680.06	-0.017080	0.00017671	0.096989	liquid
556.00	156.00	580.50	0.0017227	182.63	209.50	0.35048	2.7656	3.1182	678.12	-0.016942	0.00017574	0.096861	liquid
557.00	156.00	579.77	0.0017248	185.72	212.62	0.35609	2.7688	3.1214	676.19	-0.016804	0.00017477	0.096734	liquid
558.00	156.00	579.05	0.0017270	188.81	215.75	0.36169	2.7719	3.1245	674.27	-0.016666	0.00017382	0.096607	liquid
559.00	156.00	578.32	0.0017291	191.90	218.87	0.36729	2.7750	3.1277	672.35	-0.016528	0.00017287	0.096481	liquid
560.00	156.00	577.60	0.0017313	194.99	222.00	0.37288	2.7781	3.1308	670.43	-0.016389	0.00017192	0.096355	liquid
561.00	156.00	576.87	0.0017335	198.09	225.14	0.37847	2.7813	3.1339	668.52	-0.016249	0.00017098	0.096230	liquid
562.00	156.00	576.15	0.0017357	201.19	228.27	0.38405	2.7844	3.1370	666.62	-0.016109	0.00017005	0.096105	liquid
563.00	156.00	575.42	0.0017379	204.30	231.41	0.38963	2.7875	3.1401	664.72	-0.015969	0.00016912	0.095980	liquid
564.00	156.00	574.69	0.0017401	207.41	234.55	0.39521	2.7906	3.1432	662.83	-0.015828	0.00016820	0.095855	liquid
565.00	156.00	573.96	0.0017423	210.52	237.70	0.40078	2.7937	3.1463	660.94	-0.015687	0.00016728	0.095731	liquid
566.00	156.00	573.23	0.0017445	213.63	240.84	0.40635	2.7968	3.1494	659.06	-0.015546	0.00016638	0.095608	liquid
567.00	156.00	572.51	0.0017467	216.75	243.99	0.41191	2.7998	3.1525	657.19	-0.015404	0.00016547	0.095485	liquid
568.00	156.00	571.78	0.0017489	219.87	247.15	0.41747	2.8029	3.1555	655.31	-0.015262	0.00016457	0.095362	liquid
569.00	156.00	571.05	0.0017512	222.99	250.31	0.42302	2.8060	3.1586	653.45	-0.015119	0.00016368	0.095239	liquid
570.00	156.00	570.32	0.0017534	226.11	253.47	0.42857	2.8090	3.1617	651.59	-0.014976	0.00016280	0.095117	liquid
571.00	156.00	569.59	0.0017557	229.24	256.63	0.43411	2.8121	3.1647	649.74	-0.014833	0.00016192	0.094995	liquid
572.00	156.00	568.86	0.0017579	232.37	259.80	0.43965	2.8152	3.1678	647.89	-0.014689	0.00016104	0.094874	liquid
573.00	156.00	568.12	0.0017602	235.51	262.96	0.44519	2.8182	3.1708	646.04	-0.014545	0.00016017	0.094753	liquid
574.00	156.00	567.39	0.0017624	238.64	266.14	0.45072	2.8213	3.1738	644.21	-0.014400	0.00015931	0.094633	liquid
575.00	156.00	566.66	0.0017647	241.78	269.31	0.45625	2.8243	3.1769	642.37	-0.014255	0.00015845	0.094512	liquid
576.00	156.00	565.93	0.0017670	244.93	272.49	0.46177	2.8273	3.1799	640.55	-0.014109	0.00015760	0.094393	liquid
577.00	156.00	565.19	0.0017693	248.07	275.67	0.46729	2.8304	3.1829	638.73	-0.013964	0.00015675	0.094273	liquid
578.00	156.00	564.46	0.0017716	251.22	278.86	0.47280	2.8334	3.1859	636.91	-0.013817	0.00015591	0.094154	liquid
579.00	156.00	563.73	0.0017739	254.37	282.04	0.47831	2.8364	3.1889	635.10	-0.013671	0.00015507	0.094036	liquid
580.00	156.00	562.99	0.0017762	257.52	285.23	0.48382	2.8394	3.1919	633.30	-0.013524	0.00015424	0.093918	liquid
581.00	156.00	562.26	0.0017785	260.68	288.43	0.48932	2.8424	3.1949	631.50	-0.013376	0.00015341	0.093800	liquid
582.00	156.00	561.52	0.0017809	263.84	291.62	0.49482	2.8454	3.1978	629.70	-0.013228	0.00015259	0.093683	liquid
583.00	156.00	560.78	0.0017832	267.00	294.82	0.50031	2.8484	3.2008	627.92	-0.013080	0.00015178	0.093566	liquid
584.00	156.00	560.05	0.0017856	270.17	298.03	0.50580	2.8514	3.2038	626.13	-0.012931	0.00015097	0.093449	liquid
585.00	156.00	559.31	0.0017879	273.34	301.23	0.51128	2.8544	3.2067	624.36	-0.012782	0.00015016	0.093333	liquid
586.00	156.00	558.57	0.0017903	276.51	304.44	0.51676	2.8574	3.2097	622.59	-0.012633	0.00014936	0.093217	liquid
587.00	156.00	557.84	0.0017926	279.68	307.65	0.52224	2.8603	3.2126	620.82	-0.012483	0.00014857	0.093102	liquid
588.00	156.00	557.10	0.0017950	282.86	310.86	0.52771	2.8633	3.2156	619.06	-0.012333	0.00014778	0.092987	liquid
589.00	156.00	556.36	0.0017974	286.04	314.08	0.53317	2.8663	3.2185	617.31	-0.012182	0.00014699	0.092873	liquid
590.00	156.00	555.62	0.0017998	289.22	317.30	0.53864	2.8692	3.2214	615.56	-0.012031	0.00014621	0.092759	liquid
591.00	156.00	554.88	0.0018022	292.41	320.52	0.54409	2.8722	3.2243	613.82	-0.011880	0.00014543	0.092645	liquid
592.00	156.00	554.14	0.0018046	295.60	323.75	0.54955	2.8751	3.2272	612.08	-0.011728	0.00014466	0.092532	liquid
593.00	156.00	553.40	0.0018070	298.79	326.98	0.55500	2.8781	3.2301	610.35	-0.011576	0.00014389	0.092419	liquid
594.00	156.00	552.66	0.0018094	301.98	330.21	0.56044	2.8810	3.2330	608.63	-0.011423	0.00014313	0.092307	liquid
595.00	156.00	551.92	0.0018118	305.18	333.44	0.56588	2.8839	3.2359	606.91	-0.011270	0.00014238	0.092195	liquid
596.00	156.00	551.18	0.0018143	308.38	336.68	0.57132	2.8869	3.2388	605.19	-0.011117	0.00014162	0.092084	liquid
597.00	156.00	550.44	0.0018167	311.58	339.92	0.57675	2.8898	3.2416	603.48	-0.010963	0.00014088	0.091973	liquid
598.00	156.00	549.70	0.0018192	314.79	343.17	0.58218	2.8927	3.2445	601.78	-0.010809	0.00014013	0.091862	liquid
599.00	156.00	548.96	0.0018216	317.99	346.41	0.58760	2.8956	3.2474	600.09	-0.010654	0.00013939	0.091752	liquid
600.00	156.00	548.21	0.0018241	321.20	349.66	0.59302	2.8985	3.2502	598.40	-0.010499	0.00013866	0.091642	liquid
601.00	156.00	547.47	0.0018266	324.42	352.91	0.59844	2.9014	3.2530	596.71	-0.010344	0.00013793	0.091533	liquid
602.00	156.00	546.73	0.0018291	327.63	356.17	0.60385	2.9043	3.2559	595.03	-0.010188	0.00013720	0.091424	liquid
603.00	156.00	545.98	0.0018316	330.85	359.42	0.60925	2.9072	3.2587	593.36	-0.010032	0.00013648	0.091316	liquid
604.00	156.00	545.24	0.0018341	334.07	362.68	0.61465	2.9101	3.2615	591.69	-0.0098755	0.00013577	0.091208	liquid
605.00	156.00	544.50	0.0018366	337.30	365.95	0.62005	2.9129	3.2643	590.03	-0.0097187	0.00013506	0.091100	liquid
606.00	156.00	543.75	0.0018391	340.52	369.21	0.62545	2.9158	3.2671	588.37	-0.0095615	0.00013435	0.090993	liquid
607.00	156.00	543.01	0.0018416	343.75	372.48	0.63083	2.9187	3.2699	586.72	-0.0094039	0.00013365	0.090886	liquid
608.00	156.00	542.26	0.0018441	346.98	375.75	0.63622	2.9215	3.2727	585.08	-0.0092459	0.00013295	0.090780	liquid
609.00	156.00	541.51	0.0018467	350.22	379.03	0.64160	2.9244	3.2755	583.44	-0.0090876	0.00013225	0.090675	liquid
610.00	156.00	540.77	0.0018492	353.45	382.30	0.64698	2.9272	3.2783	581.81	-0.0089290	0.00013156	0.090569	liquid
611.00	156.00	540.02	0.0018518	356.69	385.58	0.65235	2.9301	3.2810	580.18	-0.0087699	0.00013087	0.090465	liquid
612.00	156.00	539.28	0.0018543	359.94	388.86	0.65772	2.9329	3.2838	578.56	-0.0086105	0.00013019	0.090360	liquid
613.00	156.00	538.53	0.0018569	363.18	392.15	0.66308	2.9357	3.2866	576.95	-0.0084508	0.00012951	0.090256	liquid
614.00	156.00	537.78	0.0018595	366.43	395.44	0.66844	2.9386	3.2893	575.34	-0.0082907	0.00012884	0.090153	liquid
615.00	156.00	537.03	0.0018621	369.68	398.73	0.67379	2.9414	3.2920	573.74	-0.0081302	0.00012817	0.090050	liquid
616.00	156.00	536.29	0.0018647	372.93	402.02	0.67914	2.9442	3.2948	572.14	-0.0079694	0.00012750	0.089948	liquid
617.00	156.00	535.54	0.0018673	376.19	405.32	0.68449	2.9470	3.2975	570.55	-0.0078083	0.00012684	0.089846	liquid
618.00	156.00	534.79	0.0018699	379.45	408.62	0.68983	2.9498	3.3002	568.97	-0.0076468	0.00012618	0.089744	liquid
619.00	156.00	534.04	0.0018725	382.71	411.92	0.69517	2.9526	3.3029	567.39	-0.0074849	0.00012553	0.089643	liquid
620.00	156.00	533.29	0.0018751	385.97	415.22	0.70051	2.9554	3.3056	565.81	-0.0073228	0.00012488	0.089542	liquid
621.00	156.00	532.54	0.0018778	389.24	418.53	0.70583	2.9582	3.3083	564.25	-0.0071603	0.00012424	0.089442	liquid
622.00	156.00	531.79	0.0018804	392.50	421.84	0.71116	2.9610	3.3110	562.69	-0.0069974	0.00012359	0.089343	liquid
623.00	156.00	531.04	0.0018831	395.78	425.15	0.71648	2.9638	3.3136	561.13	-0.0068342	0.00012296	0.089243	liquid
624.00	156.00	530.29	0.0018857	399.05	428.47	0.72180	2.9666	3.3163	559.58	-0.0066708	0.00012232	0.089145	liquid
625.00	156.00	529.54	0.0018884	402.32	431.78	0.72711	2.9693	3.3190	558.04	-0.0065069	0.00012169	0.089046	liquid
626.00	156.00	528.79	0.0018911	405.60	435.10	0.73242	2.9721	3.3216	556.50	-0.0063428	0.00012106	0.088949	liquid
627.00	156.00	528.04	0.0018938	408.88	438.43	0.73772	2.9749	3.3243	554.97	-0.0061783	0.00012044	0.088852	liquid
628.00	156.00	527.29	0.0018965	412.17	441.75	0.74302	2.9776	3.3269	553.45	-0.0060136	0.00011982	0.088755	liquid
629.00	156.00	526.54	0.0018992	415.45	445.08	0.74832	2.9804	3.3295	551.93	-0.0058485	0.00011921	0.088658	liquid
630.00	156.00	525.79	0.0019019	418.74	448.41	0.75361	2.9831	3.3321	550.42	-0.0056831	0.00011859	0.088563	liquid
631.00	156.00	525.04	0.0019046	422.03	451.75	0.75890	2.9858	3.3348	548.91	-0.0055175	0.00011799	0.088467	liquid
632.00	156.00	524.28	0.0019074	425.33	455.08	0.76418	2.9886	3.3374	547.41	-0.0053515	0.00011738	0.088373	liquid
633.00	156.00	523.53	0.0019101	428.62	458.42	0.76946	2.9913	3.3400	545.92	-0.0051852	0.00011678	0.088278	liquid
634.00	156.00	522.78	0.0019128	431.92	461.76	0.77473	2.9940	3.3426	544.43	-0.0050187	0.00011618	0.088184	liquid
635.00	156.00	522.03	0.0019156	435.22	465.11	0.78000	2.9967	3.3451	542.95	-0.0048518	0.00011559	0.088091	liquid
636.00	156.00	521.28	0.0019184	438.53	468.45	0.78527	2.9994	3.3477	541.47	-0.0046847	0.00011500	0.087998	liquid
637.00	156.00	520.52	0.0019211	441.83	471.80	0.79053	3.0022	3.3503	540.00	-0.0045173	0.00011441	0.087906	liquid
638.00	156.00	519.77	0.0019239	445.14	475.15	0.79579	3.0049	3.3528	538.54	-0.0043496	0.00011383	0.087814	liquid
639.00	156.00	519.02	0.0019267	448.45	478.51	0.80104	3.0076	3.3554	537.08	-0.0041817	0.00011325	0.087723	liquid
640.00	156.00	518.26	0.0019295	451.76	481.86	0.80629	3.0102	3.3579	535.63	-0.0040135	0.00011268	0.087632	liquid
641.00	156.00	517.51	0.0019323	455.08	485.22	0.81153	3.0129	3.3605	534.18	-0.0038450	0.00011210	0.087542	liquid
642.00	156.00	516.76	0.0019351	458.40	488.58	0.81677	3.0156	3.3630	532.74	-0.0036763	0.00011153	0.087452	liquid
643.00	156.00	516.00	0.0019380	461.72	491.95	0.82201	3.0183	3.3655	531.31	-0.0035073	0.00011097	0.087363	liquid
644.00	156.00	515.25	0.0019408	465.04	495.32	0.82724	3.0210	3.3680	529.88	-0.0033381	0.00011041	0.087274	liquid
645.00	156.00	514.50	0.0019436	468.36	498.68	0.83247	3.0236	3.3705	528.46	-0.0031687	0.00010985	0.087186	liquid
646.00	156.00	513.74	0.0019465	471.69	502.06	0.83769	3.0263	3.3730	527.05	-0.0029990	0.00010929	0.087098	liquid
647.00	156.00	512.99	0.0019494	475.02	505.43	0.84291	3.0289	3.3755	525.64	-0.0028290	0.00010874	0.087011	liquid
648.00	156.00	512.23	0.0019522	478.35	508.81	0.84813	3.0316	3.3780	524.24	-0.0026589	0.00010819	0.086924	liquid
649.00	156.00	511.48	0.0019551	481.69	512.19	0.85334	3.0342	3.3805	522.84	-0.0024885	0.00010765	0.086838	liquid
650.00	156.00	510.73	0.0019580	485.02	515.57	0.85854	3.0369	3.3829	521.45	-0.0023179	0.00010710	0.086752	liquid
651.00	156.00	509.97	0.0019609	488.36	518.95	0.86375	3.0395	3.3854	520.07	-0.0021471	0.00010657	0.086667	liquid
652.00	156.00	509.22	0.0019638	491.70	522.34	0.86894	3.0421	3.3878	518.69	-0.0019761	0.00010603	0.086582	liquid
653.00	156.00	508.46	0.0019667	495.05	525.73	0.87414	3.0448	3.3903	517.32	-0.0018048	0.00010550	0.086498	liquid
654.00	156.00	507.71	0.0019696	498.39	529.12	0.87933	3.0474	3.3927	515.95	-0.0016334	0.00010497	0.086414	liquid
655.00	156.00	506.95	0.0019726	501.74	532.51	0.88451	3.0500	3.3951	514.59	-0.0014618	0.00010444	0.086331	liquid
656.00	156.00	506.20	0.0019755	505.09	535.91	0.88970	3.0526	3.3975	513.24	-0.0012900	0.00010392	0.086249	liquid
657.00	156.00	505.44	0.0019785	508.44	539.31	0.89487	3.0552	3.3999	511.89	-0.0011180	0.00010340	0.086167	liquid
658.00	156.00	504.69	0.0019814	511.80	542.71	0.90005	3.0578	3.4024	510.55	-0.00094587	0.00010288	0.086085	liquid
659.00	156.00	503.94	0.0019844	515.16	546.11	0.90521	3.0604	3.4047	509.22	-0.00077354	0.00010237	0.086004	supercritical
660.00	156.00	503.18	0.0019874	518.52	549.52	0.91038	3.0630	3.4071	507.89	-0.00060105	0.00010186	0.085924	supercritical
661.00	156.00	502.43	0.0019903	521.88	552.93	0.91554	3.0656	3.4095	506.57	-0.00042840	0.00010135	0.085844	supercritical
662.00	156.00	501.67	0.0019933	525.24	556.34	0.92069	3.0681	3.4119	505.25	-0.00025559	0.00010085	0.085765	supercritical
663.00	156.00	500.92	0.0019963	528.61	559.75	0.92585	3.0707	3.4142	503.94	-8.2630e-05	0.00010035	0.085686	supercritical
664.00	156.00	500.16	0.0019993	531.98	563.17	0.93099	3.0733	3.4166	502.64	9.0471e-05	9.9851e-05	0.085608	supercritical
665.00	156.00	499.41	0.0020024	535.35	566.58	0.93614	3.0758	3.4189	501.34	0.00026371	9.9356e-05	0.085530	supercritical
666.00	156.00	498.65	0.0020054	538.72	570.00	0.94128	3.0784	3.4213	500.05	0.00043708	9.8864e-05	0.085453	supercritical
667.00	156.00	497.90	0.0020084	542.10	573.43	0.94641	3.0810	3.4236	498.76	0.00061058	9.8375e-05	0.085376	supercritical
668.00	156.00	497.15	0.0020115	545.47	576.85	0.95154	3.0835	3.4259	497.48	0.00078420	9.7890e-05	0.085300	supercritical
669.00	156.00	496.39	0.0020145	548.85	580.28	0.95667	3.0860	3.4282	496.21	0.00095793	9.7407e-05	0.085224	supercritical
670.00	156.00	495.64	0.0020176	552.23	583.71	0.96179	3.0886	3.4305	494.94	0.0011318	9.6927e-05	0.085149	supercritical
671.00	156.00	494.88	0.0020207	555.62	587.14	0.96691	3.0911	3.4328	493.68	0.0013057	9.6450e-05	0.085074	supercritical
672.00	156.00	494.13	0.0020238	559.00	590.57	0.97202	3.0936	3.4351	492.43	0.0014798	9.5976e-05	0.085000	supercritical
673.00	156.00	493.38	0.0020269	562.39	594.01	0.97713	3.0962	3.4374	491.18	0.0016539	9.5504e-05	0.084927	supercritical
674.00	156.00	492.62	0.0020300	565.78	597.45	0.98224	3.0987	3.4397	489.94	0.0018281	9.5036e-05	0.084854	supercritical
675.00	156.00	491.87	0.0020331	569.17	600.89	0.98734	3.1012	3.4420	488.70	0.0020024	9.4570e-05	0.084782	supercritical
676.00	156.00	491.12	0.0020362	572.57	604.33	0.99244	3.1037	3.4442	487.47	0.0021768	9.4108e-05	0.084710	supercritical
677.00	156.00	490.36	0.0020393	575.96	607.78	0.99753	3.1062	3.4465	486.25	0.0023512	9.3648e-05	0.084639	supercritical
678.00	156.00	489.61	0.0020424	579.36	611.23	1.0026	3.1087	3.4487	485.03	0.0025257	9.3191e-05	0.084568	supercritical
679.00	156.00	488.86	0.0020456	582.76	614.68	1.0077	3.1112	3.4510	483.82	0.0027003	9.2737e-05	0.084498	supercritical
680.00	156.00	488.10	0.0020487	586.17	618.13	1.0128	3.1137	3.4532	482.62	0.0028749	9.2285e-05	0.084428	supercritical
681.00	156.00	487.35	0.0020519	589.57	621.58	1.0179	3.1162	3.4554	481.42	0.0030495	9.1837e-05	0.084359	supercritical
682.00	156.00	486.60	0.0020551	592.98	625.04	1.0229	3.1186	3.4576	480.22	0.0032242	9.1391e-05	0.084291	supercritical
683.00	156.00	485.85	0.0020583	596.39	628.50	1.0280	3.1211	3.4598	479.04	0.0033989	9.0948e-05	0.084223	supercritical
684.00	156.00	485.10	0.0020614	599.80	631.96	1.0331	3.1236	3.4620	477.86	0.0035737	9.0508e-05	0.084155	supercritical
685.00	156.00	484.34	0.0020646	603.21	635.42	1.0381	3.1260	3.4642	476.68	0.0037484	9.0070e-05	0.084088	supercritical
686.00	156.00	483.59	0.0020679	606.63	638.89	1.0432	3.1285	3.4664	475.51	0.0039232	8.9635e-05	0.084022	supercritical
687.00	156.00	482.84	0.0020711	610.04	642.35	1.0482	3.1309	3.4686	474.35	0.0040979	8.9203e-05	0.083956	supercritical
688.00	156.00	482.09	0.0020743	613.46	645.82	1.0533	3.1334	3.4707	473.20	0.0042727	8.8773e-05	0.083891	supercritical
689.00	156.00	481.34	0.0020775	616.89	649.30	1.0583	3.1358	3.4729	472.05	0.0044475	8.8346e-05	0.083826	supercritical
690.00	156.00	480.59	0.0020808	620.31	652.77	1.0634	3.1383	3.4750	470.90	0.0046222	8.7922e-05	0.083762	supercritical
691.00	156.00	479.84	0.0020840	623.73	656.25	1.0684	3.1407	3.4772	469.76	0.0047970	8.7500e-05	0.083699	supercritical
692.00	156.00	479.09	0.0020873	627.16	659.72	1.0734	3.1431	3.4793	468.63	0.0049717	8.7081e-05	0.083636	supercritical
693.00	156.00	478.34	0.0020906	630.59	663.20	1.0784	3.1456	3.4815	467.51	0.0051463	8.6665e-05	0.083573	supercritical
694.00	156.00	477.59	0.0020938	634.02	666.69	1.0835	3.1480	3.4836	466.39	0.0053210	8.6251e-05	0.083511	supercritical
695.00	156.00	476.84	0.0020971	637.46	670.17	1.0885	3.1504	3.4857	465.27	0.0054956	8.5840e-05	0.083450	supercritical
696.00	156.00	476.09	0.0021004	640.89	673.66	1.0935	3.1528	3.4878	464.16	0.0056701	8.5431e-05	0.083389	supercritical
697.00	156.00	475.34	0.0021037	644.33	677.15	1.0985	3.1552	3.4899	463.06	0.0058446	8.5025e-05	0.083329	supercritical
698.00	156.00	474.60	0.0021071	647.77	680.64	1.1035	3.1576	3.4920	461.97	0.0060190	8.4622e-05	0.083269	supercritical
699.00	156.00	473.85	0.0021104	651.21	684.13	1.1085	3.1600	3.4941	460.88	0.0061934	8.4221e-05	0.083210	supercritical
700.00	156.00	473.10	0.0021137	654.65	687.63	1.1135	3.1624	3.4961	459.79	0.0063676	8.3822e-05	0.083151	supercritical
