Temperature (K)	Pressure (bar)	Density (kg/m3)	Volume (m3/kg)	Internal Energy (kJ/kg)	Enthalpy (kJ/kg)	Entropy (J/g*K)	Cv (J/g*K)	Cp (J/g*K)	Sound Spd. (m/s)	Joule-Thomson (K/bar)	Viscosity (Pa*s)	Therm. Cond. (W/m*K)	Phase
265.00	13.000	771.21	0.0012967	-564.71	-563.03	-1.5170	1.7033	2.1157	1428.2	-0.045478	0.0028355	0.14397	liquid
266.00	13.000	770.46	0.0012979	-562.60	-560.91	-1.5090	1.7065	2.1182	1423.7	-0.045407	0.0027607	0.14371	liquid
267.00	13.000	769.71	0.0012992	-560.48	-558.79	-1.5011	1.7097	2.1207	1419.3	-0.045336	0.0026890	0.14345	liquid
268.00	13.000	768.96	0.0013005	-558.36	-556.67	-1.4931	1.7129	2.1233	1414.8	-0.045264	0.0026202	0.14320	liquid
269.00	13.000	768.21	0.0013017	-556.24	-554.55	-1.4852	1.7162	2.1259	1410.4	-0.045191	0.0025541	0.14294	liquid
270.00	13.000	767.46	0.0013030	-554.11	-552.42	-1.4773	1.7195	2.1285	1406.1	-0.045117	0.0024906	0.14268	liquid
271.00	13.000	766.72	0.0013043	-551.98	-550.29	-1.4695	1.7227	2.1312	1401.7	-0.045043	0.0024296	0.14243	liquid
272.00	13.000	765.97	0.0013055	-549.85	-548.16	-1.4616	1.7260	2.1339	1397.3	-0.044968	0.0023709	0.14217	liquid
273.00	13.000	765.22	0.0013068	-547.72	-546.02	-1.4538	1.7294	2.1366	1393.0	-0.044892	0.0023143	0.14192	liquid
274.00	13.000	764.48	0.0013081	-545.58	-543.88	-1.4460	1.7327	2.1393	1388.7	-0.044816	0.0022599	0.14166	liquid
275.00	13.000	763.73	0.0013094	-543.45	-541.74	-1.4382	1.7360	2.1420	1384.3	-0.044738	0.0022075	0.14141	liquid
276.00	13.000	762.99	0.0013106	-541.30	-539.60	-1.4304	1.7394	2.1448	1380.0	-0.044660	0.0021569	0.14116	liquid
277.00	13.000	762.25	0.0013119	-539.16	-537.45	-1.4226	1.7428	2.1476	1375.8	-0.044582	0.0021082	0.14090	liquid
278.00	13.000	761.50	0.0013132	-537.01	-535.30	-1.4149	1.7462	2.1504	1371.5	-0.044503	0.0020611	0.14065	liquid
279.00	13.000	760.76	0.0013145	-534.86	-533.15	-1.4072	1.7496	2.1532	1367.2	-0.044423	0.0020157	0.14040	liquid
280.00	13.000	760.02	0.0013158	-532.71	-531.00	-1.3994	1.7530	2.1561	1363.0	-0.044342	0.0019719	0.14015	liquid
281.00	13.000	759.28	0.0013170	-530.55	-528.84	-1.3918	1.7564	2.1590	1358.8	-0.044261	0.0019295	0.13990	liquid
282.00	13.000	758.53	0.0013183	-528.39	-526.68	-1.3841	1.7598	2.1619	1354.6	-0.044179	0.0018886	0.13966	liquid
283.00	13.000	757.79	0.0013196	-526.23	-524.52	-1.3764	1.7633	2.1648	1350.4	-0.044097	0.0018490	0.13941	liquid
284.00	13.000	757.05	0.0013209	-524.07	-522.35	-1.3688	1.7668	2.1678	1346.2	-0.044014	0.0018107	0.13916	liquid
285.00	13.000	756.31	0.0013222	-521.90	-520.18	-1.3612	1.7702	2.1707	1342.0	-0.043930	0.0017736	0.13891	liquid
286.00	13.000	755.57	0.0013235	-519.73	-518.01	-1.3535	1.7737	2.1737	1337.9	-0.043846	0.0017377	0.13867	liquid
287.00	13.000	754.83	0.0013248	-517.56	-515.83	-1.3460	1.7772	2.1767	1333.7	-0.043761	0.0017030	0.13842	liquid
288.00	13.000	754.10	0.0013261	-515.38	-513.66	-1.3384	1.7807	2.1798	1329.6	-0.043676	0.0016693	0.13818	liquid
289.00	13.000	753.36	0.0013274	-513.20	-511.47	-1.3308	1.7843	2.1828	1325.5	-0.043590	0.0016367	0.13794	liquid
290.00	13.000	752.62	0.0013287	-511.02	-509.29	-1.3233	1.7878	2.1859	1321.4	-0.043503	0.0016050	0.13769	liquid
291.00	13.000	751.88	0.0013300	-508.83	-507.10	-1.3157	1.7913	2.1890	1317.3	-0.043416	0.0015744	0.13745	liquid
292.00	13.000	751.14	0.0013313	-506.64	-504.91	-1.3082	1.7949	2.1921	1313.2	-0.043328	0.0015446	0.13721	liquid
293.00	13.000	750.41	0.0013326	-504.45	-502.72	-1.3007	1.7985	2.1952	1309.1	-0.043240	0.0015157	0.13697	liquid
294.00	13.000	749.67	0.0013339	-502.26	-500.52	-1.2932	1.8020	2.1983	1305.1	-0.043151	0.0014877	0.13672	liquid
295.00	13.000	748.93	0.0013352	-500.06	-498.32	-1.2858	1.8056	2.2015	1301.1	-0.043062	0.0014605	0.13648	liquid
296.00	13.000	748.20	0.0013365	-497.86	-496.12	-1.2783	1.8092	2.2046	1297.0	-0.042972	0.0014340	0.13624	liquid
297.00	13.000	747.46	0.0013379	-495.65	-493.91	-1.2709	1.8128	2.2078	1293.0	-0.042882	0.0014083	0.13600	liquid
298.00	13.000	746.73	0.0013392	-493.44	-491.70	-1.2634	1.8164	2.2110	1289.0	-0.042791	0.0013834	0.13577	liquid
299.00	13.000	745.99	0.0013405	-491.23	-489.49	-1.2560	1.8201	2.2143	1285.0	-0.042700	0.0013591	0.13553	liquid
300.00	13.000	745.26	0.0013418	-489.02	-487.27	-1.2486	1.8237	2.2175	1281.0	-0.042608	0.0013355	0.13529	liquid
301.00	13.000	744.52	0.0013431	-486.80	-485.06	-1.2413	1.8273	2.2208	1277.1	-0.042515	0.0013125	0.13505	liquid
302.00	13.000	743.79	0.0013445	-484.58	-482.83	-1.2339	1.8310	2.2240	1273.1	-0.042422	0.0012902	0.13482	liquid
303.00	13.000	743.05	0.0013458	-482.36	-480.61	-1.2265	1.8347	2.2273	1269.2	-0.042329	0.0012684	0.13458	liquid
304.00	13.000	742.32	0.0013471	-480.13	-478.38	-1.2192	1.8383	2.2306	1265.2	-0.042235	0.0012473	0.13434	liquid
305.00	13.000	741.58	0.0013485	-477.90	-476.15	-1.2118	1.8420	2.2339	1261.3	-0.042141	0.0012267	0.13411	liquid
306.00	13.000	740.85	0.0013498	-475.66	-473.91	-1.2045	1.8457	2.2373	1257.4	-0.042046	0.0012066	0.13388	liquid
307.00	13.000	740.12	0.0013511	-473.43	-471.67	-1.1972	1.8494	2.2406	1253.5	-0.041951	0.0011870	0.13364	liquid
308.00	13.000	739.38	0.0013525	-471.19	-469.43	-1.1899	1.8531	2.2440	1249.6	-0.041855	0.0011680	0.13341	liquid
309.00	13.000	738.65	0.0013538	-468.94	-467.18	-1.1827	1.8568	2.2473	1245.7	-0.041759	0.0011494	0.13318	liquid
310.00	13.000	737.92	0.0013552	-466.70	-464.93	-1.1754	1.8605	2.2507	1241.9	-0.041663	0.0011313	0.13294	liquid
311.00	13.000	737.18	0.0013565	-464.45	-462.68	-1.1681	1.8642	2.2541	1238.0	-0.041566	0.0011136	0.13271	liquid
312.00	13.000	736.45	0.0013579	-462.19	-460.43	-1.1609	1.8680	2.2576	1234.2	-0.041468	0.0010964	0.13248	liquid
313.00	13.000	735.72	0.0013592	-459.93	-458.17	-1.1537	1.8717	2.2610	1230.3	-0.041370	0.0010796	0.13225	liquid
314.00	13.000	734.98	0.0013606	-457.67	-455.90	-1.1464	1.8754	2.2644	1226.5	-0.041272	0.0010632	0.13202	liquid
315.00	13.000	734.25	0.0013619	-455.41	-453.64	-1.1392	1.8792	2.2679	1222.7	-0.041173	0.0010472	0.13179	liquid
316.00	13.000	733.52	0.0013633	-453.14	-451.37	-1.1320	1.8829	2.2713	1218.9	-0.041074	0.0010316	0.13156	liquid
317.00	13.000	732.78	0.0013647	-450.87	-449.10	-1.1249	1.8867	2.2748	1215.1	-0.040974	0.0010163	0.13133	liquid
318.00	13.000	732.05	0.0013660	-448.59	-446.82	-1.1177	1.8905	2.2783	1211.3	-0.040874	0.0010014	0.13110	liquid
319.00	13.000	731.32	0.0013674	-446.32	-444.54	-1.1105	1.8942	2.2818	1207.6	-0.040774	0.00098689	0.13087	liquid
320.00	13.000	730.59	0.0013688	-444.03	-442.25	-1.1034	1.8980	2.2853	1203.8	-0.040673	0.00097268	0.13064	liquid
321.00	13.000	729.85	0.0013701	-441.75	-439.97	-1.0962	1.9018	2.2889	1200.0	-0.040572	0.00095879	0.13042	liquid
322.00	13.000	729.12	0.0013715	-439.46	-437.68	-1.0891	1.9056	2.2924	1196.3	-0.040470	0.00094521	0.13019	liquid
323.00	13.000	728.39	0.0013729	-437.17	-435.38	-1.0820	1.9094	2.2960	1192.6	-0.040368	0.00093194	0.12996	liquid
324.00	13.000	727.66	0.0013743	-434.87	-433.09	-1.0749	1.9132	2.2995	1188.8	-0.040265	0.00091896	0.12974	liquid
325.00	13.000	726.92	0.0013757	-432.57	-430.78	-1.0678	1.9170	2.3031	1185.1	-0.040162	0.00090627	0.12951	liquid
326.00	13.000	726.19	0.0013770	-430.27	-428.48	-1.0607	1.9208	2.3067	1181.4	-0.040059	0.00089386	0.12929	liquid
327.00	13.000	725.46	0.0013784	-427.96	-426.17	-1.0537	1.9246	2.3103	1177.7	-0.039955	0.00088172	0.12906	liquid
328.00	13.000	724.72	0.0013798	-425.65	-423.86	-1.0466	1.9284	2.3139	1174.0	-0.039851	0.00086984	0.12884	liquid
329.00	13.000	723.99	0.0013812	-423.34	-421.54	-1.0396	1.9323	2.3175	1170.3	-0.039747	0.00085821	0.12861	liquid
330.00	13.000	723.26	0.0013826	-421.02	-419.22	-1.0325	1.9361	2.3211	1166.7	-0.039642	0.00084683	0.12839	liquid
331.00	13.000	722.53	0.0013840	-418.70	-416.90	-1.0255	1.9399	2.3247	1163.0	-0.039536	0.00083569	0.12817	liquid
332.00	13.000	721.79	0.0013854	-416.38	-414.57	-1.0185	1.9438	2.3284	1159.4	-0.039430	0.00082478	0.12795	liquid
333.00	13.000	721.06	0.0013869	-414.05	-412.24	-1.0115	1.9476	2.3320	1155.7	-0.039324	0.00081410	0.12772	liquid
334.00	13.000	720.32	0.0013883	-411.71	-409.91	-1.0045	1.9515	2.3357	1152.1	-0.039218	0.00080363	0.12750	liquid
335.00	13.000	719.59	0.0013897	-409.38	-407.57	-0.99748	1.9553	2.3394	1148.5	-0.039111	0.00079338	0.12728	liquid
336.00	13.000	718.86	0.0013911	-407.04	-405.23	-0.99050	1.9592	2.3430	1144.8	-0.039004	0.00078334	0.12706	liquid
337.00	13.000	718.12	0.0013925	-404.70	-402.89	-0.98353	1.9630	2.3467	1141.2	-0.038896	0.00077350	0.12684	liquid
338.00	13.000	717.39	0.0013939	-402.35	-400.54	-0.97657	1.9669	2.3504	1137.6	-0.038788	0.00076385	0.12662	liquid
339.00	13.000	716.65	0.0013954	-400.00	-398.19	-0.96962	1.9707	2.3541	1134.0	-0.038679	0.00075440	0.12640	liquid
340.00	13.000	715.92	0.0013968	-397.65	-395.83	-0.96268	1.9746	2.3578	1130.4	-0.038570	0.00074513	0.12618	liquid
341.00	13.000	715.19	0.0013982	-395.29	-393.47	-0.95575	1.9785	2.3615	1126.9	-0.038461	0.00073604	0.12596	liquid
342.00	13.000	714.45	0.0013997	-392.93	-391.11	-0.94883	1.9823	2.3653	1123.3	-0.038351	0.00072712	0.12574	liquid
343.00	13.000	713.71	0.0014011	-390.56	-388.74	-0.94192	1.9862	2.3690	1119.7	-0.038241	0.00071838	0.12552	liquid
344.00	13.000	712.98	0.0014026	-388.19	-386.37	-0.93502	1.9901	2.3728	1116.2	-0.038131	0.00070980	0.12530	liquid
345.00	13.000	712.24	0.0014040	-385.82	-383.99	-0.92812	1.9940	2.3765	1112.6	-0.038020	0.00070139	0.12509	liquid
346.00	13.000	711.51	0.0014055	-383.44	-381.62	-0.92124	1.9978	2.3803	1109.1	-0.037909	0.00069313	0.12487	liquid
347.00	13.000	710.77	0.0014069	-381.06	-379.23	-0.91437	2.0017	2.3840	1105.6	-0.037797	0.00068503	0.12465	liquid
348.00	13.000	710.03	0.0014084	-378.68	-376.85	-0.90750	2.0056	2.3878	1102.1	-0.037685	0.00067707	0.12443	liquid
349.00	13.000	709.30	0.0014098	-376.29	-374.46	-0.90064	2.0095	2.3916	1098.5	-0.037573	0.00066927	0.12422	liquid
350.00	13.000	708.56	0.0014113	-373.90	-372.06	-0.89379	2.0134	2.3954	1095.0	-0.037460	0.00066160	0.12400	liquid
351.00	13.000	707.82	0.0014128	-371.50	-369.67	-0.88696	2.0173	2.3992	1091.5	-0.037346	0.00065407	0.12379	liquid
352.00	13.000	707.09	0.0014143	-369.10	-367.27	-0.88012	2.0212	2.4030	1088.0	-0.037233	0.00064668	0.12357	liquid
353.00	13.000	706.35	0.0014157	-366.70	-364.86	-0.87330	2.0251	2.4068	1084.5	-0.037119	0.00063942	0.12336	liquid
354.00	13.000	705.61	0.0014172	-364.29	-362.45	-0.86649	2.0290	2.4106	1081.1	-0.037004	0.00063229	0.12314	liquid
355.00	13.000	704.87	0.0014187	-361.88	-360.04	-0.85968	2.0329	2.4144	1077.6	-0.036889	0.00062528	0.12293	liquid
356.00	13.000	704.13	0.0014202	-359.47	-357.62	-0.85289	2.0368	2.4182	1074.1	-0.036774	0.00061839	0.12271	liquid
357.00	13.000	703.39	0.0014217	-357.05	-355.20	-0.84610	2.0407	2.4221	1070.7	-0.036658	0.00061163	0.12250	liquid
358.00	13.000	702.65	0.0014232	-354.63	-352.78	-0.83932	2.0446	2.4259	1067.2	-0.036542	0.00060498	0.12229	liquid
359.00	13.000	701.91	0.0014247	-352.20	-350.35	-0.83254	2.0485	2.4297	1063.8	-0.036426	0.00059844	0.12207	liquid
360.00	13.000	701.17	0.0014262	-349.77	-347.92	-0.82578	2.0524	2.4336	1060.3	-0.036309	0.00059201	0.12186	liquid
361.00	13.000	700.43	0.0014277	-347.34	-345.48	-0.81902	2.0563	2.4374	1056.9	-0.036191	0.00058569	0.12165	liquid
362.00	13.000	699.69	0.0014292	-344.90	-343.05	-0.81228	2.0602	2.4413	1053.5	-0.036074	0.00057948	0.12143	liquid
363.00	13.000	698.95	0.0014307	-342.46	-340.60	-0.80554	2.0641	2.4452	1050.1	-0.035955	0.00057337	0.12122	liquid
364.00	13.000	698.20	0.0014322	-340.02	-338.15	-0.79880	2.0680	2.4490	1046.7	-0.035837	0.00056736	0.12101	liquid
365.00	13.000	697.46	0.0014338	-337.57	-335.70	-0.79208	2.0719	2.4529	1043.3	-0.035718	0.00056145	0.12080	liquid
366.00	13.000	696.72	0.0014353	-335.11	-333.25	-0.78536	2.0758	2.4568	1039.9	-0.035598	0.00055563	0.12059	liquid
367.00	13.000	695.97	0.0014368	-332.66	-330.79	-0.77866	2.0797	2.4607	1036.5	-0.035478	0.00054991	0.12038	liquid
368.00	13.000	695.23	0.0014384	-330.20	-328.33	-0.77195	2.0836	2.4646	1033.1	-0.035358	0.00054428	0.12017	liquid
369.00	13.000	694.48	0.0014399	-327.73	-325.86	-0.76526	2.0875	2.4685	1029.7	-0.035237	0.00053874	0.11996	liquid
370.00	13.000	693.74	0.0014415	-325.26	-323.39	-0.75857	2.0914	2.4724	1026.3	-0.035115	0.00053328	0.11975	liquid
371.00	13.000	692.99	0.0014430	-322.79	-320.92	-0.75190	2.0954	2.4763	1023.0	-0.034994	0.00052791	0.11954	liquid
372.00	13.000	692.25	0.0014446	-320.32	-318.44	-0.74523	2.0993	2.4802	1019.6	-0.034871	0.00052263	0.11933	liquid
373.00	13.000	691.50	0.0014461	-317.84	-315.96	-0.73856	2.1032	2.4841	1016.2	-0.034749	0.00051743	0.11912	liquid
374.00	13.000	690.75	0.0014477	-315.35	-313.47	-0.73191	2.1071	2.4880	1012.9	-0.034625	0.00051230	0.11891	liquid
375.00	13.000	690.00	0.0014493	-312.86	-310.98	-0.72526	2.1110	2.4919	1009.6	-0.034502	0.00050726	0.11870	liquid
376.00	13.000	689.25	0.0014508	-310.37	-308.49	-0.71862	2.1149	2.4959	1006.2	-0.034377	0.00050229	0.11849	liquid
377.00	13.000	688.50	0.0014524	-307.88	-305.99	-0.71198	2.1188	2.4998	1002.9	-0.034253	0.00049739	0.11828	liquid
378.00	13.000	687.75	0.0014540	-305.38	-303.49	-0.70535	2.1227	2.5037	999.55	-0.034128	0.00049257	0.11808	liquid
379.00	13.000	687.00	0.0014556	-302.87	-300.98	-0.69873	2.1266	2.5077	996.23	-0.034002	0.00048782	0.11787	liquid
380.00	13.000	686.25	0.0014572	-300.37	-298.47	-0.69212	2.1305	2.5116	992.92	-0.033876	0.00048314	0.11766	liquid
381.00	13.000	685.50	0.0014588	-297.85	-295.96	-0.68552	2.1344	2.5155	989.61	-0.033749	0.00047852	0.11746	liquid
382.00	13.000	684.75	0.0014604	-295.34	-293.44	-0.67892	2.1383	2.5195	986.30	-0.033622	0.00047398	0.11725	liquid
383.00	13.000	684.00	0.0014620	-292.82	-290.92	-0.67232	2.1422	2.5234	983.00	-0.033494	0.00046950	0.11704	liquid
384.00	13.000	683.24	0.0014636	-290.30	-288.39	-0.66574	2.1461	2.5274	979.71	-0.033366	0.00046508	0.11684	liquid
385.00	13.000	682.49	0.0014652	-287.77	-285.86	-0.65916	2.1500	2.5313	976.42	-0.033237	0.00046073	0.11663	liquid
386.00	13.000	681.73	0.0014669	-285.24	-283.33	-0.65259	2.1539	2.5353	973.14	-0.033108	0.00045644	0.11642	liquid
387.00	13.000	680.98	0.0014685	-282.70	-280.79	-0.64602	2.1578	2.5393	969.86	-0.032978	0.00045221	0.11622	liquid
388.00	13.000	680.22	0.0014701	-280.16	-278.25	-0.63947	2.1617	2.5432	966.59	-0.032848	0.00044803	0.11601	liquid
389.00	13.000	679.46	0.0014718	-277.62	-275.71	-0.63292	2.1656	2.5472	963.32	-0.032717	0.00044392	0.11581	liquid
390.00	13.000	678.70	0.0014734	-275.07	-273.16	-0.62637	2.1695	2.5512	960.06	-0.032586	0.00043986	0.11560	liquid
391.00	13.000	677.95	0.0014750	-272.52	-270.60	-0.61983	2.1734	2.5552	956.80	-0.032453	0.00043586	0.11540	liquid
392.00	13.000	677.19	0.0014767	-269.97	-268.05	-0.61330	2.1773	2.5591	953.54	-0.032321	0.00043191	0.11519	liquid
393.00	13.000	676.43	0.0014784	-267.41	-265.49	-0.60678	2.1812	2.5631	950.30	-0.032188	0.00042801	0.11499	liquid
394.00	13.000	675.66	0.0014800	-264.85	-262.92	-0.60026	2.1851	2.5671	947.05	-0.032054	0.00042417	0.11479	liquid
395.00	13.000	674.90	0.0014817	-262.28	-260.35	-0.59374	2.1890	2.5711	943.81	-0.031919	0.00042038	0.11458	liquid
396.00	13.000	674.14	0.0014834	-259.71	-257.78	-0.58724	2.1928	2.5751	940.58	-0.031784	0.00041664	0.11438	liquid
397.00	13.000	673.38	0.0014851	-257.13	-255.20	-0.58074	2.1967	2.5791	937.35	-0.031649	0.00041294	0.11417	liquid
398.00	13.000	672.61	0.0014867	-254.55	-252.62	-0.57425	2.2006	2.5831	934.12	-0.031513	0.00040930	0.11397	liquid
399.00	13.000	671.85	0.0014884	-251.97	-250.04	-0.56776	2.2045	2.5871	930.90	-0.031376	0.00040570	0.11377	liquid
400.00	13.000	671.08	0.0014901	-249.38	-247.45	-0.56128	2.2084	2.5911	927.69	-0.031238	0.00040215	0.11357	liquid
401.00	13.000	670.31	0.0014918	-246.79	-244.85	-0.55480	2.2122	2.5951	924.48	-0.031100	0.00039864	0.11336	liquid
402.00	13.000	669.55	0.0014935	-244.20	-242.26	-0.54833	2.2161	2.5991	921.27	-0.030961	0.00039518	0.11316	liquid
403.00	13.000	668.78	0.0014953	-241.60	-239.66	-0.54187	2.2200	2.6031	918.07	-0.030822	0.00039176	0.11296	liquid
404.00	13.000	668.01	0.0014970	-239.00	-237.05	-0.53542	2.2239	2.6071	914.87	-0.030681	0.00038838	0.11276	liquid
405.00	13.000	667.24	0.0014987	-236.39	-234.44	-0.52897	2.2277	2.6111	911.67	-0.030541	0.00038505	0.11256	liquid
406.00	13.000	666.47	0.0015005	-233.78	-231.83	-0.52252	2.2316	2.6151	908.48	-0.030399	0.00038176	0.11235	liquid
407.00	13.000	665.69	0.0015022	-231.16	-229.21	-0.51608	2.2355	2.6191	905.30	-0.030257	0.00037851	0.11215	liquid
408.00	13.000	664.92	0.0015039	-228.55	-226.59	-0.50965	2.2393	2.6231	902.12	-0.030114	0.00037529	0.11195	liquid
409.00	13.000	664.15	0.0015057	-225.92	-223.96	-0.50323	2.2432	2.6271	898.94	-0.029970	0.00037212	0.11175	liquid
410.00	13.000	663.37	0.0015075	-223.30	-221.34	-0.49681	2.2470	2.6312	895.76	-0.029826	0.00036899	0.11155	liquid
411.00	13.000	662.60	0.0015092	-220.66	-218.70	-0.49039	2.2509	2.6352	892.59	-0.029681	0.00036589	0.11135	liquid
412.00	13.000	661.82	0.0015110	-218.03	-216.07	-0.48398	2.2547	2.6392	889.43	-0.029535	0.00036283	0.11115	liquid
413.00	13.000	661.04	0.0015128	-215.39	-213.42	-0.47758	2.2586	2.6432	886.27	-0.029388	0.00035980	0.11095	liquid
414.00	13.000	660.26	0.0015146	-212.75	-210.78	-0.47118	2.2624	2.6473	883.11	-0.029240	0.00035681	0.11075	liquid
415.00	13.000	659.48	0.0015163	-210.10	-208.13	-0.46479	2.2663	2.6513	879.95	-0.029092	0.00035386	0.11055	liquid
416.00	13.000	658.70	0.0015181	-207.45	-205.48	-0.45840	2.2701	2.6553	876.80	-0.028943	0.00035094	0.11035	liquid
417.00	13.000	657.92	0.0015199	-204.79	-202.82	-0.45202	2.2739	2.6593	873.66	-0.028793	0.00034805	0.11015	liquid
418.00	13.000	657.13	0.0015218	-202.14	-200.16	-0.44565	2.2778	2.6634	870.51	-0.028643	0.00034520	0.10995	liquid
419.00	13.000	656.35	0.0015236	-199.47	-197.49	-0.43928	2.2816	2.6674	867.37	-0.028491	0.00034238	0.10975	liquid
420.00	13.000	655.56	0.0015254	-196.81	-194.82	-0.43292	2.2854	2.6714	864.24	-0.028339	0.00033959	0.10955	liquid
421.00	13.000	654.78	0.0015272	-194.13	-192.15	-0.42656	2.2893	2.6755	861.10	-0.028186	0.00033683	0.10936	liquid
422.00	13.000	653.99	0.0015291	-191.46	-189.47	-0.42021	2.2931	2.6795	857.97	-0.028031	0.00033410	0.10916	liquid
423.00	13.000	653.20	0.0015309	-188.78	-186.79	-0.41386	2.2969	2.6836	854.85	-0.027876	0.00033140	0.10896	liquid
424.00	13.000	652.41	0.0015328	-186.10	-184.10	-0.40752	2.3007	2.6876	851.73	-0.027721	0.00032874	0.10876	liquid
425.00	13.000	651.62	0.0015346	-183.41	-181.42	-0.40118	2.3045	2.6916	848.61	-0.027564	0.00032610	0.10856	liquid
426.00	13.000	650.83	0.0015365	-180.72	-178.72	-0.39485	2.3084	2.6957	845.49	-0.027406	0.00032349	0.10836	liquid
427.00	13.000	650.03	0.0015384	-178.02	-176.02	-0.38853	2.3122	2.6997	842.38	-0.027247	0.00032091	0.10817	liquid
428.00	13.000	649.24	0.0015403	-175.32	-173.32	-0.38221	2.3160	2.7038	839.27	-0.027088	0.00031835	0.10797	liquid
429.00	13.000	648.44	0.0015422	-172.62	-170.62	-0.37589	2.3198	2.7078	836.16	-0.026927	0.00031582	0.10777	liquid
430.00	13.000	647.64	0.0015441	-169.91	-167.91	-0.36958	2.3236	2.7119	833.06	-0.026765	0.00031332	0.10757	liquid
431.00	13.000	646.84	0.0015460	-167.20	-165.19	-0.36328	2.3274	2.7159	829.96	-0.026603	0.00031085	0.10738	liquid
432.00	13.000	646.04	0.0015479	-164.49	-162.47	-0.35698	2.3312	2.7200	826.86	-0.026439	0.00030840	0.10718	liquid
433.00	13.000	645.24	0.0015498	-161.77	-159.75	-0.35069	2.3350	2.7240	823.77	-0.026275	0.00030598	0.10698	liquid
434.00	13.000	644.44	0.0015517	-159.04	-157.03	-0.34440	2.3387	2.7281	820.68	-0.026109	0.00030358	0.10679	liquid
435.00	13.000	643.64	0.0015537	-156.32	-154.30	-0.33812	2.3425	2.7321	817.59	-0.025942	0.00030121	0.10659	liquid
436.00	13.000	642.83	0.0015556	-153.58	-151.56	-0.33184	2.3463	2.7362	814.50	-0.025774	0.00029886	0.10639	liquid
437.00	13.000	642.02	0.0015576	-150.85	-148.82	-0.32556	2.3501	2.7403	811.42	-0.025605	0.00029653	0.10620	liquid
438.00	13.000	641.22	0.0015595	-148.11	-146.08	-0.31930	2.3538	2.7443	808.34	-0.025435	0.00029423	0.10600	liquid
439.00	13.000	640.41	0.0015615	-145.37	-143.34	-0.31303	2.3576	2.7484	805.26	-0.025264	0.00029195	0.10581	liquid
440.00	13.000	639.60	0.0015635	-142.62	-140.58	-0.30677	2.3614	2.7524	802.19	-0.025092	0.00028970	0.10561	liquid
441.00	13.000	638.78	0.0015655	-139.87	-137.83	-0.30052	2.3651	2.7565	799.12	-0.024918	0.00028746	0.10542	liquid
442.00	13.000	637.97	0.0015675	-137.11	-135.07	-0.29427	2.3689	2.7606	796.05	-0.024744	0.00028525	0.10522	liquid
443.00	13.000	637.15	0.0015695	-134.35	-132.31	-0.28803	2.3727	2.7646	792.98	-0.024568	0.00028306	0.10503	liquid
444.00	13.000	636.34	0.0015715	-131.59	-129.54	-0.28179	2.3764	2.7687	789.91	-0.024391	0.00028089	0.10483	liquid
445.00	13.000	635.52	0.0015735	-128.82	-126.77	-0.27556	2.3801	2.7728	786.85	-0.024212	0.00027874	0.10464	liquid
446.00	13.000	634.70	0.0015755	-126.05	-124.00	-0.26933	2.3839	2.7768	783.79	-0.024032	0.00027661	0.10444	liquid
447.00	13.000	633.88	0.0015776	-123.27	-121.22	-0.26311	2.3876	2.7809	780.74	-0.023852	0.00027450	0.10425	liquid
448.00	13.000	633.06	0.0015796	-120.49	-118.44	-0.25689	2.3914	2.7850	777.68	-0.023669	0.00027242	0.10405	liquid
449.00	13.000	632.23	0.0015817	-117.70	-115.65	-0.25067	2.3951	2.7890	774.63	-0.023486	0.00027035	0.10386	liquid
450.00	13.000	631.41	0.0015838	-114.92	-112.86	-0.24446	2.3988	2.7931	771.58	-0.023301	0.00026830	0.10366	liquid
451.00	13.000	630.58	0.0015858	-112.12	-110.06	-0.23826	2.4026	2.7972	768.53	-0.023114	0.00026627	0.10347	liquid
452.00	13.000	629.75	0.0015879	-109.33	-107.26	-0.23206	2.4063	2.8012	765.48	-0.022927	0.00026426	0.10328	liquid
453.00	13.000	628.92	0.0015900	-106.53	-104.46	-0.22587	2.4100	2.8053	762.44	-0.022737	0.00026226	0.10308	liquid
454.00	13.000	628.09	0.0015921	-103.72	-101.65	-0.21967	2.4137	2.8094	759.40	-0.022547	0.00026029	0.10289	liquid
455.00	13.000	627.25	0.0015943	-100.91	-98.841	-0.21349	2.4174	2.8135	756.36	-0.022355	0.00025833	0.10270	liquid
456.00	13.000	626.42	0.0015964	-98.101	-96.025	-0.20731	2.4211	2.8176	753.32	-0.022161	0.00025639	0.10250	liquid
457.00	13.000	625.58	0.0015985	-95.284	-93.206	-0.20113	2.4248	2.8216	750.29	-0.021966	0.00025447	0.10231	liquid
458.00	13.000	624.74	0.0016007	-92.463	-90.382	-0.19496	2.4285	2.8257	747.25	-0.021769	0.00025257	0.10212	liquid
459.00	13.000	623.90	0.0016028	-89.638	-87.554	-0.18879	2.4322	2.8298	744.22	-0.021571	0.00025068	0.10192	liquid
460.00	13.000	623.06	0.0016050	-86.809	-84.722	-0.18263	2.4359	2.8339	741.19	-0.021371	0.00024881	0.10173	liquid
461.00	13.000	622.21	0.0016072	-83.976	-81.886	-0.17647	2.4396	2.8380	738.16	-0.021170	0.00024695	0.10154	liquid
462.00	13.000	621.37	0.0016094	-81.139	-79.046	-0.17032	2.4433	2.8421	735.14	-0.020967	0.00024511	0.10134	liquid
463.00	13.000	620.52	0.0016115	-78.297	-76.202	-0.16417	2.4469	2.8461	732.11	-0.020762	0.00024329	0.10115	liquid
464.00	13.000	619.67	0.0016138	-75.452	-73.354	-0.15802	2.4506	2.8502	729.09	-0.020556	0.00024148	0.10096	liquid
465.00	13.000	618.82	0.0016160	-72.603	-70.502	-0.15188	2.4543	2.8543	726.07	-0.020347	0.00023969	0.10077	liquid
466.00	13.000	617.97	0.0016182	-69.749	-67.645	-0.14575	2.4580	2.8584	723.05	-0.020137	0.00023791	0.10058	liquid
467.00	13.000	617.11	0.0016205	-66.892	-64.785	-0.13961	2.4616	2.8625	720.03	-0.019925	0.00023615	0.10038	liquid
468.00	13.000	616.25	0.0016227	-64.030	-61.920	-0.13349	2.4653	2.8666	717.01	-0.019712	0.00023440	0.10019	liquid
469.00	13.000	615.39	0.0016250	-61.164	-59.052	-0.12736	2.4689	2.8707	714.00	-0.019496	0.00023267	0.10000	liquid
470.00	13.000	614.53	0.0016273	-58.294	-56.179	-0.12124	2.4726	2.8748	710.98	-0.019279	0.00023095	0.099808	liquid
471.00	13.000	613.67	0.0016295	-55.421	-53.302	-0.11513	2.4762	2.8789	707.97	-0.019059	0.00022924	0.099617	liquid
472.00	13.000	612.80	0.0016318	-52.543	-50.421	-0.10902	2.4799	2.8830	704.96	-0.018838	0.00022755	0.099425	liquid
473.00	13.000	611.94	0.0016342	-49.661	-47.536	-0.10291	2.4835	2.8871	701.95	-0.018615	0.00022587	0.099234	liquid
474.00	13.000	611.07	0.0016365	-46.774	-44.647	-0.096812	2.4871	2.8912	698.94	-0.018389	0.00022421	0.099043	liquid
475.00	13.000	610.20	0.0016388	-43.884	-41.754	-0.090715	2.4908	2.8953	695.93	-0.018162	0.00022256	0.098852	liquid
476.00	13.000	609.32	0.0016412	-40.990	-38.856	-0.084621	2.4944	2.8994	692.92	-0.017932	0.00022092	0.098661	liquid
477.00	13.000	608.45	0.0016435	-38.091	-35.955	-0.078532	2.4980	2.9036	689.92	-0.017700	0.00021930	0.098470	liquid
478.00	13.000	607.57	0.0016459	-35.189	-33.049	-0.072447	2.5016	2.9077	686.92	-0.017466	0.00021768	0.098279	liquid
479.00	13.000	606.69	0.0016483	-32.282	-30.139	-0.066366	2.5052	2.9118	683.91	-0.017230	0.00021609	0.098088	liquid
480.00	13.000	605.81	0.0016507	-29.372	-27.226	-0.060289	2.5089	2.9159	680.91	-0.016991	0.00021450	0.097898	liquid
481.00	13.000	604.92	0.0016531	-26.457	-24.308	-0.054216	2.5125	2.9200	677.91	-0.016751	0.00021292	0.097707	liquid
482.00	13.000	604.04	0.0016555	-23.538	-21.386	-0.048148	2.5161	2.9241	674.91	-0.016508	0.00021136	0.097517	liquid
483.00	13.000	603.15	0.0016580	-20.615	-18.459	-0.042083	2.5197	2.9283	671.91	-0.016262	0.00020981	0.097326	liquid
484.00	13.000	602.26	0.0016604	-17.688	-15.529	-0.036022	2.5232	2.9324	668.91	-0.016014	0.00020827	0.097136	liquid
485.00	13.000	601.36	0.0016629	-14.756	-12.595	-0.029966	2.5268	2.9365	665.91	-0.015763	0.00020674	0.096946	liquid
486.00	13.000	600.47	0.0016654	-11.821	-9.6560	-0.023913	2.5304	2.9407	662.91	-0.015510	0.00020523	0.096756	liquid
487.00	13.000	599.57	0.0016679	-8.8814	-6.7132	-0.017864	2.5340	2.9448	659.92	-0.015255	0.00020372	0.096566	liquid
488.00	13.000	598.67	0.0016704	-5.9378	-3.7664	-0.011819	2.5376	2.9489	656.92	-0.014996	0.00020223	0.096376	liquid
489.00	13.000	597.76	0.0016729	-2.9901	-0.81534	-0.0057783	2.5411	2.9531	653.92	-0.014735	0.00020075	0.096187	liquid
490.00	13.000	596.86	0.0016754	-0.038256	2.1398	0.00025876	2.5447	2.9572	650.93	-0.014471	0.00019927	0.095997	liquid
491.00	13.000	595.95	0.0016780	2.9177	5.0991	0.0062920	2.5483	2.9614	647.94	-0.014205	0.00019781	0.095807	liquid
492.00	13.000	595.04	0.0016806	5.8778	8.0626	0.012321	2.5518	2.9655	644.94	-0.013935	0.00019636	0.095618	liquid
493.00	13.000	594.13	0.0016831	8.8421	11.030	0.018347	2.5554	2.9697	641.95	-0.013663	0.00019492	0.095429	liquid
494.00	13.000	593.21	0.0016857	11.810	14.002	0.024369	2.5589	2.9738	638.95	-0.013388	0.00019349	0.095239	liquid
495.00	13.000	592.29	0.0016884	14.783	16.978	0.030387	2.5625	2.9780	635.96	-0.013109	0.00019207	0.095050	liquid
496.00	13.000	591.37	0.0016910	17.760	19.958	0.036401	2.5660	2.9822	632.97	-0.012828	0.00019066	0.094861	liquid
497.00	13.000	590.45	0.0016936	20.740	22.942	0.042412	2.5696	2.9863	629.98	-0.012543	0.00018926	0.094672	liquid
498.00	13.000	589.52	0.0016963	23.725	25.931	0.048419	2.5731	2.9905	626.98	-0.012256	0.00018787	0.094483	liquid
499.00	13.000	588.59	0.0016990	26.715	28.923	0.054422	2.5766	2.9947	623.99	-0.011965	0.00018649	0.094294	liquid
500.00	13.000	587.66	0.0017017	29.708	31.920	0.060421	2.5802	2.9989	621.00	-0.011670	0.00018512	0.094106	liquid
501.00	13.000	586.72	0.0017044	32.705	34.921	0.066417	2.5837	3.0030	618.01	-0.011372	0.00018375	0.093917	liquid
502.00	13.000	585.79	0.0017071	35.707	37.926	0.072409	2.5872	3.0072	615.01	-0.011071	0.00018240	0.093728	liquid
503.00	13.000	584.85	0.0017099	38.713	40.935	0.078398	2.5907	3.0114	612.02	-0.010766	0.00018106	0.093540	liquid
504.00	13.000	583.90	0.0017126	41.722	43.949	0.084383	2.5942	3.0156	609.03	-0.010458	0.00017972	0.093352	liquid
505.00	13.000	582.95	0.0017154	44.737	46.967	0.090365	2.5977	3.0198	606.03	-0.010145	0.00017839	0.093163	liquid
506.00	13.000	582.01	0.0017182	47.755	49.989	0.096343	2.6012	3.0240	603.04	-0.0098295	0.00017708	0.092975	liquid
507.00	13.000	581.05	0.0017210	50.777	53.015	0.10232	2.6047	3.0282	600.05	-0.0095097	0.00017577	0.092787	liquid
508.00	13.000	580.10	0.0017239	53.804	56.045	0.10829	2.6082	3.0325	597.05	-0.0091860	0.00017447	0.092599	liquid
509.00	13.000	579.14	0.0017267	56.835	59.080	0.11426	2.6117	3.0367	594.06	-0.0088582	0.00017318	0.092411	liquid
510.00	13.000	578.18	0.0017296	59.870	62.118	0.12022	2.6152	3.0409	591.06	-0.0085263	0.00017189	0.092223	liquid
511.00	13.000	577.21	0.0017325	62.909	65.161	0.12618	2.6187	3.0451	588.07	-0.0081902	0.00017062	0.092035	liquid
512.00	13.000	576.24	0.0017354	65.953	68.209	0.13214	2.6221	3.0494	585.07	-0.0078498	0.00016935	0.091847	liquid
513.00	13.000	575.27	0.0017383	69.000	71.260	0.13809	2.6256	3.0536	582.08	-0.0075051	0.00016809	0.091660	liquid
514.00	13.000	574.29	0.0017413	72.052	74.316	0.14404	2.6291	3.0579	579.08	-0.0071559	0.00016684	0.091472	liquid
515.00	13.000	573.32	0.0017442	75.108	77.376	0.14999	2.6325	3.0621	576.08	-0.0068020	0.00016559	0.091285	liquid
516.00	13.000	572.33	0.0017472	78.169	80.440	0.15594	2.6360	3.0664	573.08	-0.0064436	0.00016436	0.091097	liquid
517.00	13.000	571.35	0.0017502	81.233	83.509	0.16188	2.6395	3.0707	570.08	-0.0060803	0.00016313	0.090910	liquid
518.00	13.000	570.36	0.0017533	84.302	86.582	0.16781	2.6429	3.0750	567.08	-0.0057121	0.00016191	0.090722	liquid
519.00	13.000	569.37	0.0017563	87.375	89.659	0.17375	2.6464	3.0792	564.08	-0.0053390	0.00016070	0.090535	liquid
520.00	13.000	568.37	0.0017594	90.453	92.740	0.17968	2.6498	3.0835	561.08	-0.0049607	0.00015949	0.090348	liquid
521.00	13.000	567.37	0.0017625	93.534	95.826	0.18561	2.6533	3.0878	558.07	-0.0045772	0.00015829	0.090161	liquid
522.00	13.000	566.37	0.0017656	96.620	98.916	0.19153	2.6567	3.0921	555.07	-0.0041884	0.00015710	0.089974	liquid
523.00	13.000	565.36	0.0017688	99.711	102.01	0.19746	2.6601	3.0965	552.06	-0.0037941	0.00015591	0.089787	liquid
524.00	13.000	564.35	0.0017720	102.81	105.11	0.20338	2.6636	3.1008	549.05	-0.0033941	0.00015473	0.089600	liquid
525.00	13.000	563.33	0.0017751	105.90	108.21	0.20929	2.6670	3.1051	546.05	-0.0029885	0.00015356	0.089413	liquid
526.00	13.000	562.31	0.0017784	109.01	111.32	0.21520	2.6704	3.1095	543.04	-0.0025770	0.00015240	0.089226	liquid
527.00	13.000	561.29	0.0017816	112.11	114.43	0.22111	2.6738	3.1138	540.02	-0.0021594	0.00015124	0.089040	liquid
528.00	13.000	560.27	0.0017849	115.23	117.55	0.22702	2.6772	3.1182	537.01	-0.0017357	0.00015009	0.088853	liquid
529.00	13.000	559.23	0.0017882	118.34	120.67	0.23293	2.6807	3.1225	533.99	-0.0013058	0.00014894	0.088667	liquid
530.00	13.000	558.20	0.0017915	121.46	123.79	0.23883	2.6841	3.1269	530.98	-0.00086933	0.00014781	0.088480	liquid
531.00	13.000	557.16	0.0017948	124.59	126.92	0.24473	2.6875	3.1313	527.96	-0.00042628	0.00014667	0.088294	liquid
532.00	13.000	556.12	0.0017982	127.72	130.05	0.25062	2.6909	3.1357	524.94	2.3547e-05	0.00014555	0.088107	liquid
533.00	13.000	555.07	0.0018016	130.85	133.19	0.25651	2.6943	3.1401	521.92	0.00048031	0.00014443	0.087921	liquid
534.00	13.000	554.02	0.0018050	133.99	136.33	0.26240	2.6977	3.1446	518.89	0.00094420	0.00014332	0.087735	liquid
535.00	13.000	552.96	0.0018085	137.13	139.48	0.26829	2.7011	3.1490	515.87	0.0014154	0.00014221	0.087549	liquid
536.00	13.000	551.90	0.0018119	140.28	142.63	0.27418	2.7044	3.1535	512.84	0.0018940	0.00014111	0.087363	liquid
537.00	13.000	550.83	0.0018154	143.43	145.79	0.28006	2.7078	3.1579	509.81	0.0023804	0.00014001	0.087177	liquid
538.00	13.000	549.76	0.0018190	146.58	148.95	0.28594	2.7112	3.1624	506.77	0.0028746	0.00013892	0.086991	liquid
539.00	13.000	548.69	0.0018225	149.74	152.11	0.29181	2.7146	3.1669	503.74	0.0033769	0.00013784	0.086805	liquid
540.00	13.000	547.61	0.0018261	152.91	155.28	0.29769	2.7180	3.1714	500.70	0.0038875	0.00013676	0.086619	liquid
541.00	13.000	546.52	0.0018298	156.08	158.46	0.30356	2.7213	3.1759	497.66	0.0044065	0.00013569	0.086433	liquid
542.00	13.000	545.43	0.0018334	159.25	161.63	0.30943	2.7247	3.1804	494.62	0.0049344	0.00013462	0.086247	liquid
543.00	13.000	544.34	0.0018371	162.43	164.82	0.31530	2.7281	3.1850	491.57	0.0054712	0.00013356	0.086061	liquid
544.00	13.000	543.24	0.0018408	165.61	168.00	0.32116	2.7314	3.1895	488.52	0.0060172	0.00013250	0.085876	liquid
545.00	13.000	542.13	0.0018446	168.80	171.20	0.32702	2.7348	3.1941	485.47	0.0065726	0.00013145	0.085690	liquid
546.00	13.000	541.02	0.0018484	171.99	174.39	0.33288	2.7381	3.1987	482.42	0.0071378	0.00013040	0.085505	liquid
547.00	13.000	539.90	0.0018522	175.19	177.59	0.33874	2.7415	3.2033	479.36	0.0077130	0.00012936	0.085319	liquid
548.00	13.000	538.78	0.0018560	178.39	180.80	0.34459	2.7448	3.2079	476.30	0.0082985	0.00012832	0.085134	liquid
549.00	13.000	537.66	0.0018599	181.59	184.01	0.35045	2.7482	3.2126	473.23	0.0088945	0.00012729	0.084948	liquid
550.00	13.000	536.52	0.0018639	184.80	187.22	0.35630	2.7515	3.2173	470.17	0.0095015	0.00012627	0.084763	liquid
551.00	13.000	535.38	0.0018678	188.02	190.44	0.36215	2.7549	3.2220	467.09	0.010120	0.00012525	0.084578	liquid
552.00	13.000	534.24	0.0018718	191.23	193.67	0.36799	2.7582	3.2267	464.02	0.010749	0.00012423	0.084393	liquid
553.00	13.000	533.09	0.0018759	194.46	196.90	0.37384	2.7615	3.2314	460.94	0.011391	0.00012322	0.084207	liquid
554.00	13.000	531.93	0.0018799	197.69	200.13	0.37968	2.7649	3.2361	457.86	0.012044	0.00012221	0.084022	liquid
555.00	13.000	530.77	0.0018841	200.92	203.37	0.38552	2.7682	3.2409	454.77	0.012711	0.00012121	0.083837	liquid
556.00	13.000	529.60	0.0018882	204.16	206.61	0.39136	2.7715	3.2457	451.68	0.013390	0.00012021	0.083652	liquid
557.00	13.000	528.43	0.0018924	207.40	209.86	0.39719	2.7749	3.2505	448.59	0.014082	0.00011922	0.083467	liquid
558.00	13.000	527.25	0.0018966	210.65	213.11	0.40303	2.7782	3.2554	445.49	0.014789	0.00011823	0.083282	liquid
559.00	13.000	526.06	0.0019009	213.90	216.37	0.40886	2.7815	3.2602	442.39	0.015509	0.00011724	0.083097	liquid
560.00	13.000	524.86	0.0019053	217.16	219.63	0.41469	2.7848	3.2651	439.28	0.016244	0.00011626	0.082912	liquid
561.00	13.000	523.66	0.0019096	220.42	222.90	0.42052	2.7881	3.2701	436.17	0.016994	0.00011528	0.082728	liquid
562.00	13.000	522.45	0.0019140	223.69	226.17	0.42635	2.7915	3.2750	433.05	0.017760	0.00011431	0.082543	liquid
563.00	13.000	521.24	0.0019185	226.96	229.45	0.43218	2.7948	3.2800	429.93	0.018542	0.00011334	0.082358	liquid
564.00	13.000	520.01	0.0019230	230.23	232.73	0.43800	2.7981	3.2850	426.80	0.019340	0.00011238	0.082173	liquid
565.00	13.000	518.78	0.0019276	233.52	236.02	0.44383	2.8014	3.2900	423.67	0.020156	0.00011142	0.081989	liquid
566.00	13.000	517.55	0.0019322	236.80	239.31	0.44965	2.8047	3.2951	420.53	0.020989	0.00011046	0.081804	liquid
567.00	13.000	516.30	0.0019369	240.09	242.61	0.45547	2.8080	3.3002	417.38	0.021841	0.00010951	0.081620	liquid
568.00	13.000	515.05	0.0019416	243.39	245.91	0.46129	2.8113	3.3054	414.23	0.022712	0.00010856	0.081435	liquid
569.00	13.000	513.79	0.0019463	246.69	249.22	0.46711	2.8146	3.3105	411.08	0.023602	0.00010762	0.081250	liquid
570.00	13.000	512.52	0.0019512	250.00	252.54	0.47293	2.8179	3.3158	407.92	0.024513	0.00010667	0.081066	liquid
571.00	13.000	511.24	0.0019560	253.31	255.85	0.47874	2.8212	3.3210	404.75	0.025445	0.00010574	0.080881	liquid
572.00	13.000	509.95	0.0019610	256.63	259.18	0.48456	2.8245	3.3263	401.57	0.026398	0.00010480	0.080697	liquid
573.00	13.000	508.66	0.0019660	259.95	262.51	0.49037	2.8278	3.3317	398.39	0.027375	0.00010387	0.080513	liquid
574.00	13.000	507.35	0.0019710	263.28	265.84	0.49619	2.8311	3.3371	395.20	0.028374	0.00010294	0.080328	liquid
575.00	13.000	506.04	0.0019761	266.61	269.18	0.50200	2.8344	3.3425	392.01	0.029398	0.00010202	0.080144	liquid
576.00	13.000	504.72	0.0019813	269.95	272.53	0.50781	2.8377	3.3480	388.81	0.030448	0.00010109	0.079960	liquid
577.00	13.000	503.39	0.0019865	273.29	275.88	0.51363	2.8410	3.3535	385.60	0.031523	0.00010018	0.079775	liquid
578.00	13.000	502.04	0.0019919	276.64	279.23	0.51944	2.8443	3.3591	382.38	0.032626	9.9260e-05	0.079591	liquid
579.00	13.000	500.69	0.0019972	280.00	282.60	0.52525	2.8476	3.3647	379.15	0.033757	9.8348e-05	0.079407	liquid
580.00	13.000	499.33	0.0020027	283.36	285.96	0.53106	2.8509	3.3704	375.92	0.034918	9.7438e-05	0.079222	liquid
581.00	13.000	497.96	0.0020082	286.73	289.34	0.53687	2.8542	3.3762	372.67	0.036109	9.6531e-05	0.079038	liquid
582.00	13.000	496.58	0.0020138	290.10	292.71	0.54268	2.8575	3.3820	369.42	0.037333	9.5627e-05	0.078854	liquid
583.00	13.000	495.18	0.0020195	293.47	296.10	0.54849	2.8608	3.3878	366.16	0.038589	9.4726e-05	0.078670	liquid
584.00	13.000	493.78	0.0020252	296.86	299.49	0.55431	2.8641	3.3938	362.89	0.039881	9.3827e-05	0.078485	liquid
585.00	13.000	492.36	0.0020310	300.25	302.89	0.56012	2.8674	3.3998	359.61	0.041208	9.2931e-05	0.078301	liquid
586.00	13.000	490.93	0.0020369	303.64	306.29	0.56593	2.8707	3.4059	356.32	0.042574	9.2037e-05	0.078117	liquid
587.00	13.000	489.49	0.0020429	307.04	309.70	0.57174	2.8740	3.4120	353.02	0.043979	9.1145e-05	0.077933	liquid
588.00	13.000	488.04	0.0020490	310.45	313.11	0.57755	2.8773	3.4183	349.70	0.045425	9.0256e-05	0.077749	liquid
589.00	13.000	486.57	0.0020552	313.86	316.54	0.58337	2.8806	3.4246	346.38	0.046914	8.9369e-05	0.077564	liquid
590.00	13.000	485.10	0.0020614	317.28	319.96	0.58918	2.8840	3.4310	343.05	0.048449	8.8484e-05	0.077380	liquid
591.00	13.000	483.60	0.0020678	320.71	323.40	0.59500	2.8873	3.4375	339.70	0.050031	8.7601e-05	0.077196	liquid
592.00	13.000	482.10	0.0020743	324.14	326.84	0.60082	2.8906	3.4441	336.34	0.051663	8.6720e-05	0.077012	liquid
593.00	13.000	480.58	0.0020808	327.58	330.29	0.60663	2.8939	3.4508	332.97	0.053347	8.5841e-05	0.076827	liquid
594.00	13.000	479.04	0.0020875	331.03	333.74	0.61245	2.8972	3.4576	329.58	0.055085	8.4963e-05	0.076643	liquid
595.00	13.000	477.49	0.0020943	334.48	337.20	0.61828	2.9005	3.4645	326.18	0.056882	8.4088e-05	0.076459	liquid
596.00	13.000	475.93	0.0021012	337.94	340.67	0.62410	2.9039	3.4716	322.76	0.058739	8.3213e-05	0.076274	liquid
597.00	13.000	474.35	0.0021082	341.40	344.14	0.62993	2.9072	3.4787	319.33	0.060660	8.2340e-05	0.076090	liquid
598.00	13.000	472.75	0.0021153	344.88	347.63	0.63575	2.9106	3.4860	315.89	0.062648	8.1469e-05	0.075906	liquid
599.00	13.000	471.13	0.0021225	348.36	351.12	0.64158	2.9139	3.4935	312.42	0.064707	8.0598e-05	0.075721	liquid
600.00	13.000	469.50	0.0021299	351.85	354.61	0.64742	2.9172	3.5011	308.94	0.066842	7.9729e-05	0.075537	liquid
601.00	13.000	467.85	0.0021374	355.34	358.12	0.65325	2.9206	3.5088	305.44	0.069056	7.8860e-05	0.075352	liquid
602.00	13.000	466.18	0.0021451	358.84	361.63	0.65909	2.9240	3.5167	301.93	0.071355	7.7992e-05	0.075168	liquid
603.00	13.000	464.49	0.0021529	362.35	365.15	0.66494	2.9273	3.5248	298.39	0.073742	7.7125e-05	0.074983	liquid
604.00	13.000	462.78	0.0021609	365.87	368.68	0.67079	2.9307	3.5331	294.83	0.076225	7.6259e-05	0.074798	liquid
605.00	13.000	461.04	0.0021690	369.40	372.22	0.67664	2.9341	3.5416	291.25	0.078809	7.5393e-05	0.074613	liquid
606.00	13.000	459.29	0.0021773	372.93	375.76	0.68249	2.9375	3.5503	287.65	0.081501	7.4526e-05	0.074428	liquid
607.00	13.000	457.51	0.0021857	376.48	379.32	0.68835	2.9409	3.5592	284.02	0.084308	7.3660e-05	0.074243	liquid
608.00	13.000	455.71	0.0021944	380.03	382.88	0.69422	2.9443	3.5683	280.37	0.087238	7.2794e-05	0.074058	liquid
609.00	13.000	453.89	0.0022032	383.59	386.46	0.70009	2.9477	3.5778	276.69	0.090299	7.1928e-05	0.073873	liquid
610.00	13.000	452.04	0.0022122	387.16	390.04	0.70597	2.9512	3.5875	272.98	0.093501	7.1060e-05	0.073687	liquid
611.00	13.000	450.16	0.0022214	390.74	393.63	0.71186	2.9546	3.5975	269.25	0.096855	7.0192e-05	0.073502	liquid
612.00	13.000	448.25	0.0022309	394.33	397.23	0.71775	2.9581	3.6079	265.48	0.10037	6.9323e-05	0.073316	liquid
613.00	13.000	446.32	0.0022406	397.93	400.85	0.72365	2.9616	3.6186	261.68	0.10407	6.8453e-05	0.073131	liquid
614.00	13.000	444.35	0.0022505	401.55	404.47	0.72955	2.9651	3.6297	257.84	0.10795	6.7581e-05	0.072945	liquid
615.00	13.000	442.35	0.0022607	405.17	408.11	0.73547	2.9686	3.6412	253.97	0.11205	6.6707e-05	0.072758	liquid
616.00	13.000	440.31	0.0022711	408.80	411.75	0.74139	2.9721	3.6532	250.06	0.11636	6.5831e-05	0.072572	liquid
617.00	13.000	438.24	0.0022818	412.45	415.41	0.74733	2.9757	3.6657	246.10	0.12093	6.4952e-05	0.072386	liquid
618.00	13.000	436.13	0.0022929	416.10	419.09	0.75328	2.9793	3.6788	242.10	0.12576	6.4071e-05	0.072199	liquid
619.00	13.000	433.98	0.0023042	419.78	422.77	0.75924	2.9829	3.6924	238.05	0.13089	6.3186e-05	0.072012	liquid
620.00	13.000	431.79	0.0023160	423.46	426.47	0.76521	2.9865	3.7068	233.94	0.13635	6.2297e-05	0.071825	liquid
621.00	13.000	429.55	0.0023280	427.16	430.18	0.77119	2.9902	3.7219	229.78	0.14216	6.1403e-05	0.071637	liquid
622.00	13.000	427.26	0.0023405	430.87	433.91	0.77720	2.9939	3.7378	225.56	0.14838	6.0505e-05	0.071450	liquid
623.00	13.000	424.92	0.0023534	434.60	437.66	0.78321	2.9976	3.7547	221.27	0.15504	5.9601e-05	0.071262	liquid
624.00	13.000	422.52	0.0023668	438.35	441.42	0.78925	3.0014	3.7727	216.91	0.16221	5.8691e-05	0.071073	liquid
625.00	13.000	420.06	0.0023806	442.11	445.21	0.79531	3.0052	3.7919	212.47	0.16994	5.7773e-05	0.070885	liquid
626.00	13.000	417.53	0.0023950	445.89	449.01	0.80138	3.0091	3.8124	207.95	0.17832	5.6847e-05	0.070696	liquid
627.00	13.000	414.94	0.0024100	449.70	452.83	0.80749	3.0130	3.8346	203.32	0.18742	5.5912e-05	0.070507	liquid
628.00	13.000	412.26	0.0024256	453.52	456.68	0.81362	3.0170	3.8586	198.60	0.19737	5.4967e-05	0.070318	liquid
629.00	13.000	409.50	0.0024420	457.37	460.55	0.81978	3.0211	3.8847	193.75	0.20830	5.4009e-05	0.070128	liquid
630.00	13.000	406.64	0.0024592	461.25	464.45	0.82597	3.0252	3.9135	188.78	0.22038	5.3038e-05	0.069939	liquid
631.00	13.000	403.68	0.0024772	465.16	468.38	0.83220	3.0295	3.9453	183.65	0.23381	5.2050e-05	0.069749	liquid
632.00	13.000	400.59	0.0024963	469.10	472.34	0.83848	3.0338	3.9809	178.36	0.24887	5.1045e-05	0.069560	liquid
633.00	13.000	397.37	0.0025165	473.07	476.34	0.84480	3.0383	4.0210	172.87	0.26590	5.0018e-05	0.069371	liquid
633.28	13.000	396.44	0.0025225	474.19	477.47	0.84659	3.0396	4.0333	171.29	0.27111	4.9724e-05	0.069318	liquid
633.28	13.000	78.741	0.012700	575.90	592.41	1.0281	3.0272	3.8959	88.258	2.7819	1.0676e-05	0.050948	vapor
634.00	13.000	77.912	0.012835	578.50	595.19	1.0325	3.0269	3.8531	89.540	2.7046	1.0670e-05	0.050859	vapor
635.00	13.000	76.832	0.013015	582.10	599.02	1.0385	3.0268	3.8012	91.230	2.6070	1.0664e-05	0.050753	vapor
636.00	13.000	75.824	0.013188	585.65	602.80	1.0444	3.0268	3.7565	92.827	2.5192	1.0661e-05	0.050666	vapor
637.00	13.000	74.880	0.013355	589.17	606.53	1.0503	3.0271	3.7176	94.341	2.4394	1.0659e-05	0.050594	vapor
638.00	13.000	73.990	0.013515	592.66	610.23	1.0561	3.0275	3.6834	95.783	2.3665	1.0658e-05	0.050536	vapor
639.00	13.000	73.150	0.013671	596.13	613.90	1.0619	3.0280	3.6531	97.161	2.2995	1.0659e-05	0.050488	vapor
640.00	13.000	72.353	0.013821	599.57	617.54	1.0676	3.0286	3.6261	98.481	2.2376	1.0661e-05	0.050450	vapor
641.00	13.000	71.595	0.013967	603.00	621.15	1.0732	3.0293	3.6018	99.750	2.1801	1.0663e-05	0.050421	vapor
642.00	13.000	70.872	0.014110	606.40	624.74	1.0788	3.0302	3.5800	100.97	2.1266	1.0667e-05	0.050398	vapor
643.00	13.000	70.182	0.014249	609.79	628.31	1.0844	3.0311	3.5602	102.15	2.0765	1.0672e-05	0.050383	vapor
644.00	13.000	69.521	0.014384	613.16	631.86	1.0899	3.0321	3.5422	103.29	2.0295	1.0677e-05	0.050373	vapor
645.00	13.000	68.886	0.014517	616.53	635.40	1.0954	3.0332	3.5257	104.39	1.9852	1.0683e-05	0.050368	vapor
646.00	13.000	68.277	0.014646	619.88	638.92	1.1008	3.0343	3.5107	105.46	1.9435	1.0690e-05	0.050368	vapor
647.00	13.000	67.690	0.014773	623.21	642.42	1.1062	3.0355	3.4969	106.49	1.9040	1.0697e-05	0.050373	vapor
648.00	13.000	67.124	0.014898	626.54	645.91	1.1116	3.0367	3.4842	107.50	1.8666	1.0705e-05	0.050382	vapor
649.00	13.000	66.578	0.015020	629.86	649.39	1.1170	3.0380	3.4725	108.48	1.8310	1.0713e-05	0.050394	vapor
650.00	13.000	66.050	0.015140	633.17	652.86	1.1223	3.0394	3.4616	109.43	1.7971	1.0721e-05	0.050409	vapor
651.00	13.000	65.539	0.015258	636.48	656.31	1.1276	3.0408	3.4516	110.37	1.7648	1.0730e-05	0.050428	vapor
652.00	13.000	65.044	0.015374	639.77	659.76	1.1329	3.0422	3.4423	111.27	1.7340	1.0740e-05	0.050450	vapor
653.00	13.000	64.564	0.015488	643.06	663.20	1.1382	3.0437	3.4337	112.16	1.7045	1.0749e-05	0.050474	vapor
654.00	13.000	64.099	0.015601	646.35	666.63	1.1434	3.0452	3.4256	113.03	1.6763	1.0759e-05	0.050501	vapor
655.00	13.000	63.647	0.015712	649.62	670.05	1.1487	3.0467	3.4182	113.88	1.6492	1.0770e-05	0.050530	vapor
656.00	13.000	63.207	0.015821	652.90	673.46	1.1539	3.0483	3.4112	114.71	1.6231	1.0780e-05	0.050562	vapor
657.00	13.000	62.779	0.015929	656.16	676.87	1.1591	3.0499	3.4047	115.52	1.5981	1.0791e-05	0.050595	vapor
658.00	13.000	62.363	0.016035	659.43	680.27	1.1642	3.0515	3.3986	116.32	1.5740	1.0802e-05	0.050631	vapor
659.00	13.000	61.957	0.016140	662.69	683.67	1.1694	3.0532	3.3930	117.10	1.5508	1.0814e-05	0.050668	vapor
660.00	13.000	61.562	0.016244	665.94	687.06	1.1745	3.0549	3.3877	117.86	1.5284	1.0825e-05	0.050707	vapor
661.00	13.000	61.176	0.016346	669.19	690.44	1.1797	3.0566	3.3827	118.61	1.5067	1.0837e-05	0.050748	vapor
662.00	13.000	60.799	0.016448	672.44	693.82	1.1848	3.0583	3.3781	119.35	1.4858	1.0849e-05	0.050790	vapor
663.00	13.000	60.432	0.016548	675.69	697.20	1.1899	3.0601	3.3738	120.08	1.4656	1.0861e-05	0.050834	vapor
664.00	13.000	60.072	0.016647	678.93	700.57	1.1950	3.0618	3.3698	120.79	1.4460	1.0874e-05	0.050879	vapor
665.00	13.000	59.721	0.016745	682.17	703.94	1.2000	3.0636	3.3660	121.49	1.4271	1.0886e-05	0.050925	vapor
666.00	13.000	59.377	0.016841	685.41	707.30	1.2051	3.0654	3.3624	122.18	1.4087	1.0899e-05	0.050973	vapor
667.00	13.000	59.041	0.016937	688.65	710.66	1.2101	3.0672	3.3591	122.86	1.3908	1.0912e-05	0.051022	vapor
668.00	13.000	58.712	0.017032	691.88	714.02	1.2151	3.0691	3.3561	123.53	1.3735	1.0924e-05	0.051072	vapor
669.00	13.000	58.389	0.017126	695.11	717.38	1.2202	3.0709	3.3532	124.19	1.3567	1.0938e-05	0.051124	vapor
670.00	13.000	58.073	0.017220	698.34	720.73	1.2252	3.0728	3.3505	124.84	1.3404	1.0951e-05	0.051176	vapor
671.00	13.000	57.764	0.017312	701.57	724.08	1.2302	3.0747	3.3480	125.48	1.3245	1.0964e-05	0.051230	vapor
672.00	13.000	57.460	0.017403	704.80	727.42	1.2352	3.0765	3.3456	126.11	1.3090	1.0978e-05	0.051284	vapor
673.00	13.000	57.162	0.017494	708.03	730.77	1.2401	3.0784	3.3435	126.73	1.2940	1.0991e-05	0.051340	vapor
674.00	13.000	56.870	0.017584	711.25	734.11	1.2451	3.0804	3.3414	127.34	1.2793	1.1005e-05	0.051396	vapor
675.00	13.000	56.583	0.017673	714.48	737.45	1.2500	3.0823	3.3396	127.94	1.2650	1.1018e-05	0.051453	vapor
676.00	13.000	56.302	0.017761	717.70	740.79	1.2550	3.0842	3.3378	128.54	1.2511	1.1032e-05	0.051511	vapor
677.00	13.000	56.025	0.017849	720.92	744.13	1.2599	3.0861	3.3362	129.13	1.2375	1.1046e-05	0.051570	vapor
678.00	13.000	55.753	0.017936	724.15	747.46	1.2648	3.0881	3.3347	129.71	1.2242	1.1060e-05	0.051630	vapor
679.00	13.000	55.486	0.018022	727.37	750.80	1.2698	3.0901	3.3334	130.28	1.2112	1.1074e-05	0.051690	vapor
680.00	13.000	55.224	0.018108	730.59	754.13	1.2747	3.0920	3.3321	130.85	1.1986	1.1089e-05	0.051752	vapor
681.00	13.000	54.966	0.018193	733.81	757.46	1.2796	3.0940	3.3310	131.41	1.1862	1.1103e-05	0.051814	vapor
682.00	13.000	54.712	0.018278	737.03	760.79	1.2844	3.0960	3.3299	131.96	1.1741	1.1117e-05	0.051876	vapor
683.00	13.000	54.462	0.018361	740.25	764.12	1.2893	3.0980	3.3290	132.51	1.1623	1.1132e-05	0.051939	vapor
684.00	13.000	54.216	0.018445	743.47	767.45	1.2942	3.1000	3.3281	133.05	1.1508	1.1146e-05	0.052003	vapor
685.00	13.000	53.974	0.018527	746.69	770.78	1.2990	3.1020	3.3273	133.59	1.1394	1.1161e-05	0.052068	vapor
686.00	13.000	53.736	0.018610	749.91	774.10	1.3039	3.1040	3.3267	134.11	1.1284	1.1175e-05	0.052133	vapor
687.00	13.000	53.501	0.018691	753.13	777.43	1.3087	3.1060	3.3261	134.64	1.1175	1.1190e-05	0.052199	vapor
688.00	13.000	53.270	0.018772	756.35	780.76	1.3136	3.1080	3.3255	135.15	1.1069	1.1205e-05	0.052265	vapor
689.00	13.000	53.043	0.018853	759.57	784.08	1.3184	3.1100	3.3251	135.67	1.0965	1.1220e-05	0.052332	vapor
690.00	13.000	52.819	0.018933	762.79	787.41	1.3232	3.1121	3.3247	136.17	1.0863	1.1234e-05	0.052400	vapor
691.00	13.000	52.598	0.019012	766.02	790.73	1.3281	3.1141	3.3244	136.67	1.0763	1.1249e-05	0.052468	vapor
692.00	13.000	52.380	0.019091	769.24	794.06	1.3329	3.1161	3.3242	137.17	1.0665	1.1264e-05	0.052536	vapor
693.00	13.000	52.165	0.019170	772.46	797.38	1.3377	3.1182	3.3240	137.66	1.0569	1.1279e-05	0.052605	vapor
694.00	13.000	51.953	0.019248	775.68	800.70	1.3425	3.1202	3.3239	138.15	1.0475	1.1294e-05	0.052674	vapor
695.00	13.000	51.745	0.019326	778.90	804.03	1.3472	3.1223	3.3238	138.63	1.0382	1.1309e-05	0.052744	vapor
696.00	13.000	51.539	0.019403	782.13	807.35	1.3520	3.1243	3.3238	139.10	1.0291	1.1324e-05	0.052815	vapor
697.00	13.000	51.335	0.019480	785.35	810.68	1.3568	3.1264	3.3239	139.58	1.0202	1.1340e-05	0.052885	vapor
698.00	13.000	51.135	0.019556	788.58	814.00	1.3616	3.1284	3.3239	140.05	1.0115	1.1355e-05	0.052957	vapor
699.00	13.000	50.937	0.019632	791.80	817.32	1.3663	3.1305	3.3241	140.51	1.0029	1.1370e-05	0.053028	vapor
700.00	13.000	50.742	0.019708	795.03	820.65	1.3711	3.1325	3.3243	140.97	0.99440	1.1385e-05	0.053100	vapor
