Temperature (K)	Pressure (bar)	Density (kg/m3)	Volume (m3/kg)	Internal Energy (kJ/kg)	Enthalpy (kJ/kg)	Entropy (J/g*K)	Cv (J/g*K)	Cp (J/g*K)	Sound Spd. (m/s)	Joule-Thomson (K/bar)	Viscosity (Pa*s)	Therm. Cond. (W/m*K)	Phase
266.00	29.000	771.43	0.0012963	-563.13	-559.37	-1.5110	1.7074	2.1176	1432.5	-0.045495	0.0028220	0.14421	liquid
267.00	29.000	770.69	0.0012975	-561.02	-557.25	-1.5031	1.7107	2.1202	1428.1	-0.045425	0.0027484	0.14395	liquid
268.00	29.000	769.94	0.0012988	-558.90	-555.13	-1.4952	1.7139	2.1227	1423.7	-0.045354	0.0026778	0.14370	liquid
269.00	29.000	769.20	0.0013000	-556.78	-553.01	-1.4873	1.7172	2.1253	1419.4	-0.045283	0.0026100	0.14344	liquid
270.00	29.000	768.46	0.0013013	-554.65	-550.88	-1.4794	1.7204	2.1279	1415.0	-0.045210	0.0025448	0.14319	liquid
271.00	29.000	767.72	0.0013026	-552.53	-548.75	-1.4715	1.7237	2.1306	1410.7	-0.045137	0.0024822	0.14293	liquid
272.00	29.000	766.98	0.0013038	-550.40	-546.62	-1.4636	1.7270	2.1332	1406.3	-0.045064	0.0024220	0.14268	liquid
273.00	29.000	766.24	0.0013051	-548.27	-544.49	-1.4558	1.7303	2.1359	1402.0	-0.044989	0.0023641	0.14243	liquid
274.00	29.000	765.50	0.0013063	-546.14	-542.35	-1.4480	1.7336	2.1386	1397.7	-0.044914	0.0023083	0.14217	liquid
275.00	29.000	764.76	0.0013076	-544.00	-540.21	-1.4402	1.7370	2.1414	1393.5	-0.044838	0.0022545	0.14192	liquid
276.00	29.000	764.02	0.0013089	-541.86	-538.07	-1.4324	1.7403	2.1441	1389.2	-0.044762	0.0022027	0.14167	liquid
277.00	29.000	763.28	0.0013101	-539.72	-535.92	-1.4247	1.7437	2.1469	1384.9	-0.044685	0.0021528	0.14142	liquid
278.00	29.000	762.54	0.0013114	-537.57	-533.77	-1.4169	1.7471	2.1497	1380.7	-0.044607	0.0021046	0.14117	liquid
279.00	29.000	761.81	0.0013127	-535.43	-531.62	-1.4092	1.7505	2.1525	1376.5	-0.044529	0.0020581	0.14092	liquid
280.00	29.000	761.07	0.0013139	-533.28	-529.47	-1.4015	1.7539	2.1554	1372.3	-0.044450	0.0020132	0.14068	liquid
281.00	29.000	760.33	0.0013152	-531.12	-527.31	-1.3938	1.7573	2.1582	1368.1	-0.044370	0.0019699	0.14043	liquid
282.00	29.000	759.60	0.0013165	-528.97	-525.15	-1.3861	1.7608	2.1611	1363.9	-0.044290	0.0019279	0.14018	liquid
283.00	29.000	758.86	0.0013178	-526.81	-522.99	-1.3785	1.7642	2.1641	1359.7	-0.044209	0.0018874	0.13994	liquid
284.00	29.000	758.13	0.0013190	-524.65	-520.82	-1.3708	1.7677	2.1670	1355.6	-0.044127	0.0018482	0.13969	liquid
285.00	29.000	757.39	0.0013203	-522.48	-518.65	-1.3632	1.7711	2.1699	1351.4	-0.044045	0.0018103	0.13945	liquid
286.00	29.000	756.66	0.0013216	-520.31	-516.48	-1.3556	1.7746	2.1729	1347.3	-0.043963	0.0017736	0.13920	liquid
287.00	29.000	755.93	0.0013229	-518.14	-514.31	-1.3480	1.7781	2.1759	1343.2	-0.043879	0.0017381	0.13896	liquid
288.00	29.000	755.19	0.0013242	-515.97	-512.13	-1.3404	1.7816	2.1789	1339.1	-0.043796	0.0017036	0.13872	liquid
289.00	29.000	754.46	0.0013254	-513.79	-509.95	-1.3329	1.7852	2.1819	1335.0	-0.043711	0.0016703	0.13848	liquid
290.00	29.000	753.73	0.0013267	-511.61	-507.77	-1.3253	1.7887	2.1850	1331.0	-0.043626	0.0016379	0.13824	liquid
291.00	29.000	753.00	0.0013280	-509.43	-505.58	-1.3178	1.7922	2.1881	1326.9	-0.043541	0.0016066	0.13800	liquid
292.00	29.000	752.27	0.0013293	-507.25	-503.39	-1.3103	1.7958	2.1912	1322.9	-0.043455	0.0015761	0.13776	liquid
293.00	29.000	751.54	0.0013306	-505.06	-501.20	-1.3028	1.7994	2.1943	1318.8	-0.043368	0.0015466	0.13752	liquid
294.00	29.000	750.81	0.0013319	-502.86	-499.00	-1.2953	1.8029	2.1974	1314.8	-0.043281	0.0015180	0.13728	liquid
295.00	29.000	750.08	0.0013332	-500.67	-496.80	-1.2879	1.8065	2.2005	1310.8	-0.043194	0.0014902	0.13704	liquid
296.00	29.000	749.35	0.0013345	-498.47	-494.60	-1.2804	1.8101	2.2037	1306.8	-0.043106	0.0014631	0.13680	liquid
297.00	29.000	748.62	0.0013358	-496.27	-492.40	-1.2730	1.8137	2.2069	1302.8	-0.043017	0.0014369	0.13656	liquid
298.00	29.000	747.89	0.0013371	-494.06	-490.19	-1.2655	1.8173	2.2100	1298.9	-0.042928	0.0014114	0.13633	liquid
299.00	29.000	747.16	0.0013384	-491.86	-487.98	-1.2581	1.8209	2.2133	1294.9	-0.042839	0.0013866	0.13609	liquid
300.00	29.000	746.43	0.0013397	-489.65	-485.76	-1.2507	1.8246	2.2165	1291.0	-0.042749	0.0013625	0.13586	liquid
301.00	29.000	745.70	0.0013410	-487.43	-483.54	-1.2434	1.8282	2.2197	1287.0	-0.042658	0.0013390	0.13562	liquid
302.00	29.000	744.98	0.0013423	-485.21	-481.32	-1.2360	1.8319	2.2230	1283.1	-0.042567	0.0013162	0.13539	liquid
303.00	29.000	744.25	0.0013436	-482.99	-479.10	-1.2286	1.8355	2.2262	1279.2	-0.042476	0.0012940	0.13515	liquid
304.00	29.000	743.52	0.0013450	-480.77	-476.87	-1.2213	1.8392	2.2295	1275.3	-0.042384	0.0012724	0.13492	liquid
305.00	29.000	742.79	0.0013463	-478.54	-474.64	-1.2140	1.8429	2.2328	1271.4	-0.042292	0.0012514	0.13469	liquid
306.00	29.000	742.07	0.0013476	-476.31	-472.40	-1.2067	1.8465	2.2361	1267.5	-0.042199	0.0012309	0.13446	liquid
307.00	29.000	741.34	0.0013489	-474.08	-470.16	-1.1994	1.8502	2.2395	1263.7	-0.042106	0.0012109	0.13422	liquid
308.00	29.000	740.61	0.0013502	-471.84	-467.92	-1.1921	1.8539	2.2428	1259.8	-0.042012	0.0011915	0.13399	liquid
309.00	29.000	739.89	0.0013516	-469.60	-465.68	-1.1848	1.8576	2.2462	1256.0	-0.041918	0.0011725	0.13376	liquid
310.00	29.000	739.16	0.0013529	-467.35	-463.43	-1.1775	1.8614	2.2496	1252.2	-0.041824	0.0011540	0.13353	liquid
311.00	29.000	738.43	0.0013542	-465.11	-461.18	-1.1703	1.8651	2.2529	1248.3	-0.041729	0.0011360	0.13330	liquid
312.00	29.000	737.71	0.0013556	-462.86	-458.93	-1.1630	1.8688	2.2563	1244.5	-0.041633	0.0011184	0.13307	liquid
313.00	29.000	736.98	0.0013569	-460.60	-456.67	-1.1558	1.8725	2.2597	1240.7	-0.041538	0.0011013	0.13284	liquid
314.00	29.000	736.26	0.0013582	-458.34	-454.41	-1.1486	1.8763	2.2632	1236.9	-0.041441	0.0010846	0.13262	liquid
315.00	29.000	735.53	0.0013596	-456.08	-452.14	-1.1414	1.8800	2.2666	1233.2	-0.041345	0.0010682	0.13239	liquid
316.00	29.000	734.80	0.0013609	-453.82	-449.87	-1.1342	1.8838	2.2701	1229.4	-0.041248	0.0010523	0.13216	liquid
317.00	29.000	734.08	0.0013623	-451.55	-447.60	-1.1270	1.8875	2.2735	1225.7	-0.041150	0.0010367	0.13193	liquid
318.00	29.000	733.35	0.0013636	-449.28	-445.33	-1.1199	1.8913	2.2770	1221.9	-0.041053	0.0010216	0.13171	liquid
319.00	29.000	732.63	0.0013649	-447.01	-443.05	-1.1127	1.8951	2.2805	1218.2	-0.040955	0.0010067	0.13148	liquid
320.00	29.000	731.90	0.0013663	-444.73	-440.76	-1.1056	1.8988	2.2840	1214.4	-0.040856	0.00099222	0.13126	liquid
321.00	29.000	731.18	0.0013677	-442.45	-438.48	-1.0984	1.9026	2.2875	1210.7	-0.040757	0.00097805	0.13103	liquid
322.00	29.000	730.45	0.0013690	-440.16	-436.19	-1.0913	1.9064	2.2910	1207.0	-0.040658	0.00096421	0.13081	liquid
323.00	29.000	729.73	0.0013704	-437.87	-433.90	-1.0842	1.9102	2.2945	1203.3	-0.040558	0.00095068	0.13058	liquid
324.00	29.000	729.00	0.0013717	-435.58	-431.60	-1.0771	1.9140	2.2981	1199.6	-0.040458	0.00093745	0.13036	liquid
325.00	29.000	728.28	0.0013731	-433.28	-429.30	-1.0700	1.9178	2.3016	1196.0	-0.040357	0.00092451	0.13014	liquid
326.00	29.000	727.55	0.0013745	-430.98	-427.00	-1.0629	1.9216	2.3052	1192.3	-0.040256	0.00091186	0.12991	liquid
327.00	29.000	726.83	0.0013758	-428.68	-424.69	-1.0559	1.9254	2.3088	1188.6	-0.040155	0.00089948	0.12969	liquid
328.00	29.000	726.10	0.0013772	-426.37	-422.38	-1.0488	1.9292	2.3123	1185.0	-0.040054	0.00088737	0.12947	liquid
329.00	29.000	725.38	0.0013786	-424.06	-420.07	-1.0418	1.9331	2.3159	1181.4	-0.039952	0.00087552	0.12925	liquid
330.00	29.000	724.65	0.0013800	-421.75	-417.75	-1.0347	1.9369	2.3195	1177.7	-0.039849	0.00086392	0.12903	liquid
331.00	29.000	723.93	0.0013814	-419.43	-415.43	-1.0277	1.9407	2.3232	1174.1	-0.039747	0.00085257	0.12881	liquid
332.00	29.000	723.20	0.0013827	-417.11	-413.10	-1.0207	1.9446	2.3268	1170.5	-0.039644	0.00084145	0.12859	liquid
333.00	29.000	722.48	0.0013841	-414.79	-410.77	-1.0137	1.9484	2.3304	1166.9	-0.039540	0.00083056	0.12837	liquid
334.00	29.000	721.75	0.0013855	-412.46	-408.44	-1.0067	1.9522	2.3340	1163.3	-0.039436	0.00081990	0.12815	liquid
335.00	29.000	721.03	0.0013869	-410.13	-406.11	-0.99973	1.9561	2.3377	1159.7	-0.039332	0.00080946	0.12793	liquid
336.00	29.000	720.30	0.0013883	-407.79	-403.77	-0.99275	1.9599	2.3414	1156.1	-0.039228	0.00079922	0.12771	liquid
337.00	29.000	719.58	0.0013897	-405.45	-401.42	-0.98579	1.9638	2.3450	1152.6	-0.039123	0.00078920	0.12749	liquid
338.00	29.000	718.85	0.0013911	-403.11	-399.08	-0.97884	1.9676	2.3487	1149.0	-0.039018	0.00077937	0.12728	liquid
339.00	29.000	718.13	0.0013925	-400.76	-396.72	-0.97189	1.9715	2.3524	1145.5	-0.038912	0.00076974	0.12706	liquid
340.00	29.000	717.40	0.0013939	-398.41	-394.37	-0.96496	1.9754	2.3561	1141.9	-0.038806	0.00076030	0.12684	liquid
341.00	29.000	716.67	0.0013953	-396.06	-392.01	-0.95803	1.9792	2.3598	1138.4	-0.038700	0.00075104	0.12663	liquid
342.00	29.000	715.95	0.0013968	-393.70	-389.65	-0.95112	1.9831	2.3635	1134.9	-0.038593	0.00074196	0.12641	liquid
343.00	29.000	715.22	0.0013982	-391.34	-387.29	-0.94421	1.9870	2.3672	1131.3	-0.038486	0.00073306	0.12619	liquid
344.00	29.000	714.49	0.0013996	-388.98	-384.92	-0.93731	1.9908	2.3709	1127.8	-0.038379	0.00072432	0.12598	liquid
345.00	29.000	713.77	0.0014010	-386.61	-382.54	-0.93043	1.9947	2.3746	1124.3	-0.038271	0.00071575	0.12576	liquid
346.00	29.000	713.04	0.0014024	-384.23	-380.17	-0.92355	1.9986	2.3784	1120.8	-0.038163	0.00070734	0.12555	liquid
347.00	29.000	712.31	0.0014039	-381.86	-377.79	-0.91668	2.0025	2.3821	1117.3	-0.038055	0.00069909	0.12533	liquid
348.00	29.000	711.59	0.0014053	-379.48	-375.40	-0.90982	2.0064	2.3859	1113.9	-0.037946	0.00069099	0.12512	liquid
349.00	29.000	710.86	0.0014068	-377.10	-373.02	-0.90297	2.0102	2.3896	1110.4	-0.037837	0.00068305	0.12491	liquid
350.00	29.000	710.13	0.0014082	-374.71	-370.62	-0.89612	2.0141	2.3934	1106.9	-0.037727	0.00067524	0.12469	liquid
351.00	29.000	709.40	0.0014096	-372.32	-368.23	-0.88929	2.0180	2.3971	1103.5	-0.037617	0.00066758	0.12448	liquid
352.00	29.000	708.67	0.0014111	-369.92	-365.83	-0.88247	2.0219	2.4009	1100.0	-0.037507	0.00066005	0.12427	liquid
353.00	29.000	707.95	0.0014125	-367.52	-363.43	-0.87565	2.0258	2.4047	1096.6	-0.037397	0.00065266	0.12406	liquid
354.00	29.000	707.22	0.0014140	-365.12	-361.02	-0.86884	2.0297	2.4085	1093.2	-0.037286	0.00064540	0.12384	liquid
355.00	29.000	706.49	0.0014155	-362.71	-358.61	-0.86204	2.0336	2.4123	1089.7	-0.037174	0.00063827	0.12363	liquid
356.00	29.000	705.76	0.0014169	-360.30	-356.20	-0.85525	2.0375	2.4161	1086.3	-0.037063	0.00063126	0.12342	liquid
357.00	29.000	705.03	0.0014184	-357.89	-353.78	-0.84847	2.0414	2.4199	1082.9	-0.036951	0.00062437	0.12321	liquid
358.00	29.000	704.30	0.0014199	-355.47	-351.36	-0.84169	2.0453	2.4237	1079.5	-0.036838	0.00061761	0.12300	liquid
359.00	29.000	703.57	0.0014213	-353.05	-348.93	-0.83493	2.0492	2.4275	1076.1	-0.036725	0.00061095	0.12279	liquid
360.00	29.000	702.84	0.0014228	-350.63	-346.50	-0.82817	2.0531	2.4313	1072.7	-0.036612	0.00060442	0.12258	liquid
361.00	29.000	702.11	0.0014243	-348.20	-344.07	-0.82142	2.0570	2.4352	1069.3	-0.036499	0.00059799	0.12237	liquid
362.00	29.000	701.37	0.0014258	-345.77	-341.63	-0.81468	2.0609	2.4390	1066.0	-0.036385	0.00059166	0.12216	liquid
363.00	29.000	700.64	0.0014273	-343.33	-339.19	-0.80794	2.0648	2.4428	1062.6	-0.036271	0.00058545	0.12195	liquid
364.00	29.000	699.91	0.0014288	-340.89	-336.74	-0.80122	2.0687	2.4467	1059.2	-0.036156	0.00057933	0.12174	liquid
365.00	29.000	699.18	0.0014303	-338.44	-334.30	-0.79450	2.0726	2.4505	1055.9	-0.036041	0.00057332	0.12153	liquid
366.00	29.000	698.45	0.0014318	-336.00	-331.84	-0.78779	2.0765	2.4544	1052.5	-0.035925	0.00056741	0.12133	liquid
367.00	29.000	697.71	0.0014333	-333.54	-329.39	-0.78109	2.0804	2.4582	1049.2	-0.035810	0.00056158	0.12112	liquid
368.00	29.000	696.98	0.0014348	-331.09	-326.93	-0.77440	2.0843	2.4621	1045.9	-0.035693	0.00055586	0.12091	liquid
369.00	29.000	696.24	0.0014363	-328.63	-324.46	-0.76771	2.0882	2.4660	1042.5	-0.035577	0.00055022	0.12070	liquid
370.00	29.000	695.51	0.0014378	-326.17	-322.00	-0.76103	2.0921	2.4698	1039.2	-0.035460	0.00054468	0.12050	liquid
371.00	29.000	694.77	0.0014393	-323.70	-319.52	-0.75436	2.0960	2.4737	1035.9	-0.035343	0.00053922	0.12029	liquid
372.00	29.000	694.04	0.0014408	-321.23	-317.05	-0.74769	2.0999	2.4776	1032.6	-0.035225	0.00053384	0.12008	liquid
373.00	29.000	693.30	0.0014424	-318.75	-314.57	-0.74104	2.1038	2.4815	1029.3	-0.035107	0.00052855	0.11988	liquid
374.00	29.000	692.57	0.0014439	-316.27	-312.09	-0.73439	2.1077	2.4854	1026.0	-0.034988	0.00052334	0.11967	liquid
375.00	29.000	691.83	0.0014454	-313.79	-309.60	-0.72775	2.1116	2.4893	1022.7	-0.034869	0.00051821	0.11947	liquid
376.00	29.000	691.09	0.0014470	-311.30	-307.11	-0.72111	2.1155	2.4931	1019.4	-0.034750	0.00051316	0.11926	liquid
377.00	29.000	690.36	0.0014485	-308.81	-304.61	-0.71449	2.1194	2.4970	1016.1	-0.034630	0.00050818	0.11906	liquid
378.00	29.000	689.62	0.0014501	-306.32	-302.11	-0.70787	2.1233	2.5009	1012.9	-0.034509	0.00050328	0.11885	liquid
379.00	29.000	688.88	0.0014516	-303.82	-299.61	-0.70125	2.1272	2.5049	1009.6	-0.034389	0.00049845	0.11865	liquid
380.00	29.000	688.14	0.0014532	-301.32	-297.10	-0.69465	2.1311	2.5088	1006.3	-0.034268	0.00049370	0.11844	liquid
381.00	29.000	687.40	0.0014548	-298.81	-294.59	-0.68805	2.1350	2.5127	1003.1	-0.034146	0.00048901	0.11824	liquid
382.00	29.000	686.66	0.0014563	-296.30	-292.08	-0.68146	2.1389	2.5166	999.82	-0.034024	0.00048439	0.11804	liquid
383.00	29.000	685.92	0.0014579	-293.79	-289.56	-0.67487	2.1428	2.5205	996.58	-0.033902	0.00047984	0.11783	liquid
384.00	29.000	685.18	0.0014595	-291.27	-287.04	-0.66830	2.1467	2.5244	993.34	-0.033779	0.00047535	0.11763	liquid
385.00	29.000	684.43	0.0014611	-288.75	-284.51	-0.66172	2.1506	2.5283	990.11	-0.033655	0.00047093	0.11743	liquid
386.00	29.000	683.69	0.0014626	-286.22	-281.98	-0.65516	2.1545	2.5323	986.88	-0.033532	0.00046657	0.11723	liquid
387.00	29.000	682.95	0.0014642	-283.69	-279.45	-0.64860	2.1584	2.5362	983.66	-0.033407	0.00046227	0.11702	liquid
388.00	29.000	682.20	0.0014658	-281.16	-276.91	-0.64205	2.1623	2.5401	980.44	-0.033283	0.00045803	0.11682	liquid
389.00	29.000	681.46	0.0014674	-278.62	-274.37	-0.63551	2.1662	2.5441	977.23	-0.033157	0.00045385	0.11662	liquid
390.00	29.000	680.71	0.0014690	-276.08	-271.82	-0.62897	2.1701	2.5480	974.03	-0.033032	0.00044973	0.11642	liquid
391.00	29.000	679.97	0.0014707	-273.53	-269.27	-0.62244	2.1740	2.5519	970.83	-0.032906	0.00044566	0.11622	liquid
392.00	29.000	679.22	0.0014723	-270.98	-266.72	-0.61592	2.1779	2.5559	967.64	-0.032779	0.00044165	0.11602	liquid
393.00	29.000	678.48	0.0014739	-268.43	-264.16	-0.60940	2.1818	2.5598	964.45	-0.032652	0.00043770	0.11582	liquid
394.00	29.000	677.73	0.0014755	-265.87	-261.60	-0.60289	2.1857	2.5638	961.26	-0.032524	0.00043379	0.11562	liquid
395.00	29.000	676.98	0.0014772	-263.31	-259.03	-0.59639	2.1895	2.5677	958.09	-0.032396	0.00042994	0.11542	liquid
396.00	29.000	676.23	0.0014788	-260.75	-256.46	-0.58989	2.1934	2.5717	954.91	-0.032267	0.00042615	0.11522	liquid
397.00	29.000	675.48	0.0014804	-258.18	-253.89	-0.58340	2.1973	2.5756	951.74	-0.032138	0.00042240	0.11502	liquid
398.00	29.000	674.73	0.0014821	-255.61	-251.31	-0.57692	2.2012	2.5796	948.58	-0.032008	0.00041870	0.11482	liquid
399.00	29.000	673.98	0.0014837	-253.03	-248.73	-0.57044	2.2050	2.5835	945.42	-0.031878	0.00041504	0.11462	liquid
400.00	29.000	673.23	0.0014854	-250.45	-246.14	-0.56397	2.2089	2.5875	942.27	-0.031747	0.00041144	0.11442	liquid
401.00	29.000	672.47	0.0014870	-247.86	-243.55	-0.55750	2.2128	2.5915	939.12	-0.031616	0.00040788	0.11422	liquid
402.00	29.000	671.72	0.0014887	-245.28	-240.96	-0.55104	2.2167	2.5954	935.98	-0.031484	0.00040437	0.11402	liquid
403.00	29.000	670.97	0.0014904	-242.68	-238.36	-0.54459	2.2205	2.5994	932.84	-0.031352	0.00040090	0.11382	liquid
404.00	29.000	670.21	0.0014921	-240.09	-235.76	-0.53814	2.2244	2.6033	929.70	-0.031219	0.00039747	0.11362	liquid
405.00	29.000	669.46	0.0014938	-237.49	-233.15	-0.53170	2.2283	2.6073	926.58	-0.031085	0.00039409	0.11343	liquid
406.00	29.000	668.70	0.0014954	-234.88	-230.55	-0.52527	2.2321	2.6113	923.45	-0.030951	0.00039075	0.11323	liquid
407.00	29.000	667.94	0.0014971	-232.27	-227.93	-0.51884	2.2360	2.6153	920.33	-0.030816	0.00038745	0.11303	liquid
408.00	29.000	667.18	0.0014988	-229.66	-225.32	-0.51241	2.2398	2.6192	917.21	-0.030681	0.00038420	0.11283	liquid
409.00	29.000	666.43	0.0015005	-227.05	-222.69	-0.50600	2.2437	2.6232	914.10	-0.030545	0.00038098	0.11264	liquid
410.00	29.000	665.67	0.0015023	-224.43	-220.07	-0.49959	2.2475	2.6272	911.00	-0.030408	0.00037780	0.11244	liquid
411.00	29.000	664.90	0.0015040	-221.80	-217.44	-0.49318	2.2514	2.6311	907.90	-0.030271	0.00037466	0.11224	liquid
412.00	29.000	664.14	0.0015057	-219.17	-214.81	-0.48678	2.2552	2.6351	904.80	-0.030133	0.00037155	0.11205	liquid
413.00	29.000	663.38	0.0015074	-216.54	-212.17	-0.48039	2.2591	2.6391	901.70	-0.029995	0.00036849	0.11185	liquid
414.00	29.000	662.62	0.0015092	-213.90	-209.53	-0.47400	2.2629	2.6431	898.62	-0.029856	0.00036546	0.11166	liquid
415.00	29.000	661.85	0.0015109	-211.26	-206.88	-0.46762	2.2667	2.6471	895.53	-0.029716	0.00036246	0.11146	liquid
416.00	29.000	661.09	0.0015127	-208.62	-204.23	-0.46125	2.2706	2.6510	892.45	-0.029575	0.00035950	0.11126	liquid
417.00	29.000	660.32	0.0015144	-205.97	-201.58	-0.45488	2.2744	2.6550	889.37	-0.029434	0.00035657	0.11107	liquid
418.00	29.000	659.56	0.0015162	-203.32	-198.92	-0.44851	2.2782	2.6590	886.30	-0.029292	0.00035368	0.11087	liquid
419.00	29.000	658.79	0.0015179	-200.67	-196.26	-0.44215	2.2821	2.6630	883.23	-0.029150	0.00035082	0.11068	liquid
420.00	29.000	658.02	0.0015197	-198.01	-193.60	-0.43580	2.2859	2.6670	880.17	-0.029007	0.00034800	0.11048	liquid
421.00	29.000	657.25	0.0015215	-195.34	-190.93	-0.42945	2.2897	2.6709	877.11	-0.028863	0.00034520	0.11029	liquid
422.00	29.000	656.48	0.0015233	-192.67	-188.26	-0.42311	2.2935	2.6749	874.06	-0.028718	0.00034244	0.11010	liquid
423.00	29.000	655.71	0.0015251	-190.00	-185.58	-0.41678	2.2973	2.6789	871.00	-0.028573	0.00033971	0.10990	liquid
424.00	29.000	654.93	0.0015269	-187.33	-182.90	-0.41045	2.3012	2.6829	867.96	-0.028427	0.00033700	0.10971	liquid
425.00	29.000	654.16	0.0015287	-184.65	-180.21	-0.40412	2.3050	2.6869	864.91	-0.028280	0.00033433	0.10951	liquid
426.00	29.000	653.39	0.0015305	-181.96	-177.52	-0.39780	2.3088	2.6909	861.87	-0.028133	0.00033169	0.10932	liquid
427.00	29.000	652.61	0.0015323	-179.28	-174.83	-0.39149	2.3126	2.6949	858.84	-0.027984	0.00032907	0.10913	liquid
428.00	29.000	651.83	0.0015341	-176.58	-172.13	-0.38518	2.3164	2.6989	855.80	-0.027835	0.00032649	0.10893	liquid
429.00	29.000	651.06	0.0015360	-173.89	-169.43	-0.37888	2.3202	2.7029	852.77	-0.027685	0.00032393	0.10874	liquid
430.00	29.000	650.28	0.0015378	-171.19	-166.73	-0.37258	2.3240	2.7068	849.75	-0.027534	0.00032140	0.10855	liquid
431.00	29.000	649.50	0.0015397	-168.49	-164.02	-0.36629	2.3277	2.7108	846.73	-0.027383	0.00031890	0.10835	liquid
432.00	29.000	648.72	0.0015415	-165.78	-161.31	-0.36000	2.3315	2.7148	843.71	-0.027230	0.00031642	0.10816	liquid
433.00	29.000	647.93	0.0015434	-163.07	-158.59	-0.35372	2.3353	2.7188	840.70	-0.027077	0.00031397	0.10797	liquid
434.00	29.000	647.15	0.0015452	-160.35	-155.87	-0.34744	2.3391	2.7228	837.69	-0.026923	0.00031154	0.10778	liquid
435.00	29.000	646.37	0.0015471	-157.63	-153.14	-0.34117	2.3429	2.7268	834.68	-0.026768	0.00030914	0.10759	liquid
436.00	29.000	645.58	0.0015490	-154.91	-150.42	-0.33491	2.3466	2.7308	831.68	-0.026612	0.00030676	0.10739	liquid
437.00	29.000	644.80	0.0015509	-152.18	-147.68	-0.32864	2.3504	2.7348	828.68	-0.026456	0.00030441	0.10720	liquid
438.00	29.000	644.01	0.0015528	-149.45	-144.95	-0.32239	2.3542	2.7388	825.68	-0.026298	0.00030208	0.10701	liquid
439.00	29.000	643.22	0.0015547	-146.71	-142.21	-0.31614	2.3579	2.7428	822.69	-0.026139	0.00029978	0.10682	liquid
440.00	29.000	642.43	0.0015566	-143.98	-139.46	-0.30989	2.3617	2.7468	819.70	-0.025980	0.00029750	0.10663	liquid
441.00	29.000	641.64	0.0015585	-141.23	-136.71	-0.30365	2.3654	2.7508	816.71	-0.025820	0.00029524	0.10644	liquid
442.00	29.000	640.84	0.0015604	-138.48	-133.96	-0.29742	2.3692	2.7548	813.73	-0.025658	0.00029300	0.10625	liquid
443.00	29.000	640.05	0.0015624	-135.73	-131.20	-0.29119	2.3729	2.7587	810.75	-0.025496	0.00029079	0.10606	liquid
444.00	29.000	639.26	0.0015643	-132.98	-128.44	-0.28496	2.3767	2.7627	807.77	-0.025332	0.00028859	0.10587	liquid
445.00	29.000	638.46	0.0015663	-130.22	-125.68	-0.27874	2.3804	2.7667	804.80	-0.025168	0.00028642	0.10568	liquid
446.00	29.000	637.66	0.0015682	-127.46	-122.91	-0.27253	2.3842	2.7707	801.83	-0.025003	0.00028427	0.10549	liquid
447.00	29.000	636.86	0.0015702	-124.69	-120.14	-0.26632	2.3879	2.7747	798.86	-0.024836	0.00028214	0.10530	liquid
448.00	29.000	636.06	0.0015722	-121.92	-117.36	-0.26011	2.3916	2.7787	795.90	-0.024669	0.00028003	0.10511	liquid
449.00	29.000	635.26	0.0015742	-119.14	-114.58	-0.25391	2.3953	2.7827	792.93	-0.024500	0.00027795	0.10492	liquid
450.00	29.000	634.46	0.0015761	-116.36	-111.79	-0.24772	2.3991	2.7867	789.98	-0.024331	0.00027588	0.10473	liquid
451.00	29.000	633.66	0.0015781	-113.58	-109.00	-0.24153	2.4028	2.7907	787.02	-0.024160	0.00027383	0.10454	liquid
452.00	29.000	632.85	0.0015802	-110.79	-106.21	-0.23534	2.4065	2.7947	784.07	-0.023988	0.00027180	0.10435	liquid
453.00	29.000	632.04	0.0015822	-108.00	-103.42	-0.22916	2.4102	2.7987	781.12	-0.023815	0.00026978	0.10416	liquid
454.00	29.000	631.23	0.0015842	-105.21	-100.61	-0.22299	2.4139	2.8027	778.17	-0.023641	0.00026779	0.10398	liquid
455.00	29.000	630.43	0.0015862	-102.41	-97.810	-0.21682	2.4176	2.8067	775.23	-0.023466	0.00026582	0.10379	liquid
456.00	29.000	629.61	0.0015883	-99.608	-95.002	-0.21065	2.4213	2.8107	772.29	-0.023290	0.00026386	0.10360	liquid
457.00	29.000	628.80	0.0015903	-96.801	-92.189	-0.20449	2.4250	2.8147	769.35	-0.023112	0.00026192	0.10341	liquid
458.00	29.000	627.99	0.0015924	-93.990	-89.372	-0.19833	2.4287	2.8187	766.42	-0.022933	0.00026000	0.10322	liquid
459.00	29.000	627.17	0.0015945	-91.175	-86.552	-0.19218	2.4324	2.8227	763.49	-0.022753	0.00025809	0.10304	liquid
460.00	29.000	626.36	0.0015965	-88.357	-83.727	-0.18603	2.4360	2.8267	760.56	-0.022572	0.00025620	0.10285	liquid
461.00	29.000	625.54	0.0015986	-85.534	-80.898	-0.17989	2.4397	2.8307	757.63	-0.022389	0.00025433	0.10266	liquid
462.00	29.000	624.72	0.0016007	-82.708	-78.066	-0.17375	2.4434	2.8346	754.71	-0.022205	0.00025248	0.10248	liquid
463.00	29.000	623.90	0.0016028	-79.877	-75.229	-0.16762	2.4471	2.8386	751.78	-0.022020	0.00025064	0.10229	liquid
464.00	29.000	623.07	0.0016049	-77.043	-72.388	-0.16149	2.4507	2.8426	748.86	-0.021833	0.00024882	0.10210	liquid
465.00	29.000	622.25	0.0016071	-74.204	-69.544	-0.15537	2.4544	2.8466	745.95	-0.021645	0.00024701	0.10191	liquid
466.00	29.000	621.42	0.0016092	-71.362	-66.695	-0.14925	2.4580	2.8506	743.03	-0.021456	0.00024522	0.10173	liquid
467.00	29.000	620.60	0.0016114	-68.515	-63.842	-0.14313	2.4617	2.8546	740.12	-0.021265	0.00024345	0.10154	liquid
468.00	29.000	619.77	0.0016135	-65.665	-60.986	-0.13702	2.4653	2.8586	737.21	-0.021073	0.00024169	0.10136	liquid
469.00	29.000	618.94	0.0016157	-62.811	-58.125	-0.13092	2.4690	2.8626	734.31	-0.020880	0.00023994	0.10117	liquid
470.00	29.000	618.10	0.0016178	-59.952	-55.261	-0.12481	2.4726	2.8666	731.40	-0.020684	0.00023821	0.10098	liquid
471.00	29.000	617.27	0.0016200	-57.090	-52.392	-0.11872	2.4762	2.8706	728.50	-0.020488	0.00023649	0.10080	liquid
472.00	29.000	616.43	0.0016222	-54.224	-49.519	-0.11262	2.4799	2.8746	725.60	-0.020290	0.00023479	0.10061	liquid
473.00	29.000	615.60	0.0016244	-51.354	-46.643	-0.10654	2.4835	2.8786	722.71	-0.020090	0.00023310	0.10043	liquid
474.00	29.000	614.76	0.0016267	-48.479	-43.762	-0.10045	2.4871	2.8826	719.81	-0.019889	0.00023143	0.10024	liquid
475.00	29.000	613.92	0.0016289	-45.601	-40.878	-0.094373	2.4907	2.8866	716.92	-0.019686	0.00022977	0.10006	liquid
476.00	29.000	613.08	0.0016311	-42.719	-37.989	-0.088298	2.4943	2.8906	714.03	-0.019482	0.00022812	0.099872	liquid
477.00	29.000	612.23	0.0016334	-39.833	-35.096	-0.082228	2.4980	2.8946	711.14	-0.019276	0.00022649	0.099687	liquid
478.00	29.000	611.39	0.0016356	-36.943	-32.200	-0.076162	2.5016	2.8986	708.26	-0.019068	0.00022487	0.099503	liquid
479.00	29.000	610.54	0.0016379	-34.049	-29.299	-0.070100	2.5052	2.9026	705.37	-0.018859	0.00022326	0.099318	liquid
480.00	29.000	609.69	0.0016402	-31.151	-26.395	-0.064043	2.5088	2.9066	702.49	-0.018648	0.00022166	0.099134	liquid
481.00	29.000	608.84	0.0016425	-28.249	-23.486	-0.057989	2.5123	2.9106	699.61	-0.018435	0.00022008	0.098950	liquid
482.00	29.000	607.98	0.0016448	-25.343	-20.574	-0.051940	2.5159	2.9146	696.73	-0.018220	0.00021851	0.098766	liquid
483.00	29.000	607.13	0.0016471	-22.434	-17.657	-0.045896	2.5195	2.9186	693.86	-0.018003	0.00021695	0.098582	liquid
484.00	29.000	606.27	0.0016494	-19.520	-14.736	-0.039855	2.5231	2.9226	690.99	-0.017785	0.00021541	0.098398	liquid
485.00	29.000	605.41	0.0016518	-16.602	-11.812	-0.033819	2.5267	2.9266	688.12	-0.017565	0.00021387	0.098215	liquid
486.00	29.000	604.55	0.0016541	-13.680	-8.8833	-0.027787	2.5302	2.9306	685.25	-0.017343	0.00021235	0.098031	liquid
487.00	29.000	603.69	0.0016565	-10.755	-5.9507	-0.021759	2.5338	2.9346	682.38	-0.017119	0.00021084	0.097848	liquid
488.00	29.000	602.82	0.0016589	-7.8249	-3.0142	-0.015735	2.5374	2.9386	679.51	-0.016893	0.00020934	0.097665	liquid
489.00	29.000	601.96	0.0016612	-4.8912	-0.073631	-0.0097159	2.5409	2.9426	676.65	-0.016665	0.00020785	0.097482	liquid
490.00	29.000	601.09	0.0016636	-1.9537	2.8709	-0.0037005	2.5445	2.9466	673.79	-0.016435	0.00020638	0.097299	liquid
491.00	29.000	600.22	0.0016661	0.98790	5.8195	0.0023108	2.5480	2.9506	670.93	-0.016203	0.00020491	0.097117	liquid
492.00	29.000	599.35	0.0016685	3.9334	8.7720	0.0083181	2.5515	2.9546	668.07	-0.015968	0.00020346	0.096934	liquid
493.00	29.000	598.47	0.0016709	6.8829	11.729	0.014321	2.5551	2.9586	665.21	-0.015732	0.00020201	0.096752	liquid
494.00	29.000	597.59	0.0016734	9.8363	14.689	0.020320	2.5586	2.9626	662.36	-0.015494	0.00020058	0.096570	liquid
495.00	29.000	596.72	0.0016758	12.794	17.654	0.026315	2.5621	2.9666	659.51	-0.015253	0.00019916	0.096388	liquid
496.00	29.000	595.83	0.0016783	15.755	20.622	0.032306	2.5657	2.9706	656.66	-0.015010	0.00019775	0.096206	liquid
497.00	29.000	594.95	0.0016808	18.720	23.595	0.038293	2.5692	2.9746	653.81	-0.014765	0.00019634	0.096024	liquid
498.00	29.000	594.07	0.0016833	21.690	26.571	0.044277	2.5727	2.9786	650.96	-0.014517	0.00019495	0.095842	liquid
499.00	29.000	593.18	0.0016858	24.663	29.552	0.050256	2.5762	2.9826	648.11	-0.014267	0.00019357	0.095661	liquid
500.00	29.000	592.29	0.0016884	27.640	32.537	0.056231	2.5797	2.9866	645.27	-0.014015	0.00019220	0.095480	liquid
501.00	29.000	591.40	0.0016909	30.622	35.525	0.062202	2.5832	2.9906	642.43	-0.013760	0.00019083	0.095298	liquid
502.00	29.000	590.50	0.0016935	33.607	38.518	0.068169	2.5867	2.9946	639.59	-0.013503	0.00018948	0.095117	liquid
503.00	29.000	589.61	0.0016960	36.596	41.514	0.074133	2.5902	2.9986	636.75	-0.013243	0.00018814	0.094937	liquid
504.00	29.000	588.71	0.0016986	39.589	44.515	0.080092	2.5937	3.0026	633.91	-0.012980	0.00018680	0.094756	liquid
505.00	29.000	587.81	0.0017012	42.586	47.520	0.086048	2.5972	3.0066	631.07	-0.012715	0.00018548	0.094575	liquid
506.00	29.000	586.90	0.0017039	45.587	50.528	0.092000	2.6007	3.0107	628.23	-0.012447	0.00018416	0.094395	liquid
507.00	29.000	586.00	0.0017065	48.592	53.541	0.097948	2.6041	3.0147	625.40	-0.012177	0.00018286	0.094215	liquid
508.00	29.000	585.09	0.0017091	51.601	56.558	0.10389	2.6076	3.0187	622.57	-0.011904	0.00018156	0.094035	liquid
509.00	29.000	584.18	0.0017118	54.614	59.578	0.10983	2.6111	3.0227	619.74	-0.011628	0.00018027	0.093855	liquid
510.00	29.000	583.26	0.0017145	57.631	62.603	0.11577	2.6145	3.0267	616.91	-0.011349	0.00017899	0.093675	liquid
511.00	29.000	582.35	0.0017172	60.652	65.632	0.12170	2.6180	3.0308	614.08	-0.011067	0.00017771	0.093495	liquid
512.00	29.000	581.43	0.0017199	63.677	68.665	0.12763	2.6215	3.0348	611.25	-0.010782	0.00017645	0.093316	liquid
513.00	29.000	580.51	0.0017226	66.706	71.701	0.13356	2.6249	3.0388	608.43	-0.010494	0.00017520	0.093137	liquid
514.00	29.000	579.58	0.0017254	69.739	74.742	0.13948	2.6283	3.0428	605.60	-0.010203	0.00017395	0.092957	liquid
515.00	29.000	578.66	0.0017281	72.775	77.787	0.14540	2.6318	3.0469	602.78	-0.0099093	0.00017271	0.092778	liquid
516.00	29.000	577.73	0.0017309	75.816	80.836	0.15131	2.6352	3.0509	599.95	-0.0096121	0.00017148	0.092600	liquid
517.00	29.000	576.80	0.0017337	78.861	83.889	0.15722	2.6387	3.0549	597.13	-0.0093116	0.00017026	0.092421	liquid
518.00	29.000	575.86	0.0017365	81.910	86.946	0.16313	2.6421	3.0590	594.31	-0.0090077	0.00016904	0.092242	liquid
519.00	29.000	574.93	0.0017393	84.963	90.007	0.16903	2.6455	3.0630	591.49	-0.0087005	0.00016783	0.092064	liquid
520.00	29.000	573.99	0.0017422	88.019	93.072	0.17493	2.6489	3.0670	588.68	-0.0083899	0.00016663	0.091886	liquid
521.00	29.000	573.05	0.0017451	91.080	96.141	0.18083	2.6523	3.0711	585.86	-0.0080757	0.00016544	0.091708	liquid
522.00	29.000	572.10	0.0017479	94.145	99.214	0.18672	2.6557	3.0751	583.04	-0.0077580	0.00016426	0.091530	liquid
523.00	29.000	571.15	0.0017508	97.214	102.29	0.19261	2.6591	3.0792	580.23	-0.0074366	0.00016308	0.091352	liquid
524.00	29.000	570.20	0.0017538	100.29	105.37	0.19850	2.6625	3.0832	577.42	-0.0071115	0.00016191	0.091174	liquid
525.00	29.000	569.25	0.0017567	103.36	108.46	0.20438	2.6659	3.0873	574.60	-0.0067827	0.00016075	0.090997	liquid
526.00	29.000	568.29	0.0017597	106.44	111.55	0.21026	2.6693	3.0913	571.79	-0.0064499	0.00015959	0.090820	liquid
527.00	29.000	567.33	0.0017626	109.53	114.64	0.21613	2.6727	3.0954	568.98	-0.0061133	0.00015845	0.090643	liquid
528.00	29.000	566.37	0.0017656	112.62	117.74	0.22200	2.6761	3.0994	566.17	-0.0057727	0.00015731	0.090466	liquid
529.00	29.000	565.41	0.0017686	115.71	120.84	0.22787	2.6795	3.1035	563.36	-0.0054279	0.00015617	0.090289	liquid
530.00	29.000	564.44	0.0017717	118.81	123.94	0.23374	2.6829	3.1076	560.55	-0.0050790	0.00015504	0.090112	liquid
531.00	29.000	563.47	0.0017747	121.91	127.05	0.23960	2.6862	3.1116	557.75	-0.0047259	0.00015392	0.089936	liquid
532.00	29.000	562.49	0.0017778	125.01	130.17	0.24546	2.6896	3.1157	554.94	-0.0043685	0.00015281	0.089760	liquid
533.00	29.000	561.51	0.0017809	128.12	133.29	0.25131	2.6930	3.1198	552.13	-0.0040066	0.00015170	0.089583	liquid
534.00	29.000	560.53	0.0017840	131.23	136.41	0.25716	2.6963	3.1239	549.33	-0.0036402	0.00015060	0.089408	liquid
535.00	29.000	559.55	0.0017872	134.35	139.53	0.26301	2.6997	3.1280	546.53	-0.0032693	0.00014951	0.089232	liquid
536.00	29.000	558.56	0.0017903	137.47	142.66	0.26886	2.7030	3.1320	543.72	-0.0028936	0.00014842	0.089056	liquid
537.00	29.000	557.57	0.0017935	140.60	145.80	0.27470	2.7064	3.1361	540.92	-0.0025132	0.00014734	0.088881	liquid
538.00	29.000	556.57	0.0017967	143.73	148.94	0.28054	2.7097	3.1402	538.12	-0.0021280	0.00014626	0.088705	liquid
539.00	29.000	555.58	0.0017999	146.86	152.08	0.28637	2.7130	3.1443	535.32	-0.0017377	0.00014519	0.088530	liquid
540.00	29.000	554.58	0.0018032	149.99	155.22	0.29221	2.7164	3.1485	532.52	-0.0013424	0.00014413	0.088355	liquid
541.00	29.000	553.57	0.0018065	153.14	158.37	0.29803	2.7197	3.1526	529.72	-0.00094188	0.00014307	0.088181	liquid
542.00	29.000	552.56	0.0018098	156.28	161.53	0.30386	2.7230	3.1567	526.92	-0.00053610	0.00014202	0.088006	liquid
543.00	29.000	551.55	0.0018131	159.43	164.69	0.30968	2.7263	3.1608	524.12	-0.00012492	0.00014098	0.087832	liquid
544.00	29.000	550.54	0.0018164	162.58	167.85	0.31550	2.7297	3.1649	521.32	0.00029176	0.00013994	0.087658	liquid
545.00	29.000	549.52	0.0018198	165.74	171.02	0.32132	2.7330	3.1691	518.52	0.00071407	0.00013891	0.087484	liquid
546.00	29.000	548.49	0.0018232	168.90	174.19	0.32713	2.7363	3.1732	515.72	0.0011421	0.00013788	0.087310	liquid
547.00	29.000	547.47	0.0018266	172.07	177.36	0.33294	2.7396	3.1773	512.93	0.0015760	0.00013686	0.087136	liquid
548.00	29.000	546.44	0.0018300	175.24	180.54	0.33875	2.7429	3.1815	510.13	0.0020159	0.00013584	0.086963	liquid
549.00	29.000	545.40	0.0018335	178.41	183.73	0.34455	2.7462	3.1857	507.33	0.0024619	0.00013483	0.086790	liquid
550.00	29.000	544.37	0.0018370	181.59	186.92	0.35035	2.7495	3.1898	504.54	0.0029142	0.00013383	0.086616	liquid
551.00	29.000	543.32	0.0018405	184.77	190.11	0.35615	2.7528	3.1940	501.74	0.0033728	0.00013283	0.086444	liquid
552.00	29.000	542.28	0.0018441	187.96	193.30	0.36195	2.7561	3.1982	498.95	0.0038380	0.00013183	0.086271	liquid
553.00	29.000	541.23	0.0018477	191.15	196.50	0.36774	2.7593	3.2023	496.16	0.0043098	0.00013084	0.086098	liquid
554.00	29.000	540.17	0.0018513	194.34	199.71	0.37353	2.7626	3.2065	493.36	0.0047885	0.00012986	0.085926	liquid
555.00	29.000	539.12	0.0018549	197.54	202.92	0.37932	2.7659	3.2107	490.57	0.0052741	0.00012888	0.085754	liquid
556.00	29.000	538.05	0.0018586	200.74	206.13	0.38510	2.7692	3.2149	487.77	0.0057668	0.00012791	0.085582	liquid
557.00	29.000	536.99	0.0018622	203.95	209.35	0.39088	2.7724	3.2192	484.98	0.0062668	0.00012694	0.085411	liquid
558.00	29.000	535.92	0.0018660	207.16	212.57	0.39666	2.7757	3.2234	482.19	0.0067742	0.00012598	0.085239	liquid
559.00	29.000	534.84	0.0018697	210.37	215.79	0.40243	2.7789	3.2276	479.40	0.0072893	0.00012502	0.085068	liquid
560.00	29.000	533.76	0.0018735	213.59	219.02	0.40821	2.7822	3.2318	476.60	0.0078121	0.00012407	0.084897	liquid
561.00	29.000	532.68	0.0018773	216.81	222.26	0.41398	2.7854	3.2361	473.81	0.0083429	0.00012312	0.084726	liquid
562.00	29.000	531.59	0.0018811	220.04	225.49	0.41974	2.7887	3.2403	471.02	0.0088819	0.00012217	0.084555	liquid
563.00	29.000	530.50	0.0018850	223.27	228.74	0.42551	2.7919	3.2446	468.23	0.0094292	0.00012124	0.084385	liquid
564.00	29.000	529.40	0.0018889	226.51	231.98	0.43127	2.7952	3.2489	465.44	0.0099850	0.00012030	0.084215	liquid
565.00	29.000	528.30	0.0018929	229.75	235.24	0.43703	2.7984	3.2532	462.64	0.010550	0.00011937	0.084045	liquid
566.00	29.000	527.19	0.0018968	232.99	238.49	0.44278	2.8016	3.2575	459.85	0.011123	0.00011845	0.083875	liquid
567.00	29.000	526.08	0.0019009	236.24	241.75	0.44854	2.8049	3.2618	457.06	0.011706	0.00011753	0.083706	liquid
568.00	29.000	524.96	0.0019049	239.49	245.01	0.45429	2.8081	3.2661	454.27	0.012298	0.00011661	0.083536	liquid
569.00	29.000	523.84	0.0019090	242.75	248.28	0.46004	2.8113	3.2704	451.48	0.012899	0.00011570	0.083367	liquid
570.00	29.000	522.71	0.0019131	246.01	251.55	0.46579	2.8145	3.2747	448.69	0.013511	0.00011479	0.083199	liquid
571.00	29.000	521.58	0.0019172	249.27	254.83	0.47153	2.8178	3.2791	445.90	0.014132	0.00011389	0.083030	liquid
572.00	29.000	520.45	0.0019214	252.54	258.11	0.47727	2.8210	3.2835	443.10	0.014764	0.00011299	0.082862	liquid
573.00	29.000	519.30	0.0019257	255.81	261.40	0.48301	2.8242	3.2878	440.31	0.015407	0.00011210	0.082694	liquid
574.00	29.000	518.16	0.0019299	259.09	264.69	0.48875	2.8274	3.2922	437.52	0.016060	0.00011121	0.082526	liquid
575.00	29.000	517.00	0.0019342	262.37	267.98	0.49448	2.8306	3.2966	434.73	0.016724	0.00011033	0.082358	liquid
576.00	29.000	515.85	0.0019386	265.66	271.28	0.50021	2.8338	3.3010	431.94	0.017400	0.00010945	0.082191	liquid
577.00	29.000	514.68	0.0019429	268.95	274.59	0.50594	2.8370	3.3055	429.15	0.018087	0.00010857	0.082024	liquid
578.00	29.000	513.51	0.0019474	272.25	277.89	0.51167	2.8402	3.3099	426.35	0.018787	0.00010770	0.081857	liquid
579.00	29.000	512.34	0.0019518	275.54	281.21	0.51740	2.8434	3.3144	423.56	0.019499	0.00010683	0.081691	liquid
580.00	29.000	511.16	0.0019563	278.85	284.52	0.52312	2.8466	3.3188	420.77	0.020223	0.00010596	0.081524	liquid
581.00	29.000	509.97	0.0019609	282.16	287.84	0.52884	2.8498	3.3233	417.98	0.020960	0.00010510	0.081358	liquid
582.00	29.000	508.78	0.0019655	285.47	291.17	0.53456	2.8529	3.3278	415.18	0.021711	0.00010425	0.081193	liquid
583.00	29.000	507.58	0.0019701	288.78	294.50	0.54028	2.8561	3.3324	412.39	0.022475	0.00010339	0.081027	liquid
584.00	29.000	506.37	0.0019748	292.11	297.83	0.54599	2.8593	3.3369	409.60	0.023253	0.00010255	0.080862	liquid
585.00	29.000	505.16	0.0019796	295.43	301.17	0.55170	2.8625	3.3415	406.80	0.024046	0.00010170	0.080697	liquid
586.00	29.000	503.95	0.0019843	298.76	304.52	0.55741	2.8656	3.3460	404.01	0.024853	0.00010086	0.080533	liquid
587.00	29.000	502.72	0.0019892	302.10	307.86	0.56312	2.8688	3.3506	401.21	0.025676	0.00010002	0.080368	liquid
588.00	29.000	501.49	0.0019940	305.43	311.22	0.56883	2.8720	3.3552	398.42	0.026514	9.9188e-05	0.080205	liquid
589.00	29.000	500.26	0.0019990	308.78	314.57	0.57454	2.8751	3.3599	395.62	0.027368	9.8358e-05	0.080041	liquid
590.00	29.000	499.01	0.0020040	312.13	317.94	0.58024	2.8783	3.3645	392.83	0.028239	9.7531e-05	0.079878	liquid
591.00	29.000	497.76	0.0020090	315.48	321.30	0.58594	2.8815	3.3692	390.03	0.029127	9.6708e-05	0.079715	liquid
592.00	29.000	496.50	0.0020141	318.83	324.68	0.59164	2.8846	3.3739	387.24	0.030032	9.5888e-05	0.079552	liquid
593.00	29.000	495.24	0.0020192	322.20	328.05	0.59734	2.8878	3.3786	384.44	0.030955	9.5072e-05	0.079390	liquid
594.00	29.000	493.97	0.0020244	325.56	331.43	0.60304	2.8909	3.3834	381.64	0.031896	9.4260e-05	0.079228	liquid
595.00	29.000	492.69	0.0020297	328.93	334.82	0.60873	2.8941	3.3881	378.84	0.032857	9.3451e-05	0.079066	liquid
596.00	29.000	491.41	0.0020350	332.31	338.21	0.61443	2.8972	3.3929	376.04	0.033837	9.2645e-05	0.078905	liquid
597.00	29.000	490.11	0.0020404	335.69	341.60	0.62012	2.9004	3.3977	373.24	0.034837	9.1843e-05	0.078744	liquid
598.00	29.000	488.81	0.0020458	339.07	345.00	0.62581	2.9035	3.4026	370.44	0.035858	9.1044e-05	0.078583	liquid
599.00	29.000	487.50	0.0020513	342.46	348.41	0.63150	2.9067	3.4074	367.64	0.036901	9.0248e-05	0.078423	liquid
600.00	29.000	486.19	0.0020568	345.85	351.82	0.63718	2.9098	3.4123	364.84	0.037965	8.9456e-05	0.078263	liquid
601.00	29.000	484.86	0.0020624	349.25	355.23	0.64287	2.9129	3.4173	362.04	0.039053	8.8666e-05	0.078104	liquid
602.00	29.000	483.53	0.0020681	352.66	358.65	0.64856	2.9161	3.4222	359.24	0.040163	8.7880e-05	0.077945	liquid
603.00	29.000	482.19	0.0020739	356.06	362.08	0.65424	2.9192	3.4272	356.43	0.041298	8.7097e-05	0.077786	liquid
604.00	29.000	480.84	0.0020797	359.48	365.51	0.65992	2.9224	3.4322	353.63	0.042458	8.6318e-05	0.077628	liquid
605.00	29.000	479.48	0.0020856	362.89	368.94	0.66561	2.9255	3.4373	350.82	0.043644	8.5541e-05	0.077470	liquid
606.00	29.000	478.11	0.0020916	366.32	372.38	0.67129	2.9286	3.4424	348.02	0.044856	8.4767e-05	0.077312	liquid
607.00	29.000	476.74	0.0020976	369.74	375.83	0.67697	2.9317	3.4475	345.21	0.046096	8.3996e-05	0.077155	liquid
608.00	29.000	475.35	0.0021037	373.18	379.28	0.68265	2.9349	3.4527	342.40	0.047364	8.3228e-05	0.076999	liquid
609.00	29.000	473.96	0.0021099	376.61	382.73	0.68832	2.9380	3.4579	339.59	0.048662	8.2464e-05	0.076842	liquid
610.00	29.000	472.55	0.0021162	380.06	386.19	0.69400	2.9411	3.4631	336.78	0.049990	8.1702e-05	0.076687	liquid
611.00	29.000	471.14	0.0021225	383.50	389.66	0.69968	2.9443	3.4684	333.97	0.051349	8.0943e-05	0.076531	liquid
612.00	29.000	469.72	0.0021289	386.96	393.13	0.70536	2.9474	3.4737	331.16	0.052741	8.0186e-05	0.076377	liquid
613.00	29.000	468.28	0.0021355	390.41	396.61	0.71103	2.9505	3.4791	328.34	0.054167	7.9433e-05	0.076222	liquid
614.00	29.000	466.84	0.0021421	393.88	400.09	0.71671	2.9536	3.4845	325.53	0.055627	7.8682e-05	0.076068	liquid
615.00	29.000	465.39	0.0021488	397.34	403.58	0.72238	2.9568	3.4899	322.71	0.057123	7.7934e-05	0.075915	liquid
616.00	29.000	463.92	0.0021555	400.82	407.07	0.72806	2.9599	3.4954	319.89	0.058657	7.7189e-05	0.075762	liquid
617.00	29.000	462.45	0.0021624	404.30	410.57	0.73373	2.9630	3.5010	317.07	0.060230	7.6447e-05	0.075610	liquid
618.00	29.000	460.96	0.0021694	407.78	414.07	0.73940	2.9661	3.5066	314.25	0.061842	7.5707e-05	0.075458	liquid
619.00	29.000	459.46	0.0021764	411.27	417.58	0.74508	2.9693	3.5123	311.43	0.063497	7.4969e-05	0.075307	liquid
620.00	29.000	457.96	0.0021836	414.76	421.09	0.75075	2.9724	3.5180	308.61	0.065195	7.4234e-05	0.075156	liquid
621.00	29.000	456.44	0.0021909	418.26	424.62	0.75643	2.9755	3.5238	305.78	0.066938	7.3502e-05	0.075006	liquid
622.00	29.000	454.90	0.0021983	421.77	428.14	0.76210	2.9786	3.5296	302.95	0.068727	7.2772e-05	0.074856	liquid
623.00	29.000	453.36	0.0022058	425.28	431.67	0.76778	2.9818	3.5355	300.12	0.070566	7.2045e-05	0.074707	liquid
624.00	29.000	451.80	0.0022134	428.79	435.21	0.77345	2.9849	3.5415	297.29	0.072455	7.1320e-05	0.074559	liquid
625.00	29.000	450.23	0.0022211	432.32	438.76	0.77913	2.9880	3.5475	294.45	0.074396	7.0597e-05	0.074411	liquid
626.00	29.000	448.65	0.0022289	435.84	442.31	0.78480	2.9911	3.5536	291.62	0.076393	6.9877e-05	0.074264	liquid
627.00	29.000	447.05	0.0022369	439.38	445.87	0.79048	2.9943	3.5598	288.78	0.078446	6.9159e-05	0.074117	liquid
628.00	29.000	445.44	0.0022450	442.92	449.43	0.79616	2.9974	3.5661	285.93	0.080559	6.8443e-05	0.073971	liquid
629.00	29.000	443.82	0.0022532	446.46	453.00	0.80184	3.0005	3.5724	283.09	0.082735	6.7730e-05	0.073826	liquid
630.00	29.000	442.18	0.0022615	450.01	456.57	0.80752	3.0037	3.5789	280.24	0.084975	6.7018e-05	0.073681	liquid
631.00	29.000	440.53	0.0022700	453.57	460.16	0.81320	3.0068	3.5854	277.39	0.087283	6.6309e-05	0.073537	liquid
632.00	29.000	438.86	0.0022786	457.14	463.74	0.81888	3.0100	3.5920	274.54	0.089661	6.5602e-05	0.073394	liquid
633.00	29.000	437.17	0.0022874	460.71	467.34	0.82457	3.0131	3.5987	271.68	0.092114	6.4897e-05	0.073252	liquid
634.00	29.000	435.48	0.0022963	464.28	470.94	0.83025	3.0162	3.6056	268.82	0.094644	6.4194e-05	0.073110	liquid
635.00	29.000	433.76	0.0023054	467.86	474.55	0.83594	3.0194	3.6125	265.96	0.097256	6.3493e-05	0.072969	liquid
636.00	29.000	432.03	0.0023147	471.45	478.17	0.84163	3.0225	3.6195	263.09	0.099952	6.2794e-05	0.072829	liquid
637.00	29.000	430.28	0.0023241	475.05	481.79	0.84732	3.0257	3.6267	260.22	0.10274	6.2096e-05	0.072690	liquid
638.00	29.000	428.51	0.0023337	478.65	485.42	0.85302	3.0289	3.6340	257.34	0.10562	6.1401e-05	0.072551	liquid
639.00	29.000	426.72	0.0023434	482.26	489.06	0.85871	3.0320	3.6414	254.46	0.10860	6.0707e-05	0.072414	liquid
640.00	29.000	424.92	0.0023534	485.88	492.70	0.86441	3.0352	3.6489	251.57	0.11168	6.0015e-05	0.072277	liquid
641.00	29.000	423.10	0.0023635	489.50	496.36	0.87012	3.0384	3.6566	248.68	0.11487	5.9325e-05	0.072141	liquid
642.00	29.000	421.25	0.0023739	493.13	500.02	0.87582	3.0415	3.6645	245.79	0.11817	5.8636e-05	0.072006	liquid
643.00	29.000	419.39	0.0023844	496.77	503.68	0.88153	3.0447	3.6725	242.89	0.12160	5.7949e-05	0.071872	liquid
644.00	29.000	417.51	0.0023952	500.42	507.36	0.88725	3.0479	3.6807	239.98	0.12515	5.7264e-05	0.071739	liquid
645.00	29.000	415.60	0.0024062	504.07	511.05	0.89296	3.0511	3.6891	237.07	0.12884	5.6579e-05	0.071607	liquid
646.00	29.000	413.67	0.0024174	507.73	514.74	0.89869	3.0543	3.6976	234.15	0.13267	5.5897e-05	0.071476	liquid
647.00	29.000	411.72	0.0024288	511.40	518.44	0.90441	3.0575	3.7064	231.22	0.13665	5.5215e-05	0.071346	liquid
648.00	29.000	409.75	0.0024405	515.07	522.15	0.91014	3.0607	3.7153	228.29	0.14079	5.4535e-05	0.071217	liquid
649.00	29.000	407.75	0.0024525	518.76	525.87	0.91588	3.0639	3.7245	225.35	0.14510	5.3856e-05	0.071089	liquid
650.00	29.000	405.72	0.0024648	522.45	529.60	0.92162	3.0672	3.7340	222.40	0.14959	5.3178e-05	0.070962	liquid
651.00	29.000	403.67	0.0024773	526.16	533.34	0.92737	3.0704	3.7437	219.44	0.15427	5.2501e-05	0.070837	liquid
652.00	29.000	401.59	0.0024901	529.87	537.09	0.93312	3.0737	3.7536	216.48	0.15915	5.1825e-05	0.070712	liquid
653.00	29.000	399.48	0.0025033	533.59	540.85	0.93888	3.0769	3.7639	213.51	0.16425	5.1150e-05	0.070589	liquid
654.00	29.000	397.34	0.0025167	537.32	544.62	0.94465	3.0802	3.7745	210.52	0.16957	5.0475e-05	0.070468	liquid
655.00	29.000	395.17	0.0025305	541.06	548.40	0.95043	3.0835	3.7854	207.53	0.17515	4.9801e-05	0.070347	liquid
656.00	29.000	392.97	0.0025447	544.81	552.19	0.95621	3.0868	3.7966	204.53	0.18098	4.9128e-05	0.070228	liquid
657.00	29.000	390.74	0.0025592	548.57	555.99	0.96200	3.0901	3.8083	201.52	0.18710	4.8455e-05	0.070111	liquid
658.00	29.000	388.47	0.0025742	552.34	559.80	0.96780	3.0934	3.8203	198.49	0.19352	4.7783e-05	0.069995	liquid
659.00	29.000	386.17	0.0025895	556.12	563.63	0.97361	3.0967	3.8327	195.46	0.20026	4.7111e-05	0.069881	supercritical
660.00	29.000	383.83	0.0026053	559.91	567.47	0.97943	3.1001	3.8457	192.41	0.20735	4.6439e-05	0.069768	supercritical
661.00	29.000	381.44	0.0026216	563.72	571.32	0.98527	3.1035	3.8591	189.35	0.21481	4.5767e-05	0.069657	supercritical
662.00	29.000	379.02	0.0026384	567.54	575.19	0.99111	3.1068	3.8730	186.28	0.22267	4.5094e-05	0.069548	supercritical
663.00	29.000	376.56	0.0026556	571.37	579.07	0.99697	3.1102	3.8876	183.20	0.23096	4.4422e-05	0.069441	supercritical
664.00	29.000	374.04	0.0026735	575.21	582.96	1.0028	3.1137	3.9027	180.11	0.23972	4.3749e-05	0.069335	supercritical
665.00	29.000	371.49	0.0026919	579.07	586.87	1.0087	3.1171	3.9185	177.00	0.24899	4.3075e-05	0.069232	supercritical
666.00	29.000	368.88	0.0027109	582.94	590.80	1.0146	3.1206	3.9351	173.88	0.25880	4.2401e-05	0.069131	supercritical
667.00	29.000	366.22	0.0027306	586.83	594.74	1.0205	3.1240	3.9524	170.75	0.26920	4.1726e-05	0.069032	supercritical
668.00	29.000	363.50	0.0027510	590.73	598.71	1.0265	3.1275	3.9705	167.60	0.28023	4.1050e-05	0.068936	supercritical
669.00	29.000	360.72	0.0027722	594.65	602.69	1.0324	3.1311	3.9895	164.45	0.29197	4.0373e-05	0.068842	supercritical
670.00	29.000	357.89	0.0027942	598.58	606.69	1.0384	3.1346	4.0095	161.28	0.30445	3.9694e-05	0.068751	supercritical
671.00	29.000	354.99	0.0028170	602.54	610.71	1.0444	3.1382	4.0306	158.11	0.31776	3.9014e-05	0.068662	supercritical
672.00	29.000	352.02	0.0028408	606.51	614.75	1.0504	3.1418	4.0527	154.92	0.33195	3.8331e-05	0.068577	supercritical
673.00	29.000	348.98	0.0028655	610.50	618.81	1.0565	3.1455	4.0761	151.73	0.34711	3.7648e-05	0.068495	supercritical
674.00	29.000	345.86	0.0028913	614.51	622.90	1.0625	3.1491	4.1008	148.54	0.36331	3.6962e-05	0.068416	supercritical
675.00	29.000	342.66	0.0029183	618.55	627.01	1.0686	3.1528	4.1269	145.34	0.38064	3.6274e-05	0.068341	supercritical
676.00	29.000	339.38	0.0029466	622.61	631.15	1.0748	3.1566	4.1544	142.14	0.39921	3.5583e-05	0.068270	supercritical
677.00	29.000	336.00	0.0029762	626.69	635.32	1.0809	3.1603	4.1835	138.96	0.41910	3.4891e-05	0.068203	supercritical
678.00	29.000	332.54	0.0030072	630.80	639.52	1.0871	3.1641	4.2143	135.78	0.44042	3.4196e-05	0.068140	supercritical
679.00	29.000	328.97	0.0030398	634.94	643.75	1.0934	3.1680	4.2468	132.62	0.46326	3.3499e-05	0.068082	supercritical
680.00	29.000	325.29	0.0030741	639.10	648.02	1.0996	3.1718	4.2810	129.49	0.48773	3.2799e-05	0.068029	supercritical
681.00	29.000	321.51	0.0031103	643.29	652.31	1.1059	3.1757	4.3171	126.39	0.51392	3.2098e-05	0.067980	supercritical
682.00	29.000	317.61	0.0031485	647.52	656.65	1.1123	3.1796	4.3548	123.33	0.54189	3.1395e-05	0.067936	supercritical
683.00	29.000	313.60	0.0031888	651.78	661.02	1.1187	3.1835	4.3943	120.34	0.57171	3.0691e-05	0.067898	supercritical
684.00	29.000	309.46	0.0032314	656.07	665.44	1.1252	3.1875	4.4352	117.41	0.60340	2.9988e-05	0.067865	supercritical
685.00	29.000	305.20	0.0032766	660.39	669.90	1.1317	3.1914	4.4773	114.57	0.63692	2.9284e-05	0.067836	supercritical
686.00	29.000	300.81	0.0033243	664.75	674.39	1.1382	3.1953	4.5202	111.82	0.67220	2.8583e-05	0.067812	supercritical
687.00	29.000	296.31	0.0033749	669.15	678.94	1.1449	3.1992	4.5634	109.20	0.70909	2.7886e-05	0.067792	supercritical
688.00	29.000	291.68	0.0034284	673.58	683.52	1.1515	3.2030	4.6062	106.72	0.74734	2.7194e-05	0.067774	supercritical
689.00	29.000	286.95	0.0034850	678.04	688.15	1.1583	3.2068	4.6477	104.39	0.78665	2.6510e-05	0.067759	supercritical
690.00	29.000	282.11	0.0035447	682.54	692.82	1.1650	3.2104	4.6871	102.23	0.82660	2.5836e-05	0.067744	supercritical
691.00	29.000	277.20	0.0036075	687.06	697.52	1.1718	3.2140	4.7233	100.26	0.86671	2.5175e-05	0.067727	supercritical
692.00	29.000	272.21	0.0036736	691.61	702.26	1.1787	3.2173	4.7552	98.491	0.90645	2.4530e-05	0.067708	supercritical
693.00	29.000	267.19	0.0037427	696.18	707.03	1.1856	3.2206	4.7819	96.925	0.94524	2.3903e-05	0.067683	supercritical
694.00	29.000	262.14	0.0038148	700.76	711.82	1.1925	3.2236	4.8025	95.568	0.98253	2.3298e-05	0.067652	supercritical
695.00	29.000	257.10	0.0038896	705.35	716.63	1.1994	3.2264	4.8164	94.421	1.0178	2.2717e-05	0.067613	supercritical
696.00	29.000	252.08	0.0039669	709.95	721.45	1.2063	3.2290	4.8232	93.479	1.0505	2.2161e-05	0.067564	supercritical
697.00	29.000	247.13	0.0040465	714.54	726.28	1.2133	3.2313	4.8228	92.735	1.0802	2.1633e-05	0.067506	supercritical
698.00	29.000	242.25	0.0041279	719.12	731.10	1.2202	3.2334	4.8153	92.179	1.1068	2.1134e-05	0.067437	supercritical
699.00	29.000	237.48	0.0042109	723.69	735.90	1.2271	3.2353	4.8011	91.798	1.1299	2.0665e-05	0.067359	supercritical
700.00	29.000	232.82	0.0042951	728.24	740.70	1.2339	3.2370	4.7809	91.579	1.1496	2.0224e-05	0.067271	supercritical
