Temperature (K)	Pressure (bar)	Density (kg/m3)	Volume (m3/kg)	Internal Energy (kJ/kg)	Enthalpy (kJ/kg)	Entropy (J/g*K)	Cv (J/g*K)	Cp (J/g*K)	Sound Spd. (m/s)	Joule-Thomson (K/bar)	Viscosity (Pa*s)	Therm. Cond. (W/m*K)	Phase
278.00	176.00	771.48	0.0012962	-542.38	-519.56	-1.4347	1.7559	2.1451	1459.5	-0.045373	0.0025295	0.14572	liquid
279.00	176.00	770.78	0.0012974	-540.25	-517.42	-1.4270	1.7593	2.1479	1455.5	-0.045305	0.0024718	0.14549	liquid
280.00	176.00	770.09	0.0012985	-538.12	-515.27	-1.4193	1.7627	2.1506	1451.5	-0.045237	0.0024162	0.14526	liquid
281.00	176.00	769.41	0.0012997	-535.99	-513.12	-1.4117	1.7661	2.1534	1447.6	-0.045168	0.0023626	0.14503	liquid
282.00	176.00	768.72	0.0013009	-533.86	-510.96	-1.4040	1.7695	2.1562	1443.6	-0.045099	0.0023108	0.14480	liquid
283.00	176.00	768.03	0.0013020	-531.72	-508.80	-1.3964	1.7729	2.1590	1439.7	-0.045029	0.0022609	0.14457	liquid
284.00	176.00	767.34	0.0013032	-529.58	-506.64	-1.3888	1.7764	2.1618	1435.8	-0.044959	0.0022126	0.14434	liquid
285.00	176.00	766.66	0.0013044	-527.44	-504.48	-1.3812	1.7798	2.1647	1431.9	-0.044888	0.0021660	0.14411	liquid
286.00	176.00	765.97	0.0013055	-525.29	-502.31	-1.3736	1.7833	2.1675	1428.0	-0.044817	0.0021210	0.14389	liquid
287.00	176.00	765.28	0.0013067	-523.14	-500.14	-1.3660	1.7868	2.1704	1424.2	-0.044745	0.0020774	0.14366	liquid
288.00	176.00	764.60	0.0013079	-520.99	-497.97	-1.3584	1.7902	2.1733	1420.3	-0.044672	0.0020352	0.14343	liquid
289.00	176.00	763.92	0.0013090	-518.84	-495.80	-1.3509	1.7937	2.1762	1416.5	-0.044600	0.0019944	0.14321	liquid
290.00	176.00	763.23	0.0013102	-516.68	-493.62	-1.3434	1.7973	2.1792	1412.6	-0.044527	0.0019549	0.14299	liquid
291.00	176.00	762.55	0.0013114	-514.52	-491.44	-1.3359	1.8008	2.1822	1408.8	-0.044453	0.0019167	0.14276	liquid
292.00	176.00	761.87	0.0013126	-512.36	-489.26	-1.3284	1.8043	2.1851	1405.0	-0.044379	0.0018796	0.14254	liquid
293.00	176.00	761.19	0.0013137	-510.19	-487.07	-1.3209	1.8079	2.1881	1401.3	-0.044304	0.0018437	0.14232	liquid
294.00	176.00	760.51	0.0013149	-508.02	-484.88	-1.3134	1.8114	2.1912	1397.5	-0.044230	0.0018089	0.14210	liquid
295.00	176.00	759.83	0.0013161	-505.85	-482.69	-1.3060	1.8150	2.1942	1393.7	-0.044154	0.0017751	0.14188	liquid
296.00	176.00	759.15	0.0013173	-503.67	-480.49	-1.2986	1.8185	2.1972	1390.0	-0.044079	0.0017423	0.14165	liquid
297.00	176.00	758.47	0.0013184	-501.50	-478.29	-1.2912	1.8221	2.2003	1386.3	-0.044003	0.0017105	0.14144	liquid
298.00	176.00	757.79	0.0013196	-499.32	-476.09	-1.2838	1.8257	2.2034	1382.6	-0.043926	0.0016796	0.14122	liquid
299.00	176.00	757.11	0.0013208	-497.13	-473.89	-1.2764	1.8293	2.2065	1378.9	-0.043849	0.0016496	0.14100	liquid
300.00	176.00	756.44	0.0013220	-494.94	-471.68	-1.2690	1.8329	2.2096	1375.2	-0.043772	0.0016204	0.14078	liquid
301.00	176.00	755.76	0.0013232	-492.75	-469.47	-1.2616	1.8365	2.2127	1371.5	-0.043695	0.0015921	0.14056	liquid
302.00	176.00	755.08	0.0013244	-490.56	-467.25	-1.2543	1.8402	2.2159	1367.8	-0.043617	0.0015646	0.14035	liquid
303.00	176.00	754.41	0.0013255	-488.36	-465.03	-1.2470	1.8438	2.2190	1364.2	-0.043539	0.0015378	0.14013	liquid
304.00	176.00	753.73	0.0013267	-486.16	-462.81	-1.2396	1.8475	2.2222	1360.6	-0.043460	0.0015118	0.13992	liquid
305.00	176.00	753.06	0.0013279	-483.96	-460.59	-1.2323	1.8511	2.2254	1356.9	-0.043381	0.0014865	0.13970	liquid
306.00	176.00	752.39	0.0013291	-481.76	-458.36	-1.2251	1.8548	2.2286	1353.3	-0.043302	0.0014618	0.13949	liquid
307.00	176.00	751.71	0.0013303	-479.55	-456.13	-1.2178	1.8584	2.2318	1349.7	-0.043222	0.0014378	0.13927	liquid
308.00	176.00	751.04	0.0013315	-477.33	-453.90	-1.2105	1.8621	2.2350	1346.1	-0.043143	0.0014145	0.13906	liquid
309.00	176.00	750.37	0.0013327	-475.12	-451.66	-1.2033	1.8658	2.2383	1342.6	-0.043062	0.0013917	0.13885	liquid
310.00	176.00	749.70	0.0013339	-472.90	-449.42	-1.1960	1.8695	2.2415	1339.0	-0.042982	0.0013696	0.13864	liquid
311.00	176.00	749.02	0.0013351	-470.68	-447.18	-1.1888	1.8732	2.2448	1335.5	-0.042901	0.0013480	0.13843	liquid
312.00	176.00	748.35	0.0013363	-468.45	-444.93	-1.1816	1.8769	2.2481	1331.9	-0.042820	0.0013269	0.13821	liquid
313.00	176.00	747.68	0.0013375	-466.22	-442.68	-1.1744	1.8806	2.2514	1328.4	-0.042739	0.0013064	0.13800	liquid
314.00	176.00	747.01	0.0013387	-463.99	-440.43	-1.1672	1.8843	2.2547	1324.9	-0.042657	0.0012864	0.13780	liquid
315.00	176.00	746.34	0.0013399	-461.76	-438.17	-1.1600	1.8881	2.2580	1321.4	-0.042576	0.0012669	0.13759	liquid
316.00	176.00	745.67	0.0013411	-459.52	-435.91	-1.1529	1.8918	2.2613	1317.9	-0.042494	0.0012479	0.13738	liquid
317.00	176.00	745.01	0.0013423	-457.28	-433.65	-1.1457	1.8955	2.2646	1314.4	-0.042411	0.0012293	0.13717	liquid
318.00	176.00	744.34	0.0013435	-455.03	-431.39	-1.1386	1.8993	2.2680	1310.9	-0.042329	0.0012112	0.13696	liquid
319.00	176.00	743.67	0.0013447	-452.78	-429.12	-1.1315	1.9030	2.2714	1307.5	-0.042246	0.0011935	0.13676	liquid
320.00	176.00	743.00	0.0013459	-450.53	-426.84	-1.1243	1.9068	2.2747	1304.0	-0.042163	0.0011762	0.13655	liquid
321.00	176.00	742.33	0.0013471	-448.28	-424.57	-1.1172	1.9106	2.2781	1300.6	-0.042079	0.0011594	0.13634	liquid
322.00	176.00	741.67	0.0013483	-446.02	-422.29	-1.1101	1.9143	2.2815	1297.2	-0.041996	0.0011429	0.13614	liquid
323.00	176.00	741.00	0.0013495	-443.75	-420.00	-1.1031	1.9181	2.2849	1293.8	-0.041912	0.0011268	0.13593	liquid
324.00	176.00	740.34	0.0013507	-441.49	-417.72	-1.0960	1.9219	2.2883	1290.4	-0.041828	0.0011111	0.13573	liquid
325.00	176.00	739.67	0.0013520	-439.22	-415.43	-1.0889	1.9257	2.2917	1287.0	-0.041744	0.0010957	0.13553	liquid
326.00	176.00	739.00	0.0013532	-436.95	-413.13	-1.0819	1.9294	2.2952	1283.6	-0.041659	0.0010807	0.13532	liquid
327.00	176.00	738.34	0.0013544	-434.67	-410.84	-1.0749	1.9332	2.2986	1280.2	-0.041575	0.0010660	0.13512	liquid
328.00	176.00	737.68	0.0013556	-432.39	-408.54	-1.0678	1.9370	2.3021	1276.9	-0.041490	0.0010517	0.13492	liquid
329.00	176.00	737.01	0.0013568	-430.11	-406.23	-1.0608	1.9408	2.3055	1273.5	-0.041405	0.0010376	0.13472	liquid
330.00	176.00	736.35	0.0013581	-427.83	-403.92	-1.0538	1.9446	2.3090	1270.2	-0.041320	0.0010239	0.13451	liquid
331.00	176.00	735.68	0.0013593	-425.54	-401.61	-1.0468	1.9485	2.3125	1266.8	-0.041234	0.0010104	0.13431	liquid
332.00	176.00	735.02	0.0013605	-423.24	-399.30	-1.0398	1.9523	2.3160	1263.5	-0.041148	0.00099726	0.13411	liquid
333.00	176.00	734.36	0.0013617	-420.95	-396.98	-1.0329	1.9561	2.3195	1260.2	-0.041063	0.00098438	0.13391	liquid
334.00	176.00	733.69	0.0013630	-418.65	-394.66	-1.0259	1.9599	2.3230	1256.9	-0.040977	0.00097177	0.13372	liquid
335.00	176.00	733.03	0.0013642	-416.35	-392.34	-1.0190	1.9637	2.3265	1253.6	-0.040890	0.00095943	0.13352	liquid
336.00	176.00	732.37	0.0013654	-414.04	-390.01	-1.0120	1.9676	2.3300	1250.3	-0.040804	0.00094734	0.13332	liquid
337.00	176.00	731.71	0.0013667	-411.73	-387.68	-1.0051	1.9714	2.3335	1247.1	-0.040718	0.00093551	0.13312	liquid
338.00	176.00	731.05	0.0013679	-409.42	-385.34	-0.99818	1.9752	2.3371	1243.8	-0.040631	0.00092391	0.13292	liquid
339.00	176.00	730.39	0.0013691	-407.10	-383.00	-0.99127	1.9791	2.3406	1240.6	-0.040544	0.00091255	0.13273	liquid
340.00	176.00	729.72	0.0013704	-404.78	-380.66	-0.98437	1.9829	2.3441	1237.3	-0.040457	0.00090142	0.13253	liquid
341.00	176.00	729.06	0.0013716	-402.45	-378.31	-0.97748	1.9868	2.3477	1234.1	-0.040370	0.00089051	0.13233	liquid
342.00	176.00	728.40	0.0013729	-400.13	-375.96	-0.97060	1.9906	2.3513	1230.9	-0.040282	0.00087981	0.13214	liquid
343.00	176.00	727.74	0.0013741	-397.80	-373.61	-0.96373	1.9945	2.3548	1227.7	-0.040195	0.00086933	0.13194	liquid
344.00	176.00	727.08	0.0013754	-395.46	-371.25	-0.95687	1.9983	2.3584	1224.5	-0.040107	0.00085905	0.13175	liquid
345.00	176.00	726.42	0.0013766	-393.12	-368.89	-0.95002	2.0022	2.3620	1221.3	-0.040019	0.00084897	0.13155	liquid
346.00	176.00	725.76	0.0013779	-390.78	-366.53	-0.94318	2.0060	2.3656	1218.1	-0.039931	0.00083909	0.13136	liquid
347.00	176.00	725.10	0.0013791	-388.44	-364.16	-0.93635	2.0099	2.3692	1214.9	-0.039843	0.00082939	0.13117	liquid
348.00	176.00	724.44	0.0013804	-386.09	-361.79	-0.92952	2.0138	2.3728	1211.8	-0.039755	0.00081988	0.13097	liquid
349.00	176.00	723.78	0.0013816	-383.73	-359.42	-0.92271	2.0176	2.3764	1208.6	-0.039667	0.00081054	0.13078	liquid
350.00	176.00	723.13	0.0013829	-381.38	-357.04	-0.91590	2.0215	2.3800	1205.5	-0.039578	0.00080138	0.13059	liquid
351.00	176.00	722.47	0.0013841	-379.02	-354.66	-0.90911	2.0254	2.3836	1202.3	-0.039490	0.00079239	0.13040	liquid
352.00	176.00	721.81	0.0013854	-376.66	-352.27	-0.90232	2.0292	2.3872	1199.2	-0.039401	0.00078357	0.13021	liquid
353.00	176.00	721.15	0.0013867	-374.29	-349.88	-0.89555	2.0331	2.3909	1196.1	-0.039312	0.00077490	0.13002	liquid
354.00	176.00	720.49	0.0013879	-371.92	-347.49	-0.88878	2.0370	2.3945	1193.0	-0.039223	0.00076640	0.12983	liquid
355.00	176.00	719.83	0.0013892	-369.54	-345.09	-0.88202	2.0408	2.3981	1189.9	-0.039134	0.00075805	0.12964	liquid
356.00	176.00	719.18	0.0013905	-367.17	-342.69	-0.87527	2.0447	2.4018	1186.8	-0.039044	0.00074984	0.12945	liquid
357.00	176.00	718.52	0.0013918	-364.79	-340.29	-0.86852	2.0486	2.4054	1183.7	-0.038955	0.00074179	0.12926	liquid
358.00	176.00	717.86	0.0013930	-362.40	-337.88	-0.86179	2.0525	2.4091	1180.6	-0.038865	0.00073387	0.12907	liquid
359.00	176.00	717.20	0.0013943	-360.01	-335.47	-0.85507	2.0563	2.4127	1177.5	-0.038776	0.00072609	0.12888	liquid
360.00	176.00	716.55	0.0013956	-357.62	-333.06	-0.84835	2.0602	2.4164	1174.5	-0.038686	0.00071845	0.12869	liquid
361.00	176.00	715.89	0.0013969	-355.22	-330.64	-0.84164	2.0641	2.4200	1171.4	-0.038596	0.00071094	0.12851	liquid
362.00	176.00	715.23	0.0013981	-352.83	-328.22	-0.83494	2.0680	2.4237	1168.4	-0.038506	0.00070356	0.12832	liquid
363.00	176.00	714.58	0.0013994	-350.42	-325.79	-0.82825	2.0719	2.4274	1165.4	-0.038416	0.00069631	0.12813	liquid
364.00	176.00	713.92	0.0014007	-348.02	-323.36	-0.82157	2.0758	2.4311	1162.3	-0.038326	0.00068918	0.12795	liquid
365.00	176.00	713.26	0.0014020	-345.61	-320.93	-0.81489	2.0796	2.4347	1159.3	-0.038235	0.00068216	0.12776	liquid
366.00	176.00	712.61	0.0014033	-343.19	-318.49	-0.80823	2.0835	2.4384	1156.3	-0.038145	0.00067527	0.12757	liquid
367.00	176.00	711.95	0.0014046	-340.77	-316.05	-0.80157	2.0874	2.4421	1153.3	-0.038054	0.00066849	0.12739	liquid
368.00	176.00	711.29	0.0014059	-338.35	-313.61	-0.79492	2.0913	2.4458	1150.3	-0.037964	0.00066182	0.12720	liquid
369.00	176.00	710.64	0.0014072	-335.93	-311.16	-0.78828	2.0952	2.4495	1147.3	-0.037873	0.00065526	0.12702	liquid
370.00	176.00	709.98	0.0014085	-333.50	-308.71	-0.78164	2.0991	2.4532	1144.4	-0.037782	0.00064880	0.12684	liquid
371.00	176.00	709.32	0.0014098	-331.07	-306.26	-0.77502	2.1029	2.4569	1141.4	-0.037691	0.00064245	0.12665	liquid
372.00	176.00	708.67	0.0014111	-328.63	-303.80	-0.76840	2.1068	2.4606	1138.4	-0.037600	0.00063621	0.12647	liquid
373.00	176.00	708.01	0.0014124	-326.19	-301.33	-0.76179	2.1107	2.4643	1135.5	-0.037509	0.00063006	0.12629	liquid
374.00	176.00	707.36	0.0014137	-323.75	-298.87	-0.75518	2.1146	2.4680	1132.5	-0.037417	0.00062401	0.12610	liquid
375.00	176.00	706.70	0.0014150	-321.30	-296.40	-0.74859	2.1185	2.4717	1129.6	-0.037326	0.00061805	0.12592	liquid
376.00	176.00	706.04	0.0014163	-318.85	-293.93	-0.74200	2.1223	2.4754	1126.7	-0.037234	0.00061219	0.12574	liquid
377.00	176.00	705.39	0.0014177	-316.40	-291.45	-0.73542	2.1262	2.4791	1123.7	-0.037143	0.00060642	0.12556	liquid
378.00	176.00	704.73	0.0014190	-313.94	-288.97	-0.72885	2.1301	2.4828	1120.8	-0.037051	0.00060073	0.12538	liquid
379.00	176.00	704.08	0.0014203	-311.48	-286.48	-0.72229	2.1340	2.4865	1117.9	-0.036959	0.00059514	0.12520	liquid
380.00	176.00	703.42	0.0014216	-309.01	-283.99	-0.71573	2.1379	2.4903	1115.0	-0.036867	0.00058963	0.12502	liquid
381.00	176.00	702.77	0.0014229	-306.55	-281.50	-0.70918	2.1417	2.4940	1112.1	-0.036775	0.00058420	0.12484	liquid
382.00	176.00	702.11	0.0014243	-304.07	-279.01	-0.70264	2.1456	2.4977	1109.3	-0.036683	0.00057885	0.12466	liquid
383.00	176.00	701.45	0.0014256	-301.60	-276.51	-0.69610	2.1495	2.5014	1106.4	-0.036591	0.00057358	0.12448	liquid
384.00	176.00	700.80	0.0014269	-299.12	-274.00	-0.68957	2.1534	2.5051	1103.5	-0.036499	0.00056840	0.12430	liquid
385.00	176.00	700.14	0.0014283	-296.63	-271.50	-0.68305	2.1572	2.5089	1100.7	-0.036406	0.00056328	0.12412	liquid
386.00	176.00	699.49	0.0014296	-294.15	-268.99	-0.67654	2.1611	2.5126	1097.8	-0.036314	0.00055825	0.12395	liquid
387.00	176.00	698.83	0.0014310	-291.66	-266.47	-0.67004	2.1650	2.5163	1095.0	-0.036221	0.00055328	0.12377	liquid
388.00	176.00	698.18	0.0014323	-289.16	-263.95	-0.66354	2.1689	2.5201	1092.1	-0.036128	0.00054839	0.12359	liquid
389.00	176.00	697.52	0.0014336	-286.66	-261.43	-0.65705	2.1727	2.5238	1089.3	-0.036036	0.00054357	0.12341	liquid
390.00	176.00	696.87	0.0014350	-284.16	-258.91	-0.65056	2.1766	2.5275	1086.5	-0.035943	0.00053881	0.12324	liquid
391.00	176.00	696.21	0.0014363	-281.66	-256.38	-0.64408	2.1805	2.5312	1083.6	-0.035850	0.00053413	0.12306	liquid
392.00	176.00	695.55	0.0014377	-279.15	-253.84	-0.63761	2.1843	2.5350	1080.8	-0.035757	0.00052951	0.12289	liquid
393.00	176.00	694.90	0.0014391	-276.63	-251.31	-0.63115	2.1882	2.5387	1078.0	-0.035663	0.00052495	0.12271	liquid
394.00	176.00	694.24	0.0014404	-274.12	-248.77	-0.62469	2.1920	2.5424	1075.2	-0.035570	0.00052046	0.12253	liquid
395.00	176.00	693.59	0.0014418	-271.60	-246.22	-0.61824	2.1959	2.5462	1072.4	-0.035477	0.00051603	0.12236	liquid
396.00	176.00	692.93	0.0014431	-269.07	-243.67	-0.61180	2.1998	2.5499	1069.7	-0.035383	0.00051166	0.12219	liquid
397.00	176.00	692.28	0.0014445	-266.54	-241.12	-0.60537	2.2036	2.5537	1066.9	-0.035290	0.00050735	0.12201	liquid
398.00	176.00	691.62	0.0014459	-264.01	-238.57	-0.59894	2.2075	2.5574	1064.1	-0.035196	0.00050310	0.12184	liquid
399.00	176.00	690.96	0.0014473	-261.48	-236.01	-0.59252	2.2113	2.5611	1061.4	-0.035102	0.00049890	0.12166	liquid
400.00	176.00	690.31	0.0014486	-258.94	-233.44	-0.58610	2.2152	2.5649	1058.6	-0.035008	0.00049477	0.12149	liquid
401.00	176.00	689.65	0.0014500	-256.40	-230.88	-0.57969	2.2190	2.5686	1055.8	-0.034914	0.00049068	0.12132	liquid
402.00	176.00	689.00	0.0014514	-253.85	-228.31	-0.57329	2.2229	2.5723	1053.1	-0.034820	0.00048666	0.12115	liquid
403.00	176.00	688.34	0.0014528	-251.30	-225.73	-0.56689	2.2267	2.5761	1050.4	-0.034726	0.00048268	0.12097	liquid
404.00	176.00	687.68	0.0014542	-248.75	-223.15	-0.56050	2.2305	2.5798	1047.6	-0.034632	0.00047876	0.12080	liquid
405.00	176.00	687.03	0.0014555	-246.19	-220.57	-0.55412	2.2344	2.5835	1044.9	-0.034537	0.00047488	0.12063	liquid
406.00	176.00	686.37	0.0014569	-243.63	-217.99	-0.54775	2.2382	2.5873	1042.2	-0.034443	0.00047106	0.12046	liquid
407.00	176.00	685.71	0.0014583	-241.06	-215.40	-0.54138	2.2420	2.5910	1039.5	-0.034348	0.00046729	0.12029	liquid
408.00	176.00	685.06	0.0014597	-238.50	-212.80	-0.53501	2.2459	2.5947	1036.8	-0.034254	0.00046356	0.12012	liquid
409.00	176.00	684.40	0.0014611	-235.92	-210.21	-0.52866	2.2497	2.5985	1034.1	-0.034159	0.00045989	0.11995	liquid
410.00	176.00	683.74	0.0014625	-233.35	-207.61	-0.52231	2.2535	2.6022	1031.4	-0.034064	0.00045625	0.11978	liquid
411.00	176.00	683.09	0.0014639	-230.77	-205.00	-0.51596	2.2573	2.6059	1028.7	-0.033969	0.00045267	0.11961	liquid
412.00	176.00	682.43	0.0014654	-228.19	-202.40	-0.50963	2.2612	2.6097	1026.1	-0.033874	0.00044913	0.11944	liquid
413.00	176.00	681.77	0.0014668	-225.60	-199.78	-0.50330	2.2650	2.6134	1023.4	-0.033779	0.00044563	0.11927	liquid
414.00	176.00	681.11	0.0014682	-223.01	-197.17	-0.49697	2.2688	2.6171	1020.7	-0.033683	0.00044218	0.11910	liquid
415.00	176.00	680.46	0.0014696	-220.42	-194.55	-0.49065	2.2726	2.6208	1018.1	-0.033588	0.00043876	0.11893	liquid
416.00	176.00	679.80	0.0014710	-217.82	-191.93	-0.48434	2.2764	2.6246	1015.4	-0.033492	0.00043539	0.11877	liquid
417.00	176.00	679.14	0.0014724	-215.22	-189.30	-0.47803	2.2802	2.6283	1012.8	-0.033397	0.00043206	0.11860	liquid
418.00	176.00	678.48	0.0014739	-212.61	-186.67	-0.47173	2.2840	2.6320	1010.1	-0.033301	0.00042877	0.11843	liquid
419.00	176.00	677.83	0.0014753	-210.00	-184.04	-0.46544	2.2878	2.6357	1007.5	-0.033205	0.00042552	0.11826	liquid
420.00	176.00	677.17	0.0014767	-207.39	-181.40	-0.45915	2.2916	2.6395	1004.9	-0.033109	0.00042231	0.11810	liquid
421.00	176.00	676.51	0.0014782	-204.77	-178.76	-0.45287	2.2954	2.6432	1002.3	-0.033013	0.00041914	0.11793	liquid
422.00	176.00	675.85	0.0014796	-202.15	-176.11	-0.44660	2.2992	2.6469	999.67	-0.032917	0.00041600	0.11776	liquid
423.00	176.00	675.19	0.0014811	-199.53	-173.46	-0.44033	2.3030	2.6506	997.06	-0.032821	0.00041290	0.11760	liquid
424.00	176.00	674.53	0.0014825	-196.90	-170.81	-0.43406	2.3067	2.6543	994.46	-0.032724	0.00040984	0.11743	liquid
425.00	176.00	673.87	0.0014840	-194.27	-168.16	-0.42781	2.3105	2.6580	991.87	-0.032628	0.00040681	0.11727	liquid
426.00	176.00	673.22	0.0014854	-191.64	-165.50	-0.42156	2.3143	2.6617	989.28	-0.032531	0.00040382	0.11710	liquid
427.00	176.00	672.56	0.0014869	-189.00	-162.83	-0.41531	2.3181	2.6655	986.70	-0.032434	0.00040086	0.11694	liquid
428.00	176.00	671.90	0.0014883	-186.36	-160.16	-0.40907	2.3218	2.6692	984.13	-0.032337	0.00039794	0.11677	liquid
429.00	176.00	671.24	0.0014898	-183.71	-157.49	-0.40284	2.3256	2.6729	981.56	-0.032240	0.00039504	0.11661	liquid
430.00	176.00	670.58	0.0014913	-181.07	-154.82	-0.39661	2.3294	2.6766	979.00	-0.032143	0.00039218	0.11645	liquid
431.00	176.00	669.92	0.0014927	-178.41	-152.14	-0.39039	2.3331	2.6803	976.44	-0.032046	0.00038936	0.11628	liquid
432.00	176.00	669.26	0.0014942	-175.76	-149.46	-0.38417	2.3369	2.6840	973.89	-0.031949	0.00038656	0.11612	liquid
433.00	176.00	668.60	0.0014957	-173.10	-146.77	-0.37796	2.3406	2.6877	971.34	-0.031851	0.00038380	0.11596	liquid
434.00	176.00	667.94	0.0014971	-170.43	-144.08	-0.37176	2.3444	2.6914	968.81	-0.031753	0.00038106	0.11580	liquid
435.00	176.00	667.28	0.0014986	-167.77	-141.39	-0.36556	2.3481	2.6951	966.27	-0.031656	0.00037836	0.11563	liquid
436.00	176.00	666.62	0.0015001	-165.10	-138.69	-0.35937	2.3518	2.6987	963.75	-0.031558	0.00037568	0.11547	liquid
437.00	176.00	665.96	0.0015016	-162.42	-135.99	-0.35318	2.3556	2.7024	961.23	-0.031460	0.00037303	0.11531	liquid
438.00	176.00	665.29	0.0015031	-159.74	-133.29	-0.34700	2.3593	2.7061	958.71	-0.031362	0.00037042	0.11515	liquid
439.00	176.00	664.63	0.0015046	-157.06	-130.58	-0.34082	2.3630	2.7098	956.20	-0.031263	0.00036783	0.11499	liquid
440.00	176.00	663.97	0.0015061	-154.38	-127.87	-0.33465	2.3668	2.7135	953.70	-0.031165	0.00036526	0.11483	liquid
441.00	176.00	663.31	0.0015076	-151.69	-125.15	-0.32849	2.3705	2.7171	951.20	-0.031066	0.00036273	0.11467	liquid
442.00	176.00	662.65	0.0015091	-148.99	-122.43	-0.32233	2.3742	2.7208	948.71	-0.030968	0.00036022	0.11451	liquid
443.00	176.00	661.98	0.0015106	-146.30	-119.71	-0.31618	2.3779	2.7245	946.23	-0.030869	0.00035774	0.11435	liquid
444.00	176.00	661.32	0.0015121	-143.60	-116.99	-0.31003	2.3816	2.7282	943.75	-0.030770	0.00035528	0.11419	liquid
445.00	176.00	660.66	0.0015136	-140.90	-114.26	-0.30389	2.3853	2.7318	941.27	-0.030671	0.00035285	0.11403	liquid
446.00	176.00	660.00	0.0015152	-138.19	-111.52	-0.29775	2.3890	2.7355	938.80	-0.030572	0.00035045	0.11387	liquid
447.00	176.00	659.33	0.0015167	-135.48	-108.78	-0.29162	2.3927	2.7391	936.34	-0.030472	0.00034806	0.11371	liquid
448.00	176.00	658.67	0.0015182	-132.76	-106.04	-0.28550	2.3964	2.7428	933.88	-0.030373	0.00034571	0.11356	liquid
449.00	176.00	658.01	0.0015197	-130.05	-103.30	-0.27938	2.4001	2.7464	931.43	-0.030273	0.00034337	0.11340	liquid
450.00	176.00	657.34	0.0015213	-127.33	-100.55	-0.27326	2.4038	2.7501	928.99	-0.030173	0.00034106	0.11324	liquid
451.00	176.00	656.68	0.0015228	-124.60	-97.799	-0.26716	2.4074	2.7537	926.55	-0.030073	0.00033878	0.11308	liquid
452.00	176.00	656.01	0.0015244	-121.87	-95.043	-0.26105	2.4111	2.7574	924.11	-0.029973	0.00033652	0.11293	liquid
453.00	176.00	655.35	0.0015259	-119.14	-92.284	-0.25495	2.4148	2.7610	921.69	-0.029873	0.00033427	0.11277	liquid
454.00	176.00	654.68	0.0015275	-116.40	-89.521	-0.24886	2.4185	2.7647	919.26	-0.029773	0.00033206	0.11261	liquid
455.00	176.00	654.02	0.0015290	-113.67	-86.755	-0.24278	2.4221	2.7683	916.85	-0.029672	0.00032986	0.11246	liquid
456.00	176.00	653.35	0.0015306	-110.92	-83.985	-0.23669	2.4258	2.7719	914.43	-0.029572	0.00032768	0.11230	liquid
457.00	176.00	652.69	0.0015321	-108.18	-81.211	-0.23062	2.4294	2.7756	912.03	-0.029471	0.00032553	0.11215	liquid
458.00	176.00	652.02	0.0015337	-105.43	-78.433	-0.22455	2.4331	2.7792	909.63	-0.029370	0.00032340	0.11199	liquid
459.00	176.00	651.36	0.0015353	-102.67	-75.652	-0.21848	2.4367	2.7828	907.23	-0.029269	0.00032128	0.11184	liquid
460.00	176.00	650.69	0.0015368	-99.916	-72.868	-0.21242	2.4403	2.7864	904.84	-0.029167	0.00031919	0.11168	liquid
461.00	176.00	650.02	0.0015384	-97.156	-70.080	-0.20637	2.4440	2.7900	902.46	-0.029066	0.00031712	0.11153	liquid
462.00	176.00	649.36	0.0015400	-94.392	-67.288	-0.20032	2.4476	2.7936	900.08	-0.028964	0.00031507	0.11137	liquid
463.00	176.00	648.69	0.0015416	-91.624	-64.492	-0.19427	2.4512	2.7972	897.71	-0.028862	0.00031303	0.11122	liquid
464.00	176.00	648.02	0.0015432	-88.853	-61.693	-0.18823	2.4548	2.8008	895.34	-0.028760	0.00031102	0.11107	liquid
465.00	176.00	647.35	0.0015447	-86.078	-58.891	-0.18220	2.4585	2.8044	892.98	-0.028658	0.00030902	0.11091	liquid
466.00	176.00	646.69	0.0015463	-83.300	-56.085	-0.17617	2.4621	2.8080	890.63	-0.028556	0.00030705	0.11076	liquid
467.00	176.00	646.02	0.0015479	-80.519	-53.275	-0.17015	2.4657	2.8116	888.28	-0.028453	0.00030509	0.11061	liquid
468.00	176.00	645.35	0.0015495	-77.733	-50.461	-0.16413	2.4693	2.8152	885.93	-0.028351	0.00030315	0.11046	liquid
469.00	176.00	644.68	0.0015512	-74.945	-47.644	-0.15812	2.4729	2.8188	883.59	-0.028248	0.00030123	0.11031	liquid
470.00	176.00	644.01	0.0015528	-72.152	-44.824	-0.15211	2.4765	2.8224	881.26	-0.028145	0.00029932	0.11015	liquid
471.00	176.00	643.34	0.0015544	-69.357	-42.000	-0.14611	2.4801	2.8259	878.93	-0.028042	0.00029743	0.11000	liquid
472.00	176.00	642.67	0.0015560	-66.558	-39.172	-0.14011	2.4836	2.8295	876.61	-0.027938	0.00029556	0.10985	liquid
473.00	176.00	642.00	0.0015576	-63.755	-36.341	-0.13412	2.4872	2.8331	874.29	-0.027835	0.00029371	0.10970	liquid
474.00	176.00	641.33	0.0015593	-60.949	-33.506	-0.12813	2.4908	2.8366	871.98	-0.027731	0.00029187	0.10955	liquid
475.00	176.00	640.66	0.0015609	-58.139	-30.667	-0.12215	2.4944	2.8402	869.67	-0.027627	0.00029005	0.10940	liquid
476.00	176.00	639.99	0.0015625	-55.326	-27.825	-0.11617	2.4979	2.8437	867.37	-0.027523	0.00028825	0.10925	liquid
477.00	176.00	639.32	0.0015642	-52.509	-24.980	-0.11020	2.5015	2.8473	865.07	-0.027419	0.00028646	0.10910	liquid
478.00	176.00	638.65	0.0015658	-49.689	-22.131	-0.10424	2.5050	2.8508	862.78	-0.027314	0.00028469	0.10895	liquid
479.00	176.00	637.98	0.0015675	-46.866	-19.278	-0.098274	2.5086	2.8544	860.49	-0.027210	0.00028293	0.10880	liquid
480.00	176.00	637.30	0.0015691	-44.038	-16.422	-0.092317	2.5121	2.8579	858.21	-0.027105	0.00028119	0.10866	liquid
481.00	176.00	636.63	0.0015708	-41.208	-13.563	-0.086366	2.5157	2.8614	855.94	-0.027000	0.00027946	0.10851	liquid
482.00	176.00	635.96	0.0015724	-38.374	-10.699	-0.080420	2.5192	2.8649	853.67	-0.026895	0.00027775	0.10836	liquid
483.00	176.00	635.29	0.0015741	-35.537	-7.8326	-0.074478	2.5227	2.8685	851.41	-0.026789	0.00027605	0.10821	liquid
484.00	176.00	634.61	0.0015758	-32.696	-4.9624	-0.068542	2.5262	2.8720	849.15	-0.026684	0.00027437	0.10806	liquid
485.00	176.00	633.94	0.0015774	-29.852	-2.0886	-0.062611	2.5298	2.8755	846.89	-0.026578	0.00027270	0.10792	liquid
486.00	176.00	633.27	0.0015791	-27.004	0.78861	-0.056684	2.5333	2.8790	844.65	-0.026472	0.00027105	0.10777	liquid
487.00	176.00	632.59	0.0015808	-24.153	3.6694	-0.050763	2.5368	2.8825	842.40	-0.026366	0.00026941	0.10762	liquid
488.00	176.00	631.92	0.0015825	-21.298	6.5536	-0.044846	2.5403	2.8860	840.17	-0.026260	0.00026778	0.10748	liquid
489.00	176.00	631.24	0.0015842	-18.440	9.4414	-0.038935	2.5438	2.8895	837.93	-0.026153	0.00026617	0.10733	liquid
490.00	176.00	630.57	0.0015859	-15.579	12.333	-0.033028	2.5473	2.8930	835.71	-0.026046	0.00026457	0.10719	liquid
491.00	176.00	629.89	0.0015876	-12.714	15.227	-0.027127	2.5508	2.8965	833.49	-0.025939	0.00026299	0.10704	liquid
492.00	176.00	629.21	0.0015893	-9.8458	18.126	-0.021230	2.5542	2.8999	831.27	-0.025832	0.00026141	0.10690	liquid
493.00	176.00	628.54	0.0015910	-6.9742	21.027	-0.015338	2.5577	2.9034	829.06	-0.025725	0.00025985	0.10675	liquid
494.00	176.00	627.86	0.0015927	-4.0992	23.932	-0.0094515	2.5612	2.9069	826.85	-0.025617	0.00025831	0.10661	liquid
495.00	176.00	627.18	0.0015944	-1.2209	26.841	-0.0035695	2.5646	2.9104	824.65	-0.025509	0.00025677	0.10646	liquid
496.00	176.00	626.51	0.0015961	1.6609	29.753	0.0023075	2.5681	2.9138	822.46	-0.025401	0.00025525	0.10632	liquid
497.00	176.00	625.83	0.0015979	4.5460	32.669	0.0081797	2.5716	2.9173	820.27	-0.025293	0.00025374	0.10618	liquid
498.00	176.00	625.15	0.0015996	7.4345	35.588	0.014047	2.5750	2.9207	818.09	-0.025184	0.00025225	0.10603	liquid
499.00	176.00	624.47	0.0016013	10.326	38.510	0.019910	2.5785	2.9242	815.91	-0.025076	0.00025076	0.10589	liquid
500.00	176.00	623.80	0.0016031	13.222	41.436	0.025767	2.5819	2.9276	813.73	-0.024967	0.00024929	0.10575	liquid
501.00	176.00	623.12	0.0016048	16.120	44.365	0.031620	2.5853	2.9310	811.56	-0.024858	0.00024783	0.10561	liquid
502.00	176.00	622.44	0.0016066	19.022	47.298	0.037468	2.5888	2.9345	809.40	-0.024748	0.00024638	0.10546	liquid
503.00	176.00	621.76	0.0016083	21.927	50.234	0.043311	2.5922	2.9379	807.24	-0.024639	0.00024494	0.10532	liquid
504.00	176.00	621.08	0.0016101	24.836	53.174	0.049149	2.5956	2.9413	805.09	-0.024529	0.00024351	0.10518	liquid
505.00	176.00	620.40	0.0016119	27.748	56.117	0.054983	2.5990	2.9447	802.94	-0.024419	0.00024209	0.10504	liquid
506.00	176.00	619.72	0.0016136	30.663	59.063	0.060812	2.6024	2.9481	800.80	-0.024309	0.00024069	0.10490	liquid
507.00	176.00	619.04	0.0016154	33.582	62.013	0.066636	2.6058	2.9515	798.66	-0.024198	0.00023930	0.10476	liquid
508.00	176.00	618.35	0.0016172	36.504	64.966	0.072455	2.6092	2.9549	796.53	-0.024088	0.00023791	0.10462	liquid
509.00	176.00	617.67	0.0016190	39.429	67.923	0.078269	2.6126	2.9583	794.41	-0.023977	0.00023654	0.10448	liquid
510.00	176.00	616.99	0.0016208	42.357	70.883	0.084079	2.6160	2.9617	792.29	-0.023866	0.00023518	0.10434	liquid
511.00	176.00	616.31	0.0016226	45.289	73.846	0.089884	2.6194	2.9651	790.17	-0.023754	0.00023383	0.10420	liquid
512.00	176.00	615.63	0.0016244	48.224	76.813	0.095684	2.6228	2.9685	788.06	-0.023643	0.00023249	0.10406	liquid
513.00	176.00	614.94	0.0016262	51.163	79.783	0.10148	2.6262	2.9718	785.95	-0.023531	0.00023116	0.10392	liquid
514.00	176.00	614.26	0.0016280	54.104	82.757	0.10727	2.6295	2.9752	783.85	-0.023419	0.00022984	0.10379	liquid
515.00	176.00	613.58	0.0016298	57.049	85.734	0.11306	2.6329	2.9786	781.76	-0.023307	0.00022852	0.10365	liquid
516.00	176.00	612.89	0.0016316	59.998	88.714	0.11884	2.6362	2.9819	779.67	-0.023194	0.00022722	0.10351	liquid
517.00	176.00	612.21	0.0016334	62.949	91.698	0.12461	2.6396	2.9853	777.58	-0.023081	0.00022593	0.10337	liquid
518.00	176.00	611.52	0.0016353	65.904	94.684	0.13039	2.6429	2.9886	775.51	-0.022968	0.00022465	0.10324	liquid
519.00	176.00	610.84	0.0016371	68.862	97.675	0.13615	2.6463	2.9919	773.43	-0.022855	0.00022338	0.10310	liquid
520.00	176.00	610.15	0.0016389	71.823	100.67	0.14192	2.6496	2.9953	771.36	-0.022741	0.00022212	0.10297	liquid
521.00	176.00	609.47	0.0016408	74.788	103.67	0.14767	2.6529	2.9986	769.30	-0.022628	0.00022086	0.10283	liquid
522.00	176.00	608.78	0.0016426	77.755	106.67	0.15343	2.6563	3.0019	767.24	-0.022514	0.00021962	0.10269	liquid
523.00	176.00	608.09	0.0016445	80.726	109.67	0.15917	2.6596	3.0052	765.19	-0.022399	0.00021839	0.10256	liquid
524.00	176.00	607.41	0.0016463	83.700	112.68	0.16492	2.6629	3.0085	763.14	-0.022285	0.00021716	0.10242	liquid
525.00	176.00	606.72	0.0016482	86.678	115.69	0.17066	2.6662	3.0118	761.10	-0.022170	0.00021594	0.10229	liquid
526.00	176.00	606.03	0.0016501	89.658	118.70	0.17639	2.6695	3.0151	759.06	-0.022055	0.00021474	0.10216	liquid
527.00	176.00	605.34	0.0016520	92.642	121.72	0.18212	2.6728	3.0184	757.03	-0.021940	0.00021354	0.10202	liquid
528.00	176.00	604.65	0.0016538	95.629	124.74	0.18785	2.6761	3.0217	755.00	-0.021824	0.00021235	0.10189	liquid
529.00	176.00	603.97	0.0016557	98.619	127.76	0.19357	2.6794	3.0250	752.98	-0.021709	0.00021116	0.10176	liquid
530.00	176.00	603.28	0.0016576	101.61	130.79	0.19928	2.6827	3.0283	750.97	-0.021593	0.00020999	0.10162	liquid
531.00	176.00	602.59	0.0016595	104.61	133.82	0.20500	2.6859	3.0315	748.96	-0.021476	0.00020883	0.10149	liquid
532.00	176.00	601.90	0.0016614	107.61	136.85	0.21070	2.6892	3.0348	746.95	-0.021360	0.00020767	0.10136	liquid
533.00	176.00	601.21	0.0016633	110.61	139.89	0.21640	2.6925	3.0381	744.95	-0.021243	0.00020652	0.10123	liquid
534.00	176.00	600.52	0.0016652	113.62	142.93	0.22210	2.6957	3.0413	742.96	-0.021126	0.00020538	0.10110	liquid
535.00	176.00	599.83	0.0016671	116.63	145.97	0.22780	2.6990	3.0446	740.97	-0.021009	0.00020425	0.10097	liquid
536.00	176.00	599.13	0.0016691	119.64	149.01	0.23348	2.7022	3.0478	738.98	-0.020891	0.00020312	0.10083	liquid
537.00	176.00	598.44	0.0016710	122.65	152.06	0.23917	2.7055	3.0510	737.00	-0.020774	0.00020201	0.10070	liquid
538.00	176.00	597.75	0.0016729	125.67	155.12	0.24485	2.7087	3.0543	735.03	-0.020655	0.00020090	0.10057	liquid
539.00	176.00	597.06	0.0016749	128.70	158.17	0.25052	2.7119	3.0575	733.06	-0.020537	0.00019980	0.10044	liquid
540.00	176.00	596.37	0.0016768	131.72	161.23	0.25619	2.7152	3.0607	731.10	-0.020419	0.00019871	0.10032	liquid
541.00	176.00	595.67	0.0016788	134.75	164.29	0.26186	2.7184	3.0639	729.14	-0.020300	0.00019762	0.10019	liquid
542.00	176.00	594.98	0.0016807	137.78	167.36	0.26752	2.7216	3.0671	727.19	-0.020181	0.00019654	0.10006	liquid
543.00	176.00	594.29	0.0016827	140.81	170.43	0.27318	2.7248	3.0703	725.24	-0.020061	0.00019547	0.099929	liquid
544.00	176.00	593.59	0.0016847	143.85	173.50	0.27883	2.7280	3.0735	723.30	-0.019942	0.00019441	0.099801	liquid
545.00	176.00	592.90	0.0016866	146.89	176.58	0.28447	2.7312	3.0767	721.36	-0.019822	0.00019335	0.099674	liquid
546.00	176.00	592.20	0.0016886	149.93	179.65	0.29012	2.7344	3.0798	719.43	-0.019702	0.00019230	0.099546	liquid
547.00	176.00	591.51	0.0016906	152.98	182.73	0.29576	2.7376	3.0830	717.51	-0.019581	0.00019126	0.099419	liquid
548.00	176.00	590.81	0.0016926	156.03	185.82	0.30139	2.7408	3.0862	715.59	-0.019461	0.00019023	0.099293	liquid
549.00	176.00	590.12	0.0016946	159.08	188.91	0.30702	2.7439	3.0893	713.67	-0.019340	0.00018920	0.099167	liquid
550.00	176.00	589.42	0.0016966	162.14	192.00	0.31264	2.7471	3.0925	711.76	-0.019218	0.00018818	0.099041	liquid
551.00	176.00	588.72	0.0016986	165.20	195.09	0.31827	2.7503	3.0956	709.86	-0.019097	0.00018717	0.098915	liquid
552.00	176.00	588.03	0.0017006	168.26	198.19	0.32388	2.7534	3.0988	707.96	-0.018975	0.00018616	0.098790	liquid
553.00	176.00	587.33	0.0017026	171.32	201.29	0.32949	2.7566	3.1019	706.06	-0.018853	0.00018516	0.098665	liquid
554.00	176.00	586.63	0.0017046	174.39	204.39	0.33510	2.7597	3.1050	704.18	-0.018731	0.00018416	0.098541	liquid
555.00	176.00	585.94	0.0017067	177.46	207.50	0.34070	2.7629	3.1081	702.29	-0.018608	0.00018318	0.098417	liquid
556.00	176.00	585.24	0.0017087	180.54	210.61	0.34630	2.7660	3.1112	700.41	-0.018486	0.00018220	0.098293	liquid
557.00	176.00	584.54	0.0017107	183.61	213.72	0.35189	2.7691	3.1144	698.54	-0.018363	0.00018122	0.098170	liquid
558.00	176.00	583.84	0.0017128	186.69	216.84	0.35748	2.7723	3.1175	696.68	-0.018239	0.00018026	0.098047	liquid
559.00	176.00	583.14	0.0017149	189.78	219.96	0.36307	2.7754	3.1205	694.81	-0.018116	0.00017930	0.097924	liquid
560.00	176.00	582.44	0.0017169	192.86	223.08	0.36865	2.7785	3.1236	692.96	-0.017992	0.00017834	0.097802	liquid
561.00	176.00	581.74	0.0017190	195.95	226.20	0.37422	2.7816	3.1267	691.11	-0.017868	0.00017739	0.097680	liquid
562.00	176.00	581.04	0.0017210	199.04	229.33	0.37979	2.7847	3.1298	689.26	-0.017743	0.00017645	0.097559	liquid
563.00	176.00	580.34	0.0017231	202.14	232.46	0.38536	2.7878	3.1329	687.42	-0.017619	0.00017552	0.097438	liquid
564.00	176.00	579.64	0.0017252	205.23	235.60	0.39092	2.7909	3.1359	685.59	-0.017494	0.00017459	0.097317	liquid
565.00	176.00	578.94	0.0017273	208.34	238.74	0.39648	2.7940	3.1390	683.76	-0.017368	0.00017366	0.097197	liquid
566.00	176.00	578.24	0.0017294	211.44	241.88	0.40203	2.7971	3.1420	681.94	-0.017243	0.00017274	0.097077	liquid
567.00	176.00	577.54	0.0017315	214.55	245.02	0.40758	2.8002	3.1451	680.12	-0.017117	0.00017183	0.096957	liquid
568.00	176.00	576.83	0.0017336	217.66	248.17	0.41313	2.8032	3.1481	678.31	-0.016991	0.00017093	0.096838	liquid
569.00	176.00	576.13	0.0017357	220.77	251.32	0.41867	2.8063	3.1511	676.50	-0.016865	0.00017003	0.096719	liquid
570.00	176.00	575.43	0.0017378	223.88	254.47	0.42420	2.8094	3.1541	674.70	-0.016738	0.00016913	0.096600	liquid
571.00	176.00	574.73	0.0017400	227.00	257.62	0.42974	2.8124	3.1571	672.90	-0.016612	0.00016824	0.096482	liquid
572.00	176.00	574.02	0.0017421	230.12	260.78	0.43526	2.8155	3.1602	671.11	-0.016484	0.00016736	0.096364	liquid
573.00	176.00	573.32	0.0017442	233.25	263.94	0.44079	2.8185	3.1632	669.33	-0.016357	0.00016649	0.096247	liquid
574.00	176.00	572.62	0.0017464	236.37	267.11	0.44630	2.8215	3.1661	667.55	-0.016230	0.00016561	0.096130	liquid
575.00	176.00	571.91	0.0017485	239.50	270.28	0.45182	2.8246	3.1691	665.77	-0.016102	0.00016475	0.096014	liquid
576.00	176.00	571.21	0.0017507	242.64	273.45	0.45733	2.8276	3.1721	664.00	-0.015974	0.00016389	0.095897	liquid
577.00	176.00	570.50	0.0017528	245.77	276.62	0.46283	2.8306	3.1751	662.24	-0.015845	0.00016303	0.095782	liquid
578.00	176.00	569.80	0.0017550	248.91	279.80	0.46833	2.8336	3.1780	660.48	-0.015717	0.00016218	0.095666	liquid
579.00	176.00	569.09	0.0017572	252.05	282.98	0.47383	2.8366	3.1810	658.73	-0.015588	0.00016134	0.095551	liquid
580.00	176.00	568.39	0.0017594	255.19	286.16	0.47932	2.8397	3.1840	656.98	-0.015458	0.00016050	0.095437	liquid
581.00	176.00	567.68	0.0017616	258.34	289.35	0.48481	2.8427	3.1869	655.24	-0.015329	0.00015967	0.095322	liquid
582.00	176.00	566.97	0.0017638	261.49	292.53	0.49029	2.8456	3.1898	653.51	-0.015199	0.00015884	0.095209	liquid
583.00	176.00	566.27	0.0017660	264.64	295.72	0.49577	2.8486	3.1928	651.78	-0.015069	0.00015802	0.095095	liquid
584.00	176.00	565.56	0.0017682	267.80	298.92	0.50124	2.8516	3.1957	650.05	-0.014939	0.00015720	0.094982	liquid
585.00	176.00	564.85	0.0017704	270.96	302.12	0.50671	2.8546	3.1986	648.33	-0.014809	0.00015639	0.094869	liquid
586.00	176.00	564.15	0.0017726	274.12	305.32	0.51218	2.8576	3.2015	646.62	-0.014678	0.00015558	0.094757	liquid
587.00	176.00	563.44	0.0017748	277.28	308.52	0.51764	2.8605	3.2044	644.91	-0.014547	0.00015478	0.094645	liquid
588.00	176.00	562.73	0.0017771	280.45	311.73	0.52310	2.8635	3.2073	643.21	-0.014416	0.00015398	0.094534	liquid
589.00	176.00	562.02	0.0017793	283.62	314.93	0.52855	2.8665	3.2102	641.51	-0.014285	0.00015319	0.094423	liquid
590.00	176.00	561.31	0.0017815	286.79	318.15	0.53400	2.8694	3.2131	639.82	-0.014153	0.00015240	0.094312	liquid
591.00	176.00	560.61	0.0017838	289.97	321.36	0.53944	2.8724	3.2160	638.14	-0.014021	0.00015162	0.094202	liquid
592.00	176.00	559.90	0.0017860	293.14	324.58	0.54488	2.8753	3.2188	636.46	-0.013889	0.00015084	0.094092	liquid
593.00	176.00	559.19	0.0017883	296.32	327.80	0.55032	2.8782	3.2217	634.78	-0.013756	0.00015007	0.093983	liquid
594.00	176.00	558.48	0.0017906	299.51	331.02	0.55575	2.8812	3.2245	633.11	-0.013624	0.00014930	0.093874	liquid
595.00	176.00	557.77	0.0017929	302.69	334.25	0.56117	2.8841	3.2274	631.45	-0.013491	0.00014853	0.093765	liquid
596.00	176.00	557.06	0.0017951	305.88	337.48	0.56659	2.8870	3.2302	629.79	-0.013358	0.00014778	0.093657	liquid
597.00	176.00	556.35	0.0017974	309.07	340.71	0.57201	2.8899	3.2331	628.14	-0.013224	0.00014702	0.093550	liquid
598.00	176.00	555.64	0.0017997	312.27	343.94	0.57743	2.8928	3.2359	626.50	-0.013090	0.00014627	0.093442	liquid
599.00	176.00	554.93	0.0018020	315.46	347.18	0.58283	2.8957	3.2387	624.86	-0.012957	0.00014553	0.093335	liquid
600.00	176.00	554.22	0.0018044	318.66	350.42	0.58824	2.8986	3.2415	623.22	-0.012823	0.00014479	0.093229	liquid
601.00	176.00	553.51	0.0018067	321.86	353.66	0.59364	2.9015	3.2443	621.59	-0.012688	0.00014405	0.093123	liquid
602.00	176.00	552.79	0.0018090	325.07	356.91	0.59904	2.9044	3.2471	619.97	-0.012554	0.00014332	0.093017	liquid
603.00	176.00	552.08	0.0018113	328.28	360.16	0.60443	2.9073	3.2499	618.35	-0.012419	0.00014259	0.092912	liquid
604.00	176.00	551.37	0.0018137	331.49	363.41	0.60981	2.9101	3.2527	616.74	-0.012284	0.00014187	0.092807	liquid
605.00	176.00	550.66	0.0018160	334.70	366.66	0.61520	2.9130	3.2554	615.13	-0.012149	0.00014115	0.092703	liquid
606.00	176.00	549.95	0.0018184	337.92	369.92	0.62058	2.9159	3.2582	613.53	-0.012013	0.00014044	0.092599	liquid
607.00	176.00	549.23	0.0018207	341.13	373.18	0.62595	2.9187	3.2610	611.94	-0.011877	0.00013973	0.092496	liquid
608.00	176.00	548.52	0.0018231	344.35	376.44	0.63132	2.9216	3.2637	610.35	-0.011742	0.00013903	0.092393	liquid
609.00	176.00	547.81	0.0018255	347.58	379.71	0.63669	2.9244	3.2665	608.77	-0.011605	0.00013833	0.092290	liquid
610.00	176.00	547.10	0.0018278	350.80	382.97	0.64205	2.9273	3.2692	607.19	-0.011469	0.00013763	0.092188	liquid
611.00	176.00	546.38	0.0018302	354.03	386.24	0.64741	2.9301	3.2719	605.62	-0.011333	0.00013694	0.092086	liquid
612.00	176.00	545.67	0.0018326	357.26	389.52	0.65276	2.9330	3.2747	604.05	-0.011196	0.00013625	0.091985	liquid
613.00	176.00	544.96	0.0018350	360.50	392.79	0.65811	2.9358	3.2774	602.49	-0.011059	0.00013557	0.091884	liquid
614.00	176.00	544.24	0.0018374	363.73	396.07	0.66345	2.9386	3.2801	600.93	-0.010922	0.00013489	0.091783	liquid
615.00	176.00	543.53	0.0018398	366.97	399.35	0.66879	2.9414	3.2828	599.39	-0.010784	0.00013421	0.091684	liquid
616.00	176.00	542.82	0.0018422	370.21	402.64	0.67413	2.9442	3.2855	597.84	-0.010647	0.00013354	0.091584	liquid
617.00	176.00	542.10	0.0018447	373.46	405.92	0.67946	2.9470	3.2882	596.30	-0.010509	0.00013287	0.091485	liquid
618.00	176.00	541.39	0.0018471	376.70	409.21	0.68479	2.9498	3.2908	594.77	-0.010371	0.00013221	0.091386	liquid
619.00	176.00	540.67	0.0018495	379.95	412.51	0.69011	2.9526	3.2935	593.25	-0.010233	0.00013155	0.091288	liquid
620.00	176.00	539.96	0.0018520	383.21	415.80	0.69543	2.9554	3.2962	591.73	-0.010095	0.00013090	0.091190	liquid
621.00	176.00	539.25	0.0018544	386.46	419.10	0.70074	2.9582	3.2988	590.21	-0.0099562	0.00013024	0.091093	liquid
622.00	176.00	538.53	0.0018569	389.72	422.40	0.70605	2.9610	3.3015	588.70	-0.0098175	0.00012960	0.090996	liquid
623.00	176.00	537.82	0.0018594	392.98	425.70	0.71136	2.9638	3.3041	587.20	-0.0096786	0.00012895	0.090900	liquid
624.00	176.00	537.10	0.0018618	396.24	429.01	0.71666	2.9665	3.3068	585.70	-0.0095396	0.00012831	0.090804	liquid
625.00	176.00	536.39	0.0018643	399.50	432.31	0.72196	2.9693	3.3094	584.21	-0.0094004	0.00012768	0.090708	liquid
626.00	176.00	535.67	0.0018668	402.77	435.63	0.72725	2.9720	3.3120	582.73	-0.0092610	0.00012705	0.090613	liquid
627.00	176.00	534.96	0.0018693	406.04	438.94	0.73254	2.9748	3.3146	581.25	-0.0091214	0.00012642	0.090519	liquid
628.00	176.00	534.24	0.0018718	409.31	442.25	0.73782	2.9775	3.3172	579.78	-0.0089817	0.00012579	0.090425	liquid
629.00	176.00	533.53	0.0018743	412.59	445.57	0.74310	2.9803	3.3198	578.31	-0.0088419	0.00012517	0.090331	liquid
630.00	176.00	532.81	0.0018768	415.86	448.89	0.74838	2.9830	3.3224	576.85	-0.0087018	0.00012456	0.090238	liquid
631.00	176.00	532.09	0.0018794	419.14	452.22	0.75365	2.9858	3.3250	575.39	-0.0085616	0.00012394	0.090145	liquid
632.00	176.00	531.38	0.0018819	422.42	455.54	0.75892	2.9885	3.3276	573.94	-0.0084213	0.00012333	0.090053	liquid
633.00	176.00	530.66	0.0018844	425.71	458.87	0.76418	2.9912	3.3301	572.49	-0.0082808	0.00012273	0.089961	liquid
634.00	176.00	529.95	0.0018870	428.99	462.20	0.76944	2.9939	3.3327	571.06	-0.0081402	0.00012213	0.089870	liquid
635.00	176.00	529.23	0.0018895	432.28	465.54	0.77469	2.9966	3.3352	569.62	-0.0079994	0.00012153	0.089779	liquid
636.00	176.00	528.52	0.0018921	435.57	468.87	0.77994	2.9993	3.3378	568.20	-0.0078585	0.00012093	0.089689	liquid
637.00	176.00	527.80	0.0018947	438.87	472.21	0.78519	3.0020	3.3403	566.77	-0.0077175	0.00012034	0.089599	liquid
638.00	176.00	527.08	0.0018972	442.16	475.56	0.79043	3.0047	3.3428	565.36	-0.0075764	0.00011975	0.089509	liquid
639.00	176.00	526.37	0.0018998	445.46	478.90	0.79567	3.0074	3.3454	563.95	-0.0074351	0.00011917	0.089420	liquid
640.00	176.00	525.65	0.0019024	448.76	482.25	0.80090	3.0101	3.3479	562.55	-0.0072937	0.00011859	0.089332	liquid
641.00	176.00	524.94	0.0019050	452.07	485.60	0.80613	3.0128	3.3504	561.15	-0.0071521	0.00011801	0.089244	liquid
642.00	176.00	524.22	0.0019076	455.37	488.95	0.81135	3.0155	3.3529	559.76	-0.0070105	0.00011744	0.089156	liquid
643.00	176.00	523.50	0.0019102	458.68	492.30	0.81657	3.0181	3.3554	558.37	-0.0068687	0.00011687	0.089069	liquid
644.00	176.00	522.79	0.0019128	461.99	495.66	0.82179	3.0208	3.3579	556.99	-0.0067269	0.00011630	0.088983	liquid
645.00	176.00	522.07	0.0019154	465.31	499.02	0.82700	3.0234	3.3603	555.62	-0.0065849	0.00011573	0.088897	liquid
646.00	176.00	521.36	0.0019181	468.62	502.38	0.83221	3.0261	3.3628	554.25	-0.0064428	0.00011517	0.088811	liquid
647.00	176.00	520.64	0.0019207	471.94	505.74	0.83741	3.0287	3.3653	552.88	-0.0063007	0.00011462	0.088726	liquid
648.00	176.00	519.93	0.0019234	475.26	509.11	0.84261	3.0314	3.3677	551.53	-0.0061584	0.00011406	0.088641	liquid
649.00	176.00	519.21	0.0019260	478.58	512.48	0.84781	3.0340	3.3702	550.18	-0.0060161	0.00011351	0.088557	liquid
650.00	176.00	518.49	0.0019287	481.90	515.85	0.85300	3.0367	3.3726	548.83	-0.0058737	0.00011297	0.088474	liquid
651.00	176.00	517.78	0.0019313	485.23	519.22	0.85819	3.0393	3.3750	547.49	-0.0057312	0.00011242	0.088390	liquid
652.00	176.00	517.06	0.0019340	488.56	522.60	0.86337	3.0419	3.3775	546.16	-0.0055886	0.00011188	0.088308	liquid
653.00	176.00	516.35	0.0019367	491.89	525.98	0.86855	3.0445	3.3799	544.83	-0.0054460	0.00011134	0.088225	liquid
654.00	176.00	515.63	0.0019394	495.23	529.36	0.87372	3.0471	3.3823	543.51	-0.0053033	0.00011081	0.088144	liquid
655.00	176.00	514.92	0.0019421	498.56	532.74	0.87889	3.0497	3.3847	542.19	-0.0051605	0.00011028	0.088062	liquid
656.00	176.00	514.20	0.0019448	501.90	536.13	0.88405	3.0523	3.3871	540.88	-0.0050177	0.00010975	0.087982	liquid
657.00	176.00	513.48	0.0019475	505.24	539.52	0.88922	3.0549	3.3895	539.58	-0.0048748	0.00010923	0.087901	liquid
658.00	176.00	512.77	0.0019502	508.58	542.91	0.89437	3.0575	3.3918	538.28	-0.0047318	0.00010871	0.087822	liquid
659.00	176.00	512.05	0.0019529	511.93	546.30	0.89952	3.0601	3.3942	536.99	-0.0045889	0.00010819	0.087742	supercritical
660.00	176.00	511.34	0.0019556	515.28	549.70	0.90467	3.0627	3.3966	535.70	-0.0044458	0.00010767	0.087664	supercritical
661.00	176.00	510.62	0.0019584	518.63	553.09	0.90982	3.0653	3.3989	534.42	-0.0043028	0.00010716	0.087585	supercritical
662.00	176.00	509.91	0.0019611	521.98	556.49	0.91496	3.0679	3.4013	533.15	-0.0041597	0.00010665	0.087508	supercritical
663.00	176.00	509.20	0.0019639	525.33	559.90	0.92009	3.0704	3.4036	531.88	-0.0040166	0.00010614	0.087430	supercritical
664.00	176.00	508.48	0.0019666	528.69	563.30	0.92522	3.0730	3.4060	530.62	-0.0038734	0.00010564	0.087354	supercritical
665.00	176.00	507.77	0.0019694	532.05	566.71	0.93035	3.0755	3.4083	529.36	-0.0037303	0.00010514	0.087277	supercritical
666.00	176.00	507.05	0.0019722	535.41	570.12	0.93548	3.0781	3.4106	528.11	-0.0035871	0.00010464	0.087201	supercritical
667.00	176.00	506.34	0.0019750	538.77	573.53	0.94059	3.0806	3.4129	526.86	-0.0034439	0.00010415	0.087126	supercritical
668.00	176.00	505.62	0.0019778	542.13	576.94	0.94571	3.0832	3.4152	525.62	-0.0033007	0.00010366	0.087051	supercritical
669.00	176.00	504.91	0.0019805	545.50	580.36	0.95082	3.0857	3.4175	524.39	-0.0031575	0.00010317	0.086977	supercritical
670.00	176.00	504.20	0.0019834	548.87	583.78	0.95593	3.0882	3.4198	523.16	-0.0030144	0.00010269	0.086903	supercritical
671.00	176.00	503.48	0.0019862	552.24	587.20	0.96103	3.0908	3.4221	521.94	-0.0028712	0.00010220	0.086830	supercritical
672.00	176.00	502.77	0.0019890	555.62	590.62	0.96613	3.0933	3.4244	520.72	-0.0027280	0.00010172	0.086757	supercritical
673.00	176.00	502.06	0.0019918	558.99	594.05	0.97122	3.0958	3.4266	519.51	-0.0025849	0.00010125	0.086685	supercritical
674.00	176.00	501.35	0.0019946	562.37	597.48	0.97631	3.0983	3.4289	518.31	-0.0024418	0.00010077	0.086613	supercritical
675.00	176.00	500.63	0.0019975	565.75	600.91	0.98139	3.1008	3.4311	517.11	-0.0022987	0.00010030	0.086542	supercritical
676.00	176.00	499.92	0.0020003	569.13	604.34	0.98647	3.1033	3.4334	515.91	-0.0021556	9.9836e-05	0.086471	supercritical
677.00	176.00	499.21	0.0020032	572.52	607.77	0.99155	3.1058	3.4356	514.73	-0.0020126	9.9371e-05	0.086401	supercritical
678.00	176.00	498.50	0.0020060	575.90	611.21	0.99662	3.1083	3.4378	513.55	-0.0018696	9.8909e-05	0.086331	supercritical
679.00	176.00	497.79	0.0020089	579.29	614.65	1.0017	3.1108	3.4401	512.37	-0.0017267	9.8449e-05	0.086262	supercritical
680.00	176.00	497.07	0.0020118	582.68	618.09	1.0068	3.1133	3.4423	511.20	-0.0015838	9.7992e-05	0.086193	supercritical
681.00	176.00	496.36	0.0020147	586.07	621.53	1.0118	3.1158	3.4445	510.03	-0.0014409	9.7538e-05	0.086125	supercritical
682.00	176.00	495.65	0.0020175	589.47	624.98	1.0169	3.1182	3.4467	508.88	-0.0012982	9.7087e-05	0.086057	supercritical
683.00	176.00	494.94	0.0020204	592.87	628.43	1.0219	3.1207	3.4489	507.72	-0.0011555	9.6639e-05	0.085990	supercritical
684.00	176.00	494.23	0.0020233	596.27	631.88	1.0270	3.1232	3.4511	506.58	-0.0010128	9.6193e-05	0.085923	supercritical
685.00	176.00	493.52	0.0020263	599.67	635.33	1.0320	3.1256	3.4532	505.43	-0.00087026	9.5750e-05	0.085857	supercritical
686.00	176.00	492.81	0.0020292	603.07	638.78	1.0371	3.1281	3.4554	504.30	-0.00072778	9.5309e-05	0.085791	supercritical
687.00	176.00	492.10	0.0020321	606.47	642.24	1.0421	3.1305	3.4576	503.17	-0.00058538	9.4871e-05	0.085726	supercritical
688.00	176.00	491.39	0.0020350	609.88	645.70	1.0471	3.1330	3.4597	502.05	-0.00044307	9.4436e-05	0.085661	supercritical
689.00	176.00	490.68	0.0020380	613.29	649.16	1.0521	3.1354	3.4619	500.93	-0.00030085	9.4004e-05	0.085597	supercritical
690.00	176.00	489.98	0.0020409	616.70	652.62	1.0572	3.1378	3.4640	499.81	-0.00015873	9.3574e-05	0.085533	supercritical
691.00	176.00	489.27	0.0020439	620.11	656.09	1.0622	3.1403	3.4662	498.71	-1.6715e-05	9.3147e-05	0.085470	supercritical
692.00	176.00	488.56	0.0020468	623.53	659.55	1.0672	3.1427	3.4683	497.61	0.00012519	9.2722e-05	0.085408	supercritical
693.00	176.00	487.85	0.0020498	626.95	663.02	1.0722	3.1451	3.4704	496.51	0.00026699	9.2300e-05	0.085345	supercritical
694.00	176.00	487.15	0.0020528	630.37	666.49	1.0772	3.1475	3.4725	495.42	0.00040867	9.1880e-05	0.085284	supercritical
695.00	176.00	486.44	0.0020558	633.79	669.97	1.0822	3.1499	3.4746	494.33	0.00055023	9.1463e-05	0.085223	supercritical
696.00	176.00	485.73	0.0020587	637.21	673.44	1.0872	3.1523	3.4767	493.26	0.00069166	9.1049e-05	0.085162	supercritical
697.00	176.00	485.03	0.0020617	640.64	676.92	1.0922	3.1547	3.4788	492.18	0.00083296	9.0637e-05	0.085102	supercritical
698.00	176.00	484.32	0.0020647	644.06	680.40	1.0972	3.1571	3.4809	491.11	0.00097412	9.0228e-05	0.085042	supercritical
699.00	176.00	483.62	0.0020678	647.49	683.88	1.1022	3.1595	3.4830	490.05	0.0011151	8.9821e-05	0.084983	supercritical
700.00	176.00	482.91	0.0020708	650.92	687.37	1.1072	3.1619	3.4851	489.00	0.0012560	8.9416e-05	0.084925	supercritical
