Temperature (K)	Pressure (bar)	Density (kg/m3)	Volume (m3/kg)	Internal Energy (kJ/kg)	Enthalpy (kJ/kg)	Entropy (J/g*K)	Cv (J/g*K)	Cp (J/g*K)	Sound Spd. (m/s)	Joule-Thomson (K/bar)	Viscosity (Pa*s)	Therm. Cond. (W/m*K)	Phase
277.00	162.00	771.36	0.0012964	-544.07	-523.07	-1.4408	1.7517	2.1427	1456.4	-0.045381	0.0025455	0.14554	liquid
278.00	162.00	770.67	0.0012976	-541.95	-520.92	-1.4331	1.7551	2.1454	1452.4	-0.045313	0.0024869	0.14530	liquid
279.00	162.00	769.97	0.0012987	-539.82	-518.78	-1.4254	1.7584	2.1482	1448.4	-0.045244	0.0024304	0.14507	liquid
280.00	162.00	769.28	0.0012999	-537.69	-516.63	-1.4177	1.7618	2.1509	1444.4	-0.045175	0.0023759	0.14484	liquid
281.00	162.00	768.59	0.0013011	-535.55	-514.48	-1.4100	1.7652	2.1537	1440.4	-0.045106	0.0023233	0.14461	liquid
282.00	162.00	767.89	0.0013023	-533.42	-512.32	-1.4024	1.7687	2.1565	1436.4	-0.045035	0.0022726	0.14438	liquid
283.00	162.00	767.20	0.0013034	-531.28	-510.16	-1.3947	1.7721	2.1593	1432.5	-0.044965	0.0022236	0.14414	liquid
284.00	162.00	766.51	0.0013046	-529.14	-508.00	-1.3871	1.7755	2.1622	1428.6	-0.044893	0.0021763	0.14391	liquid
285.00	162.00	765.82	0.0013058	-526.99	-505.84	-1.3795	1.7790	2.1650	1424.7	-0.044822	0.0021306	0.14369	liquid
286.00	162.00	765.13	0.0013070	-524.85	-503.67	-1.3719	1.7824	2.1679	1420.8	-0.044750	0.0020864	0.14346	liquid
287.00	162.00	764.44	0.0013081	-522.69	-501.50	-1.3644	1.7859	2.1708	1416.9	-0.044677	0.0020437	0.14323	liquid
288.00	162.00	763.75	0.0013093	-520.54	-499.33	-1.3568	1.7894	2.1737	1413.0	-0.044604	0.0020023	0.14300	liquid
289.00	162.00	763.06	0.0013105	-518.39	-497.16	-1.3493	1.7929	2.1766	1409.1	-0.044530	0.0019623	0.14278	liquid
290.00	162.00	762.38	0.0013117	-516.23	-494.98	-1.3417	1.7964	2.1796	1405.3	-0.044456	0.0019235	0.14255	liquid
291.00	162.00	761.69	0.0013129	-514.06	-492.80	-1.3342	1.8000	2.1826	1401.5	-0.044382	0.0018860	0.14233	liquid
292.00	162.00	761.01	0.0013141	-511.90	-490.61	-1.3267	1.8035	2.1856	1397.7	-0.044307	0.0018496	0.14210	liquid
293.00	162.00	760.32	0.0013152	-509.73	-488.43	-1.3193	1.8070	2.1886	1393.9	-0.044231	0.0018143	0.14188	liquid
294.00	162.00	759.64	0.0013164	-507.56	-486.23	-1.3118	1.8106	2.1916	1390.1	-0.044155	0.0017801	0.14166	liquid
295.00	162.00	758.95	0.0013176	-505.39	-484.04	-1.3043	1.8141	2.1946	1386.3	-0.044079	0.0017469	0.14143	liquid
296.00	162.00	758.27	0.0013188	-503.21	-481.85	-1.2969	1.8177	2.1977	1382.5	-0.044003	0.0017147	0.14121	liquid
297.00	162.00	757.58	0.0013200	-501.03	-479.65	-1.2895	1.8213	2.2008	1378.8	-0.043926	0.0016835	0.14099	liquid
298.00	162.00	756.90	0.0013212	-498.85	-477.44	-1.2821	1.8249	2.2039	1375.1	-0.043848	0.0016531	0.14077	liquid
299.00	162.00	756.22	0.0013224	-496.66	-475.24	-1.2747	1.8285	2.2070	1371.3	-0.043771	0.0016237	0.14055	liquid
300.00	162.00	755.54	0.0013236	-494.47	-473.03	-1.2673	1.8321	2.2101	1367.6	-0.043692	0.0015950	0.14033	liquid
301.00	162.00	754.86	0.0013248	-492.28	-470.82	-1.2600	1.8357	2.2132	1363.9	-0.043614	0.0015672	0.14011	liquid
302.00	162.00	754.18	0.0013259	-490.08	-468.60	-1.2526	1.8394	2.2164	1360.3	-0.043535	0.0015402	0.13989	liquid
303.00	162.00	753.50	0.0013271	-487.89	-466.39	-1.2453	1.8430	2.2195	1356.6	-0.043456	0.0015139	0.13968	liquid
304.00	162.00	752.82	0.0013283	-485.68	-464.16	-1.2380	1.8467	2.2227	1352.9	-0.043376	0.0014883	0.13946	liquid
305.00	162.00	752.14	0.0013295	-483.48	-461.94	-1.2307	1.8503	2.2259	1349.3	-0.043296	0.0014634	0.13924	liquid
306.00	162.00	751.46	0.0013307	-481.27	-459.71	-1.2234	1.8540	2.2291	1345.7	-0.043216	0.0014392	0.13903	liquid
307.00	162.00	750.78	0.0013319	-479.06	-457.48	-1.2161	1.8576	2.2323	1342.0	-0.043136	0.0014156	0.13881	liquid
308.00	162.00	750.11	0.0013331	-476.85	-455.25	-1.2088	1.8613	2.2356	1338.4	-0.043055	0.0013926	0.13860	liquid
309.00	162.00	749.43	0.0013343	-474.63	-453.01	-1.2016	1.8650	2.2388	1334.8	-0.042974	0.0013703	0.13838	liquid
310.00	162.00	748.75	0.0013356	-472.41	-450.77	-1.1943	1.8687	2.2421	1331.3	-0.042892	0.0013485	0.13817	liquid
311.00	162.00	748.08	0.0013368	-470.18	-448.53	-1.1871	1.8724	2.2454	1327.7	-0.042810	0.0013273	0.13796	liquid
312.00	162.00	747.40	0.0013380	-467.95	-446.28	-1.1799	1.8761	2.2487	1324.1	-0.042728	0.0013066	0.13775	liquid
313.00	162.00	746.73	0.0013392	-465.72	-444.03	-1.1727	1.8798	2.2520	1320.6	-0.042646	0.0012864	0.13753	liquid
314.00	162.00	746.05	0.0013404	-463.49	-441.78	-1.1655	1.8836	2.2553	1317.0	-0.042563	0.0012667	0.13732	liquid
315.00	162.00	745.38	0.0013416	-461.25	-439.52	-1.1583	1.8873	2.2586	1313.5	-0.042480	0.0012475	0.13711	liquid
316.00	162.00	744.70	0.0013428	-459.01	-437.26	-1.1512	1.8910	2.2619	1310.0	-0.042397	0.0012288	0.13690	liquid
317.00	162.00	744.03	0.0013440	-456.77	-435.00	-1.1440	1.8948	2.2653	1306.5	-0.042314	0.0012105	0.13669	liquid
318.00	162.00	743.36	0.0013452	-454.52	-432.73	-1.1369	1.8985	2.2686	1303.0	-0.042230	0.0011927	0.13648	liquid
319.00	162.00	742.69	0.0013465	-452.27	-430.46	-1.1298	1.9023	2.2720	1299.5	-0.042146	0.0011753	0.13628	liquid
320.00	162.00	742.01	0.0013477	-450.02	-428.18	-1.1226	1.9060	2.2754	1296.1	-0.042062	0.0011583	0.13607	liquid
321.00	162.00	741.34	0.0013489	-447.76	-425.91	-1.1155	1.9098	2.2788	1292.6	-0.041977	0.0011417	0.13586	liquid
322.00	162.00	740.67	0.0013501	-445.50	-423.63	-1.1084	1.9136	2.2822	1289.2	-0.041893	0.0011255	0.13565	liquid
323.00	162.00	740.00	0.0013514	-443.23	-421.34	-1.1014	1.9173	2.2856	1285.7	-0.041808	0.0011097	0.13545	liquid
324.00	162.00	739.33	0.0013526	-440.97	-419.06	-1.0943	1.9211	2.2890	1282.3	-0.041723	0.0010942	0.13524	liquid
325.00	162.00	738.66	0.0013538	-438.70	-416.76	-1.0872	1.9249	2.2925	1278.9	-0.041637	0.0010791	0.13504	liquid
326.00	162.00	737.99	0.0013550	-436.42	-414.47	-1.0802	1.9287	2.2959	1275.5	-0.041552	0.0010643	0.13483	liquid
327.00	162.00	737.32	0.0013563	-434.14	-412.17	-1.0731	1.9325	2.2994	1272.1	-0.041466	0.0010499	0.13463	liquid
328.00	162.00	736.65	0.0013575	-431.86	-409.87	-1.0661	1.9363	2.3028	1268.7	-0.041380	0.0010357	0.13442	liquid
329.00	162.00	735.98	0.0013587	-429.58	-407.57	-1.0591	1.9401	2.3063	1265.3	-0.041293	0.0010219	0.13422	liquid
330.00	162.00	735.31	0.0013600	-427.29	-405.26	-1.0521	1.9439	2.3098	1262.0	-0.041207	0.0010084	0.13402	liquid
331.00	162.00	734.64	0.0013612	-425.00	-402.95	-1.0451	1.9477	2.3133	1258.6	-0.041120	0.00099513	0.13382	liquid
332.00	162.00	733.97	0.0013624	-422.70	-400.63	-1.0381	1.9515	2.3168	1255.3	-0.041033	0.00098217	0.13361	liquid
333.00	162.00	733.30	0.0013637	-420.41	-398.31	-1.0311	1.9553	2.3203	1251.9	-0.040946	0.00096950	0.13341	liquid
334.00	162.00	732.64	0.0013649	-418.10	-395.99	-1.0242	1.9592	2.3238	1248.6	-0.040859	0.00095708	0.13321	liquid
335.00	162.00	731.97	0.0013662	-415.80	-393.67	-1.0172	1.9630	2.3273	1245.3	-0.040771	0.00094493	0.13301	liquid
336.00	162.00	731.30	0.0013674	-413.49	-391.34	-1.0103	1.9668	2.3308	1242.0	-0.040684	0.00093303	0.13281	liquid
337.00	162.00	730.63	0.0013687	-411.18	-389.00	-1.0034	1.9707	2.3344	1238.7	-0.040596	0.00092137	0.13261	liquid
338.00	162.00	729.97	0.0013699	-408.86	-386.67	-0.99644	1.9745	2.3379	1235.4	-0.040508	0.00090995	0.13241	liquid
339.00	162.00	729.30	0.0013712	-406.54	-384.33	-0.98953	1.9783	2.3415	1232.2	-0.040420	0.00089877	0.13221	liquid
340.00	162.00	728.64	0.0013724	-404.22	-381.99	-0.98262	1.9822	2.3450	1228.9	-0.040331	0.00088780	0.13202	liquid
341.00	162.00	727.97	0.0013737	-401.89	-379.64	-0.97573	1.9860	2.3486	1225.6	-0.040243	0.00087706	0.13182	liquid
342.00	162.00	727.30	0.0013749	-399.56	-377.29	-0.96885	1.9899	2.3522	1222.4	-0.040154	0.00086653	0.13162	liquid
343.00	162.00	726.64	0.0013762	-397.23	-374.93	-0.96198	1.9937	2.3557	1219.2	-0.040065	0.00085620	0.13142	liquid
344.00	162.00	725.97	0.0013775	-394.89	-372.58	-0.95511	1.9976	2.3593	1215.9	-0.039976	0.00084608	0.13123	liquid
345.00	162.00	725.31	0.0013787	-392.55	-370.22	-0.94826	2.0014	2.3629	1212.7	-0.039887	0.00083615	0.13103	liquid
346.00	162.00	724.64	0.0013800	-390.21	-367.85	-0.94142	2.0053	2.3665	1209.5	-0.039798	0.00082641	0.13084	liquid
347.00	162.00	723.98	0.0013813	-387.86	-365.48	-0.93458	2.0092	2.3701	1206.3	-0.039708	0.00081686	0.13064	liquid
348.00	162.00	723.31	0.0013825	-385.51	-363.11	-0.92775	2.0130	2.3737	1203.1	-0.039619	0.00080749	0.13045	liquid
349.00	162.00	722.65	0.0013838	-383.15	-360.74	-0.92094	2.0169	2.3773	1200.0	-0.039529	0.00079829	0.13025	liquid
350.00	162.00	721.98	0.0013851	-380.79	-358.36	-0.91413	2.0208	2.3810	1196.8	-0.039439	0.00078927	0.13006	liquid
351.00	162.00	721.32	0.0013863	-378.43	-355.97	-0.90733	2.0246	2.3846	1193.6	-0.039349	0.00078041	0.12987	liquid
352.00	162.00	720.65	0.0013876	-376.07	-353.59	-0.90054	2.0285	2.3882	1190.5	-0.039258	0.00077171	0.12967	liquid
353.00	162.00	719.99	0.0013889	-373.70	-351.20	-0.89376	2.0324	2.3919	1187.3	-0.039168	0.00076318	0.12948	liquid
354.00	162.00	719.33	0.0013902	-371.32	-348.80	-0.88699	2.0362	2.3955	1184.2	-0.039077	0.00075480	0.12929	liquid
355.00	162.00	718.66	0.0013915	-368.95	-346.41	-0.88023	2.0401	2.3992	1181.1	-0.038987	0.00074657	0.12910	liquid
356.00	162.00	718.00	0.0013928	-366.57	-344.01	-0.87348	2.0440	2.4028	1178.0	-0.038896	0.00073848	0.12890	liquid
357.00	162.00	717.34	0.0013940	-364.18	-341.60	-0.86673	2.0479	2.4065	1174.8	-0.038805	0.00073054	0.12871	liquid
358.00	162.00	716.67	0.0013953	-361.80	-339.19	-0.85999	2.0518	2.4101	1171.7	-0.038714	0.00072274	0.12852	liquid
359.00	162.00	716.01	0.0013966	-359.41	-336.78	-0.85327	2.0556	2.4138	1168.7	-0.038623	0.00071508	0.12833	liquid
360.00	162.00	715.35	0.0013979	-357.01	-334.36	-0.84655	2.0595	2.4175	1165.6	-0.038531	0.00070754	0.12814	liquid
361.00	162.00	714.68	0.0013992	-354.61	-331.95	-0.83984	2.0634	2.4211	1162.5	-0.038440	0.00070014	0.12795	liquid
362.00	162.00	714.02	0.0014005	-352.21	-329.52	-0.83313	2.0673	2.4248	1159.4	-0.038348	0.00069287	0.12777	liquid
363.00	162.00	713.36	0.0014018	-349.81	-327.10	-0.82644	2.0712	2.4285	1156.4	-0.038256	0.00068572	0.12758	liquid
364.00	162.00	712.70	0.0014031	-347.40	-324.67	-0.81975	2.0750	2.4322	1153.3	-0.038164	0.00067869	0.12739	liquid
365.00	162.00	712.03	0.0014044	-344.98	-322.23	-0.81308	2.0789	2.4359	1150.3	-0.038072	0.00067177	0.12720	liquid
366.00	162.00	711.37	0.0014057	-342.57	-319.79	-0.80641	2.0828	2.4396	1147.2	-0.037980	0.00066498	0.12701	liquid
367.00	162.00	710.71	0.0014070	-340.15	-317.35	-0.79974	2.0867	2.4433	1144.2	-0.037888	0.00065829	0.12683	liquid
368.00	162.00	710.05	0.0014084	-337.72	-314.91	-0.79309	2.0906	2.4470	1141.2	-0.037796	0.00065172	0.12664	liquid
369.00	162.00	709.38	0.0014097	-335.30	-312.46	-0.78645	2.0945	2.4507	1138.2	-0.037703	0.00064525	0.12646	liquid
370.00	162.00	708.72	0.0014110	-332.86	-310.01	-0.77981	2.0984	2.4544	1135.2	-0.037610	0.00063889	0.12627	liquid
371.00	162.00	708.06	0.0014123	-330.43	-307.55	-0.77318	2.1022	2.4581	1132.2	-0.037518	0.00063263	0.12608	liquid
372.00	162.00	707.40	0.0014136	-327.99	-305.09	-0.76656	2.1061	2.4618	1129.2	-0.037425	0.00062647	0.12590	liquid
373.00	162.00	706.73	0.0014150	-325.55	-302.63	-0.75994	2.1100	2.4655	1126.2	-0.037332	0.00062040	0.12571	liquid
374.00	162.00	706.07	0.0014163	-323.10	-300.16	-0.75334	2.1139	2.4692	1123.3	-0.037239	0.00061444	0.12553	liquid
375.00	162.00	705.41	0.0014176	-320.65	-297.69	-0.74674	2.1178	2.4729	1120.3	-0.037146	0.00060856	0.12535	liquid
376.00	162.00	704.75	0.0014189	-318.20	-295.21	-0.74015	2.1217	2.4767	1117.3	-0.037052	0.00060278	0.12516	liquid
377.00	162.00	704.08	0.0014203	-315.74	-292.73	-0.73356	2.1255	2.4804	1114.4	-0.036959	0.00059709	0.12498	liquid
378.00	162.00	703.42	0.0014216	-313.28	-290.25	-0.72699	2.1294	2.4841	1111.5	-0.036865	0.00059148	0.12480	liquid
379.00	162.00	702.76	0.0014230	-310.82	-287.77	-0.72042	2.1333	2.4878	1108.5	-0.036771	0.00058596	0.12461	liquid
380.00	162.00	702.10	0.0014243	-308.35	-285.28	-0.71386	2.1372	2.4916	1105.6	-0.036678	0.00058053	0.12443	liquid
381.00	162.00	701.44	0.0014256	-305.88	-282.78	-0.70731	2.1411	2.4953	1102.7	-0.036584	0.00057517	0.12425	liquid
382.00	162.00	700.77	0.0014270	-303.40	-280.29	-0.70076	2.1449	2.4990	1099.8	-0.036490	0.00056990	0.12407	liquid
383.00	162.00	700.11	0.0014283	-300.92	-277.78	-0.69422	2.1488	2.5028	1096.9	-0.036395	0.00056471	0.12389	liquid
384.00	162.00	699.45	0.0014297	-298.44	-275.28	-0.68769	2.1527	2.5065	1094.0	-0.036301	0.00055959	0.12371	liquid
385.00	162.00	698.79	0.0014311	-295.95	-272.77	-0.68117	2.1566	2.5103	1091.1	-0.036207	0.00055454	0.12353	liquid
386.00	162.00	698.13	0.0014324	-293.46	-270.26	-0.67465	2.1604	2.5140	1088.2	-0.036112	0.00054957	0.12335	liquid
387.00	162.00	697.46	0.0014338	-290.97	-267.74	-0.66814	2.1643	2.5177	1085.3	-0.036018	0.00054468	0.12317	liquid
388.00	162.00	696.80	0.0014351	-288.47	-265.22	-0.66164	2.1682	2.5215	1082.5	-0.035923	0.00053985	0.12299	liquid
389.00	162.00	696.14	0.0014365	-285.97	-262.70	-0.65515	2.1721	2.5252	1079.6	-0.035828	0.00053509	0.12281	liquid
390.00	162.00	695.48	0.0014379	-283.47	-260.17	-0.64866	2.1759	2.5290	1076.7	-0.035733	0.00053040	0.12263	liquid
391.00	162.00	694.81	0.0014392	-280.96	-257.64	-0.64218	2.1798	2.5327	1073.9	-0.035638	0.00052578	0.12245	liquid
392.00	162.00	694.15	0.0014406	-278.45	-255.11	-0.63570	2.1837	2.5365	1071.1	-0.035543	0.00052122	0.12228	liquid
393.00	162.00	693.49	0.0014420	-275.93	-252.57	-0.62924	2.1875	2.5402	1068.2	-0.035447	0.00051672	0.12210	liquid
394.00	162.00	692.82	0.0014434	-273.41	-250.03	-0.62278	2.1914	2.5440	1065.4	-0.035352	0.00051229	0.12192	liquid
395.00	162.00	692.16	0.0014447	-270.89	-247.48	-0.61632	2.1952	2.5477	1062.6	-0.035256	0.00050792	0.12174	liquid
396.00	162.00	691.50	0.0014461	-268.36	-244.93	-0.60988	2.1991	2.5514	1059.8	-0.035161	0.00050361	0.12157	liquid
397.00	162.00	690.84	0.0014475	-265.83	-242.38	-0.60344	2.2030	2.5552	1057.0	-0.035065	0.00049935	0.12139	liquid
398.00	162.00	690.17	0.0014489	-263.29	-239.82	-0.59700	2.2068	2.5589	1054.2	-0.034969	0.00049516	0.12122	liquid
399.00	162.00	689.51	0.0014503	-260.76	-237.26	-0.59058	2.2107	2.5627	1051.4	-0.034873	0.00049102	0.12104	liquid
400.00	162.00	688.85	0.0014517	-258.21	-234.70	-0.58416	2.2145	2.5664	1048.6	-0.034777	0.00048693	0.12087	liquid
401.00	162.00	688.18	0.0014531	-255.67	-232.13	-0.57774	2.2184	2.5702	1045.8	-0.034680	0.00048290	0.12069	liquid
402.00	162.00	687.52	0.0014545	-253.12	-229.56	-0.57134	2.2222	2.5739	1043.1	-0.034584	0.00047893	0.12052	liquid
403.00	162.00	686.86	0.0014559	-250.57	-226.98	-0.56494	2.2260	2.5777	1040.3	-0.034487	0.00047500	0.12034	liquid
404.00	162.00	686.19	0.0014573	-248.01	-224.40	-0.55855	2.2299	2.5814	1037.5	-0.034391	0.00047113	0.12017	liquid
405.00	162.00	685.53	0.0014587	-245.45	-221.82	-0.55216	2.2337	2.5852	1034.8	-0.034294	0.00046731	0.11999	liquid
406.00	162.00	684.86	0.0014601	-242.88	-219.23	-0.54578	2.2376	2.5889	1032.1	-0.034197	0.00046353	0.11982	liquid
407.00	162.00	684.20	0.0014616	-240.32	-216.64	-0.53941	2.2414	2.5927	1029.3	-0.034100	0.00045981	0.11965	liquid
408.00	162.00	683.54	0.0014630	-237.75	-214.05	-0.53304	2.2452	2.5964	1026.6	-0.034003	0.00045613	0.11948	liquid
409.00	162.00	682.87	0.0014644	-235.17	-211.45	-0.52668	2.2491	2.6002	1023.9	-0.033906	0.00045250	0.11930	liquid
410.00	162.00	682.21	0.0014658	-232.59	-208.84	-0.52032	2.2529	2.6039	1021.1	-0.033808	0.00044891	0.11913	liquid
411.00	162.00	681.54	0.0014673	-230.01	-206.24	-0.51398	2.2567	2.6077	1018.4	-0.033711	0.00044537	0.11896	liquid
412.00	162.00	680.88	0.0014687	-227.42	-203.63	-0.50763	2.2605	2.6114	1015.7	-0.033613	0.00044188	0.11879	liquid
413.00	162.00	680.21	0.0014701	-224.83	-201.02	-0.50130	2.2643	2.6152	1013.0	-0.033515	0.00043842	0.11862	liquid
414.00	162.00	679.55	0.0014716	-222.24	-198.40	-0.49497	2.2682	2.6189	1010.3	-0.033417	0.00043501	0.11845	liquid
415.00	162.00	678.88	0.0014730	-219.64	-195.78	-0.48865	2.2720	2.6226	1007.7	-0.033319	0.00043164	0.11828	liquid
416.00	162.00	678.22	0.0014745	-217.04	-193.15	-0.48233	2.2758	2.6264	1005.0	-0.033221	0.00042831	0.11811	liquid
417.00	162.00	677.55	0.0014759	-214.44	-190.53	-0.47602	2.2796	2.6301	1002.3	-0.033123	0.00042503	0.11794	liquid
418.00	162.00	676.89	0.0014774	-211.83	-187.89	-0.46972	2.2834	2.6339	999.64	-0.033024	0.00042178	0.11777	liquid
419.00	162.00	676.22	0.0014788	-209.21	-185.26	-0.46342	2.2872	2.6376	996.98	-0.032926	0.00041857	0.11760	liquid
420.00	162.00	675.55	0.0014803	-206.60	-182.62	-0.45713	2.2910	2.6413	994.32	-0.032827	0.00041539	0.11743	liquid
421.00	162.00	674.89	0.0014817	-203.98	-179.98	-0.45084	2.2948	2.6451	991.67	-0.032728	0.00041226	0.11726	liquid
422.00	162.00	674.22	0.0014832	-201.36	-177.33	-0.44456	2.2986	2.6488	989.03	-0.032629	0.00040916	0.11709	liquid
423.00	162.00	673.55	0.0014847	-198.73	-174.68	-0.43829	2.3023	2.6525	986.40	-0.032530	0.00040610	0.11693	liquid
424.00	162.00	672.89	0.0014861	-196.10	-172.02	-0.43202	2.3061	2.6563	983.77	-0.032431	0.00040307	0.11676	liquid
425.00	162.00	672.22	0.0014876	-193.46	-169.36	-0.42576	2.3099	2.6600	981.14	-0.032331	0.00040008	0.11659	liquid
426.00	162.00	671.55	0.0014891	-190.83	-166.70	-0.41950	2.3137	2.6637	978.52	-0.032232	0.00039713	0.11642	liquid
427.00	162.00	670.88	0.0014906	-188.18	-164.04	-0.41325	2.3175	2.6674	975.91	-0.032132	0.00039420	0.11626	liquid
428.00	162.00	670.22	0.0014921	-185.54	-161.37	-0.40701	2.3212	2.6712	973.31	-0.032032	0.00039131	0.11609	liquid
429.00	162.00	669.55	0.0014935	-182.89	-158.70	-0.40077	2.3250	2.6749	970.71	-0.031932	0.00038845	0.11592	liquid
430.00	162.00	668.88	0.0014950	-180.24	-156.02	-0.39454	2.3288	2.6786	968.11	-0.031832	0.00038563	0.11576	liquid
431.00	162.00	668.21	0.0014965	-177.58	-153.34	-0.38831	2.3325	2.6823	965.53	-0.031732	0.00038284	0.11559	liquid
432.00	162.00	667.54	0.0014980	-174.92	-150.65	-0.38209	2.3363	2.6860	962.94	-0.031631	0.00038007	0.11543	liquid
433.00	162.00	666.87	0.0014995	-172.26	-147.97	-0.37588	2.3400	2.6898	960.37	-0.031531	0.00037734	0.11526	liquid
434.00	162.00	666.20	0.0015010	-169.59	-145.27	-0.36967	2.3438	2.6935	957.80	-0.031430	0.00037464	0.11510	liquid
435.00	162.00	665.54	0.0015026	-166.92	-142.58	-0.36346	2.3475	2.6972	955.23	-0.031329	0.00037196	0.11493	liquid
436.00	162.00	664.87	0.0015041	-164.25	-139.88	-0.35727	2.3513	2.7009	952.68	-0.031228	0.00036932	0.11477	liquid
437.00	162.00	664.20	0.0015056	-161.57	-137.18	-0.35107	2.3550	2.7046	950.12	-0.031126	0.00036670	0.11461	liquid
438.00	162.00	663.53	0.0015071	-158.89	-134.47	-0.34489	2.3587	2.7083	947.58	-0.031025	0.00036412	0.11444	liquid
439.00	162.00	662.85	0.0015086	-156.20	-131.76	-0.33871	2.3625	2.7120	945.04	-0.030923	0.00036156	0.11428	liquid
440.00	162.00	662.18	0.0015102	-153.51	-129.05	-0.33253	2.3662	2.7157	942.50	-0.030822	0.00035902	0.11412	liquid
441.00	162.00	661.51	0.0015117	-150.82	-126.33	-0.32636	2.3699	2.7194	939.97	-0.030720	0.00035652	0.11396	liquid
442.00	162.00	660.84	0.0015132	-148.12	-123.61	-0.32020	2.3736	2.7231	937.45	-0.030618	0.00035404	0.11379	liquid
443.00	162.00	660.17	0.0015148	-145.42	-120.88	-0.31404	2.3773	2.7267	934.93	-0.030515	0.00035158	0.11363	liquid
444.00	162.00	659.50	0.0015163	-142.72	-118.15	-0.30789	2.3810	2.7304	932.42	-0.030413	0.00034915	0.11347	liquid
445.00	162.00	658.83	0.0015178	-140.01	-115.42	-0.30174	2.3847	2.7341	929.91	-0.030310	0.00034675	0.11331	liquid
446.00	162.00	658.15	0.0015194	-137.30	-112.69	-0.29560	2.3884	2.7378	927.41	-0.030208	0.00034437	0.11315	liquid
447.00	162.00	657.48	0.0015210	-134.59	-109.95	-0.28947	2.3921	2.7415	924.92	-0.030105	0.00034202	0.11299	liquid
448.00	162.00	656.81	0.0015225	-131.87	-107.20	-0.28334	2.3958	2.7451	922.43	-0.030002	0.00033969	0.11283	liquid
449.00	162.00	656.14	0.0015241	-129.15	-104.46	-0.27721	2.3995	2.7488	919.94	-0.029898	0.00033738	0.11267	liquid
450.00	162.00	655.46	0.0015256	-126.42	-101.71	-0.27109	2.4032	2.7525	917.46	-0.029795	0.00033510	0.11251	liquid
451.00	162.00	654.79	0.0015272	-123.69	-98.951	-0.26498	2.4069	2.7561	914.99	-0.029691	0.00033284	0.11235	liquid
452.00	162.00	654.11	0.0015288	-120.96	-96.193	-0.25887	2.4106	2.7598	912.52	-0.029587	0.00033060	0.11219	liquid
453.00	162.00	653.44	0.0015304	-118.22	-93.432	-0.25277	2.4142	2.7635	910.06	-0.029483	0.00032838	0.11203	liquid
454.00	162.00	652.77	0.0015319	-115.48	-90.666	-0.24667	2.4179	2.7671	907.61	-0.029379	0.00032619	0.11187	liquid
455.00	162.00	652.09	0.0015335	-112.74	-87.898	-0.24058	2.4216	2.7708	905.16	-0.029275	0.00032401	0.11171	liquid
456.00	162.00	651.42	0.0015351	-109.99	-85.125	-0.23449	2.4252	2.7744	902.71	-0.029170	0.00032186	0.11155	liquid
457.00	162.00	650.74	0.0015367	-107.24	-82.349	-0.22841	2.4289	2.7781	900.27	-0.029065	0.00031973	0.11140	liquid
458.00	162.00	650.06	0.0015383	-104.49	-79.569	-0.22233	2.4325	2.7817	897.84	-0.028960	0.00031762	0.11124	liquid
459.00	162.00	649.39	0.0015399	-101.73	-76.785	-0.21626	2.4362	2.7853	895.41	-0.028855	0.00031553	0.11108	liquid
460.00	162.00	648.71	0.0015415	-98.971	-73.998	-0.21019	2.4398	2.7890	892.99	-0.028750	0.00031346	0.11093	liquid
461.00	162.00	648.03	0.0015431	-96.206	-71.207	-0.20413	2.4434	2.7926	890.57	-0.028644	0.00031141	0.11077	liquid
462.00	162.00	647.36	0.0015447	-93.438	-68.413	-0.19808	2.4471	2.7962	888.16	-0.028538	0.00030938	0.11061	liquid
463.00	162.00	646.68	0.0015464	-90.666	-65.615	-0.19203	2.4507	2.7999	885.75	-0.028432	0.00030737	0.11046	liquid
464.00	162.00	646.00	0.0015480	-87.891	-62.813	-0.18598	2.4543	2.8035	883.35	-0.028326	0.00030538	0.11030	liquid
465.00	162.00	645.32	0.0015496	-85.112	-60.008	-0.17995	2.4579	2.8071	880.95	-0.028220	0.00030340	0.11015	liquid
466.00	162.00	644.64	0.0015512	-82.329	-57.199	-0.17391	2.4615	2.8107	878.56	-0.028113	0.00030145	0.10999	liquid
467.00	162.00	643.97	0.0015529	-79.543	-54.387	-0.16788	2.4651	2.8143	876.18	-0.028006	0.00029951	0.10984	liquid
468.00	162.00	643.29	0.0015545	-76.754	-51.570	-0.16186	2.4687	2.8179	873.80	-0.027899	0.00029759	0.10968	liquid
469.00	162.00	642.61	0.0015562	-73.960	-48.751	-0.15584	2.4723	2.8215	871.42	-0.027792	0.00029568	0.10953	liquid
470.00	162.00	641.93	0.0015578	-71.164	-45.927	-0.14983	2.4759	2.8251	869.05	-0.027685	0.00029380	0.10937	liquid
471.00	162.00	641.25	0.0015595	-68.364	-43.100	-0.14382	2.4795	2.8287	866.69	-0.027577	0.00029193	0.10922	liquid
472.00	162.00	640.57	0.0015611	-65.560	-40.270	-0.13782	2.4831	2.8323	864.33	-0.027469	0.00029008	0.10907	liquid
473.00	162.00	639.89	0.0015628	-62.753	-37.436	-0.13182	2.4867	2.8359	861.98	-0.027361	0.00028825	0.10891	liquid
474.00	162.00	639.20	0.0015644	-59.942	-34.598	-0.12582	2.4903	2.8395	859.63	-0.027253	0.00028643	0.10876	liquid
475.00	162.00	638.52	0.0015661	-57.128	-31.757	-0.11984	2.4938	2.8430	857.29	-0.027144	0.00028462	0.10861	liquid
476.00	162.00	637.84	0.0015678	-54.310	-28.912	-0.11385	2.4974	2.8466	854.95	-0.027035	0.00028284	0.10846	liquid
477.00	162.00	637.16	0.0015695	-51.489	-26.064	-0.10788	2.5010	2.8502	852.62	-0.026926	0.00028107	0.10830	liquid
478.00	162.00	636.48	0.0015712	-48.664	-23.212	-0.10190	2.5045	2.8537	850.29	-0.026817	0.00027931	0.10815	liquid
479.00	162.00	635.79	0.0015728	-45.836	-20.356	-0.095935	2.5081	2.8573	847.97	-0.026707	0.00027757	0.10800	liquid
480.00	162.00	635.11	0.0015745	-43.005	-17.497	-0.089973	2.5116	2.8609	845.66	-0.026598	0.00027585	0.10785	liquid
481.00	162.00	634.42	0.0015762	-40.169	-14.635	-0.084015	2.5152	2.8644	843.35	-0.026488	0.00027414	0.10770	liquid
482.00	162.00	633.74	0.0015779	-37.331	-11.768	-0.078062	2.5187	2.8680	841.04	-0.026378	0.00027244	0.10755	liquid
483.00	162.00	633.06	0.0015796	-34.489	-8.8986	-0.072115	2.5222	2.8715	838.74	-0.026267	0.00027076	0.10740	liquid
484.00	162.00	632.37	0.0015814	-31.643	-6.0254	-0.066172	2.5257	2.8750	836.45	-0.026156	0.00026910	0.10725	liquid
485.00	162.00	631.69	0.0015831	-28.794	-3.1486	-0.060234	2.5293	2.8786	834.16	-0.026045	0.00026745	0.10710	liquid
486.00	162.00	631.00	0.0015848	-25.942	-0.26824	-0.054302	2.5328	2.8821	831.87	-0.025934	0.00026581	0.10695	liquid
487.00	162.00	630.31	0.0015865	-23.086	2.6156	-0.048374	2.5363	2.8856	829.59	-0.025823	0.00026418	0.10680	liquid
488.00	162.00	629.63	0.0015882	-20.227	5.5030	-0.042451	2.5398	2.8891	827.32	-0.025711	0.00026257	0.10665	liquid
489.00	162.00	628.94	0.0015900	-17.364	8.3939	-0.036533	2.5433	2.8927	825.05	-0.025599	0.00026098	0.10650	liquid
490.00	162.00	628.25	0.0015917	-14.497	11.288	-0.030620	2.5468	2.8962	822.79	-0.025487	0.00025939	0.10636	liquid
491.00	162.00	627.56	0.0015935	-11.628	14.186	-0.024712	2.5503	2.8997	820.53	-0.025375	0.00025782	0.10621	liquid
492.00	162.00	626.88	0.0015952	-8.7548	17.088	-0.018809	2.5538	2.9032	818.28	-0.025262	0.00025626	0.10606	liquid
493.00	162.00	626.19	0.0015970	-5.8783	19.993	-0.012911	2.5572	2.9067	816.03	-0.025149	0.00025472	0.10591	liquid
494.00	162.00	625.50	0.0015987	-2.9983	22.901	-0.0070172	2.5607	2.9102	813.79	-0.025036	0.00025319	0.10577	liquid
495.00	162.00	624.81	0.0016005	-0.11501	25.813	-0.0011286	2.5642	2.9136	811.55	-0.024922	0.00025167	0.10562	liquid
496.00	162.00	624.12	0.0016023	2.7717	28.728	0.0047551	2.5676	2.9171	809.32	-0.024808	0.00025016	0.10548	liquid
497.00	162.00	623.43	0.0016040	5.6619	31.647	0.010634	2.5711	2.9206	807.09	-0.024694	0.00024866	0.10533	liquid
498.00	162.00	622.74	0.0016058	8.5554	34.569	0.016508	2.5746	2.9241	804.87	-0.024580	0.00024718	0.10518	liquid
499.00	162.00	622.05	0.0016076	11.452	37.495	0.022377	2.5780	2.9275	802.66	-0.024465	0.00024571	0.10504	liquid
500.00	162.00	621.36	0.0016094	14.353	40.425	0.028242	2.5815	2.9310	800.44	-0.024351	0.00024425	0.10489	liquid
501.00	162.00	620.67	0.0016112	17.256	43.357	0.034101	2.5849	2.9345	798.24	-0.024236	0.00024280	0.10475	liquid
502.00	162.00	619.97	0.0016130	20.163	46.293	0.039956	2.5883	2.9379	796.04	-0.024120	0.00024136	0.10460	liquid
503.00	162.00	619.28	0.0016148	23.074	49.233	0.045806	2.5917	2.9414	793.84	-0.024004	0.00023994	0.10446	liquid
504.00	162.00	618.59	0.0016166	25.987	52.176	0.051651	2.5952	2.9448	791.65	-0.023888	0.00023852	0.10432	liquid
505.00	162.00	617.89	0.0016184	28.905	55.123	0.057492	2.5986	2.9482	789.47	-0.023772	0.00023712	0.10417	liquid
506.00	162.00	617.20	0.0016202	31.825	58.073	0.063328	2.6020	2.9517	787.29	-0.023656	0.00023573	0.10403	liquid
507.00	162.00	616.51	0.0016220	34.749	61.026	0.069159	2.6054	2.9551	785.11	-0.023539	0.00023435	0.10389	liquid
508.00	162.00	615.81	0.0016239	37.676	63.983	0.074985	2.6088	2.9585	782.94	-0.023422	0.00023298	0.10375	liquid
509.00	162.00	615.12	0.0016257	40.607	66.943	0.080806	2.6122	2.9619	780.78	-0.023304	0.00023162	0.10360	liquid
510.00	162.00	614.42	0.0016276	43.540	69.907	0.086623	2.6156	2.9653	778.62	-0.023187	0.00023027	0.10346	liquid
511.00	162.00	613.72	0.0016294	46.478	72.874	0.092435	2.6190	2.9687	776.47	-0.023069	0.00022893	0.10332	liquid
512.00	162.00	613.03	0.0016312	49.418	75.844	0.098242	2.6224	2.9721	774.32	-0.022950	0.00022760	0.10318	liquid
513.00	162.00	612.33	0.0016331	52.362	78.818	0.10404	2.6257	2.9755	772.17	-0.022832	0.00022628	0.10304	liquid
514.00	162.00	611.63	0.0016350	55.309	81.795	0.10984	2.6291	2.9789	770.03	-0.022713	0.00022497	0.10290	liquid
515.00	162.00	610.94	0.0016368	58.259	84.776	0.11564	2.6325	2.9823	767.90	-0.022594	0.00022367	0.10276	liquid
516.00	162.00	610.24	0.0016387	61.213	87.760	0.12142	2.6358	2.9857	765.77	-0.022474	0.00022238	0.10262	liquid
517.00	162.00	609.54	0.0016406	64.170	90.747	0.12721	2.6392	2.9891	763.65	-0.022355	0.00022110	0.10248	liquid
518.00	162.00	608.84	0.0016425	67.130	93.738	0.13299	2.6425	2.9924	761.53	-0.022235	0.00021983	0.10234	liquid
519.00	162.00	608.14	0.0016444	70.094	96.732	0.13876	2.6459	2.9958	759.42	-0.022114	0.00021857	0.10220	liquid
520.00	162.00	607.44	0.0016463	73.060	99.730	0.14453	2.6492	2.9991	757.31	-0.021993	0.00021731	0.10206	liquid
521.00	162.00	606.74	0.0016482	76.030	102.73	0.15030	2.6525	3.0025	755.21	-0.021872	0.00021607	0.10192	liquid
522.00	162.00	606.04	0.0016501	79.004	105.73	0.15606	2.6559	3.0058	753.11	-0.021751	0.00021484	0.10179	liquid
523.00	162.00	605.34	0.0016520	81.980	108.74	0.16181	2.6592	3.0092	751.02	-0.021629	0.00021361	0.10165	liquid
524.00	162.00	604.64	0.0016539	84.960	111.75	0.16757	2.6625	3.0125	748.94	-0.021508	0.00021240	0.10151	liquid
525.00	162.00	603.93	0.0016558	87.943	114.77	0.17331	2.6658	3.0158	746.86	-0.021385	0.00021119	0.10137	liquid
526.00	162.00	603.23	0.0016577	90.929	117.78	0.17905	2.6691	3.0192	744.78	-0.021263	0.00020999	0.10124	liquid
527.00	162.00	602.53	0.0016597	93.919	120.81	0.18479	2.6724	3.0225	742.71	-0.021140	0.00020880	0.10110	liquid
528.00	162.00	601.83	0.0016616	96.911	123.83	0.19052	2.6757	3.0258	740.64	-0.021017	0.00020762	0.10096	liquid
529.00	162.00	601.12	0.0016636	99.907	126.86	0.19625	2.6790	3.0291	738.58	-0.020893	0.00020645	0.10083	liquid
530.00	162.00	600.42	0.0016655	102.91	129.89	0.20198	2.6823	3.0324	736.53	-0.020769	0.00020528	0.10069	liquid
531.00	162.00	599.71	0.0016675	105.91	132.92	0.20770	2.6856	3.0357	734.48	-0.020645	0.00020413	0.10056	liquid
532.00	162.00	599.01	0.0016694	108.91	135.96	0.21341	2.6888	3.0390	732.43	-0.020520	0.00020298	0.10042	liquid
533.00	162.00	598.30	0.0016714	111.92	139.00	0.21912	2.6921	3.0423	730.39	-0.020396	0.00020184	0.10029	liquid
534.00	162.00	597.60	0.0016734	114.94	142.04	0.22483	2.6954	3.0455	728.36	-0.020270	0.00020071	0.10016	liquid
535.00	162.00	596.89	0.0016754	117.95	145.09	0.23053	2.6986	3.0488	726.33	-0.020145	0.00019959	0.10002	liquid
536.00	162.00	596.18	0.0016773	120.97	148.14	0.23622	2.7019	3.0521	724.31	-0.020019	0.00019847	0.099889	liquid
537.00	162.00	595.48	0.0016793	123.99	151.19	0.24192	2.7051	3.0553	722.29	-0.019893	0.00019736	0.099756	liquid
538.00	162.00	594.77	0.0016813	127.01	154.25	0.24760	2.7084	3.0586	720.28	-0.019766	0.00019626	0.099624	liquid
539.00	162.00	594.06	0.0016833	130.04	157.31	0.25329	2.7116	3.0618	718.27	-0.019640	0.00019517	0.099492	liquid
540.00	162.00	593.35	0.0016853	133.07	160.38	0.25896	2.7148	3.0651	716.27	-0.019512	0.00019408	0.099360	liquid
541.00	162.00	592.64	0.0016874	136.11	163.44	0.26464	2.7180	3.0683	714.27	-0.019385	0.00019301	0.099228	liquid
542.00	162.00	591.93	0.0016894	139.14	166.51	0.27031	2.7213	3.0715	712.28	-0.019257	0.00019194	0.099097	liquid
543.00	162.00	591.22	0.0016914	142.18	169.59	0.27597	2.7245	3.0747	710.29	-0.019129	0.00019087	0.098966	liquid
544.00	162.00	590.51	0.0016934	145.23	172.66	0.28163	2.7277	3.0779	708.31	-0.019000	0.00018982	0.098836	liquid
545.00	162.00	589.80	0.0016955	148.27	175.74	0.28729	2.7309	3.0812	706.33	-0.018871	0.00018877	0.098705	liquid
546.00	162.00	589.09	0.0016975	151.32	178.82	0.29294	2.7341	3.0844	704.36	-0.018742	0.00018773	0.098576	liquid
547.00	162.00	588.38	0.0016996	154.38	181.91	0.29859	2.7373	3.0876	702.40	-0.018613	0.00018670	0.098446	liquid
548.00	162.00	587.67	0.0017016	157.43	185.00	0.30423	2.7404	3.0907	700.43	-0.018483	0.00018567	0.098317	liquid
549.00	162.00	586.95	0.0017037	160.49	188.09	0.30987	2.7436	3.0939	698.48	-0.018352	0.00018465	0.098188	liquid
550.00	162.00	586.24	0.0017058	163.55	191.19	0.31550	2.7468	3.0971	696.53	-0.018222	0.00018363	0.098060	liquid
551.00	162.00	585.53	0.0017079	166.62	194.29	0.32113	2.7500	3.1003	694.59	-0.018091	0.00018263	0.097932	liquid
552.00	162.00	584.81	0.0017099	169.69	197.39	0.32675	2.7531	3.1034	692.65	-0.017960	0.00018163	0.097804	liquid
553.00	162.00	584.10	0.0017120	172.76	200.49	0.33237	2.7563	3.1066	690.71	-0.017828	0.00018064	0.097677	liquid
554.00	162.00	583.38	0.0017141	175.83	203.60	0.33799	2.7594	3.1097	688.79	-0.017696	0.00017965	0.097550	liquid
555.00	162.00	582.67	0.0017162	178.91	206.71	0.34360	2.7626	3.1129	686.86	-0.017564	0.00017867	0.097423	liquid
556.00	162.00	581.95	0.0017184	181.99	209.83	0.34921	2.7657	3.1160	684.95	-0.017431	0.00017770	0.097297	liquid
557.00	162.00	581.24	0.0017205	185.07	212.94	0.35481	2.7689	3.1192	683.03	-0.017298	0.00017673	0.097171	liquid
558.00	162.00	580.52	0.0017226	188.16	216.06	0.36041	2.7720	3.1223	681.13	-0.017164	0.00017577	0.097046	liquid
559.00	162.00	579.80	0.0017247	191.25	219.19	0.36600	2.7751	3.1254	679.23	-0.017031	0.00017481	0.096921	liquid
560.00	162.00	579.09	0.0017269	194.34	222.32	0.37159	2.7782	3.1285	677.33	-0.016897	0.00017387	0.096796	liquid
561.00	162.00	578.37	0.0017290	197.44	225.45	0.37717	2.7814	3.1316	675.44	-0.016762	0.00017292	0.096672	liquid
562.00	162.00	577.65	0.0017312	200.53	228.58	0.38275	2.7845	3.1347	673.55	-0.016627	0.00017199	0.096548	liquid
563.00	162.00	576.93	0.0017333	203.64	231.71	0.38833	2.7876	3.1378	671.67	-0.016492	0.00017106	0.096424	liquid
564.00	162.00	576.21	0.0017355	206.74	234.85	0.39390	2.7907	3.1409	669.80	-0.016357	0.00017014	0.096301	liquid
565.00	162.00	575.49	0.0017376	209.85	238.00	0.39947	2.7938	3.1440	667.93	-0.016221	0.00016922	0.096178	liquid
566.00	162.00	574.77	0.0017398	212.96	241.14	0.40503	2.7968	3.1471	666.07	-0.016084	0.00016831	0.096055	liquid
567.00	162.00	574.05	0.0017420	216.07	244.29	0.41059	2.7999	3.1501	664.21	-0.015948	0.00016740	0.095933	liquid
568.00	162.00	573.33	0.0017442	219.19	247.44	0.41614	2.8030	3.1532	662.36	-0.015811	0.00016650	0.095811	liquid
569.00	162.00	572.61	0.0017464	222.31	250.60	0.42169	2.8061	3.1562	660.51	-0.015674	0.00016561	0.095690	liquid
570.00	162.00	571.89	0.0017486	225.43	253.76	0.42723	2.8091	3.1593	658.67	-0.015536	0.00016472	0.095569	liquid
571.00	162.00	571.17	0.0017508	228.55	256.92	0.43277	2.8122	3.1623	656.83	-0.015398	0.00016384	0.095448	liquid
572.00	162.00	570.45	0.0017530	231.68	260.08	0.43831	2.8152	3.1654	655.00	-0.015260	0.00016296	0.095328	liquid
573.00	162.00	569.72	0.0017552	234.81	263.25	0.44384	2.8183	3.1684	653.18	-0.015121	0.00016209	0.095208	liquid
574.00	162.00	569.00	0.0017575	237.95	266.42	0.44937	2.8213	3.1714	651.36	-0.014982	0.00016122	0.095089	liquid
575.00	162.00	568.28	0.0017597	241.08	269.59	0.45489	2.8244	3.1744	649.55	-0.014842	0.00016036	0.094970	liquid
576.00	162.00	567.55	0.0017620	244.22	272.77	0.46041	2.8274	3.1774	647.74	-0.014703	0.00015951	0.094851	liquid
577.00	162.00	566.83	0.0017642	247.36	275.94	0.46592	2.8304	3.1804	645.93	-0.014562	0.00015866	0.094733	liquid
578.00	162.00	566.10	0.0017665	250.51	279.13	0.47143	2.8334	3.1834	644.14	-0.014422	0.00015781	0.094615	liquid
579.00	162.00	565.38	0.0017687	253.66	282.31	0.47694	2.8365	3.1864	642.35	-0.014281	0.00015697	0.094498	liquid
580.00	162.00	564.65	0.0017710	256.81	285.50	0.48244	2.8395	3.1894	640.56	-0.014140	0.00015614	0.094381	liquid
581.00	162.00	563.93	0.0017733	259.96	288.69	0.48794	2.8425	3.1923	638.78	-0.013998	0.00015531	0.094264	liquid
582.00	162.00	563.20	0.0017756	263.12	291.88	0.49343	2.8455	3.1953	637.00	-0.013856	0.00015449	0.094148	liquid
583.00	162.00	562.47	0.0017779	266.28	295.08	0.49892	2.8485	3.1983	635.24	-0.013714	0.00015367	0.094032	liquid
584.00	162.00	561.75	0.0017802	269.44	298.28	0.50440	2.8514	3.2012	633.47	-0.013572	0.00015286	0.093917	liquid
585.00	162.00	561.02	0.0017825	272.61	301.48	0.50988	2.8544	3.2042	631.71	-0.013429	0.00015205	0.093802	liquid
586.00	162.00	560.29	0.0017848	275.77	304.69	0.51536	2.8574	3.2071	629.96	-0.013285	0.00015125	0.093687	liquid
587.00	162.00	559.56	0.0017871	278.95	307.90	0.52083	2.8604	3.2100	628.21	-0.013142	0.00015045	0.093573	liquid
588.00	162.00	558.84	0.0017894	282.12	311.11	0.52629	2.8633	3.2129	626.47	-0.012998	0.00014966	0.093459	liquid
589.00	162.00	558.11	0.0017918	285.30	314.32	0.53176	2.8663	3.2159	624.74	-0.012853	0.00014887	0.093346	liquid
590.00	162.00	557.38	0.0017941	288.48	317.54	0.53721	2.8693	3.2188	623.01	-0.012709	0.00014809	0.093233	liquid
591.00	162.00	556.65	0.0017965	291.66	320.76	0.54267	2.8722	3.2217	621.28	-0.012564	0.00014731	0.093120	liquid
592.00	162.00	555.92	0.0017988	294.84	323.98	0.54812	2.8752	3.2246	619.56	-0.012418	0.00014654	0.093008	liquid
593.00	162.00	555.19	0.0018012	298.03	327.21	0.55356	2.8781	3.2274	617.85	-0.012272	0.00014577	0.092896	liquid
594.00	162.00	554.46	0.0018036	301.22	330.44	0.55900	2.8810	3.2303	616.14	-0.012126	0.00014501	0.092785	liquid
595.00	162.00	553.73	0.0018059	304.41	333.67	0.56444	2.8840	3.2332	614.44	-0.011980	0.00014425	0.092674	liquid
596.00	162.00	553.00	0.0018083	307.61	336.90	0.56987	2.8869	3.2361	612.75	-0.011833	0.00014349	0.092564	liquid
597.00	162.00	552.26	0.0018107	310.81	340.14	0.57530	2.8898	3.2389	611.06	-0.011686	0.00014274	0.092454	liquid
598.00	162.00	551.53	0.0018131	314.01	343.38	0.58072	2.8927	3.2418	609.37	-0.011539	0.00014200	0.092344	liquid
599.00	162.00	550.80	0.0018155	317.21	346.63	0.58614	2.8956	3.2446	607.69	-0.011391	0.00014126	0.092235	liquid
600.00	162.00	550.07	0.0018180	320.42	349.87	0.59155	2.8985	3.2474	606.02	-0.011243	0.00014052	0.092126	liquid
601.00	162.00	549.34	0.0018204	323.63	353.12	0.59696	2.9014	3.2503	604.36	-0.011095	0.00013979	0.092018	liquid
602.00	162.00	548.60	0.0018228	326.84	356.37	0.60237	2.9043	3.2531	602.69	-0.010946	0.00013906	0.091910	liquid
603.00	162.00	547.87	0.0018253	330.06	359.63	0.60777	2.9072	3.2559	601.04	-0.010797	0.00013834	0.091803	liquid
604.00	162.00	547.13	0.0018277	333.28	362.88	0.61317	2.9101	3.2587	599.39	-0.010647	0.00013762	0.091696	liquid
605.00	162.00	546.40	0.0018302	336.50	366.14	0.61856	2.9129	3.2615	597.74	-0.010498	0.00013691	0.091590	liquid
606.00	162.00	545.67	0.0018326	339.72	369.41	0.62395	2.9158	3.2643	596.11	-0.010348	0.00013620	0.091483	liquid
607.00	162.00	544.93	0.0018351	342.94	372.67	0.62933	2.9187	3.2671	594.47	-0.010197	0.00013550	0.091378	liquid
608.00	162.00	544.20	0.0018376	346.17	375.94	0.63471	2.9215	3.2699	592.85	-0.010047	0.00013480	0.091273	liquid
609.00	162.00	543.46	0.0018401	349.40	379.21	0.64009	2.9244	3.2726	591.23	-0.0098958	0.00013410	0.091168	liquid
610.00	162.00	542.73	0.0018425	352.64	382.49	0.64546	2.9272	3.2754	589.61	-0.0097445	0.00013341	0.091064	liquid
611.00	162.00	541.99	0.0018451	355.87	385.76	0.65083	2.9301	3.2781	588.00	-0.0095929	0.00013272	0.090960	liquid
612.00	162.00	541.25	0.0018476	359.11	389.04	0.65619	2.9329	3.2809	586.40	-0.0094410	0.00013204	0.090856	liquid
613.00	162.00	540.52	0.0018501	362.35	392.33	0.66155	2.9357	3.2836	584.80	-0.0092888	0.00013136	0.090754	liquid
614.00	162.00	539.78	0.0018526	365.60	395.61	0.66691	2.9386	3.2864	583.21	-0.0091363	0.00013068	0.090651	liquid
615.00	162.00	539.05	0.0018551	368.84	398.90	0.67226	2.9414	3.2891	581.63	-0.0089835	0.00013001	0.090549	liquid
616.00	162.00	538.31	0.0018577	372.09	402.19	0.67760	2.9442	3.2918	580.05	-0.0088304	0.00012934	0.090448	liquid
617.00	162.00	537.57	0.0018602	375.35	405.48	0.68294	2.9470	3.2945	578.47	-0.0086770	0.00012868	0.090346	liquid
618.00	162.00	536.83	0.0018628	378.60	408.78	0.68828	2.9498	3.2972	576.91	-0.0085234	0.00012802	0.090246	liquid
619.00	162.00	536.10	0.0018653	381.86	412.08	0.69361	2.9526	3.2999	575.34	-0.0083694	0.00012736	0.090146	liquid
620.00	162.00	535.36	0.0018679	385.12	415.38	0.69894	2.9554	3.3026	573.79	-0.0082151	0.00012671	0.090046	liquid
621.00	162.00	534.62	0.0018705	388.38	418.68	0.70427	2.9582	3.3053	572.24	-0.0080606	0.00012606	0.089947	liquid
622.00	162.00	533.88	0.0018731	391.64	421.99	0.70959	2.9610	3.3079	570.69	-0.0079058	0.00012542	0.089848	liquid
623.00	162.00	533.14	0.0018757	394.91	425.30	0.71490	2.9638	3.3106	569.16	-0.0077507	0.00012478	0.089750	liquid
624.00	162.00	532.40	0.0018783	398.18	428.61	0.72022	2.9665	3.3133	567.62	-0.0075953	0.00012415	0.089652	liquid
625.00	162.00	531.66	0.0018809	401.45	431.92	0.72552	2.9693	3.3159	566.10	-0.0074397	0.00012351	0.089554	liquid
626.00	162.00	530.93	0.0018835	404.73	435.24	0.73083	2.9721	3.3185	564.58	-0.0072838	0.00012289	0.089458	liquid
627.00	162.00	530.19	0.0018861	408.00	438.56	0.73613	2.9748	3.3212	563.06	-0.0071277	0.00012226	0.089361	liquid
628.00	162.00	529.45	0.0018888	411.28	441.88	0.74142	2.9776	3.3238	561.56	-0.0069712	0.00012164	0.089265	liquid
629.00	162.00	528.71	0.0018914	414.57	445.21	0.74671	2.9803	3.3264	560.05	-0.0068146	0.00012102	0.089170	liquid
630.00	162.00	527.97	0.0018941	417.85	448.54	0.75200	2.9831	3.3290	558.56	-0.0066576	0.00012041	0.089075	liquid
631.00	162.00	527.23	0.0018967	421.14	451.87	0.75728	2.9858	3.3316	557.07	-0.0065005	0.00011980	0.088980	liquid
632.00	162.00	526.49	0.0018994	424.43	455.20	0.76256	2.9885	3.3342	555.58	-0.0063430	0.00011920	0.088886	liquid
633.00	162.00	525.75	0.0019021	427.72	458.53	0.76783	2.9912	3.3368	554.10	-0.0061854	0.00011859	0.088793	liquid
634.00	162.00	525.01	0.0019047	431.02	461.87	0.77310	2.9940	3.3394	552.63	-0.0060275	0.00011800	0.088700	liquid
635.00	162.00	524.27	0.0019074	434.31	465.21	0.77836	2.9967	3.3420	551.16	-0.0058693	0.00011740	0.088607	liquid
636.00	162.00	523.52	0.0019101	437.61	468.56	0.78363	2.9994	3.3445	549.70	-0.0057110	0.00011681	0.088515	liquid
637.00	162.00	522.78	0.0019128	440.91	471.90	0.78888	3.0021	3.3471	548.25	-0.0055524	0.00011622	0.088424	liquid
638.00	162.00	522.04	0.0019156	444.22	475.25	0.79413	3.0048	3.3496	546.80	-0.0053936	0.00011564	0.088333	liquid
639.00	162.00	521.30	0.0019183	447.53	478.60	0.79938	3.0075	3.3522	545.36	-0.0052345	0.00011506	0.088242	liquid
640.00	162.00	520.56	0.0019210	450.83	481.95	0.80463	3.0102	3.3547	543.92	-0.0050753	0.00011448	0.088152	liquid
641.00	162.00	519.82	0.0019237	454.15	485.31	0.80987	3.0129	3.3572	542.49	-0.0049158	0.00011390	0.088062	liquid
642.00	162.00	519.08	0.0019265	457.46	488.67	0.81510	3.0155	3.3597	541.07	-0.0047562	0.00011333	0.087973	liquid
643.00	162.00	518.34	0.0019293	460.78	492.03	0.82033	3.0182	3.3623	539.65	-0.0045963	0.00011277	0.087885	liquid
644.00	162.00	517.59	0.0019320	464.10	495.39	0.82556	3.0209	3.3648	538.24	-0.0044363	0.00011220	0.087797	liquid
645.00	162.00	516.85	0.0019348	467.42	498.76	0.83078	3.0235	3.3672	536.83	-0.0042760	0.00011164	0.087709	liquid
646.00	162.00	516.11	0.0019376	470.74	502.13	0.83600	3.0262	3.3697	535.43	-0.0041156	0.00011109	0.087622	liquid
647.00	162.00	515.37	0.0019404	474.07	505.50	0.84121	3.0288	3.3722	534.04	-0.0039550	0.00011053	0.087535	liquid
648.00	162.00	514.63	0.0019432	477.39	508.87	0.84642	3.0315	3.3747	532.65	-0.0037942	0.00010998	0.087449	liquid
649.00	162.00	513.89	0.0019460	480.72	512.25	0.85163	3.0341	3.3771	531.27	-0.0036332	0.00010944	0.087364	liquid
650.00	162.00	513.14	0.0019488	484.06	515.63	0.85683	3.0368	3.3796	529.89	-0.0034721	0.00010889	0.087279	liquid
651.00	162.00	512.40	0.0019516	487.39	519.01	0.86203	3.0394	3.3820	528.52	-0.0033108	0.00010835	0.087194	liquid
652.00	162.00	511.66	0.0019544	490.73	522.39	0.86722	3.0420	3.3845	527.16	-0.0031493	0.00010782	0.087110	liquid
653.00	162.00	510.92	0.0019573	494.07	525.78	0.87241	3.0447	3.3869	525.80	-0.0029877	0.00010728	0.087027	liquid
654.00	162.00	510.18	0.0019601	497.41	529.16	0.87760	3.0473	3.3893	524.45	-0.0028259	0.00010675	0.086944	liquid
655.00	162.00	509.43	0.0019630	500.76	532.56	0.88278	3.0499	3.3918	523.11	-0.0026640	0.00010622	0.086861	liquid
657.00	162.00	507.95	0.0019687	507.45	539.34	0.89312	3.0551	3.3966	520.43	-0.0023397	0.00010518	0.086698	liquid
658.00	162.00	507.21	0.0019716	510.80	542.74	0.89829	3.0577	3.3990	519.11	-0.0021774	0.00010466	0.086617	liquid
659.00	162.00	506.47	0.0019745	514.16	546.14	0.90346	3.0603	3.4013	517.79	-0.0020149	0.00010415	0.086536	supercritical
660.00	162.00	505.72	0.0019774	517.51	549.54	0.90861	3.0629	3.4037	516.47	-0.0018524	0.00010364	0.086456	supercritical
661.00	162.00	504.98	0.0019803	520.87	552.95	0.91377	3.0654	3.4061	515.16	-0.0016897	0.00010313	0.086377	supercritical
662.00	162.00	504.24	0.0019832	524.23	556.36	0.91892	3.0680	3.4085	513.86	-0.0015269	0.00010262	0.086298	supercritical
663.00	162.00	503.50	0.0019861	527.59	559.77	0.92407	3.0706	3.4108	512.56	-0.0013640	0.00010212	0.086220	supercritical
664.00	162.00	502.76	0.0019890	530.96	563.18	0.92921	3.0732	3.4132	511.27	-0.0012010	0.00010162	0.086142	supercritical
665.00	162.00	502.02	0.0019920	534.32	566.59	0.93435	3.0757	3.4155	509.99	-0.0010379	0.00010112	0.086065	supercritical
666.00	162.00	501.27	0.0019949	537.69	570.01	0.93948	3.0783	3.4178	508.71	-0.00087471	0.00010063	0.085988	supercritical
667.00	162.00	500.53	0.0019979	541.06	573.43	0.94461	3.0808	3.4201	507.44	-0.00071144	0.00010014	0.085911	supercritical
668.00	162.00	499.79	0.0020008	544.44	576.85	0.94974	3.0834	3.4225	506.17	-0.00054810	9.9653e-05	0.085836	supercritical
669.00	162.00	499.05	0.0020038	547.81	580.27	0.95486	3.0859	3.4248	504.91	-0.00038468	9.9168e-05	0.085761	supercritical
670.00	162.00	498.31	0.0020068	551.19	583.70	0.95998	3.0884	3.4271	503.66	-0.00022119	9.8687e-05	0.085686	supercritical
671.00	162.00	497.57	0.0020098	554.57	587.13	0.96509	3.0910	3.4294	502.41	-5.7641e-05	9.8208e-05	0.085612	supercritical
672.00	162.00	496.83	0.0020128	557.95	590.56	0.97020	3.0935	3.4317	501.17	0.00010596	9.7733e-05	0.085538	supercritical
673.00	162.00	496.09	0.0020158	561.33	593.99	0.97530	3.0960	3.4339	499.93	0.00026962	9.7260e-05	0.085465	supercritical
674.00	162.00	495.35	0.0020188	564.72	597.43	0.98040	3.0985	3.4362	498.70	0.00043332	9.6790e-05	0.085392	supercritical
675.00	162.00	494.61	0.0020218	568.11	600.86	0.98550	3.1010	3.4385	497.48	0.00059706	9.6323e-05	0.085320	supercritical
676.00	162.00	493.87	0.0020248	571.50	604.30	0.99059	3.1036	3.4407	496.26	0.00076084	9.5859e-05	0.085249	supercritical
677.00	162.00	493.13	0.0020279	574.89	607.74	0.99568	3.1061	3.4430	495.05	0.00092465	9.5398e-05	0.085178	supercritical
678.00	162.00	492.39	0.0020309	578.29	611.19	1.0008	3.1085	3.4452	493.84	0.0010885	9.4939e-05	0.085108	supercritical
679.00	162.00	491.65	0.0020340	581.68	614.63	1.0058	3.1110	3.4474	492.64	0.0012523	9.4484e-05	0.085038	supercritical
680.00	162.00	490.91	0.0020370	585.08	618.08	1.0109	3.1135	3.4497	491.45	0.0014162	9.4031e-05	0.084968	supercritical
681.00	162.00	490.17	0.0020401	588.48	621.53	1.0160	3.1160	3.4519	490.26	0.0015800	9.3581e-05	0.084899	supercritical
682.00	162.00	489.43	0.0020432	591.89	624.99	1.0211	3.1185	3.4541	489.08	0.0017439	9.3133e-05	0.084831	supercritical
683.00	162.00	488.69	0.0020463	595.29	628.44	1.0261	3.1210	3.4563	487.90	0.0019078	9.2689e-05	0.084763	supercritical
684.00	162.00	487.95	0.0020494	598.70	631.90	1.0312	3.1234	3.4585	486.73	0.0020716	9.2247e-05	0.084696	supercritical
685.00	162.00	487.21	0.0020525	602.11	635.36	1.0362	3.1259	3.4607	485.57	0.0022354	9.1807e-05	0.084629	supercritical
686.00	162.00	486.48	0.0020556	605.52	638.82	1.0413	3.1283	3.4628	484.41	0.0023993	9.1371e-05	0.084563	supercritical
687.00	162.00	485.74	0.0020587	608.93	642.28	1.0463	3.1308	3.4650	483.26	0.0025630	9.0937e-05	0.084498	supercritical
688.00	162.00	485.00	0.0020618	612.35	645.75	1.0514	3.1332	3.4672	482.11	0.0027268	9.0506e-05	0.084433	supercritical
689.00	162.00	484.26	0.0020650	615.77	649.22	1.0564	3.1357	3.4693	480.97	0.0028905	9.0077e-05	0.084368	supercritical
690.00	162.00	483.53	0.0020681	619.19	652.69	1.0614	3.1381	3.4715	479.84	0.0030541	8.9651e-05	0.084304	supercritical
691.00	162.00	482.79	0.0020713	622.61	656.16	1.0665	3.1405	3.4736	478.71	0.0032178	8.9228e-05	0.084241	supercritical
692.00	162.00	482.06	0.0020745	626.03	659.64	1.0715	3.1430	3.4757	477.59	0.0033813	8.8808e-05	0.084178	supercritical
693.00	162.00	481.32	0.0020776	629.46	663.11	1.0765	3.1454	3.4779	476.47	0.0035448	8.8390e-05	0.084115	supercritical
694.00	162.00	480.58	0.0020808	632.88	666.59	1.0815	3.1478	3.4800	475.36	0.0037082	8.7974e-05	0.084054	supercritical
695.00	162.00	479.85	0.0020840	636.31	670.07	1.0865	3.1502	3.4821	474.26	0.0038716	8.7561e-05	0.083992	supercritical
696.00	162.00	479.11	0.0020872	639.74	673.56	1.0915	3.1526	3.4842	473.16	0.0040348	8.7151e-05	0.083932	supercritical
697.00	162.00	478.38	0.0020904	643.18	677.04	1.0966	3.1550	3.4863	472.07	0.0041980	8.6743e-05	0.083871	supercritical
698.00	162.00	477.64	0.0020936	646.61	680.53	1.1016	3.1574	3.4884	470.98	0.0043611	8.6338e-05	0.083812	supercritical
699.00	162.00	476.91	0.0020968	650.05	684.02	1.1065	3.1598	3.4905	469.90	0.0045241	8.5935e-05	0.083753	supercritical
700.00	162.00	476.18	0.0021001	653.49	687.51	1.1115	3.1622	3.4925	468.82	0.0046870	8.5535e-05	0.083694	supercritical
