Temperature (K)	Pressure (bar)	Density (kg/m3)	Volume (m3/kg)	Internal Energy (kJ/kg)	Enthalpy (kJ/kg)	Entropy (J/g*K)	Cv (J/g*K)	Cp (J/g*K)	Sound Spd. (m/s)	Joule-Thomson (K/bar)	Viscosity (Pa*s)	Therm. Cond. (W/m*K)	Phase
277.00	158.00	771.13	0.0012968	-543.95	-523.46	-1.4404	1.7515	2.1428	1454.3	-0.045363	0.0025331	0.14542	liquid
278.00	158.00	770.44	0.0012980	-541.82	-521.31	-1.4326	1.7548	2.1455	1450.3	-0.045295	0.0024748	0.14518	liquid
279.00	158.00	769.74	0.0012991	-539.69	-519.17	-1.4249	1.7582	2.1483	1446.3	-0.045226	0.0024186	0.14495	liquid
280.00	158.00	769.05	0.0013003	-537.56	-517.02	-1.4172	1.7616	2.1510	1442.3	-0.045157	0.0023644	0.14472	liquid
281.00	158.00	768.35	0.0013015	-535.43	-514.86	-1.4096	1.7650	2.1538	1438.3	-0.045087	0.0023122	0.14449	liquid
282.00	158.00	767.66	0.0013027	-533.29	-512.71	-1.4019	1.7684	2.1566	1434.4	-0.045017	0.0022618	0.14425	liquid
283.00	158.00	766.96	0.0013038	-531.15	-510.55	-1.3943	1.7718	2.1594	1430.4	-0.044946	0.0022131	0.14402	liquid
284.00	158.00	766.27	0.0013050	-529.01	-508.39	-1.3866	1.7753	2.1623	1426.5	-0.044874	0.0021660	0.14379	liquid
285.00	158.00	765.58	0.0013062	-526.86	-506.23	-1.3790	1.7787	2.1651	1422.6	-0.044802	0.0021205	0.14356	liquid
286.00	158.00	764.89	0.0013074	-524.72	-504.06	-1.3715	1.7822	2.1680	1418.7	-0.044730	0.0020766	0.14333	liquid
287.00	158.00	764.20	0.0013086	-522.57	-501.89	-1.3639	1.7857	2.1709	1414.8	-0.044657	0.0020341	0.14311	liquid
288.00	158.00	763.51	0.0013097	-520.41	-499.72	-1.3563	1.7892	2.1738	1410.9	-0.044584	0.0019930	0.14288	liquid
289.00	158.00	762.82	0.0013109	-518.26	-497.54	-1.3488	1.7927	2.1768	1407.0	-0.044510	0.0019531	0.14265	liquid
290.00	158.00	762.13	0.0013121	-516.10	-495.36	-1.3413	1.7962	2.1797	1403.2	-0.044435	0.0019146	0.14243	liquid
291.00	158.00	761.44	0.0013133	-513.93	-493.18	-1.3338	1.7997	2.1827	1399.4	-0.044361	0.0018772	0.14220	liquid
292.00	158.00	760.76	0.0013145	-511.77	-491.00	-1.3263	1.8032	2.1857	1395.5	-0.044285	0.0018410	0.14198	liquid
293.00	158.00	760.07	0.0013157	-509.60	-488.81	-1.3188	1.8068	2.1887	1391.7	-0.044210	0.0018060	0.14175	liquid
294.00	158.00	759.38	0.0013169	-507.43	-486.62	-1.3113	1.8103	2.1917	1387.9	-0.044134	0.0017719	0.14153	liquid
295.00	158.00	758.70	0.0013180	-505.25	-484.43	-1.3039	1.8139	2.1948	1384.2	-0.044057	0.0017389	0.14131	liquid
296.00	158.00	758.01	0.0013192	-503.08	-482.23	-1.2964	1.8175	2.1978	1380.4	-0.043980	0.0017069	0.14108	liquid
297.00	158.00	757.33	0.0013204	-500.90	-480.03	-1.2890	1.8211	2.2009	1376.6	-0.043903	0.0016758	0.14086	liquid
298.00	158.00	756.65	0.0013216	-498.71	-477.83	-1.2816	1.8247	2.2040	1372.9	-0.043825	0.0016456	0.14064	liquid
299.00	158.00	755.96	0.0013228	-496.53	-475.63	-1.2742	1.8283	2.2071	1369.2	-0.043747	0.0016163	0.14042	liquid
300.00	158.00	755.28	0.0013240	-494.34	-473.42	-1.2669	1.8319	2.2102	1365.5	-0.043669	0.0015878	0.14020	liquid
301.00	158.00	754.60	0.0013252	-492.14	-471.20	-1.2595	1.8355	2.2134	1361.8	-0.043590	0.0015601	0.13998	liquid
302.00	158.00	753.92	0.0013264	-489.95	-468.99	-1.2521	1.8391	2.2165	1358.1	-0.043511	0.0015332	0.13976	liquid
303.00	158.00	753.24	0.0013276	-487.75	-466.77	-1.2448	1.8428	2.2197	1354.4	-0.043432	0.0015071	0.13955	liquid
304.00	158.00	752.56	0.0013288	-485.55	-464.55	-1.2375	1.8464	2.2229	1350.7	-0.043352	0.0014816	0.13933	liquid
305.00	158.00	751.88	0.0013300	-483.34	-462.33	-1.2302	1.8501	2.2261	1347.1	-0.043272	0.0014568	0.13911	liquid
306.00	158.00	751.20	0.0013312	-481.13	-460.10	-1.2229	1.8537	2.2293	1343.5	-0.043191	0.0014327	0.13890	liquid
307.00	158.00	750.52	0.0013324	-478.92	-457.87	-1.2156	1.8574	2.2325	1339.8	-0.043110	0.0014093	0.13868	liquid
308.00	158.00	749.84	0.0013336	-476.70	-455.63	-1.2084	1.8611	2.2358	1336.2	-0.043029	0.0013864	0.13847	liquid
309.00	158.00	749.16	0.0013348	-474.49	-453.40	-1.2011	1.8648	2.2390	1332.6	-0.042948	0.0013642	0.13825	liquid
310.00	158.00	748.48	0.0013360	-472.26	-451.16	-1.1939	1.8685	2.2423	1329.0	-0.042866	0.0013425	0.13804	liquid
311.00	158.00	747.81	0.0013372	-470.04	-448.91	-1.1866	1.8722	2.2455	1325.4	-0.042784	0.0013213	0.13782	liquid
312.00	158.00	747.13	0.0013385	-467.81	-446.66	-1.1794	1.8759	2.2488	1321.9	-0.042701	0.0013008	0.13761	liquid
313.00	158.00	746.45	0.0013397	-465.58	-444.41	-1.1722	1.8796	2.2521	1318.3	-0.042619	0.0012807	0.13740	liquid
314.00	158.00	745.78	0.0013409	-463.35	-442.16	-1.1650	1.8833	2.2555	1314.8	-0.042536	0.0012611	0.13719	liquid
315.00	158.00	745.10	0.0013421	-461.11	-439.90	-1.1579	1.8871	2.2588	1311.2	-0.042452	0.0012420	0.13698	liquid
316.00	158.00	744.43	0.0013433	-458.87	-437.64	-1.1507	1.8908	2.2621	1307.7	-0.042369	0.0012234	0.13677	liquid
317.00	158.00	743.75	0.0013445	-456.62	-435.38	-1.1435	1.8945	2.2655	1304.2	-0.042285	0.0012052	0.13656	liquid
318.00	158.00	743.08	0.0013458	-454.37	-433.11	-1.1364	1.8983	2.2688	1300.7	-0.042201	0.0011875	0.13635	liquid
319.00	158.00	742.40	0.0013470	-452.12	-430.84	-1.1293	1.9020	2.2722	1297.2	-0.042117	0.0011701	0.13614	liquid
320.00	158.00	741.73	0.0013482	-449.87	-428.57	-1.1222	1.9058	2.2756	1293.8	-0.042032	0.0011532	0.13593	liquid
321.00	158.00	741.06	0.0013494	-447.61	-426.29	-1.1150	1.9096	2.2790	1290.3	-0.041947	0.0011367	0.13572	liquid
322.00	158.00	740.38	0.0013507	-445.35	-424.01	-1.1080	1.9133	2.2824	1286.8	-0.041862	0.0011206	0.13552	liquid
323.00	158.00	739.71	0.0013519	-443.08	-421.72	-1.1009	1.9171	2.2858	1283.4	-0.041777	0.0011048	0.13531	liquid
324.00	158.00	739.04	0.0013531	-440.82	-419.44	-1.0938	1.9209	2.2892	1280.0	-0.041692	0.0010894	0.13510	liquid
325.00	158.00	738.37	0.0013543	-438.54	-417.15	-1.0867	1.9247	2.2927	1276.5	-0.041606	0.0010744	0.13490	liquid
326.00	158.00	737.69	0.0013556	-436.27	-414.85	-1.0797	1.9285	2.2961	1273.1	-0.041520	0.0010596	0.13469	liquid
327.00	158.00	737.02	0.0013568	-433.99	-412.55	-1.0727	1.9323	2.2996	1269.7	-0.041434	0.0010453	0.13449	liquid
328.00	158.00	736.35	0.0013580	-431.71	-410.25	-1.0656	1.9361	2.3030	1266.3	-0.041347	0.0010312	0.13428	liquid
329.00	158.00	735.68	0.0013593	-429.42	-407.95	-1.0586	1.9399	2.3065	1263.0	-0.041261	0.0010174	0.13408	liquid
330.00	158.00	735.01	0.0013605	-427.14	-405.64	-1.0516	1.9437	2.3100	1259.6	-0.041174	0.0010039	0.13387	liquid
331.00	158.00	734.34	0.0013618	-424.84	-403.33	-1.0446	1.9475	2.3135	1256.2	-0.041087	0.00099077	0.13367	liquid
332.00	158.00	733.67	0.0013630	-422.55	-401.01	-1.0376	1.9513	2.3170	1252.9	-0.040999	0.00097787	0.13347	liquid
333.00	158.00	733.00	0.0013643	-420.25	-398.69	-1.0307	1.9551	2.3205	1249.6	-0.040912	0.00096525	0.13327	liquid
334.00	158.00	732.33	0.0013655	-417.95	-396.37	-1.0237	1.9589	2.3240	1246.2	-0.040824	0.00095290	0.13307	liquid
335.00	158.00	731.66	0.0013667	-415.64	-394.05	-1.0167	1.9628	2.3275	1242.9	-0.040737	0.00094080	0.13287	liquid
336.00	158.00	730.99	0.0013680	-413.33	-391.72	-1.0098	1.9666	2.3311	1239.6	-0.040649	0.00092895	0.13266	liquid
337.00	158.00	730.33	0.0013693	-411.02	-389.38	-1.0029	1.9704	2.3346	1236.3	-0.040560	0.00091734	0.13246	liquid
338.00	158.00	729.66	0.0013705	-408.70	-387.05	-0.99594	1.9743	2.3382	1233.0	-0.040472	0.00090598	0.13227	liquid
339.00	158.00	728.99	0.0013718	-406.38	-384.71	-0.98902	1.9781	2.3417	1229.7	-0.040383	0.00089484	0.13207	liquid
340.00	158.00	728.32	0.0013730	-404.06	-382.36	-0.98212	1.9820	2.3453	1226.5	-0.040295	0.00088392	0.13187	liquid
341.00	158.00	727.65	0.0013743	-401.73	-380.02	-0.97523	1.9858	2.3488	1223.2	-0.040206	0.00087322	0.13167	liquid
342.00	158.00	726.99	0.0013755	-399.40	-377.67	-0.96835	1.9897	2.3524	1220.0	-0.040116	0.00086274	0.13147	liquid
343.00	158.00	726.32	0.0013768	-397.07	-375.31	-0.96147	1.9935	2.3560	1216.7	-0.040027	0.00085246	0.13127	liquid
344.00	158.00	725.65	0.0013781	-394.73	-372.95	-0.95461	1.9974	2.3596	1213.5	-0.039938	0.00084238	0.13108	liquid
345.00	158.00	724.98	0.0013793	-392.39	-370.59	-0.94775	2.0012	2.3632	1210.3	-0.039848	0.00083249	0.13088	liquid
346.00	158.00	724.32	0.0013806	-390.04	-368.23	-0.94091	2.0051	2.3668	1207.0	-0.039758	0.00082279	0.13069	liquid
347.00	158.00	723.65	0.0013819	-387.69	-365.86	-0.93407	2.0089	2.3704	1203.8	-0.039668	0.00081328	0.13049	liquid
348.00	158.00	722.99	0.0013832	-385.34	-363.49	-0.92725	2.0128	2.3740	1200.6	-0.039578	0.00080395	0.13029	liquid
349.00	158.00	722.32	0.0013844	-382.99	-361.11	-0.92043	2.0167	2.3776	1197.5	-0.039488	0.00079480	0.13010	liquid
350.00	158.00	721.65	0.0013857	-380.63	-358.73	-0.91362	2.0205	2.3813	1194.3	-0.039398	0.00078581	0.12991	liquid
351.00	158.00	720.99	0.0013870	-378.26	-356.35	-0.90682	2.0244	2.3849	1191.1	-0.039307	0.00077699	0.12971	liquid
352.00	158.00	720.32	0.0013883	-375.90	-353.96	-0.90003	2.0283	2.3885	1188.0	-0.039216	0.00076833	0.12952	liquid
353.00	158.00	719.66	0.0013896	-373.53	-351.57	-0.89325	2.0322	2.3922	1184.8	-0.039126	0.00075983	0.12933	liquid
354.00	158.00	718.99	0.0013908	-371.15	-349.18	-0.88648	2.0360	2.3958	1181.7	-0.039035	0.00075149	0.12913	liquid
355.00	158.00	718.33	0.0013921	-368.78	-346.78	-0.87971	2.0399	2.3995	1178.5	-0.038943	0.00074329	0.12894	liquid
356.00	158.00	717.66	0.0013934	-366.39	-344.38	-0.87296	2.0438	2.4031	1175.4	-0.038852	0.00073524	0.12875	liquid
357.00	158.00	717.00	0.0013947	-364.01	-341.97	-0.86621	2.0477	2.4068	1172.3	-0.038761	0.00072733	0.12856	liquid
358.00	158.00	716.33	0.0013960	-361.62	-339.57	-0.85948	2.0515	2.4104	1169.2	-0.038669	0.00071956	0.12837	liquid
359.00	158.00	715.67	0.0013973	-359.23	-337.15	-0.85275	2.0554	2.4141	1166.1	-0.038577	0.00071193	0.12818	liquid
360.00	158.00	715.00	0.0013986	-356.83	-334.74	-0.84603	2.0593	2.4178	1163.0	-0.038486	0.00070443	0.12799	liquid
361.00	158.00	714.34	0.0013999	-354.44	-332.32	-0.83932	2.0632	2.4215	1159.9	-0.038394	0.00069706	0.12780	liquid
362.00	158.00	713.67	0.0014012	-352.03	-329.89	-0.83261	2.0671	2.4251	1156.8	-0.038302	0.00068982	0.12761	liquid
363.00	158.00	713.01	0.0014025	-349.63	-327.47	-0.82592	2.0710	2.4288	1153.8	-0.038209	0.00068269	0.12742	liquid
364.00	158.00	712.34	0.0014038	-347.22	-325.04	-0.81923	2.0748	2.4325	1150.7	-0.038117	0.00067569	0.12723	liquid
365.00	158.00	711.68	0.0014051	-344.80	-322.60	-0.81255	2.0787	2.4362	1147.7	-0.038024	0.00066881	0.12704	liquid
366.00	158.00	711.01	0.0014064	-342.39	-320.16	-0.80588	2.0826	2.4399	1144.6	-0.037932	0.00066204	0.12685	liquid
367.00	158.00	710.35	0.0014078	-339.96	-317.72	-0.79922	2.0865	2.4436	1141.6	-0.037839	0.00065538	0.12667	liquid
368.00	158.00	709.68	0.0014091	-337.54	-315.28	-0.79256	2.0904	2.4473	1138.6	-0.037746	0.00064883	0.12648	liquid
369.00	158.00	709.02	0.0014104	-335.11	-312.83	-0.78592	2.0943	2.4510	1135.5	-0.037653	0.00064239	0.12629	liquid
370.00	158.00	708.36	0.0014117	-332.68	-310.37	-0.77928	2.0982	2.4547	1132.5	-0.037560	0.00063605	0.12611	liquid
371.00	158.00	707.69	0.0014130	-330.24	-307.92	-0.77265	2.1020	2.4584	1129.5	-0.037467	0.00062982	0.12592	liquid
372.00	158.00	707.03	0.0014144	-327.80	-305.46	-0.76603	2.1059	2.4622	1126.5	-0.037373	0.00062368	0.12573	liquid
373.00	158.00	706.36	0.0014157	-325.36	-302.99	-0.75941	2.1098	2.4659	1123.6	-0.037280	0.00061764	0.12555	liquid
374.00	158.00	705.70	0.0014170	-322.92	-300.53	-0.75280	2.1137	2.4696	1120.6	-0.037186	0.00061170	0.12536	liquid
375.00	158.00	705.04	0.0014184	-320.46	-298.05	-0.74621	2.1176	2.4733	1117.6	-0.037092	0.00060585	0.12518	liquid
376.00	158.00	704.37	0.0014197	-318.01	-295.58	-0.73961	2.1215	2.4770	1114.6	-0.036998	0.00060009	0.12500	liquid
377.00	158.00	703.71	0.0014210	-315.55	-293.10	-0.73303	2.1253	2.4808	1111.7	-0.036904	0.00059442	0.12481	liquid
378.00	158.00	703.04	0.0014224	-313.09	-290.62	-0.72645	2.1292	2.4845	1108.7	-0.036810	0.00058884	0.12463	liquid
379.00	158.00	702.38	0.0014237	-310.63	-288.13	-0.71988	2.1331	2.4882	1105.8	-0.036716	0.00058334	0.12445	liquid
380.00	158.00	701.72	0.0014251	-308.16	-285.64	-0.71332	2.1370	2.4920	1102.9	-0.036622	0.00057793	0.12426	liquid
381.00	158.00	701.05	0.0014264	-305.69	-283.15	-0.70677	2.1409	2.4957	1099.9	-0.036527	0.00057260	0.12408	liquid
382.00	158.00	700.39	0.0014278	-303.21	-280.65	-0.70022	2.1447	2.4994	1097.0	-0.036432	0.00056734	0.12390	liquid
383.00	158.00	699.72	0.0014291	-300.73	-278.15	-0.69368	2.1486	2.5032	1094.1	-0.036338	0.00056217	0.12372	liquid
384.00	158.00	699.06	0.0014305	-298.25	-275.64	-0.68715	2.1525	2.5069	1091.2	-0.036243	0.00055707	0.12354	liquid
385.00	158.00	698.40	0.0014319	-295.76	-273.13	-0.68063	2.1564	2.5107	1088.3	-0.036148	0.00055205	0.12336	liquid
386.00	158.00	697.73	0.0014332	-293.27	-270.62	-0.67411	2.1603	2.5144	1085.4	-0.036053	0.00054710	0.12318	liquid
387.00	158.00	697.07	0.0014346	-290.77	-268.11	-0.66760	2.1641	2.5182	1082.5	-0.035958	0.00054222	0.12300	liquid
388.00	158.00	696.40	0.0014360	-288.27	-265.59	-0.66109	2.1680	2.5219	1079.7	-0.035862	0.00053741	0.12282	liquid
389.00	158.00	695.74	0.0014373	-285.77	-263.06	-0.65460	2.1719	2.5256	1076.8	-0.035767	0.00053267	0.12264	liquid
390.00	158.00	695.07	0.0014387	-283.27	-260.53	-0.64811	2.1757	2.5294	1073.9	-0.035671	0.00052800	0.12246	liquid
391.00	158.00	694.41	0.0014401	-280.76	-258.00	-0.64163	2.1796	2.5331	1071.1	-0.035575	0.00052339	0.12228	liquid
392.00	158.00	693.74	0.0014415	-278.24	-255.47	-0.63515	2.1835	2.5369	1068.2	-0.035479	0.00051885	0.12210	liquid
393.00	158.00	693.08	0.0014428	-275.73	-252.93	-0.62868	2.1873	2.5406	1065.4	-0.035384	0.00051437	0.12192	liquid
394.00	158.00	692.41	0.0014442	-273.21	-250.39	-0.62222	2.1912	2.5444	1062.6	-0.035287	0.00050995	0.12174	liquid
395.00	158.00	691.75	0.0014456	-270.68	-247.84	-0.61577	2.1951	2.5481	1059.7	-0.035191	0.00050560	0.12157	liquid
396.00	158.00	691.08	0.0014470	-268.15	-245.29	-0.60932	2.1989	2.5519	1056.9	-0.035095	0.00050130	0.12139	liquid
397.00	158.00	690.42	0.0014484	-265.62	-242.74	-0.60288	2.2028	2.5557	1054.1	-0.034998	0.00049707	0.12121	liquid
398.00	158.00	689.75	0.0014498	-263.09	-240.18	-0.59645	2.2066	2.5594	1051.3	-0.034902	0.00049289	0.12104	liquid
399.00	158.00	689.09	0.0014512	-260.55	-237.62	-0.59002	2.2105	2.5632	1048.5	-0.034805	0.00048876	0.12086	liquid
400.00	158.00	688.42	0.0014526	-258.00	-235.05	-0.58360	2.2143	2.5669	1045.7	-0.034708	0.00048469	0.12068	liquid
401.00	158.00	687.76	0.0014540	-255.46	-232.48	-0.57718	2.2182	2.5707	1042.9	-0.034611	0.00048068	0.12051	liquid
402.00	158.00	687.09	0.0014554	-252.91	-229.91	-0.57078	2.2220	2.5744	1040.2	-0.034514	0.00047672	0.12033	liquid
403.00	158.00	686.43	0.0014568	-250.35	-227.34	-0.56438	2.2259	2.5782	1037.4	-0.034417	0.00047281	0.12016	liquid
404.00	158.00	685.76	0.0014582	-247.80	-224.76	-0.55798	2.2297	2.5819	1034.6	-0.034320	0.00046895	0.11999	liquid
405.00	158.00	685.09	0.0014597	-245.23	-222.17	-0.55159	2.2335	2.5857	1031.9	-0.034222	0.00046514	0.11981	liquid
406.00	158.00	684.43	0.0014611	-242.67	-219.58	-0.54521	2.2374	2.5894	1029.1	-0.034124	0.00046138	0.11964	liquid
407.00	158.00	683.76	0.0014625	-240.10	-216.99	-0.53884	2.2412	2.5932	1026.4	-0.034027	0.00045767	0.11946	liquid
408.00	158.00	683.10	0.0014639	-237.53	-214.40	-0.53247	2.2450	2.5969	1023.6	-0.033929	0.00045400	0.11929	liquid
409.00	158.00	682.43	0.0014654	-234.95	-211.80	-0.52611	2.2489	2.6007	1020.9	-0.033831	0.00045039	0.11912	liquid
410.00	158.00	681.76	0.0014668	-232.37	-209.20	-0.51975	2.2527	2.6044	1018.2	-0.033733	0.00044681	0.11895	liquid
411.00	158.00	681.10	0.0014682	-229.79	-206.59	-0.51340	2.2565	2.6082	1015.5	-0.033634	0.00044329	0.11877	liquid
412.00	158.00	680.43	0.0014697	-227.20	-203.98	-0.50706	2.2603	2.6119	1012.7	-0.033536	0.00043980	0.11860	liquid
413.00	158.00	679.76	0.0014711	-224.61	-201.37	-0.50072	2.2642	2.6157	1010.0	-0.033437	0.00043636	0.11843	liquid
414.00	158.00	679.09	0.0014726	-222.01	-198.75	-0.49439	2.2680	2.6194	1007.3	-0.033339	0.00043296	0.11826	liquid
415.00	158.00	678.43	0.0014740	-219.42	-196.13	-0.48807	2.2718	2.6232	1004.6	-0.033240	0.00042960	0.11809	liquid
416.00	158.00	677.76	0.0014755	-216.81	-193.50	-0.48175	2.2756	2.6269	1001.9	-0.033141	0.00042629	0.11792	liquid
417.00	158.00	677.09	0.0014769	-214.21	-190.87	-0.47544	2.2794	2.6307	999.27	-0.033042	0.00042301	0.11775	liquid
418.00	158.00	676.42	0.0014784	-211.60	-188.24	-0.46913	2.2832	2.6344	996.59	-0.032942	0.00041977	0.11758	liquid
419.00	158.00	675.75	0.0014798	-208.99	-185.60	-0.46283	2.2870	2.6382	993.92	-0.032843	0.00041657	0.11741	liquid
420.00	158.00	675.09	0.0014813	-206.37	-182.96	-0.45654	2.2908	2.6419	991.26	-0.032743	0.00041341	0.11724	liquid
421.00	158.00	674.42	0.0014828	-203.75	-180.32	-0.45025	2.2946	2.6456	988.60	-0.032644	0.00041029	0.11707	liquid
422.00	158.00	673.75	0.0014842	-201.12	-177.67	-0.44397	2.2984	2.6494	985.95	-0.032544	0.00040720	0.11690	liquid
423.00	158.00	673.08	0.0014857	-198.50	-175.02	-0.43770	2.3022	2.6531	983.31	-0.032444	0.00040415	0.11673	liquid
424.00	158.00	672.41	0.0014872	-195.86	-172.37	-0.43143	2.3060	2.6568	980.67	-0.032344	0.00040114	0.11656	liquid
425.00	158.00	671.74	0.0014887	-193.23	-169.71	-0.42517	2.3097	2.6606	978.03	-0.032243	0.00039816	0.11639	liquid
426.00	158.00	671.07	0.0014902	-190.59	-167.05	-0.41891	2.3135	2.6643	975.41	-0.032143	0.00039521	0.11623	liquid
427.00	158.00	670.40	0.0014916	-187.95	-164.38	-0.41266	2.3173	2.6680	972.79	-0.032042	0.00039229	0.11606	liquid
428.00	158.00	669.73	0.0014931	-185.30	-161.71	-0.40641	2.3211	2.6718	970.17	-0.031942	0.00038941	0.11589	liquid
429.00	158.00	669.06	0.0014946	-182.65	-159.04	-0.40017	2.3248	2.6755	967.56	-0.031841	0.00038657	0.11573	liquid
430.00	158.00	668.39	0.0014961	-180.00	-156.36	-0.39394	2.3286	2.6792	964.96	-0.031740	0.00038375	0.11556	liquid
431.00	158.00	667.72	0.0014976	-177.34	-153.68	-0.38771	2.3323	2.6829	962.36	-0.031638	0.00038097	0.11539	liquid
432.00	158.00	667.05	0.0014991	-174.68	-150.99	-0.38149	2.3361	2.6867	959.77	-0.031537	0.00037821	0.11523	liquid
433.00	158.00	666.37	0.0015007	-172.01	-148.30	-0.37527	2.3399	2.6904	957.19	-0.031435	0.00037549	0.11506	liquid
434.00	158.00	665.70	0.0015022	-169.35	-145.61	-0.36906	2.3436	2.6941	954.61	-0.031334	0.00037280	0.11490	liquid
435.00	158.00	665.03	0.0015037	-166.67	-142.92	-0.36286	2.3473	2.6978	952.03	-0.031232	0.00037013	0.11473	liquid
436.00	158.00	664.36	0.0015052	-164.00	-140.22	-0.35666	2.3511	2.7015	949.47	-0.031130	0.00036750	0.11457	liquid
437.00	158.00	663.68	0.0015067	-161.32	-137.51	-0.35047	2.3548	2.7052	946.91	-0.031027	0.00036489	0.11440	liquid
438.00	158.00	663.01	0.0015083	-158.64	-134.81	-0.34428	2.3586	2.7089	944.35	-0.030925	0.00036231	0.11424	liquid
439.00	158.00	662.34	0.0015098	-155.95	-132.10	-0.33810	2.3623	2.7126	941.80	-0.030822	0.00035976	0.11408	liquid
440.00	158.00	661.67	0.0015113	-153.26	-129.38	-0.33192	2.3660	2.7163	939.25	-0.030720	0.00035723	0.11391	liquid
441.00	158.00	660.99	0.0015129	-150.57	-126.66	-0.32575	2.3697	2.7200	936.72	-0.030617	0.00035474	0.11375	liquid
442.00	158.00	660.32	0.0015144	-147.87	-123.94	-0.31958	2.3735	2.7237	934.18	-0.030514	0.00035226	0.11359	liquid
443.00	158.00	659.64	0.0015160	-145.17	-121.22	-0.31342	2.3772	2.7274	931.65	-0.030410	0.00034982	0.11342	liquid
444.00	158.00	658.97	0.0015175	-142.46	-118.49	-0.30727	2.3809	2.7311	929.13	-0.030307	0.00034740	0.11326	liquid
445.00	158.00	658.29	0.0015191	-139.75	-115.75	-0.30112	2.3846	2.7348	926.62	-0.030203	0.00034500	0.11310	liquid
446.00	158.00	657.62	0.0015206	-137.04	-113.02	-0.29498	2.3883	2.7385	924.11	-0.030099	0.00034263	0.11294	liquid
447.00	158.00	656.94	0.0015222	-134.33	-110.28	-0.28884	2.3920	2.7422	921.60	-0.029995	0.00034028	0.11278	liquid
448.00	158.00	656.27	0.0015238	-131.61	-107.53	-0.28271	2.3957	2.7458	919.10	-0.029891	0.00033796	0.11262	liquid
449.00	158.00	655.59	0.0015253	-128.88	-104.78	-0.27658	2.3994	2.7495	916.61	-0.029787	0.00033566	0.11246	liquid
450.00	158.00	654.92	0.0015269	-126.16	-102.03	-0.27046	2.4030	2.7532	914.12	-0.029682	0.00033338	0.11230	liquid
451.00	158.00	654.24	0.0015285	-123.43	-99.278	-0.26435	2.4067	2.7569	911.64	-0.029577	0.00033113	0.11214	liquid
452.00	158.00	653.56	0.0015301	-120.69	-96.519	-0.25824	2.4104	2.7605	909.16	-0.029472	0.00032890	0.11198	liquid
453.00	158.00	652.89	0.0015317	-117.96	-93.757	-0.25213	2.4141	2.7642	906.69	-0.029367	0.00032669	0.11182	liquid
454.00	158.00	652.21	0.0015333	-115.22	-90.991	-0.24603	2.4177	2.7679	904.22	-0.029262	0.00032450	0.11166	liquid
455.00	158.00	651.53	0.0015348	-112.47	-88.221	-0.23994	2.4214	2.7715	901.76	-0.029156	0.00032234	0.11150	liquid
456.00	158.00	650.85	0.0015364	-109.72	-85.448	-0.23385	2.4251	2.7752	899.31	-0.029050	0.00032019	0.11134	liquid
457.00	158.00	650.17	0.0015381	-106.97	-82.671	-0.22777	2.4287	2.7788	896.86	-0.028944	0.00031807	0.11118	liquid
458.00	158.00	649.49	0.0015397	-104.22	-79.890	-0.22169	2.4324	2.7825	894.41	-0.028838	0.00031596	0.11102	liquid
459.00	158.00	648.81	0.0015413	-101.46	-77.106	-0.21562	2.4360	2.7861	891.97	-0.028732	0.00031388	0.11086	liquid
460.00	158.00	648.14	0.0015429	-98.696	-74.318	-0.20955	2.4396	2.7897	889.54	-0.028625	0.00031182	0.11071	liquid
461.00	158.00	647.46	0.0015445	-95.930	-71.527	-0.20349	2.4433	2.7934	887.11	-0.028518	0.00030977	0.11055	liquid
462.00	158.00	646.78	0.0015461	-93.160	-68.731	-0.19743	2.4469	2.7970	884.69	-0.028411	0.00030775	0.11039	liquid
463.00	158.00	646.09	0.0015478	-90.387	-65.933	-0.19138	2.4505	2.8006	882.27	-0.028304	0.00030574	0.11024	liquid
464.00	158.00	645.41	0.0015494	-87.611	-63.130	-0.18533	2.4542	2.8043	879.86	-0.028196	0.00030376	0.11008	liquid
465.00	158.00	644.73	0.0015510	-84.830	-60.324	-0.17929	2.4578	2.8079	877.46	-0.028089	0.00030179	0.10992	liquid
466.00	158.00	644.05	0.0015527	-82.047	-57.514	-0.17326	2.4614	2.8115	875.06	-0.027981	0.00029984	0.10977	liquid
467.00	158.00	643.37	0.0015543	-79.259	-54.701	-0.16723	2.4650	2.8151	872.66	-0.027873	0.00029790	0.10961	liquid
468.00	158.00	642.69	0.0015560	-76.468	-51.884	-0.16120	2.4686	2.8187	870.27	-0.027764	0.00029599	0.10946	liquid
469.00	158.00	642.00	0.0015576	-73.674	-49.064	-0.15518	2.4722	2.8223	867.89	-0.027656	0.00029409	0.10930	liquid
470.00	158.00	641.32	0.0015593	-70.876	-46.240	-0.14916	2.4758	2.8259	865.51	-0.027547	0.00029221	0.10915	liquid
471.00	158.00	640.64	0.0015609	-68.075	-43.412	-0.14315	2.4794	2.8295	863.13	-0.027438	0.00029035	0.10899	liquid
472.00	158.00	639.95	0.0015626	-65.270	-40.580	-0.13715	2.4830	2.8331	860.76	-0.027329	0.00028850	0.10884	liquid
473.00	158.00	639.27	0.0015643	-62.461	-37.745	-0.13115	2.4865	2.8367	858.40	-0.027219	0.00028668	0.10869	liquid
474.00	158.00	638.58	0.0015660	-59.649	-34.907	-0.12515	2.4901	2.8403	856.04	-0.027109	0.00028486	0.10853	liquid
475.00	158.00	637.90	0.0015676	-56.834	-32.065	-0.11916	2.4937	2.8439	853.69	-0.026999	0.00028307	0.10838	liquid
476.00	158.00	637.21	0.0015693	-54.015	-29.219	-0.11318	2.4973	2.8475	851.34	-0.026889	0.00028128	0.10823	liquid
477.00	158.00	636.53	0.0015710	-51.192	-26.370	-0.10720	2.5008	2.8510	849.00	-0.026778	0.00027952	0.10807	liquid
478.00	158.00	635.84	0.0015727	-48.366	-23.517	-0.10123	2.5044	2.8546	846.66	-0.026668	0.00027777	0.10792	liquid
479.00	158.00	635.16	0.0015744	-45.536	-20.661	-0.095257	2.5079	2.8582	844.33	-0.026557	0.00027603	0.10777	liquid
480.00	158.00	634.47	0.0015761	-42.703	-17.801	-0.089292	2.5115	2.8617	842.00	-0.026446	0.00027431	0.10762	liquid
481.00	158.00	633.78	0.0015778	-39.867	-14.937	-0.083333	2.5150	2.8653	839.68	-0.026334	0.00027261	0.10747	liquid
482.00	158.00	633.09	0.0015795	-37.027	-12.070	-0.077378	2.5185	2.8689	837.37	-0.026222	0.00027092	0.10731	liquid
483.00	158.00	632.41	0.0015813	-34.183	-9.1995	-0.071429	2.5221	2.8724	835.06	-0.026110	0.00026924	0.10716	liquid
484.00	158.00	631.72	0.0015830	-31.337	-6.3253	-0.065484	2.5256	2.8759	832.75	-0.025998	0.00026758	0.10701	liquid
485.00	158.00	631.03	0.0015847	-28.486	-3.4476	-0.059545	2.5291	2.8795	830.45	-0.025885	0.00026593	0.10686	liquid
486.00	158.00	630.34	0.0015864	-25.632	-0.56634	-0.053610	2.5326	2.8830	828.16	-0.025773	0.00026430	0.10671	liquid
487.00	158.00	629.65	0.0015882	-22.775	2.3185	-0.047680	2.5362	2.8866	825.87	-0.025660	0.00026268	0.10656	liquid
488.00	158.00	628.96	0.0015899	-19.914	5.2068	-0.041756	2.5397	2.8901	823.58	-0.025546	0.00026108	0.10641	liquid
489.00	158.00	628.27	0.0015917	-17.050	8.0986	-0.035836	2.5432	2.8936	821.30	-0.025433	0.00025948	0.10627	liquid
490.00	158.00	627.58	0.0015934	-14.182	10.994	-0.029921	2.5467	2.8971	819.03	-0.025319	0.00025790	0.10612	liquid
491.00	158.00	626.89	0.0015952	-11.311	13.893	-0.024011	2.5501	2.9006	816.76	-0.025205	0.00025634	0.10597	liquid
492.00	158.00	626.19	0.0015969	-8.4366	16.795	-0.018106	2.5536	2.9041	814.49	-0.025090	0.00025478	0.10582	liquid
493.00	158.00	625.50	0.0015987	-5.5586	19.701	-0.012205	2.5571	2.9076	812.24	-0.024976	0.00025324	0.10567	liquid
494.00	158.00	624.81	0.0016005	-2.6772	22.611	-0.0063099	2.5606	2.9111	809.98	-0.024861	0.00025171	0.10552	liquid
495.00	158.00	624.12	0.0016023	0.20761	25.523	-0.00041936	2.5641	2.9146	807.73	-0.024745	0.00025020	0.10538	liquid
496.00	158.00	623.42	0.0016040	3.0958	28.440	0.0054664	2.5675	2.9181	805.49	-0.024630	0.00024869	0.10523	liquid
497.00	158.00	622.73	0.0016058	5.9874	31.360	0.011347	2.5710	2.9216	803.25	-0.024514	0.00024720	0.10508	liquid
498.00	158.00	622.03	0.0016076	8.8825	34.283	0.017223	2.5744	2.9251	801.02	-0.024398	0.00024572	0.10494	liquid
499.00	158.00	621.34	0.0016094	11.781	37.210	0.023095	2.5779	2.9286	798.79	-0.024282	0.00024425	0.10479	liquid
500.00	158.00	620.64	0.0016112	14.683	40.140	0.028961	2.5813	2.9320	796.57	-0.024165	0.00024280	0.10465	liquid
501.00	158.00	619.95	0.0016130	17.588	43.074	0.034823	2.5848	2.9355	794.35	-0.024048	0.00024135	0.10450	liquid
502.00	158.00	619.25	0.0016148	20.496	46.011	0.040680	2.5882	2.9389	792.14	-0.023931	0.00023992	0.10436	liquid
503.00	158.00	618.56	0.0016167	23.408	48.952	0.046532	2.5916	2.9424	789.94	-0.023813	0.00023850	0.10421	liquid
504.00	158.00	617.86	0.0016185	26.324	51.896	0.052379	2.5951	2.9459	787.73	-0.023695	0.00023709	0.10407	liquid
505.00	158.00	617.16	0.0016203	29.242	54.843	0.058222	2.5985	2.9493	785.54	-0.023577	0.00023569	0.10392	liquid
506.00	158.00	616.46	0.0016222	32.164	57.794	0.064059	2.6019	2.9527	783.35	-0.023458	0.00023430	0.10378	liquid
507.00	158.00	615.77	0.0016240	35.090	60.749	0.069892	2.6053	2.9562	781.16	-0.023340	0.00023292	0.10364	liquid
508.00	158.00	615.07	0.0016258	38.019	63.707	0.075721	2.6087	2.9596	778.98	-0.023221	0.00023155	0.10349	liquid
509.00	158.00	614.37	0.0016277	40.951	66.668	0.081544	2.6121	2.9630	776.80	-0.023101	0.00023020	0.10335	liquid
510.00	158.00	613.67	0.0016295	43.886	69.633	0.087363	2.6155	2.9664	774.63	-0.022981	0.00022885	0.10321	liquid
511.00	158.00	612.97	0.0016314	46.825	72.601	0.093177	2.6189	2.9698	772.47	-0.022861	0.00022751	0.10306	liquid
512.00	158.00	612.27	0.0016333	49.767	75.573	0.098987	2.6222	2.9733	770.31	-0.022741	0.00022619	0.10292	liquid
513.00	158.00	611.57	0.0016351	52.712	78.547	0.10479	2.6256	2.9767	768.15	-0.022620	0.00022487	0.10278	liquid
514.00	158.00	610.86	0.0016370	55.661	81.526	0.11059	2.6290	2.9801	766.00	-0.022499	0.00022356	0.10264	liquid
515.00	158.00	610.16	0.0016389	58.613	84.508	0.11639	2.6324	2.9834	763.86	-0.022378	0.00022227	0.10250	liquid
516.00	158.00	609.46	0.0016408	61.568	87.493	0.12218	2.6357	2.9868	761.72	-0.022257	0.00022098	0.10236	liquid
517.00	158.00	608.76	0.0016427	64.527	90.481	0.12796	2.6391	2.9902	759.58	-0.022135	0.00021970	0.10222	liquid
518.00	158.00	608.05	0.0016446	67.489	93.473	0.13375	2.6424	2.9936	757.45	-0.022012	0.00021844	0.10208	liquid
519.00	158.00	607.35	0.0016465	70.454	96.468	0.13952	2.6458	2.9970	755.33	-0.021890	0.00021718	0.10194	liquid
520.00	158.00	606.65	0.0016484	73.422	99.467	0.14529	2.6491	3.0003	753.21	-0.021767	0.00021593	0.10180	liquid
521.00	158.00	605.94	0.0016503	76.394	102.47	0.15106	2.6524	3.0037	751.10	-0.021644	0.00021469	0.10166	liquid
522.00	158.00	605.24	0.0016522	79.369	105.47	0.15682	2.6558	3.0070	748.99	-0.021520	0.00021346	0.10152	liquid
523.00	158.00	604.53	0.0016542	82.347	108.48	0.16258	2.6591	3.0104	746.88	-0.021396	0.00021224	0.10138	liquid
524.00	158.00	603.83	0.0016561	85.329	111.50	0.16834	2.6624	3.0137	744.79	-0.021272	0.00021102	0.10125	liquid
525.00	158.00	603.12	0.0016580	88.313	114.51	0.17409	2.6657	3.0170	742.69	-0.021147	0.00020982	0.10111	liquid
526.00	158.00	602.41	0.0016600	91.301	117.53	0.17983	2.6690	3.0204	740.61	-0.021022	0.00020862	0.10097	liquid
527.00	158.00	601.70	0.0016619	94.293	120.55	0.18557	2.6723	3.0237	738.52	-0.020897	0.00020744	0.10083	liquid
528.00	158.00	601.00	0.0016639	97.287	123.58	0.19131	2.6756	3.0270	736.45	-0.020771	0.00020626	0.10070	liquid
529.00	158.00	600.29	0.0016659	100.28	126.61	0.19704	2.6789	3.0303	734.37	-0.020645	0.00020509	0.10056	liquid
530.00	158.00	599.58	0.0016678	103.29	129.64	0.20276	2.6822	3.0336	732.31	-0.020519	0.00020393	0.10042	liquid
531.00	158.00	598.87	0.0016698	106.29	132.67	0.20848	2.6855	3.0369	730.24	-0.020392	0.00020277	0.10029	liquid
532.00	158.00	598.16	0.0016718	109.30	135.71	0.21420	2.6887	3.0402	728.19	-0.020265	0.00020163	0.10015	liquid
533.00	158.00	597.45	0.0016738	112.31	138.75	0.21991	2.6920	3.0435	726.14	-0.020138	0.00020049	0.10002	liquid
534.00	158.00	596.74	0.0016758	115.32	141.80	0.22562	2.6953	3.0468	724.09	-0.020010	0.00019936	0.099883	liquid
535.00	158.00	596.03	0.0016778	118.34	144.85	0.23132	2.6985	3.0501	722.05	-0.019882	0.00019824	0.099749	liquid
536.00	158.00	595.32	0.0016798	121.36	147.90	0.23702	2.7018	3.0534	720.01	-0.019754	0.00019713	0.099615	liquid
537.00	158.00	594.60	0.0016818	124.38	150.95	0.24272	2.7050	3.0566	717.98	-0.019625	0.00019602	0.099481	liquid
538.00	158.00	593.89	0.0016838	127.41	154.01	0.24841	2.7083	3.0599	715.96	-0.019496	0.00019492	0.099348	liquid
539.00	158.00	593.18	0.0016858	130.44	157.07	0.25409	2.7115	3.0631	713.94	-0.019366	0.00019383	0.099215	liquid
540.00	158.00	592.47	0.0016879	133.47	160.14	0.25977	2.7147	3.0664	711.92	-0.019236	0.00019275	0.099082	liquid
541.00	158.00	591.75	0.0016899	136.51	163.21	0.26545	2.7180	3.0696	709.91	-0.019106	0.00019167	0.098950	liquid
542.00	158.00	591.04	0.0016919	139.54	166.28	0.27112	2.7212	3.0729	707.91	-0.018975	0.00019061	0.098818	liquid
543.00	158.00	590.32	0.0016940	142.59	169.35	0.27679	2.7244	3.0761	705.91	-0.018844	0.00018955	0.098686	liquid
544.00	158.00	589.61	0.0016960	145.63	172.43	0.28245	2.7276	3.0793	703.92	-0.018713	0.00018849	0.098555	liquid
545.00	158.00	588.89	0.0016981	148.68	175.51	0.28811	2.7308	3.0825	701.93	-0.018581	0.00018745	0.098424	liquid
546.00	158.00	588.17	0.0017002	151.73	178.59	0.29376	2.7340	3.0857	699.95	-0.018449	0.00018641	0.098293	liquid
547.00	158.00	587.46	0.0017023	154.79	181.68	0.29941	2.7372	3.0889	697.97	-0.018317	0.00018538	0.098163	liquid
548.00	158.00	586.74	0.0017043	157.84	184.77	0.30506	2.7404	3.0921	696.00	-0.018184	0.00018435	0.098033	liquid
549.00	158.00	586.02	0.0017064	160.90	187.87	0.31070	2.7435	3.0953	694.03	-0.018051	0.00018333	0.097904	liquid
550.00	158.00	585.30	0.0017085	163.97	190.96	0.31633	2.7467	3.0985	692.07	-0.017917	0.00018232	0.097774	liquid
551.00	158.00	584.59	0.0017106	167.04	194.06	0.32197	2.7499	3.1017	690.11	-0.017783	0.00018132	0.097646	liquid
552.00	158.00	583.87	0.0017127	170.11	197.17	0.32759	2.7531	3.1049	688.16	-0.017649	0.00018032	0.097517	liquid
553.00	158.00	583.15	0.0017148	173.18	200.27	0.33321	2.7562	3.1080	686.22	-0.017514	0.00017933	0.097389	liquid
554.00	158.00	582.43	0.0017170	176.25	203.38	0.33883	2.7594	3.1112	684.28	-0.017379	0.00017834	0.097261	liquid
555.00	158.00	581.71	0.0017191	179.33	206.50	0.34445	2.7625	3.1143	682.34	-0.017244	0.00017736	0.097134	liquid
556.00	158.00	580.99	0.0017212	182.42	209.61	0.35006	2.7657	3.1175	680.41	-0.017108	0.00017639	0.097007	liquid
557.00	158.00	580.26	0.0017234	185.50	212.73	0.35566	2.7688	3.1206	678.49	-0.016972	0.00017543	0.096880	liquid
558.00	158.00	579.54	0.0017255	188.59	215.85	0.36126	2.7719	3.1238	676.57	-0.016835	0.00017447	0.096754	liquid
559.00	158.00	578.82	0.0017277	191.68	218.98	0.36686	2.7751	3.1269	674.65	-0.016698	0.00017352	0.096628	liquid
560.00	158.00	578.10	0.0017298	194.78	222.11	0.37245	2.7782	3.1300	672.75	-0.016561	0.00017257	0.096503	liquid
561.00	158.00	577.37	0.0017320	197.87	225.24	0.37804	2.7813	3.1331	670.84	-0.016423	0.00017163	0.096378	liquid
562.00	158.00	576.65	0.0017342	200.97	228.37	0.38362	2.7844	3.1362	668.95	-0.016285	0.00017070	0.096253	liquid
563.00	158.00	575.93	0.0017363	204.08	231.51	0.38920	2.7875	3.1393	667.05	-0.016146	0.00016977	0.096129	liquid
564.00	158.00	575.20	0.0017385	207.18	234.65	0.39477	2.7906	3.1424	665.17	-0.016007	0.00016885	0.096005	liquid
565.00	158.00	574.48	0.0017407	210.29	237.79	0.40034	2.7937	3.1455	663.29	-0.015868	0.00016793	0.095881	liquid
566.00	158.00	573.75	0.0017429	213.40	240.94	0.40590	2.7968	3.1486	661.41	-0.015728	0.00016702	0.095758	liquid
567.00	158.00	573.03	0.0017451	216.52	244.09	0.41147	2.7999	3.1517	659.54	-0.015588	0.00016612	0.095635	liquid
568.00	158.00	572.30	0.0017473	219.64	247.25	0.41702	2.8029	3.1547	657.68	-0.015448	0.00016522	0.095512	liquid
569.00	158.00	571.57	0.0017496	222.76	250.40	0.42257	2.8060	3.1578	655.82	-0.015307	0.00016433	0.095390	liquid
570.00	158.00	570.85	0.0017518	225.88	253.56	0.42812	2.8091	3.1609	653.96	-0.015166	0.00016344	0.095268	liquid
571.00	158.00	570.12	0.0017540	229.01	256.72	0.43366	2.8121	3.1639	652.12	-0.015024	0.00016256	0.095147	liquid
572.00	158.00	569.39	0.0017563	232.14	259.89	0.43920	2.8152	3.1670	650.27	-0.014882	0.00016168	0.095026	liquid
573.00	158.00	568.66	0.0017585	235.27	263.06	0.44474	2.8182	3.1700	648.44	-0.014740	0.00016081	0.094906	liquid
574.00	158.00	567.93	0.0017608	238.41	266.23	0.45027	2.8213	3.1730	646.61	-0.014597	0.00015995	0.094785	liquid
575.00	158.00	567.20	0.0017630	241.55	269.40	0.45579	2.8243	3.1760	644.78	-0.014454	0.00015909	0.094666	liquid
576.00	158.00	566.47	0.0017653	244.69	272.58	0.46132	2.8273	3.1790	642.96	-0.014311	0.00015824	0.094546	liquid
577.00	158.00	565.74	0.0017676	247.83	275.76	0.46683	2.8304	3.1821	641.14	-0.014167	0.00015739	0.094427	liquid
578.00	158.00	565.01	0.0017699	250.98	278.94	0.47234	2.8334	3.1851	639.33	-0.014022	0.00015655	0.094309	liquid
579.00	158.00	564.28	0.0017722	254.13	282.13	0.47785	2.8364	3.1880	637.53	-0.013878	0.00015571	0.094191	liquid
580.00	158.00	563.55	0.0017745	257.28	285.32	0.48336	2.8394	3.1910	635.73	-0.013733	0.00015488	0.094073	liquid
581.00	158.00	562.82	0.0017768	260.44	288.51	0.48886	2.8424	3.1940	633.94	-0.013587	0.00015405	0.093955	liquid
582.00	158.00	562.09	0.0017791	263.60	291.71	0.49435	2.8454	3.1970	632.15	-0.013441	0.00015323	0.093838	liquid
583.00	158.00	561.35	0.0017814	266.76	294.91	0.49984	2.8484	3.2000	630.37	-0.013295	0.00015241	0.093722	liquid
584.00	158.00	560.62	0.0017837	269.93	298.11	0.50533	2.8514	3.2029	628.60	-0.013149	0.00015160	0.093606	liquid
585.00	158.00	559.89	0.0017861	273.09	301.31	0.51081	2.8544	3.2059	626.83	-0.013002	0.00015079	0.093490	liquid
586.00	158.00	559.15	0.0017884	276.26	304.52	0.51629	2.8574	3.2088	625.06	-0.012854	0.00014999	0.093375	liquid
587.00	158.00	558.42	0.0017908	279.44	307.73	0.52176	2.8603	3.2117	623.30	-0.012707	0.00014920	0.093260	liquid
588.00	158.00	557.68	0.0017931	282.61	310.94	0.52723	2.8633	3.2147	621.55	-0.012559	0.00014841	0.093145	liquid
589.00	158.00	556.95	0.0017955	285.79	314.16	0.53270	2.8663	3.2176	619.80	-0.012410	0.00014762	0.093031	liquid
590.00	158.00	556.21	0.0017979	288.97	317.38	0.53816	2.8692	3.2205	618.06	-0.012261	0.00014684	0.092918	liquid
591.00	158.00	555.48	0.0018003	292.16	320.60	0.54361	2.8722	3.2234	616.32	-0.012112	0.00014606	0.092804	liquid
592.00	158.00	554.74	0.0018026	295.34	323.83	0.54907	2.8751	3.2263	614.59	-0.011962	0.00014529	0.092692	liquid
593.00	158.00	554.00	0.0018050	298.53	327.05	0.55451	2.8781	3.2292	612.87	-0.011812	0.00014452	0.092579	liquid
594.00	158.00	553.27	0.0018074	301.73	330.28	0.55996	2.8810	3.2321	611.15	-0.011662	0.00014376	0.092467	liquid
595.00	158.00	552.53	0.0018099	304.92	333.52	0.56540	2.8839	3.2350	609.44	-0.011511	0.00014300	0.092356	liquid
596.00	158.00	551.79	0.0018123	308.12	336.75	0.57083	2.8869	3.2379	607.73	-0.011360	0.00014225	0.092245	liquid
597.00	158.00	551.05	0.0018147	311.32	339.99	0.57626	2.8898	3.2407	606.03	-0.011209	0.00014150	0.092134	liquid
598.00	158.00	550.32	0.0018171	314.53	343.24	0.58169	2.8927	3.2436	604.33	-0.011057	0.00014076	0.092024	liquid
599.00	158.00	549.58	0.0018196	317.73	346.48	0.58711	2.8956	3.2464	602.64	-0.010904	0.00014002	0.091914	liquid
600.00	158.00	548.84	0.0018220	320.94	349.73	0.59253	2.8985	3.2493	600.96	-0.010752	0.00013928	0.091804	liquid
601.00	158.00	548.10	0.0018245	324.15	352.98	0.59794	2.9014	3.2521	599.28	-0.010599	0.00013855	0.091695	liquid
602.00	158.00	547.36	0.0018270	327.37	356.23	0.60335	2.9043	3.2549	597.60	-0.010446	0.00013783	0.091587	liquid
603.00	158.00	546.62	0.0018294	330.58	359.49	0.60875	2.9072	3.2578	595.94	-0.010292	0.00013711	0.091479	liquid
604.00	158.00	545.88	0.0018319	333.80	362.75	0.61416	2.9101	3.2606	594.28	-0.010138	0.00013639	0.091371	liquid
605.00	158.00	545.14	0.0018344	337.03	366.01	0.61955	2.9129	3.2634	592.62	-0.0099836	0.00013568	0.091264	liquid
606.00	158.00	544.40	0.0018369	340.25	369.28	0.62494	2.9158	3.2662	590.97	-0.0098288	0.00013497	0.091157	liquid
607.00	158.00	543.65	0.0018394	343.48	372.54	0.63033	2.9187	3.2690	589.33	-0.0096737	0.00013426	0.091051	liquid
608.00	158.00	542.91	0.0018419	346.71	375.81	0.63571	2.9215	3.2717	587.69	-0.0095183	0.00013357	0.090945	liquid
609.00	158.00	542.17	0.0018444	349.94	379.09	0.64109	2.9244	3.2745	586.06	-0.0093625	0.00013287	0.090840	liquid
610.00	158.00	541.43	0.0018470	353.18	382.36	0.64647	2.9272	3.2773	584.43	-0.0092064	0.00013218	0.090735	liquid
611.00	158.00	540.68	0.0018495	356.42	385.64	0.65184	2.9301	3.2801	582.81	-0.0090499	0.00013149	0.090631	liquid
612.00	158.00	539.94	0.0018521	359.66	388.92	0.65720	2.9329	3.2828	581.20	-0.0088931	0.00013081	0.090527	liquid
613.00	158.00	539.20	0.0018546	362.90	392.21	0.66257	2.9357	3.2856	579.59	-0.0087359	0.00013013	0.090423	liquid
614.00	158.00	538.45	0.0018572	366.15	395.49	0.66792	2.9386	3.2883	577.98	-0.0085784	0.00012946	0.090320	liquid
615.00	158.00	537.71	0.0018597	369.40	398.78	0.67328	2.9414	3.2910	576.39	-0.0084206	0.00012879	0.090217	liquid
616.00	158.00	536.97	0.0018623	372.65	402.08	0.67863	2.9442	3.2938	574.80	-0.0082625	0.00012812	0.090115	liquid
617.00	158.00	536.22	0.0018649	375.91	405.37	0.68397	2.9470	3.2965	573.21	-0.0081040	0.00012746	0.090013	liquid
618.00	158.00	535.48	0.0018675	379.16	408.67	0.68931	2.9498	3.2992	571.63	-0.0079452	0.00012680	0.089912	liquid
619.00	158.00	534.73	0.0018701	382.42	411.97	0.69465	2.9526	3.3019	570.06	-0.0077860	0.00012614	0.089811	liquid
620.00	158.00	533.99	0.0018727	385.68	415.27	0.69998	2.9554	3.3046	568.49	-0.0076266	0.00012549	0.089711	liquid
621.00	158.00	533.24	0.0018753	388.95	418.58	0.70531	2.9582	3.3073	566.93	-0.0074668	0.00012485	0.089611	liquid
622.00	158.00	532.50	0.0018779	392.22	421.89	0.71063	2.9610	3.3099	565.38	-0.0073067	0.00012421	0.089512	liquid
623.00	158.00	531.75	0.0018806	395.48	425.20	0.71595	2.9638	3.3126	563.83	-0.0071464	0.00012357	0.089413	liquid
624.00	158.00	531.00	0.0018832	398.76	428.51	0.72127	2.9665	3.3153	562.28	-0.0069857	0.00012293	0.089315	liquid
625.00	158.00	530.26	0.0018859	402.03	431.83	0.72658	2.9693	3.3179	560.75	-0.0068247	0.00012230	0.089217	liquid
626.00	158.00	529.51	0.0018885	405.31	435.15	0.73188	2.9721	3.3206	559.22	-0.0066634	0.00012167	0.089119	liquid
627.00	158.00	528.76	0.0018912	408.59	438.47	0.73719	2.9748	3.3232	557.69	-0.0065018	0.00012105	0.089022	liquid
628.00	158.00	528.02	0.0018939	411.87	441.79	0.74248	2.9776	3.3258	556.17	-0.0063399	0.00012043	0.088926	liquid
629.00	158.00	527.27	0.0018966	415.16	445.12	0.74778	2.9803	3.3285	554.66	-0.0061777	0.00011981	0.088830	liquid
630.00	158.00	526.52	0.0018993	418.44	448.45	0.75307	2.9831	3.3311	553.15	-0.0060152	0.00011920	0.088734	liquid
631.00	158.00	525.77	0.0019020	421.73	451.78	0.75835	2.9858	3.3337	551.65	-0.0058525	0.00011859	0.088639	liquid
632.00	158.00	525.03	0.0019047	425.02	455.12	0.76363	2.9885	3.3363	550.16	-0.0056894	0.00011799	0.088545	liquid
633.00	158.00	524.28	0.0019074	428.32	458.46	0.76891	2.9913	3.3389	548.67	-0.0055261	0.00011739	0.088451	liquid
634.00	158.00	523.53	0.0019101	431.62	461.80	0.77418	2.9940	3.3415	547.18	-0.0053626	0.00011679	0.088357	liquid
635.00	158.00	522.78	0.0019128	434.92	465.14	0.77945	2.9967	3.3441	545.71	-0.0051987	0.00011620	0.088264	liquid
636.00	158.00	522.03	0.0019156	438.22	468.48	0.78472	2.9994	3.3466	544.24	-0.0050346	0.00011561	0.088172	liquid
637.00	158.00	521.28	0.0019183	441.52	471.83	0.78998	3.0021	3.3492	542.77	-0.0048702	0.00011502	0.088080	liquid
638.00	158.00	520.54	0.0019211	444.83	475.18	0.79523	3.0048	3.3517	541.31	-0.0047056	0.00011444	0.087988	liquid
639.00	158.00	519.79	0.0019239	448.14	478.54	0.80048	3.0075	3.3543	539.86	-0.0045407	0.00011386	0.087897	liquid
640.00	158.00	519.04	0.0019266	451.45	481.89	0.80573	3.0102	3.3568	538.41	-0.0043756	0.00011328	0.087806	liquid
641.00	158.00	518.29	0.0019294	454.76	485.25	0.81097	3.0129	3.3594	536.97	-0.0042103	0.00011271	0.087716	liquid
642.00	158.00	517.54	0.0019322	458.08	488.61	0.81621	3.0156	3.3619	535.54	-0.0040447	0.00011214	0.087627	liquid
643.00	158.00	516.79	0.0019350	461.40	491.97	0.82145	3.0183	3.3644	534.11	-0.0038788	0.00011157	0.087538	liquid
644.00	158.00	516.04	0.0019378	464.72	495.34	0.82668	3.0209	3.3669	532.69	-0.0037128	0.00011101	0.087449	liquid
645.00	158.00	515.29	0.0019407	468.04	498.71	0.83190	3.0236	3.3694	531.27	-0.0035465	0.00011045	0.087361	liquid
646.00	158.00	514.54	0.0019435	471.37	502.08	0.83712	3.0262	3.3719	529.87	-0.0033800	0.00010989	0.087274	liquid
647.00	158.00	513.79	0.0019463	474.70	505.45	0.84234	3.0289	3.3744	528.46	-0.0032133	0.00010934	0.087187	liquid
648.00	158.00	513.04	0.0019492	478.03	508.83	0.84755	3.0316	3.3769	527.06	-0.0030463	0.00010879	0.087100	liquid
649.00	158.00	512.29	0.0019520	481.36	512.20	0.85276	3.0342	3.3793	525.67	-0.0028792	0.00010825	0.087014	liquid
650.00	158.00	511.54	0.0019549	484.70	515.59	0.85797	3.0368	3.3818	524.29	-0.0027119	0.00010770	0.086929	liquid
651.00	158.00	510.79	0.0019577	488.04	518.97	0.86317	3.0395	3.3842	522.91	-0.0025443	0.00010716	0.086844	liquid
652.00	158.00	510.04	0.0019606	491.38	522.35	0.86837	3.0421	3.3867	521.54	-0.0023766	0.00010663	0.086759	liquid
653.00	158.00	509.29	0.0019635	494.72	525.74	0.87356	3.0447	3.3891	520.17	-0.0022087	0.00010610	0.086675	liquid
654.00	158.00	508.54	0.0019664	498.06	529.13	0.87875	3.0473	3.3916	518.81	-0.0020406	0.00010557	0.086592	liquid
655.00	158.00	507.79	0.0019693	501.41	532.52	0.88393	3.0499	3.3940	517.45	-0.0018723	0.00010504	0.086509	liquid
656.00	158.00	507.04	0.0019722	504.76	535.92	0.88911	3.0526	3.3964	516.11	-0.0017039	0.00010452	0.086427	liquid
657.00	158.00	506.29	0.0019752	508.11	539.32	0.89428	3.0552	3.3988	514.76	-0.0015353	0.00010400	0.086345	liquid
658.00	158.00	505.54	0.0019781	511.46	542.72	0.89946	3.0578	3.4012	513.43	-0.0013665	0.00010348	0.086263	liquid
659.00	158.00	504.79	0.0019810	514.82	546.12	0.90462	3.0603	3.4036	512.10	-0.0011976	0.00010297	0.086183	supercritical
660.00	158.00	504.04	0.0019840	518.18	549.52	0.90979	3.0629	3.4060	510.77	-0.0010286	0.00010246	0.086102	supercritical
661.00	158.00	503.29	0.0019869	521.54	552.93	0.91494	3.0655	3.4083	509.46	-0.00085934	0.00010195	0.086023	supercritical
662.00	158.00	502.54	0.0019899	524.90	556.34	0.92010	3.0681	3.4107	508.14	-0.00068999	0.00010144	0.085943	supercritical
663.00	158.00	501.79	0.0019929	528.27	559.75	0.92525	3.0707	3.4131	506.84	-0.00052051	0.00010094	0.085865	supercritical
664.00	158.00	501.04	0.0019959	531.63	563.17	0.93039	3.0732	3.4154	505.54	-0.00035090	0.00010044	0.085787	supercritical
665.00	158.00	500.29	0.0019988	535.00	566.58	0.93554	3.0758	3.4178	504.25	-0.00018116	9.9949e-05	0.085709	supercritical
666.00	158.00	499.54	0.0020018	538.37	570.00	0.94067	3.0784	3.4201	502.96	-1.1309e-05	9.9456e-05	0.085632	supercritical
667.00	158.00	498.79	0.0020049	541.75	573.42	0.94581	3.0809	3.4224	501.68	0.00015865	9.8967e-05	0.085555	supercritical
668.00	158.00	498.04	0.0020079	545.12	576.85	0.95093	3.0835	3.4247	500.40	0.00032872	9.8481e-05	0.085479	supercritical
669.00	158.00	497.29	0.0020109	548.50	580.27	0.95606	3.0860	3.4271	499.14	0.00049889	9.7997e-05	0.085404	supercritical
670.00	158.00	496.54	0.0020139	551.88	583.70	0.96118	3.0885	3.4294	497.87	0.00066916	9.7517e-05	0.085329	supercritical
671.00	158.00	495.79	0.0020170	555.26	587.13	0.96630	3.0911	3.4317	496.62	0.00083951	9.7039e-05	0.085255	supercritical
672.00	158.00	495.04	0.0020200	558.65	590.57	0.97141	3.0936	3.4339	495.37	0.0010099	9.6565e-05	0.085181	supercritical
673.00	158.00	494.29	0.0020231	562.04	594.00	0.97652	3.0961	3.4362	494.12	0.0011805	9.6093e-05	0.085107	supercritical
674.00	158.00	493.54	0.0020262	565.42	597.44	0.98162	3.0986	3.4385	492.88	0.0013510	9.5624e-05	0.085035	supercritical
675.00	158.00	492.79	0.0020292	568.82	600.88	0.98672	3.1011	3.4408	491.65	0.0015217	9.5158e-05	0.084962	supercritical
676.00	158.00	492.04	0.0020323	572.21	604.32	0.99182	3.1036	3.4430	490.43	0.0016924	9.4695e-05	0.084891	supercritical
677.00	158.00	491.30	0.0020354	575.60	607.76	0.99691	3.1061	3.4453	489.21	0.0018631	9.4235e-05	0.084819	supercritical
678.00	158.00	490.55	0.0020385	579.00	611.21	1.0020	3.1086	3.4475	487.99	0.0020340	9.3777e-05	0.084749	supercritical
679.00	158.00	489.80	0.0020417	582.40	614.66	1.0071	3.1111	3.4498	486.79	0.0022048	9.3323e-05	0.084679	supercritical
680.00	158.00	489.05	0.0020448	585.80	618.11	1.0122	3.1136	3.4520	485.59	0.0023757	9.2871e-05	0.084609	supercritical
681.00	158.00	488.30	0.0020479	589.21	621.56	1.0172	3.1161	3.4542	484.39	0.0025466	9.2422e-05	0.084540	supercritical
682.00	158.00	487.55	0.0020511	592.61	625.02	1.0223	3.1186	3.4564	483.20	0.0027175	9.1975e-05	0.084472	supercritical
683.00	158.00	486.81	0.0020542	596.02	628.48	1.0274	3.1211	3.4586	482.02	0.0028885	9.1532e-05	0.084404	supercritical
684.00	158.00	486.06	0.0020574	599.43	631.93	1.0324	3.1235	3.4608	480.84	0.0030595	9.1091e-05	0.084337	supercritical
685.00	158.00	485.31	0.0020605	602.84	635.40	1.0375	3.1260	3.4630	479.67	0.0032304	9.0653e-05	0.084270	supercritical
686.00	158.00	484.57	0.0020637	606.25	638.86	1.0425	3.1284	3.4652	478.51	0.0034014	9.0217e-05	0.084203	supercritical
687.00	158.00	483.82	0.0020669	609.67	642.33	1.0476	3.1309	3.4674	477.35	0.0035724	8.9784e-05	0.084138	supercritical
688.00	158.00	483.07	0.0020701	613.09	645.80	1.0526	3.1333	3.4695	476.19	0.0037433	8.9354e-05	0.084073	supercritical
689.00	158.00	482.33	0.0020733	616.51	649.27	1.0577	3.1358	3.4717	475.05	0.0039143	8.8927e-05	0.084008	supercritical
690.00	158.00	481.58	0.0020765	619.93	652.74	1.0627	3.1382	3.4738	473.91	0.0040852	8.8502e-05	0.083944	supercritical
691.00	158.00	480.84	0.0020797	623.35	656.21	1.0677	3.1407	3.4760	472.77	0.0042561	8.8080e-05	0.083880	supercritical
692.00	158.00	480.09	0.0020829	626.78	659.69	1.0728	3.1431	3.4781	471.64	0.0044269	8.7660e-05	0.083817	supercritical
693.00	158.00	479.35	0.0020862	630.21	663.17	1.0778	3.1455	3.4802	470.52	0.0045977	8.7243e-05	0.083755	supercritical
694.00	158.00	478.60	0.0020894	633.64	666.65	1.0828	3.1479	3.4824	469.40	0.0047685	8.6829e-05	0.083693	supercritical
695.00	158.00	477.86	0.0020927	637.07	670.13	1.0878	3.1503	3.4845	468.29	0.0049392	8.6417e-05	0.083632	supercritical
696.00	158.00	477.11	0.0020959	640.50	673.62	1.0928	3.1527	3.4866	467.19	0.0051098	8.6008e-05	0.083571	supercritical
697.00	158.00	476.37	0.0020992	643.94	677.11	1.0978	3.1551	3.4887	466.09	0.0052804	8.5601e-05	0.083511	supercritical
698.00	158.00	475.63	0.0021025	647.38	680.60	1.1029	3.1575	3.4908	465.00	0.0054508	8.5197e-05	0.083451	supercritical
699.00	158.00	474.88	0.0021058	650.82	684.09	1.1079	3.1599	3.4928	463.91	0.0056213	8.4796e-05	0.083392	supercritical
700.00	158.00	474.14	0.0021091	654.26	687.58	1.1128	3.1623	3.4949	462.83	0.0057916	8.4397e-05	0.083333	supercritical
