Temperature (K)	Pressure (bar)	Density (kg/m3)	Volume (m3/kg)	Internal Energy (kJ/kg)	Enthalpy (kJ/kg)	Entropy (J/g*K)	Cv (J/g*K)	Cp (J/g*K)	Sound Spd. (m/s)	Joule-Thomson (K/bar)	Viscosity (Pa*s)	Therm. Cond. (W/m*K)	Phase
269.00	64.000	771.32	0.0012965	-557.93	-549.63	-1.4916	1.7193	2.1242	1438.5	-0.045469	0.0027349	0.14452	liquid
270.00	64.000	770.59	0.0012977	-555.81	-547.51	-1.4837	1.7225	2.1268	1434.2	-0.045400	0.0026660	0.14427	liquid
271.00	64.000	769.86	0.0012989	-553.69	-545.38	-1.4758	1.7258	2.1294	1429.9	-0.045329	0.0025999	0.14402	liquid
272.00	64.000	769.13	0.0013002	-551.57	-543.25	-1.4680	1.7291	2.1320	1425.6	-0.045258	0.0025363	0.14377	liquid
273.00	64.000	768.40	0.0013014	-549.44	-541.12	-1.4602	1.7324	2.1347	1421.4	-0.045187	0.0024751	0.14352	liquid
274.00	64.000	767.67	0.0013026	-547.32	-538.98	-1.4524	1.7357	2.1374	1417.1	-0.045115	0.0024162	0.14328	liquid
275.00	64.000	766.95	0.0013039	-545.19	-536.84	-1.4446	1.7391	2.1401	1412.9	-0.045042	0.0023595	0.14303	liquid
276.00	64.000	766.22	0.0013051	-543.05	-534.70	-1.4368	1.7424	2.1428	1408.7	-0.044968	0.0023049	0.14278	liquid
277.00	64.000	765.49	0.0013063	-540.92	-532.56	-1.4290	1.7458	2.1456	1404.5	-0.044894	0.0022523	0.14254	liquid
278.00	64.000	764.77	0.0013076	-538.78	-530.41	-1.4213	1.7492	2.1483	1400.4	-0.044819	0.0022015	0.14229	liquid
279.00	64.000	764.04	0.0013088	-536.64	-528.26	-1.4136	1.7526	2.1511	1396.2	-0.044744	0.0021526	0.14205	liquid
280.00	64.000	763.32	0.0013101	-534.49	-526.11	-1.4059	1.7560	2.1539	1392.1	-0.044668	0.0021053	0.14180	liquid
281.00	64.000	762.59	0.0013113	-532.34	-523.95	-1.3982	1.7594	2.1568	1387.9	-0.044591	0.0020597	0.14156	liquid
282.00	64.000	761.87	0.0013126	-530.19	-521.79	-1.3905	1.7628	2.1597	1383.8	-0.044514	0.0020156	0.14132	liquid
283.00	64.000	761.15	0.0013138	-528.04	-519.63	-1.3829	1.7663	2.1625	1379.7	-0.044436	0.0019730	0.14108	liquid
284.00	64.000	760.43	0.0013151	-525.88	-517.47	-1.3753	1.7697	2.1654	1375.6	-0.044358	0.0019318	0.14084	liquid
285.00	64.000	759.71	0.0013163	-523.72	-515.30	-1.3676	1.7732	2.1684	1371.6	-0.044279	0.0018919	0.14060	liquid
286.00	64.000	758.98	0.0013176	-521.56	-513.13	-1.3600	1.7767	2.1713	1367.5	-0.044200	0.0018534	0.14036	liquid
287.00	64.000	758.26	0.0013188	-519.40	-510.96	-1.3525	1.7801	2.1743	1363.5	-0.044120	0.0018160	0.14012	liquid
288.00	64.000	757.54	0.0013201	-517.23	-508.78	-1.3449	1.7837	2.1773	1359.4	-0.044039	0.0017799	0.13988	liquid
289.00	64.000	756.82	0.0013213	-515.06	-506.60	-1.3373	1.7872	2.1803	1355.4	-0.043958	0.0017448	0.13964	liquid
290.00	64.000	756.11	0.0013226	-512.89	-504.42	-1.3298	1.7907	2.1833	1351.4	-0.043877	0.0017109	0.13941	liquid
291.00	64.000	755.39	0.0013238	-510.71	-502.24	-1.3223	1.7942	2.1863	1347.4	-0.043795	0.0016780	0.13917	liquid
292.00	64.000	754.67	0.0013251	-508.53	-500.05	-1.3148	1.7978	2.1894	1343.5	-0.043712	0.0016461	0.13894	liquid
293.00	64.000	753.95	0.0013263	-506.35	-497.86	-1.3073	1.8013	2.1925	1339.5	-0.043629	0.0016152	0.13870	liquid
294.00	64.000	753.23	0.0013276	-504.16	-495.66	-1.2998	1.8049	2.1955	1335.5	-0.043545	0.0015851	0.13847	liquid
295.00	64.000	752.52	0.0013289	-501.97	-493.47	-1.2923	1.8085	2.1987	1331.6	-0.043461	0.0015560	0.13823	liquid
296.00	64.000	751.80	0.0013301	-499.78	-491.27	-1.2849	1.8121	2.2018	1327.7	-0.043377	0.0015277	0.13800	liquid
297.00	64.000	751.08	0.0013314	-497.58	-489.06	-1.2775	1.8157	2.2049	1323.8	-0.043292	0.0015002	0.13777	liquid
298.00	64.000	750.37	0.0013327	-495.39	-486.86	-1.2700	1.8193	2.2081	1319.9	-0.043206	0.0014734	0.13753	liquid
299.00	64.000	749.65	0.0013339	-493.18	-484.65	-1.2626	1.8229	2.2113	1316.0	-0.043121	0.0014475	0.13730	liquid
300.00	64.000	748.94	0.0013352	-490.98	-482.43	-1.2553	1.8265	2.2145	1312.1	-0.043034	0.0014222	0.13707	liquid
301.00	64.000	748.22	0.0013365	-488.77	-480.22	-1.2479	1.8302	2.2177	1308.2	-0.042948	0.0013977	0.13684	liquid
302.00	64.000	747.51	0.0013378	-486.56	-478.00	-1.2405	1.8338	2.2209	1304.4	-0.042860	0.0013738	0.13661	liquid
303.00	64.000	746.80	0.0013391	-484.35	-475.78	-1.2332	1.8375	2.2241	1300.6	-0.042773	0.0013506	0.13638	liquid
304.00	64.000	746.08	0.0013403	-482.13	-473.55	-1.2258	1.8411	2.2274	1296.7	-0.042685	0.0013280	0.13615	liquid
305.00	64.000	745.37	0.0013416	-479.91	-471.32	-1.2185	1.8448	2.2306	1292.9	-0.042596	0.0013060	0.13593	liquid
306.00	64.000	744.66	0.0013429	-477.68	-469.09	-1.2112	1.8485	2.2339	1289.1	-0.042507	0.0012845	0.13570	liquid
307.00	64.000	743.94	0.0013442	-475.46	-466.85	-1.2039	1.8521	2.2372	1285.3	-0.042418	0.0012637	0.13547	liquid
308.00	64.000	743.23	0.0013455	-473.23	-464.61	-1.1966	1.8558	2.2405	1281.5	-0.042329	0.0012433	0.13525	liquid
309.00	64.000	742.52	0.0013468	-470.99	-462.37	-1.1894	1.8595	2.2439	1277.8	-0.042239	0.0012235	0.13502	liquid
310.00	64.000	741.81	0.0013481	-468.75	-460.13	-1.1821	1.8632	2.2472	1274.0	-0.042148	0.0012042	0.13480	liquid
311.00	64.000	741.10	0.0013494	-466.51	-457.88	-1.1749	1.8670	2.2506	1270.3	-0.042057	0.0011854	0.13457	liquid
312.00	64.000	740.39	0.0013506	-464.27	-455.63	-1.1676	1.8707	2.2539	1266.5	-0.041966	0.0011670	0.13435	liquid
313.00	64.000	739.67	0.0013519	-462.02	-453.37	-1.1604	1.8744	2.2573	1262.8	-0.041875	0.0011491	0.13412	liquid
314.00	64.000	738.96	0.0013532	-459.77	-451.11	-1.1532	1.8781	2.2607	1259.1	-0.041783	0.0011317	0.13390	liquid
315.00	64.000	738.25	0.0013545	-457.52	-448.85	-1.1460	1.8819	2.2641	1255.4	-0.041690	0.0011146	0.13368	liquid
316.00	64.000	737.54	0.0013559	-455.26	-446.58	-1.1388	1.8856	2.2675	1251.7	-0.041598	0.0010980	0.13345	liquid
317.00	64.000	736.83	0.0013572	-453.00	-444.31	-1.1317	1.8894	2.2709	1248.0	-0.041505	0.0010817	0.13323	liquid
318.00	64.000	736.12	0.0013585	-450.74	-442.04	-1.1245	1.8931	2.2744	1244.4	-0.041411	0.0010659	0.13301	liquid
319.00	64.000	735.41	0.0013598	-448.47	-439.77	-1.1174	1.8969	2.2778	1240.7	-0.041318	0.0010504	0.13279	liquid
320.00	64.000	734.70	0.0013611	-446.20	-437.49	-1.1102	1.9007	2.2813	1237.1	-0.041224	0.0010353	0.13257	liquid
321.00	64.000	733.99	0.0013624	-443.92	-435.20	-1.1031	1.9045	2.2848	1233.4	-0.041129	0.0010205	0.13235	liquid
322.00	64.000	733.28	0.0013637	-441.64	-432.92	-1.0960	1.9082	2.2882	1229.8	-0.041035	0.0010061	0.13213	liquid
323.00	64.000	732.57	0.0013650	-439.36	-430.63	-1.0889	1.9120	2.2917	1226.2	-0.040940	0.00099194	0.13191	liquid
324.00	64.000	731.87	0.0013664	-437.08	-428.33	-1.0818	1.9158	2.2952	1222.6	-0.040844	0.00097814	0.13169	liquid
325.00	64.000	731.16	0.0013677	-434.79	-426.04	-1.0747	1.9196	2.2987	1219.0	-0.040749	0.00096465	0.13148	liquid
326.00	64.000	730.45	0.0013690	-432.50	-423.74	-1.0677	1.9234	2.3023	1215.4	-0.040653	0.00095146	0.13126	liquid
327.00	64.000	729.74	0.0013704	-430.20	-421.43	-1.0606	1.9272	2.3058	1211.8	-0.040556	0.00093855	0.13104	liquid
328.00	64.000	729.03	0.0013717	-427.90	-419.12	-1.0536	1.9310	2.3094	1208.2	-0.040460	0.00092593	0.13082	liquid
329.00	64.000	728.32	0.0013730	-425.60	-416.81	-1.0465	1.9349	2.3129	1204.7	-0.040363	0.00091358	0.13061	liquid
330.00	64.000	727.61	0.0013744	-423.29	-414.50	-1.0395	1.9387	2.3165	1201.1	-0.040266	0.00090149	0.13039	liquid
331.00	64.000	726.90	0.0013757	-420.98	-412.18	-1.0325	1.9425	2.3200	1197.6	-0.040168	0.00088966	0.13018	liquid
332.00	64.000	726.20	0.0013770	-418.67	-409.86	-1.0255	1.9463	2.3236	1194.1	-0.040070	0.00087808	0.12996	liquid
333.00	64.000	725.49	0.0013784	-416.35	-407.53	-1.0185	1.9502	2.3272	1190.5	-0.039972	0.00086674	0.12975	liquid
334.00	64.000	724.78	0.0013797	-414.03	-405.20	-1.0115	1.9540	2.3308	1187.0	-0.039874	0.00085564	0.12953	liquid
335.00	64.000	724.07	0.0013811	-411.71	-402.87	-1.0045	1.9578	2.3344	1183.5	-0.039775	0.00084476	0.12932	liquid
336.00	64.000	723.36	0.0013824	-409.38	-400.53	-0.99757	1.9617	2.3380	1180.0	-0.039676	0.00083410	0.12911	liquid
337.00	64.000	722.65	0.0013838	-407.05	-398.19	-0.99061	1.9655	2.3417	1176.6	-0.039576	0.00082367	0.12890	liquid
338.00	64.000	721.95	0.0013851	-404.72	-395.85	-0.98367	1.9694	2.3453	1173.1	-0.039477	0.00081344	0.12868	liquid
339.00	64.000	721.24	0.0013865	-402.38	-393.50	-0.97674	1.9732	2.3489	1169.6	-0.039377	0.00080341	0.12847	liquid
340.00	64.000	720.53	0.0013879	-400.04	-391.15	-0.96981	1.9771	2.3526	1166.2	-0.039276	0.00079358	0.12826	liquid
341.00	64.000	719.82	0.0013892	-397.69	-388.80	-0.96290	1.9810	2.3562	1162.7	-0.039176	0.00078395	0.12805	liquid
342.00	64.000	719.11	0.0013906	-395.34	-386.44	-0.95599	1.9848	2.3599	1159.3	-0.039075	0.00077450	0.12784	liquid
343.00	64.000	718.40	0.0013920	-392.99	-384.08	-0.94910	1.9887	2.3636	1155.8	-0.038974	0.00076524	0.12763	liquid
344.00	64.000	717.70	0.0013933	-390.63	-381.71	-0.94221	1.9925	2.3672	1152.4	-0.038873	0.00075615	0.12742	liquid
345.00	64.000	716.99	0.0013947	-388.27	-379.34	-0.93533	1.9964	2.3709	1149.0	-0.038771	0.00074724	0.12721	liquid
346.00	64.000	716.28	0.0013961	-385.91	-376.97	-0.92847	2.0003	2.3746	1145.6	-0.038669	0.00073849	0.12700	liquid
347.00	64.000	715.57	0.0013975	-383.54	-374.60	-0.92161	2.0042	2.3783	1142.2	-0.038567	0.00072991	0.12679	liquid
348.00	64.000	714.86	0.0013989	-381.17	-372.22	-0.91476	2.0080	2.3820	1138.8	-0.038464	0.00072149	0.12658	liquid
349.00	64.000	714.15	0.0014003	-378.79	-369.83	-0.90792	2.0119	2.3857	1135.4	-0.038361	0.00071322	0.12637	liquid
350.00	64.000	713.44	0.0014017	-376.41	-367.44	-0.90109	2.0158	2.3895	1132.1	-0.038258	0.00070511	0.12617	liquid
351.00	64.000	712.74	0.0014030	-374.03	-365.05	-0.89426	2.0197	2.3932	1128.7	-0.038155	0.00069714	0.12596	liquid
352.00	64.000	712.03	0.0014044	-371.65	-362.66	-0.88745	2.0236	2.3969	1125.3	-0.038051	0.00068932	0.12575	liquid
353.00	64.000	711.32	0.0014058	-369.26	-360.26	-0.88064	2.0275	2.4006	1122.0	-0.037947	0.00068164	0.12555	liquid
354.00	64.000	710.61	0.0014072	-366.86	-357.86	-0.87385	2.0313	2.4044	1118.7	-0.037843	0.00067409	0.12534	liquid
355.00	64.000	709.90	0.0014087	-364.47	-355.45	-0.86706	2.0352	2.4081	1115.3	-0.037739	0.00066668	0.12513	liquid
356.00	64.000	709.19	0.0014101	-362.06	-353.04	-0.86028	2.0391	2.4119	1112.0	-0.037634	0.00065940	0.12493	liquid
357.00	64.000	708.48	0.0014115	-359.66	-350.63	-0.85351	2.0430	2.4156	1108.7	-0.037529	0.00065225	0.12472	liquid
358.00	64.000	707.77	0.0014129	-357.25	-348.21	-0.84675	2.0469	2.4194	1105.4	-0.037423	0.00064522	0.12452	liquid
359.00	64.000	707.06	0.0014143	-354.84	-345.79	-0.83999	2.0508	2.4232	1102.1	-0.037318	0.00063831	0.12432	liquid
360.00	64.000	706.35	0.0014157	-352.42	-343.36	-0.83325	2.0547	2.4269	1098.8	-0.037212	0.00063152	0.12411	liquid
361.00	64.000	705.64	0.0014172	-350.00	-340.93	-0.82651	2.0586	2.4307	1095.5	-0.037106	0.00062484	0.12391	liquid
362.00	64.000	704.93	0.0014186	-347.58	-338.50	-0.81978	2.0625	2.4345	1092.2	-0.036999	0.00061828	0.12371	liquid
363.00	64.000	704.22	0.0014200	-345.15	-336.06	-0.81306	2.0664	2.4383	1088.9	-0.036893	0.00061183	0.12350	liquid
364.00	64.000	703.50	0.0014215	-342.72	-333.62	-0.80635	2.0703	2.4421	1085.7	-0.036785	0.00060548	0.12330	liquid
365.00	64.000	702.79	0.0014229	-340.29	-331.18	-0.79964	2.0742	2.4459	1082.4	-0.036678	0.00059924	0.12310	liquid
366.00	64.000	702.08	0.0014243	-337.85	-328.73	-0.79295	2.0781	2.4497	1079.2	-0.036571	0.00059310	0.12290	liquid
367.00	64.000	701.37	0.0014258	-335.41	-326.28	-0.78626	2.0820	2.4535	1075.9	-0.036463	0.00058706	0.12269	liquid
368.00	64.000	700.66	0.0014272	-332.96	-323.83	-0.77958	2.0859	2.4573	1072.7	-0.036354	0.00058112	0.12249	liquid
369.00	64.000	699.95	0.0014287	-330.51	-321.37	-0.77290	2.0898	2.4611	1069.5	-0.036246	0.00057527	0.12229	liquid
370.00	64.000	699.23	0.0014301	-328.06	-318.90	-0.76624	2.0937	2.4649	1066.2	-0.036137	0.00056952	0.12209	liquid
371.00	64.000	698.52	0.0014316	-325.60	-316.44	-0.75958	2.0976	2.4687	1063.0	-0.036028	0.00056386	0.12189	liquid
372.00	64.000	697.81	0.0014331	-323.14	-313.97	-0.75293	2.1015	2.4726	1059.8	-0.035919	0.00055829	0.12169	liquid
373.00	64.000	697.09	0.0014345	-320.67	-311.49	-0.74629	2.1054	2.4764	1056.6	-0.035809	0.00055280	0.12149	liquid
374.00	64.000	696.38	0.0014360	-318.20	-309.01	-0.73965	2.1093	2.4802	1053.4	-0.035699	0.00054740	0.12129	liquid
375.00	64.000	695.67	0.0014375	-315.73	-306.53	-0.73302	2.1131	2.4840	1050.2	-0.035589	0.00054208	0.12109	liquid
376.00	64.000	694.95	0.0014390	-313.25	-304.04	-0.72640	2.1170	2.4879	1047.1	-0.035478	0.00053684	0.12090	liquid
377.00	64.000	694.24	0.0014404	-310.77	-301.56	-0.71979	2.1209	2.4917	1043.9	-0.035367	0.00053169	0.12070	liquid
378.00	64.000	693.52	0.0014419	-308.29	-299.06	-0.71318	2.1248	2.4956	1040.7	-0.035256	0.00052661	0.12050	liquid
379.00	64.000	692.81	0.0014434	-305.80	-296.56	-0.70658	2.1287	2.4994	1037.6	-0.035145	0.00052160	0.12030	liquid
380.00	64.000	692.09	0.0014449	-303.31	-294.06	-0.69999	2.1326	2.5032	1034.4	-0.035033	0.00051668	0.12010	liquid
381.00	64.000	691.37	0.0014464	-300.81	-291.56	-0.69341	2.1365	2.5071	1031.3	-0.034921	0.00051182	0.11991	liquid
382.00	64.000	690.66	0.0014479	-298.32	-289.05	-0.68683	2.1404	2.5110	1028.1	-0.034808	0.00050704	0.11971	liquid
383.00	64.000	689.94	0.0014494	-295.81	-286.54	-0.68026	2.1443	2.5148	1025.0	-0.034696	0.00050232	0.11951	liquid
384.00	64.000	689.22	0.0014509	-293.30	-284.02	-0.67370	2.1482	2.5187	1021.8	-0.034583	0.00049767	0.11932	liquid
385.00	64.000	688.51	0.0014524	-290.79	-281.50	-0.66715	2.1521	2.5225	1018.7	-0.034469	0.00049310	0.11912	liquid
386.00	64.000	687.79	0.0014539	-288.28	-278.97	-0.66060	2.1560	2.5264	1015.6	-0.034356	0.00048858	0.11893	liquid
387.00	64.000	687.07	0.0014555	-285.76	-276.45	-0.65405	2.1599	2.5303	1012.5	-0.034241	0.00048413	0.11873	liquid
388.00	64.000	686.35	0.0014570	-283.24	-273.91	-0.64752	2.1637	2.5341	1009.4	-0.034127	0.00047975	0.11854	liquid
389.00	64.000	685.63	0.0014585	-280.71	-271.38	-0.64099	2.1676	2.5380	1006.3	-0.034012	0.00047542	0.11834	liquid
390.00	64.000	684.91	0.0014600	-278.18	-268.84	-0.63447	2.1715	2.5419	1003.2	-0.033897	0.00047116	0.11815	liquid
391.00	64.000	684.19	0.0014616	-275.65	-266.29	-0.62796	2.1754	2.5457	1000.1	-0.033782	0.00046695	0.11795	liquid
392.00	64.000	683.47	0.0014631	-273.11	-263.75	-0.62145	2.1793	2.5496	997.04	-0.033666	0.00046280	0.11776	liquid
393.00	64.000	682.75	0.0014647	-270.57	-261.19	-0.61495	2.1831	2.5535	993.97	-0.033550	0.00045871	0.11756	liquid
394.00	64.000	682.03	0.0014662	-268.02	-258.64	-0.60846	2.1870	2.5574	990.90	-0.033434	0.00045467	0.11737	liquid
395.00	64.000	681.31	0.0014678	-265.47	-256.08	-0.60197	2.1909	2.5612	987.84	-0.033317	0.00045069	0.11718	liquid
396.00	64.000	680.59	0.0014693	-262.92	-253.52	-0.59549	2.1948	2.5651	984.78	-0.033200	0.00044676	0.11698	liquid
397.00	64.000	679.86	0.0014709	-260.36	-250.95	-0.58901	2.1986	2.5690	981.73	-0.033082	0.00044289	0.11679	liquid
398.00	64.000	679.14	0.0014725	-257.80	-248.38	-0.58254	2.2025	2.5729	978.69	-0.032965	0.00043906	0.11660	liquid
399.00	64.000	678.42	0.0014740	-255.24	-245.80	-0.57608	2.2064	2.5768	975.65	-0.032846	0.00043529	0.11641	liquid
400.00	64.000	677.69	0.0014756	-252.67	-243.23	-0.56963	2.2102	2.5806	972.61	-0.032728	0.00043157	0.11622	liquid
401.00	64.000	676.97	0.0014772	-250.10	-240.64	-0.56318	2.2141	2.5845	969.59	-0.032609	0.00042789	0.11603	liquid
402.00	64.000	676.24	0.0014788	-247.52	-238.06	-0.55674	2.2180	2.5884	966.56	-0.032489	0.00042426	0.11583	liquid
403.00	64.000	675.52	0.0014804	-244.94	-235.47	-0.55030	2.2218	2.5923	963.55	-0.032370	0.00042068	0.11564	liquid
404.00	64.000	674.79	0.0014819	-242.36	-232.87	-0.54387	2.2257	2.5962	960.54	-0.032250	0.00041714	0.11545	liquid
405.00	64.000	674.06	0.0014835	-239.77	-230.27	-0.53745	2.2295	2.6001	957.53	-0.032129	0.00041365	0.11526	liquid
406.00	64.000	673.33	0.0014851	-237.18	-227.67	-0.53103	2.2334	2.6040	954.53	-0.032008	0.00041020	0.11507	liquid
407.00	64.000	672.61	0.0014868	-234.58	-225.07	-0.52462	2.2372	2.6079	951.54	-0.031887	0.00040680	0.11488	liquid
408.00	64.000	671.88	0.0014884	-231.98	-222.46	-0.51822	2.2411	2.6118	948.55	-0.031765	0.00040343	0.11469	liquid
409.00	64.000	671.15	0.0014900	-229.38	-219.84	-0.51182	2.2449	2.6156	945.56	-0.031643	0.00040011	0.11450	liquid
410.00	64.000	670.42	0.0014916	-226.77	-217.22	-0.50543	2.2488	2.6195	942.58	-0.031520	0.00039683	0.11431	liquid
411.00	64.000	669.69	0.0014932	-224.16	-214.60	-0.49904	2.2526	2.6234	939.61	-0.031397	0.00039359	0.11413	liquid
412.00	64.000	668.96	0.0014949	-221.54	-211.98	-0.49266	2.2564	2.6273	936.64	-0.031274	0.00039039	0.11394	liquid
413.00	64.000	668.23	0.0014965	-218.93	-209.35	-0.48629	2.2603	2.6312	933.68	-0.031150	0.00038723	0.11375	liquid
414.00	64.000	667.49	0.0014981	-216.30	-206.71	-0.47992	2.2641	2.6351	930.72	-0.031026	0.00038410	0.11356	liquid
415.00	64.000	666.76	0.0014998	-213.68	-204.08	-0.47356	2.2679	2.6390	927.77	-0.030901	0.00038102	0.11337	liquid
416.00	64.000	666.03	0.0015014	-211.05	-201.44	-0.46720	2.2718	2.6429	924.82	-0.030776	0.00037797	0.11318	liquid
417.00	64.000	665.29	0.0015031	-208.41	-198.79	-0.46085	2.2756	2.6468	921.88	-0.030651	0.00037495	0.11300	liquid
418.00	64.000	664.56	0.0015048	-205.77	-196.14	-0.45451	2.2794	2.6507	918.94	-0.030525	0.00037197	0.11281	liquid
419.00	64.000	663.82	0.0015064	-203.13	-193.49	-0.44817	2.2832	2.6546	916.01	-0.030398	0.00036902	0.11262	liquid
420.00	64.000	663.09	0.0015081	-200.49	-190.83	-0.44184	2.2870	2.6585	913.08	-0.030271	0.00036611	0.11244	liquid
421.00	64.000	662.35	0.0015098	-197.84	-188.17	-0.43551	2.2908	2.6624	910.16	-0.030144	0.00036323	0.11225	liquid
422.00	64.000	661.61	0.0015115	-195.18	-185.51	-0.42919	2.2947	2.6663	907.24	-0.030016	0.00036039	0.11206	liquid
423.00	64.000	660.88	0.0015131	-192.53	-182.84	-0.42287	2.2985	2.6702	904.33	-0.029887	0.00035758	0.11188	liquid
424.00	64.000	660.14	0.0015148	-189.86	-180.17	-0.41656	2.3023	2.6740	901.42	-0.029759	0.00035480	0.11169	liquid
425.00	64.000	659.40	0.0015165	-187.20	-177.49	-0.41026	2.3061	2.6779	898.52	-0.029629	0.00035204	0.11151	liquid
426.00	64.000	658.66	0.0015182	-184.53	-174.81	-0.40396	2.3098	2.6818	895.62	-0.029499	0.00034933	0.11132	liquid
427.00	64.000	657.92	0.0015199	-181.86	-172.13	-0.39767	2.3136	2.6857	892.73	-0.029369	0.00034664	0.11114	liquid
428.00	64.000	657.18	0.0015217	-179.18	-169.44	-0.39138	2.3174	2.6896	889.84	-0.029238	0.00034398	0.11095	liquid
429.00	64.000	656.43	0.0015234	-176.50	-166.75	-0.38510	2.3212	2.6935	886.95	-0.029107	0.00034134	0.11077	liquid
430.00	64.000	655.69	0.0015251	-173.82	-164.05	-0.37882	2.3250	2.6974	884.07	-0.028975	0.00033874	0.11058	liquid
431.00	64.000	654.95	0.0015268	-171.13	-161.36	-0.37255	2.3288	2.7013	881.20	-0.028842	0.00033617	0.11040	liquid
432.00	64.000	654.20	0.0015286	-168.44	-158.65	-0.36629	2.3325	2.7052	878.33	-0.028709	0.00033362	0.11022	liquid
433.00	64.000	653.46	0.0015303	-165.74	-155.95	-0.36003	2.3363	2.7090	875.46	-0.028576	0.00033110	0.11003	liquid
434.00	64.000	652.71	0.0015321	-163.04	-153.23	-0.35378	2.3401	2.7129	872.60	-0.028442	0.00032861	0.10985	liquid
435.00	64.000	651.96	0.0015338	-160.34	-150.52	-0.34753	2.3438	2.7168	869.74	-0.028307	0.00032614	0.10967	liquid
436.00	64.000	651.22	0.0015356	-157.63	-147.80	-0.34129	2.3476	2.7207	866.89	-0.028172	0.00032370	0.10948	liquid
437.00	64.000	650.47	0.0015374	-154.92	-145.08	-0.33505	2.3514	2.7246	864.05	-0.028036	0.00032129	0.10930	liquid
438.00	64.000	649.72	0.0015391	-152.20	-142.35	-0.32882	2.3551	2.7285	861.20	-0.027899	0.00031890	0.10912	liquid
439.00	64.000	648.97	0.0015409	-149.48	-139.62	-0.32259	2.3589	2.7324	858.36	-0.027762	0.00031653	0.10894	liquid
440.00	64.000	648.22	0.0015427	-146.76	-136.89	-0.31637	2.3626	2.7362	855.53	-0.027625	0.00031419	0.10875	liquid
441.00	64.000	647.47	0.0015445	-144.03	-134.15	-0.31015	2.3663	2.7401	852.70	-0.027487	0.00031187	0.10857	liquid
442.00	64.000	646.71	0.0015463	-141.30	-131.41	-0.30394	2.3701	2.7440	849.87	-0.027348	0.00030958	0.10839	liquid
443.00	64.000	645.96	0.0015481	-138.57	-128.66	-0.29774	2.3738	2.7479	847.05	-0.027209	0.00030731	0.10821	liquid
444.00	64.000	645.20	0.0015499	-135.83	-125.91	-0.29154	2.3775	2.7517	844.24	-0.027069	0.00030506	0.10803	liquid
445.00	64.000	644.45	0.0015517	-133.09	-123.16	-0.28534	2.3813	2.7556	841.42	-0.026928	0.00030283	0.10785	liquid
446.00	64.000	643.69	0.0015535	-130.34	-120.40	-0.27915	2.3850	2.7595	838.62	-0.026787	0.00030063	0.10767	liquid
447.00	64.000	642.94	0.0015554	-127.59	-117.64	-0.27297	2.3887	2.7634	835.81	-0.026645	0.00029845	0.10749	liquid
448.00	64.000	642.18	0.0015572	-124.84	-114.87	-0.26679	2.3924	2.7672	833.01	-0.026502	0.00029629	0.10731	liquid
449.00	64.000	641.42	0.0015590	-122.08	-112.10	-0.26061	2.3961	2.7711	830.22	-0.026359	0.00029415	0.10713	liquid
450.00	64.000	640.66	0.0015609	-119.32	-109.33	-0.25444	2.3998	2.7750	827.43	-0.026215	0.00029203	0.10695	liquid
451.00	64.000	639.90	0.0015627	-116.56	-106.55	-0.24828	2.4035	2.7788	824.64	-0.026070	0.00028993	0.10677	liquid
452.00	64.000	639.14	0.0015646	-113.79	-103.77	-0.24212	2.4072	2.7827	821.86	-0.025925	0.00028785	0.10659	liquid
453.00	64.000	638.38	0.0015665	-111.01	-100.99	-0.23597	2.4109	2.7866	819.08	-0.025779	0.00028579	0.10641	liquid
454.00	64.000	637.61	0.0015684	-108.24	-98.200	-0.22982	2.4146	2.7904	816.30	-0.025632	0.00028375	0.10623	liquid
455.00	64.000	636.85	0.0015702	-105.46	-95.407	-0.22367	2.4183	2.7943	813.53	-0.025485	0.00028173	0.10605	liquid
456.00	64.000	636.08	0.0015721	-102.67	-92.611	-0.21754	2.4220	2.7981	810.77	-0.025336	0.00027973	0.10587	liquid
457.00	64.000	635.32	0.0015740	-99.885	-89.811	-0.21140	2.4257	2.8020	808.00	-0.025187	0.00027775	0.10570	liquid
458.00	64.000	634.55	0.0015759	-97.093	-87.007	-0.20527	2.4293	2.8058	805.25	-0.025038	0.00027578	0.10552	liquid
459.00	64.000	633.78	0.0015778	-94.298	-84.200	-0.19915	2.4330	2.8097	802.49	-0.024887	0.00027384	0.10534	liquid
460.00	64.000	633.01	0.0015798	-91.498	-81.388	-0.19303	2.4367	2.8135	799.74	-0.024736	0.00027191	0.10516	liquid
461.00	64.000	632.24	0.0015817	-88.695	-78.572	-0.18692	2.4403	2.8174	796.99	-0.024584	0.00027000	0.10499	liquid
462.00	64.000	631.47	0.0015836	-85.888	-75.753	-0.18081	2.4440	2.8212	794.25	-0.024431	0.00026810	0.10481	liquid
463.00	64.000	630.70	0.0015855	-83.077	-72.930	-0.17470	2.4476	2.8251	791.51	-0.024278	0.00026623	0.10463	liquid
464.00	64.000	629.92	0.0015875	-80.263	-70.103	-0.16860	2.4513	2.8289	788.78	-0.024123	0.00026437	0.10446	liquid
465.00	64.000	629.15	0.0015894	-77.445	-67.272	-0.16251	2.4549	2.8328	786.05	-0.023968	0.00026253	0.10428	liquid
466.00	64.000	628.37	0.0015914	-74.622	-64.437	-0.15642	2.4586	2.8366	783.32	-0.023812	0.00026070	0.10410	liquid
467.00	64.000	627.60	0.0015934	-71.797	-61.599	-0.15033	2.4622	2.8404	780.60	-0.023655	0.00025889	0.10393	liquid
468.00	64.000	626.82	0.0015954	-68.967	-58.757	-0.14426	2.4658	2.8443	777.88	-0.023498	0.00025709	0.10375	liquid
469.00	64.000	626.04	0.0015973	-66.133	-55.910	-0.13818	2.4694	2.8481	775.17	-0.023339	0.00025531	0.10358	liquid
470.00	64.000	625.26	0.0015993	-63.296	-53.060	-0.13211	2.4731	2.8519	772.45	-0.023180	0.00025355	0.10340	liquid
471.00	64.000	624.48	0.0016013	-60.455	-50.206	-0.12604	2.4767	2.8558	769.75	-0.023019	0.00025180	0.10323	liquid
472.00	64.000	623.70	0.0016033	-57.610	-47.349	-0.11998	2.4803	2.8596	767.04	-0.022858	0.00025007	0.10305	liquid
473.00	64.000	622.91	0.0016054	-54.762	-44.487	-0.11393	2.4839	2.8634	764.34	-0.022696	0.00024835	0.10288	liquid
474.00	64.000	622.13	0.0016074	-51.909	-41.622	-0.10788	2.4875	2.8672	761.65	-0.022533	0.00024665	0.10270	liquid
475.00	64.000	621.34	0.0016094	-49.053	-38.753	-0.10183	2.4911	2.8711	758.96	-0.022369	0.00024496	0.10253	liquid
476.00	64.000	620.56	0.0016115	-46.193	-35.880	-0.095787	2.4947	2.8749	756.27	-0.022204	0.00024328	0.10236	liquid
477.00	64.000	619.77	0.0016135	-43.329	-33.003	-0.089750	2.4983	2.8787	753.58	-0.022038	0.00024162	0.10218	liquid
478.00	64.000	618.98	0.0016156	-40.462	-30.122	-0.083717	2.5018	2.8825	750.90	-0.021872	0.00023997	0.10201	liquid
479.00	64.000	618.19	0.0016176	-37.591	-27.238	-0.077689	2.5054	2.8863	748.22	-0.021704	0.00023834	0.10184	liquid
480.00	64.000	617.40	0.0016197	-34.716	-24.350	-0.071665	2.5090	2.8901	745.55	-0.021535	0.00023672	0.10166	liquid
481.00	64.000	616.61	0.0016218	-31.837	-21.458	-0.065647	2.5126	2.8939	742.88	-0.021365	0.00023511	0.10149	liquid
482.00	64.000	615.81	0.0016239	-28.955	-18.562	-0.059632	2.5161	2.8978	740.21	-0.021194	0.00023351	0.10132	liquid
483.00	64.000	615.02	0.0016260	-26.068	-15.662	-0.053623	2.5197	2.9016	737.55	-0.021023	0.00023193	0.10115	liquid
484.00	64.000	614.22	0.0016281	-23.178	-12.759	-0.047618	2.5232	2.9054	734.89	-0.020850	0.00023037	0.10097	liquid
485.00	64.000	613.42	0.0016302	-20.285	-9.8514	-0.041617	2.5268	2.9092	732.24	-0.020676	0.00022881	0.10080	liquid
486.00	64.000	612.62	0.0016323	-17.387	-6.9404	-0.035621	2.5303	2.9130	729.59	-0.020501	0.00022727	0.10063	liquid
487.00	64.000	611.82	0.0016345	-14.486	-4.0255	-0.029630	2.5339	2.9167	726.94	-0.020325	0.00022573	0.10046	liquid
488.00	64.000	611.02	0.0016366	-11.581	-1.1069	-0.023643	2.5374	2.9205	724.29	-0.020148	0.00022422	0.10029	liquid
489.00	64.000	610.22	0.0016388	-8.6725	1.8155	-0.017660	2.5410	2.9243	721.65	-0.019969	0.00022271	0.10012	liquid
490.00	64.000	609.42	0.0016409	-5.7601	4.7418	-0.011682	2.5445	2.9281	719.02	-0.019790	0.00022121	0.099947	liquid
491.00	64.000	608.61	0.0016431	-2.8440	7.6718	-0.0057087	2.5480	2.9319	716.38	-0.019609	0.00021973	0.099776	liquid
492.00	64.000	607.81	0.0016453	0.075851	10.606	0.00026031	2.5515	2.9357	713.75	-0.019428	0.00021826	0.099606	liquid
493.00	64.000	607.00	0.0016475	2.9994	13.543	0.0062249	2.5550	2.9395	711.13	-0.019245	0.00021680	0.099436	liquid
494.00	64.000	606.19	0.0016497	5.9267	16.484	0.012185	2.5585	2.9432	708.50	-0.019061	0.00021535	0.099266	liquid
495.00	64.000	605.38	0.0016519	8.8577	19.430	0.018141	2.5620	2.9470	705.88	-0.018875	0.00021391	0.099097	liquid
496.00	64.000	604.57	0.0016541	11.792	22.378	0.024092	2.5655	2.9508	703.27	-0.018689	0.00021248	0.098927	liquid
497.00	64.000	603.75	0.0016563	14.731	25.331	0.030039	2.5690	2.9545	700.66	-0.018501	0.00021107	0.098758	liquid
498.00	64.000	602.94	0.0016585	17.673	28.288	0.035982	2.5725	2.9583	698.05	-0.018312	0.00020966	0.098590	liquid
499.00	64.000	602.12	0.0016608	20.619	31.248	0.041920	2.5760	2.9621	695.44	-0.018122	0.00020826	0.098421	liquid
500.00	64.000	601.30	0.0016630	23.568	34.212	0.047854	2.5795	2.9658	692.84	-0.017931	0.00020688	0.098253	liquid
501.00	64.000	600.49	0.0016653	26.521	37.179	0.053783	2.5830	2.9696	690.24	-0.017738	0.00020550	0.098084	liquid
502.00	64.000	599.67	0.0016676	29.478	40.151	0.059708	2.5864	2.9734	687.65	-0.017544	0.00020414	0.097917	liquid
503.00	64.000	598.84	0.0016699	32.439	43.126	0.065629	2.5899	2.9771	685.06	-0.017348	0.00020279	0.097749	liquid
504.00	64.000	598.02	0.0016722	35.403	46.105	0.071546	2.5933	2.9809	682.47	-0.017151	0.00020144	0.097581	liquid
505.00	64.000	597.20	0.0016745	38.371	49.088	0.077458	2.5968	2.9846	679.89	-0.016953	0.00020011	0.097414	liquid
506.00	64.000	596.37	0.0016768	41.343	52.074	0.083366	2.6002	2.9884	677.31	-0.016754	0.00019878	0.097247	liquid
507.00	64.000	595.54	0.0016791	44.318	55.065	0.089270	2.6037	2.9921	674.73	-0.016553	0.00019747	0.097081	liquid
508.00	64.000	594.71	0.0016815	47.297	58.059	0.095169	2.6071	2.9958	672.16	-0.016351	0.00019616	0.096914	liquid
509.00	64.000	593.88	0.0016838	50.280	61.056	0.10106	2.6106	2.9996	669.59	-0.016147	0.00019486	0.096748	liquid
510.00	64.000	593.05	0.0016862	53.266	64.058	0.10696	2.6140	3.0033	667.02	-0.015942	0.00019358	0.096582	liquid
511.00	64.000	592.22	0.0016886	56.256	67.063	0.11284	2.6174	3.0070	664.46	-0.015735	0.00019230	0.096416	liquid
512.00	64.000	591.38	0.0016909	59.250	70.072	0.11872	2.6208	3.0108	661.90	-0.015527	0.00019103	0.096251	liquid
513.00	64.000	590.55	0.0016933	62.247	73.084	0.12460	2.6242	3.0145	659.34	-0.015317	0.00018977	0.096086	liquid
514.00	64.000	589.71	0.0016958	65.248	76.101	0.13048	2.6277	3.0182	656.79	-0.015106	0.00018852	0.095921	liquid
515.00	64.000	588.87	0.0016982	68.253	79.121	0.13635	2.6311	3.0220	654.24	-0.014893	0.00018728	0.095756	liquid
516.00	64.000	588.03	0.0017006	71.261	82.145	0.14221	2.6345	3.0257	651.69	-0.014679	0.00018604	0.095591	liquid
517.00	64.000	587.19	0.0017030	74.273	85.172	0.14807	2.6379	3.0294	649.15	-0.014463	0.00018482	0.095427	liquid
518.00	64.000	586.34	0.0017055	77.288	88.203	0.15393	2.6412	3.0331	646.61	-0.014245	0.00018360	0.095263	liquid
519.00	64.000	585.50	0.0017080	80.308	91.238	0.15979	2.6446	3.0368	644.08	-0.014026	0.00018239	0.095099	liquid
520.00	64.000	584.65	0.0017104	83.330	94.277	0.16563	2.6480	3.0405	641.55	-0.013805	0.00018119	0.094936	liquid
521.00	64.000	583.80	0.0017129	86.357	97.319	0.17148	2.6514	3.0442	639.02	-0.013583	0.00018000	0.094773	liquid
522.00	64.000	582.95	0.0017154	89.387	100.37	0.17732	2.6548	3.0479	636.50	-0.013359	0.00017882	0.094610	liquid
523.00	64.000	582.10	0.0017179	92.421	103.42	0.18316	2.6581	3.0516	633.97	-0.013133	0.00017764	0.094447	liquid
524.00	64.000	581.24	0.0017205	95.458	106.47	0.18899	2.6615	3.0553	631.46	-0.012905	0.00017647	0.094284	liquid
525.00	64.000	580.39	0.0017230	98.499	109.53	0.19482	2.6648	3.0590	628.94	-0.012676	0.00017531	0.094122	liquid
526.00	64.000	579.53	0.0017255	101.54	112.59	0.20064	2.6682	3.0627	626.43	-0.012444	0.00017416	0.093960	liquid
527.00	64.000	578.67	0.0017281	104.59	115.65	0.20646	2.6715	3.0664	623.93	-0.012211	0.00017302	0.093799	liquid
528.00	64.000	577.81	0.0017307	107.64	118.72	0.21228	2.6749	3.0701	621.42	-0.011977	0.00017188	0.093637	liquid
529.00	64.000	576.94	0.0017333	110.70	121.79	0.21809	2.6782	3.0738	618.92	-0.011740	0.00017075	0.093476	liquid
530.00	64.000	576.08	0.0017359	113.76	124.87	0.22390	2.6815	3.0775	616.43	-0.011501	0.00016963	0.093315	liquid
531.00	64.000	575.21	0.0017385	116.82	127.95	0.22971	2.6849	3.0811	613.93	-0.011261	0.00016851	0.093155	liquid
532.00	64.000	574.35	0.0017411	119.89	131.03	0.23551	2.6882	3.0848	611.44	-0.011018	0.00016741	0.092994	liquid
533.00	64.000	573.48	0.0017438	122.96	134.12	0.24130	2.6915	3.0885	608.96	-0.010774	0.00016631	0.092834	liquid
534.00	64.000	572.60	0.0017464	126.03	137.21	0.24710	2.6948	3.0922	606.48	-0.010528	0.00016521	0.092675	liquid
535.00	64.000	571.73	0.0017491	129.11	140.30	0.25288	2.6981	3.0958	604.00	-0.010279	0.00016413	0.092515	liquid
536.00	64.000	570.86	0.0017518	132.19	143.40	0.25867	2.7014	3.0995	601.52	-0.010029	0.00016305	0.092356	liquid
537.00	64.000	569.98	0.0017544	135.27	146.50	0.26445	2.7047	3.1032	599.05	-0.0097767	0.00016198	0.092197	liquid
538.00	64.000	569.10	0.0017572	138.36	149.60	0.27023	2.7080	3.1068	596.59	-0.0095222	0.00016091	0.092038	liquid
539.00	64.000	568.22	0.0017599	141.45	152.71	0.27600	2.7113	3.1105	594.12	-0.0092656	0.00015985	0.091880	liquid
540.00	64.000	567.34	0.0017626	144.54	155.83	0.28177	2.7146	3.1141	591.66	-0.0090069	0.00015880	0.091722	liquid
541.00	64.000	566.45	0.0017654	147.64	158.94	0.28753	2.7178	3.1178	589.20	-0.0087460	0.00015776	0.091564	liquid
542.00	64.000	565.57	0.0017681	150.74	162.06	0.29329	2.7211	3.1214	586.75	-0.0084829	0.00015672	0.091407	liquid
543.00	64.000	564.68	0.0017709	153.85	165.18	0.29905	2.7244	3.1251	584.30	-0.0082176	0.00015569	0.091250	liquid
544.00	64.000	563.79	0.0017737	156.96	168.31	0.30480	2.7276	3.1287	581.86	-0.0079501	0.00015466	0.091093	liquid
545.00	64.000	562.90	0.0017765	160.07	171.44	0.31055	2.7309	3.1323	579.41	-0.0076803	0.00015364	0.090936	liquid
546.00	64.000	562.00	0.0017794	163.19	174.58	0.31630	2.7341	3.1360	576.97	-0.0074082	0.00015263	0.090780	liquid
547.00	64.000	561.11	0.0017822	166.31	177.71	0.32204	2.7374	3.1396	574.54	-0.0071337	0.00015162	0.090624	liquid
548.00	64.000	560.21	0.0017850	169.43	180.85	0.32778	2.7406	3.1432	572.11	-0.0068569	0.00015062	0.090468	liquid
549.00	64.000	559.31	0.0017879	172.56	184.00	0.33351	2.7439	3.1469	569.68	-0.0065777	0.00014963	0.090313	liquid
550.00	64.000	558.41	0.0017908	175.69	187.15	0.33924	2.7471	3.1505	567.26	-0.0062960	0.00014864	0.090158	liquid
551.00	64.000	557.50	0.0017937	178.82	190.30	0.34497	2.7503	3.1541	564.84	-0.0060119	0.00014766	0.090003	liquid
552.00	64.000	556.60	0.0017966	181.96	193.46	0.35069	2.7535	3.1577	562.42	-0.0057253	0.00014668	0.089849	liquid
553.00	64.000	555.69	0.0017996	185.10	196.62	0.35641	2.7568	3.1614	560.01	-0.0054362	0.00014571	0.089695	liquid
554.00	64.000	554.78	0.0018025	188.24	199.78	0.36213	2.7600	3.1650	557.60	-0.0051446	0.00014475	0.089541	liquid
555.00	64.000	553.87	0.0018055	191.39	202.95	0.36784	2.7632	3.1686	555.20	-0.0048503	0.00014379	0.089388	liquid
556.00	64.000	552.95	0.0018085	194.54	206.12	0.37354	2.7664	3.1722	552.80	-0.0045535	0.00014284	0.089235	liquid
557.00	64.000	552.04	0.0018115	197.70	209.29	0.37925	2.7696	3.1758	550.40	-0.0042539	0.00014189	0.089082	liquid
558.00	64.000	551.12	0.0018145	200.86	212.47	0.38495	2.7728	3.1794	548.01	-0.0039517	0.00014095	0.088929	liquid
559.00	64.000	550.20	0.0018175	204.02	215.65	0.39064	2.7760	3.1830	545.62	-0.0036468	0.00014002	0.088777	liquid
560.00	64.000	549.28	0.0018206	207.18	218.83	0.39633	2.7791	3.1866	543.23	-0.0033391	0.00013909	0.088626	liquid
561.00	64.000	548.35	0.0018236	210.35	222.02	0.40202	2.7823	3.1902	540.85	-0.0030287	0.00013816	0.088474	liquid
562.00	64.000	547.43	0.0018267	213.52	225.21	0.40771	2.7855	3.1938	538.48	-0.0027154	0.00013724	0.088323	liquid
563.00	64.000	546.50	0.0018298	216.70	228.41	0.41339	2.7887	3.1973	536.10	-0.0023992	0.00013633	0.088172	liquid
564.00	64.000	545.57	0.0018330	219.88	231.61	0.41907	2.7918	3.2009	533.73	-0.0020802	0.00013542	0.088022	liquid
565.00	64.000	544.63	0.0018361	223.06	234.81	0.42474	2.7950	3.2045	531.37	-0.0017582	0.00013452	0.087872	liquid
566.00	64.000	543.70	0.0018393	226.25	238.02	0.43041	2.7981	3.2081	529.01	-0.0014333	0.00013362	0.087722	liquid
567.00	64.000	542.76	0.0018424	229.44	241.23	0.43608	2.8013	3.2117	526.65	-0.0011053	0.00013273	0.087573	liquid
568.00	64.000	541.82	0.0018456	232.63	244.44	0.44174	2.8044	3.2152	524.30	-0.00077428	0.00013185	0.087424	liquid
569.00	64.000	540.88	0.0018489	235.83	247.66	0.44740	2.8076	3.2188	521.95	-0.00044018	0.00013096	0.087276	liquid
570.00	64.000	539.93	0.0018521	239.03	250.88	0.45305	2.8107	3.2224	519.61	-0.00010296	0.00013009	0.087127	liquid
571.00	64.000	538.99	0.0018553	242.23	254.10	0.45870	2.8138	3.2259	517.27	0.00023743	0.00012922	0.086980	liquid
572.00	64.000	538.04	0.0018586	245.44	257.33	0.46435	2.8169	3.2295	514.93	0.00058103	0.00012835	0.086832	liquid
573.00	64.000	537.09	0.0018619	248.65	260.56	0.47000	2.8201	3.2330	512.60	0.00092787	0.00012749	0.086685	liquid
574.00	64.000	536.13	0.0018652	251.86	263.80	0.47564	2.8232	3.2366	510.27	0.0012780	0.00012663	0.086539	liquid
575.00	64.000	535.18	0.0018685	255.08	267.04	0.48127	2.8263	3.2401	507.95	0.0016315	0.00012578	0.086392	liquid
576.00	64.000	534.22	0.0018719	258.30	270.28	0.48691	2.8294	3.2437	505.63	0.0019883	0.00012494	0.086247	liquid
577.00	64.000	533.26	0.0018753	261.52	273.52	0.49254	2.8325	3.2472	503.32	0.0023485	0.00012410	0.086101	liquid
578.00	64.000	532.29	0.0018787	264.75	276.77	0.49816	2.8356	3.2508	501.01	0.0027122	0.00012326	0.085956	liquid
579.00	64.000	531.33	0.0018821	267.98	280.02	0.50378	2.8387	3.2543	498.70	0.0030794	0.00012243	0.085811	liquid
580.00	64.000	530.36	0.0018855	271.21	283.28	0.50940	2.8418	3.2579	496.40	0.0034501	0.00012160	0.085667	liquid
581.00	64.000	529.39	0.0018890	274.45	286.54	0.51502	2.8448	3.2614	494.10	0.0038244	0.00012078	0.085523	liquid
582.00	64.000	528.42	0.0018924	277.69	289.80	0.52063	2.8479	3.2649	491.81	0.0042024	0.00011996	0.085380	liquid
583.00	64.000	527.44	0.0018959	280.94	293.07	0.52624	2.8510	3.2684	489.53	0.0045840	0.00011915	0.085237	liquid
584.00	64.000	526.47	0.0018995	284.18	296.34	0.53184	2.8541	3.2720	487.24	0.0049694	0.00011834	0.085094	liquid
585.00	64.000	525.49	0.0019030	287.43	299.61	0.53744	2.8571	3.2755	484.97	0.0053585	0.00011754	0.084952	liquid
586.00	64.000	524.50	0.0019066	290.69	302.89	0.54304	2.8602	3.2790	482.69	0.0057514	0.00011674	0.084811	liquid
587.00	64.000	523.52	0.0019102	293.95	306.17	0.54863	2.8632	3.2825	480.42	0.0061482	0.00011594	0.084669	liquid
588.00	64.000	522.53	0.0019138	297.21	309.46	0.55422	2.8663	3.2860	478.16	0.0065489	0.00011515	0.084529	liquid
589.00	64.000	521.54	0.0019174	300.47	312.74	0.55981	2.8693	3.2895	475.90	0.0069536	0.00011437	0.084388	liquid
590.00	64.000	520.55	0.0019210	303.74	316.04	0.56539	2.8724	3.2930	473.65	0.0073622	0.00011359	0.084248	liquid
591.00	64.000	519.55	0.0019247	307.01	319.33	0.57097	2.8754	3.2965	471.40	0.0077749	0.00011281	0.084109	liquid
592.00	64.000	518.56	0.0019284	310.29	322.63	0.57655	2.8784	3.3000	469.15	0.0081918	0.00011204	0.083970	liquid
593.00	64.000	517.56	0.0019322	313.56	325.93	0.58212	2.8814	3.3035	466.91	0.0086127	0.00011127	0.083831	liquid
594.00	64.000	516.55	0.0019359	316.85	329.24	0.58769	2.8845	3.3070	464.68	0.0090379	0.00011050	0.083693	liquid
595.00	64.000	515.55	0.0019397	320.13	332.54	0.59326	2.8875	3.3105	462.45	0.0094674	0.00010974	0.083556	liquid
596.00	64.000	514.54	0.0019435	323.42	335.86	0.59882	2.8905	3.3139	460.23	0.0099011	0.00010899	0.083419	liquid
597.00	64.000	513.53	0.0019473	326.71	339.17	0.60438	2.8935	3.3174	458.01	0.010339	0.00010824	0.083282	liquid
598.00	64.000	512.52	0.0019512	330.00	342.49	0.60993	2.8965	3.3209	455.79	0.010782	0.00010749	0.083146	liquid
599.00	64.000	511.50	0.0019550	333.30	345.81	0.61548	2.8995	3.3244	453.59	0.011229	0.00010675	0.083010	liquid
600.00	64.000	510.48	0.0019589	336.60	349.14	0.62103	2.9025	3.3278	451.38	0.011680	0.00010601	0.082875	liquid
601.00	64.000	509.46	0.0019629	339.91	352.47	0.62658	2.9055	3.3313	449.18	0.012136	0.00010528	0.082741	liquid
602.00	64.000	508.44	0.0019668	343.21	355.80	0.63212	2.9084	3.3348	446.99	0.012597	0.00010455	0.082607	liquid
603.00	64.000	507.41	0.0019708	346.53	359.14	0.63766	2.9114	3.3382	444.80	0.013062	0.00010382	0.082473	liquid
604.00	64.000	506.38	0.0019748	349.84	362.48	0.64319	2.9144	3.3417	442.62	0.013533	0.00010310	0.082340	liquid
605.00	64.000	505.35	0.0019788	353.16	365.82	0.64872	2.9174	3.3451	440.45	0.014007	0.00010238	0.082207	liquid
606.00	64.000	504.32	0.0019829	356.48	369.17	0.65425	2.9203	3.3486	438.28	0.014487	0.00010167	0.082075	liquid
607.00	64.000	503.28	0.0019870	359.80	372.52	0.65977	2.9233	3.3520	436.11	0.014972	0.00010096	0.081944	liquid
608.00	64.000	502.24	0.0019911	363.13	375.87	0.66529	2.9262	3.3554	433.95	0.015462	0.00010025	0.081813	liquid
609.00	64.000	501.20	0.0019952	366.46	379.23	0.67081	2.9292	3.3589	431.80	0.015956	9.9550e-05	0.081683	liquid
610.00	64.000	500.15	0.0019994	369.79	382.59	0.67632	2.9321	3.3623	429.65	0.016456	9.8852e-05	0.081553	liquid
611.00	64.000	499.10	0.0020036	373.13	385.95	0.68183	2.9351	3.3657	427.51	0.016961	9.8158e-05	0.081424	liquid
612.00	64.000	498.05	0.0020078	376.47	389.32	0.68734	2.9380	3.3691	425.37	0.017471	9.7468e-05	0.081295	liquid
613.00	64.000	497.00	0.0020121	379.82	392.69	0.69284	2.9409	3.3726	423.24	0.017986	9.6782e-05	0.081167	liquid
614.00	64.000	495.94	0.0020164	383.16	396.07	0.69834	2.9438	3.3760	421.12	0.018507	9.6099e-05	0.081040	liquid
615.00	64.000	494.88	0.0020207	386.51	399.44	0.70384	2.9468	3.3794	419.00	0.019033	9.5421e-05	0.080913	liquid
616.00	64.000	493.82	0.0020250	389.87	402.83	0.70933	2.9497	3.3828	416.88	0.019565	9.4746e-05	0.080786	liquid
617.00	64.000	492.76	0.0020294	393.22	406.21	0.71482	2.9526	3.3862	414.78	0.020102	9.4075e-05	0.080661	liquid
618.00	64.000	491.69	0.0020338	396.58	409.60	0.72031	2.9555	3.3896	412.68	0.020644	9.3408e-05	0.080535	liquid
619.00	64.000	490.62	0.0020382	399.94	412.99	0.72579	2.9584	3.3930	410.58	0.021192	9.2744e-05	0.080411	liquid
620.00	64.000	489.54	0.0020427	403.31	416.38	0.73127	2.9613	3.3963	408.50	0.021746	9.2085e-05	0.080287	liquid
621.00	64.000	488.47	0.0020472	406.68	419.78	0.73675	2.9642	3.3997	406.42	0.022306	9.1429e-05	0.080164	liquid
622.00	64.000	487.39	0.0020518	410.05	423.18	0.74222	2.9671	3.4031	404.34	0.022871	9.0777e-05	0.080041	liquid
623.00	64.000	486.31	0.0020563	413.43	426.59	0.74769	2.9700	3.4065	402.27	0.023443	9.0128e-05	0.079919	liquid
624.00	64.000	485.22	0.0020609	416.81	430.00	0.75316	2.9728	3.4098	400.21	0.024020	8.9483e-05	0.079798	liquid
625.00	64.000	484.13	0.0020655	420.19	433.41	0.75862	2.9757	3.4132	398.16	0.024603	8.8842e-05	0.079677	liquid
626.00	64.000	483.04	0.0020702	423.57	436.82	0.76408	2.9786	3.4166	396.11	0.025193	8.8205e-05	0.079557	liquid
627.00	64.000	481.95	0.0020749	426.96	440.24	0.76954	2.9814	3.4199	394.07	0.025788	8.7571e-05	0.079438	liquid
628.00	64.000	480.85	0.0020796	430.35	443.66	0.77499	2.9843	3.4233	392.03	0.026390	8.6940e-05	0.079319	liquid
629.00	64.000	479.75	0.0020844	433.75	447.09	0.78044	2.9872	3.4266	390.00	0.026998	8.6314e-05	0.079201	liquid
630.00	64.000	478.65	0.0020892	437.15	450.52	0.78588	2.9900	3.4299	387.98	0.027613	8.5691e-05	0.079083	liquid
631.00	64.000	477.54	0.0020941	440.55	453.95	0.79133	2.9929	3.4333	385.97	0.028233	8.5071e-05	0.078967	liquid
632.00	64.000	476.43	0.0020989	443.95	457.38	0.79677	2.9957	3.4366	383.96	0.028861	8.4455e-05	0.078851	liquid
633.00	64.000	475.32	0.0021038	447.36	460.82	0.80220	2.9985	3.4399	381.96	0.029495	8.3843e-05	0.078735	liquid
634.00	64.000	474.21	0.0021088	450.77	464.26	0.80764	3.0014	3.4433	379.96	0.030135	8.3234e-05	0.078621	liquid
635.00	64.000	473.09	0.0021138	454.18	467.71	0.81306	3.0042	3.4466	377.98	0.030782	8.2629e-05	0.078507	liquid
636.00	64.000	471.97	0.0021188	457.60	471.16	0.81849	3.0070	3.4499	376.00	0.031436	8.2027e-05	0.078394	liquid
637.00	64.000	470.85	0.0021238	461.01	474.61	0.82391	3.0098	3.4532	374.03	0.032097	8.1429e-05	0.078281	liquid
638.00	64.000	469.72	0.0021289	464.44	478.06	0.82933	3.0126	3.4565	372.06	0.032765	8.0834e-05	0.078170	liquid
639.00	64.000	468.59	0.0021341	467.86	481.52	0.83475	3.0155	3.4598	370.10	0.033439	8.0243e-05	0.078059	liquid
640.00	64.000	467.46	0.0021392	471.29	484.98	0.84016	3.0183	3.4631	368.15	0.034121	7.9655e-05	0.077949	liquid
641.00	64.000	466.32	0.0021444	474.72	488.45	0.84557	3.0211	3.4663	366.21	0.034810	7.9071e-05	0.077839	liquid
642.00	64.000	465.18	0.0021497	478.16	491.91	0.85098	3.0239	3.4696	364.28	0.035506	7.8490e-05	0.077731	liquid
643.00	64.000	464.04	0.0021550	481.59	495.39	0.85638	3.0266	3.4729	362.35	0.036209	7.7913e-05	0.077623	liquid
644.00	64.000	462.90	0.0021603	485.03	498.86	0.86178	3.0294	3.4761	360.43	0.036920	7.7339e-05	0.077516	liquid
645.00	64.000	461.75	0.0021657	488.48	502.34	0.86717	3.0322	3.4794	358.52	0.037638	7.6768e-05	0.077409	liquid
646.00	64.000	460.60	0.0021711	491.92	505.82	0.87257	3.0350	3.4827	356.61	0.038364	7.6201e-05	0.077304	liquid
647.00	64.000	459.45	0.0021765	495.37	509.30	0.87796	3.0378	3.4859	354.72	0.039097	7.5637e-05	0.077199	liquid
648.00	64.000	458.29	0.0021820	498.83	512.79	0.88334	3.0405	3.4891	352.83	0.039838	7.5077e-05	0.077095	liquid
649.00	64.000	457.13	0.0021875	502.28	516.28	0.88873	3.0433	3.4924	350.95	0.040586	7.4520e-05	0.076992	liquid
650.00	64.000	455.97	0.0021931	505.74	519.78	0.89411	3.0460	3.4956	349.08	0.041342	7.3966e-05	0.076890	liquid
651.00	64.000	454.81	0.0021987	509.20	523.27	0.89948	3.0488	3.4988	347.21	0.042107	7.3416e-05	0.076788	liquid
652.00	64.000	453.64	0.0022044	512.66	526.77	0.90485	3.0515	3.5021	345.35	0.042879	7.2869e-05	0.076688	liquid
653.00	64.000	452.47	0.0022101	516.13	530.28	0.91022	3.0543	3.5053	343.51	0.043659	7.2325e-05	0.076588	liquid
654.00	64.000	451.29	0.0022159	519.60	533.78	0.91559	3.0570	3.5085	341.67	0.044447	7.1785e-05	0.076489	liquid
655.00	64.000	450.11	0.0022217	523.08	537.29	0.92095	3.0597	3.5117	339.83	0.045243	7.1248e-05	0.076391	liquid
656.00	64.000	448.93	0.0022275	526.55	540.81	0.92631	3.0625	3.5149	338.01	0.046048	7.0714e-05	0.076294	liquid
657.00	64.000	447.75	0.0022334	530.03	544.32	0.93167	3.0652	3.5180	336.20	0.046861	7.0184e-05	0.076198	liquid
658.00	64.000	446.57	0.0022393	533.51	547.84	0.93702	3.0679	3.5212	334.39	0.047683	6.9657e-05	0.076102	liquid
659.00	64.000	445.38	0.0022453	537.00	551.37	0.94237	3.0706	3.5244	332.59	0.048512	6.9134e-05	0.076008	supercritical
660.00	64.000	444.18	0.0022513	540.48	554.89	0.94772	3.0733	3.5276	330.80	0.049351	6.8613e-05	0.075914	supercritical
661.00	64.000	442.99	0.0022574	543.97	558.42	0.95306	3.0760	3.5307	329.02	0.050198	6.8096e-05	0.075821	supercritical
662.00	64.000	441.79	0.0022635	547.47	561.95	0.95840	3.0787	3.5339	327.25	0.051054	6.7582e-05	0.075729	supercritical
663.00	64.000	440.59	0.0022697	550.96	565.49	0.96374	3.0814	3.5370	325.48	0.051919	6.7072e-05	0.075638	supercritical
664.00	64.000	439.39	0.0022759	554.46	569.03	0.96907	3.0841	3.5401	323.73	0.052792	6.6565e-05	0.075548	supercritical
665.00	64.000	438.18	0.0022822	557.96	572.57	0.97440	3.0868	3.5433	321.98	0.053675	6.6061e-05	0.075459	supercritical
666.00	64.000	436.97	0.0022885	561.47	576.11	0.97973	3.0895	3.5464	320.24	0.054566	6.5560e-05	0.075371	supercritical
667.00	64.000	435.76	0.0022948	564.97	579.66	0.98505	3.0921	3.5495	318.52	0.055467	6.5062e-05	0.075284	supercritical
668.00	64.000	434.54	0.0023013	568.48	583.21	0.99037	3.0948	3.5526	316.80	0.056377	6.4568e-05	0.075198	supercritical
669.00	64.000	433.33	0.0023077	572.00	586.77	0.99569	3.0974	3.5557	315.08	0.057296	6.4077e-05	0.075112	supercritical
670.00	64.000	432.10	0.0023143	575.51	590.32	1.0010	3.1001	3.5588	313.38	0.058225	6.3589e-05	0.075028	supercritical
671.00	64.000	430.88	0.0023208	579.03	593.88	1.0063	3.1028	3.5619	311.69	0.059163	6.3105e-05	0.074945	supercritical
672.00	64.000	429.65	0.0023275	582.55	597.45	1.0116	3.1054	3.5650	310.01	0.060111	6.2623e-05	0.074862	supercritical
673.00	64.000	428.42	0.0023341	586.08	601.01	1.0169	3.1080	3.5680	308.33	0.061068	6.2145e-05	0.074781	supercritical
674.00	64.000	427.19	0.0023409	589.60	604.58	1.0222	3.1107	3.5711	306.66	0.062035	6.1670e-05	0.074700	supercritical
675.00	64.000	425.96	0.0023477	593.13	608.16	1.0275	3.1133	3.5742	305.01	0.063011	6.1199e-05	0.074621	supercritical
676.00	64.000	424.72	0.0023545	596.66	611.73	1.0328	3.1159	3.5772	303.36	0.063998	6.0730e-05	0.074542	supercritical
677.00	64.000	423.48	0.0023614	600.20	615.31	1.0381	3.1185	3.5803	301.72	0.064995	6.0265e-05	0.074465	supercritical
678.00	64.000	422.24	0.0023683	603.74	618.89	1.0434	3.1212	3.5833	300.09	0.066001	5.9802e-05	0.074389	supercritical
679.00	64.000	420.99	0.0023754	607.28	622.48	1.0487	3.1238	3.5863	298.47	0.067018	5.9343e-05	0.074313	supercritical
680.00	64.000	419.74	0.0023824	610.82	626.07	1.0540	3.1264	3.5893	296.86	0.068044	5.8888e-05	0.074239	supercritical
681.00	64.000	418.49	0.0023895	614.36	629.66	1.0592	3.1290	3.5923	295.26	0.069081	5.8435e-05	0.074165	supercritical
682.00	64.000	417.24	0.0023967	617.91	633.25	1.0645	3.1315	3.5953	293.67	0.070129	5.7986e-05	0.074093	supercritical
683.00	64.000	415.98	0.0024040	621.46	636.85	1.0698	3.1341	3.5983	292.09	0.071187	5.7539e-05	0.074022	supercritical
684.00	64.000	414.72	0.0024113	625.01	640.45	1.0750	3.1367	3.6013	290.52	0.072255	5.7096e-05	0.073951	supercritical
685.00	64.000	413.46	0.0024186	628.57	644.05	1.0803	3.1393	3.6043	288.95	0.073334	5.6656e-05	0.073882	supercritical
686.00	64.000	412.19	0.0024260	632.13	647.66	1.0856	3.1419	3.6072	287.40	0.074423	5.6219e-05	0.073814	supercritical
687.00	64.000	410.93	0.0024335	635.69	651.26	1.0908	3.1444	3.6102	285.86	0.075523	5.5785e-05	0.073747	supercritical
688.00	64.000	409.66	0.0024411	639.25	654.88	1.0961	3.1470	3.6131	284.32	0.076634	5.5355e-05	0.073681	supercritical
689.00	64.000	408.38	0.0024487	642.82	658.49	1.1013	3.1495	3.6161	282.80	0.077755	5.4927e-05	0.073616	supercritical
690.00	64.000	407.11	0.0024563	646.39	662.11	1.1066	3.1521	3.6190	281.28	0.078888	5.4503e-05	0.073552	supercritical
691.00	64.000	405.83	0.0024641	649.96	665.73	1.1118	3.1546	3.6219	279.78	0.080031	5.4082e-05	0.073489	supercritical
692.00	64.000	404.55	0.0024719	653.53	669.35	1.1171	3.1571	3.6248	278.28	0.081186	5.3664e-05	0.073428	supercritical
693.00	64.000	403.27	0.0024797	657.11	672.98	1.1223	3.1597	3.6277	276.80	0.082351	5.3249e-05	0.073367	supercritical
694.00	64.000	401.99	0.0024876	660.69	676.61	1.1275	3.1622	3.6306	275.32	0.083528	5.2837e-05	0.073307	supercritical
695.00	64.000	400.70	0.0024956	664.27	680.24	1.1328	3.1647	3.6335	273.86	0.084715	5.2428e-05	0.073249	supercritical
696.00	64.000	399.41	0.0025037	667.85	683.87	1.1380	3.1672	3.6364	272.40	0.085914	5.2022e-05	0.073191	supercritical
697.00	64.000	398.12	0.0025118	671.44	687.51	1.1432	3.1697	3.6393	270.95	0.087125	5.1620e-05	0.073135	supercritical
698.00	64.000	396.83	0.0025200	675.02	691.15	1.1484	3.1722	3.6421	269.52	0.088346	5.1220e-05	0.073080	supercritical
699.00	64.000	395.53	0.0025282	678.62	694.80	1.1536	3.1747	3.6449	268.09	0.089579	5.0824e-05	0.073026	supercritical
700.00	64.000	394.23	0.0025366	682.21	698.44	1.1588	3.1772	3.6478	266.68	0.090823	5.0430e-05	0.072973	supercritical
