Temperature (K)	Pressure (bar)	Density (kg/m3)	Volume (m3/kg)	Internal Energy (kJ/kg)	Enthalpy (kJ/kg)	Entropy (J/g*K)	Cv (J/g*K)	Cp (J/g*K)	Sound Spd. (m/s)	Joule-Thomson (K/bar)	Viscosity (Pa*s)	Therm. Cond. (W/m*K)	Phase
270.00	73.000	771.13	0.0012968	-556.10	-546.64	-1.4848	1.7231	2.1265	1439.0	-0.045445	0.0026978	0.14455	liquid
271.00	73.000	770.40	0.0012980	-553.99	-544.51	-1.4770	1.7264	2.1291	1434.7	-0.045376	0.0026307	0.14430	liquid
272.00	73.000	769.67	0.0012993	-551.86	-542.38	-1.4691	1.7297	2.1317	1430.5	-0.045305	0.0025662	0.14405	liquid
273.00	73.000	768.95	0.0013005	-549.74	-540.25	-1.4613	1.7330	2.1344	1426.3	-0.045235	0.0025042	0.14380	liquid
274.00	73.000	768.22	0.0013017	-547.61	-538.11	-1.4535	1.7363	2.1371	1422.0	-0.045163	0.0024445	0.14355	liquid
275.00	73.000	767.50	0.0013029	-545.48	-535.97	-1.4457	1.7396	2.1398	1417.8	-0.045091	0.0023870	0.14331	liquid
276.00	73.000	766.77	0.0013042	-543.35	-533.83	-1.4379	1.7430	2.1425	1413.7	-0.045018	0.0023317	0.14306	liquid
277.00	73.000	766.05	0.0013054	-541.22	-531.69	-1.4302	1.7463	2.1452	1409.5	-0.044945	0.0022783	0.14282	liquid
278.00	73.000	765.33	0.0013066	-539.08	-529.54	-1.4224	1.7497	2.1480	1405.3	-0.044871	0.0022269	0.14258	liquid
279.00	73.000	764.61	0.0013079	-536.94	-527.39	-1.4147	1.7531	2.1508	1401.2	-0.044796	0.0021773	0.14233	liquid
280.00	73.000	763.89	0.0013091	-534.80	-525.24	-1.4070	1.7565	2.1536	1397.1	-0.044721	0.0021294	0.14209	liquid
281.00	73.000	763.17	0.0013103	-532.65	-523.08	-1.3993	1.7599	2.1564	1392.9	-0.044645	0.0020831	0.14185	liquid
282.00	73.000	762.45	0.0013116	-530.50	-520.93	-1.3917	1.7633	2.1593	1388.8	-0.044568	0.0020385	0.14161	liquid
283.00	73.000	761.73	0.0013128	-528.35	-518.77	-1.3840	1.7668	2.1622	1384.8	-0.044491	0.0019953	0.14137	liquid
284.00	73.000	761.01	0.0013140	-526.19	-516.60	-1.3764	1.7702	2.1651	1380.7	-0.044414	0.0019536	0.14113	liquid
285.00	73.000	760.29	0.0013153	-524.04	-514.44	-1.3688	1.7737	2.1680	1376.6	-0.044336	0.0019132	0.14089	liquid
286.00	73.000	759.57	0.0013165	-521.88	-512.27	-1.3612	1.7772	2.1709	1372.6	-0.044257	0.0018741	0.14065	liquid
287.00	73.000	758.85	0.0013178	-519.71	-510.09	-1.3536	1.7807	2.1739	1368.6	-0.044178	0.0018363	0.14041	liquid
288.00	73.000	758.14	0.0013190	-517.55	-507.92	-1.3460	1.7842	2.1769	1364.6	-0.044098	0.0017997	0.14018	liquid
289.00	73.000	757.42	0.0013203	-515.38	-505.74	-1.3385	1.7877	2.1799	1360.6	-0.044018	0.0017643	0.13994	liquid
290.00	73.000	756.70	0.0013215	-513.21	-503.56	-1.3309	1.7912	2.1829	1356.6	-0.043937	0.0017299	0.13970	liquid
291.00	73.000	755.99	0.0013228	-511.03	-501.37	-1.3234	1.7947	2.1859	1352.6	-0.043856	0.0016966	0.13947	liquid
292.00	73.000	755.27	0.0013240	-508.85	-499.19	-1.3159	1.7983	2.1890	1348.6	-0.043774	0.0016643	0.13923	liquid
293.00	73.000	754.56	0.0013253	-506.67	-497.00	-1.3084	1.8019	2.1920	1344.7	-0.043692	0.0016330	0.13900	liquid
294.00	73.000	753.84	0.0013265	-504.49	-494.80	-1.3009	1.8054	2.1951	1340.8	-0.043609	0.0016026	0.13877	liquid
295.00	73.000	753.13	0.0013278	-502.30	-492.61	-1.2935	1.8090	2.1982	1336.8	-0.043526	0.0015731	0.13853	liquid
296.00	73.000	752.42	0.0013290	-500.11	-490.41	-1.2860	1.8126	2.2013	1332.9	-0.043442	0.0015444	0.13830	liquid
297.00	73.000	751.71	0.0013303	-497.91	-488.20	-1.2786	1.8162	2.2045	1329.0	-0.043358	0.0015166	0.13807	liquid
298.00	73.000	750.99	0.0013316	-495.72	-486.00	-1.2712	1.8198	2.2076	1325.2	-0.043273	0.0014896	0.13784	liquid
299.00	73.000	750.28	0.0013328	-493.52	-483.79	-1.2638	1.8234	2.2108	1321.3	-0.043188	0.0014633	0.13761	liquid
300.00	73.000	749.57	0.0013341	-491.31	-481.58	-1.2564	1.8270	2.2140	1317.4	-0.043103	0.0014378	0.13738	liquid
301.00	73.000	748.86	0.0013354	-489.11	-479.36	-1.2490	1.8307	2.2172	1313.6	-0.043017	0.0014129	0.13715	liquid
302.00	73.000	748.15	0.0013366	-486.90	-477.14	-1.2417	1.8343	2.2204	1309.7	-0.042931	0.0013888	0.13692	liquid
303.00	73.000	747.44	0.0013379	-484.69	-474.92	-1.2343	1.8380	2.2236	1305.9	-0.042844	0.0013653	0.13669	liquid
304.00	73.000	746.73	0.0013392	-482.47	-472.69	-1.2270	1.8416	2.2269	1302.1	-0.042757	0.0013424	0.13647	liquid
305.00	73.000	746.02	0.0013405	-480.25	-470.47	-1.2197	1.8453	2.2301	1298.3	-0.042669	0.0013201	0.13624	liquid
306.00	73.000	745.31	0.0013417	-478.03	-468.23	-1.2124	1.8490	2.2334	1294.5	-0.042581	0.0012985	0.13601	liquid
307.00	73.000	744.60	0.0013430	-475.80	-466.00	-1.2051	1.8526	2.2367	1290.8	-0.042493	0.0012774	0.13579	liquid
308.00	73.000	743.89	0.0013443	-473.57	-463.76	-1.1978	1.8563	2.2400	1287.0	-0.042404	0.0012568	0.13556	liquid
309.00	73.000	743.18	0.0013456	-471.34	-461.52	-1.1905	1.8600	2.2433	1283.3	-0.042315	0.0012368	0.13534	liquid
310.00	73.000	742.47	0.0013468	-469.11	-459.27	-1.1833	1.8637	2.2466	1279.5	-0.042226	0.0012172	0.13511	liquid
311.00	73.000	741.77	0.0013481	-466.87	-457.03	-1.1760	1.8674	2.2500	1275.8	-0.042136	0.0011982	0.13489	liquid
312.00	73.000	741.06	0.0013494	-464.62	-454.77	-1.1688	1.8712	2.2533	1272.1	-0.042046	0.0011796	0.13467	liquid
313.00	73.000	740.35	0.0013507	-462.38	-452.52	-1.1616	1.8749	2.2567	1268.4	-0.041955	0.0011615	0.13445	liquid
314.00	73.000	739.64	0.0013520	-460.13	-450.26	-1.1544	1.8786	2.2601	1264.7	-0.041864	0.0011439	0.13422	liquid
315.00	73.000	738.94	0.0013533	-457.88	-448.00	-1.1472	1.8824	2.2635	1261.0	-0.041773	0.0011266	0.13400	liquid
316.00	73.000	738.23	0.0013546	-455.62	-445.73	-1.1400	1.8861	2.2669	1257.3	-0.041682	0.0011098	0.13378	liquid
317.00	73.000	737.52	0.0013559	-453.36	-443.47	-1.1328	1.8899	2.2703	1253.7	-0.041590	0.0010934	0.13356	liquid
318.00	73.000	736.82	0.0013572	-451.10	-441.19	-1.1257	1.8936	2.2737	1250.0	-0.041497	0.0010774	0.13334	liquid
319.00	73.000	736.11	0.0013585	-448.83	-438.92	-1.1185	1.8974	2.2772	1246.4	-0.041405	0.0010617	0.13312	liquid
320.00	73.000	735.40	0.0013598	-446.57	-436.64	-1.1114	1.9012	2.2806	1242.7	-0.041312	0.0010464	0.13290	liquid
321.00	73.000	734.70	0.0013611	-444.29	-434.36	-1.1043	1.9049	2.2841	1239.1	-0.041219	0.0010315	0.13268	liquid
322.00	73.000	733.99	0.0013624	-442.02	-432.07	-1.0972	1.9087	2.2876	1235.5	-0.041125	0.0010169	0.13247	liquid
323.00	73.000	733.29	0.0013637	-439.74	-429.78	-1.0901	1.9125	2.2911	1231.9	-0.041031	0.0010026	0.13225	liquid
324.00	73.000	732.58	0.0013650	-437.45	-427.49	-1.0830	1.9163	2.2946	1228.3	-0.040937	0.00098866	0.13203	liquid
325.00	73.000	731.88	0.0013663	-435.17	-425.19	-1.0759	1.9201	2.2981	1224.7	-0.040842	0.00097503	0.13181	liquid
326.00	73.000	731.17	0.0013677	-432.88	-422.89	-1.0689	1.9239	2.3016	1221.2	-0.040747	0.00096169	0.13160	liquid
327.00	73.000	730.47	0.0013690	-430.58	-420.59	-1.0618	1.9277	2.3051	1217.6	-0.040652	0.00094865	0.13138	liquid
328.00	73.000	729.76	0.0013703	-428.29	-418.28	-1.0548	1.9315	2.3086	1214.1	-0.040557	0.00093590	0.13117	liquid
329.00	73.000	729.06	0.0013716	-425.98	-415.97	-1.0477	1.9353	2.3122	1210.5	-0.040461	0.00092342	0.13095	liquid
330.00	73.000	728.35	0.0013730	-423.68	-413.66	-1.0407	1.9391	2.3157	1207.0	-0.040365	0.00091120	0.13074	liquid
331.00	73.000	727.65	0.0013743	-421.37	-411.34	-1.0337	1.9430	2.3193	1203.5	-0.040269	0.00089925	0.13052	liquid
332.00	73.000	726.95	0.0013756	-419.06	-409.02	-1.0267	1.9468	2.3229	1200.0	-0.040172	0.00088754	0.13031	liquid
333.00	73.000	726.24	0.0013770	-416.75	-406.69	-1.0197	1.9506	2.3265	1196.5	-0.040075	0.00087608	0.13010	liquid
334.00	73.000	725.54	0.0013783	-414.43	-404.37	-1.0127	1.9545	2.3301	1193.0	-0.039978	0.00086486	0.12988	liquid
335.00	73.000	724.83	0.0013796	-412.11	-402.03	-1.0057	1.9583	2.3336	1189.5	-0.039880	0.00085387	0.12967	liquid
336.00	73.000	724.13	0.0013810	-409.78	-399.70	-0.99878	1.9621	2.3373	1186.0	-0.039782	0.00084311	0.12946	liquid
337.00	73.000	723.42	0.0013823	-407.45	-397.36	-0.99183	1.9660	2.3409	1182.6	-0.039684	0.00083256	0.12925	liquid
338.00	73.000	722.72	0.0013837	-405.12	-395.02	-0.98489	1.9698	2.3445	1179.1	-0.039586	0.00082222	0.12904	liquid
339.00	73.000	722.02	0.0013850	-402.78	-392.67	-0.97796	1.9737	2.3481	1175.7	-0.039487	0.00081210	0.12883	liquid
340.00	73.000	721.31	0.0013864	-400.44	-390.32	-0.97103	1.9775	2.3518	1172.2	-0.039388	0.00080217	0.12862	liquid
341.00	73.000	720.61	0.0013877	-398.10	-387.97	-0.96412	1.9814	2.3554	1168.8	-0.039289	0.00079243	0.12841	liquid
342.00	73.000	719.90	0.0013891	-395.75	-385.61	-0.95722	1.9853	2.3591	1165.4	-0.039190	0.00078289	0.12820	liquid
343.00	73.000	719.20	0.0013904	-393.40	-383.25	-0.95033	1.9891	2.3627	1162.0	-0.039090	0.00077353	0.12799	liquid
344.00	73.000	718.50	0.0013918	-391.04	-380.88	-0.94344	1.9930	2.3664	1158.6	-0.038990	0.00076435	0.12778	liquid
345.00	73.000	717.79	0.0013932	-388.69	-378.52	-0.93657	1.9969	2.3701	1155.2	-0.038890	0.00075535	0.12757	liquid
346.00	73.000	717.09	0.0013945	-386.32	-376.14	-0.92970	2.0007	2.3737	1151.8	-0.038789	0.00074652	0.12737	liquid
347.00	73.000	716.38	0.0013959	-383.96	-373.77	-0.92285	2.0046	2.3774	1148.4	-0.038688	0.00073785	0.12716	liquid
348.00	73.000	715.68	0.0013973	-381.59	-371.39	-0.91600	2.0085	2.3811	1145.0	-0.038587	0.00072934	0.12695	liquid
349.00	73.000	714.98	0.0013986	-379.22	-369.01	-0.90916	2.0124	2.3848	1141.7	-0.038486	0.00072099	0.12674	liquid
350.00	73.000	714.27	0.0014000	-376.84	-366.62	-0.90233	2.0162	2.3885	1138.3	-0.038384	0.00071280	0.12654	liquid
351.00	73.000	713.57	0.0014014	-374.46	-364.23	-0.89551	2.0201	2.3922	1135.0	-0.038282	0.00070475	0.12633	liquid
352.00	73.000	712.86	0.0014028	-372.08	-361.84	-0.88870	2.0240	2.3960	1131.7	-0.038180	0.00069685	0.12613	liquid
353.00	73.000	712.16	0.0014042	-369.69	-359.44	-0.88190	2.0279	2.3997	1128.3	-0.038078	0.00068910	0.12592	liquid
354.00	73.000	711.45	0.0014056	-367.30	-357.04	-0.87511	2.0318	2.4034	1125.0	-0.037975	0.00068148	0.12572	liquid
355.00	73.000	710.75	0.0014070	-364.90	-354.63	-0.86832	2.0357	2.4072	1121.7	-0.037872	0.00067399	0.12551	liquid
356.00	73.000	710.04	0.0014084	-362.50	-352.22	-0.86155	2.0396	2.4109	1118.4	-0.037769	0.00066664	0.12531	liquid
357.00	73.000	709.34	0.0014098	-360.10	-349.81	-0.85478	2.0434	2.4146	1115.1	-0.037665	0.00065942	0.12511	liquid
358.00	73.000	708.63	0.0014112	-357.69	-347.39	-0.84802	2.0473	2.4184	1111.8	-0.037562	0.00065232	0.12490	liquid
359.00	73.000	707.93	0.0014126	-355.28	-344.97	-0.84127	2.0512	2.4221	1108.5	-0.037458	0.00064535	0.12470	liquid
360.00	73.000	707.22	0.0014140	-352.87	-342.55	-0.83452	2.0551	2.4259	1105.3	-0.037353	0.00063849	0.12450	liquid
361.00	73.000	706.52	0.0014154	-350.45	-340.12	-0.82779	2.0590	2.4297	1102.0	-0.037249	0.00063175	0.12430	liquid
362.00	73.000	705.81	0.0014168	-348.03	-337.69	-0.82106	2.0629	2.4334	1098.8	-0.037144	0.00062512	0.12409	liquid
363.00	73.000	705.11	0.0014182	-345.61	-335.25	-0.81435	2.0668	2.4372	1095.5	-0.037039	0.00061861	0.12389	liquid
364.00	73.000	704.40	0.0014196	-343.18	-332.81	-0.80764	2.0707	2.4410	1092.3	-0.036934	0.00061220	0.12369	liquid
365.00	73.000	703.69	0.0014211	-340.75	-330.37	-0.80093	2.0746	2.4448	1089.0	-0.036828	0.00060590	0.12349	liquid
366.00	73.000	702.99	0.0014225	-338.31	-327.92	-0.79424	2.0785	2.4486	1085.8	-0.036722	0.00059970	0.12329	liquid
367.00	73.000	702.28	0.0014239	-335.87	-325.47	-0.78755	2.0824	2.4524	1082.6	-0.036616	0.00059361	0.12309	liquid
368.00	73.000	701.57	0.0014254	-333.43	-323.02	-0.78087	2.0863	2.4562	1079.4	-0.036510	0.00058761	0.12289	liquid
369.00	73.000	700.87	0.0014268	-330.98	-320.56	-0.77420	2.0902	2.4600	1076.2	-0.036403	0.00058171	0.12269	liquid
370.00	73.000	700.16	0.0014282	-328.53	-318.10	-0.76754	2.0941	2.4638	1073.0	-0.036296	0.00057590	0.12249	liquid
371.00	73.000	699.45	0.0014297	-326.07	-315.63	-0.76089	2.0980	2.4676	1069.8	-0.036189	0.00057018	0.12229	liquid
372.00	73.000	698.74	0.0014311	-323.61	-313.16	-0.75424	2.1019	2.4714	1066.6	-0.036082	0.00056456	0.12209	liquid
373.00	73.000	698.03	0.0014326	-321.15	-310.69	-0.74760	2.1058	2.4752	1063.4	-0.035974	0.00055902	0.12190	liquid
374.00	73.000	697.33	0.0014340	-318.68	-308.21	-0.74097	2.1097	2.4790	1060.2	-0.035866	0.00055357	0.12170	liquid
375.00	73.000	696.62	0.0014355	-316.21	-305.73	-0.73434	2.1136	2.4828	1057.1	-0.035758	0.00054820	0.12150	liquid
376.00	73.000	695.91	0.0014370	-313.74	-303.25	-0.72773	2.1174	2.4866	1053.9	-0.035649	0.00054292	0.12130	liquid
377.00	73.000	695.20	0.0014384	-311.26	-300.76	-0.72112	2.1213	2.4905	1050.8	-0.035540	0.00053771	0.12111	liquid
378.00	73.000	694.49	0.0014399	-308.78	-298.27	-0.71451	2.1252	2.4943	1047.6	-0.035431	0.00053259	0.12091	liquid
379.00	73.000	693.78	0.0014414	-306.29	-295.77	-0.70792	2.1291	2.4981	1044.5	-0.035322	0.00052754	0.12072	liquid
380.00	73.000	693.07	0.0014429	-303.80	-293.27	-0.70133	2.1330	2.5020	1041.4	-0.035212	0.00052256	0.12052	liquid
381.00	73.000	692.36	0.0014443	-301.31	-290.77	-0.69475	2.1369	2.5058	1038.2	-0.035102	0.00051766	0.12032	liquid
382.00	73.000	691.65	0.0014458	-298.81	-288.26	-0.68818	2.1408	2.5096	1035.1	-0.034992	0.00051284	0.12013	liquid
383.00	73.000	690.94	0.0014473	-296.31	-285.75	-0.68161	2.1447	2.5135	1032.0	-0.034881	0.00050808	0.11993	liquid
384.00	73.000	690.23	0.0014488	-293.81	-283.23	-0.67505	2.1486	2.5173	1028.9	-0.034770	0.00050339	0.11974	liquid
385.00	73.000	689.52	0.0014503	-291.30	-280.71	-0.66850	2.1525	2.5212	1025.8	-0.034659	0.00049877	0.11955	liquid
386.00	73.000	688.80	0.0014518	-288.79	-278.19	-0.66196	2.1564	2.5250	1022.7	-0.034548	0.00049422	0.11935	liquid
387.00	73.000	688.09	0.0014533	-286.27	-275.66	-0.65542	2.1602	2.5289	1019.6	-0.034436	0.00048973	0.11916	liquid
388.00	73.000	687.38	0.0014548	-283.75	-273.13	-0.64889	2.1641	2.5327	1016.6	-0.034324	0.00048530	0.11896	liquid
389.00	73.000	686.66	0.0014563	-281.23	-270.60	-0.64236	2.1680	2.5366	1013.5	-0.034211	0.00048094	0.11877	liquid
390.00	73.000	685.95	0.0014578	-278.70	-268.06	-0.63584	2.1719	2.5404	1010.4	-0.034099	0.00047664	0.11858	liquid
391.00	73.000	685.24	0.0014593	-276.17	-265.52	-0.62933	2.1758	2.5443	1007.4	-0.033986	0.00047239	0.11839	liquid
392.00	73.000	684.52	0.0014609	-273.64	-262.97	-0.62283	2.1796	2.5481	1004.3	-0.033872	0.00046821	0.11819	liquid
393.00	73.000	683.81	0.0014624	-271.10	-260.42	-0.61633	2.1835	2.5520	1001.3	-0.033759	0.00046408	0.11800	liquid
394.00	73.000	683.09	0.0014639	-268.55	-257.87	-0.60984	2.1874	2.5559	998.23	-0.033645	0.00046001	0.11781	liquid
395.00	73.000	682.38	0.0014655	-266.01	-255.31	-0.60336	2.1913	2.5597	995.19	-0.033531	0.00045599	0.11762	liquid
396.00	73.000	681.66	0.0014670	-263.46	-252.75	-0.59688	2.1951	2.5636	992.16	-0.033416	0.00045203	0.11743	liquid
397.00	73.000	680.95	0.0014685	-260.90	-250.18	-0.59041	2.1990	2.5675	989.14	-0.033301	0.00044812	0.11724	liquid
398.00	73.000	680.23	0.0014701	-258.34	-247.61	-0.58395	2.2029	2.5713	986.12	-0.033186	0.00044427	0.11705	liquid
399.00	73.000	679.51	0.0014716	-255.78	-245.04	-0.57749	2.2067	2.5752	983.11	-0.033070	0.00044046	0.11686	liquid
400.00	73.000	678.79	0.0014732	-253.22	-242.46	-0.57104	2.2106	2.5791	980.11	-0.032954	0.00043670	0.11667	liquid
401.00	73.000	678.08	0.0014748	-250.65	-239.88	-0.56460	2.2145	2.5829	977.11	-0.032838	0.00043300	0.11648	liquid
402.00	73.000	677.36	0.0014763	-248.07	-237.30	-0.55816	2.2183	2.5868	974.11	-0.032722	0.00042934	0.11629	liquid
403.00	73.000	676.64	0.0014779	-245.50	-234.71	-0.55173	2.2222	2.5907	971.12	-0.032605	0.00042572	0.11610	liquid
404.00	73.000	675.92	0.0014795	-242.92	-232.12	-0.54530	2.2260	2.5945	968.14	-0.032487	0.00042216	0.11591	liquid
405.00	73.000	675.20	0.0014810	-240.33	-229.52	-0.53888	2.2299	2.5984	965.16	-0.032370	0.00041864	0.11572	liquid
406.00	73.000	674.48	0.0014826	-237.74	-226.92	-0.53247	2.2337	2.6023	962.19	-0.032252	0.00041516	0.11553	liquid
407.00	73.000	673.76	0.0014842	-235.15	-224.31	-0.52606	2.2376	2.6062	959.23	-0.032133	0.00041173	0.11534	liquid
408.00	73.000	673.03	0.0014858	-232.55	-221.71	-0.51966	2.2414	2.6100	956.27	-0.032014	0.00040834	0.11516	liquid
409.00	73.000	672.31	0.0014874	-229.95	-219.09	-0.51327	2.2453	2.6139	953.31	-0.031895	0.00040499	0.11497	liquid
410.00	73.000	671.59	0.0014890	-227.35	-216.48	-0.50688	2.2491	2.6178	950.36	-0.031776	0.00040168	0.11478	liquid
411.00	73.000	670.87	0.0014906	-224.74	-213.86	-0.50050	2.2529	2.6217	947.42	-0.031656	0.00039842	0.11459	liquid
412.00	73.000	670.14	0.0014922	-222.13	-211.23	-0.49412	2.2568	2.6255	944.48	-0.031536	0.00039519	0.11441	liquid
413.00	73.000	669.42	0.0014938	-219.51	-208.61	-0.48775	2.2606	2.6294	941.55	-0.031415	0.00039200	0.11422	liquid
414.00	73.000	668.69	0.0014955	-216.89	-205.98	-0.48139	2.2644	2.6333	938.62	-0.031294	0.00038885	0.11403	liquid
415.00	73.000	667.97	0.0014971	-214.27	-203.34	-0.47503	2.2683	2.6372	935.70	-0.031173	0.00038574	0.11385	liquid
416.00	73.000	667.24	0.0014987	-211.64	-200.70	-0.46868	2.2721	2.6410	932.78	-0.031051	0.00038266	0.11366	liquid
417.00	73.000	666.52	0.0015003	-209.01	-198.06	-0.46233	2.2759	2.6449	929.87	-0.030929	0.00037962	0.11348	liquid
418.00	73.000	665.79	0.0015020	-206.38	-195.41	-0.45599	2.2797	2.6488	926.96	-0.030806	0.00037662	0.11329	liquid
419.00	73.000	665.06	0.0015036	-203.74	-192.76	-0.44966	2.2835	2.6527	924.06	-0.030683	0.00037365	0.11311	liquid
420.00	73.000	664.33	0.0015053	-201.10	-190.11	-0.44333	2.2874	2.6565	921.16	-0.030559	0.00037072	0.11292	liquid
421.00	73.000	663.60	0.0015069	-198.45	-187.45	-0.43701	2.2912	2.6604	918.27	-0.030436	0.00036782	0.11274	liquid
422.00	73.000	662.87	0.0015086	-195.80	-184.79	-0.43069	2.2950	2.6643	915.38	-0.030311	0.00036495	0.11255	liquid
423.00	73.000	662.14	0.0015102	-193.14	-182.12	-0.42438	2.2988	2.6682	912.50	-0.030186	0.00036212	0.11237	liquid
424.00	73.000	661.41	0.0015119	-190.49	-179.45	-0.41808	2.3026	2.6720	909.63	-0.030061	0.00035931	0.11219	liquid
425.00	73.000	660.68	0.0015136	-187.82	-176.78	-0.41178	2.3064	2.6759	906.75	-0.029936	0.00035654	0.11200	liquid
426.00	73.000	659.95	0.0015153	-185.16	-174.10	-0.40549	2.3102	2.6798	903.89	-0.029810	0.00035380	0.11182	liquid
427.00	73.000	659.22	0.0015170	-182.49	-171.42	-0.39920	2.3139	2.6836	901.03	-0.029683	0.00035109	0.11164	liquid
428.00	73.000	658.48	0.0015186	-179.82	-168.73	-0.39292	2.3177	2.6875	898.17	-0.029556	0.00034841	0.11145	liquid
429.00	73.000	657.75	0.0015203	-177.14	-166.04	-0.38664	2.3215	2.6914	895.32	-0.029428	0.00034576	0.11127	liquid
430.00	73.000	657.01	0.0015220	-174.46	-163.35	-0.38037	2.3253	2.6952	892.47	-0.029301	0.00034314	0.11109	liquid
431.00	73.000	656.28	0.0015237	-171.77	-160.65	-0.37410	2.3291	2.6991	889.63	-0.029172	0.00034055	0.11091	liquid
432.00	73.000	655.54	0.0015255	-169.09	-157.95	-0.36784	2.3328	2.7030	886.79	-0.029043	0.00033798	0.11073	liquid
433.00	73.000	654.80	0.0015272	-166.39	-155.24	-0.36159	2.3366	2.7068	883.96	-0.028914	0.00033544	0.11054	liquid
434.00	73.000	654.07	0.0015289	-163.70	-152.54	-0.35534	2.3404	2.7107	881.13	-0.028784	0.00033293	0.11036	liquid
435.00	73.000	653.33	0.0015306	-161.00	-149.82	-0.34910	2.3441	2.7146	878.31	-0.028653	0.00033045	0.11018	liquid
436.00	73.000	652.59	0.0015324	-158.29	-147.11	-0.34286	2.3479	2.7184	875.49	-0.028523	0.00032799	0.11000	liquid
437.00	73.000	651.85	0.0015341	-155.59	-144.39	-0.33663	2.3516	2.7223	872.68	-0.028391	0.00032556	0.10982	liquid
438.00	73.000	651.11	0.0015358	-152.87	-141.66	-0.33040	2.3554	2.7261	869.87	-0.028259	0.00032315	0.10964	liquid
439.00	73.000	650.37	0.0015376	-150.16	-138.93	-0.32418	2.3591	2.7300	867.06	-0.028127	0.00032077	0.10946	liquid
440.00	73.000	649.63	0.0015393	-147.44	-136.20	-0.31796	2.3629	2.7339	864.27	-0.027994	0.00031841	0.10928	liquid
441.00	73.000	648.88	0.0015411	-144.72	-133.47	-0.31175	2.3666	2.7377	861.47	-0.027860	0.00031608	0.10910	liquid
442.00	73.000	648.14	0.0015429	-141.99	-130.73	-0.30555	2.3704	2.7416	858.68	-0.027726	0.00031377	0.10892	liquid
443.00	73.000	647.40	0.0015447	-139.26	-127.98	-0.29935	2.3741	2.7454	855.89	-0.027592	0.00031148	0.10874	liquid
444.00	73.000	646.65	0.0015464	-136.52	-125.24	-0.29315	2.3778	2.7493	853.11	-0.027456	0.00030922	0.10856	liquid
445.00	73.000	645.90	0.0015482	-133.79	-122.48	-0.28696	2.3815	2.7531	850.34	-0.027321	0.00030698	0.10838	liquid
446.00	73.000	645.16	0.0015500	-131.04	-119.73	-0.28078	2.3852	2.7570	847.56	-0.027184	0.00030476	0.10821	liquid
447.00	73.000	644.41	0.0015518	-128.30	-116.97	-0.27460	2.3890	2.7608	844.80	-0.027047	0.00030256	0.10803	liquid
448.00	73.000	643.66	0.0015536	-125.55	-114.21	-0.26843	2.3927	2.7647	842.03	-0.026910	0.00030039	0.10785	liquid
449.00	73.000	642.91	0.0015554	-122.80	-111.44	-0.26226	2.3964	2.7685	839.27	-0.026772	0.00029823	0.10767	liquid
450.00	73.000	642.16	0.0015572	-120.04	-108.67	-0.25610	2.4001	2.7723	836.52	-0.026633	0.00029610	0.10749	liquid
451.00	73.000	641.41	0.0015591	-117.28	-105.90	-0.24994	2.4038	2.7762	833.77	-0.026494	0.00029399	0.10732	liquid
452.00	73.000	640.66	0.0015609	-114.51	-103.12	-0.24378	2.4075	2.7800	831.02	-0.026354	0.00029190	0.10714	liquid
453.00	73.000	639.91	0.0015627	-111.74	-100.34	-0.23764	2.4112	2.7839	828.28	-0.026213	0.00028982	0.10696	liquid
454.00	73.000	639.15	0.0015646	-108.97	-97.551	-0.23149	2.4149	2.7877	825.55	-0.026072	0.00028777	0.10679	liquid
455.00	73.000	638.40	0.0015664	-106.20	-94.761	-0.22536	2.4185	2.7915	822.81	-0.025931	0.00028574	0.10661	liquid
456.00	73.000	637.65	0.0015683	-103.42	-91.968	-0.21922	2.4222	2.7953	820.09	-0.025788	0.00028373	0.10643	liquid
457.00	73.000	636.89	0.0015701	-100.63	-89.171	-0.21310	2.4259	2.7992	817.36	-0.025645	0.00028173	0.10626	liquid
458.00	73.000	636.13	0.0015720	-97.845	-86.369	-0.20697	2.4296	2.8030	814.64	-0.025501	0.00027976	0.10608	liquid
459.00	73.000	635.37	0.0015739	-95.054	-83.565	-0.20086	2.4332	2.8068	811.93	-0.025357	0.00027780	0.10591	liquid
460.00	73.000	634.62	0.0015758	-92.259	-80.756	-0.19474	2.4369	2.8106	809.22	-0.025212	0.00027586	0.10573	liquid
461.00	73.000	633.86	0.0015776	-89.460	-77.943	-0.18864	2.4405	2.8145	806.51	-0.025066	0.00027393	0.10556	liquid
462.00	73.000	633.10	0.0015795	-86.657	-75.127	-0.18253	2.4442	2.8183	803.81	-0.024919	0.00027203	0.10538	liquid
463.00	73.000	632.33	0.0015814	-83.851	-72.307	-0.17643	2.4478	2.8221	801.11	-0.024772	0.00027014	0.10521	liquid
464.00	73.000	631.57	0.0015834	-81.041	-69.483	-0.17034	2.4515	2.8259	798.41	-0.024624	0.00026827	0.10503	liquid
465.00	73.000	630.81	0.0015853	-78.227	-66.655	-0.16425	2.4551	2.8297	795.72	-0.024476	0.00026642	0.10486	liquid
466.00	73.000	630.04	0.0015872	-75.410	-63.823	-0.15817	2.4587	2.8335	793.04	-0.024326	0.00026458	0.10469	liquid
467.00	73.000	629.28	0.0015891	-72.588	-60.988	-0.15209	2.4624	2.8373	790.35	-0.024176	0.00026276	0.10451	liquid
468.00	73.000	628.51	0.0015911	-69.763	-58.149	-0.14602	2.4660	2.8411	787.68	-0.024025	0.00026096	0.10434	liquid
469.00	73.000	627.74	0.0015930	-66.934	-55.305	-0.13995	2.4696	2.8449	785.00	-0.023874	0.00025917	0.10417	liquid
470.00	73.000	626.98	0.0015950	-64.102	-52.459	-0.13389	2.4732	2.8487	782.33	-0.023722	0.00025739	0.10399	liquid
471.00	73.000	626.21	0.0015969	-61.266	-49.608	-0.12783	2.4768	2.8525	779.67	-0.023568	0.00025564	0.10382	liquid
472.00	73.000	625.44	0.0015989	-58.425	-46.754	-0.12178	2.4805	2.8563	777.00	-0.023414	0.00025389	0.10365	liquid
473.00	73.000	624.67	0.0016009	-55.582	-43.895	-0.11573	2.4841	2.8601	774.35	-0.023260	0.00025216	0.10348	liquid
474.00	73.000	623.89	0.0016028	-52.734	-41.033	-0.10968	2.4877	2.8639	771.69	-0.023104	0.00025045	0.10331	liquid
475.00	73.000	623.12	0.0016048	-49.883	-38.168	-0.10364	2.4912	2.8677	769.04	-0.022948	0.00024875	0.10313	liquid
476.00	73.000	622.35	0.0016068	-47.028	-35.298	-0.097607	2.4948	2.8715	766.40	-0.022791	0.00024707	0.10296	liquid
477.00	73.000	621.57	0.0016088	-44.169	-32.425	-0.091577	2.4984	2.8753	763.76	-0.022633	0.00024540	0.10279	liquid
478.00	73.000	620.79	0.0016108	-41.307	-29.547	-0.085551	2.5020	2.8790	761.12	-0.022474	0.00024374	0.10262	liquid
479.00	73.000	620.02	0.0016129	-38.440	-26.666	-0.079531	2.5056	2.8828	758.49	-0.022314	0.00024210	0.10245	liquid
480.00	73.000	619.24	0.0016149	-35.570	-23.782	-0.073515	2.5091	2.8866	755.86	-0.022154	0.00024047	0.10228	liquid
481.00	73.000	618.46	0.0016169	-32.697	-20.893	-0.067503	2.5127	2.8904	753.23	-0.021992	0.00023886	0.10211	liquid
482.00	73.000	617.68	0.0016190	-29.820	-18.001	-0.061496	2.5163	2.8941	750.61	-0.021830	0.00023726	0.10194	liquid
483.00	73.000	616.89	0.0016210	-26.938	-15.105	-0.055494	2.5198	2.8979	747.99	-0.021667	0.00023567	0.10177	liquid
484.00	73.000	616.11	0.0016231	-24.054	-12.205	-0.049497	2.5234	2.9017	745.38	-0.021503	0.00023409	0.10160	liquid
485.00	73.000	615.33	0.0016252	-21.165	-9.3017	-0.043504	2.5269	2.9054	742.77	-0.021338	0.00023253	0.10143	liquid
486.00	73.000	614.54	0.0016272	-18.273	-6.3944	-0.037516	2.5305	2.9092	740.16	-0.021172	0.00023098	0.10126	liquid
487.00	73.000	613.76	0.0016293	-15.377	-3.4833	-0.031532	2.5340	2.9129	737.56	-0.021005	0.00022944	0.10109	liquid
488.00	73.000	612.97	0.0016314	-12.478	-0.56852	-0.025553	2.5375	2.9167	734.96	-0.020837	0.00022791	0.10093	liquid
489.00	73.000	612.18	0.0016335	-9.5746	2.3500	-0.019578	2.5411	2.9204	732.37	-0.020668	0.00022640	0.10076	liquid
490.00	73.000	611.39	0.0016356	-6.6677	5.2724	-0.013608	2.5446	2.9242	729.78	-0.020498	0.00022490	0.10059	liquid
491.00	73.000	610.60	0.0016377	-3.7571	8.1984	-0.0076429	2.5481	2.9279	727.19	-0.020327	0.00022341	0.10042	liquid
492.00	73.000	609.81	0.0016399	-0.84281	11.128	-0.0016820	2.5516	2.9317	724.61	-0.020156	0.00022193	0.10025	liquid
493.00	73.000	609.01	0.0016420	2.0751	14.062	0.0042744	2.5551	2.9354	722.03	-0.019983	0.00022047	0.10009	liquid
494.00	73.000	608.22	0.0016441	4.9967	16.999	0.010226	2.5586	2.9391	719.46	-0.019809	0.00021901	0.099920	liquid
495.00	73.000	607.42	0.0016463	7.9220	19.940	0.016174	2.5621	2.9429	716.89	-0.019634	0.00021757	0.099754	liquid
496.00	73.000	606.62	0.0016485	10.851	22.885	0.022117	2.5656	2.9466	714.32	-0.019458	0.00021613	0.099587	liquid
497.00	73.000	605.83	0.0016506	13.784	25.833	0.028055	2.5691	2.9503	711.76	-0.019281	0.00021471	0.099421	liquid
498.00	73.000	605.03	0.0016528	16.720	28.785	0.033989	2.5726	2.9541	709.20	-0.019103	0.00021330	0.099255	liquid
499.00	73.000	604.23	0.0016550	19.660	31.741	0.039919	2.5761	2.9578	706.64	-0.018924	0.00021190	0.099089	liquid
500.00	73.000	603.42	0.0016572	22.603	34.701	0.045844	2.5795	2.9615	704.09	-0.018744	0.00021051	0.098923	liquid
501.00	73.000	602.62	0.0016594	25.551	37.664	0.051765	2.5830	2.9652	701.54	-0.018562	0.00020913	0.098758	liquid
502.00	73.000	601.82	0.0016616	28.501	40.631	0.057681	2.5865	2.9689	699.00	-0.018380	0.00020776	0.098593	liquid
503.00	73.000	601.01	0.0016639	31.456	43.602	0.063593	2.5899	2.9726	696.46	-0.018196	0.00020640	0.098428	liquid
504.00	73.000	600.20	0.0016661	34.414	46.577	0.069501	2.5934	2.9763	693.92	-0.018011	0.00020505	0.098263	liquid
505.00	73.000	599.40	0.0016683	37.376	49.555	0.075404	2.5968	2.9800	691.39	-0.017826	0.00020371	0.098099	liquid
506.00	73.000	598.59	0.0016706	40.341	52.537	0.081303	2.6003	2.9837	688.86	-0.017638	0.00020239	0.097935	liquid
507.00	73.000	597.77	0.0016729	43.310	55.522	0.087197	2.6037	2.9874	686.33	-0.017450	0.00020107	0.097771	liquid
508.00	73.000	596.96	0.0016751	46.283	58.511	0.093088	2.6071	2.9911	683.81	-0.017261	0.00019976	0.097608	liquid
509.00	73.000	596.15	0.0016774	49.259	61.504	0.098973	2.6106	2.9948	681.30	-0.017070	0.00019846	0.097444	liquid
510.00	73.000	595.33	0.0016797	52.239	64.501	0.10485	2.6140	2.9985	678.78	-0.016878	0.00019717	0.097281	liquid
511.00	73.000	594.52	0.0016820	55.223	67.501	0.11073	2.6174	3.0022	676.27	-0.016684	0.00019588	0.097119	liquid
512.00	73.000	593.70	0.0016844	58.210	70.505	0.11661	2.6208	3.0058	673.77	-0.016490	0.00019461	0.096956	liquid
513.00	73.000	592.88	0.0016867	61.200	73.513	0.12247	2.6242	3.0095	671.27	-0.016294	0.00019335	0.096794	liquid
514.00	73.000	592.06	0.0016890	64.195	76.524	0.12834	2.6276	3.0132	668.77	-0.016097	0.00019209	0.096632	liquid
515.00	73.000	591.24	0.0016914	67.193	79.539	0.13420	2.6310	3.0169	666.27	-0.015899	0.00019085	0.096470	liquid
516.00	73.000	590.42	0.0016937	70.194	82.558	0.14005	2.6344	3.0205	663.78	-0.015699	0.00018961	0.096308	liquid
517.00	73.000	589.59	0.0016961	73.199	85.581	0.14591	2.6378	3.0242	661.30	-0.015498	0.00018838	0.096147	liquid
518.00	73.000	588.77	0.0016985	76.208	88.607	0.15175	2.6412	3.0279	658.81	-0.015295	0.00018717	0.095986	liquid
519.00	73.000	587.94	0.0017009	79.220	91.636	0.15760	2.6446	3.0315	656.34	-0.015091	0.00018595	0.095826	liquid
520.00	73.000	587.11	0.0017033	82.236	94.670	0.16344	2.6479	3.0352	653.86	-0.014886	0.00018475	0.095665	liquid
521.00	73.000	586.28	0.0017057	85.255	97.707	0.16927	2.6513	3.0388	651.39	-0.014680	0.00018356	0.095505	liquid
522.00	73.000	585.45	0.0017081	88.278	100.75	0.17510	2.6547	3.0425	648.92	-0.014471	0.00018237	0.095345	liquid
523.00	73.000	584.61	0.0017105	91.305	103.79	0.18093	2.6580	3.0461	646.46	-0.014262	0.00018119	0.095185	liquid
524.00	73.000	583.78	0.0017130	94.335	106.84	0.18675	2.6614	3.0497	644.00	-0.014051	0.00018002	0.095026	liquid
525.00	73.000	582.94	0.0017154	97.368	109.89	0.19257	2.6647	3.0534	641.54	-0.013839	0.00017886	0.094867	liquid
526.00	73.000	582.11	0.0017179	100.41	112.95	0.19838	2.6681	3.0570	639.09	-0.013625	0.00017771	0.094708	liquid
527.00	73.000	581.27	0.0017204	103.45	116.00	0.20419	2.6714	3.0606	636.64	-0.013409	0.00017656	0.094550	liquid
528.00	73.000	580.43	0.0017229	106.49	119.07	0.21000	2.6747	3.0643	634.20	-0.013192	0.00017542	0.094392	liquid
529.00	73.000	579.58	0.0017254	109.54	122.13	0.21580	2.6781	3.0679	631.76	-0.012974	0.00017429	0.094234	liquid
530.00	73.000	578.74	0.0017279	112.59	125.20	0.22160	2.6814	3.0715	629.32	-0.012753	0.00017317	0.094076	liquid
531.00	73.000	577.89	0.0017304	115.64	128.28	0.22739	2.6847	3.0751	626.89	-0.012532	0.00017205	0.093919	liquid
532.00	73.000	577.05	0.0017330	118.70	131.35	0.23318	2.6880	3.0787	624.46	-0.012308	0.00017095	0.093762	liquid
533.00	73.000	576.20	0.0017355	121.76	134.43	0.23896	2.6913	3.0823	622.04	-0.012083	0.00016984	0.093605	liquid
534.00	73.000	575.35	0.0017381	124.83	137.52	0.24474	2.6946	3.0859	619.62	-0.011857	0.00016875	0.093448	liquid
535.00	73.000	574.50	0.0017406	127.90	140.61	0.25052	2.6979	3.0895	617.20	-0.011629	0.00016766	0.093292	liquid
536.00	73.000	573.65	0.0017432	130.97	143.70	0.25629	2.7012	3.0931	614.79	-0.011399	0.00016658	0.093136	liquid
537.00	73.000	572.79	0.0017458	134.05	146.79	0.26206	2.7045	3.0967	612.38	-0.011167	0.00016551	0.092981	liquid
538.00	73.000	571.93	0.0017485	137.13	149.89	0.26783	2.7078	3.1003	609.98	-0.010934	0.00016445	0.092825	liquid
539.00	73.000	571.08	0.0017511	140.21	152.99	0.27359	2.7111	3.1039	607.57	-0.010699	0.00016339	0.092670	liquid
540.00	73.000	570.22	0.0017537	143.30	156.10	0.27934	2.7143	3.1075	605.18	-0.010462	0.00016234	0.092516	liquid
541.00	73.000	569.36	0.0017564	146.39	159.21	0.28510	2.7176	3.1111	602.79	-0.010223	0.00016129	0.092361	liquid
542.00	73.000	568.49	0.0017590	149.48	162.32	0.29084	2.7209	3.1146	600.40	-0.0099827	0.00016025	0.092207	liquid
543.00	73.000	567.63	0.0017617	152.58	165.44	0.29659	2.7241	3.1182	598.01	-0.0097405	0.00015922	0.092053	liquid
544.00	73.000	566.76	0.0017644	155.68	168.56	0.30233	2.7274	3.1218	595.63	-0.0094964	0.00015820	0.091900	liquid
545.00	73.000	565.90	0.0017671	158.78	171.68	0.30807	2.7306	3.1253	593.26	-0.0092505	0.00015718	0.091747	liquid
546.00	73.000	565.03	0.0017698	161.89	174.81	0.31380	2.7339	3.1289	590.88	-0.0090026	0.00015616	0.091594	liquid
547.00	73.000	564.16	0.0017726	165.00	177.94	0.31953	2.7371	3.1325	588.51	-0.0087529	0.00015516	0.091441	liquid
548.00	73.000	563.28	0.0017753	168.11	181.07	0.32525	2.7403	3.1360	586.15	-0.0085012	0.00015416	0.091289	liquid
549.00	73.000	562.41	0.0017781	171.23	184.21	0.33097	2.7436	3.1396	583.79	-0.0082476	0.00015317	0.091137	liquid
550.00	73.000	561.53	0.0017808	174.35	187.35	0.33669	2.7468	3.1431	581.44	-0.0079920	0.00015218	0.090986	liquid
551.00	73.000	560.65	0.0017836	177.48	190.50	0.34240	2.7500	3.1466	579.08	-0.0077344	0.00015120	0.090835	liquid
552.00	73.000	559.78	0.0017864	180.60	193.64	0.34811	2.7532	3.1502	576.74	-0.0074748	0.00015022	0.090684	liquid
553.00	73.000	558.89	0.0017892	183.74	196.80	0.35382	2.7564	3.1537	574.39	-0.0072132	0.00014925	0.090533	liquid
554.00	73.000	558.01	0.0017921	186.87	199.95	0.35952	2.7596	3.1572	572.05	-0.0069495	0.00014829	0.090383	liquid
555.00	73.000	557.13	0.0017949	190.01	203.11	0.36521	2.7628	3.1608	569.72	-0.0066837	0.00014733	0.090233	liquid
556.00	73.000	556.24	0.0017978	193.15	206.27	0.37091	2.7660	3.1643	567.39	-0.0064158	0.00014638	0.090084	liquid
557.00	73.000	555.35	0.0018007	196.29	209.44	0.37660	2.7692	3.1678	565.06	-0.0061457	0.00014544	0.089935	liquid
558.00	73.000	554.46	0.0018036	199.44	212.61	0.38228	2.7724	3.1713	562.74	-0.0058735	0.00014450	0.089786	liquid
559.00	73.000	553.57	0.0018065	202.60	215.78	0.38796	2.7755	3.1748	560.42	-0.0055992	0.00014357	0.089637	liquid
560.00	73.000	552.68	0.0018094	205.75	218.96	0.39364	2.7787	3.1783	558.11	-0.0053226	0.00014264	0.089489	liquid
561.00	73.000	551.78	0.0018123	208.91	222.14	0.39931	2.7819	3.1818	555.80	-0.0050438	0.00014172	0.089341	liquid
562.00	73.000	550.88	0.0018153	212.07	225.32	0.40498	2.7850	3.1853	553.50	-0.0047627	0.00014080	0.089194	liquid
563.00	73.000	549.98	0.0018182	215.24	228.51	0.41065	2.7882	3.1888	551.20	-0.0044794	0.00013989	0.089047	liquid
564.00	73.000	549.08	0.0018212	218.41	231.70	0.41631	2.7914	3.1923	548.90	-0.0041937	0.00013898	0.088900	liquid
565.00	73.000	548.18	0.0018242	221.58	234.89	0.42197	2.7945	3.1958	546.61	-0.0039058	0.00013808	0.088754	liquid
566.00	73.000	547.27	0.0018272	224.75	238.09	0.42762	2.7976	3.1993	544.32	-0.0036154	0.00013719	0.088608	liquid
567.00	73.000	546.37	0.0018303	227.93	241.29	0.43328	2.8008	3.2028	542.04	-0.0033227	0.00013630	0.088462	liquid
568.00	73.000	545.46	0.0018333	231.11	244.50	0.43892	2.8039	3.2062	539.76	-0.0030276	0.00013541	0.088317	liquid
569.00	73.000	544.55	0.0018364	234.30	247.71	0.44456	2.8070	3.2097	537.49	-0.0027301	0.00013454	0.088172	liquid
570.00	73.000	543.64	0.0018395	237.49	250.92	0.45020	2.8102	3.2132	535.22	-0.0024301	0.00013366	0.088028	liquid
571.00	73.000	542.72	0.0018426	240.68	254.13	0.45584	2.8133	3.2166	532.96	-0.0021276	0.00013279	0.087884	liquid
572.00	73.000	541.81	0.0018457	243.88	257.35	0.46147	2.8164	3.2201	530.70	-0.0018226	0.00013193	0.087740	liquid
573.00	73.000	540.89	0.0018488	247.08	260.57	0.46710	2.8195	3.2235	528.44	-0.0015150	0.00013107	0.087597	liquid
574.00	73.000	539.97	0.0018520	250.28	263.80	0.47272	2.8226	3.2270	526.19	-0.0012049	0.00013022	0.087454	liquid
575.00	73.000	539.05	0.0018551	253.48	267.03	0.47834	2.8257	3.2304	523.95	-0.00089221	0.00012937	0.087312	liquid
576.00	73.000	538.12	0.0018583	256.69	270.26	0.48396	2.8288	3.2339	521.71	-0.00057688	0.00012853	0.087170	liquid
577.00	73.000	537.20	0.0018615	259.90	273.49	0.48957	2.8319	3.2373	519.47	-0.00025891	0.00012769	0.087028	liquid
578.00	73.000	536.27	0.0018647	263.12	276.73	0.49518	2.8349	3.2407	517.24	6.1748e-05	0.00012686	0.086887	liquid
579.00	73.000	535.34	0.0018680	266.34	279.97	0.50078	2.8380	3.2441	515.01	0.00038511	0.00012603	0.086746	liquid
580.00	73.000	534.41	0.0018712	269.56	283.22	0.50638	2.8411	3.2476	512.79	0.00071120	0.00012521	0.086606	liquid
581.00	73.000	533.47	0.0018745	272.79	286.47	0.51198	2.8442	3.2510	510.58	0.0010401	0.00012439	0.086466	liquid
582.00	73.000	532.54	0.0018778	276.01	289.72	0.51758	2.8472	3.2544	508.37	0.0013717	0.00012357	0.086326	liquid
583.00	73.000	531.60	0.0018811	279.25	292.98	0.52317	2.8503	3.2578	506.16	0.0017062	0.00012276	0.086187	liquid
584.00	73.000	530.66	0.0018844	282.48	296.24	0.52875	2.8533	3.2612	503.96	0.0020435	0.00012196	0.086048	liquid
585.00	73.000	529.72	0.0018878	285.72	299.50	0.53433	2.8564	3.2646	501.76	0.0023837	0.00012116	0.085910	liquid
586.00	73.000	528.77	0.0018912	288.96	302.77	0.53991	2.8594	3.2680	499.57	0.0027268	0.00012036	0.085772	liquid
587.00	73.000	527.83	0.0018946	292.21	306.04	0.54549	2.8624	3.2714	497.38	0.0030729	0.00011957	0.085635	liquid
588.00	73.000	526.88	0.0018980	295.46	309.31	0.55106	2.8655	3.2748	495.20	0.0034219	0.00011879	0.085498	liquid
589.00	73.000	525.93	0.0019014	298.71	312.59	0.55663	2.8685	3.2781	493.03	0.0037739	0.00011801	0.085362	liquid
590.00	73.000	524.98	0.0019048	301.96	315.87	0.56219	2.8715	3.2815	490.86	0.0041289	0.00011723	0.085226	liquid
591.00	73.000	524.02	0.0019083	305.22	319.15	0.56775	2.8745	3.2849	488.69	0.0044870	0.00011646	0.085090	liquid
592.00	73.000	523.07	0.0019118	308.48	322.44	0.57331	2.8776	3.2883	486.53	0.0048482	0.00011569	0.084955	liquid
593.00	73.000	522.11	0.0019153	311.74	325.73	0.57886	2.8806	3.2916	484.38	0.0052125	0.00011493	0.084820	liquid
594.00	73.000	521.15	0.0019188	315.01	329.02	0.58441	2.8836	3.2950	482.23	0.0055800	0.00011417	0.084686	liquid
595.00	73.000	520.19	0.0019224	318.28	332.32	0.58995	2.8866	3.2983	480.08	0.0059506	0.00011341	0.084553	liquid
596.00	73.000	519.22	0.0019260	321.56	335.62	0.59550	2.8896	3.3017	477.95	0.0063244	0.00011266	0.084420	liquid
597.00	73.000	518.26	0.0019295	324.83	338.92	0.60103	2.8925	3.3050	475.81	0.0067015	0.00011192	0.084287	liquid
598.00	73.000	517.29	0.0019332	328.11	342.23	0.60657	2.8955	3.3083	473.68	0.0070819	0.00011118	0.084155	liquid
599.00	73.000	516.32	0.0019368	331.40	345.54	0.61210	2.8985	3.3117	471.56	0.0074656	0.00011044	0.084023	liquid
600.00	73.000	515.34	0.0019405	334.68	348.85	0.61762	2.9015	3.3150	469.45	0.0078526	0.00010971	0.083892	liquid
601.00	73.000	514.37	0.0019441	337.97	352.17	0.62315	2.9044	3.3183	467.34	0.0082430	0.00010898	0.083761	liquid
602.00	73.000	513.39	0.0019478	341.27	355.49	0.62867	2.9074	3.3216	465.23	0.0086368	0.00010825	0.083631	liquid
603.00	73.000	512.41	0.0019516	344.56	358.81	0.63418	2.9104	3.3249	463.13	0.0090340	0.00010753	0.083501	liquid
604.00	73.000	511.43	0.0019553	347.86	362.14	0.63970	2.9133	3.3282	461.04	0.0094347	0.00010681	0.083372	liquid
605.00	73.000	510.45	0.0019591	351.16	365.47	0.64520	2.9163	3.3315	458.95	0.0098388	0.00010610	0.083244	liquid
606.00	73.000	509.46	0.0019629	354.47	368.80	0.65071	2.9192	3.3348	456.87	0.010247	0.00010539	0.083116	liquid
607.00	73.000	508.47	0.0019667	357.78	372.14	0.65621	2.9221	3.3381	454.79	0.010658	0.00010469	0.082988	liquid
608.00	73.000	507.48	0.0019705	361.09	375.48	0.66171	2.9251	3.3414	452.72	0.011073	0.00010399	0.082861	liquid
609.00	73.000	506.49	0.0019744	364.41	378.82	0.66720	2.9280	3.3447	450.66	0.011491	0.00010329	0.082735	liquid
610.00	73.000	505.49	0.0019783	367.72	382.16	0.67269	2.9309	3.3479	448.60	0.011913	0.00010260	0.082609	liquid
611.00	73.000	504.50	0.0019822	371.04	385.51	0.67818	2.9338	3.3512	446.55	0.012339	0.00010191	0.082483	liquid
612.00	73.000	503.50	0.0019861	374.37	388.87	0.68366	2.9368	3.3545	444.50	0.012769	0.00010123	0.082359	liquid
613.00	73.000	502.50	0.0019901	377.70	392.22	0.68914	2.9397	3.3577	442.46	0.013202	0.00010055	0.082234	liquid
614.00	73.000	501.49	0.0019940	381.03	395.58	0.69462	2.9426	3.3610	440.43	0.013639	9.9873e-05	0.082111	liquid
615.00	73.000	500.49	0.0019981	384.36	398.95	0.70009	2.9455	3.3642	438.40	0.014080	9.9200e-05	0.081988	liquid
616.00	73.000	499.48	0.0020021	387.70	402.31	0.70556	2.9484	3.3674	436.38	0.014525	9.8532e-05	0.081865	liquid
617.00	73.000	498.47	0.0020061	391.04	405.68	0.71102	2.9513	3.3707	434.37	0.014974	9.7867e-05	0.081743	liquid
618.00	73.000	497.46	0.0020102	394.38	409.05	0.71648	2.9541	3.3739	432.36	0.015426	9.7206e-05	0.081622	liquid
619.00	73.000	496.44	0.0020143	397.72	412.43	0.72194	2.9570	3.3771	430.36	0.015883	9.6549e-05	0.081501	liquid
620.00	73.000	495.43	0.0020185	401.07	415.81	0.72739	2.9599	3.3803	428.36	0.016343	9.5896e-05	0.081381	liquid
621.00	73.000	494.41	0.0020226	404.42	419.19	0.73284	2.9628	3.3835	426.38	0.016808	9.5247e-05	0.081262	liquid
622.00	73.000	493.39	0.0020268	407.78	422.57	0.73829	2.9656	3.3867	424.39	0.017276	9.4601e-05	0.081143	liquid
623.00	73.000	492.36	0.0020310	411.14	425.96	0.74373	2.9685	3.3899	422.42	0.017749	9.3959e-05	0.081025	liquid
624.00	73.000	491.34	0.0020353	414.50	429.35	0.74917	2.9713	3.3931	420.45	0.018226	9.3321e-05	0.080907	liquid
625.00	73.000	490.31	0.0020395	417.86	432.75	0.75461	2.9742	3.3963	418.49	0.018707	9.2687e-05	0.080790	liquid
626.00	73.000	489.28	0.0020438	421.23	436.15	0.76004	2.9770	3.3994	416.53	0.019192	9.2056e-05	0.080674	liquid
627.00	73.000	488.25	0.0020481	424.60	439.55	0.76547	2.9799	3.4026	414.59	0.019681	9.1429e-05	0.080558	liquid
628.00	73.000	487.21	0.0020525	427.97	442.95	0.77090	2.9827	3.4058	412.64	0.020175	9.0806e-05	0.080443	liquid
629.00	73.000	486.18	0.0020569	431.34	446.36	0.77632	2.9855	3.4089	410.71	0.020673	9.0186e-05	0.080328	liquid
630.00	73.000	485.14	0.0020613	434.72	449.77	0.78173	2.9884	3.4121	408.78	0.021175	8.9570e-05	0.080214	liquid
631.00	73.000	484.10	0.0020657	438.10	453.18	0.78715	2.9912	3.4152	406.86	0.021682	8.8957e-05	0.080101	liquid
632.00	73.000	483.05	0.0020702	441.49	456.60	0.79256	2.9940	3.4183	404.95	0.022193	8.8348e-05	0.079989	liquid
633.00	73.000	482.01	0.0020747	444.87	460.02	0.79797	2.9968	3.4215	403.04	0.022708	8.7743e-05	0.079877	liquid
634.00	73.000	480.96	0.0020792	448.26	463.44	0.80337	2.9996	3.4246	401.14	0.023228	8.7141e-05	0.079766	liquid
635.00	73.000	479.91	0.0020837	451.66	466.87	0.80877	3.0024	3.4277	399.25	0.023752	8.6543e-05	0.079656	liquid
636.00	73.000	478.86	0.0020883	455.05	470.30	0.81417	3.0052	3.4308	397.37	0.024281	8.5949e-05	0.079546	liquid
637.00	73.000	477.80	0.0020929	458.45	473.73	0.81956	3.0080	3.4339	395.49	0.024814	8.5358e-05	0.079437	liquid
638.00	73.000	476.75	0.0020975	461.85	477.17	0.82495	3.0108	3.4370	393.62	0.025352	8.4770e-05	0.079329	liquid
639.00	73.000	475.69	0.0021022	465.26	480.60	0.83033	3.0136	3.4401	391.76	0.025894	8.4186e-05	0.079221	liquid
640.00	73.000	474.63	0.0021069	468.67	484.05	0.83571	3.0164	3.4431	389.90	0.026441	8.3606e-05	0.079114	liquid
641.00	73.000	473.56	0.0021116	472.08	487.49	0.84109	3.0191	3.4462	388.06	0.026993	8.3029e-05	0.079008	liquid
642.00	73.000	472.50	0.0021164	475.49	490.94	0.84647	3.0219	3.4493	386.22	0.027549	8.2455e-05	0.078902	liquid
643.00	73.000	471.43	0.0021212	478.90	494.39	0.85184	3.0247	3.4523	384.38	0.028111	8.1885e-05	0.078798	liquid
644.00	73.000	470.36	0.0021260	482.32	497.84	0.85720	3.0274	3.4554	382.56	0.028677	8.1318e-05	0.078694	liquid
645.00	73.000	469.29	0.0021309	485.74	501.30	0.86257	3.0302	3.4584	380.74	0.029247	8.0755e-05	0.078590	liquid
646.00	73.000	468.22	0.0021358	489.17	504.76	0.86793	3.0329	3.4614	378.93	0.029823	8.0195e-05	0.078488	liquid
647.00	73.000	467.14	0.0021407	492.60	508.22	0.87328	3.0357	3.4645	377.13	0.030403	7.9639e-05	0.078386	liquid
648.00	73.000	466.06	0.0021456	496.03	511.69	0.87864	3.0384	3.4675	375.34	0.030988	7.9086e-05	0.078285	liquid
649.00	73.000	464.98	0.0021506	499.46	515.16	0.88399	3.0411	3.4705	373.55	0.031578	7.8536e-05	0.078185	liquid
650.00	73.000	463.90	0.0021556	502.89	518.63	0.88933	3.0438	3.4735	371.78	0.032173	7.7990e-05	0.078086	liquid
651.00	73.000	462.81	0.0021607	506.33	522.10	0.89467	3.0466	3.4765	370.01	0.032773	7.7447e-05	0.077987	liquid
652.00	73.000	461.73	0.0021658	509.77	525.58	0.90001	3.0493	3.4794	368.24	0.033379	7.6908e-05	0.077889	liquid
653.00	73.000	460.64	0.0021709	513.22	529.06	0.90535	3.0520	3.4824	366.49	0.033989	7.6372e-05	0.077792	liquid
654.00	73.000	459.55	0.0021761	516.66	532.55	0.91068	3.0547	3.4854	364.74	0.034604	7.5839e-05	0.077696	liquid
655.00	73.000	458.45	0.0021812	520.11	536.03	0.91601	3.0574	3.4883	363.01	0.035224	7.5309e-05	0.077600	liquid
656.00	73.000	457.36	0.0021865	523.56	539.52	0.92133	3.0601	3.4913	361.28	0.035849	7.4783e-05	0.077505	liquid
657.00	73.000	456.26	0.0021917	527.02	543.02	0.92665	3.0628	3.4942	359.56	0.036479	7.4260e-05	0.077411	liquid
658.00	73.000	455.16	0.0021970	530.47	546.51	0.93197	3.0655	3.4972	357.84	0.037115	7.3741e-05	0.077318	liquid
659.00	73.000	454.06	0.0022024	533.93	550.01	0.93728	3.0682	3.5001	356.14	0.037756	7.3224e-05	0.077226	supercritical
660.00	73.000	452.96	0.0022077	537.40	553.51	0.94259	3.0708	3.5030	354.44	0.038402	7.2711e-05	0.077135	supercritical
661.00	73.000	451.85	0.0022131	540.86	557.02	0.94790	3.0735	3.5059	352.75	0.039053	7.2202e-05	0.077044	supercritical
662.00	73.000	450.74	0.0022186	544.33	560.52	0.95320	3.0762	3.5088	351.07	0.039709	7.1695e-05	0.076954	supercritical
663.00	73.000	449.63	0.0022240	547.80	564.03	0.95850	3.0788	3.5117	349.40	0.040371	7.1192e-05	0.076865	supercritical
664.00	73.000	448.52	0.0022295	551.27	567.55	0.96379	3.0815	3.5146	347.74	0.041038	7.0692e-05	0.076777	supercritical
665.00	73.000	447.41	0.0022351	554.75	571.06	0.96908	3.0841	3.5174	346.09	0.041711	7.0195e-05	0.076690	supercritical
666.00	73.000	446.29	0.0022407	558.23	574.58	0.97437	3.0868	3.5203	344.44	0.042388	6.9702e-05	0.076604	supercritical
667.00	73.000	445.18	0.0022463	561.71	578.10	0.97965	3.0894	3.5231	342.80	0.043072	6.9211e-05	0.076518	supercritical
668.00	73.000	444.06	0.0022520	565.19	581.63	0.98493	3.0920	3.5260	341.18	0.043760	6.8724e-05	0.076434	supercritical
669.00	73.000	442.94	0.0022577	568.68	585.16	0.99021	3.0947	3.5288	339.56	0.044454	6.8240e-05	0.076350	supercritical
670.00	73.000	441.81	0.0022634	572.16	588.69	0.99548	3.0973	3.5316	337.94	0.045154	6.7760e-05	0.076267	supercritical
671.00	73.000	440.69	0.0022692	575.65	592.22	1.0008	3.0999	3.5345	336.34	0.045859	6.7282e-05	0.076185	supercritical
672.00	73.000	439.56	0.0022750	579.15	595.76	1.0060	3.1025	3.5373	334.75	0.046569	6.6808e-05	0.076104	supercritical
673.00	73.000	438.43	0.0022809	582.64	599.29	1.0113	3.1051	3.5401	333.16	0.047285	6.6336e-05	0.076024	supercritical
674.00	73.000	437.30	0.0022867	586.14	602.84	1.0165	3.1077	3.5429	331.59	0.048007	6.5868e-05	0.075944	supercritical
675.00	73.000	436.17	0.0022927	589.64	606.38	1.0218	3.1103	3.5456	330.02	0.048734	6.5404e-05	0.075866	supercritical
676.00	73.000	435.04	0.0022987	593.15	609.93	1.0270	3.1129	3.5484	328.46	0.049467	6.4942e-05	0.075789	supercritical
677.00	73.000	433.90	0.0023047	596.65	613.48	1.0323	3.1155	3.5512	326.91	0.050205	6.4483e-05	0.075712	supercritical
678.00	73.000	432.76	0.0023107	600.16	617.03	1.0375	3.1181	3.5539	325.37	0.050949	6.4028e-05	0.075636	supercritical
679.00	73.000	431.62	0.0023168	603.67	620.58	1.0428	3.1207	3.5566	323.84	0.051699	6.3575e-05	0.075562	supercritical
680.00	73.000	430.48	0.0023230	607.18	624.14	1.0480	3.1232	3.5594	322.31	0.052454	6.3126e-05	0.075488	supercritical
681.00	73.000	429.34	0.0023292	610.70	627.70	1.0532	3.1258	3.5621	320.80	0.053215	6.2680e-05	0.075415	supercritical
682.00	73.000	428.19	0.0023354	614.22	631.27	1.0585	3.1284	3.5648	319.29	0.053982	6.2237e-05	0.075343	supercritical
683.00	73.000	427.05	0.0023417	617.74	634.83	1.0637	3.1309	3.5675	317.80	0.054754	6.1797e-05	0.075272	supercritical
684.00	73.000	425.90	0.0023480	621.26	638.40	1.0689	3.1335	3.5702	316.31	0.055533	6.1360e-05	0.075202	supercritical
685.00	73.000	424.75	0.0023543	624.79	641.97	1.0741	3.1360	3.5729	314.83	0.056317	6.0926e-05	0.075133	supercritical
686.00	73.000	423.60	0.0023607	628.31	645.55	1.0794	3.1385	3.5755	313.36	0.057106	6.0495e-05	0.075064	supercritical
687.00	73.000	422.45	0.0023672	631.84	649.12	1.0846	3.1411	3.5782	311.90	0.057902	6.0067e-05	0.074997	supercritical
688.00	73.000	421.29	0.0023736	635.38	652.70	1.0898	3.1436	3.5808	310.45	0.058703	5.9643e-05	0.074931	supercritical
689.00	73.000	420.14	0.0023802	638.91	656.29	1.0950	3.1461	3.5835	309.01	0.059510	5.9221e-05	0.074865	supercritical
690.00	73.000	418.98	0.0023867	642.45	659.87	1.1002	3.1486	3.5861	307.57	0.060323	5.8802e-05	0.074801	supercritical
691.00	73.000	417.82	0.0023934	645.99	663.46	1.1054	3.1511	3.5887	306.15	0.061142	5.8387e-05	0.074738	supercritical
692.00	73.000	416.66	0.0024000	649.53	667.05	1.1106	3.1536	3.5913	304.73	0.061966	5.7974e-05	0.074675	supercritical
693.00	73.000	415.50	0.0024067	653.07	670.64	1.1157	3.1561	3.5939	303.33	0.062797	5.7564e-05	0.074614	supercritical
694.00	73.000	414.34	0.0024135	656.62	674.24	1.1209	3.1586	3.5965	301.93	0.063633	5.7158e-05	0.074553	supercritical
695.00	73.000	413.18	0.0024203	660.17	677.83	1.1261	3.1611	3.5991	300.54	0.064475	5.6754e-05	0.074494	supercritical
696.00	73.000	412.01	0.0024271	663.72	681.43	1.1313	3.1636	3.6016	299.16	0.065323	5.6353e-05	0.074435	supercritical
697.00	73.000	410.85	0.0024340	667.27	685.04	1.1365	3.1661	3.6042	297.79	0.066177	5.5956e-05	0.074377	supercritical
698.00	73.000	409.68	0.0024409	670.82	688.64	1.1416	3.1685	3.6067	296.43	0.067036	5.5561e-05	0.074321	supercritical
699.00	73.000	408.51	0.0024479	674.38	692.25	1.1468	3.1710	3.6093	295.08	0.067902	5.5169e-05	0.074265	supercritical
700.00	73.000	407.34	0.0024550	677.94	695.86	1.1520	3.1735	3.6118	293.74	0.068773	5.4781e-05	0.074211	supercritical
