Temperature (K)	Pressure (bar)	Density (kg/m3)	Volume (m3/kg)	Internal Energy (kJ/kg)	Enthalpy (kJ/kg)	Entropy (J/g*K)	Cv (J/g*K)	Cp (J/g*K)	Sound Spd. (m/s)	Joule-Thomson (K/bar)	Viscosity (Pa*s)	Therm. Cond. (W/m*K)	Phase
275.00	142.00	771.61	0.0012960	-547.70	-529.29	-1.4540	1.7438	2.1378	1454.3	-0.045429	0.0026043	0.14541	liquid
276.00	142.00	770.90	0.0012972	-545.57	-527.15	-1.4462	1.7471	2.1405	1450.2	-0.045361	0.0025429	0.14518	liquid
277.00	142.00	770.20	0.0012984	-543.45	-525.01	-1.4385	1.7505	2.1432	1446.1	-0.045292	0.0024838	0.14494	liquid
278.00	142.00	769.50	0.0012995	-541.32	-522.87	-1.4308	1.7539	2.1459	1442.1	-0.045223	0.0024269	0.14470	liquid
279.00	142.00	768.80	0.0013007	-539.19	-520.72	-1.4230	1.7572	2.1487	1438.1	-0.045153	0.0023720	0.14447	liquid
280.00	142.00	768.10	0.0013019	-537.06	-518.57	-1.4154	1.7606	2.1514	1434.0	-0.045083	0.0023191	0.14423	liquid
281.00	142.00	767.40	0.0013031	-534.92	-516.42	-1.4077	1.7640	2.1542	1430.0	-0.045012	0.0022680	0.14400	liquid
282.00	142.00	766.70	0.0013043	-532.78	-514.26	-1.4000	1.7675	2.1570	1426.1	-0.044940	0.0022187	0.14377	liquid
283.00	142.00	766.01	0.0013055	-530.64	-512.10	-1.3924	1.7709	2.1599	1422.1	-0.044868	0.0021711	0.14353	liquid
284.00	142.00	765.31	0.0013067	-528.50	-509.94	-1.3848	1.7743	2.1627	1418.1	-0.044796	0.0021251	0.14330	liquid
285.00	142.00	764.61	0.0013079	-526.35	-507.78	-1.3771	1.7778	2.1656	1414.2	-0.044723	0.0020806	0.14307	liquid
286.00	142.00	763.92	0.0013090	-524.20	-505.61	-1.3696	1.7813	2.1685	1410.2	-0.044649	0.0020376	0.14284	liquid
287.00	142.00	763.22	0.0013102	-522.05	-503.44	-1.3620	1.7847	2.1714	1406.3	-0.044575	0.0019960	0.14261	liquid
288.00	142.00	762.53	0.0013114	-519.89	-501.27	-1.3544	1.7882	2.1743	1402.4	-0.044501	0.0019558	0.14238	liquid
289.00	142.00	761.83	0.0013126	-517.73	-499.09	-1.3469	1.7917	2.1773	1398.5	-0.044426	0.0019168	0.14215	liquid
290.00	142.00	761.14	0.0013138	-515.57	-496.91	-1.3394	1.7952	2.1802	1394.7	-0.044350	0.0018791	0.14192	liquid
291.00	142.00	760.45	0.0013150	-513.40	-494.73	-1.3318	1.7988	2.1832	1390.8	-0.044275	0.0018425	0.14170	liquid
292.00	142.00	759.75	0.0013162	-511.24	-492.55	-1.3244	1.8023	2.1862	1387.0	-0.044198	0.0018071	0.14147	liquid
293.00	142.00	759.06	0.0013174	-509.07	-490.36	-1.3169	1.8059	2.1892	1383.1	-0.044122	0.0017727	0.14124	liquid
294.00	142.00	758.37	0.0013186	-506.89	-488.17	-1.3094	1.8094	2.1923	1379.3	-0.044044	0.0017394	0.14102	liquid
295.00	142.00	757.68	0.0013198	-504.72	-485.97	-1.3020	1.8130	2.1953	1375.5	-0.043967	0.0017071	0.14080	liquid
296.00	142.00	756.99	0.0013210	-502.54	-483.78	-1.2945	1.8166	2.1984	1371.7	-0.043889	0.0016757	0.14057	liquid
297.00	142.00	756.30	0.0013222	-500.35	-481.58	-1.2871	1.8201	2.2015	1368.0	-0.043810	0.0016453	0.14035	liquid
298.00	142.00	755.61	0.0013234	-498.17	-479.37	-1.2797	1.8237	2.2046	1364.2	-0.043732	0.0016157	0.14013	liquid
299.00	142.00	754.93	0.0013246	-495.98	-477.17	-1.2723	1.8273	2.2077	1360.4	-0.043652	0.0015870	0.13990	liquid
300.00	142.00	754.24	0.0013258	-493.79	-474.96	-1.2649	1.8310	2.2108	1356.7	-0.043573	0.0015591	0.13968	liquid
301.00	142.00	753.55	0.0013271	-491.59	-472.75	-1.2576	1.8346	2.2140	1353.0	-0.043493	0.0015320	0.13946	liquid
302.00	142.00	752.86	0.0013283	-489.39	-470.53	-1.2502	1.8382	2.2172	1349.3	-0.043412	0.0015056	0.13924	liquid
303.00	142.00	752.18	0.0013295	-487.19	-468.31	-1.2429	1.8419	2.2203	1345.6	-0.043332	0.0014799	0.13902	liquid
304.00	142.00	751.49	0.0013307	-484.99	-466.09	-1.2356	1.8455	2.2235	1341.9	-0.043251	0.0014550	0.13880	liquid
305.00	142.00	750.81	0.0013319	-482.78	-463.87	-1.2283	1.8492	2.2267	1338.2	-0.043169	0.0014307	0.13858	liquid
306.00	142.00	750.12	0.0013331	-480.57	-461.64	-1.2210	1.8528	2.2300	1334.5	-0.043088	0.0014071	0.13837	liquid
307.00	142.00	749.44	0.0013343	-478.35	-459.41	-1.2137	1.8565	2.2332	1330.9	-0.043005	0.0013841	0.13815	liquid
308.00	142.00	748.75	0.0013356	-476.14	-457.17	-1.2064	1.8602	2.2364	1327.2	-0.042923	0.0013616	0.13793	liquid
309.00	142.00	748.07	0.0013368	-473.91	-454.93	-1.1992	1.8639	2.2397	1323.6	-0.042840	0.0013398	0.13772	liquid
310.00	142.00	747.39	0.0013380	-471.69	-452.69	-1.1919	1.8676	2.2430	1320.0	-0.042757	0.0013186	0.13750	liquid
311.00	142.00	746.70	0.0013392	-469.46	-450.45	-1.1847	1.8713	2.2463	1316.4	-0.042674	0.0012978	0.13729	liquid
312.00	142.00	746.02	0.0013404	-467.23	-448.20	-1.1775	1.8750	2.2496	1312.8	-0.042590	0.0012776	0.13707	liquid
313.00	142.00	745.34	0.0013417	-465.00	-445.95	-1.1703	1.8787	2.2529	1309.2	-0.042506	0.0012579	0.13686	liquid
314.00	142.00	744.66	0.0013429	-462.76	-443.69	-1.1631	1.8824	2.2562	1305.7	-0.042422	0.0012387	0.13664	liquid
315.00	142.00	743.98	0.0013441	-460.52	-441.44	-1.1559	1.8862	2.2596	1302.1	-0.042337	0.0012200	0.13643	liquid
316.00	142.00	743.30	0.0013454	-458.28	-439.17	-1.1487	1.8899	2.2629	1298.6	-0.042253	0.0012017	0.13622	liquid
317.00	142.00	742.62	0.0013466	-456.03	-436.91	-1.1416	1.8936	2.2663	1295.0	-0.042167	0.0011839	0.13601	liquid
318.00	142.00	741.94	0.0013478	-453.78	-434.64	-1.1344	1.8974	2.2696	1291.5	-0.042082	0.0011665	0.13579	liquid
319.00	142.00	741.26	0.0013491	-451.53	-432.37	-1.1273	1.9012	2.2730	1288.0	-0.041996	0.0011495	0.13558	liquid
320.00	142.00	740.58	0.0013503	-449.27	-430.10	-1.1202	1.9049	2.2764	1284.5	-0.041910	0.0011329	0.13537	liquid
321.00	142.00	739.90	0.0013515	-447.01	-427.82	-1.1131	1.9087	2.2798	1281.0	-0.041824	0.0011167	0.13516	liquid
322.00	142.00	739.22	0.0013528	-444.74	-425.54	-1.1060	1.9125	2.2833	1277.5	-0.041738	0.0011008	0.13496	liquid
323.00	142.00	738.54	0.0013540	-442.48	-423.25	-1.0989	1.9162	2.2867	1274.0	-0.041651	0.0010854	0.13475	liquid
324.00	142.00	737.86	0.0013553	-440.21	-420.96	-1.0918	1.9200	2.2901	1270.6	-0.041564	0.0010702	0.13454	liquid
325.00	142.00	737.19	0.0013565	-437.93	-418.67	-1.0848	1.9238	2.2936	1267.1	-0.041477	0.0010555	0.13433	liquid
326.00	142.00	736.51	0.0013578	-435.66	-416.38	-1.0777	1.9276	2.2970	1263.7	-0.041389	0.0010410	0.13412	liquid
327.00	142.00	735.83	0.0013590	-433.37	-414.08	-1.0707	1.9314	2.3005	1260.3	-0.041302	0.0010269	0.13392	liquid
328.00	142.00	735.16	0.0013603	-431.09	-411.77	-1.0636	1.9352	2.3040	1256.9	-0.041214	0.0010131	0.13371	liquid
329.00	142.00	734.48	0.0013615	-428.80	-409.47	-1.0566	1.9390	2.3074	1253.5	-0.041126	0.00099955	0.13350	liquid
330.00	142.00	733.80	0.0013628	-426.51	-407.16	-1.0496	1.9428	2.3109	1250.1	-0.041037	0.00098633	0.13330	liquid
331.00	142.00	733.13	0.0013640	-424.22	-404.85	-1.0426	1.9466	2.3144	1246.7	-0.040949	0.00097339	0.13309	liquid
332.00	142.00	732.45	0.0013653	-421.92	-402.53	-1.0356	1.9504	2.3180	1243.3	-0.040860	0.00096072	0.13289	liquid
333.00	142.00	731.77	0.0013665	-419.62	-400.21	-1.0286	1.9543	2.3215	1239.9	-0.040771	0.00094833	0.13269	liquid
334.00	142.00	731.10	0.0013678	-417.31	-397.89	-1.0217	1.9581	2.3250	1236.6	-0.040682	0.00093619	0.13248	liquid
335.00	142.00	730.42	0.0013691	-415.00	-395.56	-1.0147	1.9619	2.3285	1233.2	-0.040592	0.00092431	0.13228	liquid
336.00	142.00	729.75	0.0013703	-412.69	-393.23	-1.0078	1.9658	2.3321	1229.9	-0.040503	0.00091267	0.13208	liquid
337.00	142.00	729.07	0.0013716	-410.37	-390.90	-1.0008	1.9696	2.3356	1226.6	-0.040413	0.00090127	0.13188	liquid
338.00	142.00	728.40	0.0013729	-408.05	-388.56	-0.99392	1.9734	2.3392	1223.2	-0.040323	0.00089010	0.13167	liquid
339.00	142.00	727.73	0.0013741	-405.73	-386.22	-0.98700	1.9773	2.3428	1219.9	-0.040233	0.00087915	0.13147	liquid
340.00	142.00	727.05	0.0013754	-403.40	-383.87	-0.98009	1.9811	2.3463	1216.6	-0.040142	0.00086843	0.13127	liquid
341.00	142.00	726.38	0.0013767	-401.07	-381.53	-0.97320	1.9850	2.3499	1213.4	-0.040052	0.00085792	0.13107	liquid
342.00	142.00	725.70	0.0013780	-398.74	-379.17	-0.96631	1.9888	2.3535	1210.1	-0.039961	0.00084761	0.13087	liquid
343.00	142.00	725.03	0.0013793	-396.40	-376.82	-0.95943	1.9927	2.3571	1206.8	-0.039870	0.00083751	0.13067	liquid
344.00	142.00	724.36	0.0013805	-394.06	-374.46	-0.95257	1.9965	2.3607	1203.5	-0.039779	0.00082760	0.13047	liquid
345.00	142.00	723.68	0.0013818	-391.72	-372.10	-0.94571	2.0004	2.3643	1200.3	-0.039688	0.00081789	0.13028	liquid
346.00	142.00	723.01	0.0013831	-389.37	-369.73	-0.93886	2.0043	2.3679	1197.1	-0.039596	0.00080836	0.13008	liquid
347.00	142.00	722.34	0.0013844	-387.02	-367.36	-0.93202	2.0081	2.3715	1193.8	-0.039504	0.00079901	0.12988	liquid
348.00	142.00	721.66	0.0013857	-384.66	-364.99	-0.92519	2.0120	2.3752	1190.6	-0.039413	0.00078984	0.12968	liquid
349.00	142.00	720.99	0.0013870	-382.31	-362.61	-0.91837	2.0159	2.3788	1187.4	-0.039320	0.00078084	0.12949	liquid
350.00	142.00	720.32	0.0013883	-379.94	-360.23	-0.91156	2.0197	2.3824	1184.2	-0.039228	0.00077200	0.12929	liquid
351.00	142.00	719.65	0.0013896	-377.58	-357.85	-0.90476	2.0236	2.3861	1181.0	-0.039136	0.00076333	0.12909	liquid
352.00	142.00	718.97	0.0013909	-375.21	-355.46	-0.89796	2.0275	2.3897	1177.8	-0.039043	0.00075482	0.12890	liquid
353.00	142.00	718.30	0.0013922	-372.84	-353.07	-0.89118	2.0313	2.3934	1174.6	-0.038951	0.00074647	0.12870	liquid
354.00	142.00	717.63	0.0013935	-370.46	-350.67	-0.88440	2.0352	2.3971	1171.4	-0.038858	0.00073826	0.12851	liquid
355.00	142.00	716.96	0.0013948	-368.08	-348.27	-0.87764	2.0391	2.4007	1168.3	-0.038765	0.00073020	0.12831	liquid
356.00	142.00	716.29	0.0013961	-365.69	-345.87	-0.87088	2.0430	2.4044	1165.1	-0.038672	0.00072229	0.12812	liquid
357.00	142.00	715.61	0.0013974	-363.31	-343.46	-0.86413	2.0469	2.4081	1162.0	-0.038578	0.00071451	0.12793	liquid
358.00	142.00	714.94	0.0013987	-360.92	-341.05	-0.85739	2.0507	2.4117	1158.8	-0.038485	0.00070687	0.12773	liquid
359.00	142.00	714.27	0.0014000	-358.52	-338.64	-0.85066	2.0546	2.4154	1155.7	-0.038391	0.00069937	0.12754	liquid
360.00	142.00	713.60	0.0014013	-356.12	-336.22	-0.84393	2.0585	2.4191	1152.6	-0.038297	0.00069199	0.12735	liquid
361.00	142.00	712.93	0.0014027	-353.72	-333.80	-0.83722	2.0624	2.4228	1149.5	-0.038203	0.00068474	0.12716	liquid
362.00	142.00	712.25	0.0014040	-351.31	-331.38	-0.83051	2.0663	2.4265	1146.4	-0.038109	0.00067761	0.12697	liquid
363.00	142.00	711.58	0.0014053	-348.90	-328.95	-0.82381	2.0702	2.4302	1143.3	-0.038015	0.00067061	0.12677	liquid
364.00	142.00	710.91	0.0014066	-346.49	-326.52	-0.81712	2.0740	2.4339	1140.2	-0.037921	0.00066372	0.12658	liquid
365.00	142.00	710.24	0.0014080	-344.07	-324.08	-0.81044	2.0779	2.4376	1137.1	-0.037826	0.00065695	0.12639	liquid
366.00	142.00	709.57	0.0014093	-341.65	-321.64	-0.80376	2.0818	2.4413	1134.0	-0.037731	0.00065029	0.12620	liquid
367.00	142.00	708.90	0.0014106	-339.23	-319.20	-0.79710	2.0857	2.4450	1131.0	-0.037636	0.00064374	0.12601	liquid
368.00	142.00	708.23	0.0014120	-336.80	-316.75	-0.79044	2.0896	2.4488	1127.9	-0.037541	0.00063730	0.12582	liquid
369.00	142.00	707.55	0.0014133	-334.37	-314.30	-0.78379	2.0935	2.4525	1124.9	-0.037446	0.00063096	0.12564	liquid
370.00	142.00	706.88	0.0014147	-331.93	-311.85	-0.77715	2.0974	2.4562	1121.8	-0.037351	0.00062473	0.12545	liquid
371.00	142.00	706.21	0.0014160	-329.50	-309.39	-0.77051	2.1013	2.4599	1118.8	-0.037255	0.00061859	0.12526	liquid
372.00	142.00	705.54	0.0014174	-327.05	-306.93	-0.76388	2.1051	2.4637	1115.8	-0.037160	0.00061256	0.12507	liquid
373.00	142.00	704.87	0.0014187	-324.61	-304.46	-0.75727	2.1090	2.4674	1112.7	-0.037064	0.00060661	0.12488	liquid
374.00	142.00	704.20	0.0014201	-322.16	-301.99	-0.75065	2.1129	2.4711	1109.7	-0.036968	0.00060077	0.12470	liquid
375.00	142.00	703.52	0.0014214	-319.70	-299.52	-0.74405	2.1168	2.4749	1106.7	-0.036872	0.00059501	0.12451	liquid
376.00	142.00	702.85	0.0014228	-317.25	-297.04	-0.73746	2.1207	2.4786	1103.7	-0.036776	0.00058934	0.12432	liquid
377.00	142.00	702.18	0.0014241	-314.78	-294.56	-0.73087	2.1246	2.4824	1100.7	-0.036680	0.00058376	0.12414	liquid
378.00	142.00	701.51	0.0014255	-312.32	-292.08	-0.72429	2.1285	2.4861	1097.8	-0.036583	0.00057827	0.12395	liquid
379.00	142.00	700.84	0.0014269	-309.85	-289.59	-0.71771	2.1323	2.4898	1094.8	-0.036486	0.00057286	0.12377	liquid
380.00	142.00	700.17	0.0014282	-307.38	-287.10	-0.71115	2.1362	2.4936	1091.8	-0.036390	0.00056753	0.12358	liquid
381.00	142.00	699.49	0.0014296	-304.90	-284.60	-0.70459	2.1401	2.4973	1088.9	-0.036293	0.00056228	0.12340	liquid
382.00	142.00	698.82	0.0014310	-302.42	-282.10	-0.69804	2.1440	2.5011	1085.9	-0.036196	0.00055711	0.12321	liquid
383.00	142.00	698.15	0.0014324	-299.94	-279.60	-0.69149	2.1479	2.5049	1083.0	-0.036098	0.00055201	0.12303	liquid
384.00	142.00	697.48	0.0014337	-297.45	-277.09	-0.68496	2.1517	2.5086	1080.0	-0.036001	0.00054699	0.12285	liquid
385.00	142.00	696.81	0.0014351	-294.96	-274.58	-0.67843	2.1556	2.5124	1077.1	-0.035904	0.00054205	0.12266	liquid
386.00	142.00	696.13	0.0014365	-292.47	-272.07	-0.67191	2.1595	2.5161	1074.2	-0.035806	0.00053717	0.12248	liquid
387.00	142.00	695.46	0.0014379	-289.97	-269.55	-0.66539	2.1634	2.5199	1071.3	-0.035708	0.00053237	0.12230	liquid
388.00	142.00	694.79	0.0014393	-287.47	-267.03	-0.65888	2.1672	2.5237	1068.4	-0.035610	0.00052764	0.12212	liquid
389.00	142.00	694.12	0.0014407	-284.96	-264.50	-0.65238	2.1711	2.5274	1065.5	-0.035512	0.00052297	0.12193	liquid
390.00	142.00	693.44	0.0014421	-282.45	-261.97	-0.64589	2.1750	2.5312	1062.6	-0.035414	0.00051837	0.12175	liquid
391.00	142.00	692.77	0.0014435	-279.94	-259.44	-0.63940	2.1789	2.5350	1059.7	-0.035316	0.00051383	0.12157	liquid
392.00	142.00	692.10	0.0014449	-277.42	-256.90	-0.63292	2.1827	2.5387	1056.8	-0.035217	0.00050936	0.12139	liquid
393.00	142.00	691.42	0.0014463	-274.90	-254.36	-0.62645	2.1866	2.5425	1053.9	-0.035118	0.00050495	0.12121	liquid
394.00	142.00	690.75	0.0014477	-272.38	-251.82	-0.61998	2.1905	2.5463	1051.1	-0.035020	0.00050060	0.12103	liquid
395.00	142.00	690.08	0.0014491	-269.85	-249.27	-0.61352	2.1943	2.5500	1048.2	-0.034921	0.00049631	0.12085	liquid
396.00	142.00	689.40	0.0014505	-267.32	-246.72	-0.60707	2.1982	2.5538	1045.4	-0.034821	0.00049208	0.12067	liquid
397.00	142.00	688.73	0.0014519	-264.78	-244.16	-0.60063	2.2020	2.5576	1042.5	-0.034722	0.00048791	0.12049	liquid
398.00	142.00	688.06	0.0014534	-262.24	-241.60	-0.59419	2.2059	2.5613	1039.7	-0.034623	0.00048379	0.12031	liquid
399.00	142.00	687.38	0.0014548	-259.70	-239.04	-0.58776	2.2097	2.5651	1036.8	-0.034523	0.00047973	0.12013	liquid
400.00	142.00	686.71	0.0014562	-257.15	-236.47	-0.58133	2.2136	2.5689	1034.0	-0.034423	0.00047572	0.11996	liquid
401.00	142.00	686.03	0.0014577	-254.60	-233.90	-0.57491	2.2174	2.5726	1031.2	-0.034323	0.00047176	0.11978	liquid
402.00	142.00	685.36	0.0014591	-252.05	-231.33	-0.56850	2.2213	2.5764	1028.4	-0.034223	0.00046786	0.11960	liquid
403.00	142.00	684.68	0.0014605	-249.49	-228.75	-0.56209	2.2251	2.5802	1025.6	-0.034123	0.00046401	0.11942	liquid
404.00	142.00	684.01	0.0014620	-246.93	-226.17	-0.55569	2.2290	2.5840	1022.8	-0.034023	0.00046021	0.11925	liquid
405.00	142.00	683.33	0.0014634	-244.36	-223.58	-0.54930	2.2328	2.5877	1020.0	-0.033922	0.00045645	0.11907	liquid
406.00	142.00	682.66	0.0014649	-241.79	-220.99	-0.54292	2.2367	2.5915	1017.2	-0.033822	0.00045275	0.11889	liquid
407.00	142.00	681.98	0.0014663	-239.22	-218.40	-0.53654	2.2405	2.5953	1014.4	-0.033721	0.00044909	0.11872	liquid
408.00	142.00	681.31	0.0014678	-236.64	-215.80	-0.53016	2.2443	2.5990	1011.6	-0.033620	0.00044548	0.11854	liquid
409.00	142.00	680.63	0.0014692	-234.06	-213.20	-0.52379	2.2482	2.6028	1008.9	-0.033518	0.00044191	0.11837	liquid
410.00	142.00	679.96	0.0014707	-231.48	-210.60	-0.51743	2.2520	2.6066	1006.1	-0.033417	0.00043839	0.11819	liquid
411.00	142.00	679.28	0.0014721	-228.89	-207.99	-0.51108	2.2558	2.6104	1003.3	-0.033316	0.00043492	0.11802	liquid
412.00	142.00	678.60	0.0014736	-226.30	-205.38	-0.50473	2.2596	2.6141	1000.6	-0.033214	0.00043148	0.11784	liquid
413.00	142.00	677.93	0.0014751	-223.71	-202.76	-0.49839	2.2635	2.6179	997.85	-0.033112	0.00042809	0.11767	liquid
414.00	142.00	677.25	0.0014766	-221.11	-200.14	-0.49205	2.2673	2.6217	995.11	-0.033010	0.00042474	0.11750	liquid
415.00	142.00	676.57	0.0014780	-218.50	-197.52	-0.48572	2.2711	2.6254	992.38	-0.032908	0.00042143	0.11732	liquid
416.00	142.00	675.89	0.0014795	-215.90	-194.89	-0.47940	2.2749	2.6292	989.66	-0.032805	0.00041816	0.11715	liquid
417.00	142.00	675.22	0.0014810	-213.29	-192.26	-0.47308	2.2787	2.6329	986.94	-0.032703	0.00041493	0.11698	liquid
418.00	142.00	674.54	0.0014825	-210.67	-189.62	-0.46677	2.2825	2.6367	984.23	-0.032600	0.00041174	0.11680	liquid
419.00	142.00	673.86	0.0014840	-208.06	-186.98	-0.46047	2.2863	2.6405	981.52	-0.032497	0.00040858	0.11663	liquid
420.00	142.00	673.18	0.0014855	-205.44	-184.34	-0.45417	2.2901	2.6442	978.82	-0.032394	0.00040547	0.11646	liquid
421.00	142.00	672.50	0.0014870	-202.81	-181.70	-0.44788	2.2939	2.6480	976.13	-0.032291	0.00040239	0.11629	liquid
422.00	142.00	671.82	0.0014885	-200.18	-179.05	-0.44159	2.2977	2.6517	973.44	-0.032187	0.00039934	0.11612	liquid
423.00	142.00	671.15	0.0014900	-197.55	-176.39	-0.43531	2.3015	2.6555	970.75	-0.032084	0.00039633	0.11594	liquid
424.00	142.00	670.47	0.0014915	-194.91	-173.74	-0.42903	2.3053	2.6593	968.08	-0.031980	0.00039336	0.11577	liquid
425.00	142.00	669.79	0.0014930	-192.27	-171.07	-0.42277	2.3091	2.6630	965.41	-0.031876	0.00039042	0.11560	liquid
426.00	142.00	669.11	0.0014945	-189.63	-168.41	-0.41650	2.3128	2.6668	962.74	-0.031772	0.00038751	0.11543	liquid
427.00	142.00	668.43	0.0014961	-186.98	-165.74	-0.41025	2.3166	2.6705	960.08	-0.031667	0.00038464	0.11526	liquid
428.00	142.00	667.74	0.0014976	-184.33	-163.07	-0.40399	2.3204	2.6743	957.43	-0.031563	0.00038180	0.11509	liquid
429.00	142.00	667.06	0.0014991	-181.68	-160.39	-0.39775	2.3242	2.6780	954.78	-0.031458	0.00037899	0.11492	liquid
430.00	142.00	666.38	0.0015006	-179.02	-157.71	-0.39151	2.3279	2.6818	952.14	-0.031353	0.00037621	0.11476	liquid
431.00	142.00	665.70	0.0015022	-176.36	-155.03	-0.38528	2.3317	2.6855	949.51	-0.031248	0.00037347	0.11459	liquid
432.00	142.00	665.02	0.0015037	-173.69	-152.34	-0.37905	2.3354	2.6892	946.88	-0.031142	0.00037075	0.11442	liquid
433.00	142.00	664.34	0.0015053	-171.02	-149.65	-0.37283	2.3392	2.6930	944.25	-0.031037	0.00036806	0.11425	liquid
434.00	142.00	663.65	0.0015068	-168.35	-146.96	-0.36661	2.3429	2.6967	941.63	-0.030931	0.00036540	0.11408	liquid
435.00	142.00	662.97	0.0015084	-165.68	-144.26	-0.36040	2.3467	2.7004	939.02	-0.030825	0.00036278	0.11391	liquid
436.00	142.00	662.29	0.0015099	-162.99	-141.55	-0.35419	2.3504	2.7042	936.41	-0.030718	0.00036018	0.11375	liquid
437.00	142.00	661.60	0.0015115	-160.31	-138.85	-0.34799	2.3542	2.7079	933.81	-0.030612	0.00035760	0.11358	liquid
438.00	142.00	660.92	0.0015130	-157.62	-136.14	-0.34180	2.3579	2.7116	931.22	-0.030505	0.00035506	0.11341	liquid
439.00	142.00	660.24	0.0015146	-154.93	-133.42	-0.33561	2.3616	2.7154	928.62	-0.030398	0.00035254	0.11325	liquid
440.00	142.00	659.55	0.0015162	-152.24	-130.71	-0.32943	2.3654	2.7191	926.04	-0.030291	0.00035005	0.11308	liquid
441.00	142.00	658.87	0.0015178	-149.54	-127.99	-0.32325	2.3691	2.7228	923.46	-0.030184	0.00034758	0.11292	liquid
442.00	142.00	658.18	0.0015193	-146.84	-125.26	-0.31708	2.3728	2.7265	920.89	-0.030077	0.00034514	0.11275	liquid
443.00	142.00	657.50	0.0015209	-144.13	-122.53	-0.31092	2.3765	2.7302	918.32	-0.029969	0.00034273	0.11258	liquid
444.00	142.00	656.81	0.0015225	-141.42	-119.80	-0.30476	2.3802	2.7340	915.76	-0.029861	0.00034034	0.11242	liquid
445.00	142.00	656.12	0.0015241	-138.71	-117.07	-0.29860	2.3839	2.7377	913.20	-0.029753	0.00033797	0.11226	liquid
446.00	142.00	655.44	0.0015257	-135.99	-114.33	-0.29245	2.3876	2.7414	910.65	-0.029644	0.00033563	0.11209	liquid
447.00	142.00	654.75	0.0015273	-133.27	-111.58	-0.28631	2.3913	2.7451	908.10	-0.029535	0.00033332	0.11193	liquid
448.00	142.00	654.06	0.0015289	-130.55	-108.84	-0.28017	2.3950	2.7488	905.56	-0.029426	0.00033102	0.11176	liquid
449.00	142.00	653.38	0.0015305	-127.82	-106.09	-0.27404	2.3987	2.7525	903.03	-0.029317	0.00032875	0.11160	liquid
450.00	142.00	652.69	0.0015321	-125.09	-103.33	-0.26791	2.4024	2.7562	900.50	-0.029208	0.00032650	0.11144	liquid
451.00	142.00	652.00	0.0015337	-122.35	-100.57	-0.26179	2.4061	2.7599	897.97	-0.029098	0.00032428	0.11127	liquid
452.00	142.00	651.31	0.0015354	-119.61	-97.811	-0.25567	2.4098	2.7636	895.46	-0.028988	0.00032207	0.11111	liquid
453.00	142.00	650.62	0.0015370	-116.87	-95.046	-0.24956	2.4135	2.7672	892.94	-0.028878	0.00031989	0.11095	liquid
454.00	142.00	649.93	0.0015386	-114.13	-92.277	-0.24345	2.4171	2.7709	890.43	-0.028768	0.00031773	0.11079	liquid
455.00	142.00	649.24	0.0015403	-111.38	-89.504	-0.23735	2.4208	2.7746	887.93	-0.028657	0.00031559	0.11062	liquid
456.00	142.00	648.55	0.0015419	-108.62	-86.728	-0.23126	2.4244	2.7783	885.43	-0.028546	0.00031347	0.11046	liquid
457.00	142.00	647.86	0.0015435	-105.87	-83.948	-0.22517	2.4281	2.7820	882.94	-0.028435	0.00031138	0.11030	liquid
458.00	142.00	647.17	0.0015452	-103.11	-81.164	-0.21908	2.4318	2.7856	880.46	-0.028324	0.00030930	0.11014	liquid
459.00	142.00	646.48	0.0015468	-100.34	-78.376	-0.21300	2.4354	2.7893	877.98	-0.028212	0.00030724	0.10998	liquid
460.00	142.00	645.78	0.0015485	-97.574	-75.585	-0.20693	2.4390	2.7930	875.50	-0.028100	0.00030520	0.10982	liquid
461.00	142.00	645.09	0.0015502	-94.803	-72.790	-0.20086	2.4427	2.7966	873.03	-0.027988	0.00030318	0.10966	liquid
462.00	142.00	644.40	0.0015518	-92.028	-69.992	-0.19479	2.4463	2.8003	870.56	-0.027875	0.00030118	0.10950	liquid
463.00	142.00	643.71	0.0015535	-89.249	-67.190	-0.18874	2.4499	2.8039	868.10	-0.027763	0.00029920	0.10934	liquid
464.00	142.00	643.01	0.0015552	-86.468	-64.384	-0.18268	2.4536	2.8076	865.65	-0.027649	0.00029724	0.10918	liquid
465.00	142.00	642.32	0.0015569	-83.682	-61.575	-0.17663	2.4572	2.8112	863.20	-0.027536	0.00029529	0.10902	liquid
466.00	142.00	641.62	0.0015585	-80.893	-58.761	-0.17059	2.4608	2.8149	860.76	-0.027423	0.00029336	0.10886	liquid
467.00	142.00	640.93	0.0015602	-78.100	-55.945	-0.16455	2.4644	2.8185	858.32	-0.027309	0.00029145	0.10870	liquid
468.00	142.00	640.23	0.0015619	-75.304	-53.124	-0.15852	2.4680	2.8222	855.88	-0.027195	0.00028956	0.10855	liquid
469.00	142.00	639.54	0.0015636	-72.504	-50.300	-0.15249	2.4716	2.8258	853.45	-0.027080	0.00028769	0.10839	liquid
470.00	142.00	638.84	0.0015653	-69.701	-47.473	-0.14647	2.4752	2.8294	851.03	-0.026965	0.00028583	0.10823	liquid
471.00	142.00	638.14	0.0015670	-66.894	-44.642	-0.14045	2.4788	2.8331	848.61	-0.026850	0.00028399	0.10807	liquid
472.00	142.00	637.45	0.0015688	-64.083	-41.807	-0.13444	2.4824	2.8367	846.20	-0.026735	0.00028216	0.10792	liquid
473.00	142.00	636.75	0.0015705	-61.269	-38.968	-0.12843	2.4860	2.8403	843.79	-0.026619	0.00028035	0.10776	liquid
474.00	142.00	636.05	0.0015722	-58.451	-36.126	-0.12243	2.4896	2.8439	841.39	-0.026503	0.00027856	0.10760	liquid
475.00	142.00	635.35	0.0015739	-55.630	-33.280	-0.11643	2.4931	2.8475	838.99	-0.026387	0.00027678	0.10745	liquid
476.00	142.00	634.65	0.0015757	-52.806	-30.431	-0.11044	2.4967	2.8511	836.60	-0.026271	0.00027502	0.10729	liquid
477.00	142.00	633.95	0.0015774	-49.977	-27.578	-0.10445	2.5003	2.8547	834.21	-0.026154	0.00027328	0.10714	liquid
478.00	142.00	633.25	0.0015792	-47.146	-24.722	-0.098471	2.5038	2.8583	831.83	-0.026037	0.00027155	0.10698	liquid
479.00	142.00	632.55	0.0015809	-44.310	-21.862	-0.092494	2.5074	2.8619	829.45	-0.025919	0.00026983	0.10683	liquid
480.00	142.00	631.85	0.0015827	-41.472	-18.998	-0.086522	2.5109	2.8655	827.08	-0.025801	0.00026813	0.10667	liquid
481.00	142.00	631.15	0.0015844	-38.629	-16.131	-0.080554	2.5145	2.8691	824.71	-0.025683	0.00026644	0.10652	liquid
482.00	142.00	630.45	0.0015862	-35.783	-13.260	-0.074592	2.5180	2.8727	822.35	-0.025565	0.00026477	0.10636	liquid
483.00	142.00	629.74	0.0015880	-32.934	-10.385	-0.068635	2.5215	2.8762	820.00	-0.025446	0.00026312	0.10621	liquid
484.00	142.00	629.04	0.0015897	-30.081	-7.5072	-0.062682	2.5251	2.8798	817.64	-0.025327	0.00026147	0.10605	liquid
485.00	142.00	628.34	0.0015915	-27.225	-4.6256	-0.056734	2.5286	2.8834	815.30	-0.025207	0.00025984	0.10590	liquid
486.00	142.00	627.63	0.0015933	-24.365	-1.7404	-0.050792	2.5321	2.8870	812.96	-0.025088	0.00025823	0.10575	liquid
487.00	142.00	626.93	0.0015951	-21.502	1.1483	-0.044854	2.5356	2.8905	810.62	-0.024967	0.00025662	0.10560	liquid
488.00	142.00	626.22	0.0015969	-18.635	4.0406	-0.038921	2.5391	2.8941	808.29	-0.024847	0.00025503	0.10544	liquid
489.00	142.00	625.52	0.0015987	-15.765	6.9364	-0.032993	2.5426	2.8976	805.96	-0.024726	0.00025346	0.10529	liquid
490.00	142.00	624.81	0.0016005	-12.891	9.8358	-0.027070	2.5461	2.9012	803.64	-0.024605	0.00025190	0.10514	liquid
491.00	142.00	624.10	0.0016023	-10.014	12.739	-0.021152	2.5496	2.9047	801.33	-0.024483	0.00025035	0.10499	liquid
492.00	142.00	623.40	0.0016041	-7.1332	15.645	-0.015238	2.5531	2.9082	799.02	-0.024362	0.00024881	0.10484	liquid
493.00	142.00	622.69	0.0016059	-4.2491	18.555	-0.0093295	2.5566	2.9118	796.71	-0.024239	0.00024728	0.10469	liquid
494.00	142.00	621.98	0.0016078	-1.3615	21.469	-0.0034257	2.5601	2.9153	794.41	-0.024117	0.00024577	0.10454	liquid
495.00	142.00	621.27	0.0016096	1.5295	24.386	0.0024734	2.5636	2.9188	792.12	-0.023994	0.00024427	0.10439	liquid
496.00	142.00	620.56	0.0016114	4.4240	27.306	0.0083676	2.5670	2.9223	789.83	-0.023871	0.00024278	0.10424	liquid
497.00	142.00	619.85	0.0016133	7.3219	30.231	0.014257	2.5705	2.9259	787.54	-0.023747	0.00024130	0.10409	liquid
498.00	142.00	619.14	0.0016151	10.223	33.158	0.020142	2.5740	2.9294	785.26	-0.023623	0.00023984	0.10394	liquid
499.00	142.00	618.43	0.0016170	13.128	36.089	0.026022	2.5774	2.9329	782.98	-0.023499	0.00023839	0.10379	liquid
500.00	142.00	617.72	0.0016189	16.036	39.024	0.031897	2.5809	2.9364	780.71	-0.023374	0.00023694	0.10364	liquid
501.00	142.00	617.01	0.0016207	18.948	41.962	0.037767	2.5843	2.9399	778.45	-0.023249	0.00023551	0.10349	liquid
502.00	142.00	616.30	0.0016226	21.863	44.904	0.043633	2.5877	2.9434	776.19	-0.023123	0.00023410	0.10334	liquid
503.00	142.00	615.58	0.0016245	24.781	47.849	0.049494	2.5912	2.9468	773.93	-0.022997	0.00023269	0.10319	liquid
504.00	142.00	614.87	0.0016264	27.703	50.797	0.055350	2.5946	2.9503	771.68	-0.022871	0.00023129	0.10305	liquid
505.00	142.00	614.16	0.0016283	30.628	53.749	0.061201	2.5980	2.9538	769.44	-0.022744	0.00022990	0.10290	liquid
506.00	142.00	613.44	0.0016302	33.557	56.705	0.067048	2.6014	2.9573	767.20	-0.022617	0.00022853	0.10275	liquid
507.00	142.00	612.73	0.0016321	36.489	59.664	0.072890	2.6048	2.9607	764.96	-0.022490	0.00022716	0.10261	liquid
508.00	142.00	612.01	0.0016340	39.424	62.626	0.078727	2.6082	2.9642	762.73	-0.022362	0.00022581	0.10246	liquid
509.00	142.00	611.29	0.0016359	42.363	65.592	0.084560	2.6117	2.9676	760.51	-0.022234	0.00022446	0.10231	liquid
510.00	142.00	610.58	0.0016378	45.305	68.562	0.090388	2.6150	2.9711	758.29	-0.022105	0.00022313	0.10217	liquid
511.00	142.00	609.86	0.0016397	48.250	71.535	0.096211	2.6184	2.9745	756.08	-0.021976	0.00022181	0.10202	liquid
512.00	142.00	609.14	0.0016417	51.199	74.511	0.10203	2.6218	2.9780	753.87	-0.021846	0.00022049	0.10188	liquid
513.00	142.00	608.42	0.0016436	54.151	77.490	0.10784	2.6252	2.9814	751.66	-0.021716	0.00021919	0.10173	liquid
514.00	142.00	607.70	0.0016455	57.107	80.474	0.11365	2.6286	2.9848	749.46	-0.021586	0.00021789	0.10159	liquid
515.00	142.00	606.98	0.0016475	60.066	83.460	0.11946	2.6319	2.9883	747.27	-0.021455	0.00021661	0.10145	liquid
516.00	142.00	606.26	0.0016494	63.028	86.450	0.12526	2.6353	2.9917	745.08	-0.021324	0.00021533	0.10130	liquid
517.00	142.00	605.54	0.0016514	65.994	89.444	0.13105	2.6387	2.9951	742.89	-0.021193	0.00021407	0.10116	liquid
518.00	142.00	604.82	0.0016534	68.962	92.440	0.13685	2.6420	2.9985	740.71	-0.021061	0.00021281	0.10101	liquid
519.00	142.00	604.10	0.0016554	71.934	95.441	0.14263	2.6454	3.0019	738.54	-0.020928	0.00021157	0.10087	liquid
520.00	142.00	603.38	0.0016573	74.910	98.444	0.14841	2.6487	3.0053	736.37	-0.020795	0.00021033	0.10073	liquid
521.00	142.00	602.65	0.0016593	77.889	101.45	0.15419	2.6520	3.0087	734.21	-0.020662	0.00020910	0.10059	liquid
522.00	142.00	601.93	0.0016613	80.871	104.46	0.15996	2.6554	3.0121	732.05	-0.020528	0.00020788	0.10045	liquid
523.00	142.00	601.21	0.0016633	83.856	107.48	0.16573	2.6587	3.0155	729.89	-0.020394	0.00020667	0.10030	liquid
524.00	142.00	600.48	0.0016653	86.845	110.49	0.17149	2.6620	3.0188	727.75	-0.020260	0.00020546	0.10016	liquid
525.00	142.00	599.76	0.0016673	89.837	113.51	0.17725	2.6653	3.0222	725.60	-0.020125	0.00020427	0.10002	liquid
526.00	142.00	599.03	0.0016694	92.832	116.54	0.18301	2.6686	3.0256	723.46	-0.019989	0.00020308	0.099881	liquid
527.00	142.00	598.30	0.0016714	95.830	119.56	0.18876	2.6720	3.0289	721.33	-0.019853	0.00020191	0.099741	liquid
528.00	142.00	597.58	0.0016734	98.832	122.59	0.19450	2.6753	3.0323	719.20	-0.019717	0.00020074	0.099601	liquid
529.00	142.00	596.85	0.0016755	101.84	125.63	0.20024	2.6785	3.0356	717.08	-0.019580	0.00019958	0.099461	liquid
530.00	142.00	596.12	0.0016775	104.85	128.67	0.20598	2.6818	3.0390	714.96	-0.019443	0.00019843	0.099322	liquid
531.00	142.00	595.39	0.0016796	107.86	131.71	0.21171	2.6851	3.0423	712.85	-0.019305	0.00019728	0.099183	liquid
532.00	142.00	594.66	0.0016816	110.87	134.75	0.21744	2.6884	3.0456	710.74	-0.019167	0.00019615	0.099044	liquid
533.00	142.00	593.93	0.0016837	113.89	137.80	0.22316	2.6917	3.0490	708.64	-0.019028	0.00019502	0.098906	liquid
534.00	142.00	593.20	0.0016858	116.91	140.85	0.22888	2.6949	3.0523	706.54	-0.018889	0.00019390	0.098768	liquid
535.00	142.00	592.47	0.0016878	119.94	143.90	0.23459	2.6982	3.0556	704.45	-0.018749	0.00019279	0.098631	liquid
536.00	142.00	591.74	0.0016899	122.96	146.96	0.24030	2.7015	3.0589	702.36	-0.018609	0.00019168	0.098493	liquid
537.00	142.00	591.01	0.0016920	125.99	150.02	0.24601	2.7047	3.0622	700.28	-0.018468	0.00019059	0.098356	liquid
538.00	142.00	590.27	0.0016941	129.03	153.08	0.25171	2.7079	3.0655	698.20	-0.018327	0.00018950	0.098220	liquid
539.00	142.00	589.54	0.0016962	132.06	156.15	0.25740	2.7112	3.0688	696.13	-0.018186	0.00018842	0.098083	liquid
540.00	142.00	588.80	0.0016984	135.11	159.22	0.26309	2.7144	3.0721	694.06	-0.018044	0.00018734	0.097948	liquid
541.00	142.00	588.07	0.0017005	138.15	162.30	0.26878	2.7177	3.0754	692.00	-0.017901	0.00018627	0.097812	liquid
542.00	142.00	587.33	0.0017026	141.20	165.37	0.27446	2.7209	3.0786	689.95	-0.017758	0.00018521	0.097677	liquid
543.00	142.00	586.60	0.0017047	144.25	168.45	0.28014	2.7241	3.0819	687.90	-0.017615	0.00018416	0.097542	liquid
544.00	142.00	585.86	0.0017069	147.30	171.54	0.28581	2.7273	3.0852	685.85	-0.017471	0.00018312	0.097407	liquid
545.00	142.00	585.12	0.0017090	150.35	174.62	0.29148	2.7305	3.0884	683.81	-0.017326	0.00018208	0.097273	liquid
546.00	142.00	584.39	0.0017112	153.41	177.71	0.29715	2.7337	3.0917	681.77	-0.017181	0.00018105	0.097139	liquid
547.00	142.00	583.65	0.0017134	156.48	180.81	0.30281	2.7369	3.0949	679.74	-0.017036	0.00018002	0.097006	liquid
548.00	142.00	582.91	0.0017155	159.54	183.90	0.30846	2.7401	3.0981	677.72	-0.016890	0.00017901	0.096873	liquid
549.00	142.00	582.17	0.0017177	162.61	187.00	0.31412	2.7433	3.1014	675.70	-0.016744	0.00017799	0.096740	liquid
550.00	142.00	581.43	0.0017199	165.68	190.11	0.31976	2.7465	3.1046	673.69	-0.016597	0.00017699	0.096608	liquid
551.00	142.00	580.69	0.0017221	168.76	193.21	0.32540	2.7496	3.1078	671.68	-0.016449	0.00017599	0.096476	liquid
552.00	142.00	579.95	0.0017243	171.84	196.32	0.33104	2.7528	3.1110	669.67	-0.016301	0.00017500	0.096344	liquid
553.00	142.00	579.21	0.0017265	174.92	199.43	0.33668	2.7560	3.1142	667.67	-0.016153	0.00017402	0.096213	liquid
554.00	142.00	578.46	0.0017287	178.00	202.55	0.34231	2.7591	3.1174	665.68	-0.016004	0.00017304	0.096082	liquid
555.00	142.00	577.72	0.0017309	181.09	205.67	0.34793	2.7623	3.1206	663.69	-0.015854	0.00017207	0.095951	liquid
556.00	142.00	576.98	0.0017332	184.18	208.79	0.35355	2.7654	3.1238	661.71	-0.015704	0.00017110	0.095821	liquid
557.00	142.00	576.23	0.0017354	187.27	211.92	0.35917	2.7686	3.1270	659.73	-0.015554	0.00017015	0.095691	liquid
558.00	142.00	575.49	0.0017377	190.37	215.05	0.36478	2.7717	3.1301	657.76	-0.015403	0.00016919	0.095561	liquid
559.00	142.00	574.74	0.0017399	193.47	218.18	0.37039	2.7748	3.1333	655.80	-0.015251	0.00016825	0.095432	liquid
560.00	142.00	574.00	0.0017422	196.57	221.31	0.37599	2.7780	3.1365	653.84	-0.015099	0.00016731	0.095304	liquid
561.00	142.00	573.25	0.0017444	199.68	224.45	0.38159	2.7811	3.1396	651.88	-0.014947	0.00016637	0.095175	liquid
562.00	142.00	572.50	0.0017467	202.79	227.59	0.38718	2.7842	3.1428	649.93	-0.014793	0.00016545	0.095047	liquid
563.00	142.00	571.75	0.0017490	205.90	230.74	0.39277	2.7873	3.1459	647.98	-0.014640	0.00016453	0.094920	liquid
564.00	142.00	571.01	0.0017513	209.01	233.88	0.39836	2.7904	3.1490	646.04	-0.014486	0.00016361	0.094792	liquid
565.00	142.00	570.26	0.0017536	212.13	237.03	0.40394	2.7935	3.1522	644.11	-0.014331	0.00016270	0.094666	liquid
566.00	142.00	569.51	0.0017559	215.25	240.19	0.40952	2.7966	3.1553	642.18	-0.014176	0.00016180	0.094539	liquid
567.00	142.00	568.76	0.0017582	218.38	243.34	0.41509	2.7997	3.1584	640.26	-0.014020	0.00016090	0.094413	liquid
568.00	142.00	568.01	0.0017605	221.50	246.50	0.42066	2.8028	3.1615	638.34	-0.013864	0.00016001	0.094287	liquid
569.00	142.00	567.25	0.0017629	224.63	249.67	0.42622	2.8059	3.1646	636.43	-0.013707	0.00015912	0.094162	liquid
570.00	142.00	566.50	0.0017652	227.77	252.83	0.43178	2.8089	3.1677	634.52	-0.013549	0.00015824	0.094037	liquid
571.00	142.00	565.75	0.0017676	230.90	256.00	0.43734	2.8120	3.1708	632.62	-0.013391	0.00015736	0.093913	liquid
572.00	142.00	565.00	0.0017699	234.04	259.17	0.44289	2.8150	3.1739	630.73	-0.013233	0.00015649	0.093789	liquid
573.00	142.00	564.24	0.0017723	237.18	262.35	0.44843	2.8181	3.1770	628.84	-0.013074	0.00015563	0.093665	liquid
574.00	142.00	563.49	0.0017747	240.33	265.53	0.45398	2.8212	3.1800	626.95	-0.012915	0.00015477	0.093541	liquid
575.00	142.00	562.73	0.0017770	243.48	268.71	0.45951	2.8242	3.1831	625.07	-0.012755	0.00015392	0.093419	liquid
576.00	142.00	561.98	0.0017794	246.63	271.89	0.46505	2.8272	3.1861	623.20	-0.012594	0.00015307	0.093296	liquid
577.00	142.00	561.22	0.0017818	249.78	275.08	0.47058	2.8303	3.1892	621.33	-0.012433	0.00015222	0.093174	liquid
578.00	142.00	560.47	0.0017842	252.94	278.27	0.47610	2.8333	3.1922	619.47	-0.012271	0.00015139	0.093052	liquid
579.00	142.00	559.71	0.0017866	256.10	281.47	0.48162	2.8363	3.1953	617.61	-0.012109	0.00015055	0.092931	liquid
580.00	142.00	558.95	0.0017891	259.26	284.66	0.48714	2.8393	3.1983	615.76	-0.011946	0.00014973	0.092810	liquid
581.00	142.00	558.19	0.0017915	262.42	287.86	0.49265	2.8423	3.2013	613.91	-0.011783	0.00014891	0.092690	liquid
582.00	142.00	557.44	0.0017939	265.59	291.07	0.49816	2.8454	3.2043	612.07	-0.011619	0.00014809	0.092569	liquid
583.00	142.00	556.68	0.0017964	268.76	294.27	0.50366	2.8484	3.2073	610.24	-0.011455	0.00014728	0.092450	liquid
584.00	142.00	555.92	0.0017988	271.94	297.48	0.50916	2.8513	3.2103	608.41	-0.011290	0.00014647	0.092331	liquid
585.00	142.00	555.16	0.0018013	275.11	300.69	0.51466	2.8543	3.2133	606.59	-0.011124	0.00014567	0.092212	liquid
586.00	142.00	554.39	0.0018038	278.29	303.91	0.52015	2.8573	3.2163	604.77	-0.010958	0.00014487	0.092093	liquid
587.00	142.00	553.63	0.0018062	281.48	307.13	0.52563	2.8603	3.2193	602.96	-0.010792	0.00014408	0.091975	liquid
588.00	142.00	552.87	0.0018087	284.66	310.35	0.53112	2.8633	3.2222	601.15	-0.010625	0.00014329	0.091858	liquid
589.00	142.00	552.11	0.0018112	287.85	313.57	0.53659	2.8662	3.2252	599.35	-0.010457	0.00014251	0.091741	liquid
590.00	142.00	551.35	0.0018137	291.04	316.80	0.54207	2.8692	3.2281	597.56	-0.010289	0.00014174	0.091624	liquid
591.00	142.00	550.58	0.0018163	294.24	320.03	0.54754	2.8722	3.2311	595.77	-0.010120	0.00014096	0.091508	liquid
592.00	142.00	549.82	0.0018188	297.43	323.26	0.55300	2.8751	3.2340	593.99	-0.0099509	0.00014020	0.091392	liquid
593.00	142.00	549.05	0.0018213	300.63	326.49	0.55846	2.8781	3.2370	592.21	-0.0097811	0.00013943	0.091277	liquid
594.00	142.00	548.29	0.0018239	303.83	329.73	0.56392	2.8810	3.2399	590.44	-0.0096108	0.00013868	0.091162	liquid
595.00	142.00	547.52	0.0018264	307.04	332.97	0.56937	2.8839	3.2428	588.67	-0.0094399	0.00013792	0.091047	liquid
596.00	142.00	546.76	0.0018290	310.25	336.22	0.57482	2.8869	3.2457	586.91	-0.0092685	0.00013717	0.090933	liquid
597.00	142.00	545.99	0.0018315	313.46	339.47	0.58026	2.8898	3.2486	585.16	-0.0090965	0.00013643	0.090820	liquid
598.00	142.00	545.22	0.0018341	316.67	342.72	0.58570	2.8927	3.2515	583.41	-0.0089240	0.00013569	0.090706	liquid
599.00	142.00	544.45	0.0018367	319.89	345.97	0.59114	2.8956	3.2544	581.67	-0.0087510	0.00013495	0.090594	liquid
600.00	142.00	543.69	0.0018393	323.11	349.22	0.59657	2.8985	3.2573	579.93	-0.0085774	0.00013422	0.090481	liquid
601.00	142.00	542.92	0.0018419	326.33	352.48	0.60199	2.9014	3.2602	578.20	-0.0084033	0.00013350	0.090370	liquid
602.00	142.00	542.15	0.0018445	329.55	355.74	0.60742	2.9043	3.2630	576.48	-0.0082287	0.00013278	0.090258	liquid
603.00	142.00	541.38	0.0018471	332.78	359.01	0.61284	2.9072	3.2659	574.76	-0.0080535	0.00013206	0.090147	liquid
604.00	142.00	540.61	0.0018498	336.01	362.28	0.61825	2.9101	3.2688	573.05	-0.0078778	0.00013134	0.090037	liquid
605.00	142.00	539.84	0.0018524	339.24	365.55	0.62366	2.9130	3.2716	571.34	-0.0077016	0.00013064	0.089927	liquid
606.00	142.00	539.07	0.0018551	342.48	368.82	0.62906	2.9159	3.2744	569.64	-0.0075249	0.00012993	0.089817	liquid
607.00	142.00	538.29	0.0018577	345.72	372.10	0.63447	2.9187	3.2773	567.94	-0.0073476	0.00012923	0.089708	liquid
608.00	142.00	537.52	0.0018604	348.96	375.37	0.63986	2.9216	3.2801	566.26	-0.0071698	0.00012854	0.089600	liquid
609.00	142.00	536.75	0.0018631	352.20	378.66	0.64526	2.9245	3.2829	564.57	-0.0069915	0.00012784	0.089491	liquid
610.00	142.00	535.98	0.0018658	355.45	381.94	0.65064	2.9273	3.2857	562.90	-0.0068126	0.00012716	0.089384	liquid
611.00	142.00	535.20	0.0018684	358.70	385.23	0.65603	2.9302	3.2885	561.22	-0.0066333	0.00012647	0.089277	liquid
612.00	142.00	534.43	0.0018712	361.95	388.52	0.66141	2.9330	3.2913	559.56	-0.0064534	0.00012579	0.089170	liquid
613.00	142.00	533.66	0.0018739	365.20	391.81	0.66678	2.9359	3.2941	557.90	-0.0062730	0.00012512	0.089064	liquid
614.00	142.00	532.88	0.0018766	368.46	395.11	0.67216	2.9387	3.2969	556.25	-0.0060921	0.00012445	0.088958	liquid
615.00	142.00	532.11	0.0018793	371.72	398.40	0.67752	2.9415	3.2996	554.60	-0.0059107	0.00012378	0.088852	liquid
616.00	142.00	531.33	0.0018821	374.98	401.70	0.68289	2.9443	3.3024	552.96	-0.0057287	0.00012312	0.088748	liquid
617.00	142.00	530.55	0.0018848	378.24	405.01	0.68825	2.9472	3.3052	551.33	-0.0055463	0.00012246	0.088643	liquid
618.00	142.00	529.78	0.0018876	381.51	408.31	0.69360	2.9500	3.3079	549.70	-0.0053634	0.00012181	0.088540	liquid
619.00	142.00	529.00	0.0018904	384.78	411.62	0.69895	2.9528	3.3106	548.08	-0.0051799	0.00012115	0.088436	liquid
620.00	142.00	528.22	0.0018931	388.05	414.94	0.70430	2.9556	3.3134	546.46	-0.0049960	0.00012051	0.088333	liquid
621.00	142.00	527.45	0.0018959	391.33	418.25	0.70964	2.9584	3.3161	544.85	-0.0048116	0.00011986	0.088231	liquid
622.00	142.00	526.67	0.0018987	394.61	421.57	0.71498	2.9612	3.3188	543.25	-0.0046267	0.00011923	0.088129	liquid
623.00	142.00	525.89	0.0019015	397.89	424.89	0.72031	2.9640	3.3215	541.65	-0.0044413	0.00011859	0.088028	liquid
624.00	142.00	525.11	0.0019044	401.17	428.21	0.72564	2.9667	3.3242	540.06	-0.0042554	0.00011796	0.087927	liquid
625.00	142.00	524.33	0.0019072	404.45	431.54	0.73096	2.9695	3.3269	538.47	-0.0040690	0.00011733	0.087826	liquid
626.00	142.00	523.55	0.0019100	407.74	434.87	0.73629	2.9723	3.3296	536.89	-0.0038822	0.00011671	0.087727	liquid
627.00	142.00	522.77	0.0019129	411.03	438.20	0.74160	2.9751	3.3323	535.32	-0.0036949	0.00011609	0.087627	liquid
628.00	142.00	521.99	0.0019157	414.33	441.53	0.74692	2.9778	3.3349	533.75	-0.0035071	0.00011547	0.087528	liquid
629.00	142.00	521.21	0.0019186	417.62	444.87	0.75222	2.9806	3.3376	532.19	-0.0033189	0.00011486	0.087430	liquid
630.00	142.00	520.43	0.0019215	420.92	448.20	0.75753	2.9833	3.3402	530.64	-0.0031301	0.00011425	0.087332	liquid
631.00	142.00	519.65	0.0019244	424.22	451.55	0.76283	2.9861	3.3429	529.09	-0.0029410	0.00011364	0.087235	liquid
632.00	142.00	518.87	0.0019273	427.52	454.89	0.76812	2.9888	3.3455	527.55	-0.0027513	0.00011304	0.087138	liquid
633.00	142.00	518.08	0.0019302	430.83	458.24	0.77341	2.9915	3.3481	526.01	-0.0025612	0.00011245	0.087042	liquid
634.00	142.00	517.30	0.0019331	434.14	461.59	0.77870	2.9943	3.3508	524.48	-0.0023707	0.00011185	0.086946	liquid
635.00	142.00	516.52	0.0019360	437.45	464.94	0.78398	2.9970	3.3534	522.96	-0.0021797	0.00011126	0.086851	liquid
636.00	142.00	515.74	0.0019390	440.76	468.29	0.78926	2.9997	3.3560	521.44	-0.0019883	0.00011067	0.086756	liquid
637.00	142.00	514.95	0.0019419	444.08	471.65	0.79454	3.0024	3.3586	519.93	-0.0017965	0.00011009	0.086662	liquid
638.00	142.00	514.17	0.0019449	447.39	475.01	0.79981	3.0051	3.3612	518.43	-0.0016042	0.00010951	0.086568	liquid
639.00	142.00	513.39	0.0019478	450.71	478.37	0.80507	3.0078	3.3637	516.93	-0.0014115	0.00010893	0.086475	liquid
640.00	142.00	512.60	0.0019508	454.04	481.74	0.81034	3.0105	3.3663	515.44	-0.0012184	0.00010836	0.086382	liquid
641.00	142.00	511.82	0.0019538	457.36	485.11	0.81559	3.0132	3.3689	513.95	-0.0010249	0.00010779	0.086290	liquid
642.00	142.00	511.03	0.0019568	460.69	488.48	0.82085	3.0159	3.3714	512.47	-0.00083091	0.00010722	0.086198	liquid
643.00	142.00	510.25	0.0019598	464.02	491.85	0.82610	3.0186	3.3740	511.00	-0.00063656	0.00010666	0.086107	liquid
644.00	142.00	509.46	0.0019628	467.35	495.22	0.83134	3.0213	3.3765	509.54	-0.00044180	0.00010610	0.086017	liquid
645.00	142.00	508.68	0.0019659	470.69	498.60	0.83658	3.0239	3.3791	508.08	-0.00024665	0.00010555	0.085927	liquid
646.00	142.00	507.89	0.0019689	474.02	501.98	0.84182	3.0266	3.3816	506.62	-5.1112e-05	0.00010499	0.085837	liquid
647.00	142.00	507.11	0.0019720	477.36	505.36	0.84705	3.0293	3.3841	505.18	0.00014481	0.00010444	0.085749	liquid
648.00	142.00	506.32	0.0019750	480.70	508.75	0.85228	3.0319	3.3866	503.74	0.00034112	0.00010390	0.085660	liquid
649.00	142.00	505.54	0.0019781	484.05	512.14	0.85751	3.0346	3.3891	502.30	0.00053780	0.00010336	0.085572	liquid
650.00	142.00	504.75	0.0019812	487.40	515.53	0.86273	3.0372	3.3916	500.87	0.00073485	0.00010282	0.085485	liquid
651.00	142.00	503.96	0.0019843	490.74	518.92	0.86794	3.0398	3.3941	499.45	0.00093227	0.00010228	0.085398	liquid
652.00	142.00	503.18	0.0019874	494.10	522.32	0.87315	3.0425	3.3965	498.04	0.0011300	0.00010175	0.085312	liquid
653.00	142.00	502.39	0.0019905	497.45	525.71	0.87836	3.0451	3.3990	496.63	0.0013282	0.00010122	0.085227	liquid
654.00	142.00	501.60	0.0019936	500.81	529.11	0.88356	3.0477	3.4015	495.23	0.0015266	0.00010069	0.085142	liquid
655.00	142.00	500.82	0.0019967	504.16	532.52	0.88876	3.0504	3.4039	493.83	0.0017254	0.00010017	0.085057	liquid
656.00	142.00	500.03	0.0019999	507.52	535.92	0.89396	3.0530	3.4064	492.44	0.0019246	9.9649e-05	0.084973	liquid
657.00	142.00	499.24	0.0020030	510.89	539.33	0.89915	3.0556	3.4088	491.06	0.0021241	9.9132e-05	0.084890	liquid
658.00	142.00	498.45	0.0020062	514.25	542.74	0.90433	3.0582	3.4112	489.68	0.0023239	9.8618e-05	0.084807	liquid
659.00	142.00	497.67	0.0020094	517.62	546.15	0.90952	3.0608	3.4136	488.31	0.0025240	9.8108e-05	0.084725	supercritical
660.00	142.00	496.88	0.0020126	520.99	549.57	0.91469	3.0634	3.4160	486.95	0.0027244	9.7601e-05	0.084643	supercritical
661.00	142.00	496.09	0.0020158	524.36	552.98	0.91987	3.0660	3.4184	485.59	0.0029251	9.7097e-05	0.084562	supercritical
662.00	142.00	495.30	0.0020190	527.73	556.40	0.92504	3.0685	3.4208	484.24	0.0031261	9.6596e-05	0.084481	supercritical
663.00	142.00	494.52	0.0020222	531.11	559.83	0.93020	3.0711	3.4232	482.90	0.0033274	9.6098e-05	0.084401	supercritical
664.00	142.00	493.73	0.0020254	534.49	563.25	0.93536	3.0737	3.4256	481.56	0.0035290	9.5603e-05	0.084322	supercritical
665.00	142.00	492.94	0.0020286	537.87	566.68	0.94052	3.0763	3.4280	480.23	0.0037309	9.5111e-05	0.084243	supercritical
666.00	142.00	492.15	0.0020319	541.25	570.11	0.94567	3.0788	3.4303	478.91	0.0039331	9.4622e-05	0.084164	supercritical
667.00	142.00	491.36	0.0020352	544.64	573.54	0.95082	3.0814	3.4327	477.59	0.0041355	9.4136e-05	0.084087	supercritical
668.00	142.00	490.58	0.0020384	548.03	576.97	0.95597	3.0839	3.4350	476.28	0.0043381	9.3653e-05	0.084009	supercritical
669.00	142.00	489.79	0.0020417	551.42	580.41	0.96111	3.0865	3.4374	474.97	0.0045410	9.3173e-05	0.083933	supercritical
670.00	142.00	489.00	0.0020450	554.81	583.85	0.96624	3.0890	3.4397	473.67	0.0047442	9.2696e-05	0.083857	supercritical
671.00	142.00	488.21	0.0020483	558.20	587.29	0.97137	3.0916	3.4420	472.38	0.0049476	9.2222e-05	0.083781	supercritical
672.00	142.00	487.42	0.0020516	561.60	590.73	0.97650	3.0941	3.4443	471.09	0.0051512	9.1751e-05	0.083706	supercritical
673.00	142.00	486.64	0.0020549	565.00	594.18	0.98162	3.0966	3.4466	469.81	0.0053551	9.1283e-05	0.083632	supercritical
674.00	142.00	485.85	0.0020583	568.40	597.62	0.98674	3.0992	3.4489	468.54	0.0055591	9.0818e-05	0.083558	supercritical
675.00	142.00	485.06	0.0020616	571.80	601.07	0.99186	3.1017	3.4512	467.27	0.0057634	9.0356e-05	0.083485	supercritical
676.00	142.00	484.27	0.0020650	575.20	604.53	0.99697	3.1042	3.4535	466.01	0.0059679	8.9896e-05	0.083413	supercritical
677.00	142.00	483.48	0.0020683	578.61	607.98	1.0021	3.1067	3.4557	464.76	0.0061725	8.9440e-05	0.083340	supercritical
678.00	142.00	482.70	0.0020717	582.02	611.44	1.0072	3.1092	3.4580	463.51	0.0063774	8.8986e-05	0.083269	supercritical
679.00	142.00	481.91	0.0020751	585.43	614.90	1.0123	3.1117	3.4602	462.27	0.0065824	8.8535e-05	0.083198	supercritical
680.00	142.00	481.12	0.0020785	588.84	618.36	1.0174	3.1142	3.4625	461.04	0.0067876	8.8087e-05	0.083128	supercritical
681.00	142.00	480.33	0.0020819	592.26	621.82	1.0225	3.1167	3.4647	459.81	0.0069930	8.7641e-05	0.083058	supercritical
682.00	142.00	479.55	0.0020853	595.68	625.29	1.0275	3.1192	3.4670	458.59	0.0071985	8.7199e-05	0.082989	supercritical
683.00	142.00	478.76	0.0020887	599.10	628.76	1.0326	3.1216	3.4692	457.37	0.0074042	8.6759e-05	0.082921	supercritical
684.00	142.00	477.97	0.0020922	602.52	632.23	1.0377	3.1241	3.4714	456.16	0.0076100	8.6322e-05	0.082853	supercritical
685.00	142.00	477.18	0.0020956	605.94	635.70	1.0428	3.1266	3.4736	454.96	0.0078159	8.5888e-05	0.082785	supercritical
686.00	142.00	476.40	0.0020991	609.37	639.17	1.0478	3.1290	3.4758	453.77	0.0080220	8.5456e-05	0.082719	supercritical
687.00	142.00	475.61	0.0021026	612.79	642.65	1.0529	3.1315	3.4780	452.58	0.0082282	8.5028e-05	0.082653	supercritical
688.00	142.00	474.83	0.0021060	616.22	646.13	1.0580	3.1339	3.4802	451.39	0.0084345	8.4601e-05	0.082587	supercritical
689.00	142.00	474.04	0.0021095	619.66	649.61	1.0630	3.1364	3.4823	450.22	0.0086409	8.4178e-05	0.082522	supercritical
690.00	142.00	473.25	0.0021130	623.09	653.09	1.0681	3.1388	3.4845	449.05	0.0088474	8.3757e-05	0.082458	supercritical
691.00	142.00	472.47	0.0021166	626.52	656.58	1.0731	3.1413	3.4867	447.88	0.0090540	8.3339e-05	0.082394	supercritical
692.00	142.00	471.68	0.0021201	629.96	660.07	1.0782	3.1437	3.4888	446.72	0.0092606	8.2924e-05	0.082331	supercritical
693.00	142.00	470.90	0.0021236	633.40	663.56	1.0832	3.1461	3.4909	445.57	0.0094674	8.2511e-05	0.082268	supercritical
694.00	142.00	470.11	0.0021272	636.84	667.05	1.0882	3.1486	3.4931	444.43	0.0096742	8.2101e-05	0.082206	supercritical
695.00	142.00	469.33	0.0021307	640.29	670.54	1.0933	3.1510	3.4952	443.29	0.0098811	8.1693e-05	0.082145	supercritical
696.00	142.00	468.54	0.0021343	643.73	674.04	1.0983	3.1534	3.4973	442.16	0.010088	8.1288e-05	0.082084	supercritical
697.00	142.00	467.76	0.0021379	647.18	677.54	1.1033	3.1558	3.4994	441.03	0.010295	8.0886e-05	0.082023	supercritical
698.00	142.00	466.97	0.0021415	650.63	681.04	1.1083	3.1582	3.5015	439.91	0.010502	8.0486e-05	0.081964	supercritical
699.00	142.00	466.19	0.0021451	654.08	684.54	1.1134	3.1606	3.5036	438.80	0.010709	8.0089e-05	0.081905	supercritical
700.00	142.00	465.41	0.0021487	657.53	688.05	1.1184	3.1630	3.5057	437.69	0.010916	7.9694e-05	0.081846	supercritical
