Temperature (K)	Pressure (bar)	Density (kg/m3)	Volume (m3/kg)	Internal Energy (kJ/kg)	Enthalpy (kJ/kg)	Entropy (J/g*K)	Cv (J/g*K)	Cp (J/g*K)	Sound Spd. (m/s)	Joule-Thomson (K/bar)	Viscosity (Pa*s)	Therm. Cond. (W/m*K)	Phase
264.00	3.0000	771.35	0.0012964	-566.49	-566.11	-1.5237	1.6995	2.1135	1427.1	-0.045492	0.0028731	0.14392	liquid
265.00	3.0000	770.60	0.0012977	-564.38	-563.99	-1.5157	1.7027	2.1160	1422.6	-0.045422	0.0027964	0.14366	liquid
266.00	3.0000	769.84	0.0012990	-562.26	-561.87	-1.5078	1.7059	2.1185	1418.1	-0.045350	0.0027229	0.14340	liquid
267.00	3.0000	769.09	0.0013002	-560.14	-559.75	-1.4998	1.7091	2.1211	1413.7	-0.045278	0.0026523	0.14314	liquid
268.00	3.0000	768.34	0.0013015	-558.02	-557.63	-1.4919	1.7123	2.1237	1409.2	-0.045205	0.0025846	0.14288	liquid
269.00	3.0000	767.59	0.0013028	-555.90	-555.51	-1.4840	1.7156	2.1263	1404.8	-0.045131	0.0025196	0.14262	liquid
270.00	3.0000	766.84	0.0013041	-553.77	-553.38	-1.4761	1.7189	2.1289	1400.4	-0.045057	0.0024571	0.14236	liquid
271.00	3.0000	766.08	0.0013053	-551.64	-551.25	-1.4682	1.7222	2.1316	1396.0	-0.044982	0.0023970	0.14211	liquid
272.00	3.0000	765.33	0.0013066	-549.51	-549.12	-1.4603	1.7255	2.1343	1391.6	-0.044906	0.0023392	0.14185	liquid
273.00	3.0000	764.58	0.0013079	-547.37	-546.98	-1.4525	1.7288	2.1370	1387.3	-0.044829	0.0022836	0.14159	liquid
274.00	3.0000	763.84	0.0013092	-545.23	-544.84	-1.4447	1.7321	2.1397	1382.9	-0.044751	0.0022300	0.14134	liquid
275.00	3.0000	763.09	0.0013105	-543.09	-542.70	-1.4369	1.7355	2.1425	1378.6	-0.044673	0.0021784	0.14109	liquid
276.00	3.0000	762.34	0.0013118	-540.95	-540.56	-1.4291	1.7388	2.1452	1374.3	-0.044595	0.0021286	0.14083	liquid
277.00	3.0000	761.59	0.0013130	-538.80	-538.41	-1.4213	1.7422	2.1480	1370.0	-0.044515	0.0020805	0.14058	liquid
278.00	3.0000	760.84	0.0013143	-536.65	-536.26	-1.4136	1.7456	2.1509	1365.7	-0.044435	0.0020342	0.14033	liquid
279.00	3.0000	760.10	0.0013156	-534.50	-534.11	-1.4059	1.7490	2.1537	1361.4	-0.044354	0.0019895	0.14007	liquid
280.00	3.0000	759.35	0.0013169	-532.35	-531.95	-1.3982	1.7524	2.1566	1357.1	-0.044272	0.0019463	0.13982	liquid
281.00	3.0000	758.61	0.0013182	-530.19	-529.80	-1.3905	1.7558	2.1595	1352.9	-0.044190	0.0019045	0.13957	liquid
282.00	3.0000	757.86	0.0013195	-528.03	-527.63	-1.3828	1.7593	2.1624	1348.7	-0.044107	0.0018641	0.13932	liquid
283.00	3.0000	757.12	0.0013208	-525.87	-525.47	-1.3751	1.7627	2.1653	1344.4	-0.044024	0.0018251	0.13907	liquid
284.00	3.0000	756.37	0.0013221	-523.70	-523.30	-1.3675	1.7662	2.1683	1340.2	-0.043940	0.0017874	0.13883	liquid
285.00	3.0000	755.63	0.0013234	-521.53	-521.13	-1.3599	1.7697	2.1713	1336.1	-0.043855	0.0017508	0.13858	liquid
286.00	3.0000	754.89	0.0013247	-519.36	-518.96	-1.3522	1.7732	2.1743	1331.9	-0.043770	0.0017154	0.13833	liquid
287.00	3.0000	754.14	0.0013260	-517.18	-516.79	-1.3446	1.7767	2.1773	1327.7	-0.043684	0.0016812	0.13808	liquid
288.00	3.0000	753.40	0.0013273	-515.00	-514.61	-1.3371	1.7802	2.1803	1323.6	-0.043597	0.0016480	0.13784	liquid
289.00	3.0000	752.66	0.0013286	-512.82	-512.42	-1.3295	1.7837	2.1834	1319.4	-0.043510	0.0016158	0.13759	liquid
290.00	3.0000	751.92	0.0013299	-510.64	-510.24	-1.3220	1.7872	2.1864	1315.3	-0.043423	0.0015846	0.13735	liquid
291.00	3.0000	751.17	0.0013313	-508.45	-508.05	-1.3144	1.7908	2.1895	1311.2	-0.043334	0.0015544	0.13710	liquid
292.00	3.0000	750.43	0.0013326	-506.26	-505.86	-1.3069	1.7943	2.1926	1307.1	-0.043246	0.0015250	0.13686	liquid
293.00	3.0000	749.69	0.0013339	-504.07	-503.67	-1.2994	1.7979	2.1958	1303.0	-0.043156	0.0014965	0.13662	liquid
294.00	3.0000	748.95	0.0013352	-501.87	-501.47	-1.2919	1.8015	2.1989	1298.9	-0.043066	0.0014689	0.13638	liquid
295.00	3.0000	748.21	0.0013365	-499.67	-499.27	-1.2845	1.8051	2.2021	1294.9	-0.042976	0.0014420	0.13613	liquid
296.00	3.0000	747.47	0.0013378	-497.47	-497.06	-1.2770	1.8087	2.2053	1290.8	-0.042885	0.0014159	0.13589	liquid
297.00	3.0000	746.73	0.0013392	-495.26	-494.86	-1.2696	1.8123	2.2085	1286.8	-0.042793	0.0013906	0.13565	liquid
298.00	3.0000	745.99	0.0013405	-493.05	-492.65	-1.2621	1.8159	2.2117	1282.8	-0.042701	0.0013659	0.13541	liquid
299.00	3.0000	745.25	0.0013418	-490.84	-490.43	-1.2547	1.8195	2.2149	1278.7	-0.042609	0.0013420	0.13517	liquid
300.00	3.0000	744.51	0.0013432	-488.62	-488.22	-1.2473	1.8232	2.2182	1274.7	-0.042516	0.0013187	0.13493	liquid
301.00	3.0000	743.77	0.0013445	-486.40	-486.00	-1.2399	1.8268	2.2214	1270.8	-0.042422	0.0012960	0.13469	liquid
302.00	3.0000	743.03	0.0013458	-484.18	-483.78	-1.2325	1.8305	2.2247	1266.8	-0.042328	0.0012740	0.13446	liquid
303.00	3.0000	742.29	0.0013472	-481.95	-481.55	-1.2252	1.8341	2.2280	1262.8	-0.042233	0.0012525	0.13422	liquid
304.00	3.0000	741.56	0.0013485	-479.72	-479.32	-1.2178	1.8378	2.2313	1258.9	-0.042138	0.0012316	0.13398	liquid
305.00	3.0000	740.82	0.0013499	-477.49	-477.09	-1.2105	1.8415	2.2347	1254.9	-0.042043	0.0012113	0.13375	liquid
306.00	3.0000	740.08	0.0013512	-475.26	-474.85	-1.2032	1.8452	2.2380	1251.0	-0.041947	0.0011915	0.13351	liquid
307.00	3.0000	739.34	0.0013526	-473.02	-472.61	-1.1959	1.8488	2.2414	1247.1	-0.041850	0.0011722	0.13327	liquid
308.00	3.0000	738.60	0.0013539	-470.77	-470.37	-1.1886	1.8525	2.2447	1243.1	-0.041753	0.0011534	0.13304	liquid
309.00	3.0000	737.86	0.0013553	-468.53	-468.12	-1.1813	1.8563	2.2481	1239.2	-0.041656	0.0011350	0.13280	liquid
310.00	3.0000	737.13	0.0013566	-466.28	-465.87	-1.1740	1.8600	2.2515	1235.4	-0.041558	0.0011171	0.13257	liquid
311.00	3.0000	736.39	0.0013580	-464.03	-463.62	-1.1668	1.8637	2.2549	1231.5	-0.041459	0.0010997	0.13234	liquid
312.00	3.0000	735.65	0.0013593	-461.77	-461.36	-1.1595	1.8674	2.2584	1227.6	-0.041361	0.0010827	0.13210	liquid
313.00	3.0000	734.91	0.0013607	-459.51	-459.10	-1.1523	1.8712	2.2618	1223.7	-0.041261	0.0010661	0.13187	liquid
314.00	3.0000	734.18	0.0013621	-457.25	-456.84	-1.1451	1.8749	2.2653	1219.9	-0.041161	0.0010499	0.13164	liquid
315.00	3.0000	733.44	0.0013634	-454.98	-454.57	-1.1379	1.8787	2.2687	1216.1	-0.041061	0.0010341	0.13141	liquid
316.00	3.0000	732.70	0.0013648	-452.71	-452.30	-1.1307	1.8824	2.2722	1212.2	-0.040961	0.0010187	0.13118	liquid
317.00	3.0000	731.96	0.0013662	-450.44	-450.03	-1.1235	1.8862	2.2757	1208.4	-0.040859	0.0010036	0.13095	liquid
318.00	3.0000	731.23	0.0013676	-448.16	-447.75	-1.1163	1.8900	2.2792	1204.6	-0.040758	0.00098891	0.13072	liquid
319.00	3.0000	730.49	0.0013689	-445.88	-445.47	-1.1092	1.8937	2.2827	1200.8	-0.040656	0.00097454	0.13049	liquid
320.00	3.0000	729.75	0.0013703	-443.59	-443.18	-1.1020	1.8975	2.2862	1197.0	-0.040553	0.00096050	0.13026	liquid
321.00	3.0000	729.01	0.0013717	-441.31	-440.90	-1.0949	1.9013	2.2898	1193.2	-0.040451	0.00094678	0.13003	liquid
322.00	3.0000	728.28	0.0013731	-439.02	-438.60	-1.0877	1.9051	2.2933	1189.5	-0.040347	0.00093337	0.12980	liquid
323.00	3.0000	727.54	0.0013745	-436.72	-436.31	-1.0806	1.9089	2.2969	1185.7	-0.040244	0.00092026	0.12957	liquid
324.00	3.0000	726.80	0.0013759	-434.42	-434.01	-1.0735	1.9127	2.3005	1182.0	-0.040139	0.00090744	0.12934	liquid
325.00	3.0000	726.06	0.0013773	-432.12	-431.71	-1.0664	1.9165	2.3040	1178.2	-0.040035	0.00089490	0.12912	liquid
326.00	3.0000	725.32	0.0013787	-429.82	-429.40	-1.0593	1.9203	2.3076	1174.5	-0.039930	0.00088264	0.12889	liquid
327.00	3.0000	724.59	0.0013801	-427.51	-427.09	-1.0523	1.9241	2.3112	1170.8	-0.039824	0.00087064	0.12866	liquid
328.00	3.0000	723.85	0.0013815	-425.19	-424.78	-1.0452	1.9280	2.3149	1167.1	-0.039719	0.00085891	0.12844	liquid
329.00	3.0000	723.11	0.0013829	-422.88	-422.46	-1.0382	1.9318	2.3185	1163.3	-0.039612	0.00084742	0.12821	liquid
330.00	3.0000	722.37	0.0013843	-420.56	-420.14	-1.0311	1.9356	2.3221	1159.7	-0.039506	0.00083617	0.12799	liquid
331.00	3.0000	721.63	0.0013857	-418.23	-417.82	-1.0241	1.9394	2.3258	1156.0	-0.039398	0.00082516	0.12776	liquid
332.00	3.0000	720.89	0.0013872	-415.91	-415.49	-1.0171	1.9433	2.3294	1152.3	-0.039291	0.00081438	0.12754	liquid
333.00	3.0000	720.16	0.0013886	-413.58	-413.16	-1.0100	1.9471	2.3331	1148.6	-0.039183	0.00080382	0.12732	liquid
334.00	3.0000	719.42	0.0013900	-411.24	-410.82	-1.0030	1.9510	2.3368	1145.0	-0.039075	0.00079348	0.12709	liquid
335.00	3.0000	718.68	0.0013914	-408.90	-408.49	-0.99605	1.9548	2.3404	1141.3	-0.038966	0.00078335	0.12687	liquid
336.00	3.0000	717.94	0.0013929	-406.56	-406.14	-0.98907	1.9587	2.3441	1137.7	-0.038857	0.00077343	0.12665	liquid
337.00	3.0000	717.20	0.0013943	-404.22	-403.80	-0.98210	1.9625	2.3478	1134.0	-0.038747	0.00076370	0.12642	liquid
338.00	3.0000	716.46	0.0013958	-401.87	-401.45	-0.97514	1.9664	2.3515	1130.4	-0.038637	0.00075417	0.12620	liquid
339.00	3.0000	715.72	0.0013972	-399.51	-399.09	-0.96818	1.9703	2.3553	1126.8	-0.038527	0.00074482	0.12598	liquid
340.00	3.0000	714.98	0.0013986	-397.16	-396.74	-0.96124	1.9741	2.3590	1123.1	-0.038416	0.00073566	0.12576	liquid
341.00	3.0000	714.24	0.0014001	-394.80	-394.38	-0.95431	1.9780	2.3627	1119.5	-0.038304	0.00072667	0.12554	liquid
342.00	3.0000	713.50	0.0014015	-392.43	-392.01	-0.94738	1.9819	2.3665	1115.9	-0.038193	0.00071786	0.12532	liquid
343.00	3.0000	712.76	0.0014030	-390.06	-389.64	-0.94047	1.9857	2.3702	1112.4	-0.038081	0.00070922	0.12510	liquid
344.00	3.0000	712.02	0.0014045	-387.69	-387.27	-0.93356	1.9896	2.3740	1108.8	-0.037968	0.00070074	0.12488	liquid
345.00	3.0000	711.27	0.0014059	-385.32	-384.90	-0.92667	1.9935	2.3777	1105.2	-0.037855	0.00069242	0.12466	liquid
346.00	3.0000	710.53	0.0014074	-382.94	-382.52	-0.91978	1.9974	2.3815	1101.6	-0.037742	0.00068425	0.12444	liquid
347.00	3.0000	709.79	0.0014089	-380.56	-380.13	-0.91290	2.0013	2.3853	1098.1	-0.037628	0.00067624	0.12422	liquid
348.00	3.0000	709.05	0.0014103	-378.17	-377.75	-0.90603	2.0052	2.3891	1094.5	-0.037514	0.00066838	0.12400	liquid
349.00	3.0000	708.30	0.0014118	-375.78	-375.35	-0.89917	2.0091	2.3929	1091.0	-0.037399	0.00066066	0.12378	liquid
350.00	3.0000	707.56	0.0014133	-373.38	-372.96	-0.89232	2.0129	2.3967	1087.4	-0.037284	0.00065308	0.12356	liquid
351.00	3.0000	706.82	0.0014148	-370.99	-370.56	-0.88547	2.0168	2.4005	1083.9	-0.037168	0.00064563	0.12335	liquid
352.00	3.0000	706.07	0.0014163	-368.58	-368.16	-0.87864	2.0207	2.4043	1080.4	-0.037052	0.00063832	0.12313	liquid
353.00	3.0000	705.33	0.0014178	-366.18	-365.75	-0.87181	2.0246	2.4081	1076.9	-0.036936	0.00063114	0.12291	liquid
354.00	3.0000	704.58	0.0014193	-363.77	-363.34	-0.86500	2.0285	2.4120	1073.4	-0.036819	0.00062409	0.12270	liquid
355.00	3.0000	703.84	0.0014208	-361.35	-360.93	-0.85819	2.0324	2.4158	1069.9	-0.036702	0.00061716	0.12248	liquid
356.00	3.0000	703.09	0.0014223	-358.94	-358.51	-0.85139	2.0363	2.4196	1066.4	-0.036584	0.00061035	0.12226	liquid
357.00	3.0000	702.35	0.0014238	-356.52	-356.09	-0.84459	2.0402	2.4235	1062.9	-0.036466	0.00060366	0.12205	liquid
358.00	3.0000	701.60	0.0014253	-354.09	-353.66	-0.83781	2.0441	2.4274	1059.4	-0.036347	0.00059708	0.12183	liquid
359.00	3.0000	700.85	0.0014268	-351.66	-351.23	-0.83103	2.0480	2.4312	1055.9	-0.036228	0.00059061	0.12162	liquid
360.00	3.0000	700.11	0.0014284	-349.23	-348.80	-0.82426	2.0519	2.4351	1052.4	-0.036109	0.00058425	0.12140	liquid
361.00	3.0000	699.36	0.0014299	-346.79	-346.36	-0.81750	2.0559	2.4390	1049.0	-0.035989	0.00057800	0.12119	liquid
362.00	3.0000	698.61	0.0014314	-344.35	-343.92	-0.81075	2.0598	2.4428	1045.5	-0.035868	0.00057186	0.12097	liquid
363.00	3.0000	697.86	0.0014329	-341.91	-341.48	-0.80401	2.0637	2.4467	1042.1	-0.035747	0.00056581	0.12076	liquid
364.00	3.0000	697.11	0.0014345	-339.46	-339.03	-0.79727	2.0676	2.4506	1038.6	-0.035626	0.00055987	0.12055	liquid
365.00	3.0000	696.36	0.0014360	-337.01	-336.58	-0.79054	2.0715	2.4545	1035.2	-0.035504	0.00055402	0.12033	liquid
366.00	3.0000	695.61	0.0014376	-334.55	-334.12	-0.78382	2.0754	2.4584	1031.8	-0.035382	0.00054826	0.12012	liquid
367.00	3.0000	694.86	0.0014391	-332.09	-331.66	-0.77711	2.0793	2.4623	1028.3	-0.035259	0.00054260	0.11991	liquid
368.00	3.0000	694.11	0.0014407	-329.63	-329.20	-0.77040	2.0832	2.4662	1024.9	-0.035135	0.00053703	0.11969	liquid
369.00	3.0000	693.36	0.0014423	-327.16	-326.73	-0.76371	2.0871	2.4701	1021.5	-0.035012	0.00053155	0.11948	liquid
370.00	3.0000	692.61	0.0014438	-324.69	-324.26	-0.75702	2.0910	2.4740	1018.1	-0.034887	0.00052615	0.11927	liquid
371.00	3.0000	691.85	0.0014454	-322.21	-321.78	-0.75033	2.0949	2.4780	1014.7	-0.034762	0.00052084	0.11906	liquid
372.00	3.0000	691.10	0.0014470	-319.73	-319.30	-0.74366	2.0989	2.4819	1011.3	-0.034637	0.00051561	0.11885	liquid
373.00	3.0000	690.34	0.0014486	-317.25	-316.82	-0.73699	2.1028	2.4858	1007.9	-0.034511	0.00051046	0.11864	liquid
374.00	3.0000	689.59	0.0014501	-314.76	-314.33	-0.73033	2.1067	2.4898	1004.5	-0.034385	0.00050538	0.11843	liquid
375.00	3.0000	688.83	0.0014517	-312.27	-311.84	-0.72367	2.1106	2.4937	1001.2	-0.034258	0.00050039	0.11821	liquid
376.00	3.0000	688.08	0.0014533	-309.78	-309.34	-0.71703	2.1145	2.4977	997.78	-0.034131	0.00049547	0.11800	liquid
377.00	3.0000	687.32	0.0014549	-307.28	-306.84	-0.71039	2.1184	2.5016	994.41	-0.034003	0.00049063	0.11779	liquid
378.00	3.0000	686.56	0.0014565	-304.78	-304.34	-0.70376	2.1223	2.5056	991.05	-0.033874	0.00048585	0.11758	liquid
379.00	3.0000	685.80	0.0014581	-302.27	-301.83	-0.69713	2.1262	2.5095	987.69	-0.033745	0.00048115	0.11737	liquid
380.00	3.0000	685.05	0.0014598	-299.76	-299.32	-0.69051	2.1301	2.5135	984.34	-0.033616	0.00047652	0.11717	liquid
381.00	3.0000	684.29	0.0014614	-297.24	-296.80	-0.68390	2.1340	2.5174	980.99	-0.033486	0.00047195	0.11696	liquid
382.00	3.0000	683.53	0.0014630	-294.72	-294.28	-0.67730	2.1379	2.5214	977.65	-0.033355	0.00046745	0.11675	liquid
383.00	3.0000	682.76	0.0014646	-292.20	-291.76	-0.67070	2.1418	2.5254	974.31	-0.033224	0.00046301	0.11654	liquid
384.00	3.0000	682.00	0.0014663	-289.67	-289.23	-0.66411	2.1458	2.5294	970.98	-0.033092	0.00045864	0.11633	liquid
385.00	3.0000	681.24	0.0014679	-287.14	-286.70	-0.65753	2.1497	2.5333	967.66	-0.032959	0.00045433	0.11612	liquid
386.00	3.0000	680.48	0.0014696	-284.61	-284.17	-0.65095	2.1536	2.5373	964.34	-0.032826	0.00045008	0.11591	liquid
387.00	3.0000	679.71	0.0014712	-282.07	-281.63	-0.64438	2.1575	2.5413	961.02	-0.032693	0.00044589	0.11571	liquid
388.00	3.0000	678.95	0.0014729	-279.53	-279.08	-0.63782	2.1614	2.5453	957.71	-0.032558	0.00044176	0.11550	liquid
389.00	3.0000	678.18	0.0014745	-276.98	-276.54	-0.63126	2.1653	2.5493	954.40	-0.032424	0.00043768	0.11529	liquid
390.00	3.0000	677.42	0.0014762	-274.43	-273.99	-0.62471	2.1692	2.5533	951.10	-0.032288	0.00043367	0.11508	liquid
391.00	3.0000	676.65	0.0014779	-271.87	-271.43	-0.61817	2.1731	2.5573	947.80	-0.032152	0.00042970	0.11488	liquid
392.00	3.0000	675.88	0.0014796	-269.31	-268.87	-0.61163	2.1769	2.5613	944.51	-0.032015	0.00042579	0.11467	liquid
393.00	3.0000	675.11	0.0014812	-266.75	-266.31	-0.60510	2.1808	2.5653	941.22	-0.031878	0.00042193	0.11446	liquid
394.00	3.0000	674.34	0.0014829	-264.19	-263.74	-0.59858	2.1847	2.5693	937.94	-0.031740	0.00041812	0.11426	liquid
395.00	3.0000	673.57	0.0014846	-261.61	-261.17	-0.59206	2.1886	2.5733	934.66	-0.031601	0.00041437	0.11405	liquid
396.00	3.0000	672.80	0.0014863	-259.04	-258.59	-0.58555	2.1925	2.5774	931.38	-0.031462	0.00041066	0.11385	liquid
397.00	3.0000	672.03	0.0014880	-256.46	-256.01	-0.57904	2.1964	2.5814	928.11	-0.031322	0.00040700	0.11364	liquid
398.00	3.0000	671.25	0.0014898	-253.88	-253.43	-0.57254	2.2003	2.5854	924.84	-0.031181	0.00040339	0.11343	liquid
399.00	3.0000	670.48	0.0014915	-251.29	-250.84	-0.56605	2.2042	2.5894	921.58	-0.031039	0.00039982	0.11323	liquid
400.00	3.0000	669.70	0.0014932	-248.70	-248.25	-0.55956	2.2080	2.5934	918.32	-0.030897	0.00039631	0.11302	liquid
401.00	3.0000	668.93	0.0014949	-246.11	-245.66	-0.55308	2.2119	2.5975	915.07	-0.030754	0.00039283	0.11282	liquid
402.00	3.0000	668.15	0.0014967	-243.51	-243.06	-0.54661	2.2158	2.6015	911.82	-0.030611	0.00038940	0.11261	liquid
403.00	3.0000	667.37	0.0014984	-240.90	-240.45	-0.54014	2.2197	2.6055	908.57	-0.030466	0.00038601	0.11241	liquid
404.00	3.0000	666.59	0.0015002	-238.30	-237.85	-0.53368	2.2235	2.6096	905.33	-0.030321	0.00038267	0.11220	liquid
405.00	3.0000	665.81	0.0015019	-235.68	-235.23	-0.52722	2.2274	2.6136	902.09	-0.030175	0.00037936	0.11200	liquid
406.00	3.0000	665.03	0.0015037	-233.07	-232.62	-0.52077	2.2313	2.6177	898.86	-0.030029	0.00037610	0.11180	liquid
407.00	3.0000	664.25	0.0015055	-230.45	-230.00	-0.51433	2.2352	2.6217	895.63	-0.029881	0.00037288	0.11159	liquid
408.00	3.0000	663.47	0.0015072	-227.83	-227.38	-0.50789	2.2390	2.6257	892.40	-0.029733	0.00036969	0.11139	liquid
409.00	3.0000	662.68	0.0015090	-225.20	-224.75	-0.50145	2.2429	2.6298	889.18	-0.029584	0.00036655	0.11119	liquid
410.00	3.0000	661.90	0.0015108	-222.57	-222.12	-0.49503	2.2467	2.6338	885.96	-0.029434	0.00036344	0.11098	liquid
411.00	3.0000	661.11	0.0015126	-219.93	-219.48	-0.48861	2.2506	2.6379	882.74	-0.029283	0.00036037	0.11078	liquid
412.00	3.0000	660.32	0.0015144	-217.29	-216.84	-0.48219	2.2545	2.6420	879.53	-0.029132	0.00035733	0.11058	liquid
413.00	3.0000	659.53	0.0015162	-214.65	-214.20	-0.47578	2.2583	2.6460	876.32	-0.028979	0.00035433	0.11037	liquid
414.00	3.0000	658.74	0.0015180	-212.00	-211.55	-0.46938	2.2622	2.6501	873.12	-0.028826	0.00035137	0.11017	liquid
415.00	3.0000	657.95	0.0015199	-209.35	-208.90	-0.46298	2.2660	2.6541	869.92	-0.028672	0.00034844	0.10997	liquid
416.00	3.0000	657.16	0.0015217	-206.70	-206.24	-0.45659	2.2698	2.6582	866.72	-0.028516	0.00034554	0.10977	liquid
417.00	3.0000	656.37	0.0015235	-204.04	-203.58	-0.45020	2.2737	2.6623	863.52	-0.028360	0.00034268	0.10956	liquid
418.00	3.0000	655.57	0.0015254	-201.37	-200.92	-0.44382	2.2775	2.6663	860.33	-0.028203	0.00033985	0.10936	liquid
419.00	3.0000	654.78	0.0015272	-198.70	-198.25	-0.43744	2.2814	2.6704	857.14	-0.028046	0.00033705	0.10916	liquid
420.00	3.0000	653.98	0.0015291	-196.03	-195.57	-0.43107	2.2852	2.6745	853.96	-0.027887	0.00033428	0.10896	liquid
421.00	3.0000	653.18	0.0015310	-193.36	-192.90	-0.42471	2.2890	2.6786	850.77	-0.027727	0.00033155	0.10876	liquid
422.00	3.0000	652.38	0.0015328	-190.68	-190.22	-0.41835	2.2929	2.6826	847.59	-0.027566	0.00032884	0.10856	liquid
423.00	3.0000	651.58	0.0015347	-187.99	-187.53	-0.41199	2.2967	2.6867	844.42	-0.027404	0.00032616	0.10836	liquid
424.00	3.0000	650.78	0.0015366	-185.30	-184.84	-0.40564	2.3005	2.6908	841.24	-0.027241	0.00032352	0.10815	liquid
425.00	3.0000	649.97	0.0015385	-182.61	-182.15	-0.39930	2.3043	2.6949	838.07	-0.027078	0.00032090	0.10795	liquid
426.00	3.0000	649.17	0.0015404	-179.92	-179.45	-0.39296	2.3081	2.6990	834.91	-0.026913	0.00031831	0.10775	liquid
427.00	3.0000	648.36	0.0015423	-177.22	-176.75	-0.38663	2.3119	2.7030	831.74	-0.026747	0.00031575	0.10755	liquid
428.00	3.0000	647.56	0.0015443	-174.51	-174.05	-0.38030	2.3158	2.7071	828.58	-0.026580	0.00031321	0.10735	liquid
429.00	3.0000	646.75	0.0015462	-171.80	-171.34	-0.37398	2.3196	2.7112	825.42	-0.026411	0.00031070	0.10715	liquid
430.00	3.0000	645.94	0.0015481	-169.09	-168.63	-0.36766	2.3234	2.7153	822.26	-0.026242	0.00030822	0.10695	liquid
431.00	3.0000	645.13	0.0015501	-166.37	-165.91	-0.36135	2.3272	2.7194	819.11	-0.026072	0.00030576	0.10675	liquid
432.00	3.0000	644.31	0.0015520	-163.65	-163.19	-0.35504	2.3310	2.7235	815.96	-0.025900	0.00030333	0.10655	liquid
433.00	3.0000	643.50	0.0015540	-160.93	-160.46	-0.34874	2.3348	2.7276	812.81	-0.025727	0.00030093	0.10635	liquid
434.00	3.0000	642.68	0.0015560	-158.20	-157.73	-0.34244	2.3385	2.7317	809.66	-0.025553	0.00029855	0.10615	liquid
435.00	3.0000	641.87	0.0015580	-155.47	-155.00	-0.33615	2.3423	2.7358	806.52	-0.025378	0.00029619	0.10595	liquid
436.00	3.0000	641.05	0.0015599	-152.73	-152.26	-0.32986	2.3461	2.7399	803.37	-0.025202	0.00029386	0.10575	liquid
437.00	3.0000	640.23	0.0015619	-149.99	-149.52	-0.32358	2.3499	2.7440	800.23	-0.025024	0.00029155	0.10555	liquid
438.00	3.0000	639.41	0.0015640	-147.24	-146.77	-0.31731	2.3537	2.7481	797.10	-0.024845	0.00028926	0.10536	liquid
439.00	3.0000	638.58	0.0015660	-144.49	-144.02	-0.31103	2.3575	2.7522	793.96	-0.024665	0.00028700	0.10516	liquid
440.00	3.0000	637.76	0.0015680	-141.74	-141.27	-0.30477	2.3612	2.7563	790.83	-0.024483	0.00028476	0.10496	liquid
441.00	3.0000	636.93	0.0015700	-138.98	-138.51	-0.29851	2.3650	2.7604	787.70	-0.024300	0.00028254	0.10476	liquid
442.00	3.0000	636.10	0.0015721	-136.22	-135.75	-0.29225	2.3688	2.7645	784.57	-0.024116	0.00028034	0.10456	liquid
443.00	3.0000	635.27	0.0015741	-133.45	-132.98	-0.28600	2.3725	2.7686	781.44	-0.023930	0.00027816	0.10436	liquid
444.00	3.0000	634.44	0.0015762	-130.68	-130.21	-0.27975	2.3763	2.7728	778.32	-0.023743	0.00027601	0.10416	liquid
445.00	3.0000	633.61	0.0015783	-127.91	-127.43	-0.27351	2.3800	2.7769	775.19	-0.023554	0.00027387	0.10397	liquid
446.00	3.0000	632.77	0.0015803	-125.13	-124.66	-0.26727	2.3838	2.7810	772.07	-0.023364	0.00027176	0.10377	liquid
447.00	3.0000	631.94	0.0015824	-122.35	-121.87	-0.26104	2.3875	2.7851	768.95	-0.023173	0.00026966	0.10357	liquid
448.00	3.0000	631.10	0.0015845	-119.56	-119.09	-0.25481	2.3913	2.7893	765.83	-0.022980	0.00026758	0.10337	liquid
449.00	3.0000	630.26	0.0015866	-116.77	-116.29	-0.24858	2.3950	2.7934	762.72	-0.022785	0.00026553	0.10318	liquid
450.00	3.0000	629.42	0.0015888	-113.98	-113.50	-0.24237	2.3987	2.7975	759.60	-0.022589	0.00026349	0.10298	liquid
451.00	3.0000	628.58	0.0015909	-111.18	-110.70	-0.23615	2.4025	2.8016	756.49	-0.022391	0.00026147	0.10278	liquid
452.00	3.0000	627.73	0.0015930	-108.37	-107.90	-0.22994	2.4062	2.8058	753.38	-0.022192	0.00025947	0.10258	liquid
453.00	3.0000	626.88	0.0015952	-105.57	-105.09	-0.22374	2.4099	2.8099	750.27	-0.021991	0.00025749	0.10239	liquid
454.00	3.0000	626.04	0.0015974	-102.75	-102.28	-0.21754	2.4136	2.8140	747.16	-0.021788	0.00025553	0.10219	liquid
455.00	3.0000	625.18	0.0015995	-99.939	-99.460	-0.21134	2.4174	2.8182	744.05	-0.021584	0.00025358	0.10199	liquid
456.00	3.0000	624.33	0.0016017	-97.120	-96.639	-0.20515	2.4211	2.8223	740.95	-0.021378	0.00025165	0.10179	liquid
457.00	3.0000	623.48	0.0016039	-94.296	-93.815	-0.19896	2.4248	2.8265	737.84	-0.021170	0.00024974	0.10160	liquid
458.00	3.0000	622.62	0.0016061	-91.468	-90.986	-0.19278	2.4285	2.8306	734.74	-0.020960	0.00024784	0.10140	liquid
459.00	3.0000	621.76	0.0016083	-88.636	-88.154	-0.18660	2.4322	2.8348	731.64	-0.020748	0.00024596	0.10120	liquid
460.00	3.0000	620.90	0.0016106	-85.800	-85.317	-0.18043	2.4359	2.8389	728.54	-0.020535	0.00024410	0.10101	liquid
461.00	3.0000	620.04	0.0016128	-82.960	-82.476	-0.17426	2.4396	2.8431	725.44	-0.020320	0.00024225	0.10081	liquid
462.00	3.0000	619.18	0.0016150	-80.115	-79.631	-0.16809	2.4433	2.8472	722.34	-0.020102	0.00024042	0.10062	liquid
463.00	3.0000	618.31	0.0016173	-77.267	-76.781	-0.16193	2.4469	2.8514	719.24	-0.019883	0.00023861	0.10042	liquid
464.00	3.0000	617.44	0.0016196	-74.414	-73.928	-0.15577	2.4506	2.8555	716.15	-0.019662	0.00023681	0.10022	liquid
465.00	3.0000	616.57	0.0016219	-71.557	-71.070	-0.14962	2.4543	2.8597	713.05	-0.019438	0.00023502	0.10003	liquid
466.00	3.0000	615.70	0.0016242	-68.696	-68.209	-0.14347	2.4580	2.8639	709.96	-0.019213	0.00023325	0.099831	liquid
467.00	3.0000	614.82	0.0016265	-65.831	-65.343	-0.13733	2.4616	2.8680	706.86	-0.018985	0.00023149	0.099635	liquid
468.00	3.0000	613.95	0.0016288	-62.961	-62.473	-0.13119	2.4653	2.8722	703.77	-0.018755	0.00022975	0.099439	liquid
469.00	3.0000	613.07	0.0016311	-60.088	-59.598	-0.12506	2.4690	2.8764	700.67	-0.018523	0.00022803	0.099243	liquid
470.00	3.0000	612.19	0.0016335	-57.210	-56.720	-0.11893	2.4726	2.8806	697.58	-0.018289	0.00022631	0.099047	liquid
471.00	3.0000	611.30	0.0016358	-54.328	-53.837	-0.11280	2.4763	2.8847	694.49	-0.018053	0.00022461	0.098852	liquid
472.00	3.0000	610.42	0.0016382	-51.442	-50.950	-0.10668	2.4799	2.8889	691.40	-0.017814	0.00022293	0.098656	liquid
473.00	3.0000	609.53	0.0016406	-48.551	-48.059	-0.10056	2.4836	2.8931	688.31	-0.017572	0.00022126	0.098461	liquid
474.00	3.0000	608.64	0.0016430	-45.657	-45.164	-0.094444	2.4872	2.8973	685.22	-0.017329	0.00021960	0.098265	liquid
475.00	3.0000	607.75	0.0016454	-42.758	-42.265	-0.088333	2.4909	2.9015	682.13	-0.017082	0.00021795	0.098070	liquid
476.00	3.0000	606.85	0.0016479	-39.855	-39.361	-0.082227	2.4945	2.9057	679.04	-0.016834	0.00021632	0.097875	liquid
477.00	3.0000	605.95	0.0016503	-36.948	-36.453	-0.076125	2.4981	2.9099	675.95	-0.016582	0.00021470	0.097679	liquid
478.00	3.0000	605.05	0.0016527	-34.037	-33.541	-0.070026	2.5018	2.9141	672.86	-0.016328	0.00021309	0.097484	liquid
479.00	3.0000	604.15	0.0016552	-31.122	-30.625	-0.063932	2.5054	2.9183	669.77	-0.016072	0.00021149	0.097289	liquid
480.00	3.0000	603.25	0.0016577	-28.202	-27.705	-0.057841	2.5090	2.9225	666.68	-0.015812	0.00020991	0.097094	liquid
481.00	3.0000	602.34	0.0016602	-25.278	-24.780	-0.051755	2.5126	2.9267	663.59	-0.015550	0.00020834	0.096899	liquid
482.00	3.0000	601.43	0.0016627	-22.350	-21.851	-0.045672	2.5162	2.9310	660.50	-0.015285	0.00020678	0.096704	liquid
483.00	3.0000	600.51	0.0016652	-19.418	-18.918	-0.039593	2.5198	2.9352	657.41	-0.015017	0.00020523	0.096510	liquid
484.00	3.0000	599.60	0.0016678	-16.481	-15.981	-0.033518	2.5234	2.9394	654.32	-0.014746	0.00020369	0.096315	liquid
485.00	3.0000	598.68	0.0016703	-13.540	-13.039	-0.027447	2.5270	2.9436	651.23	-0.014472	0.00020217	0.096120	liquid
486.00	3.0000	597.76	0.0016729	-10.595	-10.094	-0.021379	2.5306	2.9479	648.14	-0.014195	0.00020065	0.095925	liquid
487.00	3.0000	596.84	0.0016755	-7.6463	-7.1436	-0.015315	2.5342	2.9521	645.05	-0.013915	0.00019915	0.095731	liquid
488.00	3.0000	595.91	0.0016781	-4.6928	-4.1894	-0.0092554	2.5378	2.9564	641.96	-0.013631	0.00019766	0.095536	liquid
489.00	3.0000	594.98	0.0016807	-1.7351	-1.2309	-0.0031991	2.5414	2.9606	638.87	-0.013345	0.00019618	0.095342	liquid
490.00	3.0000	594.05	0.0016834	1.2269	1.7319	0.0028535	2.5450	2.9649	635.78	-0.013055	0.00019470	0.095147	liquid
491.00	3.0000	593.11	0.0016860	4.1931	4.6989	0.0089025	2.5486	2.9691	632.68	-0.012761	0.00019324	0.094953	liquid
492.00	3.0000	592.17	0.0016887	7.1636	7.6702	0.014948	2.5521	2.9734	629.59	-0.012464	0.00019179	0.094758	liquid
493.00	3.0000	591.23	0.0016914	10.138	10.646	0.020990	2.5557	2.9777	626.49	-0.012163	0.00019035	0.094564	liquid
494.00	3.0000	590.29	0.0016941	13.117	13.626	0.027028	2.5593	2.9820	623.40	-0.011859	0.00018892	0.094370	liquid
495.00	3.0000	589.34	0.0016968	16.101	16.610	0.033062	2.5628	2.9863	620.30	-0.011551	0.00018750	0.094176	liquid
496.00	3.0000	588.39	0.0016995	19.088	19.598	0.039093	2.5664	2.9905	617.20	-0.011239	0.00018609	0.093981	liquid
497.00	3.0000	587.44	0.0017023	22.080	22.591	0.045121	2.5699	2.9948	614.11	-0.010923	0.00018469	0.093787	liquid
498.00	3.0000	586.48	0.0017051	25.076	25.588	0.051145	2.5735	2.9992	611.01	-0.010604	0.00018330	0.093593	liquid
499.00	3.0000	585.52	0.0017079	28.077	28.589	0.057166	2.5770	3.0035	607.90	-0.010280	0.00018191	0.093399	liquid
500.00	3.0000	584.56	0.0017107	31.082	31.595	0.063183	2.5806	3.0078	604.80	-0.0099519	0.00018054	0.093205	liquid
501.00	3.0000	583.59	0.0017135	34.091	34.605	0.069197	2.5841	3.0121	601.70	-0.0096196	0.00017918	0.093011	liquid
502.00	3.0000	582.62	0.0017164	37.104	37.619	0.075207	2.5876	3.0164	598.59	-0.0092829	0.00017782	0.092817	liquid
503.00	3.0000	581.65	0.0017192	40.122	40.638	0.081215	2.5912	3.0208	595.49	-0.0089418	0.00017647	0.092623	liquid
504.00	3.0000	580.68	0.0017221	43.144	43.661	0.087219	2.5947	3.0251	592.38	-0.0085961	0.00017514	0.092429	liquid
505.00	3.0000	579.70	0.0017250	46.170	46.688	0.093219	2.5982	3.0295	589.27	-0.0082457	0.00017381	0.092235	liquid
506.00	3.0000	578.71	0.0017280	49.201	49.720	0.099217	2.6017	3.0339	586.16	-0.0078906	0.00017248	0.092041	liquid
507.00	3.0000	577.73	0.0017309	52.236	52.756	0.10521	2.6052	3.0382	583.04	-0.0075305	0.00017117	0.091847	liquid
508.00	3.0000	576.73	0.0017339	55.276	55.796	0.11120	2.6088	3.0426	579.93	-0.0071655	0.00016987	0.091653	liquid
509.00	3.0000	575.74	0.0017369	58.320	58.841	0.11719	2.6123	3.0470	576.81	-0.0067953	0.00016857	0.091459	liquid
510.00	3.0000	574.74	0.0017399	61.368	61.890	0.12317	2.6158	3.0514	573.69	-0.0064198	0.00016728	0.091265	liquid
511.00	3.0000	573.74	0.0017430	64.421	64.944	0.12916	2.6193	3.0558	570.57	-0.0060389	0.00016600	0.091072	liquid
512.00	3.0000	572.73	0.0017460	67.478	68.002	0.13513	2.6228	3.0602	567.45	-0.0056526	0.00016473	0.090878	liquid
513.00	3.0000	571.72	0.0017491	70.539	71.064	0.14111	2.6263	3.0647	564.32	-0.0052606	0.00016346	0.090684	liquid
514.00	3.0000	570.71	0.0017522	73.605	74.131	0.14708	2.6297	3.0691	561.19	-0.0048627	0.00016221	0.090490	liquid
515.00	3.0000	569.69	0.0017553	76.676	77.202	0.15305	2.6332	3.0736	558.06	-0.0044590	0.00016096	0.090296	liquid
516.00	3.0000	568.67	0.0017585	79.751	80.278	0.15902	2.6367	3.0780	554.92	-0.0040491	0.00015971	0.090102	liquid
517.00	3.0000	567.64	0.0017617	82.830	83.358	0.16498	2.6402	3.0825	551.79	-0.0036331	0.00015848	0.089909	liquid
518.00	3.0000	566.61	0.0017649	85.914	86.443	0.17094	2.6437	3.0870	548.65	-0.0032106	0.00015725	0.089715	liquid
519.00	3.0000	565.58	0.0017681	89.002	89.532	0.17690	2.6471	3.0915	545.50	-0.0027815	0.00015603	0.089521	liquid
520.00	3.0000	564.54	0.0017714	92.095	92.626	0.18286	2.6506	3.0960	542.36	-0.0023457	0.00015481	0.089327	liquid
521.00	3.0000	563.50	0.0017746	95.192	95.724	0.18881	2.6541	3.1005	539.21	-0.0019030	0.00015361	0.089133	liquid
522.00	3.0000	562.45	0.0017779	98.294	98.827	0.19476	2.6575	3.1051	536.06	-0.0014532	0.00015241	0.088939	liquid
523.00	3.0000	561.40	0.0017813	101.40	101.93	0.20071	2.6610	3.1096	532.90	-0.00099614	0.00015121	0.088745	liquid
524.00	3.0000	560.34	0.0017846	104.51	105.05	0.20665	2.6644	3.1142	529.74	-0.00053158	0.00015002	0.088552	liquid
525.00	3.0000	559.28	0.0017880	107.63	108.16	0.21259	2.6679	3.1188	526.58	-5.9323e-05	0.00014884	0.088358	liquid
526.00	3.0000	558.21	0.0017914	110.75	111.28	0.21853	2.6713	3.1234	523.41	0.00042082	0.00014767	0.088164	liquid
527.00	3.0000	557.14	0.0017949	113.87	114.41	0.22447	2.6748	3.1280	520.24	0.00090908	0.00014650	0.087970	liquid
528.00	3.0000	556.06	0.0017984	117.00	117.54	0.23040	2.6782	3.1326	517.07	0.0014057	0.00014534	0.087776	liquid
529.00	3.0000	554.98	0.0018019	120.13	120.67	0.23633	2.6817	3.1373	513.89	0.0019108	0.00014418	0.087582	liquid
530.00	3.0000	553.90	0.0018054	123.27	123.81	0.24226	2.6851	3.1419	510.71	0.0024248	0.00014303	0.087388	liquid
531.00	3.0000	552.80	0.0018090	126.42	126.96	0.24819	2.6885	3.1466	507.52	0.0029479	0.00014189	0.087194	liquid
532.00	3.0000	551.71	0.0018126	129.56	130.11	0.25411	2.6920	3.1513	504.33	0.0034803	0.00014075	0.087000	liquid
533.00	3.0000	550.60	0.0018162	132.72	133.26	0.26004	2.6954	3.1560	501.13	0.0040222	0.00013962	0.086805	liquid
534.00	3.0000	549.50	0.0018198	135.87	136.42	0.26596	2.6988	3.1608	497.93	0.0045741	0.00013849	0.086611	liquid
535.00	3.0000	548.38	0.0018235	139.04	139.58	0.27188	2.7023	3.1655	494.73	0.0051362	0.00013737	0.086417	liquid
536.00	3.0000	547.26	0.0018273	142.20	142.75	0.27779	2.7057	3.1703	491.51	0.0057087	0.00013626	0.086223	liquid
537.00	3.0000	546.14	0.0018310	145.37	145.92	0.28370	2.7091	3.1751	488.30	0.0062920	0.00013515	0.086028	liquid
538.00	3.0000	545.01	0.0018348	148.55	149.10	0.28962	2.7125	3.1799	485.08	0.0068865	0.00013404	0.085834	liquid
539.00	3.0000	543.87	0.0018387	151.73	152.28	0.29553	2.7159	3.1848	481.85	0.0074924	0.00013294	0.085640	liquid
540.00	3.0000	542.73	0.0018425	154.92	155.47	0.30143	2.7193	3.1897	478.62	0.0081102	0.00013185	0.085445	liquid
540.87	3.0000	541.72	0.0018460	157.71	158.26	0.30660	2.7223	3.1939	475.78	0.0086602	0.00013089	0.085275	liquid
540.87	3.0000	13.471	0.074232	356.28	378.55	0.71389	2.6421	2.7561	138.31	2.2468	8.2261e-06	0.031436	vapor
541.00	3.0000	13.465	0.074264	356.62	378.90	0.71453	2.6424	2.7564	138.36	2.2440	8.2284e-06	0.031447	vapor
542.00	3.0000	13.420	0.074515	359.30	381.66	0.71962	2.6455	2.7586	138.71	2.2223	8.2463e-06	0.031536	vapor
543.00	3.0000	13.375	0.074765	361.99	384.42	0.72471	2.6485	2.7608	139.06	2.2010	8.2641e-06	0.031625	vapor
544.00	3.0000	13.331	0.075014	364.67	387.18	0.72979	2.6516	2.7630	139.41	2.1800	8.2820e-06	0.031714	vapor
545.00	3.0000	13.287	0.075262	367.36	389.94	0.73486	2.6546	2.7653	139.75	2.1594	8.2999e-06	0.031804	vapor
546.00	3.0000	13.243	0.075510	370.06	392.71	0.73994	2.6577	2.7676	140.10	2.1392	8.3177e-06	0.031894	vapor
547.00	3.0000	13.200	0.075756	372.75	395.48	0.74500	2.6607	2.7698	140.44	2.1192	8.3355e-06	0.031984	vapor
548.00	3.0000	13.158	0.076001	375.45	398.25	0.75006	2.6638	2.7721	140.77	2.0996	8.3533e-06	0.032074	vapor
549.00	3.0000	13.115	0.076246	378.15	401.02	0.75512	2.6668	2.7745	141.11	2.0804	8.3711e-06	0.032165	vapor
550.00	3.0000	13.074	0.076489	380.85	403.80	0.76017	2.6699	2.7768	141.44	2.0614	8.3889e-06	0.032255	vapor
551.00	3.0000	13.032	0.076732	383.56	406.58	0.76522	2.6729	2.7791	141.77	2.0427	8.4067e-06	0.032346	vapor
552.00	3.0000	12.991	0.076974	386.26	409.36	0.77026	2.6760	2.7815	142.10	2.0244	8.4245e-06	0.032437	vapor
553.00	3.0000	12.951	0.077215	388.97	412.14	0.77529	2.6790	2.7839	142.42	2.0063	8.4422e-06	0.032528	vapor
554.00	3.0000	12.911	0.077455	391.69	414.92	0.78033	2.6821	2.7863	142.74	1.9885	8.4599e-06	0.032620	vapor
555.00	3.0000	12.871	0.077695	394.40	417.71	0.78535	2.6851	2.7887	143.06	1.9709	8.4777e-06	0.032711	vapor
556.00	3.0000	12.832	0.077933	397.12	420.50	0.79038	2.6882	2.7911	143.38	1.9537	8.4954e-06	0.032803	vapor
557.00	3.0000	12.792	0.078171	399.84	423.29	0.79539	2.6912	2.7935	143.70	1.9367	8.5131e-06	0.032895	vapor
558.00	3.0000	12.754	0.078408	402.57	426.09	0.80041	2.6943	2.7959	144.01	1.9199	8.5307e-06	0.032987	vapor
559.00	3.0000	12.715	0.078644	405.29	428.89	0.80541	2.6973	2.7984	144.32	1.9035	8.5484e-06	0.033079	vapor
560.00	3.0000	12.677	0.078880	408.02	431.69	0.81042	2.7004	2.8008	144.63	1.8872	8.5661e-06	0.033172	vapor
561.00	3.0000	12.640	0.079115	410.75	434.49	0.81542	2.7034	2.8033	144.94	1.8712	8.5837e-06	0.033264	vapor
562.00	3.0000	12.603	0.079349	413.49	437.29	0.82041	2.7064	2.8057	145.25	1.8554	8.6013e-06	0.033357	vapor
563.00	3.0000	12.566	0.079583	416.22	440.10	0.82540	2.7095	2.8082	145.55	1.8399	8.6190e-06	0.033450	vapor
564.00	3.0000	12.529	0.079815	418.96	442.91	0.83039	2.7125	2.8107	145.85	1.8245	8.6366e-06	0.033543	vapor
565.00	3.0000	12.493	0.080048	421.71	445.72	0.83537	2.7155	2.8132	146.15	1.8094	8.6542e-06	0.033636	vapor
566.00	3.0000	12.457	0.080279	424.45	448.53	0.84035	2.7186	2.8157	146.45	1.7945	8.6718e-06	0.033729	vapor
567.00	3.0000	12.421	0.080510	427.20	451.35	0.84532	2.7216	2.8182	146.75	1.7799	8.6893e-06	0.033823	vapor
568.00	3.0000	12.385	0.080740	429.95	454.17	0.85029	2.7246	2.8207	147.04	1.7654	8.7069e-06	0.033916	vapor
569.00	3.0000	12.350	0.080969	432.70	456.99	0.85525	2.7276	2.8233	147.33	1.7511	8.7244e-06	0.034010	vapor
570.00	3.0000	12.316	0.081198	435.46	459.82	0.86021	2.7307	2.8258	147.62	1.7370	8.7420e-06	0.034104	vapor
571.00	3.0000	12.281	0.081427	438.22	462.64	0.86517	2.7337	2.8283	147.91	1.7231	8.7595e-06	0.034198	vapor
572.00	3.0000	12.247	0.081654	440.98	465.47	0.87012	2.7367	2.8309	148.20	1.7094	8.7770e-06	0.034292	vapor
573.00	3.0000	12.213	0.081881	443.74	468.31	0.87506	2.7397	2.8334	148.49	1.6959	8.7945e-06	0.034387	vapor
574.00	3.0000	12.179	0.082108	446.51	471.14	0.88001	2.7427	2.8360	148.77	1.6825	8.8120e-06	0.034481	vapor
575.00	3.0000	12.146	0.082334	449.28	473.98	0.88495	2.7457	2.8385	149.05	1.6694	8.8295e-06	0.034576	vapor
576.00	3.0000	12.113	0.082559	452.05	476.82	0.88988	2.7487	2.8411	149.34	1.6564	8.8470e-06	0.034671	vapor
577.00	3.0000	12.080	0.082784	454.83	479.66	0.89481	2.7517	2.8436	149.61	1.6436	8.8645e-06	0.034766	vapor
578.00	3.0000	12.047	0.083008	457.60	482.51	0.89974	2.7547	2.8462	149.89	1.6309	8.8819e-06	0.034861	vapor
579.00	3.0000	12.015	0.083231	460.38	485.35	0.90466	2.7577	2.8488	150.17	1.6184	8.8994e-06	0.034956	vapor
580.00	3.0000	11.983	0.083455	463.17	488.20	0.90958	2.7607	2.8514	150.44	1.6061	8.9168e-06	0.035051	vapor
581.00	3.0000	11.951	0.083677	465.95	491.06	0.91449	2.7637	2.8539	150.72	1.5939	8.9343e-06	0.035147	vapor
582.00	3.0000	11.919	0.083899	468.74	493.91	0.91940	2.7667	2.8565	150.99	1.5819	8.9517e-06	0.035242	vapor
583.00	3.0000	11.888	0.084121	471.53	496.77	0.92431	2.7697	2.8591	151.26	1.5700	8.9691e-06	0.035338	vapor
584.00	3.0000	11.857	0.084342	474.33	499.63	0.92921	2.7727	2.8617	151.53	1.5583	8.9865e-06	0.035434	vapor
585.00	3.0000	11.826	0.084562	477.12	502.49	0.93411	2.7756	2.8643	151.80	1.5467	9.0039e-06	0.035530	vapor
586.00	3.0000	11.795	0.084782	479.92	505.36	0.93900	2.7786	2.8669	152.06	1.5353	9.0213e-06	0.035626	vapor
587.00	3.0000	11.764	0.085002	482.72	508.23	0.94389	2.7816	2.8695	152.33	1.5240	9.0386e-06	0.035722	vapor
588.00	3.0000	11.734	0.085221	485.53	511.10	0.94878	2.7846	2.8721	152.59	1.5128	9.0560e-06	0.035818	vapor
589.00	3.0000	11.704	0.085440	488.34	513.97	0.95366	2.7875	2.8747	152.86	1.5018	9.0734e-06	0.035914	vapor
590.00	3.0000	11.674	0.085658	491.15	516.85	0.95854	2.7905	2.8773	153.12	1.4909	9.0907e-06	0.036011	vapor
591.00	3.0000	11.645	0.085875	493.96	519.72	0.96341	2.7934	2.8799	153.38	1.4801	9.1081e-06	0.036108	vapor
592.00	3.0000	11.615	0.086093	496.78	522.61	0.96829	2.7964	2.8825	153.64	1.4695	9.1254e-06	0.036204	vapor
593.00	3.0000	11.586	0.086309	499.60	525.49	0.97315	2.7993	2.8851	153.89	1.4590	9.1427e-06	0.036301	vapor
594.00	3.0000	11.557	0.086526	502.42	528.38	0.97802	2.8023	2.8877	154.15	1.4486	9.1600e-06	0.036398	vapor
595.00	3.0000	11.529	0.086741	505.24	531.26	0.98288	2.8052	2.8903	154.41	1.4383	9.1773e-06	0.036495	vapor
596.00	3.0000	11.500	0.086957	508.07	534.16	0.98773	2.8082	2.8929	154.66	1.4282	9.1946e-06	0.036593	vapor
597.00	3.0000	11.472	0.087172	510.90	537.05	0.99258	2.8111	2.8955	154.91	1.4182	9.2119e-06	0.036690	vapor
598.00	3.0000	11.443	0.087387	513.73	539.95	0.99743	2.8140	2.8982	155.16	1.4083	9.2292e-06	0.036787	vapor
599.00	3.0000	11.415	0.087601	516.57	542.85	1.0023	2.8169	2.9008	155.41	1.3985	9.2465e-06	0.036885	vapor
600.00	3.0000	11.388	0.087814	519.40	545.75	1.0071	2.8199	2.9034	155.66	1.3888	9.2637e-06	0.036982	vapor
601.00	3.0000	11.360	0.088028	522.25	548.65	1.0120	2.8228	2.9060	155.91	1.3792	9.2810e-06	0.037080	vapor
602.00	3.0000	11.333	0.088241	525.09	551.56	1.0168	2.8257	2.9086	156.16	1.3698	9.2982e-06	0.037178	vapor
603.00	3.0000	11.305	0.088453	527.93	554.47	1.0216	2.8286	2.9112	156.41	1.3604	9.3155e-06	0.037276	vapor
604.00	3.0000	11.278	0.088665	530.78	557.38	1.0264	2.8315	2.9138	156.65	1.3511	9.3327e-06	0.037374	vapor
605.00	3.0000	11.251	0.088877	533.64	560.30	1.0313	2.8344	2.9165	156.90	1.3420	9.3499e-06	0.037472	vapor
606.00	3.0000	11.225	0.089089	536.49	563.22	1.0361	2.8373	2.9191	157.14	1.3329	9.3671e-06	0.037570	vapor
607.00	3.0000	11.198	0.089300	539.35	566.14	1.0409	2.8402	2.9217	157.38	1.3240	9.3844e-06	0.037668	vapor
608.00	3.0000	11.172	0.089510	542.21	569.06	1.0457	2.8431	2.9243	157.62	1.3151	9.4016e-06	0.037767	vapor
609.00	3.0000	11.146	0.089721	545.07	571.99	1.0505	2.8460	2.9269	157.86	1.3064	9.4188e-06	0.037865	vapor
610.00	3.0000	11.120	0.089931	547.93	574.91	1.0553	2.8489	2.9295	158.10	1.2977	9.4359e-06	0.037964	vapor
611.00	3.0000	11.094	0.090140	550.80	577.84	1.0601	2.8518	2.9322	158.34	1.2891	9.4531e-06	0.038063	vapor
612.00	3.0000	11.068	0.090349	553.67	580.78	1.0649	2.8546	2.9348	158.58	1.2807	9.4703e-06	0.038161	vapor
613.00	3.0000	11.043	0.090558	556.55	583.71	1.0697	2.8575	2.9374	158.81	1.2723	9.4875e-06	0.038260	vapor
614.00	3.0000	11.017	0.090767	559.42	586.65	1.0745	2.8604	2.9400	159.05	1.2640	9.5046e-06	0.038359	vapor
615.00	3.0000	10.992	0.090975	562.30	589.59	1.0793	2.8632	2.9426	159.28	1.2558	9.5218e-06	0.038458	vapor
616.00	3.0000	10.967	0.091183	565.18	592.54	1.0841	2.8661	2.9452	159.51	1.2476	9.5389e-06	0.038557	vapor
617.00	3.0000	10.942	0.091390	568.07	595.48	1.0889	2.8689	2.9478	159.75	1.2396	9.5561e-06	0.038657	vapor
618.00	3.0000	10.917	0.091597	570.95	598.43	1.0936	2.8718	2.9504	159.98	1.2316	9.5732e-06	0.038756	vapor
619.00	3.0000	10.893	0.091804	573.84	601.39	1.0984	2.8746	2.9530	160.21	1.2238	9.5903e-06	0.038855	vapor
620.00	3.0000	10.868	0.092011	576.74	604.34	1.1032	2.8775	2.9556	160.44	1.2160	9.6074e-06	0.038955	vapor
621.00	3.0000	10.844	0.092217	579.63	607.30	1.1079	2.8803	2.9582	160.67	1.2083	9.6246e-06	0.039054	vapor
622.00	3.0000	10.820	0.092423	582.53	610.26	1.1127	2.8831	2.9608	160.89	1.2006	9.6417e-06	0.039154	vapor
623.00	3.0000	10.796	0.092629	585.43	613.22	1.1175	2.8860	2.9634	161.12	1.1931	9.6588e-06	0.039253	vapor
624.00	3.0000	10.772	0.092834	588.33	616.18	1.1222	2.8888	2.9660	161.35	1.1856	9.6759e-06	0.039353	vapor
625.00	3.0000	10.748	0.093039	591.24	619.15	1.1270	2.8916	2.9686	161.57	1.1782	9.6929e-06	0.039453	vapor
626.00	3.0000	10.725	0.093244	594.15	622.12	1.1317	2.8944	2.9712	161.80	1.1709	9.7100e-06	0.039553	vapor
627.00	3.0000	10.701	0.093448	597.06	625.09	1.1365	2.8972	2.9738	162.02	1.1636	9.7271e-06	0.039653	vapor
628.00	3.0000	10.678	0.093652	599.97	628.07	1.1412	2.9000	2.9764	162.25	1.1564	9.7442e-06	0.039753	vapor
629.00	3.0000	10.655	0.093856	602.89	631.05	1.1459	2.9028	2.9790	162.47	1.1493	9.7612e-06	0.039853	vapor
630.00	3.0000	10.632	0.094059	605.81	634.03	1.1507	2.9056	2.9816	162.69	1.1423	9.7783e-06	0.039953	vapor
631.00	3.0000	10.609	0.094262	608.73	637.01	1.1554	2.9084	2.9842	162.91	1.1353	9.7953e-06	0.040054	vapor
632.00	3.0000	10.586	0.094465	611.65	639.99	1.1601	2.9112	2.9868	163.13	1.1284	9.8124e-06	0.040154	vapor
633.00	3.0000	10.563	0.094668	614.58	642.98	1.1649	2.9140	2.9893	163.35	1.1216	9.8294e-06	0.040255	vapor
634.00	3.0000	10.541	0.094870	617.51	645.97	1.1696	2.9168	2.9919	163.57	1.1148	9.8464e-06	0.040355	vapor
635.00	3.0000	10.518	0.095073	620.44	648.97	1.1743	2.9196	2.9945	163.78	1.1081	9.8635e-06	0.040456	vapor
636.00	3.0000	10.496	0.095274	623.38	651.96	1.1790	2.9223	2.9971	164.00	1.1015	9.8805e-06	0.040556	vapor
637.00	3.0000	10.474	0.095476	626.32	654.96	1.1837	2.9251	2.9997	164.22	1.0949	9.8975e-06	0.040657	vapor
638.00	3.0000	10.452	0.095677	629.26	657.96	1.1884	2.9278	3.0022	164.43	1.0884	9.9145e-06	0.040758	vapor
639.00	3.0000	10.430	0.095878	632.20	660.96	1.1931	2.9306	3.0048	164.65	1.0819	9.9315e-06	0.040858	vapor
640.00	3.0000	10.408	0.096079	635.15	663.97	1.1978	2.9334	3.0074	164.86	1.0755	9.9485e-06	0.040959	vapor
641.00	3.0000	10.386	0.096280	638.10	666.98	1.2025	2.9361	3.0099	165.08	1.0692	9.9655e-06	0.041060	vapor
642.00	3.0000	10.365	0.096480	641.05	669.99	1.2072	2.9388	3.0125	165.29	1.0629	9.9825e-06	0.041161	vapor
643.00	3.0000	10.343	0.096680	644.00	673.00	1.2119	2.9416	3.0151	165.50	1.0567	9.9995e-06	0.041262	vapor
644.00	3.0000	10.322	0.096880	646.96	676.02	1.2166	2.9443	3.0176	165.71	1.0506	1.0016e-05	0.041363	vapor
645.00	3.0000	10.301	0.097079	649.92	679.04	1.2213	2.9470	3.0202	165.92	1.0445	1.0033e-05	0.041465	vapor
646.00	3.0000	10.280	0.097279	652.88	682.06	1.2260	2.9498	3.0227	166.13	1.0384	1.0050e-05	0.041566	vapor
647.00	3.0000	10.259	0.097478	655.84	685.09	1.2306	2.9525	3.0253	166.34	1.0324	1.0067e-05	0.041667	vapor
648.00	3.0000	10.238	0.097676	658.81	688.11	1.2353	2.9552	3.0278	166.55	1.0265	1.0084e-05	0.041769	vapor
649.00	3.0000	10.217	0.097875	661.78	691.14	1.2400	2.9579	3.0304	166.76	1.0206	1.0101e-05	0.041870	vapor
650.00	3.0000	10.196	0.098073	664.75	694.17	1.2447	2.9606	3.0329	166.96	1.0148	1.0118e-05	0.041971	vapor
651.00	3.0000	10.176	0.098272	667.72	697.21	1.2493	2.9633	3.0354	167.17	1.0090	1.0135e-05	0.042073	vapor
652.00	3.0000	10.155	0.098469	670.70	700.24	1.2540	2.9660	3.0380	167.38	1.0033	1.0152e-05	0.042175	vapor
653.00	3.0000	10.135	0.098667	673.68	703.28	1.2586	2.9687	3.0405	167.58	0.99764	1.0169e-05	0.042276	vapor
654.00	3.0000	10.115	0.098865	676.66	706.32	1.2633	2.9714	3.0430	167.79	0.99203	1.0186e-05	0.042378	vapor
655.00	3.0000	10.095	0.099062	679.65	709.37	1.2679	2.9741	3.0456	167.99	0.98646	1.0203e-05	0.042480	vapor
656.00	3.0000	10.075	0.099259	682.64	712.42	1.2726	2.9768	3.0481	168.20	0.98095	1.0220e-05	0.042581	vapor
657.00	3.0000	10.055	0.099456	685.63	715.46	1.2772	2.9794	3.0506	168.40	0.97548	1.0237e-05	0.042683	vapor
658.00	3.0000	10.035	0.099652	688.62	718.52	1.2819	2.9821	3.0531	168.60	0.97006	1.0254e-05	0.042785	vapor
659.00	3.0000	10.015	0.099848	691.62	721.57	1.2865	2.9848	3.0556	168.80	0.96469	1.0270e-05	0.042887	vapor
660.00	3.0000	9.9955	0.10004	694.61	724.63	1.2911	2.9874	3.0581	169.00	0.95937	1.0287e-05	0.042989	vapor
661.00	3.0000	9.9760	0.10024	697.61	727.69	1.2958	2.9901	3.0607	169.20	0.95409	1.0304e-05	0.043091	vapor
662.00	3.0000	9.9566	0.10044	700.62	730.75	1.3004	2.9928	3.0632	169.40	0.94886	1.0321e-05	0.043193	vapor
663.00	3.0000	9.9372	0.10063	703.62	733.81	1.3050	2.9954	3.0657	169.60	0.94368	1.0338e-05	0.043295	vapor
664.00	3.0000	9.9180	0.10083	706.63	736.88	1.3097	2.9980	3.0682	169.80	0.93854	1.0355e-05	0.043397	vapor
665.00	3.0000	9.8988	0.10102	709.64	739.95	1.3143	3.0007	3.0707	170.00	0.93344	1.0372e-05	0.043499	vapor
666.00	3.0000	9.8798	0.10122	712.66	743.02	1.3189	3.0033	3.0732	170.20	0.92839	1.0389e-05	0.043601	vapor
667.00	3.0000	9.8608	0.10141	715.67	746.10	1.3235	3.0059	3.0756	170.40	0.92338	1.0405e-05	0.043704	vapor
668.00	3.0000	9.8419	0.10161	718.69	749.17	1.3281	3.0086	3.0781	170.59	0.91841	1.0422e-05	0.043806	vapor
669.00	3.0000	9.8231	0.10180	721.71	752.25	1.3327	3.0112	3.0806	170.79	0.91349	1.0439e-05	0.043908	vapor
670.00	3.0000	9.8044	0.10199	724.74	755.33	1.3373	3.0138	3.0831	170.99	0.90861	1.0456e-05	0.044011	vapor
671.00	3.0000	9.7858	0.10219	727.76	758.42	1.3419	3.0164	3.0856	171.18	0.90376	1.0473e-05	0.044113	vapor
672.00	3.0000	9.7673	0.10238	730.79	761.51	1.3465	3.0190	3.0881	171.38	0.89896	1.0490e-05	0.044216	vapor
673.00	3.0000	9.7489	0.10258	733.82	764.59	1.3511	3.0216	3.0905	171.57	0.89420	1.0506e-05	0.044318	vapor
674.00	3.0000	9.7305	0.10277	736.86	767.69	1.3557	3.0242	3.0930	171.76	0.88948	1.0523e-05	0.044421	vapor
675.00	3.0000	9.7123	0.10296	739.89	770.78	1.3603	3.0268	3.0955	171.96	0.88480	1.0540e-05	0.044523	vapor
676.00	3.0000	9.6941	0.10316	742.93	773.88	1.3649	3.0294	3.0979	172.15	0.88016	1.0557e-05	0.044626	vapor
677.00	3.0000	9.6760	0.10335	745.97	776.98	1.3695	3.0320	3.1004	172.34	0.87556	1.0574e-05	0.044728	vapor
678.00	3.0000	9.6580	0.10354	749.02	780.08	1.3740	3.0346	3.1028	172.53	0.87099	1.0591e-05	0.044831	vapor
679.00	3.0000	9.6401	0.10373	752.06	783.18	1.3786	3.0371	3.1053	172.72	0.86646	1.0607e-05	0.044934	vapor
680.00	3.0000	9.6222	0.10393	755.11	786.29	1.3832	3.0397	3.1077	172.91	0.86197	1.0624e-05	0.045036	vapor
681.00	3.0000	9.6045	0.10412	758.16	789.40	1.3878	3.0423	3.1102	173.10	0.85752	1.0641e-05	0.045139	vapor
682.00	3.0000	9.5868	0.10431	761.22	792.51	1.3923	3.0448	3.1126	173.29	0.85310	1.0658e-05	0.045242	vapor
683.00	3.0000	9.5692	0.10450	764.27	795.62	1.3969	3.0474	3.1151	173.48	0.84871	1.0675e-05	0.045345	vapor
684.00	3.0000	9.5517	0.10469	767.33	798.74	1.4014	3.0499	3.1175	173.67	0.84437	1.0691e-05	0.045447	vapor
685.00	3.0000	9.5343	0.10489	770.39	801.86	1.4060	3.0525	3.1199	173.86	0.84005	1.0708e-05	0.045550	vapor
686.00	3.0000	9.5169	0.10508	773.46	804.98	1.4105	3.0550	3.1224	174.05	0.83578	1.0725e-05	0.045653	vapor
687.00	3.0000	9.4996	0.10527	776.52	808.10	1.4151	3.0576	3.1248	174.23	0.83153	1.0742e-05	0.045756	vapor
688.00	3.0000	9.4824	0.10546	779.59	811.23	1.4196	3.0601	3.1272	174.42	0.82732	1.0758e-05	0.045859	vapor
689.00	3.0000	9.4653	0.10565	782.66	814.36	1.4242	3.0626	3.1296	174.61	0.82315	1.0775e-05	0.045962	vapor
690.00	3.0000	9.4482	0.10584	785.74	817.49	1.4287	3.0651	3.1320	174.79	0.81901	1.0792e-05	0.046065	vapor
691.00	3.0000	9.4313	0.10603	788.81	820.62	1.4333	3.0677	3.1344	174.98	0.81489	1.0809e-05	0.046168	vapor
692.00	3.0000	9.4144	0.10622	791.89	823.76	1.4378	3.0702	3.1368	175.16	0.81082	1.0825e-05	0.046271	vapor
693.00	3.0000	9.3975	0.10641	794.97	826.89	1.4423	3.0727	3.1392	175.35	0.80677	1.0842e-05	0.046374	vapor
694.00	3.0000	9.3808	0.10660	798.05	830.04	1.4469	3.0752	3.1416	175.53	0.80276	1.0859e-05	0.046477	vapor
695.00	3.0000	9.3641	0.10679	801.14	833.18	1.4514	3.0777	3.1440	175.72	0.79877	1.0876e-05	0.046580	vapor
696.00	3.0000	9.3475	0.10698	804.23	836.32	1.4559	3.0802	3.1464	175.90	0.79482	1.0892e-05	0.046683	vapor
697.00	3.0000	9.3310	0.10717	807.32	839.47	1.4604	3.0827	3.1488	176.08	0.79090	1.0909e-05	0.046786	vapor
698.00	3.0000	9.3145	0.10736	810.41	842.62	1.4649	3.0852	3.1512	176.27	0.78701	1.0926e-05	0.046889	vapor
699.00	3.0000	9.2981	0.10755	813.51	845.77	1.4695	3.0877	3.1536	176.45	0.78315	1.0943e-05	0.046992	vapor
700.00	3.0000	9.2818	0.10774	816.61	848.93	1.4740	3.0901	3.1560	176.63	0.77932	1.0959e-05	0.047095	vapor
