Temperature (K)	Pressure (bar)	Density (kg/m3)	Volume (m3/kg)	Internal Energy (kJ/kg)	Enthalpy (kJ/kg)	Entropy (J/g*K)	Cv (J/g*K)	Cp (J/g*K)	Sound Spd. (m/s)	Joule-Thomson (K/bar)	Viscosity (Pa*s)	Therm. Cond. (W/m*K)	Phase
275.00	139.00	771.43	0.0012963	-547.60	-529.58	-1.4536	1.7436	2.1379	1452.7	-0.045415	0.0025946	0.14532	liquid
276.00	139.00	770.73	0.0012975	-545.48	-527.45	-1.4459	1.7470	2.1406	1448.7	-0.045347	0.0025335	0.14509	liquid
277.00	139.00	770.03	0.0012987	-543.35	-525.30	-1.4381	1.7503	2.1433	1444.6	-0.045278	0.0024747	0.14485	liquid
278.00	139.00	769.32	0.0012998	-541.23	-523.16	-1.4304	1.7537	2.1460	1440.5	-0.045209	0.0024180	0.14461	liquid
279.00	139.00	768.62	0.0013010	-539.10	-521.01	-1.4227	1.7571	2.1488	1436.5	-0.045139	0.0023633	0.14438	liquid
280.00	139.00	767.92	0.0013022	-536.96	-518.86	-1.4150	1.7604	2.1515	1432.5	-0.045068	0.0023106	0.14414	liquid
281.00	139.00	767.22	0.0013034	-534.83	-516.71	-1.4073	1.7639	2.1543	1428.5	-0.044997	0.0022597	0.14391	liquid
282.00	139.00	766.52	0.0013046	-532.69	-514.55	-1.3997	1.7673	2.1571	1424.5	-0.044926	0.0022107	0.14367	liquid
283.00	139.00	765.82	0.0013058	-530.54	-512.39	-1.3920	1.7707	2.1600	1420.5	-0.044853	0.0021632	0.14344	liquid
284.00	139.00	765.13	0.0013070	-528.40	-510.23	-1.3844	1.7742	2.1628	1416.5	-0.044781	0.0021174	0.14321	liquid
285.00	139.00	764.43	0.0013082	-526.25	-508.07	-1.3768	1.7776	2.1657	1412.6	-0.044707	0.0020732	0.14298	liquid
286.00	139.00	763.73	0.0013094	-524.10	-505.90	-1.3692	1.7811	2.1686	1408.7	-0.044634	0.0020304	0.14275	liquid
287.00	139.00	763.04	0.0013106	-521.95	-503.73	-1.3616	1.7846	2.1715	1404.7	-0.044560	0.0019889	0.14252	liquid
288.00	139.00	762.34	0.0013117	-519.79	-501.56	-1.3541	1.7881	2.1744	1400.8	-0.044485	0.0019489	0.14229	liquid
289.00	139.00	761.65	0.0013129	-517.63	-499.38	-1.3465	1.7916	2.1774	1396.9	-0.044410	0.0019100	0.14206	liquid
290.00	139.00	760.95	0.0013141	-515.47	-497.20	-1.3390	1.7951	2.1803	1393.1	-0.044334	0.0018725	0.14183	liquid
291.00	139.00	760.26	0.0013153	-513.30	-495.02	-1.3315	1.7986	2.1833	1389.2	-0.044258	0.0018361	0.14160	liquid
292.00	139.00	759.56	0.0013165	-511.14	-492.84	-1.3240	1.8021	2.1863	1385.4	-0.044182	0.0018008	0.14138	liquid
293.00	139.00	758.87	0.0013177	-508.97	-490.65	-1.3165	1.8057	2.1893	1381.5	-0.044105	0.0017665	0.14115	liquid
294.00	139.00	758.18	0.0013189	-506.79	-488.46	-1.3090	1.8092	2.1924	1377.7	-0.044027	0.0017334	0.14092	liquid
295.00	139.00	757.49	0.0013202	-504.61	-486.26	-1.3016	1.8128	2.1954	1373.9	-0.043949	0.0017012	0.14070	liquid
296.00	139.00	756.80	0.0013214	-502.43	-484.07	-1.2942	1.8164	2.1985	1370.1	-0.043871	0.0016699	0.14047	liquid
297.00	139.00	756.11	0.0013226	-500.25	-481.87	-1.2867	1.8200	2.2016	1366.3	-0.043792	0.0016396	0.14025	liquid
298.00	139.00	755.42	0.0013238	-498.06	-479.66	-1.2793	1.8236	2.2047	1362.5	-0.043713	0.0016101	0.14003	liquid
299.00	139.00	754.73	0.0013250	-495.87	-477.46	-1.2719	1.8272	2.2078	1358.8	-0.043634	0.0015815	0.13981	liquid
300.00	139.00	754.04	0.0013262	-493.68	-475.25	-1.2646	1.8308	2.2110	1355.0	-0.043554	0.0015537	0.13958	liquid
301.00	139.00	753.35	0.0013274	-491.49	-473.04	-1.2572	1.8344	2.2141	1351.3	-0.043474	0.0015267	0.13936	liquid
302.00	139.00	752.67	0.0013286	-489.29	-470.82	-1.2499	1.8380	2.2173	1347.6	-0.043393	0.0015004	0.13914	liquid
303.00	139.00	751.98	0.0013298	-487.09	-468.60	-1.2425	1.8417	2.2205	1343.9	-0.043313	0.0014749	0.13892	liquid
304.00	139.00	751.29	0.0013310	-484.88	-466.38	-1.2352	1.8453	2.2237	1340.2	-0.043231	0.0014500	0.13870	liquid
305.00	139.00	750.60	0.0013323	-482.67	-464.15	-1.2279	1.8490	2.2269	1336.5	-0.043150	0.0014258	0.13848	liquid
306.00	139.00	749.92	0.0013335	-480.46	-461.93	-1.2206	1.8527	2.2301	1332.9	-0.043068	0.0014023	0.13827	liquid
307.00	139.00	749.23	0.0013347	-478.25	-459.69	-1.2133	1.8563	2.2333	1329.2	-0.042985	0.0013793	0.13805	liquid
308.00	139.00	748.55	0.0013359	-476.03	-457.46	-1.2060	1.8600	2.2366	1325.6	-0.042903	0.0013570	0.13783	liquid
309.00	139.00	747.86	0.0013371	-473.81	-455.22	-1.1988	1.8637	2.2398	1321.9	-0.042820	0.0013353	0.13761	liquid
310.00	139.00	747.18	0.0013384	-471.58	-452.98	-1.1916	1.8674	2.2431	1318.3	-0.042736	0.0013141	0.13740	liquid
311.00	139.00	746.50	0.0013396	-469.35	-450.73	-1.1843	1.8711	2.2464	1314.7	-0.042653	0.0012934	0.13718	liquid
312.00	139.00	745.81	0.0013408	-467.12	-448.49	-1.1771	1.8748	2.2497	1311.1	-0.042569	0.0012733	0.13697	liquid
313.00	139.00	745.13	0.0013420	-464.89	-446.23	-1.1699	1.8785	2.2530	1307.5	-0.042485	0.0012537	0.13675	liquid
314.00	139.00	744.45	0.0013433	-462.65	-443.98	-1.1627	1.8823	2.2564	1303.9	-0.042400	0.0012346	0.13654	liquid
315.00	139.00	743.77	0.0013445	-460.41	-441.72	-1.1555	1.8860	2.2597	1300.4	-0.042315	0.0012159	0.13633	liquid
316.00	139.00	743.08	0.0013457	-458.17	-439.46	-1.1484	1.8897	2.2631	1296.8	-0.042230	0.0011977	0.13611	liquid
317.00	139.00	742.40	0.0013470	-455.92	-437.20	-1.1412	1.8935	2.2664	1293.3	-0.042145	0.0011799	0.13590	liquid
318.00	139.00	741.72	0.0013482	-453.67	-434.93	-1.1341	1.8972	2.2698	1289.8	-0.042059	0.0011626	0.13569	liquid
319.00	139.00	741.04	0.0013495	-451.41	-432.66	-1.1269	1.9010	2.2732	1286.2	-0.041973	0.0011456	0.13548	liquid
320.00	139.00	740.36	0.0013507	-449.16	-430.38	-1.1198	1.9047	2.2766	1282.7	-0.041887	0.0011291	0.13527	liquid
321.00	139.00	739.68	0.0013519	-446.89	-428.10	-1.1127	1.9085	2.2800	1279.2	-0.041800	0.0011129	0.13506	liquid
322.00	139.00	739.00	0.0013532	-444.63	-425.82	-1.1056	1.9123	2.2834	1275.7	-0.041714	0.0010972	0.13485	liquid
323.00	139.00	738.32	0.0013544	-442.36	-423.54	-1.0985	1.9161	2.2868	1272.3	-0.041627	0.0010817	0.13464	liquid
324.00	139.00	737.64	0.0013557	-440.09	-421.25	-1.0914	1.9198	2.2903	1268.8	-0.041540	0.0010667	0.13443	liquid
325.00	139.00	736.96	0.0013569	-437.82	-418.96	-1.0844	1.9236	2.2937	1265.4	-0.041452	0.0010519	0.13422	liquid
326.00	139.00	736.29	0.0013582	-435.54	-416.66	-1.0773	1.9274	2.2972	1261.9	-0.041364	0.0010375	0.13402	liquid
327.00	139.00	735.61	0.0013594	-433.26	-414.36	-1.0703	1.9312	2.3007	1258.5	-0.041276	0.0010235	0.13381	liquid
328.00	139.00	734.93	0.0013607	-430.97	-412.06	-1.0633	1.9350	2.3041	1255.1	-0.041188	0.0010097	0.13360	liquid
329.00	139.00	734.25	0.0013619	-428.68	-409.75	-1.0562	1.9388	2.3076	1251.7	-0.041100	0.00099621	0.13340	liquid
330.00	139.00	733.57	0.0013632	-426.39	-407.44	-1.0492	1.9426	2.3111	1248.2	-0.041011	0.00098303	0.13319	liquid
331.00	139.00	732.90	0.0013644	-424.10	-405.13	-1.0422	1.9465	2.3146	1244.9	-0.040922	0.00097014	0.13299	liquid
332.00	139.00	732.22	0.0013657	-421.80	-402.81	-1.0352	1.9503	2.3181	1241.5	-0.040833	0.00095752	0.13278	liquid
333.00	139.00	731.54	0.0013670	-419.50	-400.49	-1.0283	1.9541	2.3217	1238.1	-0.040744	0.00094516	0.13258	liquid
334.00	139.00	730.87	0.0013682	-417.19	-398.17	-1.0213	1.9579	2.3252	1234.7	-0.040654	0.00093307	0.13237	liquid
335.00	139.00	730.19	0.0013695	-414.88	-395.84	-1.0143	1.9618	2.3287	1231.4	-0.040565	0.00092122	0.13217	liquid
336.00	139.00	729.51	0.0013708	-412.57	-393.51	-1.0074	1.9656	2.3323	1228.1	-0.040475	0.00090962	0.13197	liquid
337.00	139.00	728.84	0.0013720	-410.25	-391.18	-1.0005	1.9694	2.3358	1224.7	-0.040385	0.00089826	0.13176	liquid
338.00	139.00	728.16	0.0013733	-407.93	-388.84	-0.99353	1.9733	2.3394	1221.4	-0.040294	0.00088713	0.13156	liquid
339.00	139.00	727.49	0.0013746	-405.61	-386.50	-0.98662	1.9771	2.3430	1218.1	-0.040204	0.00087622	0.13136	liquid
340.00	139.00	726.81	0.0013759	-403.28	-384.16	-0.97971	1.9810	2.3465	1214.8	-0.040113	0.00086553	0.13116	liquid
341.00	139.00	726.14	0.0013772	-400.95	-381.81	-0.97281	1.9848	2.3501	1211.5	-0.040022	0.00085505	0.13096	liquid
342.00	139.00	725.46	0.0013784	-398.62	-379.46	-0.96593	1.9887	2.3537	1208.2	-0.039931	0.00084478	0.13076	liquid
343.00	139.00	724.79	0.0013797	-396.28	-377.10	-0.95905	1.9925	2.3573	1204.9	-0.039840	0.00083471	0.13056	liquid
344.00	139.00	724.11	0.0013810	-393.94	-374.74	-0.95218	1.9964	2.3609	1201.7	-0.039748	0.00082484	0.13036	liquid
345.00	139.00	723.44	0.0013823	-391.59	-372.38	-0.94532	2.0002	2.3645	1198.4	-0.039657	0.00081515	0.13016	liquid
346.00	139.00	722.76	0.0013836	-389.24	-370.01	-0.93847	2.0041	2.3682	1195.2	-0.039565	0.00080566	0.12996	liquid
347.00	139.00	722.09	0.0013849	-386.89	-367.64	-0.93164	2.0080	2.3718	1191.9	-0.039473	0.00079634	0.12976	liquid
348.00	139.00	721.41	0.0013862	-384.54	-365.27	-0.92480	2.0118	2.3754	1188.7	-0.039380	0.00078720	0.12957	liquid
349.00	139.00	720.74	0.0013875	-382.18	-362.89	-0.91798	2.0157	2.3790	1185.5	-0.039288	0.00077822	0.12937	liquid
350.00	139.00	720.07	0.0013888	-379.81	-360.51	-0.91117	2.0196	2.3827	1182.3	-0.039196	0.00076942	0.12917	liquid
351.00	139.00	719.39	0.0013901	-377.45	-358.13	-0.90437	2.0234	2.3863	1179.1	-0.039103	0.00076078	0.12898	liquid
352.00	139.00	718.72	0.0013914	-375.08	-355.74	-0.89757	2.0273	2.3900	1175.9	-0.039010	0.00075229	0.12878	liquid
353.00	139.00	718.05	0.0013927	-372.70	-353.35	-0.89079	2.0312	2.3936	1172.7	-0.038917	0.00074396	0.12859	liquid
354.00	139.00	717.37	0.0013940	-370.33	-350.95	-0.88401	2.0351	2.3973	1169.5	-0.038824	0.00073578	0.12839	liquid
355.00	139.00	716.70	0.0013953	-367.95	-348.55	-0.87724	2.0389	2.4010	1166.3	-0.038730	0.00072775	0.12820	liquid
356.00	139.00	716.03	0.0013966	-365.56	-346.15	-0.87049	2.0428	2.4046	1163.2	-0.038637	0.00071986	0.12800	liquid
357.00	139.00	715.35	0.0013979	-363.17	-343.74	-0.86374	2.0467	2.4083	1160.0	-0.038543	0.00071211	0.12781	liquid
358.00	139.00	714.68	0.0013992	-360.78	-341.33	-0.85699	2.0506	2.4120	1156.9	-0.038449	0.00070449	0.12761	liquid
359.00	139.00	714.01	0.0014005	-358.39	-338.92	-0.85026	2.0545	2.4157	1153.7	-0.038355	0.00069701	0.12742	liquid
360.00	139.00	713.33	0.0014019	-355.99	-336.50	-0.84354	2.0584	2.4194	1150.6	-0.038261	0.00068966	0.12723	liquid
361.00	139.00	712.66	0.0014032	-353.58	-334.08	-0.83682	2.0622	2.4231	1147.5	-0.038166	0.00068243	0.12704	liquid
362.00	139.00	711.99	0.0014045	-351.18	-331.65	-0.83011	2.0661	2.4268	1144.4	-0.038072	0.00067533	0.12684	liquid
363.00	139.00	711.31	0.0014059	-348.77	-329.23	-0.82341	2.0700	2.4305	1141.3	-0.037977	0.00066835	0.12665	liquid
364.00	139.00	710.64	0.0014072	-346.35	-326.79	-0.81672	2.0739	2.4342	1138.2	-0.037882	0.00066148	0.12646	liquid
365.00	139.00	709.97	0.0014085	-343.94	-324.36	-0.81004	2.0778	2.4379	1135.1	-0.037787	0.00065473	0.12627	liquid
366.00	139.00	709.29	0.0014099	-341.51	-321.92	-0.80336	2.0817	2.4416	1132.0	-0.037692	0.00064809	0.12608	liquid
367.00	139.00	708.62	0.0014112	-339.09	-319.47	-0.79670	2.0856	2.4453	1128.9	-0.037597	0.00064156	0.12589	liquid
368.00	139.00	707.95	0.0014125	-336.66	-317.03	-0.79004	2.0894	2.4490	1125.9	-0.037502	0.00063514	0.12570	liquid
369.00	139.00	707.28	0.0014139	-334.23	-314.58	-0.78339	2.0933	2.4528	1122.8	-0.037406	0.00062882	0.12551	liquid
370.00	139.00	706.60	0.0014152	-331.79	-312.12	-0.77674	2.0972	2.4565	1119.8	-0.037310	0.00062261	0.12532	liquid
371.00	139.00	705.93	0.0014166	-329.35	-309.66	-0.77011	2.1011	2.4602	1116.7	-0.037214	0.00061649	0.12513	liquid
372.00	139.00	705.26	0.0014179	-326.91	-307.20	-0.76348	2.1050	2.4640	1113.7	-0.037118	0.00061047	0.12495	liquid
373.00	139.00	704.58	0.0014193	-324.46	-304.74	-0.75686	2.1089	2.4677	1110.7	-0.037022	0.00060455	0.12476	liquid
374.00	139.00	703.91	0.0014206	-322.01	-302.27	-0.75025	2.1128	2.4714	1107.7	-0.036926	0.00059872	0.12457	liquid
375.00	139.00	703.24	0.0014220	-319.56	-299.79	-0.74364	2.1167	2.4752	1104.7	-0.036829	0.00059298	0.12438	liquid
376.00	139.00	702.56	0.0014234	-317.10	-297.32	-0.73705	2.1205	2.4789	1101.7	-0.036733	0.00058733	0.12420	liquid
377.00	139.00	701.89	0.0014247	-314.64	-294.83	-0.73046	2.1244	2.4827	1098.7	-0.036636	0.00058176	0.12401	liquid
378.00	139.00	701.22	0.0014261	-312.17	-292.35	-0.72388	2.1283	2.4864	1095.7	-0.036539	0.00057628	0.12382	liquid
379.00	139.00	700.54	0.0014275	-309.70	-289.86	-0.71730	2.1322	2.4902	1092.7	-0.036442	0.00057089	0.12364	liquid
380.00	139.00	699.87	0.0014288	-307.23	-287.37	-0.71074	2.1361	2.4939	1089.7	-0.036345	0.00056558	0.12345	liquid
381.00	139.00	699.20	0.0014302	-304.75	-284.87	-0.70418	2.1400	2.4977	1086.8	-0.036247	0.00056034	0.12327	liquid
382.00	139.00	698.52	0.0014316	-302.27	-282.37	-0.69762	2.1438	2.5014	1083.8	-0.036150	0.00055519	0.12308	liquid
383.00	139.00	697.85	0.0014330	-299.79	-279.87	-0.69108	2.1477	2.5052	1080.9	-0.036052	0.00055011	0.12290	liquid
384.00	139.00	697.18	0.0014344	-297.30	-277.36	-0.68454	2.1516	2.5089	1077.9	-0.035954	0.00054510	0.12272	liquid
385.00	139.00	696.50	0.0014357	-294.81	-274.85	-0.67801	2.1555	2.5127	1075.0	-0.035856	0.00054017	0.12253	liquid
386.00	139.00	695.83	0.0014371	-292.31	-272.34	-0.67149	2.1594	2.5165	1072.1	-0.035758	0.00053531	0.12235	liquid
387.00	139.00	695.16	0.0014385	-289.82	-269.82	-0.66497	2.1632	2.5202	1069.1	-0.035660	0.00053052	0.12217	liquid
388.00	139.00	694.48	0.0014399	-287.31	-267.30	-0.65847	2.1671	2.5240	1066.2	-0.035561	0.00052580	0.12198	liquid
389.00	139.00	693.81	0.0014413	-284.81	-264.77	-0.65196	2.1710	2.5278	1063.3	-0.035463	0.00052115	0.12180	liquid
390.00	139.00	693.13	0.0014427	-282.30	-262.24	-0.64547	2.1748	2.5315	1060.4	-0.035364	0.00051656	0.12162	liquid
391.00	139.00	692.46	0.0014441	-279.78	-259.71	-0.63898	2.1787	2.5353	1057.5	-0.035265	0.00051204	0.12144	liquid
392.00	139.00	691.78	0.0014455	-277.26	-257.17	-0.63250	2.1826	2.5391	1054.6	-0.035166	0.00050758	0.12126	liquid
393.00	139.00	691.11	0.0014470	-274.74	-254.63	-0.62603	2.1864	2.5428	1051.8	-0.035067	0.00050318	0.12108	liquid
394.00	139.00	690.43	0.0014484	-272.22	-252.09	-0.61956	2.1903	2.5466	1048.9	-0.034967	0.00049885	0.12089	liquid
395.00	139.00	689.76	0.0014498	-269.69	-249.54	-0.61310	2.1942	2.5504	1046.0	-0.034868	0.00049457	0.12071	liquid
396.00	139.00	689.08	0.0014512	-267.16	-246.99	-0.60665	2.1980	2.5542	1043.2	-0.034768	0.00049035	0.12053	liquid
397.00	139.00	688.41	0.0014526	-264.62	-244.43	-0.60020	2.2019	2.5579	1040.3	-0.034668	0.00048619	0.12036	liquid
398.00	139.00	687.73	0.0014541	-262.08	-241.87	-0.59376	2.2058	2.5617	1037.5	-0.034568	0.00048208	0.12018	liquid
399.00	139.00	687.06	0.0014555	-259.54	-239.31	-0.58733	2.2096	2.5655	1034.6	-0.034468	0.00047803	0.12000	liquid
400.00	139.00	686.38	0.0014569	-256.99	-236.74	-0.58090	2.2135	2.5693	1031.8	-0.034368	0.00047403	0.11982	liquid
401.00	139.00	685.71	0.0014584	-254.44	-234.17	-0.57448	2.2173	2.5730	1029.0	-0.034267	0.00047009	0.11964	liquid
402.00	139.00	685.03	0.0014598	-251.88	-231.59	-0.56807	2.2212	2.5768	1026.1	-0.034167	0.00046620	0.11946	liquid
403.00	139.00	684.35	0.0014612	-249.33	-229.01	-0.56166	2.2250	2.5806	1023.3	-0.034066	0.00046236	0.11928	liquid
404.00	139.00	683.68	0.0014627	-246.76	-226.43	-0.55526	2.2288	2.5844	1020.5	-0.033965	0.00045856	0.11911	liquid
405.00	139.00	683.00	0.0014641	-244.20	-223.85	-0.54887	2.2327	2.5881	1017.7	-0.033864	0.00045482	0.11893	liquid
406.00	139.00	682.32	0.0014656	-241.63	-221.26	-0.54248	2.2365	2.5919	1014.9	-0.033763	0.00045113	0.11875	liquid
407.00	139.00	681.64	0.0014670	-239.05	-218.66	-0.53610	2.2404	2.5957	1012.1	-0.033661	0.00044748	0.11858	liquid
408.00	139.00	680.97	0.0014685	-236.48	-216.06	-0.52972	2.2442	2.5995	1009.3	-0.033559	0.00044388	0.11840	liquid
409.00	139.00	680.29	0.0014700	-233.89	-213.46	-0.52336	2.2480	2.6032	1006.6	-0.033458	0.00044032	0.11822	liquid
410.00	139.00	679.61	0.0014714	-231.31	-210.86	-0.51699	2.2519	2.6070	1003.8	-0.033356	0.00043681	0.11805	liquid
411.00	139.00	678.93	0.0014729	-228.72	-208.25	-0.51064	2.2557	2.6108	1001.0	-0.033253	0.00043334	0.11787	liquid
412.00	139.00	678.26	0.0014744	-226.13	-205.64	-0.50429	2.2595	2.6145	998.28	-0.033151	0.00042992	0.11770	liquid
413.00	139.00	677.58	0.0014758	-223.53	-203.02	-0.49795	2.2633	2.6183	995.53	-0.033049	0.00042654	0.11752	liquid
414.00	139.00	676.90	0.0014773	-220.93	-200.40	-0.49161	2.2671	2.6221	992.79	-0.032946	0.00042319	0.11735	liquid
415.00	139.00	676.22	0.0014788	-218.33	-197.78	-0.48528	2.2710	2.6259	990.05	-0.032843	0.00041989	0.11718	liquid
416.00	139.00	675.54	0.0014803	-215.72	-195.15	-0.47896	2.2748	2.6296	987.32	-0.032740	0.00041663	0.11700	liquid
417.00	139.00	674.86	0.0014818	-213.11	-192.52	-0.47264	2.2786	2.6334	984.59	-0.032637	0.00041341	0.11683	liquid
418.00	139.00	674.18	0.0014833	-210.50	-189.88	-0.46633	2.2824	2.6372	981.87	-0.032533	0.00041023	0.11666	liquid
419.00	139.00	673.50	0.0014848	-207.88	-187.24	-0.46002	2.2862	2.6409	979.16	-0.032430	0.00040708	0.11648	liquid
420.00	139.00	672.82	0.0014863	-205.26	-184.60	-0.45372	2.2900	2.6447	976.45	-0.032326	0.00040397	0.11631	liquid
421.00	139.00	672.14	0.0014878	-202.63	-181.95	-0.44743	2.2938	2.6485	973.75	-0.032222	0.00040090	0.11614	liquid
422.00	139.00	671.46	0.0014893	-200.00	-179.30	-0.44114	2.2976	2.6522	971.05	-0.032118	0.00039787	0.11597	liquid
423.00	139.00	670.78	0.0014908	-197.37	-176.65	-0.43486	2.3014	2.6560	968.36	-0.032013	0.00039486	0.11580	liquid
424.00	139.00	670.10	0.0014923	-194.73	-173.99	-0.42858	2.3051	2.6597	965.68	-0.031909	0.00039190	0.11562	liquid
425.00	139.00	669.41	0.0014938	-192.09	-171.33	-0.42231	2.3089	2.6635	963.00	-0.031804	0.00038897	0.11545	liquid
426.00	139.00	668.73	0.0014954	-189.45	-168.66	-0.41605	2.3127	2.6672	960.33	-0.031699	0.00038607	0.11528	liquid
427.00	139.00	668.05	0.0014969	-186.80	-165.99	-0.40979	2.3165	2.6710	957.66	-0.031594	0.00038320	0.11511	liquid
428.00	139.00	667.37	0.0014984	-184.15	-163.32	-0.40354	2.3203	2.6748	955.00	-0.031488	0.00038037	0.11494	liquid
429.00	139.00	666.68	0.0015000	-181.49	-160.64	-0.39729	2.3240	2.6785	952.35	-0.031383	0.00037757	0.11477	liquid
430.00	139.00	666.00	0.0015015	-178.83	-157.96	-0.39105	2.3278	2.6823	949.70	-0.031277	0.00037479	0.11460	liquid
431.00	139.00	665.32	0.0015030	-176.17	-155.28	-0.38481	2.3316	2.6860	947.06	-0.031171	0.00037205	0.11443	liquid
432.00	139.00	664.63	0.0015046	-173.51	-152.59	-0.37858	2.3353	2.6897	944.42	-0.031065	0.00036934	0.11426	liquid
433.00	139.00	663.95	0.0015061	-170.84	-149.90	-0.37236	2.3391	2.6935	941.79	-0.030958	0.00036666	0.11410	liquid
434.00	139.00	663.26	0.0015077	-168.16	-147.20	-0.36614	2.3428	2.6972	939.16	-0.030852	0.00036401	0.11393	liquid
435.00	139.00	662.58	0.0015093	-165.48	-144.51	-0.35993	2.3466	2.7010	936.54	-0.030745	0.00036139	0.11376	liquid
436.00	139.00	661.89	0.0015108	-162.80	-141.80	-0.35373	2.3503	2.7047	933.92	-0.030638	0.00035880	0.11359	liquid
437.00	139.00	661.21	0.0015124	-160.12	-139.10	-0.34752	2.3541	2.7084	931.32	-0.030531	0.00035623	0.11342	liquid
438.00	139.00	660.52	0.0015140	-157.43	-136.39	-0.34133	2.3578	2.7122	928.71	-0.030423	0.00035369	0.11326	liquid
439.00	139.00	659.84	0.0015155	-154.74	-133.67	-0.33514	2.3615	2.7159	926.11	-0.030315	0.00035118	0.11309	liquid
440.00	139.00	659.15	0.0015171	-152.04	-130.95	-0.32896	2.3652	2.7196	923.52	-0.030207	0.00034869	0.11292	liquid
441.00	139.00	658.46	0.0015187	-149.34	-128.23	-0.32278	2.3690	2.7234	920.93	-0.030099	0.00034624	0.11276	liquid
442.00	139.00	657.77	0.0015203	-146.64	-125.51	-0.31661	2.3727	2.7271	918.35	-0.029991	0.00034380	0.11259	liquid
443.00	139.00	657.09	0.0015219	-143.93	-122.78	-0.31044	2.3764	2.7308	915.78	-0.029882	0.00034139	0.11243	liquid
444.00	139.00	656.40	0.0015235	-141.22	-120.05	-0.30428	2.3801	2.7345	913.21	-0.029773	0.00033901	0.11226	liquid
445.00	139.00	655.71	0.0015251	-138.51	-117.31	-0.29812	2.3838	2.7382	910.64	-0.029664	0.00033665	0.11209	liquid
446.00	139.00	655.02	0.0015267	-135.79	-114.57	-0.29197	2.3875	2.7419	908.08	-0.029555	0.00033431	0.11193	liquid
447.00	139.00	654.33	0.0015283	-133.07	-111.83	-0.28583	2.3912	2.7456	905.53	-0.029445	0.00033200	0.11177	liquid
448.00	139.00	653.64	0.0015299	-130.34	-109.08	-0.27969	2.3949	2.7494	902.98	-0.029335	0.00032972	0.11160	liquid
449.00	139.00	652.95	0.0015315	-127.62	-106.33	-0.27355	2.3986	2.7531	900.44	-0.029225	0.00032745	0.11144	liquid
450.00	139.00	652.26	0.0015331	-124.88	-103.57	-0.26742	2.4023	2.7568	897.90	-0.029115	0.00032521	0.11127	liquid
451.00	139.00	651.57	0.0015348	-122.15	-100.81	-0.26130	2.4060	2.7605	895.37	-0.029004	0.00032299	0.11111	liquid
452.00	139.00	650.88	0.0015364	-119.41	-98.051	-0.25518	2.4097	2.7642	892.84	-0.028893	0.00032079	0.11095	liquid
453.00	139.00	650.19	0.0015380	-116.66	-95.285	-0.24907	2.4133	2.7678	890.32	-0.028782	0.00031861	0.11078	liquid
454.00	139.00	649.50	0.0015397	-113.92	-92.516	-0.24296	2.4170	2.7715	887.80	-0.028671	0.00031646	0.11062	liquid
455.00	139.00	648.80	0.0015413	-111.17	-89.742	-0.23686	2.4207	2.7752	885.29	-0.028559	0.00031432	0.11046	liquid
456.00	139.00	648.11	0.0015429	-108.41	-86.965	-0.23076	2.4243	2.7789	882.79	-0.028447	0.00031221	0.11030	liquid
457.00	139.00	647.42	0.0015446	-105.65	-84.184	-0.22467	2.4280	2.7826	880.29	-0.028335	0.00031011	0.11013	liquid
458.00	139.00	646.72	0.0015463	-102.89	-81.400	-0.21858	2.4316	2.7863	877.79	-0.028222	0.00030804	0.10997	liquid
459.00	139.00	646.03	0.0015479	-100.13	-78.612	-0.21250	2.4353	2.7899	875.30	-0.028110	0.00030599	0.10981	liquid
460.00	139.00	645.34	0.0015496	-97.359	-75.820	-0.20643	2.4389	2.7936	872.82	-0.027997	0.00030395	0.10965	liquid
461.00	139.00	644.64	0.0015513	-94.587	-73.025	-0.20036	2.4426	2.7973	870.34	-0.027883	0.00030194	0.10949	liquid
462.00	139.00	643.94	0.0015529	-91.811	-70.226	-0.19429	2.4462	2.8009	867.87	-0.027770	0.00029994	0.10933	liquid
463.00	139.00	643.25	0.0015546	-89.032	-67.423	-0.18823	2.4498	2.8046	865.40	-0.027656	0.00029797	0.10917	liquid
464.00	139.00	642.55	0.0015563	-86.249	-64.616	-0.18218	2.4535	2.8083	862.93	-0.027542	0.00029601	0.10901	liquid
465.00	139.00	641.86	0.0015580	-83.462	-61.806	-0.17613	2.4571	2.8119	860.48	-0.027427	0.00029407	0.10885	liquid
466.00	139.00	641.16	0.0015597	-80.672	-58.993	-0.17008	2.4607	2.8156	858.02	-0.027312	0.00029214	0.10869	liquid
467.00	139.00	640.46	0.0015614	-77.878	-56.175	-0.16404	2.4643	2.8192	855.57	-0.027197	0.00029024	0.10853	liquid
468.00	139.00	639.76	0.0015631	-75.081	-53.354	-0.15801	2.4679	2.8228	853.13	-0.027082	0.00028835	0.10837	liquid
469.00	139.00	639.06	0.0015648	-72.280	-50.530	-0.15198	2.4715	2.8265	850.70	-0.026966	0.00028648	0.10821	liquid
470.00	139.00	638.36	0.0015665	-69.476	-47.701	-0.14596	2.4751	2.8301	848.26	-0.026850	0.00028462	0.10806	liquid
471.00	139.00	637.66	0.0015682	-66.668	-44.869	-0.13994	2.4787	2.8337	845.84	-0.026734	0.00028279	0.10790	liquid
472.00	139.00	636.96	0.0015699	-63.856	-42.034	-0.13392	2.4823	2.8374	843.41	-0.026618	0.00028097	0.10774	liquid
473.00	139.00	636.26	0.0015717	-61.041	-39.195	-0.12791	2.4859	2.8410	841.00	-0.026501	0.00027916	0.10758	liquid
474.00	139.00	635.56	0.0015734	-58.222	-36.352	-0.12191	2.4895	2.8446	838.59	-0.026384	0.00027737	0.10743	liquid
475.00	139.00	634.86	0.0015751	-55.400	-33.505	-0.11591	2.4930	2.8482	836.18	-0.026266	0.00027560	0.10727	liquid
476.00	139.00	634.16	0.0015769	-52.574	-30.655	-0.10992	2.4966	2.8518	833.78	-0.026148	0.00027384	0.10711	liquid
477.00	139.00	633.46	0.0015786	-49.745	-27.802	-0.10393	2.5002	2.8554	831.38	-0.026030	0.00027210	0.10696	liquid
478.00	139.00	632.75	0.0015804	-46.912	-24.944	-0.097946	2.5037	2.8591	828.99	-0.025912	0.00027037	0.10680	liquid
479.00	139.00	632.05	0.0015822	-44.075	-22.084	-0.091967	2.5073	2.8627	826.61	-0.025793	0.00026866	0.10665	liquid
480.00	139.00	631.35	0.0015839	-41.236	-19.219	-0.085993	2.5108	2.8662	824.23	-0.025674	0.00026696	0.10649	liquid
481.00	139.00	630.64	0.0015857	-38.392	-16.351	-0.080024	2.5144	2.8698	821.85	-0.025554	0.00026528	0.10634	liquid
482.00	139.00	629.94	0.0015875	-35.545	-13.479	-0.074060	2.5179	2.8734	819.48	-0.025434	0.00026361	0.10618	liquid
483.00	139.00	629.23	0.0015892	-32.695	-10.604	-0.068101	2.5215	2.8770	817.11	-0.025314	0.00026196	0.10603	liquid
484.00	139.00	628.53	0.0015910	-29.841	-7.7255	-0.062147	2.5250	2.8806	814.75	-0.025194	0.00026032	0.10587	liquid
485.00	139.00	627.82	0.0015928	-26.983	-4.8431	-0.056198	2.5285	2.8842	812.40	-0.025073	0.00025869	0.10572	liquid
486.00	139.00	627.11	0.0015946	-24.122	-1.9571	-0.050254	2.5320	2.8877	810.05	-0.024952	0.00025708	0.10557	liquid
487.00	139.00	626.40	0.0015964	-21.258	0.93237	-0.044314	2.5355	2.8913	807.70	-0.024830	0.00025548	0.10541	liquid
488.00	139.00	625.70	0.0015982	-18.390	3.8254	-0.038380	2.5391	2.8949	805.36	-0.024708	0.00025389	0.10526	liquid
489.00	139.00	624.99	0.0016000	-15.518	6.7221	-0.032450	2.5426	2.8984	803.03	-0.024586	0.00025232	0.10511	liquid
490.00	139.00	624.28	0.0016018	-12.643	9.6223	-0.026525	2.5461	2.9020	800.70	-0.024463	0.00025076	0.10495	liquid
491.00	139.00	623.57	0.0016037	-9.7650	12.526	-0.020606	2.5496	2.9055	798.37	-0.024340	0.00024921	0.10480	liquid
492.00	139.00	622.86	0.0016055	-6.8832	15.433	-0.014690	2.5530	2.9091	796.05	-0.024217	0.00024768	0.10465	liquid
493.00	139.00	622.15	0.0016073	-3.9978	18.344	-0.0087801	2.5565	2.9126	793.74	-0.024093	0.00024616	0.10450	liquid
494.00	139.00	621.44	0.0016092	-1.1090	21.258	-0.0028746	2.5600	2.9161	791.43	-0.023969	0.00024465	0.10435	liquid
495.00	139.00	620.73	0.0016110	1.7832	24.176	0.0030261	2.5635	2.9197	789.12	-0.023845	0.00024315	0.10420	liquid
496.00	139.00	620.01	0.0016129	4.6789	27.098	0.0089220	2.5669	2.9232	786.82	-0.023720	0.00024166	0.10405	liquid
497.00	139.00	619.30	0.0016147	7.5780	30.023	0.014813	2.5704	2.9267	784.53	-0.023594	0.00024019	0.10390	liquid
498.00	139.00	618.59	0.0016166	10.481	32.951	0.020700	2.5739	2.9302	782.24	-0.023469	0.00023873	0.10375	liquid
499.00	139.00	617.87	0.0016185	13.387	35.883	0.026581	2.5773	2.9337	779.95	-0.023343	0.00023728	0.10360	liquid
500.00	139.00	617.16	0.0016203	16.296	38.819	0.032458	2.5808	2.9372	777.67	-0.023216	0.00023584	0.10345	liquid
501.00	139.00	616.44	0.0016222	19.209	41.758	0.038330	2.5842	2.9407	775.40	-0.023089	0.00023441	0.10330	liquid
502.00	139.00	615.73	0.0016241	22.125	44.700	0.044197	2.5877	2.9442	773.13	-0.022962	0.00023299	0.10315	liquid
503.00	139.00	615.01	0.0016260	25.045	47.646	0.050060	2.5911	2.9477	770.86	-0.022835	0.00023159	0.10300	liquid
504.00	139.00	614.29	0.0016279	27.968	50.596	0.055918	2.5945	2.9512	768.60	-0.022707	0.00023019	0.10285	liquid
505.00	139.00	613.58	0.0016298	30.894	53.549	0.061771	2.5979	2.9547	766.35	-0.022578	0.00022881	0.10271	liquid
506.00	139.00	612.86	0.0016317	33.824	56.505	0.067620	2.6014	2.9582	764.10	-0.022449	0.00022744	0.10256	liquid
507.00	139.00	612.14	0.0016336	36.758	59.465	0.073464	2.6048	2.9616	761.86	-0.022320	0.00022607	0.10241	liquid
508.00	139.00	611.42	0.0016355	39.694	62.428	0.079303	2.6082	2.9651	759.62	-0.022190	0.00022472	0.10226	liquid
509.00	139.00	610.70	0.0016375	42.634	65.395	0.085137	2.6116	2.9686	757.38	-0.022060	0.00022338	0.10212	liquid
510.00	139.00	609.98	0.0016394	45.578	68.365	0.090967	2.6150	2.9720	755.15	-0.021930	0.00022205	0.10197	liquid
511.00	139.00	609.26	0.0016413	48.525	71.339	0.096792	2.6184	2.9755	752.93	-0.021799	0.00022073	0.10182	liquid
512.00	139.00	608.54	0.0016433	51.475	74.316	0.10261	2.6217	2.9789	750.71	-0.021667	0.00021941	0.10168	liquid
513.00	139.00	607.82	0.0016452	54.428	77.297	0.10843	2.6251	2.9824	748.49	-0.021536	0.00021811	0.10153	liquid
514.00	139.00	607.09	0.0016472	57.385	80.281	0.11424	2.6285	2.9858	746.28	-0.021403	0.00021682	0.10139	liquid
515.00	139.00	606.37	0.0016492	60.345	83.269	0.12005	2.6319	2.9892	744.08	-0.021271	0.00021554	0.10124	liquid
516.00	139.00	605.65	0.0016511	63.309	86.260	0.12585	2.6352	2.9927	741.88	-0.021138	0.00021426	0.10110	liquid
517.00	139.00	604.92	0.0016531	66.276	89.254	0.13165	2.6386	2.9961	739.69	-0.021004	0.00021300	0.10096	liquid
518.00	139.00	604.20	0.0016551	69.246	92.252	0.13744	2.6419	2.9995	737.50	-0.020870	0.00021175	0.10081	liquid
519.00	139.00	603.47	0.0016571	72.220	95.253	0.14323	2.6453	3.0029	735.31	-0.020736	0.00021050	0.10067	liquid
520.00	139.00	602.75	0.0016591	75.196	98.258	0.14901	2.6486	3.0063	733.13	-0.020601	0.00020927	0.10053	liquid
521.00	139.00	602.02	0.0016611	78.177	101.27	0.15479	2.6520	3.0097	730.96	-0.020465	0.00020804	0.10038	liquid
522.00	139.00	601.29	0.0016631	81.160	104.28	0.16056	2.6553	3.0131	728.79	-0.020330	0.00020682	0.10024	liquid
523.00	139.00	600.56	0.0016651	84.147	107.29	0.16633	2.6586	3.0165	726.63	-0.020193	0.00020561	0.10010	liquid
524.00	139.00	599.84	0.0016671	87.137	110.31	0.17210	2.6620	3.0199	724.47	-0.020056	0.00020441	0.099956	liquid
525.00	139.00	599.11	0.0016692	90.130	113.33	0.17786	2.6653	3.0233	722.31	-0.019919	0.00020322	0.099814	liquid
526.00	139.00	598.38	0.0016712	93.127	116.36	0.18362	2.6686	3.0266	720.17	-0.019782	0.00020203	0.099673	liquid
527.00	139.00	597.65	0.0016732	96.127	119.38	0.18937	2.6719	3.0300	718.02	-0.019643	0.00020086	0.099532	liquid
528.00	139.00	596.92	0.0016753	99.130	122.42	0.19512	2.6752	3.0333	715.88	-0.019505	0.00019969	0.099391	liquid
529.00	139.00	596.18	0.0016773	102.14	125.45	0.20086	2.6785	3.0367	713.75	-0.019366	0.00019853	0.099251	liquid
530.00	139.00	595.45	0.0016794	105.15	128.49	0.20660	2.6818	3.0401	711.62	-0.019226	0.00019738	0.099111	liquid
531.00	139.00	594.72	0.0016815	108.16	131.53	0.21233	2.6851	3.0434	709.50	-0.019086	0.00019624	0.098972	liquid
532.00	139.00	593.99	0.0016835	111.18	134.58	0.21806	2.6883	3.0467	707.38	-0.018945	0.00019511	0.098832	liquid
533.00	139.00	593.25	0.0016856	114.19	137.63	0.22378	2.6916	3.0501	705.27	-0.018804	0.00019398	0.098694	liquid
534.00	139.00	592.52	0.0016877	117.22	140.68	0.22950	2.6949	3.0534	703.16	-0.018663	0.00019286	0.098555	liquid
535.00	139.00	591.78	0.0016898	120.24	143.73	0.23522	2.6981	3.0567	701.06	-0.018521	0.00019175	0.098417	liquid
536.00	139.00	591.05	0.0016919	123.27	146.79	0.24093	2.7014	3.0600	698.96	-0.018378	0.00019065	0.098279	liquid
537.00	139.00	590.31	0.0016940	126.30	149.85	0.24664	2.7047	3.0633	696.87	-0.018235	0.00018955	0.098141	liquid
538.00	139.00	589.57	0.0016961	129.34	152.92	0.25234	2.7079	3.0666	694.78	-0.018092	0.00018847	0.098004	liquid
539.00	139.00	588.83	0.0016983	132.38	155.99	0.25804	2.7111	3.0699	692.70	-0.017948	0.00018739	0.097867	liquid
540.00	139.00	588.10	0.0017004	135.42	159.06	0.26373	2.7144	3.0732	690.62	-0.017803	0.00018631	0.097731	liquid
541.00	139.00	587.36	0.0017025	138.47	162.13	0.26942	2.7176	3.0765	688.55	-0.017658	0.00018525	0.097594	liquid
542.00	139.00	586.62	0.0017047	141.51	165.21	0.27511	2.7208	3.0798	686.48	-0.017512	0.00018419	0.097458	liquid
543.00	139.00	585.88	0.0017068	144.57	168.29	0.28079	2.7240	3.0831	684.42	-0.017366	0.00018314	0.097323	liquid
544.00	139.00	585.14	0.0017090	147.62	171.38	0.28646	2.7273	3.0863	682.36	-0.017220	0.00018209	0.097188	liquid
545.00	139.00	584.40	0.0017112	150.68	174.46	0.29213	2.7305	3.0896	680.31	-0.017073	0.00018106	0.097053	liquid
546.00	139.00	583.65	0.0017133	153.74	177.56	0.29780	2.7337	3.0929	678.27	-0.016925	0.00018003	0.096918	liquid
547.00	139.00	582.91	0.0017155	156.80	180.65	0.30346	2.7369	3.0961	676.23	-0.016777	0.00017900	0.096784	liquid
548.00	139.00	582.17	0.0017177	159.87	183.75	0.30912	2.7401	3.0993	674.19	-0.016628	0.00017799	0.096651	liquid
549.00	139.00	581.42	0.0017199	162.94	186.85	0.31477	2.7432	3.1026	672.16	-0.016479	0.00017698	0.096517	liquid
550.00	139.00	580.68	0.0017221	166.01	189.95	0.32042	2.7464	3.1058	670.14	-0.016329	0.00017598	0.096384	liquid
551.00	139.00	579.93	0.0017243	169.09	193.06	0.32607	2.7496	3.1090	668.12	-0.016179	0.00017498	0.096251	liquid
552.00	139.00	579.19	0.0017266	172.17	196.17	0.33171	2.7528	3.1123	666.10	-0.016028	0.00017399	0.096119	liquid
553.00	139.00	578.44	0.0017288	175.25	199.28	0.33734	2.7559	3.1155	664.09	-0.015877	0.00017301	0.095987	liquid
554.00	139.00	577.69	0.0017310	178.34	202.40	0.34297	2.7591	3.1187	662.09	-0.015725	0.00017203	0.095856	liquid
555.00	139.00	576.95	0.0017333	181.43	205.52	0.34860	2.7623	3.1219	660.09	-0.015572	0.00017106	0.095724	liquid
556.00	139.00	576.20	0.0017355	184.52	208.65	0.35422	2.7654	3.1251	658.10	-0.015419	0.00017010	0.095593	liquid
557.00	139.00	575.45	0.0017378	187.62	211.77	0.35984	2.7685	3.1283	656.11	-0.015266	0.00016914	0.095463	liquid
558.00	139.00	574.70	0.0017400	190.72	214.90	0.36546	2.7717	3.1314	654.13	-0.015112	0.00016819	0.095333	liquid
559.00	139.00	573.95	0.0017423	193.82	218.03	0.37107	2.7748	3.1346	652.15	-0.014957	0.00016725	0.095203	liquid
560.00	139.00	573.20	0.0017446	196.92	221.17	0.37667	2.7779	3.1378	650.18	-0.014802	0.00016631	0.095074	liquid
561.00	139.00	572.45	0.0017469	200.03	224.31	0.38227	2.7811	3.1409	648.21	-0.014646	0.00016537	0.094945	liquid
562.00	139.00	571.70	0.0017492	203.14	227.45	0.38787	2.7842	3.1441	646.25	-0.014490	0.00016445	0.094816	liquid
563.00	139.00	570.94	0.0017515	206.25	230.60	0.39346	2.7873	3.1472	644.30	-0.014333	0.00016353	0.094688	liquid
564.00	139.00	570.19	0.0017538	209.37	233.75	0.39905	2.7904	3.1504	642.35	-0.014176	0.00016261	0.094560	liquid
565.00	139.00	569.44	0.0017561	212.49	236.90	0.40463	2.7935	3.1535	640.40	-0.014018	0.00016170	0.094432	liquid
566.00	139.00	568.68	0.0017585	215.61	240.05	0.41021	2.7966	3.1567	638.46	-0.013859	0.00016080	0.094305	liquid
567.00	139.00	567.93	0.0017608	218.74	243.21	0.41579	2.7997	3.1598	636.53	-0.013700	0.00015990	0.094179	liquid
568.00	139.00	567.17	0.0017631	221.87	246.37	0.42136	2.8028	3.1629	634.60	-0.013540	0.00015901	0.094052	liquid
569.00	139.00	566.41	0.0017655	225.00	249.54	0.42692	2.8058	3.1660	632.68	-0.013380	0.00015813	0.093926	liquid
570.00	139.00	565.66	0.0017679	228.13	252.71	0.43249	2.8089	3.1691	630.76	-0.013219	0.00015725	0.093801	liquid
571.00	139.00	564.90	0.0017702	231.27	255.88	0.43804	2.8120	3.1722	628.85	-0.013058	0.00015637	0.093676	liquid
572.00	139.00	564.14	0.0017726	234.41	259.05	0.44360	2.8150	3.1753	626.94	-0.012896	0.00015550	0.093551	liquid
573.00	139.00	563.38	0.0017750	237.55	262.23	0.44915	2.8181	3.1784	625.04	-0.012733	0.00015464	0.093427	liquid
574.00	139.00	562.62	0.0017774	240.70	265.41	0.45469	2.8211	3.1814	623.14	-0.012570	0.00015378	0.093303	liquid
575.00	139.00	561.86	0.0017798	243.85	268.59	0.46023	2.8242	3.1845	621.25	-0.012407	0.00015293	0.093179	liquid
576.00	139.00	561.10	0.0017822	247.00	271.78	0.46577	2.8272	3.1876	619.37	-0.012242	0.00015208	0.093056	liquid
577.00	139.00	560.34	0.0017846	250.16	274.97	0.47130	2.8303	3.1906	617.49	-0.012078	0.00015124	0.092933	liquid
578.00	139.00	559.58	0.0017871	253.32	278.16	0.47683	2.8333	3.1937	615.62	-0.011912	0.00015040	0.092811	liquid
579.00	139.00	558.82	0.0017895	256.48	281.35	0.48235	2.8363	3.1967	613.75	-0.011746	0.00014957	0.092689	liquid
580.00	139.00	558.06	0.0017919	259.64	284.55	0.48787	2.8393	3.1998	611.89	-0.011580	0.00014874	0.092567	liquid
581.00	139.00	557.29	0.0017944	262.81	287.75	0.49338	2.8423	3.2028	610.03	-0.011413	0.00014792	0.092446	liquid
582.00	139.00	556.53	0.0017969	265.98	290.96	0.49890	2.8454	3.2058	608.18	-0.011245	0.00014711	0.092326	liquid
583.00	139.00	555.76	0.0017993	269.15	294.16	0.50440	2.8484	3.2088	606.34	-0.011077	0.00014630	0.092205	liquid
584.00	139.00	555.00	0.0018018	272.33	297.37	0.50990	2.8513	3.2118	604.50	-0.010908	0.00014549	0.092086	liquid
585.00	139.00	554.23	0.0018043	275.51	300.59	0.51540	2.8543	3.2148	602.66	-0.010738	0.00014469	0.091966	liquid
586.00	139.00	553.47	0.0018068	278.69	303.80	0.52089	2.8573	3.2178	600.83	-0.010568	0.00014389	0.091847	liquid
587.00	139.00	552.70	0.0018093	281.87	307.02	0.52638	2.8603	3.2208	599.01	-0.010398	0.00014310	0.091728	liquid
588.00	139.00	551.93	0.0018118	285.06	310.25	0.53187	2.8633	3.2238	597.20	-0.010227	0.00014232	0.091610	liquid
589.00	139.00	551.16	0.0018143	288.25	313.47	0.53735	2.8662	3.2267	595.38	-0.010055	0.00014154	0.091493	liquid
590.00	139.00	550.39	0.0018169	291.44	316.70	0.54282	2.8692	3.2297	593.58	-0.0098825	0.00014076	0.091375	liquid
591.00	139.00	549.62	0.0018194	294.64	319.93	0.54830	2.8722	3.2327	591.78	-0.0097096	0.00013999	0.091258	liquid
592.00	139.00	548.85	0.0018220	297.84	323.16	0.55376	2.8751	3.2356	589.99	-0.0095361	0.00013922	0.091142	liquid
593.00	139.00	548.08	0.0018245	301.04	326.40	0.55923	2.8781	3.2386	588.20	-0.0093621	0.00013846	0.091026	liquid
594.00	139.00	547.31	0.0018271	304.24	329.64	0.56469	2.8810	3.2415	586.42	-0.0091874	0.00013770	0.090911	liquid
595.00	139.00	546.54	0.0018297	307.45	332.88	0.57014	2.8840	3.2444	584.64	-0.0090122	0.00013695	0.090795	liquid
596.00	139.00	545.77	0.0018323	310.66	336.13	0.57559	2.8869	3.2473	582.87	-0.0088364	0.00013620	0.090681	liquid
597.00	139.00	545.00	0.0018349	313.87	339.38	0.58104	2.8898	3.2503	581.11	-0.0086600	0.00013546	0.090567	liquid
598.00	139.00	544.22	0.0018375	317.09	342.63	0.58648	2.8927	3.2532	579.35	-0.0084831	0.00013472	0.090453	liquid
599.00	139.00	543.45	0.0018401	320.31	345.89	0.59192	2.8956	3.2561	577.59	-0.0083055	0.00013398	0.090339	liquid
600.00	139.00	542.68	0.0018427	323.53	349.14	0.59735	2.8986	3.2590	575.85	-0.0081274	0.00013325	0.090227	liquid
601.00	139.00	541.90	0.0018454	326.75	352.40	0.60278	2.9015	3.2618	574.11	-0.0079487	0.00013253	0.090114	liquid
602.00	139.00	541.13	0.0018480	329.98	355.67	0.60821	2.9044	3.2647	572.37	-0.0077695	0.00013181	0.090002	liquid
603.00	139.00	540.35	0.0018506	333.21	358.93	0.61363	2.9073	3.2676	570.64	-0.0075896	0.00013109	0.089891	liquid
604.00	139.00	539.57	0.0018533	336.44	362.20	0.61904	2.9101	3.2704	568.92	-0.0074092	0.00013038	0.089780	liquid
605.00	139.00	538.80	0.0018560	339.68	365.47	0.62446	2.9130	3.2733	567.20	-0.0072283	0.00012967	0.089669	liquid
606.00	139.00	538.02	0.0018587	342.91	368.75	0.62987	2.9159	3.2761	565.49	-0.0070467	0.00012897	0.089559	liquid
607.00	139.00	537.24	0.0018614	346.15	372.03	0.63527	2.9188	3.2790	563.78	-0.0068646	0.00012827	0.089449	liquid
608.00	139.00	536.46	0.0018641	349.40	375.31	0.64067	2.9216	3.2818	562.08	-0.0066819	0.00012757	0.089340	liquid
609.00	139.00	535.69	0.0018668	352.64	378.59	0.64607	2.9245	3.2846	560.39	-0.0064987	0.00012688	0.089232	liquid
610.00	139.00	534.91	0.0018695	355.89	381.88	0.65146	2.9274	3.2875	558.70	-0.0063149	0.00012619	0.089123	liquid
611.00	139.00	534.13	0.0018722	359.14	385.16	0.65684	2.9302	3.2903	557.02	-0.0061305	0.00012551	0.089016	liquid
612.00	139.00	533.35	0.0018750	362.39	388.46	0.66223	2.9331	3.2931	555.35	-0.0059456	0.00012483	0.088908	liquid
613.00	139.00	532.57	0.0018777	365.65	391.75	0.66761	2.9359	3.2959	553.68	-0.0057602	0.00012416	0.088802	liquid
614.00	139.00	531.78	0.0018805	368.91	395.05	0.67298	2.9387	3.2986	552.01	-0.0055741	0.00012349	0.088695	liquid
615.00	139.00	531.00	0.0018832	372.17	398.35	0.67835	2.9416	3.3014	550.36	-0.0053876	0.00012282	0.088589	liquid
616.00	139.00	530.22	0.0018860	375.43	401.65	0.68372	2.9444	3.3042	548.71	-0.0052004	0.00012216	0.088484	liquid
617.00	139.00	529.44	0.0018888	378.70	404.96	0.68908	2.9472	3.3069	547.06	-0.0050128	0.00012150	0.088379	liquid
618.00	139.00	528.65	0.0018916	381.97	408.26	0.69444	2.9500	3.3097	545.42	-0.0048246	0.00012085	0.088275	liquid
619.00	139.00	527.87	0.0018944	385.24	411.58	0.69979	2.9528	3.3124	543.79	-0.0046358	0.00012020	0.088171	liquid
620.00	139.00	527.09	0.0018972	388.52	414.89	0.70514	2.9556	3.3152	542.16	-0.0044465	0.00011955	0.088068	liquid
621.00	139.00	526.30	0.0019000	391.80	418.21	0.71048	2.9584	3.3179	540.54	-0.0042567	0.00011891	0.087965	liquid
622.00	139.00	525.52	0.0019029	395.07	421.52	0.71582	2.9612	3.3206	538.93	-0.0040663	0.00011827	0.087862	liquid
623.00	139.00	524.73	0.0019057	398.36	424.85	0.72116	2.9640	3.3234	537.32	-0.0038754	0.00011764	0.087760	liquid
624.00	139.00	523.95	0.0019086	401.64	428.17	0.72649	2.9668	3.3261	535.72	-0.0036840	0.00011700	0.087659	liquid
625.00	139.00	523.16	0.0019115	404.93	431.50	0.73182	2.9696	3.3288	534.12	-0.0034920	0.00011638	0.087558	liquid
626.00	139.00	522.38	0.0019143	408.22	434.83	0.73714	2.9723	3.3315	532.54	-0.0032996	0.00011575	0.087458	liquid
627.00	139.00	521.59	0.0019172	411.51	438.16	0.74246	2.9751	3.3341	530.95	-0.0031066	0.00011513	0.087358	liquid
628.00	139.00	520.80	0.0019201	414.81	441.50	0.74778	2.9779	3.3368	529.38	-0.0029131	0.00011452	0.087259	liquid
629.00	139.00	520.01	0.0019230	418.11	444.84	0.75309	2.9806	3.3395	527.81	-0.0027191	0.00011391	0.087160	liquid
630.00	139.00	519.23	0.0019259	421.41	448.18	0.75840	2.9834	3.3421	526.24	-0.0025246	0.00011330	0.087061	liquid
631.00	139.00	518.44	0.0019289	424.71	451.52	0.76370	2.9861	3.3448	524.68	-0.0023296	0.00011269	0.086964	liquid
632.00	139.00	517.65	0.0019318	428.01	454.87	0.76900	2.9889	3.3474	523.13	-0.0021341	0.00011209	0.086866	liquid
633.00	139.00	516.86	0.0019348	431.32	458.21	0.77429	2.9916	3.3501	521.59	-0.0019381	0.00011149	0.086770	liquid
634.00	139.00	516.07	0.0019377	434.63	461.57	0.77958	2.9943	3.3527	520.05	-0.0017416	0.00011090	0.086673	liquid
635.00	139.00	515.28	0.0019407	437.94	464.92	0.78487	2.9971	3.3553	518.52	-0.0015446	0.00011031	0.086578	liquid
636.00	139.00	514.49	0.0019437	441.26	468.28	0.79015	2.9998	3.3579	516.99	-0.0013471	0.00010972	0.086482	liquid
637.00	139.00	513.70	0.0019467	444.58	471.64	0.79543	3.0025	3.3605	515.47	-0.0011492	0.00010914	0.086388	liquid
638.00	139.00	512.91	0.0019497	447.90	475.00	0.80070	3.0052	3.3631	513.96	-0.00095079	0.00010856	0.086294	liquid
639.00	139.00	512.12	0.0019527	451.22	478.36	0.80597	3.0079	3.3657	512.45	-0.00075191	0.00010799	0.086200	liquid
640.00	139.00	511.33	0.0019557	454.55	481.73	0.81124	3.0106	3.3683	510.95	-0.00055257	0.00010741	0.086107	liquid
641.00	139.00	510.54	0.0019587	457.87	485.10	0.81650	3.0133	3.3709	509.45	-0.00035277	0.00010684	0.086014	liquid
642.00	139.00	509.75	0.0019618	461.20	488.47	0.82176	3.0160	3.3734	507.97	-0.00015252	0.00010628	0.085922	liquid
643.00	139.00	508.95	0.0019648	464.53	491.85	0.82701	3.0187	3.3760	506.48	4.8182e-05	0.00010572	0.085831	liquid
644.00	139.00	508.16	0.0019679	467.87	495.22	0.83226	3.0213	3.3785	505.01	0.00024933	0.00010516	0.085740	liquid
645.00	139.00	507.37	0.0019710	471.21	498.60	0.83750	3.0240	3.3811	503.54	0.00045091	0.00010460	0.085650	liquid
646.00	139.00	506.58	0.0019740	474.55	501.99	0.84274	3.0267	3.3836	502.08	0.00065292	0.00010405	0.085560	liquid
647.00	139.00	505.78	0.0019771	477.89	505.37	0.84798	3.0293	3.3861	500.62	0.00085536	0.00010350	0.085471	liquid
648.00	139.00	504.99	0.0019802	481.23	508.76	0.85321	3.0320	3.3886	499.17	0.0010582	0.00010296	0.085382	liquid
649.00	139.00	504.20	0.0019834	484.58	512.15	0.85843	3.0347	3.3911	497.73	0.0012615	0.00010241	0.085294	liquid
650.00	139.00	503.40	0.0019865	487.93	515.54	0.86366	3.0373	3.3936	496.29	0.0014652	0.00010187	0.085206	liquid
651.00	139.00	502.61	0.0019896	491.28	518.93	0.86888	3.0399	3.3961	494.86	0.0016693	0.00010134	0.085119	liquid
652.00	139.00	501.81	0.0019928	494.63	522.33	0.87409	3.0426	3.3986	493.44	0.0018738	0.00010081	0.085033	liquid
653.00	139.00	501.02	0.0019959	497.99	525.73	0.87930	3.0452	3.4011	492.02	0.0020787	0.00010028	0.084947	liquid
654.00	139.00	500.23	0.0019991	501.35	529.13	0.88451	3.0478	3.4035	490.61	0.0022839	9.9752e-05	0.084861	liquid
655.00	139.00	499.43	0.0020023	504.71	532.54	0.88971	3.0505	3.4060	489.21	0.0024896	9.9229e-05	0.084776	liquid
656.00	139.00	498.64	0.0020055	508.07	535.95	0.89491	3.0531	3.4085	487.81	0.0026956	9.8710e-05	0.084692	liquid
657.00	139.00	497.84	0.0020087	511.44	539.36	0.90010	3.0557	3.4109	486.42	0.0029020	9.8194e-05	0.084608	liquid
658.00	139.00	497.05	0.0020119	514.80	542.77	0.90529	3.0583	3.4133	485.03	0.0031088	9.7681e-05	0.084525	liquid
659.00	139.00	496.25	0.0020151	518.17	546.18	0.91048	3.0609	3.4157	483.66	0.0033159	9.7171e-05	0.084443	supercritical
660.00	139.00	495.45	0.0020183	521.54	549.60	0.91566	3.0635	3.4182	482.28	0.0035234	9.6664e-05	0.084361	supercritical
661.00	139.00	494.66	0.0020216	524.92	553.02	0.92083	3.0661	3.4206	480.92	0.0037312	9.6160e-05	0.084279	supercritical
662.00	139.00	493.86	0.0020249	528.30	556.44	0.92601	3.0687	3.4230	479.56	0.0039393	9.5660e-05	0.084198	supercritical
663.00	139.00	493.07	0.0020281	531.67	559.86	0.93118	3.0712	3.4254	478.21	0.0041478	9.5162e-05	0.084118	supercritical
664.00	139.00	492.27	0.0020314	535.05	563.29	0.93634	3.0738	3.4277	476.86	0.0043566	9.4668e-05	0.084038	supercritical
665.00	139.00	491.48	0.0020347	538.44	566.72	0.94150	3.0764	3.4301	475.52	0.0045657	9.4177e-05	0.083959	supercritical
666.00	139.00	490.68	0.0020380	541.82	570.15	0.94666	3.0790	3.4325	474.19	0.0047752	9.3688e-05	0.083880	supercritical
667.00	139.00	489.88	0.0020413	545.21	573.59	0.95181	3.0815	3.4348	472.86	0.0049849	9.3203e-05	0.083802	supercritical
668.00	139.00	489.09	0.0020446	548.60	577.02	0.95696	3.0841	3.4372	471.54	0.0051949	9.2721e-05	0.083725	supercritical
669.00	139.00	488.29	0.0020480	551.99	580.46	0.96210	3.0866	3.4395	470.23	0.0054052	9.2241e-05	0.083648	supercritical
670.00	139.00	487.50	0.0020513	555.39	583.90	0.96724	3.0892	3.4419	468.93	0.0056158	9.1765e-05	0.083572	supercritical
671.00	139.00	486.70	0.0020547	558.78	587.34	0.97237	3.0917	3.4442	467.63	0.0058267	9.1292e-05	0.083496	supercritical
672.00	139.00	485.90	0.0020580	562.18	590.79	0.97750	3.0942	3.4465	466.33	0.0060378	9.0821e-05	0.083421	supercritical
673.00	139.00	485.11	0.0020614	565.58	594.24	0.98263	3.0968	3.4488	465.04	0.0062492	9.0354e-05	0.083347	supercritical
674.00	139.00	484.31	0.0020648	568.99	597.69	0.98775	3.0993	3.4511	463.76	0.0064609	8.9889e-05	0.083273	supercritical
675.00	139.00	483.51	0.0020682	572.39	601.14	0.99287	3.1018	3.4534	462.49	0.0066728	8.9427e-05	0.083199	supercritical
676.00	139.00	482.72	0.0020716	575.80	604.59	0.99799	3.1043	3.4557	461.22	0.0068849	8.8968e-05	0.083127	supercritical
677.00	139.00	481.92	0.0020750	579.21	608.05	1.0031	3.1068	3.4579	459.96	0.0070973	8.8512e-05	0.083054	supercritical
678.00	139.00	481.13	0.0020785	582.62	611.51	1.0082	3.1093	3.4602	458.71	0.0073098	8.8059e-05	0.082983	supercritical
679.00	139.00	480.33	0.0020819	586.03	614.97	1.0133	3.1118	3.4625	457.46	0.0075226	8.7609e-05	0.082912	supercritical
680.00	139.00	479.53	0.0020854	589.45	618.43	1.0184	3.1143	3.4647	456.22	0.0077356	8.7162e-05	0.082841	supercritical
681.00	139.00	478.74	0.0020888	592.86	621.90	1.0235	3.1168	3.4670	454.98	0.0079488	8.6717e-05	0.082772	supercritical
682.00	139.00	477.94	0.0020923	596.28	625.37	1.0286	3.1193	3.4692	453.76	0.0081622	8.6275e-05	0.082702	supercritical
683.00	139.00	477.15	0.0020958	599.71	628.84	1.0337	3.1218	3.4714	452.53	0.0083758	8.5836e-05	0.082634	supercritical
684.00	139.00	476.35	0.0020993	603.13	632.31	1.0387	3.1242	3.4736	451.32	0.0085895	8.5400e-05	0.082566	supercritical
685.00	139.00	475.56	0.0021028	606.56	635.79	1.0438	3.1267	3.4758	450.11	0.0088035	8.4966e-05	0.082498	supercritical
686.00	139.00	474.76	0.0021063	609.98	639.26	1.0489	3.1292	3.4780	448.91	0.0090175	8.4535e-05	0.082432	supercritical
687.00	139.00	473.97	0.0021099	613.41	642.74	1.0540	3.1316	3.4802	447.71	0.0092318	8.4107e-05	0.082365	supercritical
688.00	139.00	473.17	0.0021134	616.85	646.22	1.0590	3.1341	3.4824	446.52	0.0094461	8.3682e-05	0.082300	supercritical
689.00	139.00	472.38	0.0021170	620.28	649.71	1.0641	3.1365	3.4846	445.34	0.0096607	8.3259e-05	0.082235	supercritical
690.00	139.00	471.58	0.0021205	623.72	653.19	1.0691	3.1390	3.4868	444.16	0.0098753	8.2839e-05	0.082170	supercritical
691.00	139.00	470.79	0.0021241	627.15	656.68	1.0742	3.1414	3.4889	442.99	0.010090	8.2421e-05	0.082106	supercritical
692.00	139.00	469.99	0.0021277	630.59	660.17	1.0792	3.1439	3.4911	441.83	0.010305	8.2007e-05	0.082043	supercritical
693.00	139.00	469.20	0.0021313	634.04	663.66	1.0843	3.1463	3.4932	440.67	0.010520	8.1595e-05	0.081981	supercritical
694.00	139.00	468.41	0.0021349	637.48	667.16	1.0893	3.1487	3.4953	439.52	0.010735	8.1185e-05	0.081918	supercritical
695.00	139.00	467.61	0.0021385	640.93	670.65	1.0944	3.1511	3.4975	438.38	0.010950	8.0778e-05	0.081857	supercritical
696.00	139.00	466.82	0.0021422	644.37	674.15	1.0994	3.1535	3.4996	437.24	0.011165	8.0374e-05	0.081796	supercritical
697.00	139.00	466.03	0.0021458	647.82	677.65	1.1044	3.1560	3.5017	436.11	0.011381	7.9972e-05	0.081736	supercritical
698.00	139.00	465.23	0.0021495	651.28	681.15	1.1094	3.1584	3.5038	434.98	0.011596	7.9573e-05	0.081676	supercritical
699.00	139.00	464.44	0.0021531	654.73	684.66	1.1145	3.1608	3.5059	433.86	0.011811	7.9177e-05	0.081617	supercritical
700.00	139.00	463.65	0.0021568	658.19	688.17	1.1195	3.1632	3.5080	432.75	0.012027	7.8783e-05	0.081559	supercritical
