Temperature (K)	Pressure (bar)	Density (kg/m3)	Volume (m3/kg)	Internal Energy (kJ/kg)	Enthalpy (kJ/kg)	Entropy (J/g*K)	Cv (J/g*K)	Cp (J/g*K)	Sound Spd. (m/s)	Joule-Thomson (K/bar)	Viscosity (Pa*s)	Therm. Cond. (W/m*K)	Phase
265.00	16.000	771.39	0.0012964	-564.81	-562.74	-1.5174	1.7035	2.1156	1429.8	-0.045494	0.0028473	0.14407	liquid
266.00	16.000	770.64	0.0012976	-562.70	-560.62	-1.5094	1.7067	2.1181	1425.4	-0.045424	0.0027722	0.14381	liquid
267.00	16.000	769.89	0.0012989	-560.58	-558.50	-1.5015	1.7099	2.1206	1420.9	-0.045353	0.0027001	0.14355	liquid
268.00	16.000	769.15	0.0013001	-558.46	-556.38	-1.4935	1.7131	2.1232	1416.5	-0.045281	0.0026309	0.14329	liquid
269.00	16.000	768.40	0.0013014	-556.34	-554.26	-1.4856	1.7164	2.1258	1412.1	-0.045208	0.0025645	0.14303	liquid
270.00	16.000	767.65	0.0013027	-554.22	-552.13	-1.4777	1.7196	2.1284	1407.7	-0.045135	0.0025007	0.14278	liquid
271.00	16.000	766.91	0.0013039	-552.09	-550.00	-1.4698	1.7229	2.1311	1403.4	-0.045061	0.0024394	0.14252	liquid
272.00	16.000	766.16	0.0013052	-549.96	-547.87	-1.4620	1.7262	2.1337	1399.0	-0.044986	0.0023804	0.14227	liquid
273.00	16.000	765.41	0.0013065	-547.82	-545.73	-1.4542	1.7295	2.1364	1394.7	-0.044911	0.0023236	0.14201	liquid
274.00	16.000	764.67	0.0013078	-545.69	-543.60	-1.4463	1.7329	2.1392	1390.4	-0.044834	0.0022689	0.14176	liquid
275.00	16.000	763.93	0.0013090	-543.55	-541.46	-1.4385	1.7362	2.1419	1386.1	-0.044757	0.0022163	0.14151	liquid
276.00	16.000	763.18	0.0013103	-541.41	-539.31	-1.4308	1.7396	2.1447	1381.8	-0.044680	0.0021655	0.14125	liquid
277.00	16.000	762.44	0.0013116	-539.26	-537.17	-1.4230	1.7429	2.1475	1377.5	-0.044602	0.0021165	0.14100	liquid
278.00	16.000	761.70	0.0013129	-537.12	-535.02	-1.4153	1.7463	2.1503	1373.2	-0.044523	0.0020693	0.14075	liquid
279.00	16.000	760.96	0.0013141	-534.97	-532.87	-1.4075	1.7497	2.1531	1369.0	-0.044443	0.0020236	0.14050	liquid
280.00	16.000	760.22	0.0013154	-532.82	-530.71	-1.3998	1.7531	2.1560	1364.8	-0.044363	0.0019796	0.14025	liquid
281.00	16.000	759.48	0.0013167	-530.66	-528.55	-1.3921	1.7566	2.1588	1360.5	-0.044282	0.0019370	0.14000	liquid
282.00	16.000	758.73	0.0013180	-528.50	-526.39	-1.3845	1.7600	2.1617	1356.3	-0.044200	0.0018959	0.13976	liquid
283.00	16.000	758.00	0.0013193	-526.34	-524.23	-1.3768	1.7635	2.1647	1352.1	-0.044118	0.0018561	0.13951	liquid
284.00	16.000	757.26	0.0013206	-524.18	-522.06	-1.3692	1.7669	2.1676	1348.0	-0.044035	0.0018177	0.13926	liquid
285.00	16.000	756.52	0.0013218	-522.01	-519.89	-1.3615	1.7704	2.1706	1343.8	-0.043952	0.0017804	0.13902	liquid
286.00	16.000	755.78	0.0013231	-519.84	-517.72	-1.3539	1.7739	2.1736	1339.6	-0.043868	0.0017444	0.13877	liquid
287.00	16.000	755.04	0.0013244	-517.67	-515.55	-1.3463	1.7774	2.1766	1335.5	-0.043784	0.0017095	0.13853	liquid
288.00	16.000	754.30	0.0013257	-515.49	-513.37	-1.3388	1.7809	2.1796	1331.4	-0.043698	0.0016757	0.13828	liquid
289.00	16.000	753.57	0.0013270	-513.31	-511.19	-1.3312	1.7844	2.1826	1327.3	-0.043613	0.0016429	0.13804	liquid
290.00	16.000	752.83	0.0013283	-511.13	-509.00	-1.3237	1.7880	2.1857	1323.2	-0.043527	0.0016112	0.13779	liquid
291.00	16.000	752.09	0.0013296	-508.94	-506.82	-1.3161	1.7915	2.1888	1319.1	-0.043440	0.0015804	0.13755	liquid
292.00	16.000	751.36	0.0013309	-506.76	-504.63	-1.3086	1.7951	2.1919	1315.0	-0.043352	0.0015505	0.13731	liquid
293.00	16.000	750.62	0.0013322	-504.56	-502.43	-1.3011	1.7986	2.1950	1311.0	-0.043265	0.0015215	0.13707	liquid
294.00	16.000	749.88	0.0013335	-502.37	-500.24	-1.2936	1.8022	2.1981	1306.9	-0.043176	0.0014933	0.13683	liquid
295.00	16.000	749.15	0.0013348	-500.17	-498.04	-1.2862	1.8058	2.2013	1302.9	-0.043087	0.0014660	0.13659	liquid
296.00	16.000	748.41	0.0013362	-497.97	-495.83	-1.2787	1.8094	2.2045	1298.9	-0.042998	0.0014395	0.13635	liquid
297.00	16.000	747.68	0.0013375	-495.77	-493.63	-1.2713	1.8130	2.2076	1294.9	-0.042908	0.0014137	0.13611	liquid
298.00	16.000	746.95	0.0013388	-493.56	-491.42	-1.2638	1.8166	2.2108	1290.9	-0.042817	0.0013886	0.13587	liquid
299.00	16.000	746.21	0.0013401	-491.35	-489.21	-1.2564	1.8202	2.2141	1286.9	-0.042726	0.0013642	0.13563	liquid
300.00	16.000	745.48	0.0013414	-489.14	-486.99	-1.2490	1.8239	2.2173	1282.9	-0.042635	0.0013405	0.13540	liquid
301.00	16.000	744.74	0.0013427	-486.92	-484.77	-1.2416	1.8275	2.2206	1279.0	-0.042543	0.0013175	0.13516	liquid
302.00	16.000	744.01	0.0013441	-484.70	-482.55	-1.2343	1.8312	2.2238	1275.0	-0.042450	0.0012950	0.13492	liquid
303.00	16.000	743.28	0.0013454	-482.48	-480.32	-1.2269	1.8348	2.2271	1271.1	-0.042357	0.0012732	0.13469	liquid
304.00	16.000	742.54	0.0013467	-480.25	-478.10	-1.2196	1.8385	2.2304	1267.1	-0.042264	0.0012520	0.13445	liquid
305.00	16.000	741.81	0.0013481	-478.02	-475.86	-1.2122	1.8422	2.2337	1263.2	-0.042170	0.0012313	0.13422	liquid
306.00	16.000	741.08	0.0013494	-475.79	-473.63	-1.2049	1.8458	2.2371	1259.3	-0.042076	0.0012111	0.13398	liquid
307.00	16.000	740.35	0.0013507	-473.55	-471.39	-1.1976	1.8495	2.2404	1255.4	-0.041981	0.0011915	0.13375	liquid
308.00	16.000	739.61	0.0013521	-471.31	-469.15	-1.1903	1.8532	2.2438	1251.6	-0.041885	0.0011724	0.13352	liquid
309.00	16.000	738.88	0.0013534	-469.07	-466.90	-1.1831	1.8569	2.2471	1247.7	-0.041790	0.0011537	0.13329	liquid
310.00	16.000	738.15	0.0013547	-466.82	-464.65	-1.1758	1.8607	2.2505	1243.8	-0.041694	0.0011355	0.13305	liquid
311.00	16.000	737.42	0.0013561	-464.57	-462.40	-1.1685	1.8644	2.2539	1240.0	-0.041597	0.0011178	0.13282	liquid
312.00	16.000	736.69	0.0013574	-462.32	-460.15	-1.1613	1.8681	2.2573	1236.1	-0.041500	0.0011005	0.13259	liquid
313.00	16.000	735.95	0.0013588	-460.06	-457.89	-1.1541	1.8718	2.2607	1232.3	-0.041402	0.0010837	0.13236	liquid
314.00	16.000	735.22	0.0013601	-457.80	-455.62	-1.1468	1.8756	2.2642	1228.5	-0.041304	0.0010672	0.13213	liquid
315.00	16.000	734.49	0.0013615	-455.54	-453.36	-1.1396	1.8793	2.2676	1224.7	-0.041206	0.0010511	0.13190	liquid
316.00	16.000	733.76	0.0013628	-453.27	-451.09	-1.1325	1.8831	2.2711	1220.9	-0.041107	0.0010355	0.13167	liquid
317.00	16.000	733.03	0.0013642	-451.00	-448.82	-1.1253	1.8869	2.2746	1217.1	-0.041008	0.0010202	0.13144	liquid
318.00	16.000	732.30	0.0013656	-448.72	-446.54	-1.1181	1.8906	2.2781	1213.3	-0.040909	0.0010052	0.13122	liquid
319.00	16.000	731.57	0.0013669	-446.45	-444.26	-1.1109	1.8944	2.2816	1209.6	-0.040808	0.00099060	0.13099	liquid
320.00	16.000	730.84	0.0013683	-444.17	-441.98	-1.1038	1.8982	2.2851	1205.8	-0.040708	0.00097633	0.13076	liquid
321.00	16.000	730.10	0.0013697	-441.88	-439.69	-1.0967	1.9020	2.2886	1202.1	-0.040607	0.00096239	0.13053	liquid
322.00	16.000	729.37	0.0013710	-439.59	-437.40	-1.0895	1.9058	2.2921	1198.3	-0.040506	0.00094877	0.13031	liquid
323.00	16.000	728.64	0.0013724	-437.30	-435.10	-1.0824	1.9095	2.2957	1194.6	-0.040404	0.00093545	0.13008	liquid
324.00	16.000	727.91	0.0013738	-435.01	-432.81	-1.0753	1.9133	2.2992	1190.9	-0.040302	0.00092242	0.12986	liquid
325.00	16.000	727.18	0.0013752	-432.71	-430.51	-1.0682	1.9172	2.3028	1187.2	-0.040200	0.00090969	0.12963	liquid
326.00	16.000	726.45	0.0013766	-430.40	-428.20	-1.0612	1.9210	2.3064	1183.5	-0.040097	0.00089723	0.12941	liquid
327.00	16.000	725.72	0.0013779	-428.10	-425.89	-1.0541	1.9248	2.3100	1179.8	-0.039994	0.00088504	0.12918	liquid
328.00	16.000	724.99	0.0013793	-425.79	-423.58	-1.0470	1.9286	2.3136	1176.1	-0.039890	0.00087312	0.12896	liquid
329.00	16.000	724.25	0.0013807	-423.48	-421.27	-1.0400	1.9324	2.3172	1172.4	-0.039786	0.00086145	0.12873	liquid
330.00	16.000	723.52	0.0013821	-421.16	-418.95	-1.0329	1.9362	2.3208	1168.8	-0.039681	0.00085003	0.12851	liquid
331.00	16.000	722.79	0.0013835	-418.84	-416.62	-1.0259	1.9401	2.3244	1165.1	-0.039577	0.00083885	0.12829	liquid
332.00	16.000	722.06	0.0013849	-416.51	-414.30	-1.0189	1.9439	2.3281	1161.5	-0.039471	0.00082790	0.12807	liquid
333.00	16.000	721.33	0.0013863	-414.19	-411.97	-1.0119	1.9478	2.3317	1157.8	-0.039366	0.00081718	0.12784	liquid
334.00	16.000	720.59	0.0013877	-411.86	-409.64	-1.0049	1.9516	2.3354	1154.2	-0.039260	0.00080668	0.12762	liquid
335.00	16.000	719.86	0.0013892	-409.52	-407.30	-0.99790	1.9555	2.3390	1150.6	-0.039153	0.00079639	0.12740	liquid
336.00	16.000	719.13	0.0013906	-407.18	-404.96	-0.99092	1.9593	2.3427	1147.0	-0.039047	0.00078631	0.12718	liquid
337.00	16.000	718.40	0.0013920	-404.84	-402.61	-0.98396	1.9632	2.3464	1143.4	-0.038939	0.00077644	0.12696	liquid
338.00	16.000	717.67	0.0013934	-402.49	-400.26	-0.97700	1.9670	2.3501	1139.8	-0.038832	0.00076676	0.12674	liquid
339.00	16.000	716.93	0.0013948	-400.14	-397.91	-0.97005	1.9709	2.3538	1136.2	-0.038724	0.00075727	0.12652	liquid
340.00	16.000	716.20	0.0013963	-397.79	-395.56	-0.96311	1.9747	2.3575	1132.6	-0.038616	0.00074797	0.12630	liquid
341.00	16.000	715.47	0.0013977	-395.43	-393.20	-0.95618	1.9786	2.3612	1129.0	-0.038507	0.00073885	0.12608	liquid
342.00	16.000	714.73	0.0013991	-393.07	-390.83	-0.94926	1.9825	2.3649	1125.5	-0.038398	0.00072990	0.12587	liquid
343.00	16.000	714.00	0.0014006	-390.71	-388.47	-0.94235	1.9864	2.3687	1121.9	-0.038288	0.00072113	0.12565	liquid
344.00	16.000	713.27	0.0014020	-388.34	-386.10	-0.93545	1.9902	2.3724	1118.4	-0.038179	0.00071252	0.12543	liquid
345.00	16.000	712.53	0.0014034	-385.97	-383.72	-0.92856	1.9941	2.3761	1114.9	-0.038068	0.00070408	0.12521	liquid
346.00	16.000	711.80	0.0014049	-383.59	-381.34	-0.92168	1.9980	2.3799	1111.3	-0.037958	0.00069580	0.12500	liquid
347.00	16.000	711.06	0.0014063	-381.21	-378.96	-0.91480	2.0019	2.3837	1107.8	-0.037847	0.00068767	0.12478	liquid
348.00	16.000	710.33	0.0014078	-378.83	-376.58	-0.90794	2.0058	2.3874	1104.3	-0.037735	0.00067968	0.12456	liquid
349.00	16.000	709.59	0.0014093	-376.44	-374.19	-0.90108	2.0096	2.3912	1100.8	-0.037623	0.00067185	0.12435	liquid
350.00	16.000	708.86	0.0014107	-374.05	-371.80	-0.89423	2.0135	2.3950	1097.3	-0.037511	0.00066416	0.12413	liquid
351.00	16.000	708.12	0.0014122	-371.66	-369.40	-0.88740	2.0174	2.3988	1093.8	-0.037399	0.00065661	0.12392	liquid
352.00	16.000	707.39	0.0014137	-369.26	-367.00	-0.88057	2.0213	2.4026	1090.3	-0.037286	0.00064919	0.12370	liquid
353.00	16.000	706.65	0.0014151	-366.86	-364.59	-0.87375	2.0252	2.4064	1086.8	-0.037172	0.00064190	0.12349	liquid
354.00	16.000	705.91	0.0014166	-364.45	-362.18	-0.86693	2.0291	2.4102	1083.4	-0.037058	0.00063475	0.12327	liquid
355.00	16.000	705.18	0.0014181	-362.04	-359.77	-0.86013	2.0330	2.4140	1079.9	-0.036944	0.00062772	0.12306	liquid
356.00	16.000	704.44	0.0014196	-359.63	-357.36	-0.85333	2.0369	2.4178	1076.4	-0.036830	0.00062081	0.12285	liquid
357.00	16.000	703.70	0.0014211	-357.21	-354.94	-0.84654	2.0408	2.4216	1073.0	-0.036715	0.00061402	0.12263	liquid
358.00	16.000	702.96	0.0014226	-354.79	-352.51	-0.83977	2.0447	2.4255	1069.6	-0.036599	0.00060735	0.12242	liquid
359.00	16.000	702.22	0.0014240	-352.36	-350.09	-0.83299	2.0486	2.4293	1066.1	-0.036483	0.00060079	0.12221	liquid
360.00	16.000	701.49	0.0014255	-349.94	-347.65	-0.82623	2.0525	2.4332	1062.7	-0.036367	0.00059434	0.12200	liquid
361.00	16.000	700.75	0.0014270	-347.50	-345.22	-0.81948	2.0564	2.4370	1059.3	-0.036251	0.00058800	0.12178	liquid
362.00	16.000	700.01	0.0014286	-345.07	-342.78	-0.81273	2.0603	2.4409	1055.9	-0.036134	0.00058177	0.12157	liquid
363.00	16.000	699.27	0.0014301	-342.63	-340.34	-0.80599	2.0642	2.4447	1052.4	-0.036016	0.00057564	0.12136	liquid
364.00	16.000	698.53	0.0014316	-340.18	-337.89	-0.79926	2.0681	2.4486	1049.0	-0.035898	0.00056961	0.12115	liquid
365.00	16.000	697.79	0.0014331	-337.73	-335.44	-0.79254	2.0720	2.4525	1045.6	-0.035780	0.00056368	0.12094	liquid
366.00	16.000	697.04	0.0014346	-335.28	-332.99	-0.78582	2.0759	2.4563	1042.3	-0.035661	0.00055784	0.12073	liquid
367.00	16.000	696.30	0.0014362	-332.83	-330.53	-0.77912	2.0798	2.4602	1038.9	-0.035542	0.00055210	0.12052	liquid
368.00	16.000	695.56	0.0014377	-330.37	-328.07	-0.77242	2.0838	2.4641	1035.5	-0.035422	0.00054645	0.12031	liquid
369.00	16.000	694.82	0.0014392	-327.90	-325.60	-0.76572	2.0877	2.4680	1032.1	-0.035302	0.00054089	0.12010	liquid
370.00	16.000	694.07	0.0014408	-325.44	-323.13	-0.75904	2.0916	2.4719	1028.8	-0.035182	0.00053542	0.11989	liquid
371.00	16.000	693.33	0.0014423	-322.96	-320.66	-0.75236	2.0955	2.4758	1025.4	-0.035061	0.00053004	0.11968	liquid
372.00	16.000	692.59	0.0014439	-320.49	-318.18	-0.74569	2.0994	2.4797	1022.1	-0.034939	0.00052473	0.11947	liquid
373.00	16.000	691.84	0.0014454	-318.01	-315.70	-0.73903	2.1033	2.4836	1018.7	-0.034818	0.00051951	0.11926	liquid
374.00	16.000	691.09	0.0014470	-315.53	-313.21	-0.73238	2.1072	2.4875	1015.4	-0.034695	0.00051437	0.11905	liquid
375.00	16.000	690.35	0.0014485	-313.04	-310.72	-0.72573	2.1111	2.4914	1012.0	-0.034573	0.00050931	0.11885	liquid
376.00	16.000	689.60	0.0014501	-310.55	-308.23	-0.71909	2.1150	2.4953	1008.7	-0.034449	0.00050433	0.11864	liquid
377.00	16.000	688.86	0.0014517	-308.05	-305.73	-0.71246	2.1189	2.4993	1005.4	-0.034326	0.00049942	0.11843	liquid
378.00	16.000	688.11	0.0014533	-305.56	-303.23	-0.70583	2.1228	2.5032	1002.1	-0.034201	0.00049458	0.11822	liquid
379.00	16.000	687.36	0.0014548	-303.05	-300.72	-0.69921	2.1267	2.5071	998.77	-0.034077	0.00048981	0.11802	liquid
380.00	16.000	686.61	0.0014564	-300.55	-298.22	-0.69260	2.1306	2.5110	995.46	-0.033952	0.00048512	0.11781	liquid
381.00	16.000	685.86	0.0014580	-298.04	-295.70	-0.68599	2.1345	2.5150	992.16	-0.033826	0.00048049	0.11760	liquid
382.00	16.000	685.11	0.0014596	-295.52	-293.19	-0.67940	2.1384	2.5189	988.87	-0.033700	0.00047593	0.11740	liquid
383.00	16.000	684.36	0.0014612	-293.00	-290.66	-0.67281	2.1423	2.5229	985.58	-0.033573	0.00047144	0.11719	liquid
384.00	16.000	683.61	0.0014628	-290.48	-288.14	-0.66622	2.1462	2.5268	982.30	-0.033446	0.00046701	0.11699	liquid
385.00	16.000	682.86	0.0014644	-287.95	-285.61	-0.65965	2.1501	2.5308	979.02	-0.033318	0.00046265	0.11678	liquid
386.00	16.000	682.10	0.0014661	-285.42	-283.08	-0.65308	2.1540	2.5347	975.75	-0.033190	0.00045834	0.11658	liquid
387.00	16.000	681.35	0.0014677	-282.89	-280.54	-0.64651	2.1579	2.5387	972.48	-0.033061	0.00045410	0.11637	liquid
388.00	16.000	680.60	0.0014693	-280.35	-278.00	-0.63996	2.1618	2.5426	969.22	-0.032932	0.00044991	0.11617	liquid
389.00	16.000	679.84	0.0014709	-277.81	-275.46	-0.63341	2.1657	2.5466	965.96	-0.032802	0.00044578	0.11596	liquid
390.00	16.000	679.09	0.0014726	-275.26	-272.91	-0.62686	2.1696	2.5506	962.71	-0.032672	0.00044171	0.11576	liquid
391.00	16.000	678.33	0.0014742	-272.71	-270.36	-0.62033	2.1735	2.5545	959.46	-0.032541	0.00043770	0.11555	liquid
392.00	16.000	677.57	0.0014759	-270.16	-267.80	-0.61380	2.1774	2.5585	956.22	-0.032410	0.00043374	0.11535	liquid
393.00	16.000	676.81	0.0014775	-267.60	-265.24	-0.60727	2.1813	2.5625	952.98	-0.032278	0.00042983	0.11515	liquid
394.00	16.000	676.06	0.0014792	-265.04	-262.67	-0.60076	2.1852	2.5665	949.75	-0.032145	0.00042598	0.11494	liquid
395.00	16.000	675.30	0.0014808	-262.47	-260.11	-0.59425	2.1891	2.5704	946.52	-0.032012	0.00042218	0.11474	liquid
396.00	16.000	674.54	0.0014825	-259.91	-257.53	-0.58774	2.1929	2.5744	943.30	-0.031878	0.00041842	0.11454	liquid
397.00	16.000	673.78	0.0014842	-257.33	-254.96	-0.58124	2.1968	2.5784	940.08	-0.031744	0.00041472	0.11433	liquid
398.00	16.000	673.01	0.0014859	-254.75	-252.38	-0.57475	2.2007	2.5824	936.87	-0.031609	0.00041106	0.11413	liquid
399.00	16.000	672.25	0.0014875	-252.17	-249.79	-0.56827	2.2046	2.5864	933.66	-0.031473	0.00040746	0.11393	liquid
400.00	16.000	671.49	0.0014892	-249.59	-247.20	-0.56179	2.2085	2.5904	930.46	-0.031337	0.00040389	0.11373	liquid
401.00	16.000	670.72	0.0014909	-247.00	-244.61	-0.55531	2.2123	2.5944	927.26	-0.031200	0.00040038	0.11353	liquid
402.00	16.000	669.96	0.0014926	-244.40	-242.01	-0.54885	2.2162	2.5984	924.07	-0.031063	0.00039691	0.11332	liquid
403.00	16.000	669.19	0.0014943	-241.81	-239.41	-0.54239	2.2201	2.6024	920.87	-0.030924	0.00039348	0.11312	liquid
404.00	16.000	668.43	0.0014960	-239.20	-236.81	-0.53593	2.2240	2.6064	917.69	-0.030786	0.00039009	0.11292	liquid
405.00	16.000	667.66	0.0014978	-236.60	-234.20	-0.52948	2.2278	2.6104	914.51	-0.030646	0.00038675	0.11272	liquid
406.00	16.000	666.89	0.0014995	-233.99	-231.59	-0.52304	2.2317	2.6144	911.33	-0.030506	0.00038345	0.11252	liquid
407.00	16.000	666.12	0.0015012	-231.37	-228.97	-0.51661	2.2355	2.6184	908.16	-0.030365	0.00038019	0.11232	liquid
408.00	16.000	665.35	0.0015030	-228.76	-226.35	-0.51018	2.2394	2.6224	904.99	-0.030224	0.00037697	0.11212	liquid
409.00	16.000	664.58	0.0015047	-226.14	-223.73	-0.50375	2.2433	2.6264	901.82	-0.030082	0.00037379	0.11192	liquid
410.00	16.000	663.81	0.0015065	-223.51	-221.10	-0.49733	2.2471	2.6304	898.66	-0.029939	0.00037064	0.11172	liquid
411.00	16.000	663.03	0.0015082	-220.88	-218.47	-0.49092	2.2510	2.6344	895.51	-0.029795	0.00036754	0.11152	liquid
412.00	16.000	662.26	0.0015100	-218.25	-215.83	-0.48451	2.2548	2.6384	892.35	-0.029651	0.00036447	0.11132	liquid
413.00	16.000	661.49	0.0015117	-215.61	-213.19	-0.47811	2.2587	2.6424	889.20	-0.029506	0.00036144	0.11112	liquid
414.00	16.000	660.71	0.0015135	-212.97	-210.55	-0.47172	2.2625	2.6464	886.06	-0.029360	0.00035844	0.11092	liquid
415.00	16.000	659.93	0.0015153	-210.32	-207.90	-0.46533	2.2664	2.6505	882.92	-0.029214	0.00035548	0.11072	liquid
416.00	16.000	659.15	0.0015171	-207.67	-205.25	-0.45894	2.2702	2.6545	879.78	-0.029066	0.00035255	0.11052	liquid
417.00	16.000	658.37	0.0015189	-205.02	-202.59	-0.45257	2.2740	2.6585	876.65	-0.028918	0.00034966	0.11032	liquid
418.00	16.000	657.59	0.0015207	-202.36	-199.93	-0.44619	2.2779	2.6625	873.52	-0.028769	0.00034680	0.11013	liquid
419.00	16.000	656.81	0.0015225	-199.70	-197.26	-0.43983	2.2817	2.6665	870.39	-0.028620	0.00034397	0.10993	liquid
420.00	16.000	656.03	0.0015243	-197.03	-194.60	-0.43346	2.2855	2.6706	867.27	-0.028469	0.00034117	0.10973	liquid
421.00	16.000	655.25	0.0015261	-194.36	-191.92	-0.42711	2.2894	2.6746	864.15	-0.028318	0.00033841	0.10953	liquid
422.00	16.000	654.46	0.0015280	-191.69	-189.25	-0.42076	2.2932	2.6786	861.04	-0.028165	0.00033567	0.10933	liquid
423.00	16.000	653.68	0.0015298	-189.01	-186.57	-0.41441	2.2970	2.6827	857.93	-0.028012	0.00033297	0.10914	liquid
424.00	16.000	652.89	0.0015317	-186.33	-183.88	-0.40807	2.3008	2.6867	854.82	-0.027858	0.00033029	0.10894	liquid
425.00	16.000	652.10	0.0015335	-183.65	-181.19	-0.40174	2.3046	2.6907	851.71	-0.027704	0.00032765	0.10874	liquid
426.00	16.000	651.31	0.0015354	-180.96	-178.50	-0.39541	2.3084	2.6948	848.61	-0.027548	0.00032503	0.10855	liquid
427.00	16.000	650.52	0.0015372	-178.26	-175.80	-0.38909	2.3122	2.6988	845.51	-0.027391	0.00032244	0.10835	liquid
428.00	16.000	649.73	0.0015391	-175.56	-173.10	-0.38277	2.3160	2.7028	842.42	-0.027234	0.00031988	0.10815	liquid
429.00	16.000	648.94	0.0015410	-172.86	-170.40	-0.37646	2.3198	2.7069	839.33	-0.027075	0.00031735	0.10796	liquid
430.00	16.000	648.15	0.0015429	-170.16	-167.69	-0.37015	2.3236	2.7109	836.24	-0.026916	0.00031485	0.10776	liquid
431.00	16.000	647.35	0.0015448	-167.45	-164.98	-0.36385	2.3274	2.7149	833.16	-0.026755	0.00031237	0.10756	liquid
432.00	16.000	646.55	0.0015467	-164.73	-162.26	-0.35755	2.3312	2.7190	830.08	-0.026594	0.00030991	0.10737	liquid
433.00	16.000	645.76	0.0015486	-162.01	-159.54	-0.35126	2.3350	2.7230	827.00	-0.026432	0.00030748	0.10717	liquid
434.00	16.000	644.96	0.0015505	-159.29	-156.81	-0.34498	2.3388	2.7271	823.92	-0.026268	0.00030508	0.10698	liquid
435.00	16.000	644.16	0.0015524	-156.57	-154.08	-0.33870	2.3426	2.7311	820.85	-0.026104	0.00030270	0.10678	liquid
436.00	16.000	643.36	0.0015543	-153.84	-151.35	-0.33242	2.3464	2.7351	817.78	-0.025938	0.00030035	0.10658	liquid
437.00	16.000	642.55	0.0015563	-151.10	-148.61	-0.32615	2.3501	2.7392	814.71	-0.025772	0.00029802	0.10639	liquid
438.00	16.000	641.75	0.0015582	-148.36	-145.87	-0.31988	2.3539	2.7432	811.65	-0.025604	0.00029571	0.10619	liquid
439.00	16.000	640.94	0.0015602	-145.62	-143.13	-0.31362	2.3577	2.7473	808.59	-0.025436	0.00029343	0.10600	liquid
440.00	16.000	640.14	0.0015622	-142.88	-140.38	-0.30737	2.3614	2.7513	805.53	-0.025266	0.00029117	0.10581	liquid
441.00	16.000	639.33	0.0015641	-140.13	-137.62	-0.30112	2.3652	2.7554	802.48	-0.025095	0.00028893	0.10561	liquid
442.00	16.000	638.52	0.0015661	-137.37	-134.87	-0.29487	2.3689	2.7594	799.42	-0.024923	0.00028671	0.10542	liquid
443.00	16.000	637.71	0.0015681	-134.61	-132.10	-0.28863	2.3727	2.7635	796.37	-0.024750	0.00028452	0.10522	liquid
444.00	16.000	636.90	0.0015701	-131.85	-129.34	-0.28240	2.3764	2.7675	793.33	-0.024576	0.00028234	0.10503	liquid
445.00	16.000	636.08	0.0015721	-129.09	-126.57	-0.27616	2.3802	2.7716	790.28	-0.024400	0.00028019	0.10483	liquid
446.00	16.000	635.27	0.0015741	-126.31	-123.80	-0.26994	2.3839	2.7756	787.24	-0.024223	0.00027806	0.10464	liquid
447.00	16.000	634.45	0.0015762	-123.54	-121.02	-0.26372	2.3877	2.7797	784.20	-0.024045	0.00027595	0.10445	liquid
448.00	16.000	633.63	0.0015782	-120.76	-118.24	-0.25750	2.3914	2.7837	781.16	-0.023866	0.00027386	0.10425	liquid
449.00	16.000	632.81	0.0015802	-117.98	-115.45	-0.25129	2.3951	2.7878	778.13	-0.023685	0.00027178	0.10406	liquid
450.00	16.000	631.99	0.0015823	-115.19	-112.66	-0.24508	2.3989	2.7918	775.10	-0.023503	0.00026973	0.10387	liquid
451.00	16.000	631.17	0.0015844	-112.40	-109.87	-0.23888	2.4026	2.7959	772.07	-0.023320	0.00026770	0.10367	liquid
452.00	16.000	630.34	0.0015864	-109.61	-107.07	-0.23269	2.4063	2.8000	769.04	-0.023136	0.00026568	0.10348	liquid
453.00	16.000	629.52	0.0015885	-106.81	-104.27	-0.22649	2.4100	2.8040	766.02	-0.022950	0.00026369	0.10329	liquid
454.00	16.000	628.69	0.0015906	-104.01	-101.46	-0.22031	2.4137	2.8081	762.99	-0.022763	0.00026171	0.10310	liquid
455.00	16.000	627.86	0.0015927	-101.20	-98.651	-0.21412	2.4174	2.8121	759.97	-0.022574	0.00025975	0.10290	liquid
456.00	16.000	627.03	0.0015948	-98.389	-95.837	-0.20794	2.4211	2.8162	756.95	-0.022384	0.00025780	0.10271	liquid
457.00	16.000	626.20	0.0015969	-95.574	-93.019	-0.20177	2.4248	2.8203	753.94	-0.022192	0.00025588	0.10252	liquid
458.00	16.000	625.36	0.0015991	-92.755	-90.197	-0.19560	2.4285	2.8243	750.92	-0.021999	0.00025397	0.10233	liquid
459.00	16.000	624.53	0.0016012	-89.932	-87.370	-0.18944	2.4322	2.8284	747.91	-0.021805	0.00025208	0.10214	liquid
460.00	16.000	623.69	0.0016034	-87.105	-84.540	-0.18328	2.4359	2.8325	744.90	-0.021609	0.00025021	0.10194	liquid
461.00	16.000	622.85	0.0016055	-84.274	-81.705	-0.17712	2.4396	2.8365	741.89	-0.021411	0.00024835	0.10175	liquid
462.00	16.000	622.01	0.0016077	-81.439	-78.867	-0.17097	2.4433	2.8406	738.89	-0.021212	0.00024651	0.10156	liquid
463.00	16.000	621.17	0.0016099	-78.600	-76.024	-0.16483	2.4470	2.8447	735.88	-0.021011	0.00024468	0.10137	liquid
464.00	16.000	620.32	0.0016121	-75.757	-73.177	-0.15868	2.4506	2.8487	732.88	-0.020809	0.00024287	0.10118	liquid
465.00	16.000	619.48	0.0016143	-72.909	-70.327	-0.15255	2.4543	2.8528	729.88	-0.020604	0.00024107	0.10099	liquid
466.00	16.000	618.63	0.0016165	-70.058	-67.472	-0.14641	2.4580	2.8569	726.88	-0.020399	0.00023929	0.10080	liquid
467.00	16.000	617.78	0.0016187	-67.203	-64.613	-0.14029	2.4616	2.8610	723.88	-0.020191	0.00023753	0.10060	liquid
468.00	16.000	616.93	0.0016209	-64.343	-61.750	-0.13416	2.4653	2.8650	720.89	-0.019982	0.00023578	0.10041	liquid
469.00	16.000	616.07	0.0016232	-61.480	-58.883	-0.12804	2.4689	2.8691	717.89	-0.019771	0.00023404	0.10022	liquid
470.00	16.000	615.22	0.0016254	-58.612	-56.012	-0.12193	2.4726	2.8732	714.90	-0.019558	0.00023232	0.10003	liquid
471.00	16.000	614.36	0.0016277	-55.741	-53.136	-0.11582	2.4762	2.8773	711.91	-0.019343	0.00023062	0.099842	liquid
472.00	16.000	613.50	0.0016300	-52.865	-50.257	-0.10971	2.4799	2.8813	708.92	-0.019127	0.00022892	0.099652	liquid
473.00	16.000	612.64	0.0016323	-49.985	-47.374	-0.10361	2.4835	2.8854	705.94	-0.018908	0.00022724	0.099462	liquid
474.00	16.000	611.78	0.0016346	-47.102	-44.486	-0.097508	2.4871	2.8895	702.95	-0.018688	0.00022558	0.099272	liquid
475.00	16.000	610.91	0.0016369	-44.214	-41.595	-0.091414	2.4908	2.8936	699.96	-0.018465	0.00022393	0.099082	liquid
476.00	16.000	610.05	0.0016392	-41.322	-38.699	-0.085325	2.4944	2.8977	696.98	-0.018241	0.00022229	0.098892	liquid
477.00	16.000	609.18	0.0016416	-38.426	-35.799	-0.079239	2.4980	2.9018	694.00	-0.018014	0.00022066	0.098702	liquid
478.00	16.000	608.30	0.0016439	-35.526	-32.895	-0.073158	2.5016	2.9059	691.02	-0.017786	0.00021905	0.098513	liquid
479.00	16.000	607.43	0.0016463	-32.622	-29.988	-0.067081	2.5052	2.9100	688.04	-0.017555	0.00021745	0.098323	liquid
480.00	16.000	606.55	0.0016487	-29.713	-27.076	-0.061008	2.5088	2.9140	685.06	-0.017322	0.00021586	0.098134	liquid
481.00	16.000	605.68	0.0016510	-26.801	-24.159	-0.054939	2.5124	2.9181	682.08	-0.017087	0.00021428	0.097945	liquid
482.00	16.000	604.80	0.0016534	-23.885	-21.239	-0.048874	2.5160	2.9222	679.11	-0.016850	0.00021272	0.097755	liquid
483.00	16.000	603.91	0.0016559	-20.964	-18.315	-0.042813	2.5196	2.9263	676.13	-0.016610	0.00021117	0.097566	liquid
484.00	16.000	603.03	0.0016583	-18.040	-15.387	-0.036757	2.5232	2.9304	673.16	-0.016368	0.00020963	0.097377	liquid
485.00	16.000	602.14	0.0016607	-15.111	-12.454	-0.030704	2.5268	2.9345	670.19	-0.016124	0.00020810	0.097189	liquid
486.00	16.000	601.25	0.0016632	-12.179	-9.5175	-0.024655	2.5304	2.9386	667.22	-0.015877	0.00020658	0.097000	liquid
487.00	16.000	600.36	0.0016657	-9.2419	-6.5768	-0.018611	2.5339	2.9428	664.25	-0.015628	0.00020507	0.096811	liquid
488.00	16.000	599.47	0.0016681	-6.3011	-3.6320	-0.012570	2.5375	2.9469	661.28	-0.015377	0.00020358	0.096623	liquid
489.00	16.000	598.57	0.0016706	-3.3561	-0.68312	-0.0065336	2.5411	2.9510	658.31	-0.015123	0.00020210	0.096435	liquid
490.00	16.000	597.68	0.0016731	-0.40713	2.2699	-0.00050082	2.5446	2.9551	655.34	-0.014866	0.00020062	0.096246	liquid
491.00	16.000	596.78	0.0016757	2.5460	5.2271	0.0055280	2.5482	2.9592	652.37	-0.014606	0.00019916	0.096058	liquid
492.00	16.000	595.87	0.0016782	5.5032	8.1883	0.011553	2.5518	2.9633	649.41	-0.014344	0.00019771	0.095870	liquid
493.00	16.000	594.97	0.0016808	8.4645	11.154	0.017574	2.5553	2.9674	646.44	-0.014080	0.00019627	0.095682	liquid
494.00	16.000	594.06	0.0016833	11.430	14.123	0.023591	2.5589	2.9716	643.47	-0.013812	0.00019484	0.095494	liquid
495.00	16.000	593.15	0.0016859	14.399	17.097	0.029605	2.5624	2.9757	640.51	-0.013541	0.00019342	0.095306	liquid
496.00	16.000	592.23	0.0016885	17.373	20.075	0.035614	2.5659	2.9798	637.55	-0.013268	0.00019201	0.095119	liquid
497.00	16.000	591.32	0.0016911	20.351	23.057	0.041620	2.5695	2.9840	634.58	-0.012992	0.00019061	0.094931	liquid
498.00	16.000	590.40	0.0016938	23.333	26.043	0.047622	2.5730	2.9881	631.62	-0.012712	0.00018922	0.094744	liquid
499.00	16.000	589.48	0.0016964	26.318	29.033	0.053621	2.5765	2.9922	628.66	-0.012430	0.00018784	0.094557	liquid
500.00	16.000	588.56	0.0016991	29.309	32.027	0.059615	2.5801	2.9964	625.69	-0.012144	0.00018646	0.094369	liquid
501.00	16.000	587.63	0.0017018	32.303	35.025	0.065606	2.5836	3.0005	622.73	-0.011856	0.00018510	0.094182	liquid
502.00	16.000	586.70	0.0017044	35.301	38.028	0.071593	2.5871	3.0047	619.77	-0.011564	0.00018375	0.093995	liquid
503.00	16.000	585.77	0.0017072	38.303	41.035	0.077577	2.5906	3.0088	616.81	-0.011268	0.00018241	0.093808	liquid
504.00	16.000	584.83	0.0017099	41.310	44.046	0.083557	2.5941	3.0130	613.85	-0.010970	0.00018107	0.093621	liquid
505.00	16.000	583.90	0.0017126	44.321	47.061	0.089533	2.5976	3.0172	610.89	-0.010667	0.00017975	0.093435	liquid
506.00	16.000	582.96	0.0017154	47.335	50.080	0.095506	2.6011	3.0213	607.92	-0.010362	0.00017843	0.093248	liquid
507.00	16.000	582.01	0.0017182	50.354	53.103	0.10148	2.6046	3.0255	604.96	-0.010052	0.00017712	0.093061	liquid
508.00	16.000	581.07	0.0017210	53.378	56.131	0.10744	2.6081	3.0297	602.00	-0.0097393	0.00017582	0.092875	liquid
509.00	16.000	580.12	0.0017238	56.405	59.163	0.11340	2.6116	3.0338	599.04	-0.0094226	0.00017453	0.092689	liquid
510.00	16.000	579.16	0.0017266	59.436	62.199	0.11936	2.6150	3.0380	596.08	-0.0091020	0.00017325	0.092502	liquid
511.00	16.000	578.21	0.0017295	62.472	65.239	0.12532	2.6185	3.0422	593.12	-0.0087775	0.00017197	0.092316	liquid
512.00	16.000	577.25	0.0017323	65.511	68.283	0.13127	2.6220	3.0464	590.16	-0.0084490	0.00017071	0.092130	liquid
513.00	16.000	576.29	0.0017352	68.555	71.332	0.13722	2.6255	3.0506	587.20	-0.0081164	0.00016945	0.091944	liquid
514.00	16.000	575.33	0.0017381	71.603	74.384	0.14316	2.6289	3.0548	584.24	-0.0077797	0.00016820	0.091758	liquid
515.00	16.000	574.36	0.0017411	74.656	77.441	0.14910	2.6324	3.0590	581.27	-0.0074387	0.00016696	0.091572	liquid
516.00	16.000	573.39	0.0017440	77.712	80.502	0.15504	2.6358	3.0632	578.31	-0.0070934	0.00016572	0.091387	liquid
517.00	16.000	572.41	0.0017470	80.773	83.568	0.16098	2.6393	3.0675	575.35	-0.0067437	0.00016449	0.091201	liquid
518.00	16.000	571.43	0.0017500	83.837	86.637	0.16691	2.6427	3.0717	572.38	-0.0063894	0.00016327	0.091015	liquid
519.00	16.000	570.45	0.0017530	86.906	89.711	0.17284	2.6462	3.0759	569.42	-0.0060305	0.00016206	0.090830	liquid
520.00	16.000	569.47	0.0017560	89.980	92.789	0.17876	2.6496	3.0801	566.46	-0.0056669	0.00016086	0.090645	liquid
521.00	16.000	568.48	0.0017591	93.057	95.871	0.18468	2.6531	3.0844	563.49	-0.0052984	0.00015966	0.090459	liquid
522.00	16.000	567.49	0.0017621	96.139	98.958	0.19060	2.6565	3.0886	560.53	-0.0049250	0.00015847	0.090274	liquid
523.00	16.000	566.49	0.0017652	99.224	102.05	0.19652	2.6599	3.0929	557.56	-0.0045466	0.00015729	0.090089	liquid
524.00	16.000	565.50	0.0017684	102.31	105.14	0.20243	2.6633	3.0972	554.59	-0.0041629	0.00015611	0.089904	liquid
525.00	16.000	564.49	0.0017715	105.41	108.24	0.20834	2.6668	3.1014	551.62	-0.0037741	0.00015494	0.089719	liquid
526.00	16.000	563.49	0.0017747	108.51	111.35	0.21424	2.6702	3.1057	548.66	-0.0033798	0.00015378	0.089535	liquid
527.00	16.000	562.48	0.0017779	111.61	114.45	0.22015	2.6736	3.1100	545.69	-0.0029799	0.00015262	0.089350	liquid
528.00	16.000	561.46	0.0017811	114.72	117.57	0.22605	2.6770	3.1143	542.71	-0.0025745	0.00015148	0.089165	liquid
529.00	16.000	560.45	0.0017843	117.83	120.68	0.23194	2.6804	3.1186	539.74	-0.0021632	0.00015033	0.088981	liquid
530.00	16.000	559.42	0.0017876	120.94	123.80	0.23784	2.6838	3.1229	536.77	-0.0017461	0.00014920	0.088796	liquid
531.00	16.000	558.40	0.0017908	124.06	126.93	0.24373	2.6872	3.1272	533.80	-0.0013229	0.00014807	0.088612	liquid
532.00	16.000	557.37	0.0017941	127.19	130.06	0.24962	2.6906	3.1316	530.82	-0.00089346	0.00014695	0.088428	liquid
533.00	16.000	556.34	0.0017975	130.32	133.19	0.25550	2.6940	3.1359	527.84	-0.00045772	0.00014583	0.088243	liquid
534.00	16.000	555.30	0.0018008	133.45	136.33	0.26138	2.6974	3.1403	524.87	-1.5473e-05	0.00014472	0.088059	liquid
535.00	16.000	554.26	0.0018042	136.59	139.47	0.26726	2.7007	3.1446	521.89	0.00043342	0.00014361	0.087875	liquid
536.00	16.000	553.21	0.0018076	139.73	142.62	0.27314	2.7041	3.1490	518.91	0.00088913	0.00014252	0.087691	liquid
537.00	16.000	552.16	0.0018111	142.87	145.77	0.27901	2.7075	3.1534	515.92	0.0013518	0.00014142	0.087508	liquid
538.00	16.000	551.11	0.0018145	146.02	148.93	0.28488	2.7109	3.1578	512.94	0.0018216	0.00014034	0.087324	liquid
539.00	16.000	550.05	0.0018180	149.18	152.09	0.29075	2.7142	3.1622	509.95	0.0022988	0.00013926	0.087140	liquid
540.00	16.000	548.98	0.0018215	152.34	155.25	0.29662	2.7176	3.1666	506.97	0.0027835	0.00013818	0.086957	liquid
541.00	16.000	547.92	0.0018251	155.50	158.42	0.30248	2.7210	3.1710	503.98	0.0032759	0.00013711	0.086773	liquid
542.00	16.000	546.84	0.0018287	158.67	161.59	0.30834	2.7243	3.1754	500.99	0.0037761	0.00013605	0.086590	liquid
543.00	16.000	545.77	0.0018323	161.84	164.77	0.31420	2.7277	3.1799	497.99	0.0042845	0.00013499	0.086406	liquid
544.00	16.000	544.68	0.0018359	165.01	167.95	0.32005	2.7310	3.1843	495.00	0.0048012	0.00013394	0.086223	liquid
545.00	16.000	543.60	0.0018396	168.20	171.14	0.32590	2.7344	3.1888	492.00	0.0053264	0.00013289	0.086040	liquid
546.00	16.000	542.50	0.0018433	171.38	174.33	0.33175	2.7377	3.1933	489.00	0.0058603	0.00013185	0.085857	liquid
547.00	16.000	541.41	0.0018470	174.57	177.53	0.33760	2.7411	3.1978	486.00	0.0064032	0.00013081	0.085674	liquid
548.00	16.000	540.31	0.0018508	177.76	180.73	0.34345	2.7444	3.2023	482.99	0.0069553	0.00012978	0.085491	liquid
549.00	16.000	539.20	0.0018546	180.96	183.93	0.34929	2.7477	3.2069	479.99	0.0075169	0.00012876	0.085308	liquid
550.00	16.000	538.09	0.0018584	184.17	187.14	0.35513	2.7511	3.2114	476.98	0.0080882	0.00012773	0.085125	liquid
551.00	16.000	536.97	0.0018623	187.37	190.35	0.36097	2.7544	3.2160	473.97	0.0086695	0.00012672	0.084943	liquid
552.00	16.000	535.84	0.0018662	190.59	193.57	0.36680	2.7577	3.2206	470.95	0.0092610	0.00012571	0.084760	liquid
553.00	16.000	534.72	0.0018702	193.80	196.79	0.37263	2.7611	3.2252	467.94	0.0098631	0.00012470	0.084578	liquid
554.00	16.000	533.58	0.0018741	197.02	200.02	0.37847	2.7644	3.2298	464.92	0.010476	0.00012370	0.084395	liquid
555.00	16.000	532.44	0.0018781	200.25	203.25	0.38429	2.7677	3.2344	461.90	0.011100	0.00012270	0.084213	liquid
556.00	16.000	531.30	0.0018822	203.48	206.49	0.39012	2.7710	3.2391	458.87	0.011736	0.00012171	0.084031	liquid
557.00	16.000	530.14	0.0018863	206.71	209.73	0.39595	2.7743	3.2437	455.84	0.012383	0.00012072	0.083849	liquid
558.00	16.000	528.99	0.0018904	209.95	212.98	0.40177	2.7776	3.2484	452.81	0.013042	0.00011974	0.083667	liquid
559.00	16.000	527.82	0.0018946	213.20	216.23	0.40759	2.7809	3.2532	449.78	0.013714	0.00011876	0.083485	liquid
560.00	16.000	526.65	0.0018988	216.45	219.48	0.41341	2.7842	3.2579	446.74	0.014399	0.00011779	0.083303	liquid
561.00	16.000	525.48	0.0019030	219.70	222.74	0.41922	2.7875	3.2627	443.70	0.015097	0.00011682	0.083121	liquid
562.00	16.000	524.30	0.0019073	222.96	226.01	0.42504	2.7908	3.2674	440.65	0.015808	0.00011585	0.082939	liquid
563.00	16.000	523.11	0.0019117	226.22	229.28	0.43085	2.7941	3.2722	437.60	0.016534	0.00011489	0.082758	liquid
564.00	16.000	521.91	0.0019160	229.49	232.55	0.43666	2.7974	3.2771	434.55	0.017274	0.00011393	0.082576	liquid
565.00	16.000	520.71	0.0019205	232.76	235.83	0.44247	2.8007	3.2819	431.49	0.018029	0.00011298	0.082395	liquid
566.00	16.000	519.50	0.0019249	236.04	239.12	0.44828	2.8040	3.2868	428.43	0.018800	0.00011203	0.082213	liquid
567.00	16.000	518.28	0.0019294	239.32	242.41	0.45409	2.8073	3.2917	425.37	0.019586	0.00011109	0.082032	liquid
568.00	16.000	517.06	0.0019340	242.61	245.70	0.45989	2.8106	3.2967	422.30	0.020389	0.00011015	0.081851	liquid
569.00	16.000	515.83	0.0019386	245.90	249.00	0.46570	2.8139	3.3016	419.23	0.021208	0.00010921	0.081670	liquid
570.00	16.000	514.59	0.0019433	249.20	252.30	0.47150	2.8172	3.3066	416.15	0.022045	0.00010827	0.081489	liquid
571.00	16.000	513.35	0.0019480	252.50	255.61	0.47730	2.8205	3.3117	413.07	0.022901	0.00010735	0.081308	liquid
572.00	16.000	512.10	0.0019528	255.80	258.93	0.48310	2.8237	3.3167	409.98	0.023774	0.00010642	0.081127	liquid
573.00	16.000	510.83	0.0019576	259.12	262.25	0.48889	2.8270	3.3218	406.89	0.024668	0.00010550	0.080946	liquid
574.00	16.000	509.57	0.0019625	262.43	265.57	0.49469	2.8303	3.3270	403.79	0.025581	0.00010458	0.080765	liquid
575.00	16.000	508.29	0.0019674	265.75	268.90	0.50049	2.8336	3.3321	400.69	0.026514	0.00010366	0.080585	liquid
576.00	16.000	507.00	0.0019724	269.08	272.24	0.50628	2.8368	3.3373	397.58	0.027469	0.00010275	0.080404	liquid
577.00	16.000	505.71	0.0019774	272.41	275.58	0.51208	2.8401	3.3426	394.46	0.028446	0.00010184	0.080224	liquid
578.00	16.000	504.41	0.0019825	275.75	278.92	0.51787	2.8434	3.3479	391.35	0.029446	0.00010094	0.080044	liquid
579.00	16.000	503.10	0.0019877	279.09	282.27	0.52366	2.8467	3.3532	388.22	0.030470	0.00010004	0.079863	liquid
580.00	16.000	501.78	0.0019929	282.44	285.63	0.52945	2.8499	3.3586	385.09	0.031518	9.9138e-05	0.079683	liquid
581.00	16.000	500.45	0.0019982	285.79	288.99	0.53524	2.8532	3.3640	381.95	0.032592	9.8242e-05	0.079503	liquid
582.00	16.000	499.11	0.0020036	289.15	292.36	0.54103	2.8565	3.3695	378.81	0.033692	9.7350e-05	0.079323	liquid
583.00	16.000	497.76	0.0020090	292.51	295.73	0.54682	2.8597	3.3750	375.66	0.034820	9.6461e-05	0.079143	liquid
584.00	16.000	496.40	0.0020145	295.88	299.11	0.55261	2.8630	3.3805	372.50	0.035976	9.5574e-05	0.078963	liquid
585.00	16.000	495.03	0.0020201	299.26	302.49	0.55840	2.8663	3.3862	369.34	0.037162	9.4691e-05	0.078784	liquid
586.00	16.000	493.66	0.0020257	302.64	305.88	0.56419	2.8696	3.3918	366.17	0.038379	9.3810e-05	0.078604	liquid
587.00	16.000	492.27	0.0020314	306.02	309.27	0.56997	2.8728	3.3976	362.99	0.039628	9.2932e-05	0.078424	liquid
588.00	16.000	490.87	0.0020372	309.41	312.67	0.57576	2.8761	3.4034	359.80	0.040910	9.2057e-05	0.078245	liquid
589.00	16.000	489.46	0.0020431	312.81	316.08	0.58155	2.8794	3.4092	356.60	0.042227	9.1184e-05	0.078066	liquid
590.00	16.000	488.03	0.0020490	316.21	319.49	0.58734	2.8826	3.4151	353.40	0.043580	9.0314e-05	0.077886	liquid
591.00	16.000	486.60	0.0020551	319.62	322.91	0.59313	2.8859	3.4211	350.19	0.044971	8.9446e-05	0.077707	liquid
592.00	16.000	485.15	0.0020612	323.04	326.33	0.59892	2.8892	3.4272	346.97	0.046402	8.8581e-05	0.077528	liquid
593.00	16.000	483.70	0.0020674	326.46	329.76	0.60470	2.8925	3.4333	343.74	0.047874	8.7718e-05	0.077349	liquid
594.00	16.000	482.23	0.0020737	329.88	333.20	0.61049	2.8957	3.4396	340.50	0.049388	8.6858e-05	0.077170	liquid
595.00	16.000	480.74	0.0020801	333.32	336.64	0.61629	2.8990	3.4459	337.25	0.050948	8.5999e-05	0.076991	liquid
596.00	16.000	479.25	0.0020866	336.75	340.09	0.62208	2.9023	3.4522	333.99	0.052555	8.5143e-05	0.076812	liquid
597.00	16.000	477.74	0.0020932	340.20	343.55	0.62787	2.9056	3.4587	330.72	0.054210	8.4288e-05	0.076634	liquid
598.00	16.000	476.21	0.0020999	343.65	347.01	0.63366	2.9089	3.4653	327.44	0.055918	8.3436e-05	0.076455	liquid
599.00	16.000	474.67	0.0021067	347.11	350.48	0.63946	2.9122	3.4720	324.15	0.057680	8.2585e-05	0.076277	liquid
600.00	16.000	473.12	0.0021136	350.57	353.95	0.64526	2.9155	3.4787	320.84	0.059498	8.1736e-05	0.076098	liquid
601.00	16.000	471.55	0.0021207	354.04	357.44	0.65106	2.9187	3.4856	317.52	0.061377	8.0889e-05	0.075920	liquid
602.00	16.000	469.97	0.0021278	357.52	360.92	0.65686	2.9221	3.4926	314.20	0.063318	8.0043e-05	0.075742	liquid
603.00	16.000	468.37	0.0021351	361.01	364.42	0.66266	2.9254	3.4997	310.85	0.065325	7.9199e-05	0.075564	liquid
604.00	16.000	466.75	0.0021425	364.50	367.92	0.66846	2.9287	3.5070	307.50	0.067401	7.8356e-05	0.075385	liquid
605.00	16.000	465.12	0.0021500	368.00	371.44	0.67427	2.9320	3.5144	304.12	0.069552	7.7515e-05	0.075207	liquid
606.00	16.000	463.46	0.0021577	371.50	374.95	0.68008	2.9353	3.5219	300.74	0.071779	7.6674e-05	0.075030	liquid
607.00	16.000	461.79	0.0021655	375.01	378.48	0.68590	2.9386	3.5296	297.34	0.074089	7.5835e-05	0.074852	liquid
608.00	16.000	460.11	0.0021734	378.54	382.01	0.69171	2.9420	3.5374	293.92	0.076486	7.4997e-05	0.074674	liquid
609.00	16.000	458.40	0.0021815	382.06	385.55	0.69753	2.9453	3.5455	290.48	0.078974	7.4159e-05	0.074496	liquid
610.00	16.000	456.67	0.0021898	385.60	389.10	0.70336	2.9486	3.5537	287.03	0.081560	7.3322e-05	0.074319	liquid
611.00	16.000	454.92	0.0021982	389.14	392.66	0.70918	2.9520	3.5621	283.55	0.084249	7.2486e-05	0.074141	liquid
612.00	16.000	453.14	0.0022068	392.70	396.23	0.71502	2.9554	3.5707	280.06	0.087049	7.1650e-05	0.073964	liquid
613.00	16.000	451.35	0.0022156	396.26	399.80	0.72085	2.9587	3.5795	276.55	0.089966	7.0814e-05	0.073787	liquid
614.00	16.000	449.53	0.0022245	399.83	403.39	0.72669	2.9621	3.5886	273.01	0.093009	6.9978e-05	0.073609	liquid
615.00	16.000	447.69	0.0022337	403.41	406.98	0.73254	2.9655	3.5979	269.45	0.096185	6.9142e-05	0.073432	liquid
616.00	16.000	445.82	0.0022431	406.99	410.58	0.73839	2.9689	3.6075	265.87	0.099505	6.8306e-05	0.073255	liquid
617.00	16.000	443.92	0.0022526	410.59	414.20	0.74425	2.9723	3.6174	262.26	0.10298	6.7469e-05	0.073078	liquid
618.00	16.000	442.00	0.0022624	414.20	417.82	0.75012	2.9758	3.6276	258.62	0.10662	6.6632e-05	0.072901	liquid
619.00	16.000	440.05	0.0022725	417.81	421.45	0.75599	2.9792	3.6381	254.96	0.11044	6.5794e-05	0.072724	liquid
620.00	16.000	438.06	0.0022828	421.44	425.09	0.76188	2.9827	3.6490	251.26	0.11445	6.4954e-05	0.072548	liquid
621.00	16.000	436.05	0.0022933	425.08	428.75	0.76777	2.9862	3.6603	247.53	0.11866	6.4113e-05	0.072371	liquid
622.00	16.000	434.00	0.0023041	428.73	432.41	0.77366	2.9897	3.6721	243.77	0.12311	6.3271e-05	0.072194	liquid
623.00	16.000	431.92	0.0023153	432.39	436.09	0.77957	2.9932	3.6843	239.97	0.12780	6.2426e-05	0.072018	liquid
624.00	16.000	429.79	0.0023267	436.06	439.78	0.78549	2.9967	3.6970	236.13	0.13276	6.1579e-05	0.071841	liquid
625.00	16.000	427.63	0.0023385	439.75	443.49	0.79142	3.0003	3.7103	232.25	0.13801	6.0730e-05	0.071665	liquid
626.00	16.000	425.43	0.0023506	443.44	447.20	0.79737	3.0039	3.7243	228.33	0.14358	5.9877e-05	0.071489	liquid
627.00	16.000	423.18	0.0023631	447.15	450.94	0.80332	3.0075	3.7389	224.35	0.14951	5.9021e-05	0.071313	liquid
628.00	16.000	420.88	0.0023760	450.88	454.68	0.80929	3.0111	3.7544	220.33	0.15583	5.8160e-05	0.071137	liquid
629.00	16.000	418.54	0.0023893	454.62	458.44	0.81528	3.0148	3.7706	216.25	0.16258	5.7296e-05	0.070961	liquid
630.00	16.000	416.14	0.0024031	458.38	462.22	0.82128	3.0186	3.7879	212.11	0.16982	5.6426e-05	0.070785	liquid
631.00	16.000	413.68	0.0024173	462.15	466.02	0.82730	3.0223	3.8062	207.90	0.17760	5.5550e-05	0.070609	liquid
632.00	16.000	411.16	0.0024322	465.95	469.84	0.83335	3.0261	3.8258	203.62	0.18599	5.4667e-05	0.070434	liquid
633.00	16.000	408.57	0.0024476	469.76	473.67	0.83941	3.0300	3.8468	199.26	0.19507	5.3777e-05	0.070259	liquid
634.00	16.000	405.91	0.0024636	473.59	477.53	0.84550	3.0339	3.8694	194.82	0.20495	5.2878e-05	0.070084	liquid
635.00	16.000	403.16	0.0024804	477.44	481.41	0.85162	3.0379	3.8938	190.28	0.21572	5.1970e-05	0.069910	liquid
636.00	16.000	400.33	0.0024979	481.32	485.32	0.85777	3.0419	3.9205	185.64	0.22754	5.1051e-05	0.069736	liquid
637.00	16.000	397.41	0.0025163	485.23	489.25	0.86395	3.0460	3.9497	180.88	0.24059	5.0119e-05	0.069563	liquid
638.00	16.000	394.37	0.0025357	489.16	493.22	0.87017	3.0503	3.9819	175.99	0.25507	4.9173e-05	0.069390	liquid
639.00	16.000	391.21	0.0025562	493.13	497.22	0.87643	3.0546	4.0179	170.95	0.27126	4.8210e-05	0.069219	liquid
640.00	16.000	387.92	0.0025779	497.13	501.26	0.88275	3.0590	4.0583	165.74	0.28951	4.7228e-05	0.069050	liquid
641.00	16.000	384.47	0.0026010	501.18	505.34	0.88912	3.0636	4.1044	160.34	0.31028	4.6223e-05	0.068882	liquid
642.00	16.000	380.84	0.0026258	505.27	509.47	0.89556	3.0683	4.1576	154.72	0.33420	4.5191e-05	0.068718	liquid
643.00	16.000	376.99	0.0026526	509.41	513.66	0.90208	3.0733	4.2201	148.83	0.36211	4.4126e-05	0.068559	liquid
644.00	16.000	372.89	0.0026817	513.62	517.91	0.90869	3.0785	4.2950	142.63	0.39523	4.3022e-05	0.068406	liquid
645.00	16.000	368.48	0.0027138	517.91	522.25	0.91542	3.0840	4.3871	136.05	0.43534	4.1869e-05	0.068262	liquid
646.00	16.000	363.68	0.0027497	522.30	526.70	0.92231	3.0899	4.5045	128.98	0.48522	4.0652e-05	0.068135	liquid
647.00	16.000	358.35	0.0027905	526.81	531.27	0.92939	3.0963	4.6611	121.29	0.54950	3.9351e-05	0.068035	liquid
648.00	16.000	352.32	0.0028384	531.50	536.04	0.93675	3.1035	4.8849	112.75	0.63657	3.7931e-05	0.067984	liquid
648.62	16.000	348.03	0.0028733	534.55	539.15	0.94154	3.1085	5.0844	106.81	0.70954	3.6959e-05	0.067999	liquid
648.62	16.000	116.63	0.0085738	604.71	618.43	1.0638	3.1140	5.6168	69.175	3.6234	1.2074e-05	0.058786	vapor
649.00	16.000	115.05	0.0086922	606.59	620.49	1.0670	3.1119	5.3981	70.590	3.4986	1.2024e-05	0.058325	vapor
650.00	16.000	111.44	0.0089735	611.31	625.67	1.0749	3.1074	4.9865	73.920	3.2282	1.1917e-05	0.057426	vapor
651.00	16.000	108.46	0.0092198	615.76	630.51	1.0824	3.1042	4.7153	76.796	3.0183	1.1835e-05	0.056807	vapor
652.00	16.000	105.91	0.0094416	620.02	635.13	1.0895	3.1017	4.5207	79.350	2.8476	1.1771e-05	0.056349	vapor
653.00	16.000	103.68	0.0096452	624.14	639.57	1.0963	3.0998	4.3731	81.662	2.7047	1.1718e-05	0.055994	vapor
654.00	16.000	101.68	0.0098345	628.15	643.88	1.1029	3.0983	4.2567	83.784	2.5821	1.1675e-05	0.055710	vapor
655.00	16.000	99.878	0.010012	632.07	648.09	1.1093	3.0973	4.1622	85.751	2.4753	1.1639e-05	0.055479	vapor
656.00	16.000	98.230	0.010180	635.92	652.21	1.1156	3.0965	4.0837	87.588	2.3810	1.1609e-05	0.055287	vapor
657.00	16.000	96.711	0.010340	639.72	656.26	1.1217	3.0960	4.0175	89.317	2.2967	1.1583e-05	0.055126	vapor
658.00	16.000	95.302	0.010493	643.46	660.25	1.1278	3.0958	3.9607	90.950	2.2206	1.1561e-05	0.054991	vapor
659.00	16.000	93.989	0.010640	647.16	664.19	1.1338	3.0957	3.9114	92.501	2.1515	1.1543e-05	0.054876	vapor
660.00	16.000	92.757	0.010781	650.83	668.08	1.1397	3.0958	3.8683	93.980	2.0884	1.1527e-05	0.054778	vapor
661.00	16.000	91.598	0.010917	654.46	671.92	1.1455	3.0960	3.8302	95.393	2.0302	1.1514e-05	0.054694	vapor
662.00	16.000	90.504	0.011049	658.06	675.74	1.1513	3.0964	3.7963	96.748	1.9765	1.1503e-05	0.054624	vapor
663.00	16.000	89.466	0.011177	661.63	679.52	1.1570	3.0968	3.7660	98.051	1.9265	1.1494e-05	0.054564	vapor
664.00	16.000	88.480	0.011302	665.19	683.27	1.1626	3.0974	3.7386	99.306	1.8800	1.1487e-05	0.054513	vapor
665.00	16.000	87.541	0.011423	668.72	687.00	1.1682	3.0981	3.7139	100.52	1.8364	1.1481e-05	0.054471	vapor
666.00	16.000	86.644	0.011542	672.23	690.70	1.1738	3.0989	3.6914	101.69	1.7955	1.1477e-05	0.054437	vapor
667.00	16.000	85.785	0.011657	675.73	694.38	1.1793	3.0997	3.6709	102.82	1.7570	1.1474e-05	0.054409	vapor
668.00	16.000	84.962	0.011770	679.21	698.04	1.1848	3.1006	3.6522	103.92	1.7206	1.1472e-05	0.054387	vapor
669.00	16.000	84.172	0.011880	682.68	701.69	1.1903	3.1016	3.6350	104.99	1.6862	1.1471e-05	0.054371	vapor
670.00	16.000	83.411	0.011989	686.13	705.31	1.1957	3.1027	3.6191	106.03	1.6536	1.1471e-05	0.054360	vapor
671.00	16.000	82.679	0.012095	689.57	708.92	1.2011	3.1038	3.6045	107.04	1.6226	1.1472e-05	0.054354	vapor
672.00	16.000	81.973	0.012199	693.00	712.52	1.2064	3.1049	3.5909	108.02	1.5931	1.1473e-05	0.054351	vapor
673.00	16.000	81.291	0.012302	696.42	716.11	1.2118	3.1061	3.5783	108.98	1.5649	1.1476e-05	0.054353	vapor
674.00	16.000	80.631	0.012402	699.83	719.68	1.2171	3.1073	3.5667	109.92	1.5380	1.1479e-05	0.054358	vapor
675.00	16.000	79.993	0.012501	703.24	723.24	1.2223	3.1086	3.5558	110.84	1.5123	1.1483e-05	0.054367	vapor
676.00	16.000	79.374	0.012599	706.63	726.79	1.2276	3.1100	3.5457	111.73	1.4876	1.1487e-05	0.054378	vapor
677.00	16.000	78.774	0.012695	710.02	730.33	1.2328	3.1113	3.5363	112.61	1.4640	1.1492e-05	0.054393	vapor
678.00	16.000	78.192	0.012789	713.40	733.86	1.2380	3.1127	3.5275	113.47	1.4412	1.1497e-05	0.054410	vapor
679.00	16.000	77.626	0.012882	716.77	737.39	1.2432	3.1141	3.5192	114.31	1.4194	1.1503e-05	0.054430	vapor
680.00	16.000	77.076	0.012974	720.14	740.90	1.2484	3.1156	3.5115	115.13	1.3983	1.1509e-05	0.054452	vapor
681.00	16.000	76.541	0.013065	723.51	744.41	1.2536	3.1171	3.5043	115.94	1.3780	1.1516e-05	0.054477	vapor
682.00	16.000	76.020	0.013154	726.86	747.91	1.2587	3.1186	3.4975	116.73	1.3584	1.1523e-05	0.054504	vapor
683.00	16.000	75.513	0.013243	730.22	751.40	1.2638	3.1201	3.4912	117.51	1.3395	1.1530e-05	0.054532	vapor
684.00	16.000	75.018	0.013330	733.56	754.89	1.2689	3.1217	3.4852	118.27	1.3213	1.1538e-05	0.054563	vapor
685.00	16.000	74.536	0.013416	736.91	758.38	1.2740	3.1233	3.4796	119.02	1.3036	1.1546e-05	0.054595	vapor
686.00	16.000	74.065	0.013502	740.25	761.85	1.2791	3.1249	3.4743	119.76	1.2865	1.1554e-05	0.054629	vapor
687.00	16.000	73.605	0.013586	743.59	765.32	1.2841	3.1265	3.4693	120.49	1.2699	1.1563e-05	0.054665	vapor
688.00	16.000	73.155	0.013670	746.92	768.79	1.2892	3.1282	3.4647	121.20	1.2538	1.1572e-05	0.054702	vapor
689.00	16.000	72.716	0.013752	750.25	772.25	1.2942	3.1298	3.4603	121.91	1.2382	1.1581e-05	0.054741	vapor
690.00	16.000	72.287	0.013834	753.58	775.71	1.2992	3.1315	3.4562	122.60	1.2231	1.1591e-05	0.054781	vapor
691.00	16.000	71.866	0.013915	756.90	779.17	1.3042	3.1332	3.4523	123.28	1.2084	1.1600e-05	0.054823	vapor
692.00	16.000	71.455	0.013995	760.22	782.62	1.3092	3.1349	3.4486	123.95	1.1941	1.1610e-05	0.054865	vapor
693.00	16.000	71.052	0.014074	763.54	786.06	1.3142	3.1366	3.4452	124.61	1.1802	1.1621e-05	0.054909	vapor
694.00	16.000	70.657	0.014153	766.86	789.51	1.3192	3.1384	3.4419	125.27	1.1666	1.1631e-05	0.054955	vapor
695.00	16.000	70.270	0.014231	770.18	792.95	1.3241	3.1401	3.4389	125.91	1.1534	1.1642e-05	0.055001	vapor
696.00	16.000	69.891	0.014308	773.49	796.38	1.3291	3.1419	3.4360	126.55	1.1406	1.1652e-05	0.055049	vapor
697.00	16.000	69.519	0.014384	776.80	799.82	1.3340	3.1437	3.4334	127.17	1.1281	1.1663e-05	0.055097	vapor
698.00	16.000	69.155	0.014460	780.11	803.25	1.3389	3.1455	3.4308	127.79	1.1159	1.1674e-05	0.055147	vapor
699.00	16.000	68.797	0.014536	783.42	806.68	1.3438	3.1473	3.4285	128.40	1.1040	1.1686e-05	0.055197	vapor
700.00	16.000	68.445	0.014610	786.73	810.11	1.3487	3.1491	3.4263	129.00	1.0924	1.1697e-05	0.055249	vapor
