Temperature (K)	Pressure (bar)	Density (kg/m3)	Volume (m3/kg)	Internal Energy (kJ/kg)	Enthalpy (kJ/kg)	Entropy (J/g*K)	Cv (J/g*K)	Cp (J/g*K)	Sound Spd. (m/s)	Joule-Thomson (K/bar)	Viscosity (Pa*s)	Therm. Cond. (W/m*K)	Phase
278.00	171.00	771.19	0.0012967	-542.22	-520.05	-1.4342	1.7556	2.1452	1456.9	-0.045352	0.0025142	0.14557	liquid
279.00	171.00	770.50	0.0012979	-540.10	-517.90	-1.4265	1.7590	2.1480	1452.9	-0.045284	0.0024569	0.14534	liquid
280.00	171.00	769.80	0.0012990	-537.97	-515.75	-1.4188	1.7624	2.1507	1449.0	-0.045215	0.0024017	0.14511	liquid
281.00	171.00	769.11	0.0013002	-535.83	-513.60	-1.4111	1.7658	2.1535	1445.0	-0.045146	0.0023485	0.14488	liquid
282.00	171.00	768.42	0.0013014	-533.70	-511.45	-1.4034	1.7692	2.1563	1441.1	-0.045076	0.0022971	0.14465	liquid
283.00	171.00	767.73	0.0013025	-531.56	-509.29	-1.3958	1.7726	2.1591	1437.1	-0.045006	0.0022475	0.14442	liquid
284.00	171.00	767.05	0.0013037	-529.42	-507.13	-1.3882	1.7761	2.1619	1433.2	-0.044936	0.0021996	0.14419	liquid
285.00	171.00	766.36	0.0013049	-527.28	-504.96	-1.3806	1.7795	2.1648	1429.3	-0.044865	0.0021533	0.14396	liquid
286.00	171.00	765.67	0.0013060	-525.13	-502.80	-1.3730	1.7830	2.1677	1425.4	-0.044793	0.0021086	0.14373	liquid
287.00	171.00	764.98	0.0013072	-522.98	-500.63	-1.3654	1.7865	2.1705	1421.6	-0.044721	0.0020653	0.14351	liquid
288.00	171.00	764.30	0.0013084	-520.83	-498.46	-1.3579	1.7900	2.1735	1417.7	-0.044648	0.0020234	0.14328	liquid
289.00	171.00	763.61	0.0013096	-518.68	-496.28	-1.3503	1.7935	2.1764	1413.9	-0.044575	0.0019829	0.14306	liquid
290.00	171.00	762.93	0.0013107	-516.52	-494.10	-1.3428	1.7970	2.1793	1410.0	-0.044502	0.0019437	0.14283	liquid
291.00	171.00	762.24	0.0013119	-514.36	-491.92	-1.3353	1.8005	2.1823	1406.2	-0.044428	0.0019057	0.14261	liquid
292.00	171.00	761.56	0.0013131	-512.19	-489.74	-1.3278	1.8040	2.1853	1402.4	-0.044353	0.0018689	0.14238	liquid
293.00	171.00	760.88	0.0013143	-510.03	-487.55	-1.3203	1.8076	2.1883	1398.6	-0.044279	0.0018332	0.14216	liquid
294.00	171.00	760.20	0.0013154	-507.86	-485.36	-1.3129	1.8111	2.1913	1394.9	-0.044203	0.0017986	0.14194	liquid
295.00	171.00	759.52	0.0013166	-505.69	-483.17	-1.3054	1.8147	2.1943	1391.1	-0.044128	0.0017650	0.14172	liquid
296.00	171.00	758.83	0.0013178	-503.51	-480.97	-1.2980	1.8182	2.1974	1387.4	-0.044052	0.0017324	0.14150	liquid
297.00	171.00	758.15	0.0013190	-501.33	-478.78	-1.2906	1.8218	2.2005	1383.6	-0.043976	0.0017008	0.14128	liquid
298.00	171.00	757.47	0.0013202	-499.15	-476.57	-1.2832	1.8254	2.2035	1379.9	-0.043899	0.0016701	0.14106	liquid
299.00	171.00	756.80	0.0013214	-496.96	-474.37	-1.2758	1.8290	2.2066	1376.2	-0.043822	0.0016403	0.14084	liquid
300.00	171.00	756.12	0.0013225	-494.78	-472.16	-1.2684	1.8326	2.2098	1372.5	-0.043744	0.0016114	0.14062	liquid
301.00	171.00	755.44	0.0013237	-492.59	-469.95	-1.2610	1.8363	2.2129	1368.8	-0.043666	0.0015832	0.14040	liquid
302.00	171.00	754.76	0.0013249	-490.39	-467.73	-1.2537	1.8399	2.2160	1365.1	-0.043588	0.0015559	0.14019	liquid
303.00	171.00	754.08	0.0013261	-488.19	-465.52	-1.2464	1.8435	2.2192	1361.5	-0.043509	0.0015293	0.13997	liquid
304.00	171.00	753.41	0.0013273	-485.99	-463.30	-1.2391	1.8472	2.2224	1357.8	-0.043431	0.0015034	0.13975	liquid
305.00	171.00	752.73	0.0013285	-483.79	-461.07	-1.2317	1.8508	2.2256	1354.2	-0.043351	0.0014782	0.13954	liquid
306.00	171.00	752.06	0.0013297	-481.58	-458.85	-1.2245	1.8545	2.2288	1350.6	-0.043272	0.0014537	0.13932	liquid
307.00	171.00	751.38	0.0013309	-479.37	-456.62	-1.2172	1.8582	2.2320	1347.0	-0.043192	0.0014299	0.13911	liquid
308.00	171.00	750.71	0.0013321	-477.16	-454.38	-1.2099	1.8618	2.2352	1343.4	-0.043112	0.0014067	0.13890	liquid
309.00	171.00	750.03	0.0013333	-474.94	-452.14	-1.2027	1.8655	2.2385	1339.8	-0.043031	0.0013841	0.13868	liquid
310.00	171.00	749.36	0.0013345	-472.72	-449.90	-1.1954	1.8692	2.2417	1336.2	-0.042950	0.0013620	0.13847	liquid
311.00	171.00	748.69	0.0013357	-470.50	-447.66	-1.1882	1.8729	2.2450	1332.7	-0.042869	0.0013406	0.13826	liquid
312.00	171.00	748.02	0.0013369	-468.27	-445.41	-1.1810	1.8766	2.2483	1329.1	-0.042788	0.0013197	0.13805	liquid
313.00	171.00	747.34	0.0013381	-466.05	-443.16	-1.1738	1.8803	2.2516	1325.6	-0.042706	0.0012993	0.13784	liquid
314.00	171.00	746.67	0.0013393	-463.81	-440.91	-1.1666	1.8841	2.2549	1322.1	-0.042624	0.0012794	0.13763	liquid
315.00	171.00	746.00	0.0013405	-461.58	-438.65	-1.1594	1.8878	2.2582	1318.6	-0.042542	0.0012600	0.13742	liquid
316.00	171.00	745.33	0.0013417	-459.34	-436.39	-1.1523	1.8915	2.2615	1315.1	-0.042460	0.0012411	0.13721	liquid
317.00	171.00	744.66	0.0013429	-457.10	-434.13	-1.1451	1.8953	2.2649	1311.6	-0.042377	0.0012226	0.13700	liquid
318.00	171.00	743.99	0.0013441	-454.85	-431.87	-1.1380	1.8990	2.2682	1308.1	-0.042294	0.0012046	0.13679	liquid
319.00	171.00	743.32	0.0013453	-452.60	-429.60	-1.1309	1.9028	2.2716	1304.6	-0.042211	0.0011870	0.13659	liquid
320.00	171.00	742.65	0.0013465	-450.35	-427.32	-1.1237	1.9065	2.2750	1301.2	-0.042127	0.0011698	0.13638	liquid
321.00	171.00	741.98	0.0013477	-448.09	-425.05	-1.1166	1.9103	2.2783	1297.8	-0.042043	0.0011531	0.13617	liquid
322.00	171.00	741.31	0.0013490	-445.83	-422.77	-1.1095	1.9140	2.2817	1294.3	-0.041959	0.0011367	0.13597	liquid
323.00	171.00	740.64	0.0013502	-443.57	-420.48	-1.1025	1.9178	2.2852	1290.9	-0.041875	0.0011207	0.13576	liquid
324.00	171.00	739.98	0.0013514	-441.30	-418.20	-1.0954	1.9216	2.2886	1287.5	-0.041791	0.0011051	0.13556	liquid
325.00	171.00	739.31	0.0013526	-439.03	-415.90	-1.0883	1.9254	2.2920	1284.1	-0.041706	0.0010898	0.13535	liquid
326.00	171.00	738.64	0.0013538	-436.76	-413.61	-1.0813	1.9292	2.2954	1280.7	-0.041621	0.0010748	0.13515	liquid
327.00	171.00	737.98	0.0013551	-434.49	-411.31	-1.0743	1.9330	2.2989	1277.3	-0.041536	0.0010602	0.13494	liquid
328.00	171.00	737.31	0.0013563	-432.21	-409.01	-1.0672	1.9368	2.3023	1274.0	-0.041451	0.0010460	0.13474	liquid
329.00	171.00	736.64	0.0013575	-429.92	-406.71	-1.0602	1.9406	2.3058	1270.6	-0.041366	0.0010320	0.13454	liquid
330.00	171.00	735.98	0.0013587	-427.64	-404.40	-1.0532	1.9444	2.3093	1267.2	-0.041280	0.0010183	0.13434	liquid
331.00	171.00	735.31	0.0013600	-425.35	-402.09	-1.0462	1.9482	2.3128	1263.9	-0.041194	0.0010049	0.13414	liquid
332.00	171.00	734.65	0.0013612	-423.05	-399.78	-1.0392	1.9520	2.3162	1260.6	-0.041108	0.00099186	0.13394	liquid
333.00	171.00	733.98	0.0013624	-420.76	-397.46	-1.0323	1.9558	2.3197	1257.3	-0.041022	0.00097906	0.13374	liquid
334.00	171.00	733.32	0.0013637	-418.46	-395.14	-1.0253	1.9596	2.3232	1254.0	-0.040935	0.00096652	0.13354	liquid
335.00	171.00	732.65	0.0013649	-416.15	-392.81	-1.0184	1.9635	2.3268	1250.7	-0.040849	0.00095425	0.13334	liquid
336.00	171.00	731.99	0.0013661	-413.84	-390.48	-1.0114	1.9673	2.3303	1247.4	-0.040762	0.00094223	0.13314	liquid
337.00	171.00	731.33	0.0013674	-411.53	-388.15	-1.0045	1.9711	2.3338	1244.1	-0.040675	0.00093045	0.13294	liquid
338.00	171.00	730.66	0.0013686	-409.22	-385.82	-0.99756	1.9750	2.3374	1240.8	-0.040588	0.00091892	0.13274	liquid
339.00	171.00	730.00	0.0013699	-406.90	-383.48	-0.99065	1.9788	2.3409	1237.6	-0.040500	0.00090762	0.13254	liquid
340.00	171.00	729.34	0.0013711	-404.58	-381.13	-0.98375	1.9827	2.3445	1234.3	-0.040413	0.00089655	0.13235	liquid
341.00	171.00	728.67	0.0013724	-402.25	-378.79	-0.97686	1.9865	2.3480	1231.1	-0.040325	0.00088570	0.13215	liquid
342.00	171.00	728.01	0.0013736	-399.93	-376.44	-0.96998	1.9903	2.3516	1227.9	-0.040237	0.00087506	0.13195	liquid
343.00	171.00	727.35	0.0013749	-397.59	-374.08	-0.96311	1.9942	2.3551	1224.6	-0.040149	0.00086464	0.13176	liquid
344.00	171.00	726.69	0.0013761	-395.26	-371.73	-0.95625	1.9981	2.3587	1221.4	-0.040061	0.00085441	0.13156	liquid
345.00	171.00	726.03	0.0013774	-392.92	-369.37	-0.94939	2.0019	2.3623	1218.2	-0.039973	0.00084439	0.13137	liquid
346.00	171.00	725.36	0.0013786	-390.58	-367.00	-0.94255	2.0058	2.3659	1215.0	-0.039884	0.00083456	0.13117	liquid
347.00	171.00	724.70	0.0013799	-388.23	-364.64	-0.93572	2.0096	2.3695	1211.9	-0.039796	0.00082491	0.13098	liquid
348.00	171.00	724.04	0.0013811	-385.88	-362.26	-0.92889	2.0135	2.3731	1208.7	-0.039707	0.00081545	0.13079	liquid
349.00	171.00	723.38	0.0013824	-383.53	-359.89	-0.92208	2.0174	2.3767	1205.5	-0.039618	0.00080616	0.13059	liquid
350.00	171.00	722.72	0.0013837	-381.17	-357.51	-0.91527	2.0212	2.3803	1202.4	-0.039529	0.00079705	0.13040	liquid
351.00	171.00	722.06	0.0013849	-378.81	-355.13	-0.90848	2.0251	2.3840	1199.2	-0.039440	0.00078811	0.13021	liquid
352.00	171.00	721.40	0.0013862	-376.45	-352.74	-0.90169	2.0290	2.3876	1196.1	-0.039351	0.00077933	0.13002	liquid
353.00	171.00	720.74	0.0013875	-374.08	-350.35	-0.89491	2.0328	2.3912	1193.0	-0.039261	0.00077071	0.12983	liquid
354.00	171.00	720.08	0.0013887	-371.71	-347.96	-0.88814	2.0367	2.3948	1189.8	-0.039172	0.00076225	0.12963	liquid
355.00	171.00	719.42	0.0013900	-369.33	-345.56	-0.88138	2.0406	2.3985	1186.7	-0.039082	0.00075394	0.12944	liquid
356.00	171.00	718.76	0.0013913	-366.95	-343.16	-0.87463	2.0445	2.4021	1183.6	-0.038992	0.00074578	0.12925	liquid
357.00	171.00	718.10	0.0013926	-364.57	-340.76	-0.86789	2.0483	2.4058	1180.5	-0.038902	0.00073777	0.12906	liquid
358.00	171.00	717.44	0.0013938	-362.19	-338.35	-0.86115	2.0522	2.4094	1177.5	-0.038812	0.00072989	0.12887	liquid
359.00	171.00	716.78	0.0013951	-359.80	-335.94	-0.85443	2.0561	2.4131	1174.4	-0.038722	0.00072216	0.12869	liquid
360.00	171.00	716.12	0.0013964	-357.40	-333.53	-0.84771	2.0600	2.4168	1171.3	-0.038631	0.00071455	0.12850	liquid
361.00	171.00	715.46	0.0013977	-355.01	-331.11	-0.84100	2.0639	2.4204	1168.3	-0.038541	0.00070708	0.12831	liquid
362.00	171.00	714.80	0.0013990	-352.61	-328.68	-0.83430	2.0677	2.4241	1165.2	-0.038450	0.00069974	0.12812	liquid
363.00	171.00	714.14	0.0014003	-350.20	-326.26	-0.82761	2.0716	2.4278	1162.2	-0.038360	0.00069252	0.12793	liquid
364.00	171.00	713.48	0.0014016	-347.80	-323.83	-0.82092	2.0755	2.4314	1159.1	-0.038269	0.00068543	0.12775	liquid
365.00	171.00	712.83	0.0014029	-345.38	-321.40	-0.81425	2.0794	2.4351	1156.1	-0.038178	0.00067845	0.12756	liquid
366.00	171.00	712.17	0.0014042	-342.97	-318.96	-0.80758	2.0833	2.4388	1153.1	-0.038087	0.00067159	0.12738	liquid
367.00	171.00	711.51	0.0014055	-340.55	-316.52	-0.80092	2.0872	2.4425	1150.1	-0.037996	0.00066484	0.12719	liquid
368.00	171.00	710.85	0.0014068	-338.13	-314.07	-0.79427	2.0910	2.4462	1147.1	-0.037904	0.00065821	0.12700	liquid
369.00	171.00	710.19	0.0014081	-335.70	-311.63	-0.78763	2.0949	2.4499	1144.1	-0.037813	0.00065168	0.12682	liquid
370.00	171.00	709.53	0.0014094	-333.27	-309.17	-0.78099	2.0988	2.4536	1141.1	-0.037722	0.00064526	0.12663	liquid
371.00	171.00	708.87	0.0014107	-330.84	-306.72	-0.77436	2.1027	2.4573	1138.1	-0.037630	0.00063894	0.12645	liquid
372.00	171.00	708.22	0.0014120	-328.40	-304.26	-0.76774	2.1066	2.4610	1135.2	-0.037538	0.00063273	0.12627	liquid
373.00	171.00	707.56	0.0014133	-325.96	-301.80	-0.76113	2.1105	2.4647	1132.2	-0.037446	0.00062661	0.12608	liquid
374.00	171.00	706.90	0.0014146	-323.52	-299.33	-0.75453	2.1143	2.4684	1129.2	-0.037354	0.00062059	0.12590	liquid
375.00	171.00	706.24	0.0014159	-321.07	-296.86	-0.74793	2.1182	2.4721	1126.3	-0.037262	0.00061466	0.12572	liquid
376.00	171.00	705.58	0.0014173	-318.62	-294.39	-0.74134	2.1221	2.4758	1123.4	-0.037170	0.00060883	0.12554	liquid
377.00	171.00	704.93	0.0014186	-316.17	-291.91	-0.73476	2.1260	2.4796	1120.4	-0.037078	0.00060308	0.12535	liquid
378.00	171.00	704.27	0.0014199	-313.71	-289.43	-0.72819	2.1299	2.4833	1117.5	-0.036986	0.00059743	0.12517	liquid
379.00	171.00	703.61	0.0014212	-311.24	-286.94	-0.72162	2.1337	2.4870	1114.6	-0.036893	0.00059186	0.12499	liquid
380.00	171.00	702.95	0.0014226	-308.78	-284.45	-0.71506	2.1376	2.4907	1111.7	-0.036801	0.00058638	0.12481	liquid
381.00	171.00	702.29	0.0014239	-306.31	-281.96	-0.70851	2.1415	2.4944	1108.8	-0.036708	0.00058098	0.12463	liquid
382.00	171.00	701.64	0.0014252	-303.84	-279.46	-0.70197	2.1454	2.4982	1105.9	-0.036615	0.00057565	0.12445	liquid
383.00	171.00	700.98	0.0014266	-301.36	-276.96	-0.69543	2.1493	2.5019	1103.0	-0.036522	0.00057041	0.12427	liquid
384.00	171.00	700.32	0.0014279	-298.88	-274.46	-0.68891	2.1531	2.5056	1100.1	-0.036429	0.00056525	0.12409	liquid
385.00	171.00	699.66	0.0014293	-296.39	-271.95	-0.68238	2.1570	2.5094	1097.3	-0.036336	0.00056016	0.12391	liquid
386.00	171.00	699.00	0.0014306	-293.90	-269.44	-0.67587	2.1609	2.5131	1094.4	-0.036243	0.00055515	0.12373	liquid
387.00	171.00	698.35	0.0014320	-291.41	-266.93	-0.66936	2.1648	2.5168	1091.5	-0.036150	0.00055021	0.12355	liquid
388.00	171.00	697.69	0.0014333	-288.92	-264.41	-0.66286	2.1686	2.5206	1088.7	-0.036056	0.00054534	0.12338	liquid
389.00	171.00	697.03	0.0014347	-286.42	-261.89	-0.65637	2.1725	2.5243	1085.8	-0.035963	0.00054054	0.12320	liquid
390.00	171.00	696.37	0.0014360	-283.91	-259.36	-0.64988	2.1764	2.5280	1083.0	-0.035869	0.00053581	0.12302	liquid
391.00	171.00	695.71	0.0014374	-281.41	-256.83	-0.64341	2.1802	2.5318	1080.2	-0.035775	0.00053115	0.12284	liquid
392.00	171.00	695.06	0.0014387	-278.90	-254.30	-0.63693	2.1841	2.5355	1077.4	-0.035681	0.00052655	0.12267	liquid
393.00	171.00	694.40	0.0014401	-276.38	-251.76	-0.63047	2.1879	2.5392	1074.5	-0.035587	0.00052201	0.12249	liquid
394.00	171.00	693.74	0.0014415	-273.87	-249.22	-0.62401	2.1918	2.5430	1071.7	-0.035493	0.00051754	0.12232	liquid
395.00	171.00	693.08	0.0014428	-271.34	-246.67	-0.61756	2.1957	2.5467	1068.9	-0.035399	0.00051313	0.12214	liquid
396.00	171.00	692.42	0.0014442	-268.82	-244.12	-0.61112	2.1995	2.5505	1066.2	-0.035305	0.00050878	0.12197	liquid
397.00	171.00	691.76	0.0014456	-266.29	-241.57	-0.60468	2.2034	2.5542	1063.4	-0.035211	0.00050449	0.12179	liquid
398.00	171.00	691.11	0.0014470	-263.76	-239.02	-0.59825	2.2072	2.5579	1060.6	-0.035116	0.00050026	0.12162	liquid
399.00	171.00	690.45	0.0014483	-261.22	-236.46	-0.59183	2.2111	2.5617	1057.8	-0.035022	0.00049609	0.12144	liquid
400.00	171.00	689.79	0.0014497	-258.68	-233.89	-0.58541	2.2149	2.5654	1055.1	-0.034927	0.00049197	0.12127	liquid
401.00	171.00	689.13	0.0014511	-256.14	-231.32	-0.57900	2.2188	2.5692	1052.3	-0.034832	0.00048791	0.12109	liquid
402.00	171.00	688.47	0.0014525	-253.59	-228.75	-0.57260	2.2226	2.5729	1049.5	-0.034737	0.00048390	0.12092	liquid
403.00	171.00	687.81	0.0014539	-251.04	-226.18	-0.56620	2.2265	2.5766	1046.8	-0.034642	0.00047994	0.12075	liquid
404.00	171.00	687.15	0.0014553	-248.49	-223.60	-0.55981	2.2303	2.5804	1044.1	-0.034547	0.00047603	0.12058	liquid
405.00	171.00	686.49	0.0014567	-245.93	-221.02	-0.55342	2.2341	2.5841	1041.3	-0.034452	0.00047218	0.12040	liquid
406.00	171.00	685.84	0.0014581	-243.36	-218.43	-0.54705	2.2380	2.5879	1038.6	-0.034357	0.00046838	0.12023	liquid
407.00	171.00	685.18	0.0014595	-240.80	-215.84	-0.54068	2.2418	2.5916	1035.9	-0.034261	0.00046462	0.12006	liquid
408.00	171.00	684.52	0.0014609	-238.23	-213.25	-0.53431	2.2456	2.5953	1033.2	-0.034166	0.00046091	0.11989	liquid
409.00	171.00	683.86	0.0014623	-235.66	-210.65	-0.52795	2.2495	2.5991	1030.5	-0.034070	0.00045725	0.11972	liquid
410.00	171.00	683.20	0.0014637	-233.08	-208.05	-0.52160	2.2533	2.6028	1027.8	-0.033974	0.00045363	0.11955	liquid
411.00	171.00	682.54	0.0014651	-230.50	-205.45	-0.51526	2.2571	2.6065	1025.1	-0.033878	0.00045006	0.11938	liquid
412.00	171.00	681.88	0.0014665	-227.92	-202.84	-0.50892	2.2609	2.6103	1022.4	-0.033782	0.00044654	0.11921	liquid
413.00	171.00	681.22	0.0014680	-225.33	-200.23	-0.50259	2.2647	2.6140	1019.7	-0.033686	0.00044306	0.11904	liquid
414.00	171.00	680.56	0.0014694	-222.74	-197.61	-0.49626	2.2686	2.6177	1017.0	-0.033590	0.00043962	0.11887	liquid
415.00	171.00	679.90	0.0014708	-220.14	-194.99	-0.48994	2.2724	2.6215	1014.4	-0.033494	0.00043622	0.11870	liquid
416.00	171.00	679.24	0.0014722	-217.54	-192.37	-0.48363	2.2762	2.6252	1011.7	-0.033397	0.00043287	0.11853	liquid
417.00	171.00	678.58	0.0014737	-214.94	-189.74	-0.47732	2.2800	2.6289	1009.1	-0.033301	0.00042955	0.11836	liquid
418.00	171.00	677.92	0.0014751	-212.33	-187.11	-0.47102	2.2838	2.6327	1006.4	-0.033204	0.00042628	0.11819	liquid
419.00	171.00	677.26	0.0014765	-209.72	-184.47	-0.46472	2.2876	2.6364	1003.8	-0.033107	0.00042304	0.11803	liquid
420.00	171.00	676.60	0.0014780	-207.11	-181.84	-0.45843	2.2914	2.6401	1001.1	-0.033010	0.00041984	0.11786	liquid
421.00	171.00	675.93	0.0014794	-204.49	-179.19	-0.45215	2.2952	2.6438	998.52	-0.032913	0.00041669	0.11769	liquid
422.00	171.00	675.27	0.0014809	-201.87	-176.55	-0.44587	2.2990	2.6476	995.89	-0.032816	0.00041356	0.11753	liquid
423.00	171.00	674.61	0.0014823	-199.25	-173.90	-0.43960	2.3027	2.6513	993.28	-0.032719	0.00041048	0.11736	liquid
424.00	171.00	673.95	0.0014838	-196.62	-171.25	-0.43334	2.3065	2.6550	990.67	-0.032621	0.00040743	0.11719	liquid
425.00	171.00	673.29	0.0014852	-193.99	-168.59	-0.42708	2.3103	2.6587	988.06	-0.032524	0.00040441	0.11703	liquid
426.00	171.00	672.63	0.0014867	-191.35	-165.93	-0.42083	2.3141	2.6624	985.47	-0.032426	0.00040143	0.11686	liquid
427.00	171.00	671.96	0.0014882	-188.71	-163.26	-0.41458	2.3179	2.6662	982.87	-0.032328	0.00039849	0.11670	liquid
428.00	171.00	671.30	0.0014896	-186.07	-160.60	-0.40834	2.3216	2.6699	980.29	-0.032230	0.00039557	0.11653	liquid
429.00	171.00	670.64	0.0014911	-183.42	-157.92	-0.40210	2.3254	2.6736	977.71	-0.032132	0.00039269	0.11637	liquid
430.00	171.00	669.98	0.0014926	-180.77	-155.25	-0.39587	2.3291	2.6773	975.14	-0.032034	0.00038985	0.11620	liquid
431.00	171.00	669.31	0.0014941	-178.12	-152.57	-0.38965	2.3329	2.6810	972.57	-0.031936	0.00038703	0.11604	liquid
432.00	171.00	668.65	0.0014956	-175.46	-149.89	-0.38343	2.3367	2.6847	970.01	-0.031837	0.00038425	0.11588	liquid
433.00	171.00	667.99	0.0014970	-172.80	-147.20	-0.37722	2.3404	2.6884	967.45	-0.031739	0.00038149	0.11571	liquid
434.00	171.00	667.32	0.0014985	-170.13	-144.51	-0.37102	2.3442	2.6921	964.90	-0.031640	0.00037877	0.11555	liquid
435.00	171.00	666.66	0.0015000	-167.47	-141.82	-0.36482	2.3479	2.6958	962.36	-0.031541	0.00037608	0.11539	liquid
436.00	171.00	666.00	0.0015015	-164.79	-139.12	-0.35862	2.3516	2.6995	959.82	-0.031442	0.00037341	0.11522	liquid
437.00	171.00	665.33	0.0015030	-162.12	-136.42	-0.35243	2.3554	2.7032	957.29	-0.031343	0.00037078	0.11506	liquid
438.00	171.00	664.67	0.0015045	-159.44	-133.71	-0.34625	2.3591	2.7069	954.76	-0.031244	0.00036817	0.11490	liquid
439.00	171.00	664.00	0.0015060	-156.76	-131.00	-0.34007	2.3628	2.7106	952.24	-0.031144	0.00036559	0.11474	liquid
440.00	171.00	663.34	0.0015075	-154.07	-128.29	-0.33390	2.3666	2.7142	949.73	-0.031045	0.00036304	0.11458	liquid
441.00	171.00	662.67	0.0015090	-151.38	-125.57	-0.32774	2.3703	2.7179	947.22	-0.030945	0.00036051	0.11442	liquid
442.00	171.00	662.01	0.0015106	-148.69	-122.86	-0.32158	2.3740	2.7216	944.72	-0.030845	0.00035802	0.11425	liquid
443.00	171.00	661.34	0.0015121	-145.99	-120.13	-0.31542	2.3777	2.7253	942.22	-0.030745	0.00035554	0.11409	liquid
444.00	171.00	660.68	0.0015136	-143.29	-117.40	-0.30927	2.3814	2.7290	939.73	-0.030645	0.00035310	0.11393	liquid
445.00	171.00	660.01	0.0015151	-140.58	-114.67	-0.30313	2.3851	2.7326	937.25	-0.030545	0.00035068	0.11377	liquid
446.00	171.00	659.34	0.0015167	-137.87	-111.94	-0.29699	2.3888	2.7363	934.77	-0.030444	0.00034828	0.11362	liquid
447.00	171.00	658.68	0.0015182	-135.16	-109.20	-0.29086	2.3925	2.7400	932.29	-0.030344	0.00034591	0.11346	liquid
448.00	171.00	658.01	0.0015197	-132.45	-106.46	-0.28473	2.3962	2.7436	929.82	-0.030243	0.00034356	0.11330	liquid
449.00	171.00	657.34	0.0015213	-129.73	-103.71	-0.27861	2.3999	2.7473	927.36	-0.030142	0.00034124	0.11314	liquid
450.00	171.00	656.68	0.0015228	-127.00	-100.96	-0.27249	2.4036	2.7509	924.90	-0.030041	0.00033894	0.11298	liquid
451.00	171.00	656.01	0.0015244	-124.28	-98.212	-0.26638	2.4072	2.7546	922.45	-0.029940	0.00033666	0.11282	liquid
452.00	171.00	655.34	0.0015259	-121.55	-95.456	-0.26028	2.4109	2.7582	920.01	-0.029838	0.00033441	0.11266	liquid
453.00	171.00	654.67	0.0015275	-118.82	-92.696	-0.25418	2.4146	2.7619	917.57	-0.029737	0.00033217	0.11251	liquid
454.00	171.00	654.01	0.0015290	-116.08	-89.932	-0.24808	2.4182	2.7655	915.13	-0.029635	0.00032996	0.11235	liquid
455.00	171.00	653.34	0.0015306	-113.34	-87.164	-0.24200	2.4219	2.7692	912.70	-0.029533	0.00032778	0.11219	liquid
456.00	171.00	652.67	0.0015322	-110.59	-84.394	-0.23591	2.4256	2.7728	910.28	-0.029431	0.00032561	0.11204	liquid
457.00	171.00	652.00	0.0015337	-107.85	-81.619	-0.22983	2.4292	2.7764	907.86	-0.029329	0.00032346	0.11188	liquid
458.00	171.00	651.33	0.0015353	-105.09	-78.841	-0.22376	2.4329	2.7801	905.45	-0.029227	0.00032134	0.11172	liquid
459.00	171.00	650.66	0.0015369	-102.34	-76.059	-0.21769	2.4365	2.7837	903.04	-0.029124	0.00031923	0.11157	liquid
460.00	171.00	649.99	0.0015385	-99.581	-73.273	-0.21163	2.4401	2.7873	900.64	-0.029021	0.00031715	0.11141	liquid
461.00	171.00	649.32	0.0015401	-96.819	-70.484	-0.20558	2.4438	2.7909	898.25	-0.028919	0.00031509	0.11126	liquid
462.00	171.00	648.65	0.0015417	-94.054	-67.691	-0.19952	2.4474	2.7945	895.86	-0.028815	0.00031304	0.11110	liquid
463.00	171.00	647.98	0.0015433	-91.285	-64.895	-0.19348	2.4510	2.7981	893.47	-0.028712	0.00031101	0.11095	liquid
464.00	171.00	647.31	0.0015449	-88.512	-62.095	-0.18744	2.4547	2.8018	891.09	-0.028609	0.00030901	0.11080	liquid
465.00	171.00	646.64	0.0015465	-85.736	-59.292	-0.18140	2.4583	2.8054	888.72	-0.028505	0.00030702	0.11064	liquid
466.00	171.00	645.96	0.0015481	-82.956	-56.484	-0.17537	2.4619	2.8090	886.35	-0.028401	0.00030505	0.11049	liquid
467.00	171.00	645.29	0.0015497	-80.173	-53.674	-0.16935	2.4655	2.8126	883.99	-0.028297	0.00030310	0.11033	liquid
468.00	171.00	644.62	0.0015513	-77.387	-50.859	-0.16333	2.4691	2.8161	881.63	-0.028193	0.00030117	0.11018	liquid
469.00	171.00	643.95	0.0015529	-74.596	-48.041	-0.15731	2.4727	2.8197	879.28	-0.028089	0.00029925	0.11003	liquid
470.00	171.00	643.27	0.0015545	-71.803	-45.220	-0.15130	2.4763	2.8233	876.94	-0.027984	0.00029735	0.10988	liquid
471.00	171.00	642.60	0.0015562	-69.005	-42.395	-0.14530	2.4799	2.8269	874.59	-0.027880	0.00029547	0.10972	liquid
472.00	171.00	641.93	0.0015578	-66.205	-39.566	-0.13930	2.4834	2.8305	872.26	-0.027775	0.00029361	0.10957	liquid
473.00	171.00	641.25	0.0015594	-63.400	-36.734	-0.13330	2.4870	2.8340	869.93	-0.027670	0.00029176	0.10942	liquid
474.00	171.00	640.58	0.0015611	-60.593	-33.898	-0.12731	2.4906	2.8376	867.60	-0.027564	0.00028993	0.10927	liquid
475.00	171.00	639.91	0.0015627	-57.781	-31.059	-0.12133	2.4942	2.8412	865.29	-0.027459	0.00028812	0.10912	liquid
476.00	171.00	639.23	0.0015644	-54.967	-28.216	-0.11535	2.4977	2.8447	862.97	-0.027353	0.00028632	0.10897	liquid
477.00	171.00	638.56	0.0015660	-52.148	-25.369	-0.10938	2.5013	2.8483	860.66	-0.027247	0.00028454	0.10882	liquid
478.00	171.00	637.88	0.0015677	-49.327	-22.519	-0.10341	2.5048	2.8518	858.36	-0.027141	0.00028277	0.10867	liquid
479.00	171.00	637.20	0.0015694	-46.501	-19.665	-0.097445	2.5084	2.8554	856.06	-0.027035	0.00028102	0.10852	liquid
480.00	171.00	636.53	0.0015710	-43.673	-16.808	-0.091486	2.5119	2.8589	853.77	-0.026928	0.00027929	0.10837	liquid
481.00	171.00	635.85	0.0015727	-40.841	-13.948	-0.085533	2.5155	2.8625	851.48	-0.026822	0.00027757	0.10822	liquid
482.00	171.00	635.17	0.0015744	-38.005	-11.083	-0.079584	2.5190	2.8660	849.20	-0.026715	0.00027586	0.10807	liquid
483.00	171.00	634.50	0.0015760	-35.166	-8.2156	-0.073641	2.5225	2.8695	846.92	-0.026607	0.00027417	0.10792	liquid
484.00	171.00	633.82	0.0015777	-32.324	-5.3443	-0.067702	2.5261	2.8730	844.65	-0.026500	0.00027249	0.10778	liquid
485.00	171.00	633.14	0.0015794	-29.478	-2.4695	-0.061769	2.5296	2.8766	842.39	-0.026393	0.00027083	0.10763	liquid
486.00	171.00	632.46	0.0015811	-26.628	0.40881	-0.055840	2.5331	2.8801	840.13	-0.026285	0.00026918	0.10748	liquid
487.00	171.00	631.79	0.0015828	-23.775	3.2907	-0.049916	2.5366	2.8836	837.87	-0.026177	0.00026755	0.10733	liquid
488.00	171.00	631.11	0.0015845	-20.919	6.1760	-0.043998	2.5401	2.8871	835.62	-0.026069	0.00026593	0.10719	liquid
489.00	171.00	630.43	0.0015862	-18.060	9.0648	-0.038084	2.5436	2.8906	833.38	-0.025960	0.00026432	0.10704	liquid
490.00	171.00	629.75	0.0015879	-15.197	11.957	-0.032175	2.5471	2.8941	831.14	-0.025852	0.00026273	0.10689	liquid
491.00	171.00	629.07	0.0015897	-12.330	14.853	-0.026271	2.5506	2.8976	828.90	-0.025743	0.00026115	0.10675	liquid
492.00	171.00	628.39	0.0015914	-9.4601	17.752	-0.020372	2.5541	2.9011	826.67	-0.025634	0.00025958	0.10660	liquid
493.00	171.00	627.71	0.0015931	-6.5868	20.655	-0.014478	2.5575	2.9046	824.45	-0.025524	0.00025803	0.10645	liquid
494.00	171.00	627.03	0.0015948	-3.7101	23.561	-0.0085893	2.5610	2.9080	822.23	-0.025415	0.00025648	0.10631	liquid
495.00	171.00	626.35	0.0015966	-0.82998	26.471	-0.0027050	2.5645	2.9115	820.02	-0.025305	0.00025496	0.10616	liquid
496.00	171.00	625.66	0.0015983	2.0535	29.384	0.0031744	2.5679	2.9150	817.81	-0.025195	0.00025344	0.10602	liquid
497.00	171.00	624.98	0.0016000	4.9404	32.301	0.0090489	2.5714	2.9184	815.61	-0.025085	0.00025193	0.10588	liquid
498.00	171.00	624.30	0.0016018	7.8306	35.221	0.014919	2.5749	2.9219	813.41	-0.024974	0.00025044	0.10573	liquid
499.00	171.00	623.62	0.0016035	10.724	38.145	0.020783	2.5783	2.9253	811.22	-0.024864	0.00024896	0.10559	liquid
500.00	171.00	622.93	0.0016053	13.621	41.072	0.026643	2.5817	2.9288	809.03	-0.024753	0.00024749	0.10544	liquid
501.00	171.00	622.25	0.0016071	16.522	44.003	0.032499	2.5852	2.9322	806.85	-0.024641	0.00024604	0.10530	liquid
502.00	171.00	621.57	0.0016088	19.425	46.936	0.038349	2.5886	2.9357	804.68	-0.024530	0.00024459	0.10516	liquid
503.00	171.00	620.88	0.0016106	22.332	49.874	0.044194	2.5920	2.9391	802.50	-0.024418	0.00024316	0.10502	liquid
504.00	171.00	620.20	0.0016124	25.243	52.815	0.050035	2.5955	2.9425	800.34	-0.024306	0.00024174	0.10487	liquid
505.00	171.00	619.51	0.0016142	28.157	55.759	0.055871	2.5989	2.9459	798.18	-0.024194	0.00024033	0.10473	liquid
506.00	171.00	618.83	0.0016160	31.074	58.707	0.061702	2.6023	2.9494	796.02	-0.024082	0.00023892	0.10459	liquid
507.00	171.00	618.14	0.0016178	33.994	61.658	0.067529	2.6057	2.9528	793.87	-0.023969	0.00023754	0.10445	liquid
508.00	171.00	617.46	0.0016195	36.918	64.612	0.073350	2.6091	2.9562	791.73	-0.023856	0.00023616	0.10431	liquid
509.00	171.00	616.77	0.0016213	39.845	67.570	0.079167	2.6125	2.9596	789.59	-0.023743	0.00023479	0.10417	liquid
510.00	171.00	616.08	0.0016232	42.775	70.531	0.084979	2.6159	2.9630	787.45	-0.023630	0.00023343	0.10403	liquid
511.00	171.00	615.40	0.0016250	45.709	73.496	0.090787	2.6193	2.9664	785.33	-0.023516	0.00023208	0.10389	liquid
512.00	171.00	614.71	0.0016268	48.646	76.464	0.096589	2.6226	2.9697	783.20	-0.023402	0.00023075	0.10375	liquid
513.00	171.00	614.02	0.0016286	51.586	79.435	0.10239	2.6260	2.9731	781.08	-0.023288	0.00022942	0.10361	liquid
514.00	171.00	613.33	0.0016304	54.530	82.410	0.10818	2.6294	2.9765	778.97	-0.023174	0.00022810	0.10347	liquid
515.00	171.00	612.64	0.0016323	57.477	85.388	0.11397	2.6327	2.9799	776.86	-0.023059	0.00022680	0.10333	liquid
516.00	171.00	611.95	0.0016341	60.427	88.370	0.11975	2.6361	2.9832	774.76	-0.022944	0.00022550	0.10319	liquid
517.00	171.00	611.27	0.0016360	63.380	91.355	0.12553	2.6394	2.9866	772.66	-0.022829	0.00022421	0.10306	liquid
518.00	171.00	610.58	0.0016378	66.337	94.343	0.13131	2.6428	2.9899	770.57	-0.022714	0.00022294	0.10292	liquid
519.00	171.00	609.89	0.0016397	69.297	97.335	0.13708	2.6461	2.9933	768.48	-0.022598	0.00022167	0.10278	liquid
520.00	171.00	609.20	0.0016415	72.260	100.33	0.14284	2.6495	2.9966	766.40	-0.022482	0.00022041	0.10265	liquid
521.00	171.00	608.50	0.0016434	75.226	103.33	0.14860	2.6528	3.0000	764.32	-0.022366	0.00021916	0.10251	liquid
522.00	171.00	607.81	0.0016452	78.196	106.33	0.15436	2.6561	3.0033	762.25	-0.022249	0.00021792	0.10237	liquid
523.00	171.00	607.12	0.0016471	81.169	109.33	0.16011	2.6594	3.0066	760.18	-0.022132	0.00021669	0.10224	liquid
524.00	171.00	606.43	0.0016490	84.145	112.34	0.16585	2.6627	3.0099	758.12	-0.022015	0.00021547	0.10210	liquid
525.00	171.00	605.74	0.0016509	87.124	115.35	0.17160	2.6661	3.0132	756.07	-0.021898	0.00021425	0.10197	liquid
526.00	171.00	605.04	0.0016528	90.107	118.37	0.17733	2.6694	3.0165	754.02	-0.021781	0.00021305	0.10183	liquid
527.00	171.00	604.35	0.0016547	93.093	121.39	0.18307	2.6727	3.0198	751.97	-0.021663	0.00021185	0.10170	liquid
528.00	171.00	603.66	0.0016566	96.082	124.41	0.18879	2.6759	3.0231	749.93	-0.021545	0.00021067	0.10156	liquid
529.00	171.00	602.96	0.0016585	99.074	127.43	0.19452	2.6792	3.0264	747.90	-0.021426	0.00020949	0.10143	liquid
530.00	171.00	602.27	0.0016604	102.07	130.46	0.20024	2.6825	3.0297	745.87	-0.021307	0.00020832	0.10129	liquid
531.00	171.00	601.57	0.0016623	105.07	133.49	0.20595	2.6858	3.0330	743.84	-0.021189	0.00020716	0.10116	liquid
532.00	171.00	600.88	0.0016642	108.07	136.53	0.21166	2.6891	3.0362	741.82	-0.021069	0.00020600	0.10103	liquid
533.00	171.00	600.18	0.0016662	111.07	139.57	0.21736	2.6923	3.0395	739.81	-0.020950	0.00020486	0.10090	liquid
534.00	171.00	599.49	0.0016681	114.08	142.61	0.22307	2.6956	3.0428	737.80	-0.020830	0.00020372	0.10076	liquid
535.00	171.00	598.79	0.0016700	117.09	145.65	0.22876	2.6988	3.0460	735.80	-0.020710	0.00020259	0.10063	liquid
536.00	171.00	598.09	0.0016720	120.11	148.70	0.23445	2.7021	3.0493	733.80	-0.020590	0.00020147	0.10050	liquid
537.00	171.00	597.40	0.0016739	123.13	151.75	0.24014	2.7053	3.0525	731.81	-0.020469	0.00020036	0.10037	liquid
538.00	171.00	596.70	0.0016759	126.15	154.80	0.24582	2.7086	3.0557	729.82	-0.020348	0.00019925	0.10024	liquid
539.00	171.00	596.00	0.0016778	129.17	157.86	0.25150	2.7118	3.0590	727.84	-0.020227	0.00019815	0.10011	liquid
540.00	171.00	595.30	0.0016798	132.20	160.92	0.25717	2.7150	3.0622	725.86	-0.020105	0.00019706	0.099977	liquid
541.00	171.00	594.61	0.0016818	135.23	163.99	0.26284	2.7182	3.0654	723.89	-0.019983	0.00019598	0.099847	liquid
542.00	171.00	593.91	0.0016838	138.26	167.05	0.26850	2.7215	3.0686	721.93	-0.019861	0.00019491	0.099717	liquid
543.00	171.00	593.21	0.0016858	141.30	170.12	0.27416	2.7247	3.0718	719.96	-0.019739	0.00019384	0.099588	liquid
544.00	171.00	592.51	0.0016877	144.34	173.20	0.27982	2.7279	3.0750	718.01	-0.019616	0.00019278	0.099459	liquid
545.00	171.00	591.81	0.0016897	147.38	176.27	0.28547	2.7311	3.0782	716.06	-0.019493	0.00019172	0.099331	liquid
546.00	171.00	591.11	0.0016917	150.42	179.35	0.29111	2.7343	3.0814	714.11	-0.019370	0.00019068	0.099203	liquid
547.00	171.00	590.41	0.0016937	153.47	182.44	0.29676	2.7375	3.0846	712.17	-0.019247	0.00018964	0.099075	liquid
548.00	171.00	589.71	0.0016958	156.52	185.52	0.30239	2.7406	3.0878	710.24	-0.019123	0.00018861	0.098948	liquid
549.00	171.00	589.00	0.0016978	159.58	188.61	0.30802	2.7438	3.0909	708.31	-0.018999	0.00018758	0.098820	liquid
550.00	171.00	588.30	0.0016998	162.64	191.70	0.31365	2.7470	3.0941	706.39	-0.018874	0.00018657	0.098694	liquid
551.00	171.00	587.60	0.0017018	165.70	194.80	0.31928	2.7502	3.0972	704.47	-0.018750	0.00018555	0.098567	liquid
552.00	171.00	586.90	0.0017039	168.76	197.90	0.32489	2.7533	3.1004	702.56	-0.018625	0.00018455	0.098441	liquid
553.00	171.00	586.19	0.0017059	171.83	201.00	0.33051	2.7565	3.1035	700.65	-0.018499	0.00018355	0.098316	liquid
554.00	171.00	585.49	0.0017080	174.90	204.11	0.33612	2.7596	3.1067	698.75	-0.018374	0.00018256	0.098190	liquid
555.00	171.00	584.79	0.0017100	177.97	207.21	0.34172	2.7628	3.1098	696.85	-0.018248	0.00018158	0.098065	liquid
556.00	171.00	584.08	0.0017121	181.05	210.32	0.34733	2.7659	3.1129	694.96	-0.018122	0.00018060	0.097941	liquid
557.00	171.00	583.38	0.0017142	184.13	213.44	0.35292	2.7690	3.1160	693.07	-0.017995	0.00017963	0.097817	liquid
558.00	171.00	582.67	0.0017162	187.21	216.56	0.35851	2.7722	3.1191	691.19	-0.017869	0.00017866	0.097693	liquid
559.00	171.00	581.97	0.0017183	190.29	219.68	0.36410	2.7753	3.1222	689.32	-0.017742	0.00017771	0.097569	liquid
560.00	171.00	581.26	0.0017204	193.38	222.80	0.36969	2.7784	3.1253	687.45	-0.017614	0.00017675	0.097446	liquid
561.00	171.00	580.56	0.0017225	196.47	225.93	0.37526	2.7815	3.1284	685.58	-0.017487	0.00017581	0.097323	liquid
562.00	171.00	579.85	0.0017246	199.57	229.06	0.38084	2.7846	3.1315	683.73	-0.017359	0.00017487	0.097201	liquid
563.00	171.00	579.14	0.0017267	202.66	232.19	0.38641	2.7877	3.1346	681.87	-0.017230	0.00017393	0.097079	liquid
564.00	171.00	578.44	0.0017288	205.76	235.33	0.39197	2.7908	3.1376	680.02	-0.017102	0.00017301	0.096957	liquid
565.00	171.00	577.73	0.0017309	208.87	238.47	0.39753	2.7939	3.1407	678.18	-0.016973	0.00017209	0.096836	liquid
566.00	171.00	577.02	0.0017330	211.97	241.61	0.40309	2.7970	3.1438	676.34	-0.016844	0.00017117	0.096715	liquid
567.00	171.00	576.31	0.0017352	215.08	244.75	0.40864	2.8001	3.1468	674.51	-0.016715	0.00017026	0.096595	liquid
568.00	171.00	575.60	0.0017373	218.19	247.90	0.41419	2.8031	3.1498	672.69	-0.016585	0.00016936	0.096475	liquid
569.00	171.00	574.89	0.0017394	221.31	251.05	0.41973	2.8062	3.1529	670.86	-0.016455	0.00016846	0.096355	liquid
570.00	171.00	574.19	0.0017416	224.43	254.21	0.42527	2.8093	3.1559	669.05	-0.016325	0.00016757	0.096236	liquid
571.00	171.00	573.48	0.0017438	227.55	257.37	0.43081	2.8123	3.1589	667.24	-0.016194	0.00016668	0.096117	liquid
572.00	171.00	572.77	0.0017459	230.67	260.53	0.43634	2.8154	3.1619	665.44	-0.016063	0.00016580	0.095998	liquid
573.00	171.00	572.06	0.0017481	233.80	263.69	0.44186	2.8184	3.1650	663.64	-0.015932	0.00016493	0.095880	liquid
574.00	171.00	571.35	0.0017503	236.93	266.86	0.44738	2.8215	3.1680	661.84	-0.015800	0.00016406	0.095762	liquid
575.00	171.00	570.63	0.0017524	240.06	270.03	0.45290	2.8245	3.1710	660.06	-0.015669	0.00016319	0.095645	liquid
576.00	171.00	569.92	0.0017546	243.19	273.20	0.45841	2.8275	3.1739	658.27	-0.015537	0.00016233	0.095528	liquid
577.00	171.00	569.21	0.0017568	246.33	276.37	0.46392	2.8305	3.1769	656.50	-0.015404	0.00016148	0.095411	liquid
578.00	171.00	568.50	0.0017590	249.47	279.55	0.46943	2.8336	3.1799	654.72	-0.015272	0.00016063	0.095295	liquid
579.00	171.00	567.79	0.0017612	252.62	282.73	0.47492	2.8366	3.1829	652.96	-0.015139	0.00015979	0.095179	liquid
580.00	171.00	567.08	0.0017634	255.76	285.92	0.48042	2.8396	3.1858	651.20	-0.015005	0.00015895	0.095063	liquid
581.00	171.00	566.36	0.0017657	258.91	289.10	0.48591	2.8426	3.1888	649.44	-0.014872	0.00015812	0.094948	liquid
582.00	171.00	565.65	0.0017679	262.06	292.29	0.49140	2.8456	3.1917	647.69	-0.014738	0.00015730	0.094834	liquid
583.00	171.00	564.94	0.0017701	265.22	295.49	0.49688	2.8486	3.1947	645.95	-0.014604	0.00015648	0.094719	liquid
584.00	171.00	564.22	0.0017724	268.38	298.68	0.50236	2.8516	3.1976	644.21	-0.014470	0.00015566	0.094605	liquid
585.00	171.00	563.51	0.0017746	271.54	301.88	0.50783	2.8545	3.2005	642.48	-0.014335	0.00015485	0.094492	liquid
586.00	171.00	562.79	0.0017769	274.70	305.09	0.51330	2.8575	3.2034	640.75	-0.014200	0.00015404	0.094379	liquid
587.00	171.00	562.08	0.0017791	277.87	308.29	0.51876	2.8605	3.2063	639.03	-0.014065	0.00015324	0.094266	liquid
588.00	171.00	561.36	0.0017814	281.04	311.50	0.52422	2.8634	3.2093	637.32	-0.013929	0.00015245	0.094154	liquid
589.00	171.00	560.65	0.0017836	284.21	314.71	0.52968	2.8664	3.2121	635.61	-0.013794	0.00015166	0.094042	liquid
590.00	171.00	559.93	0.0017859	287.38	317.92	0.53513	2.8693	3.2150	633.90	-0.013658	0.00015087	0.093931	liquid
591.00	171.00	559.22	0.0017882	290.56	321.14	0.54058	2.8723	3.2179	632.20	-0.013521	0.00015009	0.093820	liquid
592.00	171.00	558.50	0.0017905	293.74	324.36	0.54602	2.8752	3.2208	630.51	-0.013385	0.00014931	0.093709	liquid
593.00	171.00	557.78	0.0017928	296.92	327.58	0.55146	2.8782	3.2237	628.82	-0.013248	0.00014854	0.093599	liquid
594.00	171.00	557.07	0.0017951	300.11	330.81	0.55689	2.8811	3.2265	627.14	-0.013110	0.00014778	0.093489	liquid
595.00	171.00	556.35	0.0017974	303.30	334.03	0.56232	2.8840	3.2294	625.47	-0.012973	0.00014702	0.093380	liquid
596.00	171.00	555.63	0.0017997	306.49	337.26	0.56775	2.8869	3.2322	623.80	-0.012835	0.00014626	0.093271	liquid
597.00	171.00	554.92	0.0018021	309.68	340.50	0.57317	2.8899	3.2351	622.13	-0.012697	0.00014551	0.093162	liquid
598.00	171.00	554.20	0.0018044	312.88	343.73	0.57858	2.8928	3.2379	620.47	-0.012559	0.00014476	0.093054	liquid
599.00	171.00	553.48	0.0018067	316.08	346.97	0.58400	2.8957	3.2407	618.82	-0.012421	0.00014401	0.092947	liquid
600.00	171.00	552.76	0.0018091	319.28	350.22	0.58941	2.8986	3.2435	617.17	-0.012282	0.00014328	0.092839	liquid
601.00	171.00	552.04	0.0018115	322.48	353.46	0.59481	2.9015	3.2464	615.53	-0.012143	0.00014254	0.092733	liquid
602.00	171.00	551.32	0.0018138	325.69	356.71	0.60021	2.9043	3.2492	613.89	-0.012003	0.00014181	0.092626	liquid
603.00	171.00	550.61	0.0018162	328.90	359.96	0.60560	2.9072	3.2520	612.26	-0.011864	0.00014109	0.092520	liquid
604.00	171.00	549.89	0.0018186	332.11	363.21	0.61099	2.9101	3.2547	610.64	-0.011724	0.00014037	0.092415	liquid
605.00	171.00	549.17	0.0018209	335.33	366.47	0.61638	2.9130	3.2575	609.02	-0.011584	0.00013965	0.092310	liquid
606.00	171.00	548.45	0.0018233	338.55	369.73	0.62176	2.9158	3.2603	607.40	-0.011444	0.00013894	0.092205	liquid
607.00	171.00	547.73	0.0018257	341.77	372.99	0.62714	2.9187	3.2631	605.80	-0.011303	0.00013823	0.092101	liquid
608.00	171.00	547.01	0.0018281	344.99	376.25	0.63251	2.9216	3.2658	604.19	-0.011162	0.00013753	0.091997	liquid
609.00	171.00	546.29	0.0018305	348.22	379.52	0.63788	2.9244	3.2686	602.60	-0.011021	0.00013683	0.091894	liquid
610.00	171.00	545.57	0.0018330	351.45	382.79	0.64325	2.9273	3.2713	601.01	-0.010880	0.00013613	0.091791	liquid
611.00	171.00	544.85	0.0018354	354.68	386.06	0.64861	2.9301	3.2741	599.42	-0.010738	0.00013544	0.091688	liquid
612.00	171.00	544.12	0.0018378	357.91	389.34	0.65397	2.9329	3.2768	597.84	-0.010596	0.00013476	0.091586	liquid
613.00	171.00	543.40	0.0018403	361.15	392.62	0.65932	2.9358	3.2795	596.27	-0.010454	0.00013408	0.091485	liquid
614.00	171.00	542.68	0.0018427	364.39	395.90	0.66467	2.9386	3.2822	594.70	-0.010312	0.00013340	0.091384	liquid
615.00	171.00	541.96	0.0018452	367.63	399.18	0.67001	2.9414	3.2849	593.14	-0.010169	0.00013272	0.091283	liquid
616.00	171.00	541.24	0.0018476	370.87	402.47	0.67535	2.9442	3.2876	591.59	-0.010027	0.00013205	0.091183	liquid
617.00	171.00	540.52	0.0018501	374.12	405.76	0.68068	2.9470	3.2903	590.04	-0.0098837	0.00013139	0.091083	liquid
618.00	171.00	539.79	0.0018526	377.37	409.05	0.68601	2.9498	3.2930	588.49	-0.0097405	0.00013073	0.090984	liquid
619.00	171.00	539.07	0.0018550	380.62	412.34	0.69134	2.9526	3.2957	586.96	-0.0095971	0.00013007	0.090885	liquid
620.00	171.00	538.35	0.0018575	383.88	415.64	0.69666	2.9554	3.2984	585.42	-0.0094535	0.00012941	0.090786	liquid
621.00	171.00	537.63	0.0018600	387.13	418.94	0.70198	2.9582	3.3010	583.90	-0.0093096	0.00012877	0.090688	liquid
622.00	171.00	536.90	0.0018625	390.39	422.24	0.70729	2.9610	3.3037	582.38	-0.0091655	0.00012812	0.090591	liquid
623.00	171.00	536.18	0.0018650	393.65	425.55	0.71260	2.9637	3.3063	580.86	-0.0090213	0.00012748	0.090494	liquid
624.00	171.00	535.46	0.0018676	396.92	428.85	0.71791	2.9665	3.3090	579.35	-0.0088768	0.00012684	0.090397	liquid
625.00	171.00	534.73	0.0018701	400.19	432.16	0.72321	2.9693	3.3116	577.85	-0.0087321	0.00012620	0.090301	liquid
626.00	171.00	534.01	0.0018726	403.46	435.48	0.72851	2.9720	3.3142	576.35	-0.0085872	0.00012557	0.090205	liquid
627.00	171.00	533.29	0.0018752	406.73	438.79	0.73380	2.9748	3.3169	574.86	-0.0084421	0.00012495	0.090110	liquid
628.00	171.00	532.56	0.0018777	410.00	442.11	0.73909	2.9775	3.3195	573.37	-0.0082968	0.00012432	0.090016	liquid
629.00	171.00	531.84	0.0018803	413.28	445.43	0.74437	2.9803	3.3221	571.89	-0.0081514	0.00012371	0.089921	liquid
630.00	171.00	531.12	0.0018828	416.56	448.76	0.74965	2.9830	3.3247	570.42	-0.0080057	0.00012309	0.089828	liquid
631.00	171.00	530.39	0.0018854	419.84	452.08	0.75492	2.9858	3.3273	568.95	-0.0078599	0.00012248	0.089734	liquid
632.00	171.00	529.67	0.0018880	423.13	455.41	0.76019	2.9885	3.3298	567.49	-0.0077138	0.00012187	0.089641	liquid
633.00	171.00	528.94	0.0018906	426.41	458.74	0.76546	2.9912	3.3324	566.03	-0.0075676	0.00012127	0.089549	liquid
634.00	171.00	528.22	0.0018931	429.70	462.07	0.77072	2.9939	3.3350	564.58	-0.0074213	0.00012066	0.089457	liquid
635.00	171.00	527.50	0.0018957	432.99	465.41	0.77598	2.9966	3.3375	563.14	-0.0072747	0.00012007	0.089366	liquid
636.00	171.00	526.77	0.0018984	436.29	468.75	0.78124	2.9993	3.3401	561.70	-0.0071280	0.00011947	0.089275	liquid
637.00	171.00	526.05	0.0019010	439.58	472.09	0.78648	3.0020	3.3426	560.27	-0.0069811	0.00011888	0.089184	liquid
638.00	171.00	525.32	0.0019036	442.88	475.44	0.79173	3.0047	3.3452	558.84	-0.0068341	0.00011830	0.089094	liquid
639.00	171.00	524.60	0.0019062	446.19	478.78	0.79697	3.0074	3.3477	557.42	-0.0066869	0.00011771	0.089005	liquid
640.00	171.00	523.87	0.0019089	449.49	482.13	0.80221	3.0101	3.3502	556.01	-0.0065396	0.00011713	0.088916	liquid
641.00	171.00	523.15	0.0019115	452.80	485.48	0.80744	3.0128	3.3527	554.60	-0.0063921	0.00011656	0.088827	liquid
642.00	171.00	522.42	0.0019142	456.10	488.84	0.81267	3.0155	3.3552	553.20	-0.0062445	0.00011599	0.088739	liquid
643.00	171.00	521.70	0.0019168	459.41	492.19	0.81789	3.0181	3.3577	551.80	-0.0060967	0.00011542	0.088651	liquid
644.00	171.00	520.98	0.0019195	462.73	495.55	0.82311	3.0208	3.3602	550.41	-0.0059488	0.00011485	0.088564	liquid
645.00	171.00	520.25	0.0019222	466.04	498.91	0.82833	3.0235	3.3627	549.02	-0.0058008	0.00011429	0.088478	liquid
646.00	171.00	519.53	0.0019248	469.36	502.28	0.83354	3.0261	3.3652	547.64	-0.0056526	0.00011373	0.088392	liquid
647.00	171.00	518.80	0.0019275	472.68	505.64	0.83875	3.0288	3.3676	546.27	-0.0055043	0.00011317	0.088306	liquid
648.00	171.00	518.08	0.0019302	476.01	509.01	0.84395	3.0314	3.3701	544.90	-0.0053559	0.00011262	0.088221	liquid
649.00	171.00	517.35	0.0019329	479.33	512.38	0.84915	3.0341	3.3725	543.54	-0.0052074	0.00011207	0.088136	liquid
650.00	171.00	516.63	0.0019356	482.66	515.76	0.85434	3.0367	3.3750	542.19	-0.0050588	0.00011153	0.088052	liquid
651.00	171.00	515.90	0.0019384	485.99	519.13	0.85953	3.0393	3.3774	540.84	-0.0049100	0.00011098	0.087968	liquid
652.00	171.00	515.18	0.0019411	489.32	522.51	0.86472	3.0419	3.3799	539.49	-0.0047612	0.00011045	0.087885	liquid
653.00	171.00	514.45	0.0019438	492.65	525.89	0.86990	3.0446	3.3823	538.15	-0.0046123	0.00010991	0.087803	liquid
654.00	171.00	513.73	0.0019466	495.99	529.28	0.87508	3.0472	3.3847	536.82	-0.0044633	0.00010938	0.087720	liquid
655.00	171.00	513.00	0.0019493	499.33	532.66	0.88025	3.0498	3.3871	535.50	-0.0043141	0.00010885	0.087639	liquid
656.00	171.00	512.28	0.0019521	502.67	536.05	0.88542	3.0524	3.3895	534.18	-0.0041649	0.00010832	0.087557	liquid
657.00	171.00	511.55	0.0019548	506.01	539.44	0.89059	3.0550	3.3919	532.86	-0.0040157	0.00010780	0.087477	liquid
658.00	171.00	510.83	0.0019576	509.36	542.83	0.89575	3.0576	3.3943	531.56	-0.0038663	0.00010728	0.087397	liquid
659.00	171.00	510.11	0.0019604	512.71	546.23	0.90090	3.0602	3.3966	530.25	-0.0037169	0.00010676	0.087317	supercritical
660.00	171.00	509.38	0.0019632	516.06	549.63	0.90605	3.0627	3.3990	528.96	-0.0035674	0.00010625	0.087238	supercritical
661.00	171.00	508.66	0.0019660	519.41	553.03	0.91120	3.0653	3.4014	527.67	-0.0034178	0.00010574	0.087159	supercritical
662.00	171.00	507.93	0.0019688	522.76	556.43	0.91635	3.0679	3.4037	526.38	-0.0032682	0.00010523	0.087081	supercritical
663.00	171.00	507.21	0.0019716	526.12	559.84	0.92149	3.0705	3.4061	525.10	-0.0031186	0.00010472	0.087003	supercritical
664.00	171.00	506.49	0.0019744	529.48	563.24	0.92662	3.0730	3.4084	523.83	-0.0029689	0.00010422	0.086926	supercritical
665.00	171.00	505.76	0.0019772	532.84	566.65	0.93175	3.0756	3.4107	522.56	-0.0028191	0.00010372	0.086849	supercritical
666.00	171.00	505.04	0.0019800	536.21	570.06	0.93688	3.0781	3.4131	521.30	-0.0026693	0.00010323	0.086773	supercritical
667.00	171.00	504.32	0.0019829	539.57	573.48	0.94200	3.0807	3.4154	520.05	-0.0025195	0.00010273	0.086698	supercritical
668.00	171.00	503.59	0.0019857	542.94	576.89	0.94712	3.0832	3.4177	518.80	-0.0023697	0.00010224	0.086623	supercritical
669.00	171.00	502.87	0.0019886	546.31	580.31	0.95223	3.0858	3.4200	517.56	-0.0022198	0.00010176	0.086548	supercritical
670.00	171.00	502.15	0.0019914	549.68	583.73	0.95734	3.0883	3.4223	516.32	-0.0020699	0.00010127	0.086474	supercritical
671.00	171.00	501.42	0.0019943	553.06	587.16	0.96245	3.0908	3.4246	515.09	-0.0019200	0.00010079	0.086400	supercritical
672.00	171.00	500.70	0.0019972	556.43	590.58	0.96755	3.0934	3.4268	513.86	-0.0017701	0.00010032	0.086327	supercritical
673.00	171.00	499.98	0.0020001	559.81	594.01	0.97265	3.0959	3.4291	512.65	-0.0016202	9.9840e-05	0.086255	supercritical
674.00	171.00	499.26	0.0020030	563.19	597.44	0.97774	3.0984	3.4314	511.43	-0.0014703	9.9368e-05	0.086183	supercritical
675.00	171.00	498.54	0.0020059	566.57	600.87	0.98283	3.1009	3.4336	510.22	-0.0013204	9.8899e-05	0.086111	supercritical
676.00	171.00	497.81	0.0020088	569.96	604.31	0.98792	3.1034	3.4359	509.02	-0.0011705	9.8432e-05	0.086040	supercritical
677.00	171.00	497.09	0.0020117	573.35	607.75	0.99300	3.1059	3.4381	507.83	-0.0010206	9.7969e-05	0.085969	supercritical
678.00	171.00	496.37	0.0020146	576.74	611.19	0.99807	3.1084	3.4403	506.64	-0.00087077	9.7508e-05	0.085899	supercritical
679.00	171.00	495.65	0.0020176	580.13	614.63	1.0031	3.1109	3.4426	505.45	-0.00072095	9.7050e-05	0.085830	supercritical
680.00	171.00	494.93	0.0020205	583.52	618.07	1.0082	3.1134	3.4448	504.27	-0.00057115	9.6594e-05	0.085761	supercritical
681.00	171.00	494.21	0.0020234	586.92	621.52	1.0133	3.1158	3.4470	503.10	-0.00042139	9.6142e-05	0.085693	supercritical
682.00	171.00	493.49	0.0020264	590.31	624.96	1.0183	3.1183	3.4492	501.94	-0.00027167	9.5692e-05	0.085625	supercritical
683.00	171.00	492.77	0.0020294	593.71	628.41	1.0234	3.1208	3.4514	500.77	-0.00012200	9.5245e-05	0.085557	supercritical
684.00	171.00	492.05	0.0020323	597.11	631.87	1.0284	3.1232	3.4536	499.62	2.7614e-05	9.4800e-05	0.085490	supercritical
685.00	171.00	491.33	0.0020353	600.52	635.32	1.0335	3.1257	3.4558	498.47	0.00017718	9.4359e-05	0.085424	supercritical
686.00	171.00	490.61	0.0020383	603.92	638.78	1.0385	3.1282	3.4579	497.33	0.00032668	9.3920e-05	0.085358	supercritical
687.00	171.00	489.89	0.0020413	607.33	642.24	1.0436	3.1306	3.4601	496.19	0.00047611	9.3483e-05	0.085293	supercritical
688.00	171.00	489.17	0.0020443	610.74	645.70	1.0486	3.1330	3.4623	495.06	0.00062547	9.3050e-05	0.085228	supercritical
689.00	171.00	488.45	0.0020473	614.15	649.16	1.0536	3.1355	3.4644	493.93	0.00077475	9.2619e-05	0.085164	supercritical
690.00	171.00	487.73	0.0020503	617.57	652.63	1.0587	3.1379	3.4666	492.81	0.00092395	9.2190e-05	0.085100	supercritical
691.00	171.00	487.02	0.0020533	620.98	656.10	1.0637	3.1403	3.4687	491.70	0.0010731	9.1764e-05	0.085037	supercritical
692.00	171.00	486.30	0.0020563	624.40	659.57	1.0687	3.1428	3.4708	490.59	0.0012221	9.1341e-05	0.084974	supercritical
693.00	171.00	485.58	0.0020594	627.82	663.04	1.0737	3.1452	3.4729	489.49	0.0013710	9.0921e-05	0.084912	supercritical
694.00	171.00	484.87	0.0020624	631.24	666.51	1.0787	3.1476	3.4751	488.39	0.0015198	9.0503e-05	0.084850	supercritical
695.00	171.00	484.15	0.0020655	634.67	669.99	1.0837	3.1500	3.4772	487.30	0.0016686	9.0087e-05	0.084789	supercritical
696.00	171.00	483.43	0.0020685	638.09	673.47	1.0887	3.1524	3.4793	486.21	0.0018172	8.9674e-05	0.084728	supercritical
697.00	171.00	482.72	0.0020716	641.52	676.95	1.0937	3.1548	3.4814	485.13	0.0019656	8.9264e-05	0.084668	supercritical
698.00	171.00	482.00	0.0020747	644.95	680.43	1.0987	3.1572	3.4835	484.06	0.0021140	8.8856e-05	0.084608	supercritical
699.00	171.00	481.29	0.0020778	648.38	683.91	1.1037	3.1596	3.4855	482.99	0.0022622	8.8450e-05	0.084549	supercritical
700.00	171.00	480.57	0.0020808	651.82	687.40	1.1087	3.1620	3.4876	481.93	0.0024103	8.8047e-05	0.084491	supercritical
