Temperature (K)	Pressure (bar)	Density (kg/m3)	Volume (m3/kg)	Internal Energy (kJ/kg)	Enthalpy (kJ/kg)	Entropy (J/g*K)	Cv (J/g*K)	Cp (J/g*K)	Sound Spd. (m/s)	Joule-Thomson (K/bar)	Viscosity (Pa*s)	Therm. Cond. (W/m*K)	Phase
278.00	169.00	771.07	0.0012969	-542.16	-520.24	-1.4339	1.7555	2.1453	1455.9	-0.045343	0.0025081	0.14551	liquid
279.00	169.00	770.38	0.0012981	-540.03	-518.10	-1.4262	1.7589	2.1480	1451.9	-0.045275	0.0024510	0.14528	liquid
280.00	169.00	769.69	0.0012992	-537.90	-515.95	-1.4185	1.7623	2.1508	1448.0	-0.045206	0.0023960	0.14505	liquid
281.00	169.00	769.00	0.0013004	-535.77	-513.80	-1.4109	1.7657	2.1535	1444.0	-0.045137	0.0023429	0.14482	liquid
282.00	169.00	768.31	0.0013016	-533.64	-511.64	-1.4032	1.7691	2.1563	1440.0	-0.045067	0.0022917	0.14459	liquid
283.00	169.00	767.62	0.0013027	-531.50	-509.48	-1.3956	1.7725	2.1591	1436.1	-0.044997	0.0022422	0.14436	liquid
284.00	169.00	766.93	0.0013039	-529.36	-507.32	-1.3879	1.7759	2.1620	1432.2	-0.044926	0.0021944	0.14413	liquid
285.00	169.00	766.24	0.0013051	-527.21	-505.16	-1.3803	1.7794	2.1648	1428.3	-0.044855	0.0021483	0.14390	liquid
286.00	169.00	765.55	0.0013062	-525.07	-502.99	-1.3727	1.7829	2.1677	1424.4	-0.044783	0.0021036	0.14367	liquid
287.00	169.00	764.86	0.0013074	-522.92	-500.82	-1.3652	1.7863	2.1706	1420.5	-0.044711	0.0020605	0.14345	liquid
288.00	169.00	764.18	0.0013086	-520.77	-498.65	-1.3576	1.7898	2.1735	1416.7	-0.044638	0.0020187	0.14322	liquid
289.00	169.00	763.49	0.0013098	-518.61	-496.48	-1.3501	1.7933	2.1764	1412.8	-0.044565	0.0019783	0.14299	liquid
290.00	169.00	762.81	0.0013109	-516.45	-494.30	-1.3426	1.7968	2.1794	1409.0	-0.044492	0.0019392	0.14277	liquid
291.00	169.00	762.12	0.0013121	-514.29	-492.12	-1.3351	1.8004	2.1824	1405.2	-0.044418	0.0019013	0.14254	liquid
292.00	169.00	761.44	0.0013133	-512.13	-489.93	-1.3276	1.8039	2.1853	1401.4	-0.044343	0.0018646	0.14232	liquid
293.00	169.00	760.75	0.0013145	-509.96	-487.75	-1.3201	1.8074	2.1883	1397.6	-0.044268	0.0018290	0.14210	liquid
294.00	169.00	760.07	0.0013157	-507.79	-485.56	-1.3126	1.8110	2.1914	1393.8	-0.044193	0.0017945	0.14188	liquid
295.00	169.00	759.39	0.0013168	-505.62	-483.36	-1.3052	1.8146	2.1944	1390.0	-0.044117	0.0017610	0.14165	liquid
296.00	169.00	758.71	0.0013180	-503.44	-481.17	-1.2977	1.8181	2.1975	1386.3	-0.044041	0.0017285	0.14143	liquid
297.00	169.00	758.03	0.0013192	-501.26	-478.97	-1.2903	1.8217	2.2005	1382.6	-0.043965	0.0016970	0.14121	liquid
298.00	169.00	757.35	0.0013204	-499.08	-476.77	-1.2829	1.8253	2.2036	1378.8	-0.043888	0.0016663	0.14099	liquid
299.00	169.00	756.67	0.0013216	-496.90	-474.56	-1.2755	1.8289	2.2067	1375.1	-0.043810	0.0016366	0.14077	liquid
300.00	169.00	755.99	0.0013228	-494.71	-472.35	-1.2682	1.8325	2.2098	1371.4	-0.043733	0.0016077	0.14056	liquid
301.00	169.00	755.31	0.0013240	-492.52	-470.14	-1.2608	1.8361	2.2130	1367.7	-0.043655	0.0015797	0.14034	liquid
302.00	169.00	754.63	0.0013251	-490.32	-467.93	-1.2535	1.8398	2.2161	1364.1	-0.043576	0.0015524	0.14012	liquid
303.00	169.00	753.95	0.0013263	-488.13	-465.71	-1.2461	1.8434	2.2193	1360.4	-0.043498	0.0015258	0.13990	liquid
304.00	169.00	753.28	0.0013275	-485.92	-463.49	-1.2388	1.8471	2.2225	1356.8	-0.043419	0.0015000	0.13969	liquid
305.00	169.00	752.60	0.0013287	-483.72	-461.27	-1.2315	1.8507	2.2256	1353.1	-0.043339	0.0014749	0.13947	liquid
306.00	169.00	751.93	0.0013299	-481.51	-459.04	-1.2242	1.8544	2.2288	1349.5	-0.043260	0.0014505	0.13926	liquid
307.00	169.00	751.25	0.0013311	-479.30	-456.81	-1.2169	1.8580	2.2321	1345.9	-0.043179	0.0014267	0.13904	liquid
308.00	169.00	750.57	0.0013323	-477.09	-454.57	-1.2097	1.8617	2.2353	1342.3	-0.043099	0.0014035	0.13883	liquid
309.00	169.00	749.90	0.0013335	-474.87	-452.34	-1.2024	1.8654	2.2385	1338.7	-0.043018	0.0013810	0.13862	liquid
310.00	169.00	749.23	0.0013347	-472.65	-450.10	-1.1952	1.8691	2.2418	1335.1	-0.042938	0.0013590	0.13840	liquid
311.00	169.00	748.55	0.0013359	-470.43	-447.85	-1.1880	1.8728	2.2451	1331.6	-0.042856	0.0013376	0.13819	liquid
312.00	169.00	747.88	0.0013371	-468.20	-445.61	-1.1808	1.8765	2.2484	1328.0	-0.042775	0.0013167	0.13798	liquid
313.00	169.00	747.21	0.0013383	-465.97	-443.36	-1.1736	1.8802	2.2517	1324.5	-0.042693	0.0012964	0.13777	liquid
314.00	169.00	746.53	0.0013395	-463.74	-441.10	-1.1664	1.8839	2.2550	1321.0	-0.042611	0.0012766	0.13756	liquid
315.00	169.00	745.86	0.0013407	-461.51	-438.85	-1.1592	1.8877	2.2583	1317.5	-0.042528	0.0012572	0.13735	liquid
316.00	169.00	745.19	0.0013419	-459.27	-436.59	-1.1520	1.8914	2.2616	1314.0	-0.042446	0.0012383	0.13714	liquid
317.00	169.00	744.52	0.0013431	-457.02	-434.32	-1.1449	1.8951	2.2650	1310.5	-0.042363	0.0012199	0.13693	liquid
318.00	169.00	743.85	0.0013444	-454.78	-432.06	-1.1377	1.8989	2.2683	1307.0	-0.042280	0.0012020	0.13672	liquid
319.00	169.00	743.18	0.0013456	-452.53	-429.79	-1.1306	1.9026	2.2717	1303.5	-0.042196	0.0011844	0.13652	liquid
320.00	169.00	742.51	0.0013468	-450.27	-427.51	-1.1235	1.9064	2.2751	1300.1	-0.042113	0.0011673	0.13631	liquid
321.00	169.00	741.84	0.0013480	-448.02	-425.24	-1.1164	1.9102	2.2784	1296.6	-0.042029	0.0011506	0.13610	liquid
322.00	169.00	741.17	0.0013492	-445.76	-422.96	-1.1093	1.9139	2.2818	1293.2	-0.041945	0.0011342	0.13590	liquid
323.00	169.00	740.50	0.0013504	-443.50	-420.67	-1.1022	1.9177	2.2853	1289.8	-0.041860	0.0011182	0.13569	liquid
324.00	169.00	739.83	0.0013517	-441.23	-418.39	-1.0951	1.9215	2.2887	1286.3	-0.041776	0.0011026	0.13549	liquid
325.00	169.00	739.17	0.0013529	-438.96	-416.10	-1.0881	1.9253	2.2921	1282.9	-0.041691	0.0010874	0.13528	liquid
326.00	169.00	738.50	0.0013541	-436.69	-413.80	-1.0810	1.9291	2.2955	1279.5	-0.041606	0.0010725	0.13508	liquid
327.00	169.00	737.83	0.0013553	-434.41	-411.50	-1.0740	1.9329	2.2990	1276.2	-0.041521	0.0010579	0.13487	liquid
328.00	169.00	737.16	0.0013566	-432.13	-409.20	-1.0670	1.9367	2.3024	1272.8	-0.041435	0.0010437	0.13467	liquid
329.00	169.00	736.50	0.0013578	-429.85	-406.90	-1.0600	1.9405	2.3059	1269.4	-0.041350	0.0010297	0.13447	liquid
330.00	169.00	735.83	0.0013590	-427.56	-404.59	-1.0530	1.9443	2.3094	1266.1	-0.041264	0.0010161	0.13427	liquid
331.00	169.00	735.16	0.0013602	-425.27	-402.28	-1.0460	1.9481	2.3129	1262.7	-0.041178	0.0010028	0.13407	liquid
332.00	169.00	734.50	0.0013615	-422.98	-399.97	-1.0390	1.9519	2.3164	1259.4	-0.041091	0.00098971	0.13386	liquid
333.00	169.00	733.83	0.0013627	-420.68	-397.65	-1.0320	1.9557	2.3199	1256.1	-0.041005	0.00097693	0.13366	liquid
334.00	169.00	733.17	0.0013639	-418.38	-395.33	-1.0251	1.9595	2.3234	1252.8	-0.040918	0.00096442	0.13346	liquid
335.00	169.00	732.50	0.0013652	-416.07	-393.00	-1.0181	1.9634	2.3269	1249.5	-0.040832	0.00095217	0.13326	liquid
336.00	169.00	731.84	0.0013664	-413.77	-390.67	-1.0112	1.9672	2.3304	1246.2	-0.040745	0.00094018	0.13307	liquid
337.00	169.00	731.17	0.0013677	-411.45	-388.34	-1.0042	1.9710	2.3339	1242.9	-0.040657	0.00092843	0.13287	liquid
338.00	169.00	730.51	0.0013689	-409.14	-386.01	-0.99731	1.9749	2.3375	1239.6	-0.040570	0.00091693	0.13267	liquid
339.00	169.00	729.85	0.0013702	-406.82	-383.67	-0.99040	1.9787	2.3410	1236.4	-0.040483	0.00090565	0.13247	liquid
340.00	169.00	729.18	0.0013714	-404.50	-381.32	-0.98350	1.9825	2.3446	1233.1	-0.040395	0.00089460	0.13227	liquid
341.00	169.00	728.52	0.0013726	-402.17	-378.98	-0.97661	1.9864	2.3481	1229.9	-0.040307	0.00088378	0.13208	liquid
342.00	169.00	727.85	0.0013739	-399.85	-376.63	-0.96973	1.9902	2.3517	1226.7	-0.040219	0.00087317	0.13188	liquid
343.00	169.00	727.19	0.0013752	-397.51	-374.27	-0.96286	1.9941	2.3553	1223.4	-0.040131	0.00086276	0.13168	liquid
344.00	169.00	726.53	0.0013764	-395.18	-371.92	-0.95599	1.9979	2.3589	1220.2	-0.040042	0.00085256	0.13149	liquid
345.00	169.00	725.87	0.0013777	-392.84	-369.56	-0.94914	2.0018	2.3624	1217.0	-0.039954	0.00084256	0.13129	liquid
346.00	169.00	725.20	0.0013789	-390.50	-367.19	-0.94230	2.0057	2.3660	1213.8	-0.039865	0.00083274	0.13110	liquid
347.00	169.00	724.54	0.0013802	-388.15	-364.82	-0.93547	2.0095	2.3696	1210.6	-0.039777	0.00082312	0.13090	liquid
348.00	169.00	723.88	0.0013814	-385.80	-362.45	-0.92864	2.0134	2.3732	1207.5	-0.039688	0.00081368	0.13071	liquid
349.00	169.00	723.22	0.0013827	-383.44	-360.08	-0.92183	2.0173	2.3769	1204.3	-0.039598	0.00080441	0.13052	liquid
350.00	169.00	722.56	0.0013840	-381.09	-357.70	-0.91502	2.0211	2.3805	1201.1	-0.039509	0.00079532	0.13032	liquid
351.00	169.00	721.90	0.0013852	-378.73	-355.32	-0.90822	2.0250	2.3841	1198.0	-0.039420	0.00078640	0.13013	liquid
352.00	169.00	721.23	0.0013865	-376.36	-352.93	-0.90144	2.0289	2.3877	1194.8	-0.039330	0.00077764	0.12994	liquid
353.00	169.00	720.57	0.0013878	-373.99	-350.54	-0.89466	2.0327	2.3914	1191.7	-0.039241	0.00076904	0.12975	liquid
354.00	169.00	719.91	0.0013891	-371.62	-348.15	-0.88789	2.0366	2.3950	1188.6	-0.039151	0.00076059	0.12956	liquid
355.00	169.00	719.25	0.0013903	-369.25	-345.75	-0.88113	2.0405	2.3986	1185.5	-0.039061	0.00075230	0.12937	liquid
356.00	169.00	718.59	0.0013916	-366.87	-343.35	-0.87437	2.0444	2.4023	1182.4	-0.038971	0.00074416	0.12918	liquid
357.00	169.00	717.93	0.0013929	-364.49	-340.95	-0.86763	2.0482	2.4059	1179.3	-0.038881	0.00073616	0.12899	liquid
358.00	169.00	717.27	0.0013942	-362.10	-338.54	-0.86090	2.0521	2.4096	1176.2	-0.038790	0.00072830	0.12880	liquid
359.00	169.00	716.61	0.0013955	-359.71	-336.13	-0.85417	2.0560	2.4132	1173.1	-0.038700	0.00072058	0.12861	liquid
360.00	169.00	715.95	0.0013967	-357.32	-333.71	-0.84745	2.0599	2.4169	1170.0	-0.038609	0.00071300	0.12842	liquid
361.00	169.00	715.29	0.0013980	-354.92	-331.29	-0.84074	2.0638	2.4206	1167.0	-0.038519	0.00070554	0.12823	liquid
362.00	169.00	714.63	0.0013993	-352.52	-328.87	-0.83404	2.0676	2.4243	1163.9	-0.038428	0.00069821	0.12804	liquid
363.00	169.00	713.97	0.0014006	-350.12	-326.44	-0.82735	2.0715	2.4279	1160.9	-0.038337	0.00069101	0.12786	liquid
364.00	169.00	713.31	0.0014019	-347.71	-324.01	-0.82066	2.0754	2.4316	1157.8	-0.038246	0.00068393	0.12767	liquid
365.00	169.00	712.65	0.0014032	-345.30	-321.58	-0.81399	2.0793	2.4353	1154.8	-0.038155	0.00067697	0.12748	liquid
366.00	169.00	711.99	0.0014045	-342.88	-319.14	-0.80732	2.0832	2.4390	1151.8	-0.038064	0.00067012	0.12730	liquid
367.00	169.00	711.33	0.0014058	-340.46	-316.70	-0.80066	2.0871	2.4427	1148.8	-0.037972	0.00066339	0.12711	liquid
368.00	169.00	710.67	0.0014071	-338.04	-314.26	-0.79401	2.0909	2.4464	1145.8	-0.037881	0.00065677	0.12692	liquid
369.00	169.00	710.01	0.0014084	-335.61	-311.81	-0.78736	2.0948	2.4501	1142.8	-0.037789	0.00065025	0.12674	liquid
370.00	169.00	709.35	0.0014097	-333.18	-309.36	-0.78073	2.0987	2.4538	1139.8	-0.037697	0.00064384	0.12655	liquid
371.00	169.00	708.69	0.0014110	-330.75	-306.90	-0.77410	2.1026	2.4575	1136.8	-0.037605	0.00063754	0.12637	liquid
372.00	169.00	708.03	0.0014124	-328.31	-304.44	-0.76748	2.1065	2.4612	1133.8	-0.037513	0.00063134	0.12619	liquid
373.00	169.00	707.38	0.0014137	-325.87	-301.98	-0.76087	2.1104	2.4649	1130.9	-0.037421	0.00062523	0.12600	liquid
374.00	169.00	706.72	0.0014150	-323.43	-299.51	-0.75426	2.1142	2.4686	1127.9	-0.037329	0.00061922	0.12582	liquid
375.00	169.00	706.06	0.0014163	-320.98	-297.04	-0.74767	2.1181	2.4723	1125.0	-0.037237	0.00061331	0.12564	liquid
376.00	169.00	705.40	0.0014176	-318.53	-294.57	-0.74108	2.1220	2.4760	1122.0	-0.037144	0.00060748	0.12545	liquid
377.00	169.00	704.74	0.0014190	-316.07	-292.09	-0.73450	2.1259	2.4797	1119.1	-0.037052	0.00060175	0.12527	liquid
378.00	169.00	704.08	0.0014203	-313.61	-289.61	-0.72792	2.1298	2.4835	1116.2	-0.036959	0.00059611	0.12509	liquid
379.00	169.00	703.42	0.0014216	-311.15	-287.12	-0.72136	2.1336	2.4872	1113.2	-0.036866	0.00059055	0.12491	liquid
380.00	169.00	702.76	0.0014230	-308.68	-284.64	-0.71480	2.1375	2.4909	1110.3	-0.036774	0.00058508	0.12473	liquid
381.00	169.00	702.10	0.0014243	-306.21	-282.14	-0.70825	2.1414	2.4946	1107.4	-0.036681	0.00057969	0.12455	liquid
382.00	169.00	701.45	0.0014256	-303.74	-279.65	-0.70170	2.1453	2.4984	1104.5	-0.036588	0.00057438	0.12437	liquid
383.00	169.00	700.79	0.0014270	-301.26	-277.15	-0.69517	2.1492	2.5021	1101.6	-0.036494	0.00056915	0.12419	liquid
384.00	169.00	700.13	0.0014283	-298.78	-274.64	-0.68864	2.1530	2.5058	1098.8	-0.036401	0.00056399	0.12401	liquid
385.00	169.00	699.47	0.0014297	-296.30	-272.13	-0.68212	2.1569	2.5096	1095.9	-0.036308	0.00055891	0.12383	liquid
386.00	169.00	698.81	0.0014310	-293.81	-269.62	-0.67560	2.1608	2.5133	1093.0	-0.036214	0.00055391	0.12365	liquid
387.00	169.00	698.15	0.0014324	-291.31	-267.11	-0.66909	2.1647	2.5170	1090.2	-0.036121	0.00054898	0.12347	liquid
388.00	169.00	697.49	0.0014337	-288.82	-264.59	-0.66259	2.1685	2.5208	1087.3	-0.036027	0.00054412	0.12329	liquid
389.00	169.00	696.83	0.0014351	-286.32	-262.07	-0.65610	2.1724	2.5245	1084.5	-0.035933	0.00053933	0.12311	liquid
390.00	169.00	696.17	0.0014364	-283.82	-259.54	-0.64961	2.1763	2.5282	1081.6	-0.035839	0.00053461	0.12294	liquid
391.00	169.00	695.51	0.0014378	-281.31	-257.01	-0.64313	2.1801	2.5320	1078.8	-0.035745	0.00052995	0.12276	liquid
392.00	169.00	694.86	0.0014391	-278.80	-254.48	-0.63666	2.1840	2.5357	1076.0	-0.035651	0.00052536	0.12258	liquid
393.00	169.00	694.20	0.0014405	-276.28	-251.94	-0.63020	2.1879	2.5394	1073.2	-0.035557	0.00052084	0.12240	liquid
394.00	169.00	693.54	0.0014419	-273.77	-249.40	-0.62374	2.1917	2.5432	1070.3	-0.035462	0.00051638	0.12223	liquid
395.00	169.00	692.88	0.0014433	-271.24	-246.85	-0.61729	2.1956	2.5469	1067.5	-0.035368	0.00051197	0.12205	liquid
396.00	169.00	692.22	0.0014446	-268.72	-244.30	-0.61084	2.1994	2.5507	1064.7	-0.035273	0.00050763	0.12188	liquid
397.00	169.00	691.56	0.0014460	-266.19	-241.75	-0.60440	2.2033	2.5544	1062.0	-0.035179	0.00050335	0.12170	liquid
398.00	169.00	690.90	0.0014474	-263.66	-239.19	-0.59797	2.2071	2.5582	1059.2	-0.035084	0.00049913	0.12153	liquid
399.00	169.00	690.24	0.0014488	-261.12	-236.63	-0.59155	2.2110	2.5619	1056.4	-0.034989	0.00049496	0.12135	liquid
400.00	169.00	689.58	0.0014502	-258.58	-234.07	-0.58513	2.2148	2.5656	1053.6	-0.034894	0.00049085	0.12118	liquid
401.00	169.00	688.92	0.0014515	-256.03	-231.50	-0.57872	2.2187	2.5694	1050.9	-0.034799	0.00048680	0.12101	liquid
402.00	169.00	688.26	0.0014529	-253.49	-228.93	-0.57232	2.2225	2.5731	1048.1	-0.034704	0.00048279	0.12083	liquid
403.00	169.00	687.60	0.0014543	-250.94	-226.36	-0.56592	2.2264	2.5769	1045.4	-0.034608	0.00047884	0.12066	liquid
404.00	169.00	686.94	0.0014557	-248.38	-223.78	-0.55953	2.2302	2.5806	1042.6	-0.034513	0.00047495	0.12049	liquid
405.00	169.00	686.28	0.0014571	-245.82	-221.20	-0.55314	2.2341	2.5844	1039.9	-0.034417	0.00047110	0.12031	liquid
406.00	169.00	685.62	0.0014585	-243.26	-218.61	-0.54677	2.2379	2.5881	1037.2	-0.034322	0.00046730	0.12014	liquid
407.00	169.00	684.96	0.0014599	-240.69	-216.02	-0.54040	2.2417	2.5918	1034.4	-0.034226	0.00046355	0.11997	liquid
408.00	169.00	684.30	0.0014613	-238.12	-213.43	-0.53403	2.2455	2.5956	1031.7	-0.034130	0.00045985	0.11980	liquid
409.00	169.00	683.64	0.0014628	-235.55	-210.83	-0.52767	2.2494	2.5993	1029.0	-0.034034	0.00045619	0.11963	liquid
410.00	169.00	682.98	0.0014642	-232.97	-208.23	-0.52132	2.2532	2.6031	1026.3	-0.033938	0.00045259	0.11946	liquid
411.00	169.00	682.32	0.0014656	-230.39	-205.62	-0.51497	2.2570	2.6068	1023.6	-0.033842	0.00044902	0.11929	liquid
412.00	169.00	681.66	0.0014670	-227.81	-203.01	-0.50863	2.2608	2.6105	1020.9	-0.033745	0.00044550	0.11911	liquid
413.00	169.00	681.00	0.0014684	-225.22	-200.40	-0.50230	2.2647	2.6143	1018.2	-0.033649	0.00044203	0.11894	liquid
414.00	169.00	680.34	0.0014699	-222.63	-197.79	-0.49597	2.2685	2.6180	1015.6	-0.033552	0.00043860	0.11878	liquid
415.00	169.00	679.67	0.0014713	-220.03	-195.17	-0.48965	2.2723	2.6217	1012.9	-0.033456	0.00043521	0.11861	liquid
416.00	169.00	679.01	0.0014727	-217.43	-192.54	-0.48334	2.2761	2.6255	1010.2	-0.033359	0.00043186	0.11844	liquid
417.00	169.00	678.35	0.0014742	-214.83	-189.91	-0.47703	2.2799	2.6292	1007.6	-0.033262	0.00042855	0.11827	liquid
418.00	169.00	677.69	0.0014756	-212.22	-187.28	-0.47073	2.2837	2.6329	1004.9	-0.033165	0.00042528	0.11810	liquid
419.00	169.00	677.03	0.0014770	-209.61	-184.65	-0.46443	2.2875	2.6367	1002.3	-0.033067	0.00042205	0.11793	liquid
420.00	169.00	676.36	0.0014785	-207.00	-182.01	-0.45814	2.2913	2.6404	999.64	-0.032970	0.00041886	0.11776	liquid
421.00	169.00	675.70	0.0014799	-204.38	-179.37	-0.45186	2.2951	2.6441	997.00	-0.032873	0.00041570	0.11760	liquid
422.00	169.00	675.04	0.0014814	-201.76	-176.72	-0.44558	2.2989	2.6478	994.38	-0.032775	0.00041259	0.11743	liquid
423.00	169.00	674.38	0.0014828	-199.13	-174.07	-0.43931	2.3027	2.6516	991.76	-0.032677	0.00040951	0.11726	liquid
424.00	169.00	673.71	0.0014843	-196.50	-171.42	-0.43305	2.3064	2.6553	989.14	-0.032580	0.00040646	0.11710	liquid
425.00	169.00	673.05	0.0014858	-193.87	-168.76	-0.42679	2.3102	2.6590	986.53	-0.032482	0.00040345	0.11693	liquid
426.00	169.00	672.39	0.0014872	-191.23	-166.10	-0.42053	2.3140	2.6627	983.93	-0.032384	0.00040048	0.11676	liquid
427.00	169.00	671.73	0.0014887	-188.60	-163.44	-0.41429	2.3178	2.6664	981.34	-0.032285	0.00039754	0.11660	liquid
428.00	169.00	671.06	0.0014902	-185.95	-160.77	-0.40804	2.3215	2.6702	978.75	-0.032187	0.00039463	0.11643	liquid
429.00	169.00	670.40	0.0014917	-183.30	-158.10	-0.40181	2.3253	2.6739	976.16	-0.032089	0.00039175	0.11627	liquid
430.00	169.00	669.73	0.0014931	-180.65	-155.42	-0.39558	2.3291	2.6776	973.58	-0.031990	0.00038891	0.11610	liquid
431.00	169.00	669.07	0.0014946	-178.00	-152.74	-0.38935	2.3328	2.6813	971.01	-0.031891	0.00038610	0.11594	liquid
432.00	169.00	668.41	0.0014961	-175.34	-150.06	-0.38314	2.3366	2.6850	968.45	-0.031792	0.00038332	0.11578	liquid
433.00	169.00	667.74	0.0014976	-172.68	-147.37	-0.37692	2.3403	2.6887	965.89	-0.031693	0.00038057	0.11561	liquid
434.00	169.00	667.08	0.0014991	-170.01	-144.68	-0.37072	2.3441	2.6924	963.33	-0.031594	0.00037785	0.11545	liquid
435.00	169.00	666.41	0.0015006	-167.35	-141.99	-0.36452	2.3478	2.6961	960.78	-0.031495	0.00037516	0.11529	liquid
436.00	169.00	665.75	0.0015021	-164.67	-139.29	-0.35832	2.3516	2.6998	958.24	-0.031395	0.00037250	0.11512	liquid
437.00	169.00	665.08	0.0015036	-162.00	-136.59	-0.35213	2.3553	2.7035	955.71	-0.031296	0.00036987	0.11496	liquid
438.00	169.00	664.42	0.0015051	-159.32	-133.88	-0.34595	2.3590	2.7072	953.18	-0.031196	0.00036727	0.11480	liquid
439.00	169.00	663.75	0.0015066	-156.63	-131.17	-0.33977	2.3627	2.7109	950.65	-0.031096	0.00036470	0.11464	liquid
440.00	169.00	663.08	0.0015081	-153.95	-128.46	-0.33360	2.3665	2.7146	948.13	-0.030996	0.00036215	0.11448	liquid
441.00	169.00	662.42	0.0015096	-151.26	-125.74	-0.32743	2.3702	2.7182	945.62	-0.030896	0.00035963	0.11431	liquid
442.00	169.00	661.75	0.0015111	-148.56	-123.02	-0.32127	2.3739	2.7219	943.11	-0.030796	0.00035713	0.11415	liquid
443.00	169.00	661.08	0.0015127	-145.86	-120.30	-0.31512	2.3776	2.7256	940.61	-0.030695	0.00035466	0.11399	liquid
444.00	169.00	660.42	0.0015142	-143.16	-117.57	-0.30897	2.3813	2.7293	938.12	-0.030594	0.00035222	0.11383	liquid
445.00	169.00	659.75	0.0015157	-140.46	-114.84	-0.30282	2.3850	2.7329	935.63	-0.030494	0.00034981	0.11367	liquid
446.00	169.00	659.08	0.0015173	-137.75	-112.11	-0.29668	2.3887	2.7366	933.14	-0.030393	0.00034741	0.11351	liquid
447.00	169.00	658.41	0.0015188	-135.03	-109.37	-0.29055	2.3924	2.7403	930.66	-0.030292	0.00034505	0.11335	liquid
448.00	169.00	657.75	0.0015203	-132.32	-106.63	-0.28442	2.3961	2.7439	928.19	-0.030190	0.00034270	0.11319	liquid
449.00	169.00	657.08	0.0015219	-129.60	-103.88	-0.27830	2.3998	2.7476	925.72	-0.030089	0.00034038	0.11303	liquid
450.00	169.00	656.41	0.0015234	-126.88	-101.13	-0.27218	2.4035	2.7513	923.26	-0.029987	0.00033809	0.11288	liquid
451.00	169.00	655.74	0.0015250	-124.15	-98.377	-0.26607	2.4072	2.7549	920.80	-0.029886	0.00033581	0.11272	liquid
452.00	169.00	655.07	0.0015266	-121.42	-95.620	-0.25997	2.4108	2.7586	918.35	-0.029784	0.00033356	0.11256	liquid
453.00	169.00	654.40	0.0015281	-118.68	-92.860	-0.25387	2.4145	2.7622	915.91	-0.029682	0.00033133	0.11240	liquid
454.00	169.00	653.73	0.0015297	-115.95	-90.096	-0.24777	2.4182	2.7659	913.47	-0.029579	0.00032913	0.11224	liquid
455.00	169.00	653.06	0.0015312	-113.21	-87.328	-0.24168	2.4218	2.7695	911.04	-0.029477	0.00032694	0.11209	liquid
456.00	169.00	652.39	0.0015328	-110.46	-84.557	-0.23560	2.4255	2.7732	908.61	-0.029374	0.00032478	0.11193	liquid
457.00	169.00	651.72	0.0015344	-107.71	-81.782	-0.22952	2.4291	2.7768	906.19	-0.029271	0.00032264	0.11177	liquid
458.00	169.00	651.05	0.0015360	-104.96	-79.003	-0.22345	2.4328	2.7804	903.77	-0.029169	0.00032051	0.11162	liquid
459.00	169.00	650.38	0.0015376	-102.21	-76.221	-0.21738	2.4364	2.7840	901.36	-0.029065	0.00031841	0.11146	liquid
460.00	169.00	649.71	0.0015392	-99.447	-73.435	-0.21131	2.4401	2.7877	898.95	-0.028962	0.00031633	0.11131	liquid
461.00	169.00	649.04	0.0015407	-96.684	-70.645	-0.20526	2.4437	2.7913	896.55	-0.028859	0.00031427	0.11115	liquid
462.00	169.00	648.36	0.0015423	-93.918	-67.852	-0.19920	2.4473	2.7949	894.16	-0.028755	0.00031223	0.11100	liquid
463.00	169.00	647.69	0.0015439	-91.148	-65.056	-0.19316	2.4510	2.7985	891.77	-0.028651	0.00031021	0.11084	liquid
464.00	169.00	647.02	0.0015455	-88.375	-62.255	-0.18712	2.4546	2.8021	889.38	-0.028547	0.00030820	0.11069	liquid
465.00	169.00	646.35	0.0015472	-85.598	-59.451	-0.18108	2.4582	2.8057	887.01	-0.028443	0.00030622	0.11053	liquid
466.00	169.00	645.67	0.0015488	-82.818	-56.644	-0.17505	2.4618	2.8093	884.63	-0.028338	0.00030425	0.11038	liquid
467.00	169.00	645.00	0.0015504	-80.034	-53.833	-0.16902	2.4654	2.8129	882.27	-0.028234	0.00030230	0.11022	liquid
468.00	169.00	644.33	0.0015520	-77.247	-51.018	-0.16300	2.4690	2.8165	879.90	-0.028129	0.00030037	0.11007	liquid
469.00	169.00	643.65	0.0015536	-74.456	-48.200	-0.15699	2.4726	2.8201	877.55	-0.028024	0.00029846	0.10992	liquid
470.00	169.00	642.98	0.0015553	-71.662	-45.378	-0.15098	2.4762	2.8237	875.20	-0.027919	0.00029657	0.10977	liquid
471.00	169.00	642.30	0.0015569	-68.864	-42.552	-0.14497	2.4798	2.8273	872.85	-0.027814	0.00029469	0.10961	liquid
472.00	169.00	641.63	0.0015585	-66.062	-39.723	-0.13897	2.4834	2.8309	870.51	-0.027708	0.00029283	0.10946	liquid
473.00	169.00	640.95	0.0015602	-63.257	-36.890	-0.13297	2.4869	2.8344	868.17	-0.027602	0.00029098	0.10931	liquid
474.00	169.00	640.28	0.0015618	-60.449	-34.054	-0.12698	2.4905	2.8380	865.84	-0.027496	0.00028916	0.10916	liquid
475.00	169.00	639.60	0.0015635	-57.637	-31.214	-0.12100	2.4941	2.8416	863.52	-0.027390	0.00028734	0.10901	liquid
476.00	169.00	638.92	0.0015651	-54.822	-28.371	-0.11502	2.4977	2.8451	861.20	-0.027284	0.00028555	0.10886	liquid
477.00	169.00	638.25	0.0015668	-52.003	-25.524	-0.10905	2.5012	2.8487	858.89	-0.027177	0.00028377	0.10870	liquid
478.00	169.00	637.57	0.0015685	-49.181	-22.674	-0.10308	2.5048	2.8523	856.58	-0.027070	0.00028201	0.10855	liquid
479.00	169.00	636.89	0.0015701	-46.355	-19.820	-0.097111	2.5083	2.8558	854.28	-0.026963	0.00028026	0.10840	liquid
480.00	169.00	636.22	0.0015718	-43.525	-16.962	-0.091152	2.5119	2.8593	851.98	-0.026856	0.00027852	0.10825	liquid
481.00	169.00	635.54	0.0015735	-40.693	-14.101	-0.085198	2.5154	2.8629	849.69	-0.026749	0.00027681	0.10811	liquid
482.00	169.00	634.86	0.0015752	-37.856	-11.236	-0.079248	2.5189	2.8664	847.40	-0.026641	0.00027510	0.10796	liquid
483.00	169.00	634.18	0.0015768	-35.017	-8.3681	-0.073304	2.5225	2.8700	845.12	-0.026533	0.00027342	0.10781	liquid
484.00	169.00	633.50	0.0015785	-32.174	-5.4964	-0.067364	2.5260	2.8735	842.84	-0.026425	0.00027174	0.10766	liquid
485.00	169.00	632.82	0.0015802	-29.327	-2.6211	-0.061430	2.5295	2.8770	840.57	-0.026317	0.00027008	0.10751	liquid
486.00	169.00	632.14	0.0015819	-26.477	0.25762	-0.055500	2.5330	2.8805	838.31	-0.026208	0.00026844	0.10736	liquid
487.00	169.00	631.46	0.0015836	-23.623	3.1399	-0.049576	2.5365	2.8840	836.05	-0.026100	0.00026680	0.10722	liquid
488.00	169.00	630.78	0.0015853	-20.767	6.0257	-0.043656	2.5400	2.8875	833.79	-0.025991	0.00026518	0.10707	liquid
489.00	169.00	630.10	0.0015870	-17.906	8.9150	-0.037742	2.5435	2.8910	831.54	-0.025882	0.00026358	0.10692	liquid
490.00	169.00	629.42	0.0015888	-15.042	11.808	-0.031832	2.5470	2.8945	829.30	-0.025772	0.00026199	0.10677	liquid
491.00	169.00	628.74	0.0015905	-12.175	14.704	-0.025927	2.5505	2.8980	827.06	-0.025663	0.00026041	0.10663	liquid
492.00	169.00	628.06	0.0015922	-9.3046	17.604	-0.020027	2.5540	2.9015	824.82	-0.025553	0.00025885	0.10648	liquid
493.00	169.00	627.37	0.0015939	-6.4306	20.507	-0.014132	2.5575	2.9050	822.59	-0.025443	0.00025729	0.10634	liquid
494.00	169.00	626.69	0.0015957	-3.5532	23.414	-0.0082422	2.5609	2.9085	820.37	-0.025332	0.00025575	0.10619	liquid
495.00	169.00	626.01	0.0015974	-0.67238	26.324	-0.0023570	2.5644	2.9120	818.15	-0.025222	0.00025423	0.10604	liquid
496.00	169.00	625.32	0.0015992	2.2118	29.238	0.0035234	2.5679	2.9154	815.94	-0.025111	0.00025271	0.10590	liquid
497.00	169.00	624.64	0.0016009	5.0994	32.155	0.0093989	2.5713	2.9189	813.73	-0.025000	0.00025121	0.10576	liquid
498.00	169.00	623.96	0.0016027	7.9904	35.076	0.015269	2.5748	2.9224	811.53	-0.024888	0.00024972	0.10561	liquid
499.00	169.00	623.27	0.0016044	10.885	38.000	0.021135	2.5782	2.9258	809.33	-0.024777	0.00024824	0.10547	liquid
500.00	169.00	622.59	0.0016062	13.782	40.927	0.026996	2.5817	2.9293	807.14	-0.024665	0.00024678	0.10532	liquid
501.00	169.00	621.90	0.0016080	16.684	43.858	0.032852	2.5851	2.9327	804.95	-0.024553	0.00024532	0.10518	liquid
502.00	169.00	621.22	0.0016097	19.588	46.793	0.038704	2.5885	2.9362	802.77	-0.024441	0.00024388	0.10504	liquid
503.00	169.00	620.53	0.0016115	22.496	49.731	0.044550	2.5920	2.9396	800.59	-0.024328	0.00024245	0.10489	liquid
504.00	169.00	619.84	0.0016133	25.407	52.672	0.050392	2.5954	2.9430	798.42	-0.024216	0.00024102	0.10475	liquid
505.00	169.00	619.16	0.0016151	28.321	55.617	0.056229	2.5988	2.9464	796.26	-0.024103	0.00023962	0.10461	liquid
506.00	169.00	618.47	0.0016169	31.239	58.565	0.062061	2.6022	2.9499	794.10	-0.023989	0.00023822	0.10447	liquid
507.00	169.00	617.78	0.0016187	34.160	61.516	0.067888	2.6056	2.9533	791.94	-0.023876	0.00023683	0.10433	liquid
508.00	169.00	617.09	0.0016205	37.085	64.471	0.073711	2.6090	2.9567	789.79	-0.023762	0.00023545	0.10418	liquid
509.00	169.00	616.41	0.0016223	40.013	67.430	0.079529	2.6124	2.9601	787.65	-0.023648	0.00023409	0.10404	liquid
510.00	169.00	615.72	0.0016241	42.944	70.391	0.085342	2.6158	2.9635	785.51	-0.023534	0.00023273	0.10390	liquid
511.00	169.00	615.03	0.0016259	45.878	73.357	0.091150	2.6192	2.9669	783.37	-0.023419	0.00023138	0.10376	liquid
512.00	169.00	614.34	0.0016278	48.816	76.325	0.096954	2.6226	2.9703	781.24	-0.023304	0.00023005	0.10362	liquid
513.00	169.00	613.65	0.0016296	51.757	79.297	0.10275	2.6259	2.9736	779.12	-0.023189	0.00022872	0.10348	liquid
514.00	169.00	612.96	0.0016314	54.701	82.273	0.10855	2.6293	2.9770	777.00	-0.023074	0.00022741	0.10334	liquid
515.00	169.00	612.27	0.0016333	57.649	85.251	0.11434	2.6327	2.9804	774.89	-0.022958	0.00022610	0.10321	liquid
516.00	169.00	611.58	0.0016351	60.600	88.233	0.12012	2.6360	2.9838	772.78	-0.022842	0.00022481	0.10307	liquid
517.00	169.00	610.89	0.0016370	63.554	91.219	0.12590	2.6394	2.9871	770.68	-0.022726	0.00022352	0.10293	liquid
518.00	169.00	610.19	0.0016388	66.511	94.208	0.13168	2.6427	2.9905	768.58	-0.022610	0.00022225	0.10279	liquid
519.00	169.00	609.50	0.0016407	69.472	97.200	0.13745	2.6461	2.9938	766.48	-0.022493	0.00022098	0.10265	liquid
520.00	169.00	608.81	0.0016426	72.436	100.20	0.14321	2.6494	2.9972	764.40	-0.022376	0.00021972	0.10252	liquid
521.00	169.00	608.12	0.0016444	75.403	103.19	0.14898	2.6527	3.0005	762.31	-0.022259	0.00021848	0.10238	liquid
522.00	169.00	607.42	0.0016463	78.374	106.20	0.15473	2.6561	3.0038	760.24	-0.022141	0.00021724	0.10224	liquid
523.00	169.00	606.73	0.0016482	81.347	109.20	0.16048	2.6594	3.0072	758.17	-0.022023	0.00021601	0.10211	liquid
524.00	169.00	606.03	0.0016501	84.324	112.21	0.16623	2.6627	3.0105	756.10	-0.021905	0.00021479	0.10197	liquid
525.00	169.00	605.34	0.0016520	87.304	115.22	0.17197	2.6660	3.0138	754.04	-0.021787	0.00021358	0.10184	liquid
526.00	169.00	604.65	0.0016539	90.288	118.24	0.17771	2.6693	3.0171	751.98	-0.021668	0.00021237	0.10170	liquid
527.00	169.00	603.95	0.0016558	93.274	121.26	0.18345	2.6726	3.0204	749.93	-0.021549	0.00021118	0.10156	liquid
528.00	169.00	603.25	0.0016577	96.264	124.28	0.18918	2.6759	3.0237	747.89	-0.021430	0.00020999	0.10143	liquid
529.00	169.00	602.56	0.0016596	99.257	127.30	0.19490	2.6792	3.0270	745.85	-0.021310	0.00020882	0.10130	liquid
530.00	169.00	601.86	0.0016615	102.25	130.33	0.20062	2.6825	3.0303	743.81	-0.021191	0.00020765	0.10116	liquid
531.00	169.00	601.16	0.0016634	105.25	133.36	0.20634	2.6857	3.0336	741.78	-0.021071	0.00020649	0.10103	liquid
532.00	169.00	600.47	0.0016654	108.26	136.40	0.21205	2.6890	3.0368	739.76	-0.020950	0.00020533	0.10089	liquid
533.00	169.00	599.77	0.0016673	111.26	139.44	0.21775	2.6923	3.0401	737.74	-0.020830	0.00020419	0.10076	liquid
534.00	169.00	599.07	0.0016692	114.27	142.48	0.22345	2.6955	3.0434	735.72	-0.020709	0.00020305	0.10063	liquid
535.00	169.00	598.37	0.0016712	117.28	145.53	0.22915	2.6988	3.0466	733.71	-0.020587	0.00020193	0.10050	liquid
536.00	169.00	597.67	0.0016732	120.30	148.57	0.23484	2.7020	3.0499	731.71	-0.020466	0.00020081	0.10037	liquid
537.00	169.00	596.97	0.0016751	123.32	151.63	0.24053	2.7053	3.0531	729.71	-0.020344	0.00019969	0.10023	liquid
538.00	169.00	596.28	0.0016771	126.34	154.68	0.24621	2.7085	3.0564	727.72	-0.020222	0.00019859	0.10010	liquid
539.00	169.00	595.58	0.0016790	129.36	157.74	0.25189	2.7118	3.0596	725.73	-0.020099	0.00019749	0.099971	liquid
540.00	169.00	594.87	0.0016810	132.39	160.80	0.25757	2.7150	3.0628	723.75	-0.019977	0.00019640	0.099841	liquid
541.00	169.00	594.17	0.0016830	135.42	163.86	0.26324	2.7182	3.0660	721.77	-0.019854	0.00019532	0.099710	liquid
542.00	169.00	593.47	0.0016850	138.45	166.93	0.26890	2.7214	3.0692	719.80	-0.019730	0.00019425	0.099580	liquid
543.00	169.00	592.77	0.0016870	141.49	170.00	0.27456	2.7246	3.0725	717.83	-0.019607	0.00019318	0.099451	liquid
544.00	169.00	592.07	0.0016890	144.53	173.08	0.28022	2.7278	3.0757	715.87	-0.019483	0.00019212	0.099322	liquid
545.00	169.00	591.37	0.0016910	147.58	176.15	0.28587	2.7310	3.0789	713.92	-0.019359	0.00019107	0.099193	liquid
546.00	169.00	590.66	0.0016930	150.62	179.23	0.29152	2.7342	3.0820	711.97	-0.019234	0.00019003	0.099064	liquid
547.00	169.00	589.96	0.0016950	153.67	182.32	0.29716	2.7374	3.0852	710.02	-0.019109	0.00018899	0.098936	liquid
548.00	169.00	589.26	0.0016971	156.72	185.40	0.30280	2.7406	3.0884	708.08	-0.018984	0.00018796	0.098808	liquid
549.00	169.00	588.55	0.0016991	159.78	188.49	0.30843	2.7438	3.0916	706.15	-0.018859	0.00018693	0.098681	liquid
550.00	169.00	587.85	0.0017011	162.84	191.59	0.31406	2.7469	3.0947	704.22	-0.018733	0.00018592	0.098554	liquid
551.00	169.00	587.14	0.0017032	165.90	194.68	0.31968	2.7501	3.0979	702.29	-0.018607	0.00018491	0.098427	liquid
552.00	169.00	586.44	0.0017052	168.97	197.78	0.32530	2.7533	3.1010	700.38	-0.018481	0.00018390	0.098301	liquid
553.00	169.00	585.73	0.0017073	172.03	200.89	0.33092	2.7564	3.1042	698.46	-0.018354	0.00018291	0.098175	liquid
554.00	169.00	585.03	0.0017093	175.10	203.99	0.33653	2.7596	3.1073	696.56	-0.018227	0.00018192	0.098049	liquid
555.00	169.00	584.32	0.0017114	178.18	207.10	0.34214	2.7627	3.1105	694.65	-0.018100	0.00018093	0.097924	liquid
556.00	169.00	583.61	0.0017135	181.25	210.21	0.34774	2.7659	3.1136	692.76	-0.017972	0.00017996	0.097799	liquid
557.00	169.00	582.91	0.0017155	184.33	213.33	0.35334	2.7690	3.1167	690.86	-0.017845	0.00017899	0.097674	liquid
558.00	169.00	582.20	0.0017176	187.42	216.45	0.35893	2.7721	3.1198	688.98	-0.017716	0.00017802	0.097550	liquid
559.00	169.00	581.49	0.0017197	190.50	219.57	0.36452	2.7752	3.1229	687.10	-0.017588	0.00017707	0.097426	liquid
560.00	169.00	580.78	0.0017218	193.59	222.69	0.37010	2.7784	3.1260	685.22	-0.017459	0.00017611	0.097303	liquid
561.00	169.00	580.08	0.0017239	196.68	225.82	0.37568	2.7815	3.1291	683.35	-0.017330	0.00017517	0.097180	liquid
562.00	169.00	579.37	0.0017260	199.78	228.95	0.38126	2.7846	3.1322	681.49	-0.017201	0.00017423	0.097057	liquid
563.00	169.00	578.66	0.0017281	202.88	232.08	0.38683	2.7877	3.1353	679.63	-0.017071	0.00017330	0.096935	liquid
564.00	169.00	577.95	0.0017303	205.98	235.22	0.39240	2.7908	3.1383	677.78	-0.016941	0.00017237	0.096813	liquid
565.00	169.00	577.24	0.0017324	209.08	238.36	0.39796	2.7939	3.1414	675.93	-0.016811	0.00017145	0.096691	liquid
566.00	169.00	576.53	0.0017345	212.19	241.50	0.40352	2.7970	3.1445	674.08	-0.016680	0.00017054	0.096570	liquid
567.00	169.00	575.82	0.0017367	215.30	244.65	0.40907	2.8000	3.1475	672.25	-0.016549	0.00016963	0.096449	liquid
568.00	169.00	575.10	0.0017388	218.41	247.80	0.41462	2.8031	3.1506	670.41	-0.016418	0.00016873	0.096328	liquid
569.00	169.00	574.39	0.0017410	221.53	250.95	0.42016	2.8062	3.1536	668.59	-0.016286	0.00016783	0.096208	liquid
570.00	169.00	573.68	0.0017431	224.65	254.11	0.42570	2.8092	3.1566	666.77	-0.016154	0.00016694	0.096089	liquid
571.00	169.00	572.97	0.0017453	227.77	257.26	0.43124	2.8123	3.1597	664.95	-0.016022	0.00016605	0.095969	liquid
572.00	169.00	572.26	0.0017475	230.89	260.42	0.43677	2.8153	3.1627	663.14	-0.015890	0.00016517	0.095850	liquid
573.00	169.00	571.54	0.0017496	234.02	263.59	0.44230	2.8184	3.1657	661.34	-0.015757	0.00016430	0.095732	liquid
574.00	169.00	570.83	0.0017518	237.15	266.76	0.44782	2.8214	3.1687	659.54	-0.015624	0.00016343	0.095614	liquid
575.00	169.00	570.12	0.0017540	240.28	269.93	0.45334	2.8245	3.1717	657.74	-0.015490	0.00016257	0.095496	liquid
576.00	169.00	569.40	0.0017562	243.42	273.10	0.45885	2.8275	3.1747	655.96	-0.015357	0.00016171	0.095378	liquid
577.00	169.00	568.69	0.0017584	246.56	276.28	0.46436	2.8305	3.1777	654.17	-0.015223	0.00016086	0.095261	liquid
578.00	169.00	567.97	0.0017606	249.70	279.45	0.46987	2.8335	3.1807	652.40	-0.015088	0.00016001	0.095145	liquid
579.00	169.00	567.26	0.0017629	252.84	282.64	0.47537	2.8365	3.1836	650.63	-0.014954	0.00015917	0.095029	liquid
580.00	169.00	566.54	0.0017651	255.99	285.82	0.48086	2.8396	3.1866	648.86	-0.014819	0.00015833	0.094913	liquid
581.00	169.00	565.83	0.0017673	259.14	289.01	0.48636	2.8426	3.1895	647.10	-0.014684	0.00015750	0.094797	liquid
582.00	169.00	565.11	0.0017696	262.30	292.20	0.49184	2.8455	3.1925	645.35	-0.014548	0.00015668	0.094682	liquid
583.00	169.00	564.40	0.0017718	265.45	295.40	0.49733	2.8485	3.1954	643.60	-0.014412	0.00015586	0.094568	liquid
584.00	169.00	563.68	0.0017741	268.61	298.59	0.50281	2.8515	3.1984	641.85	-0.014276	0.00015504	0.094454	liquid
585.00	169.00	562.96	0.0017763	271.77	301.79	0.50828	2.8545	3.2013	640.11	-0.014140	0.00015423	0.094340	liquid
586.00	169.00	562.25	0.0017786	274.94	304.99	0.51375	2.8575	3.2042	638.38	-0.014003	0.00015343	0.094226	liquid
587.00	169.00	561.53	0.0017809	278.10	308.20	0.51922	2.8604	3.2071	636.66	-0.013866	0.00015263	0.094113	liquid
588.00	169.00	560.81	0.0017831	281.27	311.41	0.52468	2.8634	3.2100	634.93	-0.013729	0.00015183	0.094001	liquid
589.00	169.00	560.09	0.0017854	284.45	314.62	0.53013	2.8664	3.2129	633.22	-0.013591	0.00015104	0.093889	liquid
590.00	169.00	559.37	0.0017877	287.62	317.83	0.53559	2.8693	3.2158	631.51	-0.013453	0.00015026	0.093777	liquid
591.00	169.00	558.65	0.0017900	290.80	321.05	0.54104	2.8723	3.2187	629.81	-0.013315	0.00014948	0.093666	liquid
592.00	169.00	557.94	0.0017923	293.98	324.27	0.54648	2.8752	3.2216	628.11	-0.013177	0.00014870	0.093555	liquid
593.00	169.00	557.22	0.0017946	297.17	327.50	0.55192	2.8782	3.2245	626.41	-0.013038	0.00014793	0.093444	liquid
594.00	169.00	556.50	0.0017970	300.35	330.72	0.55736	2.8811	3.2273	624.73	-0.012899	0.00014716	0.093334	liquid
595.00	169.00	555.78	0.0017993	303.54	333.95	0.56279	2.8840	3.2302	623.04	-0.012759	0.00014640	0.093224	liquid
596.00	169.00	555.06	0.0018016	306.73	337.18	0.56821	2.8869	3.2331	621.37	-0.012620	0.00014565	0.093115	liquid
597.00	169.00	554.34	0.0018040	309.93	340.42	0.57364	2.8898	3.2359	619.70	-0.012480	0.00014490	0.093006	liquid
598.00	169.00	553.61	0.0018063	313.13	343.65	0.57905	2.8928	3.2387	618.03	-0.012340	0.00014415	0.092898	liquid
599.00	169.00	552.89	0.0018087	316.33	346.89	0.58447	2.8957	3.2416	616.38	-0.012199	0.00014341	0.092790	liquid
600.00	169.00	552.17	0.0018110	319.53	350.14	0.58988	2.8986	3.2444	614.72	-0.012058	0.00014267	0.092682	liquid
601.00	169.00	551.45	0.0018134	322.74	353.38	0.59528	2.9014	3.2472	613.07	-0.011917	0.00014193	0.092575	liquid
602.00	169.00	550.73	0.0018158	325.94	356.63	0.60068	2.9043	3.2500	611.43	-0.011776	0.00014121	0.092469	liquid
603.00	169.00	550.01	0.0018182	329.16	359.88	0.60608	2.9072	3.2528	609.80	-0.011634	0.00014048	0.092362	liquid
604.00	169.00	549.28	0.0018206	332.37	363.14	0.61147	2.9101	3.2556	608.17	-0.011493	0.00013976	0.092256	liquid
605.00	169.00	548.56	0.0018229	335.59	366.39	0.61686	2.9130	3.2584	606.54	-0.011351	0.00013905	0.092151	liquid
606.00	169.00	547.84	0.0018254	338.80	369.65	0.62224	2.9158	3.2612	604.92	-0.011208	0.00013833	0.092046	liquid
607.00	169.00	547.12	0.0018278	342.03	372.92	0.62762	2.9187	3.2639	603.31	-0.011065	0.00013763	0.091942	liquid
608.00	169.00	546.39	0.0018302	345.25	376.18	0.63300	2.9215	3.2667	601.70	-0.010923	0.00013692	0.091837	liquid
609.00	169.00	545.67	0.0018326	348.48	379.45	0.63837	2.9244	3.2695	600.10	-0.010779	0.00013623	0.091734	liquid
610.00	169.00	544.94	0.0018350	351.71	382.72	0.64373	2.9272	3.2722	598.51	-0.010636	0.00013553	0.091631	liquid
611.00	169.00	544.22	0.0018375	354.94	385.99	0.64910	2.9301	3.2749	596.92	-0.010492	0.00013484	0.091528	liquid
612.00	169.00	543.50	0.0018399	358.18	389.27	0.65445	2.9329	3.2777	595.33	-0.010348	0.00013416	0.091426	liquid
613.00	169.00	542.77	0.0018424	361.41	392.55	0.65981	2.9357	3.2804	593.75	-0.010204	0.00013348	0.091324	liquid
614.00	169.00	542.05	0.0018449	364.65	395.83	0.66516	2.9386	3.2831	592.18	-0.010060	0.00013280	0.091222	liquid
615.00	169.00	541.32	0.0018473	367.90	399.12	0.67050	2.9414	3.2858	590.62	-0.0099150	0.00013212	0.091121	liquid
616.00	169.00	540.60	0.0018498	371.14	402.40	0.67584	2.9442	3.2885	589.05	-0.0097701	0.00013146	0.091021	liquid
617.00	169.00	539.87	0.0018523	374.39	405.69	0.68118	2.9470	3.2912	587.50	-0.0096249	0.00013079	0.090921	liquid
618.00	169.00	539.15	0.0018548	377.64	408.98	0.68651	2.9498	3.2939	585.95	-0.0094795	0.00013013	0.090821	liquid
619.00	169.00	538.42	0.0018573	380.89	412.28	0.69184	2.9526	3.2966	584.41	-0.0093338	0.00012947	0.090722	liquid
620.00	169.00	537.70	0.0018598	384.15	415.58	0.69716	2.9554	3.2993	582.87	-0.0091880	0.00012882	0.090623	liquid
621.00	169.00	536.97	0.0018623	387.41	418.88	0.70248	2.9582	3.3019	581.34	-0.0090419	0.00012817	0.090525	liquid
622.00	169.00	536.24	0.0018648	390.67	422.18	0.70780	2.9610	3.3046	579.81	-0.0088955	0.00012752	0.090427	liquid
623.00	169.00	535.52	0.0018674	393.93	425.49	0.71311	2.9637	3.3073	578.29	-0.0087490	0.00012688	0.090330	liquid
624.00	169.00	534.79	0.0018699	397.20	428.80	0.71841	2.9665	3.3099	576.78	-0.0086022	0.00012625	0.090233	liquid
625.00	169.00	534.06	0.0018724	400.46	432.11	0.72372	2.9693	3.3125	575.27	-0.0084552	0.00012561	0.090137	liquid
626.00	169.00	533.34	0.0018750	403.73	435.42	0.72901	2.9720	3.3152	573.77	-0.0083080	0.00012498	0.090041	liquid
627.00	169.00	532.61	0.0018775	407.01	438.74	0.73431	2.9748	3.3178	572.27	-0.0081606	0.00012436	0.089945	liquid
628.00	169.00	531.88	0.0018801	410.28	442.06	0.73960	2.9775	3.3204	570.78	-0.0080130	0.00012373	0.089850	liquid
629.00	169.00	531.16	0.0018827	413.56	445.38	0.74488	2.9803	3.3230	569.30	-0.0078651	0.00012311	0.089756	liquid
630.00	169.00	530.43	0.0018853	416.84	448.70	0.75016	2.9830	3.3256	567.82	-0.0077171	0.00012250	0.089662	liquid
631.00	169.00	529.70	0.0018879	420.13	452.03	0.75544	2.9858	3.3282	566.35	-0.0075689	0.00012189	0.089568	liquid
632.00	169.00	528.97	0.0018905	423.41	455.36	0.76071	2.9885	3.3308	564.88	-0.0074204	0.00012128	0.089475	liquid
633.00	169.00	528.25	0.0018931	426.70	458.69	0.76598	2.9912	3.3334	563.42	-0.0072718	0.00012068	0.089383	liquid
634.00	169.00	527.52	0.0018957	429.99	462.03	0.77124	2.9939	3.3359	561.96	-0.0071230	0.00012008	0.089290	liquid
635.00	169.00	526.79	0.0018983	433.28	465.36	0.77650	2.9966	3.3385	560.51	-0.0069741	0.00011948	0.089199	liquid
636.00	169.00	526.06	0.0019009	436.58	468.70	0.78176	2.9993	3.3410	559.07	-0.0068249	0.00011889	0.089107	liquid
637.00	169.00	525.33	0.0019035	439.88	472.05	0.78701	3.0020	3.3436	557.63	-0.0066756	0.00011830	0.089017	liquid
638.00	169.00	524.61	0.0019062	443.18	475.39	0.79226	3.0047	3.3461	556.20	-0.0065261	0.00011771	0.088927	liquid
639.00	169.00	523.88	0.0019088	446.48	478.74	0.79750	3.0074	3.3486	554.78	-0.0063764	0.00011713	0.088837	liquid
640.00	169.00	523.15	0.0019115	449.78	482.09	0.80274	3.0101	3.3512	553.36	-0.0062265	0.00011655	0.088748	liquid
641.00	169.00	522.42	0.0019142	453.09	485.44	0.80797	3.0128	3.3537	551.94	-0.0060765	0.00011597	0.088659	liquid
642.00	169.00	521.69	0.0019168	456.40	488.80	0.81320	3.0155	3.3562	550.54	-0.0059264	0.00011540	0.088570	liquid
643.00	169.00	520.97	0.0019195	459.71	492.15	0.81843	3.0181	3.3587	549.14	-0.0057761	0.00011483	0.088483	liquid
644.00	169.00	520.24	0.0019222	463.03	495.51	0.82365	3.0208	3.3612	547.74	-0.0056256	0.00011427	0.088395	liquid
645.00	169.00	519.51	0.0019249	466.34	498.87	0.82887	3.0235	3.3637	546.35	-0.0054750	0.00011371	0.088309	liquid
646.00	169.00	518.78	0.0019276	469.66	502.24	0.83408	3.0261	3.3661	544.97	-0.0053243	0.00011315	0.088222	liquid
647.00	169.00	518.05	0.0019303	472.98	505.61	0.83929	3.0288	3.3686	543.59	-0.0051734	0.00011259	0.088136	liquid
648.00	169.00	517.32	0.0019330	476.31	508.98	0.84449	3.0314	3.3711	542.22	-0.0050224	0.00011204	0.088051	liquid
649.00	169.00	516.60	0.0019358	479.64	512.35	0.84969	3.0341	3.3735	540.85	-0.0048713	0.00011149	0.087966	liquid
650.00	169.00	515.87	0.0019385	482.96	515.72	0.85489	3.0367	3.3760	539.49	-0.0047200	0.00011095	0.087882	liquid
651.00	169.00	515.14	0.0019412	486.29	519.10	0.86008	3.0393	3.3784	538.14	-0.0045687	0.00011040	0.087798	liquid
652.00	169.00	514.41	0.0019440	489.63	522.48	0.86527	3.0420	3.3808	536.79	-0.0044172	0.00010987	0.087715	liquid
653.00	169.00	513.68	0.0019467	492.96	525.86	0.87045	3.0446	3.3833	535.45	-0.0042656	0.00010933	0.087632	liquid
654.00	169.00	512.95	0.0019495	496.30	529.25	0.87563	3.0472	3.3857	534.11	-0.0041139	0.00010880	0.087549	liquid
655.00	169.00	512.23	0.0019523	499.64	532.63	0.88080	3.0498	3.3881	532.78	-0.0039621	0.00010827	0.087468	liquid
656.00	169.00	511.50	0.0019550	502.98	536.02	0.88597	3.0524	3.3905	531.46	-0.0038102	0.00010774	0.087386	liquid
657.00	169.00	510.77	0.0019578	506.33	539.42	0.89114	3.0550	3.3929	530.14	-0.0036582	0.00010722	0.087305	liquid
658.00	169.00	510.04	0.0019606	509.67	542.81	0.89630	3.0576	3.3953	528.83	-0.0035061	0.00010670	0.087225	liquid
659.00	169.00	509.31	0.0019634	513.02	546.21	0.90146	3.0602	3.3976	527.52	-0.0033540	0.00010618	0.087145	supercritical
660.00	169.00	508.58	0.0019662	516.38	549.60	0.90661	3.0628	3.4000	526.22	-0.0032018	0.00010567	0.087066	supercritical
661.00	169.00	507.86	0.0019691	519.73	553.01	0.91176	3.0653	3.4024	524.93	-0.0030495	0.00010516	0.086987	supercritical
662.00	169.00	507.13	0.0019719	523.08	556.41	0.91691	3.0679	3.4047	523.64	-0.0028971	0.00010465	0.086909	supercritical
663.00	169.00	506.40	0.0019747	526.44	559.82	0.92205	3.0705	3.4071	522.36	-0.0027447	0.00010415	0.086831	supercritical
664.00	169.00	505.67	0.0019776	529.80	563.22	0.92719	3.0731	3.4094	521.08	-0.0025922	0.00010365	0.086754	supercritical
665.00	169.00	504.95	0.0019804	533.17	566.63	0.93232	3.0756	3.4118	519.81	-0.0024396	0.00010315	0.086677	supercritical
666.00	169.00	504.22	0.0019833	536.53	570.05	0.93745	3.0782	3.4141	518.55	-0.0022871	0.00010266	0.086600	supercritical
667.00	169.00	503.49	0.0019861	539.90	573.46	0.94257	3.0807	3.4164	517.29	-0.0021344	0.00010216	0.086525	supercritical
668.00	169.00	502.76	0.0019890	543.27	576.88	0.94769	3.0833	3.4187	516.03	-0.0019818	0.00010167	0.086449	supercritical
669.00	169.00	502.04	0.0019919	546.64	580.30	0.95281	3.0858	3.4210	514.79	-0.0018291	0.00010119	0.086375	supercritical
670.00	169.00	501.31	0.0019948	550.01	583.72	0.95792	3.0883	3.4233	513.55	-0.0016763	0.00010070	0.086300	supercritical
671.00	169.00	500.58	0.0019977	553.39	587.15	0.96303	3.0909	3.4256	512.31	-0.0015236	0.00010022	0.086227	supercritical
672.00	169.00	499.86	0.0020006	556.76	590.57	0.96813	3.0934	3.4279	511.08	-0.0013708	9.9747e-05	0.086154	supercritical
673.00	169.00	499.13	0.0020035	560.14	594.00	0.97323	3.0959	3.4301	509.86	-0.0012180	9.9272e-05	0.086081	supercritical
674.00	169.00	498.41	0.0020064	563.53	597.43	0.97832	3.0984	3.4324	508.64	-0.0010652	9.8801e-05	0.086009	supercritical
675.00	169.00	497.68	0.0020093	566.91	600.87	0.98341	3.1009	3.4347	507.43	-0.00091245	9.8332e-05	0.085937	supercritical
676.00	169.00	496.95	0.0020123	570.30	604.30	0.98850	3.1034	3.4369	506.23	-0.00075966	9.7866e-05	0.085866	supercritical
677.00	169.00	496.23	0.0020152	573.68	607.74	0.99358	3.1059	3.4391	505.03	-0.00060687	9.7403e-05	0.085795	supercritical
678.00	169.00	495.50	0.0020182	577.07	611.18	0.99866	3.1084	3.4414	503.83	-0.00045410	9.6942e-05	0.085725	supercritical
679.00	169.00	494.78	0.0020211	580.47	614.62	1.0037	3.1109	3.4436	502.65	-0.00030135	9.6485e-05	0.085656	supercritical
680.00	169.00	494.05	0.0020241	583.86	618.07	1.0088	3.1134	3.4458	501.47	-0.00014862	9.6030e-05	0.085587	supercritical
681.00	169.00	493.33	0.0020270	587.26	621.52	1.0139	3.1159	3.4480	500.29	4.0785e-06	9.5578e-05	0.085518	supercritical
682.00	169.00	492.60	0.0020300	590.66	624.96	1.0189	3.1183	3.4502	499.12	0.00015675	9.5129e-05	0.085450	supercritical
683.00	169.00	491.88	0.0020330	594.06	628.42	1.0240	3.1208	3.4524	497.96	0.00030938	9.4682e-05	0.085383	supercritical
684.00	169.00	491.16	0.0020360	597.46	631.87	1.0290	3.1233	3.4546	496.80	0.00046196	9.4238e-05	0.085316	supercritical
685.00	169.00	490.43	0.0020390	600.87	635.32	1.0341	3.1257	3.4568	495.65	0.00061450	9.3797e-05	0.085249	supercritical
686.00	169.00	489.71	0.0020420	604.27	638.78	1.0391	3.1282	3.4590	494.50	0.00076698	9.3359e-05	0.085183	supercritical
687.00	169.00	488.99	0.0020450	607.68	642.24	1.0442	3.1306	3.4612	493.36	0.00091940	9.2923e-05	0.085118	supercritical
688.00	169.00	488.26	0.0020481	611.09	645.71	1.0492	3.1331	3.4633	492.22	0.0010718	9.2490e-05	0.085053	supercritical
689.00	169.00	487.54	0.0020511	614.51	649.17	1.0542	3.1355	3.4655	491.09	0.0012241	9.2059e-05	0.084989	supercritical
690.00	169.00	486.82	0.0020541	617.92	652.64	1.0593	3.1380	3.4676	489.97	0.0013763	9.1631e-05	0.084925	supercritical
691.00	169.00	486.10	0.0020572	621.34	656.10	1.0643	3.1404	3.4697	488.85	0.0015284	9.1206e-05	0.084861	supercritical
692.00	169.00	485.38	0.0020603	624.76	659.58	1.0693	3.1428	3.4719	487.74	0.0016804	9.0784e-05	0.084799	supercritical
693.00	169.00	484.66	0.0020633	628.18	663.05	1.0743	3.1452	3.4740	486.64	0.0018324	9.0364e-05	0.084736	supercritical
694.00	169.00	483.93	0.0020664	631.60	666.52	1.0793	3.1476	3.4761	485.54	0.0019843	8.9946e-05	0.084675	supercritical
695.00	169.00	483.21	0.0020695	635.03	670.00	1.0843	3.1501	3.4782	484.44	0.0021360	8.9531e-05	0.084613	supercritical
696.00	169.00	482.49	0.0020726	638.45	673.48	1.0893	3.1525	3.4803	483.35	0.0022877	8.9119e-05	0.084553	supercritical
697.00	169.00	481.77	0.0020757	641.88	676.96	1.0943	3.1549	3.4824	482.27	0.0024392	8.8709e-05	0.084493	supercritical
698.00	169.00	481.05	0.0020788	645.31	680.44	1.0993	3.1573	3.4845	481.20	0.0025906	8.8302e-05	0.084433	supercritical
699.00	169.00	480.34	0.0020819	648.75	683.93	1.1043	3.1596	3.4866	480.12	0.0027419	8.7897e-05	0.084374	supercritical
700.00	169.00	479.62	0.0020850	652.18	687.42	1.1093	3.1620	3.4887	479.06	0.0028931	8.7495e-05	0.084315	supercritical
